doy,hod,A(std),E(std),Ci(std),Rublim(std),gs(std),Es(std),sw(std),Ps(std)
[-],[h],[umol m-2 s-1],[mmol m-2 s-1],[Pa],[-],[mol m-2 s-1],[mmol m-2 s-1],[m3 m-3],[MPa]
1.0,0.5,0.0,0.0,0.0,0.0,0.0,0.0,0.28662887052,-0.00706920594465
1.0,1.0,0.0,0.0,0.0,0.0,0.0,0.0,0.286622674667,-0.00707000408244
1.0,1.5,0.0,0.0,0.0,0.0,0.0,0.0,0.286613857365,-0.00707114009525
1.0,2.0,0.0,0.0,0.0,0.0,0.0,0.0,0.286605040063,-0.00707227632554
1.0,2.5,0.0,0.0,0.0,0.0,0.0,0.0,0.286596222761,-0.00707341277338
1.0,3.0,0.0,0.0,0.0,0.0,0.0,0.0,0.286587405459,-0.0070745494388
1.0,3.5,0.0,0.0,0.0,0.0,0.0,0.0,0.286578588157,-0.00707568632186
1.0,4.0,0.0,0.0,0.0,0.0,0.0,0.0,0.286569770855,-0.00707682342261
1.0,4.5,0.0,0.0,0.0,0.0,0.0,0.0,0.286560953553,-0.00707796074109
1.0,5.0,0.0,0.0,0.0,0.0,0.0,0.0,0.286552136251,-0.00707909827735
1.0,5.5,0.0,0.0,0.0,0.0,0.0,0.0,0.28654331895,-0.00708023603144
1.0,6.0,0.0,0.0,0.0,0.0,0.0,0.0,0.286534501648,-0.00708137400341
1.0,6.5,0.0,0.0,0.0,0.0,0.0,0.0,0.286525684346,-0.00708251219331
1.0,7.0,0.0,0.0,0.0,0.0,0.0,0.0,0.286516867044,-0.00708365060119
1.0,7.5,0.0,0.0,0.0,0.0,0.0,0.0,0.286508049742,-0.00708478922709
1.0,8.0,0.0,0.0,0.0,0.0,0.0,0.0,0.28649923244,-0.00708592807106
1.0,8.5,0.0,0.0,0.0,0.0,0.0,0.0,0.286490415138,-0.00708706713316
1.0,9.0,0.0,0.0,0.0,0.0,0.0,0.0,0.286481597836,-0.00708820641342
1.0,9.5,0.0,0.0,0.0,0.0,0.0,0.0,0.286472780535,-0.00708934591191
1.0,10.0,0.0,0.0,0.0,0.0,0.0,0.0,0.286463963233,-0.00709048562866
1.0,10.5,0.0,0.0,0.0,0.0,0.0,0.0,0.286455145931,-0.00709162556372
1.0,11.0,0.0,0.0,0.0,0.0,0.0,0.0,0.286446328629,-0.00709276571715
1.0,11.5,0.0,0.0,0.0,0.0,0.0,0.0,0.286437511327,-0.007093906089
1.0,12.0,0.0,0.0,0.0,0.0,0.0,0.0,0.286428694025,-0.0070950466793
1.0,12.5,0.0,0.0,0.0,0.0,0.0,0.0,0.286419876723,-0.00709618748811
1.0,13.0,0.0,0.0,0.0,0.0,0.0,0.0,0.286411059421,-0.00709732851548
1.0,13.5,0.0,0.0,0.0,0.0,0.0,0.0,0.28640224212,-0.00709846976146
1.0,14.0,0.0,0.0,0.0,0.0,0.0,0.0,0.286393424818,-0.0070996112261
1.0,14.5,0.0,0.0,0.0,0.0,0.0,0.0,0.286384607516,-0.00710075290944
1.0,15.0,0.0,0.0,0.0,0.0,0.0,0.0,0.286375790214,-0.00710189481153
1.0,15.5,0.0,0.0,0.0,0.0,0.0,0.0,0.286366972912,-0.00710303693242
1.0,16.0,0.0,0.0,0.0,0.0,0.0,0.0,0.28635815561,-0.00710417927216
1.0,16.5,0.0,0.0,0.0,0.0,0.0,0.0,0.286349338308,-0.0071053218308
1.0,17.0,0.0,0.0,0.0,0.0,0.0,0.0,0.286340521006,-0.00710646460839
1.0,17.5,0.0,0.0,0.0,0.0,0.0,0.0,0.286331703705,-0.00710760760498
1.0,18.0,0.0,0.0,0.0,0.0,0.0,0.0,0.286322886403,-0.00710875082061
1.0,18.5,0.0,0.0,0.0,0.0,0.0,0.0,0.286314069101,-0.00710989425533
1.0,19.0,0.0,0.0,0.0,0.0,0.0,0.0,0.286305251799,-0.0071110379092
1.0,19.5,0.0,0.0,0.0,0.0,0.0,0.0,0.286296434497,-0.00711218178226
1.0,20.0,0.0,0.0,0.0,0.0,0.0,0.0,0.286287617195,-0.00711332587455
1.0,20.5,0.0,0.0,0.0,0.0,0.0,0.0,0.286278799893,-0.00711447018614
1.0,21.0,0.0,0.0,0.0,0.0,0.0,0.0,0.286269982591,-0.00711561471706
1.0,21.5,0.0,0.0,0.0,0.0,0.0,0.0,0.28626116529,-0.00711675946737
1.0,22.0,0.0,0.0,0.0,0.0,0.0,0.0,0.286252347988,-0.00711790443712
1.0,22.5,0.0,0.0,0.0,0.0,0.0,0.0,0.286243530686,-0.00711904962634
1.0,23.0,0.0,0.0,0.0,0.0,0.0,0.0,0.286234713384,-0.00712019503511
1.0,23.5,0.0,0.0,0.0,0.0,0.0,0.0,0.286225896082,-0.00712134066345
1.0,24.0,0.0,0.0,0.0,0.0,0.0,0.0,0.28621707878,-0.00712248651142
2.0,0.5,0.0,0.0,0.0,0.0,0.0,0.0,0.286208261478,-0.00712363257907
2.0,1.0,0.0,0.0,0.0,0.0,0.0,0.0,0.286199444176,-0.00712477886645
2.0,1.5,0.0,0.0,0.0,0.0,0.0,0.0,0.286190626875,-0.00712592537361
2.0,2.0,0.0,0.0,0.0,0.0,0.0,0.0,0.286174133162,-0.00712807062889
2.0,2.5,0.0,0.0,0.0,0.0,0.0,0.0,0.28610511988,-0.00713705519405
2.0,3.0,0.0,0.0,0.0,0.0,0.0,0.0,0.286036140945,-0.0071460487737
2.0,3.5,0.0,0.0,0.0,0.0,0.0,0.0,0.285967197502,-0.0071550512216
2.0,4.0,0.0,0.0,0.0,0.0,0.0,0.0,0.285898290699,-0.00716406239029
2.0,4.5,0.0,0.0,0.0,0.0,0.0,0.0,0.285829421684,-0.00717308213118
2.0,5.0,0.0,0.0,0.0,0.0,0.0,0.0,0.285760591607,-0.00718211029461
2.0,5.5,0.0,0.0,0.0,0.0,0.0,0.0,0.285691801618,-0.00719114672994
2.0,6.0,0.0,0.0,0.0,0.0,0.0,0.0,0.285623052867,-0.00720019128567
2.0,6.5,0.0,0.0,0.0,0.0,0.0,0.0,0.285554346504,-0.00720924380949
2.0,7.0,0.0,0.0,0.0,0.0,0.0,0.0,0.285485683674,-0.00721830414834
2.0,7.5,0.0,0.0,0.0,0.0,0.0,0.0,0.285417065524,-0.00722737214854
2.0,8.0,0.0,0.0,0.0,0.0,0.0,0.0,0.285348493196,-0.00723644765585
2.0,8.5,0.0,0.0,0.0,0.0,0.0,0.0,0.285279967829,-0.00724553051549
2.0,9.0,0.0,0.0,0.0,0.0,0.0,0.0,0.285211490558,-0.00725462057229
2.0,9.5,0.0,0.0,0.0,0.0,0.0,0.0,0.285143062514,-0.00726371767072
2.0,10.0,0.0,0.0,0.0,0.0,0.0,0.0,0.285074684823,-0.00727282165494
2.0,10.5,0.0,0.0,0.0,0.0,0.0,0.0,0.285006358607,-0.00728193236892
2.0,11.0,0.0,0.0,0.0,0.0,0.0,0.0,0.28493808498,-0.00729104965644
2.0,11.5,0.0,0.0,0.0,0.0,0.0,0.0,0.284869865052,-0.00730017336121
2.0,12.0,0.0,0.0,0.0,0.0,0.0,0.0,0.284801699923,-0.0073093033269
2.0,12.5,0.0,0.0,0.0,0.0,0.0,0.0,0.284733590691,-0.0073184393972
2.0,13.0,0.0,0.0,0.0,0.0,0.0,0.0,0.284665538441,-0.00732758141589
2.0,13.5,0.0,0.0,0.0,0.0,0.0,0.0,0.284597544256,-0.00733672922686
2.0,14.0,0.0,0.0,0.0,0.0,0.0,0.0,0.284529609205,-0.00734588267422
2.0,14.5,0.0,0.0,0.0,0.0,0.0,0.0,0.284461734353,-0.0073550416023
2.0,15.0,0.0,0.0,0.0,0.0,0.0,0.0,0.284393920754,-0.00736420585575
2.0,15.5,0.0,0.0,0.0,0.0,0.0,0.0,0.284326169454,-0.00737337527952
2.0,16.0,0.0,0.0,0.0,0.0,0.0,0.0,0.284258481489,-0.00738254971898
2.0,16.5,0.0,0.0,0.0,0.0,0.0,0.0,0.284190857885,-0.00739172901991
2.0,17.0,0.0,0.0,0.0,0.0,0.0,0.0,0.284123299658,-0.00740091302858
2.0,17.5,0.0,0.0,0.0,0.0,0.0,0.0,0.284055807816,-0.00741010159176
2.0,18.0,0.0,0.0,0.0,0.0,0.0,0.0,0.283988383354,-0.00741929455679
2.0,18.5,0.0,0.0,0.0,0.0,0.0,0.0,0.283921027257,-0.0074284917716
2.0,19.0,0.0,0.0,0.0,0.0,0.0,0.0,0.2838537405,-0.00743769308475
2.0,19.5,0.0,0.0,0.0,0.0,0.0,0.0,0.283786524046,-0.00744689834547
2.0,20.0,0.0,0.0,0.0,0.0,0.0,0.0,0.283719378848,-0.00745610740371
2.0,20.5,0.0,0.0,0.0,0.0,0.0,0.0,0.283652305846,-0.00746532011013
2.0,21.0,0.0,0.0,0.0,0.0,0.0,0.0,0.28358530597,-0.00747453631617
2.0,21.5,0.0,0.0,0.0,0.0,0.0,0.0,0.283518380138,-0.00748375587408
2.0,22.0,0.0,0.0,0.0,0.0,0.0,0.0,0.283451529255,-0.00749297863691
2.0,22.5,0.0,0.0,0.0,0.0,0.0,0.0,0.283384754216,-0.00750220445859
2.0,23.0,0.0,0.0,0.0,0.0,0.0,0.0,0.283318055902,-0.00751143319391
2.0,23.5,0.0,0.0,0.0,0.0,0.0,0.0,0.283251435184,-0.0075206646986
2.0,24.0,0.0,0.0,0.0,0.0,0.0,0.0,0.283184892919,-0.00752989882929
3.0,0.5,0.0,0.0,0.0,0.0,0.0,0.0,0.283118429952,-0.00753913544357
3.0,1.0,0.0,0.0,0.0,0.0,0.0,0.0,0.283052047117,-0.00754837440001
3.0,1.5,0.0,0.0,0.0,0.0,0.0,0.0,0.282985745233,-0.00755761555819
3.0,2.0,0.0,0.0,0.0,0.0,0.0,0.0,0.282919525109,-0.00756685877868
3.0,2.5,0.0,0.0,0.0,0.0,0.0,0.0,0.282853387541,-0.00757610392309
3.0,3.0,0.0,0.0,0.0,0.0,0.0,0.0,0.282787333311,-0.00758535085411
3.0,3.5,0.0,0.0,0.0,0.0,0.0,0.0,0.282721363189,-0.00759459943547
3.0,4.0,0.0,0.0,0.0,0.0,0.0,0.0,0.282655477933,-0.00760384953199
3.0,4.5,0.0,0.0,0.0,0.0,0.0,0.0,0.282589678289,-0.0076131010096
3.0,5.0,0.0,0.0,0.0,0.0,0.0,0.0,0.282523964988,-0.00762235373532
3.0,5.5,0.0,0.0,0.0,0.0,0.0,0.0,0.28245833875,-0.00763160757732
3.0,6.0,0.0,0.0,0.0,0.0,0.0,0.0,0.282392800282,-0.0076408624049
3.0,6.5,0.0,0.0,0.0,0.0,0.0,0.0,0.282327350278,-0.00765011808849
3.0,7.0,0.0,0.0,0.0,0.0,0.0,0.0,0.28226198942,-0.00765937449971
3.0,7.5,0.0,0.0,0.0,0.0,0.0,0.0,0.282196718378,-0.00766863151133
3.0,8.0,0.0,0.0,0.0,0.0,0.0,0.0,0.282131537807,-0.00767788899729
3.0,8.5,0.0,0.0,0.0,0.0,0.0,0.0,0.282066448352,-0.00768714683273
3.0,9.0,0.0,0.0,0.0,0.0,0.0,0.0,0.282001450644,-0.00769640489397
3.0,9.5,0.0,0.0,0.0,0.0,0.0,0.0,0.281936545302,-0.00770566305854
3.0,10.0,0.0,0.0,0.0,0.0,0.0,0.0,0.281871732933,-0.00771492120517
3.0,10.5,0.0,0.0,0.0,0.0,0.0,0.0,0.28180701413,-0.0077241792138
3.0,11.0,0.0,0.0,0.0,0.0,0.0,0.0,0.281742389476,-0.00773343696557
3.0,11.5,0.0,0.0,0.0,0.0,0.0,0.0,0.281677859541,-0.00774269434285
3.0,12.0,0.0,0.0,0.0,0.0,0.0,0.0,0.281613424881,-0.00775195122924
3.0,12.5,0.0,0.0,0.0,0.0,0.0,0.0,0.281549086041,-0.00776120750954
3.0,13.0,0.0,0.0,0.0,0.0,0.0,0.0,0.281484843556,-0.00777046306981
3.0,13.5,0.0,0.0,0.0,0.0,0.0,0.0,0.281420697946,-0.00777971779729
3.0,14.0,0.0,0.0,0.0,0.0,0.0,0.0,0.281356649721,-0.0077889715805
3.0,14.5,0.0,0.0,0.0,0.0,0.0,0.0,0.281292699379,-0.00779822430915
3.0,15.0,0.0,0.0,0.0,0.0,0.0,0.0,0.281228847404,-0.0078074758742
3.0,15.5,0.0,0.0,0.0,0.0,0.0,0.0,0.281165094272,-0.00781672616782
3.0,16.0,0.0,0.0,0.0,0.0,0.0,0.0,0.281101440444,-0.00782597508343
3.0,16.5,0.0,0.0,0.0,0.0,0.0,0.0,0.281037886372,-0.00783522251567
3.0,17.0,0.0,0.0,0.0,0.0,0.0,0.0,0.280974432496,-0.00784446836039
3.0,17.5,0.0,0.0,0.0,0.0,0.0,0.0,0.280911079244,-0.00785371251468
3.0,18.0,0.0,0.0,0.0,0.0,0.0,0.0,0.280847827033,-0.00786295487685
3.0,18.5,0.0,0.0,0.0,0.0,0.0,0.0,0.28078467627,-0.00787219534641
3.0,19.0,0.0,0.0,0.0,0.0,0.0,0.0,0.28072162735,-0.00788143382409
3.0,19.5,0.0,0.0,0.0,0.0,0.0,0.0,0.280658680657,-0.00789067021185
3.0,20.0,0.0,0.0,0.0,0.0,0.0,0.0,0.280595836564,-0.00789990441284
3.0,20.5,0.0,0.0,0.0,0.0,0.0,0.0,0.280533095435,-0.00790913633141
3.0,21.0,0.0,0.0,0.0,0.0,0.0,0.0,0.280470457622,-0.00791836587311
3.0,21.5,0.0,0.0,0.0,0.0,0.0,0.0,0.280407923467,-0.00792759294469
3.0,22.0,0.0,0.0,0.0,0.0,0.0,0.0,0.280345493301,-0.00793681745408
3.0,22.5,0.0,0.0,0.0,0.0,0.0,0.0,0.280283167445,-0.0079460393104
3.0,23.0,0.0,0.0,0.0,0.0,0.0,0.0,0.280220946211,-0.00795525842394
3.0,23.5,0.0,0.0,0.0,0.0,0.0,0.0,0.2801588299,-0.00796447470616
3.0,24.0,0.0,0.0,0.0,0.0,0.0,0.0,0.280096818803,-0.0079736880697
4.0,0.5,0.0,0.0,0.0,0.0,0.0,0.0,0.280034913202,-0.00798289842833
4.0,1.0,0.0,0.0,0.0,0.0,0.0,0.0,0.279973113368,-0.007992105697
4.0,1.5,0.0,0.0,0.0,0.0,0.0,0.0,0.279911419563,-0.00800130979179
4.0,2.0,0.0,0.0,0.0,0.0,0.0,0.0,0.279849832041,-0.00801051062993
4.0,2.5,0.0,0.0,0.0,0.0,0.0,0.0,0.279788351045,-0.00801970812976
4.0,3.0,0.0,0.0,0.0,0.0,0.0,0.0,0.279726976808,-0.00802890221078
4.0,3.5,0.0,0.0,0.0,0.0,0.0,0.0,0.279665709557,-0.00803809279357
4.0,4.0,0.0,0.0,0.0,0.0,0.0,0.0,0.279604549507,-0.00804727979984
4.0,4.5,0.0,0.0,0.0,0.0,0.0,0.0,0.279543496866,-0.00805646315239
4.0,5.0,0.0,0.0,0.0,0.0,0.0,0.0,0.279482551831,-0.00806564277513
4.0,5.5,0.0,0.0,0.0,0.0,0.0,0.0,0.279421714594,-0.00807481859303
4.0,6.0,0.0,0.0,0.0,0.0,0.0,0.0,0.279360985334,-0.00808399053217
4.0,6.5,0.0,0.0,0.0,0.0,0.0,0.0,0.279300364226,-0.00809315851968
4.0,7.0,0.0,0.0,0.0,0.0,0.0,0.0,0.279239851434,-0.00810232248375
4.0,7.5,0.0,0.0,0.0,0.0,0.0,0.0,0.279179447114,-0.00811148235362
4.0,8.0,0.0,0.0,0.0,0.0,0.0,0.0,0.279119151415,-0.00812063805959
4.0,8.5,0.0,0.0,0.0,0.0,0.0,0.0,0.279058964476,-0.00812978953299
4.0,9.0,0.0,0.0,0.0,0.0,0.0,0.0,0.278998886431,-0.00813893670616
4.0,9.5,0.0,0.0,0.0,0.0,0.0,0.0,0.278938917405,-0.00814807951249
4.0,10.0,0.0,0.0,0.0,0.0,0.0,0.0,0.278879057514,-0.00815721788635
4.0,10.5,0.0,0.0,0.0,0.0,0.0,0.0,0.278819306869,-0.00816635176313
4.0,11.0,0.0,0.0,0.0,0.0,0.0,0.0,0.278759665571,-0.0081754810792
4.0,11.5,0.0,0.0,0.0,0.0,0.0,0.0,0.278700133717,-0.00818460577192
4.0,12.0,0.0,0.0,0.0,0.0,0.0,0.0,0.278640711392,-0.00819372577963
4.0,12.5,0.0,0.0,0.0,0.0,0.0,0.0,0.278581398679,-0.00820284104162
4.0,13.0,0.0,0.0,0.0,0.0,0.0,0.0,0.278522195651,-0.00821195149815
4.0,13.5,0.0,0.0,0.0,0.0,0.0,0.0,0.278463102375,-0.00822105709042
4.0,14.0,0.0,0.0,0.0,0.0,0.0,0.0,0.278404118912,-0.00823015776057
4.0,14.5,0.0,0.0,0.0,0.0,0.0,0.0,0.278345245314,-0.00823925345167
4.0,15.0,0.0,0.0,0.0,0.0,0.0,0.0,0.278286481629,-0.00824834410771
4.0,15.5,0.0,0.0,0.0,0.0,0.0,0.0,0.278227827898,-0.00825742967359
4.0,16.0,0.0,0.0,0.0,0.0,0.0,0.0,0.278169284155,-0.00826651009512
4.0,16.5,0.0,0.0,0.0,0.0,0.0,0.0,0.278110850427,-0.00827558531898
4.0,17.0,0.0,0.0,0.0,0.0,0.0,0.0,0.278052526737,-0.00828465529277
4.0,17.5,0.0,0.0,0.0,0.0,0.0,0.0,0.277994313101,-0.00829371996492
4.0,18.0,0.0,0.0,0.0,0.0,0.0,0.0,0.277936209528,-0.00830277928478
4.0,18.5,0.0,0.0,0.0,0.0,0.0,0.0,0.277878216023,-0.0083118332025
4.0,19.0,0.0,0.0,0.0,0.0,0.0,0.0,0.277820332585,-0.00832088166912
4.0,19.5,0.0,0.0,0.0,0.0,0.0,0.0,0.277762559205,-0.00832992463649
4.0,20.0,0.0,0.0,0.0,0.0,0.0,0.0,0.277704895871,-0.00833896205732
4.0,20.5,0.0,0.0,0.0,0.0,0.0,0.0,0.277647342566,-0.00834799388511
4.0,21.0,0.0,0.0,0.0,0.0,0.0,0.0,0.277589899265,-0.00835702007419
4.0,21.5,0.0,0.0,0.0,0.0,0.0,0.0,0.277532565941,-0.00836604057969
4.0,22.0,0.0,0.0,0.0,0.0,0.0,0.0,0.277475342558,-0.00837505535752
4.0,22.5,0.0,0.0,0.0,0.0,0.0,0.0,0.277418229078,-0.00838406436441
4.0,23.0,0.0,0.0,0.0,0.0,0.0,0.0,0.277361225457,-0.00839306755782
4.0,23.5,0.0,0.0,0.0,0.0,0.0,0.0,0.277304331646,-0.00840206489602
4.0,24.0,0.0,0.0,0.0,0.0,0.0,0.0,0.277247547592,-0.00841105633801
5.0,0.5,0.0,0.0,0.0,0.0,0.0,0.0,0.277190873236,-0.00842004184355
5.0,1.0,0.0,0.0,0.0,0.0,0.0,0.0,0.277134308515,-0.00842902137315
5.0,1.5,0.0,0.0,0.0,0.0,0.0,0.0,0.277077853362,-0.00843799488804
5.0,2.0,0.0,0.0,0.0,0.0,0.0,0.0,0.277021507704,-0.00844696235018
5.0,2.5,0.0,0.0,0.0,0.0,0.0,0.0,0.276965271467,-0.00845592372224
5.0,3.0,0.0,0.0,0.0,0.0,0.0,0.0,0.276909144568,-0.00846487896762
5.0,3.5,0.0,0.0,0.0,0.0,0.0,0.0,0.276853126923,-0.00847382805039
5.0,4.0,0.0,0.0,0.0,0.0,0.0,0.0,0.276797218444,-0.00848277093532
5.0,4.5,0.0,0.0,0.0,0.0,0.0,0.0,0.276741419036,-0.00849170758788
5.0,5.0,0.0,0.0,0.0,0.0,0.0,0.0,0.276685728605,-0.00850063797419
5.0,5.5,0.0,0.0,0.0,0.0,0.0,0.0,0.276630147047,-0.00850956206106
5.0,6.0,0.0,0.0,0.0,0.0,0.0,0.0,0.27657467426,-0.00851847981593
5.0,6.5,0.0,0.0,0.0,0.0,0.0,0.0,0.276519310134,-0.00852739120691
5.0,7.0,0.0,0.0,0.0,0.0,0.0,0.0,0.276464054558,-0.00853629620275
5.0,7.5,0.0,0.0,0.0,0.0,0.0,0.0,0.276408907415,-0.00854519477284
5.0,8.0,0.0,0.0,0.0,0.0,0.0,0.0,0.276353868588,-0.00855408688717
5.0,8.5,0.0,0.0,0.0,0.0,0.0,0.0,0.276298937953,-0.00856297251638
5.0,9.0,0.0,0.0,0.0,0.0,0.0,0.0,0.276244115384,-0.00857185163171
5.0,9.5,0.0,0.0,0.0,0.0,0.0,0.0,0.276189400753,-0.00858072420499
5.0,10.0,0.0,0.0,0.0,0.0,0.0,0.0,0.276134793926,-0.00858959020867
5.0,10.5,0.0,0.0,0.0,0.0,0.0,0.0,0.276080294769,-0.00859844961576
5.0,11.0,0.0,0.0,0.0,0.0,0.0,0.0,0.276025903142,-0.00860730239988
5.0,11.5,0.0,0.0,0.0,0.0,0.0,0.0,0.275971618904,-0.0086161485352
5.0,12.0,0.0,0.0,0.0,0.0,0.0,0.0,0.275917441911,-0.00862498799647
5.0,12.5,0.0,0.0,0.0,0.0,0.0,0.0,0.275863372014,-0.00863382075898
5.0,13.0,0.0,0.0,0.0,0.0,0.0,0.0,0.275809409063,-0.0086426467986
5.0,13.5,0.0,0.0,0.0,0.0,0.0,0.0,0.275755552905,-0.00865146609172
5.0,14.0,0.0,0.0,0.0,0.0,0.0,0.0,0.275701803384,-0.00866027861528
5.0,14.5,0.0,0.0,0.0,0.0,0.0,0.0,0.275648160342,-0.00866908434674
5.0,15.0,0.0,0.0,0.0,0.0,0.0,0.0,0.275594623617,-0.00867788326409
5.0,15.5,0.0,0.0,0.0,0.0,0.0,0.0,0.275541193046,-0.00868667534584
5.0,16.0,0.0,0.0,0.0,0.0,0.0,0.0,0.275487868463,-0.008695460571
5.0,16.5,0.0,0.0,0.0,0.0,0.0,0.0,0.275434649699,-0.00870423891909
5.0,17.0,0.0,0.0,0.0,0.0,0.0,0.0,0.275381536584,-0.00871301037013
5.0,17.5,0.0,0.0,0.0,0.0,0.0,0.0,0.275328528943,-0.0087217749046
5.0,18.0,0.0,0.0,0.0,0.0,0.0,0.0,0.275275626602,-0.0087305325035
5.0,18.5,0.0,0.0,0.0,0.0,0.0,0.0,0.275222829383,-0.0087392831483
5.0,19.0,0.0,0.0,0.0,0.0,0.0,0.0,0.275170137106,-0.00874802682091
5.0,19.5,0.0,0.0,0.0,0.0,0.0,0.0,0.27511754959,-0.00875676350375
5.0,20.0,0.0,0.0,0.0,0.0,0.0,0.0,0.27506506665,-0.00876549317965
5.0,20.5,0.0,0.0,0.0,0.0,0.0,0.0,0.275012688101,-0.00877421583192
5.0,21.0,0.0,0.0,0.0,0.0,0.0,0.0,0.274960413754,-0.00878293144432
5.0,21.5,0.0,0.0,0.0,0.0,0.0,0.0,0.274908243421,-0.00879164000102
5.0,22.0,0.0,0.0,0.0,0.0,0.0,0.0,0.274856176908,-0.00880034148665
5.0,22.5,0.0,0.0,0.0,0.0,0.0,0.0,0.274804214025,-0.00880903588626
5.0,23.0,0.0,0.0,0.0,0.0,0.0,0.0,0.274752354574,-0.0088177231853
5.0,23.5,0.0,0.0,0.0,0.0,0.0,0.0,0.274700598359,-0.00882640336967
5.0,24.0,0.0,0.0,0.0,0.0,0.0,0.0,0.274648945182,-0.00883507642565
6.0,0.5,0.0,0.0,0.0,0.0,0.0,0.0,0.274597394843,-0.00884374233994
6.0,1.0,0.0,0.0,0.0,0.0,0.0,0.0,0.274545947141,-0.00885240109964
6.0,1.5,0.0,0.0,0.0,0.0,0.0,0.0,0.274494601871,-0.00886105269223
6.0,2.0,0.0,0.0,0.0,0.0,0.0,0.0,0.27444335883,-0.00886969710557
6.0,2.5,0.0,0.0,0.0,0.0,0.0,0.0,0.274392217812,-0.00887833432794
6.0,3.0,0.0,0.0,0.0,0.0,0.0,0.0,0.274341178608,-0.00888696434795
6.0,3.5,0.0,0.0,0.0,0.0,0.0,0.0,0.274290241011,-0.00889558715461
6.0,4.0,0.0,0.0,0.0,0.0,0.0,0.0,0.27423940481,-0.00890420273727
6.0,4.5,0.0,0.0,0.0,0.0,0.0,0.0,0.274188669793,-0.00891281108568
6.0,5.0,0.0,0.0,0.0,0.0,0.0,0.0,0.274138035749,-0.00892141218991
6.0,5.5,0.0,0.0,0.0,0.0,0.0,0.0,0.274087502464,-0.00893000604039
6.0,6.0,0.0,0.0,0.0,0.0,0.0,0.0,0.274037069721,-0.00893859262789
6.0,6.5,0.0,0.0,0.0,0.0,0.0,0.0,0.273986737307,-0.00894717194354
6.0,7.0,0.0,0.0,0.0,0.0,0.0,0.0,0.273936505002,-0.00895574397879
6.0,7.5,0.0,0.0,0.0,0.0,0.0,0.0,0.273886372589,-0.00896430872541
6.0,8.0,0.0,0.0,0.0,0.0,0.0,0.0,0.273836339849,-0.00897286617551
6.0,8.5,0.0,0.0,0.0,0.0,0.0,0.0,0.273786406561,-0.00898141632153
6.0,9.0,0.0,0.0,0.0,0.0,0.0,0.0,0.273736572505,-0.0089899591562
6.0,9.5,0.0,0.0,0.0,0.0,0.0,0.0,0.273686837458,-0.00899849467258
6.0,10.0,0.0,0.0,0.0,0.0,0.0,0.0,0.273637201196,-0.00900702286403
6.0,10.5,0.0,0.0,0.0,0.0,0.0,0.0,0.273587663498,-0.00901554372421
6.0,11.0,0.0,0.0,0.0,0.0,0.0,0.0,0.274332160224,-0.0088884902703
6.0,11.5,0.0,0.0,0.0,0.0,0.0,0.0,0.274280945206,-0.00889716184021
6.0,12.0,0.0,0.0,0.0,0.0,0.0,0.0,0.274229840617,-0.00890582476188
6.0,12.5,0.0,0.0,0.0,0.0,0.0,0.0,0.274178846097,-0.00891447904474
6.0,13.0,0.0,0.0,0.0,0.0,0.0,0.0,0.274127961286,-0.00892312469836
6.0,13.5,0.0,0.0,0.0,0.0,0.0,0.0,0.274077185827,-0.00893176173238
6.0,14.0,0.0,0.0,0.0,0.0,0.0,0.0,0.274026519365,-0.00894039015654
6.0,14.5,0.0,0.0,0.0,0.0,0.0,0.0,0.273975961543,-0.00894900998069
6.0,15.0,0.0,0.0,0.0,0.0,0.0,0.0,0.273925512006,-0.00895762121476
6.0,15.5,0.0,0.0,0.0,0.0,0.0,0.0,0.273875170402,-0.00896622386879
6.0,16.0,0.0,0.0,0.0,0.0,0.0,0.0,0.273824936378,-0.00897481795288
6.0,16.5,0.0,0.0,0.0,0.0,0.0,0.0,0.273774809582,-0.00898340347726
6.0,17.0,0.0,0.0,0.0,0.0,0.0,0.0,0.273724789663,-0.00899198045221
6.0,17.5,0.0,0.0,0.0,0.0,0.0,0.0,0.273674876273,-0.00900054888812
6.0,18.0,0.0,0.0,0.0,0.0,0.0,0.0,0.273625069063,-0.00900910879544
6.0,18.5,0.0,0.0,0.0,0.0,0.0,0.0,0.273575367686,-0.00901766018472
6.0,19.0,0.0,0.0,0.0,0.0,0.0,0.0,0.273525771795,-0.00902620306659
6.0,19.5,0.0,0.0,0.0,0.0,0.0,0.0,0.273476281045,-0.00903473745173
6.0,20.0,0.0,0.0,0.0,0.0,0.0,0.0,0.273426895091,-0.00904326335094
6.0,20.5,0.0,0.0,0.0,0.0,0.0,0.0,0.273377613591,-0.00905178077505
6.0,21.0,0.0,0.0,0.0,0.0,0.0,0.0,0.273328436203,-0.009060289735
6.0,21.5,0.0,0.0,0.0,0.0,0.0,0.0,0.273279362584,-0.00906879024179
6.0,22.0,0.0,0.0,0.0,0.0,0.0,0.0,0.274024345036,-0.00894076066367
6.0,22.5,0.0,0.0,0.0,0.0,0.0,0.0,0.274767511714,-0.00881518306324
6.0,23.0,0.0,0.0,0.0,0.0,0.0,0.0,0.275508812786,-0.00869200873197
6.0,23.5,0.0,0.0,0.0,0.0,0.0,0.0,0.275454435397,-0.00870097406816
6.0,24.0,0.0,0.0,0.0,0.0,0.0,0.0,0.275400201242,-0.00870992676537
7.0,0.5,0.0,0.0,0.0,0.0,0.0,0.0,0.276139882061,-0.00858876363457
7.0,1.0,0.0,0.0,0.0,0.0,0.0,0.0,0.276083898339,-0.00859786348182
7.0,1.5,0.0,0.0,0.0,0.0,0.0,0.0,0.276821783434,-0.00847884023869
7.0,2.0,0.0,0.0,0.0,0.0,0.0,0.0,0.277557663886,-0.00836209038209
7.0,2.5,0.0,0.0,0.0,0.0,0.0,0.0,0.278291488452,-0.00824756909398
7.0,3.0,0.0,0.0,0.0,0.0,0.0,0.0,0.278229701265,-0.00825713930154
7.0,3.5,0.0,0.0,0.0,0.0,0.0,0.0,0.278961634603,-0.00814461463643
7.0,4.0,0.0,0.0,0.0,0.0,0.0,0.0,0.278897974765,-0.0081543286082
7.0,4.5,0.0,0.0,0.0,0.0,0.0,0.0,0.279627989444,-0.00804375734966
7.0,5.0,0.0,0.0,0.0,0.0,0.0,0.0,0.27956243045,-0.00805361388516
7.0,5.5,0.0,0.0,0.0,0.0,0.0,0.0,0.280290500115,-0.00794495369168
7.0,6.0,0.0,0.0,0.0,0.0,0.0,0.0,0.280223016543,-0.00795495146489
7.0,6.5,0.0,0.0,0.0,0.0,0.0,0.0,0.280155799302,-0.00796492468558
7.0,7.0,0.0,0.0,0.0,0.0,0.0,0.0,0.280088845481,-0.00797487363549
7.0,7.5,0.0,0.0,0.0,0.0,0.0,0.0,0.280815486941,-0.00786768539174
7.0,8.0,0.0,0.0,0.0,0.0,0.0,0.0,0.28074659036,-0.00787777448217
7.0,8.5,0.0,0.0,0.0,0.0,0.0,0.0,0.280677974982,-0.00788783771822
7.0,9.0,0.0,0.0,0.0,0.0,0.0,0.0,0.280609637576,-0.00789787541352
7.0,9.5,0.0,0.0,0.0,0.0,0.0,0.102293325432,0.280541574969,-0.00790788787629
7.0,10.0,0.0,0.0,0.0,0.0,0.0,0.0926860849019,0.280469902019,-0.00791844779732
7.0,10.5,0.0,0.0,0.0,0.0,0.0,0.130827197274,0.281192168434,-0.0078127962339
7.0,11.0,0.0,0.0,0.0,0.0,0.0,0.160392533411,0.281117457934,-0.00782364651128
7.0,11.5,0.0,0.0,0.0,0.0,0.0,0.185057212249,0.281041914997,-0.0078346359445
7.0,12.0,0.0,0.0,0.0,0.0,0.0,0.264009200415,0.28096572216,-0.00784573855522
7.0,12.5,0.0,0.0,0.0,0.0,0.0,0.316591280682,0.280886815846,-0.00785725633179
7.0,13.0,0.0,0.0,0.0,0.0,0.0,0.268276173383,0.280806193476,-0.00786904541131
7.0,13.5,0.0,0.0,0.0,0.0,0.0,0.185726381883,0.280727680835,-0.00788054625424
7.0,14.0,0.0,0.0,0.0,0.0,0.0,0.105928939041,0.280652573932,-0.00789156695891
7.0,14.5,0.0,0.0,0.0,0.0,0.0,0.00220746360196,0.280580765175,-0.00790212089024
7.0,15.0,0.0,0.0,0.0,0.0,0.0,0.0,0.280513159395,-0.0079120724712
7.0,15.5,0.0,0.0,0.0,0.0,0.0,0.0,0.280445901109,-0.00792198772162
7.0,16.0,0.0,0.0,0.0,0.0,0.0,0.0,0.280378903569,-0.00793187925506
7.0,16.5,0.0,0.0,0.0,0.0,0.0,0.0,0.28031216385,-0.00794174735797
7.0,17.0,0.0,0.0,0.0,0.0,0.0,0.0,0.280245679078,-0.00795159231194
7.0,17.5,0.0,0.0,0.0,0.0,0.0,0.0,0.280179446429,-0.00796141439382
7.0,18.0,0.0,0.0,0.0,0.0,0.0,0.0,0.280113463126,-0.00797121387583
7.0,18.5,0.0,0.0,0.0,0.0,0.0,0.0,0.280047726442,-0.00798099102567
7.0,19.0,0.0,0.0,0.0,0.0,0.0,0.0,0.279982233694,-0.0079907461066
7.0,19.5,0.0,0.0,0.0,0.0,0.0,0.0,0.279916982247,-0.00800047937756
7.0,20.0,0.0,0.0,0.0,0.0,0.0,0.0,0.279851969506,-0.00801019109323
7.0,20.5,0.0,0.0,0.0,0.0,0.0,0.0,0.279787192925,-0.00801988150414
7.0,21.0,0.0,0.0,0.0,0.0,0.0,0.0,0.279722649994,-0.00802955085679
7.0,21.5,0.0,0.0,0.0,0.0,0.0,0.0,0.27965833825,-0.00803919939368
7.0,22.0,0.0,0.0,0.0,0.0,0.0,0.0,0.279594255268,-0.00804882735342
7.0,22.5,0.0,0.0,0.0,0.0,0.0,0.0,0.279530398662,-0.00805843497082
7.0,23.0,0.0,0.0,0.0,0.0,0.0,0.0,0.279466766085,-0.00806802247691
7.0,23.5,0.0,0.0,0.0,0.0,0.0,0.0,0.279403355232,-0.00807759009895
7.0,24.0,0.0,0.0,0.0,0.0,0.0,0.0,0.279340163832,-0.00808713806048
8.0,0.5,0.0,0.0,0.0,0.0,0.0,0.0,0.279277189654,-0.00809666658134
8.0,1.0,0.0,0.0,0.0,0.0,0.0,0.0,0.279214430504,-0.00810617587769
8.0,1.5,0.0,0.0,0.0,0.0,0.0,0.0,0.279151884223,-0.00811566616208
8.0,2.0,0.0,0.0,0.0,0.0,0.0,0.0,0.27908954869,-0.00812513764347
8.0,2.5,0.0,0.0,0.0,0.0,0.0,0.0,0.279027421818,-0.00813459052729
8.0,3.0,0.0,0.0,0.0,0.0,0.0,0.0,0.278965501555,-0.00814402501545
8.0,3.5,0.0,0.0,0.0,0.0,0.0,0.0,0.278903785885,-0.00815344130646
8.0,4.0,0.0,0.0,0.0,0.0,0.0,0.0,0.278842272822,-0.00816283959539
8.0,4.5,0.0,0.0,0.0,0.0,0.0,0.0,0.278780960417,-0.00817222007398
8.0,5.0,0.0,0.0,0.0,0.0,0.0,0.0,0.278719846752,-0.00818158293069
8.0,5.5,0.0,0.0,0.0,0.0,0.0,0.0,0.278658929939,-0.00819092835071
8.0,6.0,0.0,0.0,0.0,0.0,0.0,0.0,0.278598208123,-0.00820025651605
8.0,6.5,0.0,0.0,0.0,0.0,0.0,0.0,0.278537679481,-0.00820956760559
8.0,7.0,0.0,0.0,0.0,0.0,0.0,0.0,0.278477342219,-0.00821886179509
8.0,7.5,0.0,0.0,0.0,0.0,0.0,0.0,0.278417194571,-0.0082281392573
8.0,8.0,0.0,0.0,0.0,0.0,0.0,0.0,0.278357234802,-0.00823740016197
8.0,8.5,0.0,0.0,0.0,0.0,0.0,0.0,0.278297461205,-0.00824664467592
8.0,9.0,0.0,0.0,0.0,0.0,0.0,0.0,0.278237872101,-0.00825587296308
8.0,9.5,0.0,0.0,0.0,0.0,0.0,0.0,0.278178465839,-0.00826508518454
8.0,10.0,0.0,0.0,0.0,0.0,0.0,0.0,0.278119240793,-0.00827428149863
8.0,10.5,0.0,0.0,0.0,0.0,0.0,0.0,0.278060195365,-0.00828346206091
8.0,11.0,0.0,0.0,0.0,0.0,0.0,0.0198975624745,0.278001327983,-0.00829262702428
8.0,11.5,0.0,0.0,0.0,0.0,0.0,0.22225999373,0.277941881988,-0.00830189433416
8.0,12.0,0.0,0.0,0.0,0.0,0.0,0.162059817441,0.277874931325,-0.00831234635991
8.0,12.5,0.0,0.0,0.0,0.0,0.0,0.0154563619131,0.277810438734,-0.0083224294719
8.0,13.0,0.0,0.0,0.0,0.0,0.0,0.340257796089,0.277751681741,-0.00833162853915
8.0,13.5,0.0,0.0,0.0,0.0,0.0,0.58114219712,0.277680769103,-0.00834274684781
8.0,14.0,0.0,0.0,0.0,0.0,0.0,0.516345642243,0.277600884042,-0.00835529311391
8.0,14.5,0.0,0.0,0.0,0.0,0.0,0.17997141056,0.277523625727,-0.00836744822829
8.0,15.0,0.0,0.0,0.0,0.0,0.0,0.0497717156832,0.277459299137,-0.00837758486065
8.0,15.5,0.0,0.0,0.0,0.0,0.0,0.0,0.277400078597,-0.00838692981539
8.0,16.0,0.0,0.0,0.0,0.0,0.0,0.0,0.27734291053,-0.00839596267548
8.0,16.5,0.0,0.0,0.0,0.0,0.0,0.0,0.277285904784,-0.00840498143228
8.0,17.0,0.0,0.0,0.0,0.0,0.0,0.0,0.277229060062,-0.00841398620999
8.0,17.5,0.0,0.0,0.0,0.0,0.0,0.0,0.277172375087,-0.00842297713068
8.0,18.0,0.0,0.0,0.0,0.0,0.0,0.0,0.277115848602,-0.00843195431431
8.0,18.5,0.0,0.0,0.0,0.0,0.0,0.0,0.277059479368,-0.00844091787875
8.0,19.0,0.0,0.0,0.0,0.0,0.0,0.0,0.277003266168,-0.00844986793986
8.0,19.5,0.0,0.0,0.0,0.0,0.0,0.0,0.276947207802,-0.00845880461149
8.0,20.0,0.0,0.0,0.0,0.0,0.0,0.0,0.276891303087,-0.00846772800557
8.0,20.5,0.0,0.0,0.0,0.0,0.0,0.0,0.276835550861,-0.0084766382321
8.0,21.0,0.0,0.0,0.0,0.0,0.0,0.0,0.276779949977,-0.00848553539921
8.0,21.5,0.0,0.0,0.0,0.0,0.0,0.0,0.276724499306,-0.0084944196132
8.0,22.0,0.0,0.0,0.0,0.0,0.0,0.0,0.276669197737,-0.00850329097855
8.0,22.5,0.0,0.0,0.0,0.0,0.0,0.0,0.276614044174,-0.00851214959801
8.0,23.0,0.0,0.0,0.0,0.0,0.0,0.0,0.276559037538,-0.00852099557257
8.0,23.5,0.0,0.0,0.0,0.0,0.0,0.0,0.276504176765,-0.00852982900154
8.0,24.0,0.0,0.0,0.0,0.0,0.0,0.0,0.276449460809,-0.00853864998256
9.0,0.5,0.0,0.0,0.0,0.0,0.0,0.0,0.276394888636,-0.00854745861165
9.0,1.0,0.0,0.0,0.0,0.0,0.0,0.0,0.276340459229,-0.00855625498321
9.0,1.5,0.0,0.0,0.0,0.0,0.0,0.0,0.276286171586,-0.0085650391901
9.0,2.0,0.0,0.0,0.0,0.0,0.0,0.0,0.276232024718,-0.00857381132364
9.0,2.5,0.0,0.0,0.0,0.0,0.0,0.0,0.276178017652,-0.00858257147362
9.0,3.0,0.0,0.0,0.0,0.0,0.0,0.0,0.276124149426,-0.00859131972838
9.0,3.5,0.0,0.0,0.0,0.0,0.0,0.0,0.276070419094,-0.00860005617479
9.0,4.0,0.0,0.0,0.0,0.0,0.0,0.0,0.276016825723,-0.00860878089833
9.0,4.5,0.0,0.0,0.0,0.0,0.0,0.0,0.275963368393,-0.00861749398305
9.0,5.0,0.0,0.0,0.0,0.0,0.0,0.0,0.275910046195,-0.00862619551167
9.0,5.5,0.0,0.0,0.0,0.0,0.0,0.0,0.275856858235,-0.00863488556554
9.0,6.0,0.0,0.0,0.0,0.0,0.0,0.0,0.27580380363,-0.00864356422473
9.0,6.5,0.0,0.0,0.0,0.0,0.0,0.0,0.27575088151,-0.00865223156799
9.0,7.0,0.0,0.0,0.0,0.0,0.0,0.0,0.275698091016,-0.00866088767283
9.0,7.5,0.0,0.0,0.0,0.0,0.0,0.0,0.2756454313,-0.00866953261551
9.0,8.0,0.0,0.0,0.0,0.0,0.0,0.0,0.275592901528,-0.00867816647107
9.0,8.5,0.0,0.0,0.0,0.0,0.0,0.0,0.275540500875,-0.00868678931338
9.0,9.0,0.0,0.0,0.0,0.0,0.0,0.0179698489242,0.275488228526,-0.00869540121513
9.0,9.5,0.0,0.0,0.0,0.0,0.0,0.262490364088,0.275435401726,-0.00870411480004
9.0,10.0,0.0,0.0,0.0,0.0,0.0,0.507806285015,0.275373422095,-0.00871435137773
9.0,10.5,0.0,0.0,0.0,0.0,0.0,0.739782353486,0.275302258665,-0.00872612244964
9.0,11.0,0.0,0.0,0.0,0.0,0.0,0.948152236092,0.275222416913,-0.00873935155247
9.0,11.5,0.0,0.0,0.0,0.0,0.0,1.11011118451,0.27513479193,-0.00875389778423
9,12.0,0.0007266821331649107,1.824266394074009e-05,16.89023606472952,True,3.5904718317063444e-05,1.2909065312067196,0.27504114425753323,-0.008769475717244684
9,12.5,0.019077182725644137,0.0005142841712023643,16.8035474495944,True,0.0008944540767506223,1.8448267251625112,0.2749407576202897,-0.00878621134618791
9,13.0,0.03849883294775339,0.0010523649531007121,16.777709584063224,True,0.0017779808308392832,1.6190940356993446,0.2748194530848893,-0.00880648503533346
9,13.5,0.062533694786301,0.0018787216155916099,16.616720093571015,True,0.002641102365072646,1.1664162046903084,0.2755006918643203,-0.008693346949276141
9,14.0,0.08012114950158652,0.0026112592783136246,16.478835857846533,True,0.0031530557167744927,0.9810138839385811,0.2754033910092715,-0.008709399911225903
9,14.5,0.09194418407333815,0.0032646991869325305,16.32107109807782,True,0.0033563502488713117,0.7606661445176658,0.27531323262349505,-0.008724306023285678
9.0,15.0,0.0,0.0,0.0,0.0,0.0,0.505241253308,0.275231545002,-0.00873783789614
9.0,15.5,0.0,0.0,0.0,0.0,0.0,0.225982860157,0.275159807143,-0.00874974218032
9.0,16.0,0.0,0.0,0.0,0.0,0.0,0.0,0.275098798773,-0.00875988120462
9.0,16.5,0.0,0.0,0.0,0.0,0.0,0.0,0.275046497241,-0.00876858437936
9.0,17.0,0.0,0.0,0.0,0.0,0.0,0.0,0.274994325672,-0.00877727619359
9.0,17.5,0.0,0.0,0.0,0.0,0.0,0.0,0.274942283244,-0.00878595672221
9.0,18.0,0.0,0.0,0.0,0.0,0.0,0.0,0.274890369143,-0.0087946260389
9.0,18.5,0.0,0.0,0.0,0.0,0.0,0.0,0.274838582568,-0.00880328421615
9.0,19.0,0.0,0.0,0.0,0.0,0.0,0.0,0.274786922727,-0.00881193132526
9.0,19.5,0.0,0.0,0.0,0.0,0.0,0.0,0.274735388841,-0.00882056743637
9.0,20.0,0.0,0.0,0.0,0.0,0.0,0.0,0.274683980138,-0.00882919261851
9.0,20.5,0.0,0.0,0.0,0.0,0.0,0.0,0.27463269586,-0.0088378069396
9.0,21.0,0.0,0.0,0.0,0.0,0.0,0.0,0.274581535256,-0.00884641046648
9.0,21.5,0.0,0.0,0.0,0.0,0.0,0.0,0.274530497586,-0.00885500326493
9.0,22.0,0.0,0.0,0.0,0.0,0.0,0.0,0.27447958212,-0.00886358539969
9.0,22.5,0.0,0.0,0.0,0.0,0.0,0.0,0.274428788135,-0.00887215693448
9.0,23.0,0.0,0.0,0.0,0.0,0.0,0.0,0.274378114921,-0.00888071793203
9.0,23.5,0.0,0.0,0.0,0.0,0.0,0.0,0.274327561774,-0.00888926845409
9.0,24.0,0.0,0.0,0.0,0.0,0.0,0.0,0.274277128,-0.00889780856145
10.0,0.5,0.0,0.0,0.0,0.0,0.0,0.0,0.274226812914,-0.00890633831398
10.0,1.0,0.0,0.0,0.0,0.0,0.0,0.0,0.274176615839,-0.00891485777061
10.0,1.5,0.0,0.0,0.0,0.0,0.0,0.0,0.274126536105,-0.00892336698938
10.0,2.0,0.0,0.0,0.0,0.0,0.0,0.0,0.274076573054,-0.00893186602745
10.0,2.5,0.0,0.0,0.0,0.0,0.0,0.0,0.274026726033,-0.00894035494112
10.0,3.0,0.0,0.0,0.0,0.0,0.0,0.0,0.273976994397,-0.00894883378582
10.0,3.5,0.0,0.0,0.0,0.0,0.0,0.0,0.273927377509,-0.00895730261617
10.0,4.0,0.0,0.0,0.0,0.0,0.0,0.0,0.273877874742,-0.00896576148598
10.0,4.5,0.0,0.0,0.0,0.0,0.0,0.0,0.273828485473,-0.00897421044825
10.0,5.0,0.0,0.0,0.0,0.0,0.0,0.0,0.273779209088,-0.00898264955521
10.0,5.5,0.0,0.0,0.0,0.0,0.0,0.0,0.27373004498,-0.0089910788583
10.0,6.0,0.0,0.0,0.0,0.0,0.0,0.0,0.273680992549,-0.00899949840825
10.0,6.5,0.0,0.0,0.0,0.0,0.0,0.0,0.273632051203,-0.009007908255
10.0,7.0,0.0,0.0,0.0,0.0,0.0,0.0,0.273583220354,-0.00901630844781
10.0,7.5,0.0,0.0,0.0,0.0,0.0,0.0,0.273534499425,-0.00902469903522
10.0,8.0,0.0,0.0,0.0,0.0,0.0,0.0,0.273485887842,-0.00903308006507
10.0,8.5,0.0,0.0,0.0,0.0,0.0,0.0,0.273437385038,-0.00904145158452
10.0,9.0,0.0,0.0,0.0,0.0,0.0,0.0,0.273388990453,-0.00904981364007
10.0,9.5,0.0,0.0,0.0,0.0,0.0,0.0,0.273340703534,-0.00905816627756
10.0,10.0,0.0,0.0,0.0,0.0,0.0,0.0,0.273292523733,-0.00906650954219
10.0,10.5,0.0,0.0,0.0,0.0,0.0,0.0,0.273244450509,-0.00907484347853
10.0,11.0,0.0,0.0,0.0,0.0,0.0,0.0,0.273196483324,-0.00908316813052
10.0,11.5,0.0,0.0,0.0,0.0,0.0,0.0,0.273148621651,-0.00909148354151
10.0,12.0,0.0,0.0,0.0,0.0,0.0,0.0,0.273100864963,-0.00909978975427
10.0,12.5,0.0,0.0,0.0,0.0,0.0,0.0,0.273053212743,-0.00910808681094
10.0,13.0,0.0,0.0,0.0,0.0,0.0,0.0,0.273005664477,-0.00911637475314
10,13.5,0.049313688715158246,0.0013418210126063985,16.77099385257621,True,0.0022685947764906358,0.0,0.2737522261999042,-0.008987274669084801
10,14.0,0.07587037601962777,0.002426373170601085,16.505161689896063,True,0.0030251755778302625,0.0,0.27370302987789413,-0.00899571467377904
10,14.5,0.08693376073717517,0.0030026634218027677,16.371863492238184,True,0.003249189567444148,0.0,0.2736539071595763,-0.009004151475374818
10.0,15.0,0.0,0.0,0.0,0.0,0.0,0.0,0.273604876695,-0.00901258183526
10.0,15.5,0.0,0.0,0.0,0.0,0.0,0.0,0.273556073673,-0.00902098242899
10.0,16.0,0.0,0.0,0.0,0.0,0.0,0.0,0.27350738352,-0.00902937289313
10.0,16.5,0.0,0.0,0.0,0.0,0.0,0.0,0.273458805619,-0.00903775328148
10.0,17.0,0.0,0.0,0.0,0.0,0.0,0.0,0.273410339358,-0.00904612364715
10.0,17.5,0.0,0.0,0.0,0.0,0.0,0.0,0.273361984136,-0.00905448404252
10.0,18.0,0.0,0.0,0.0,0.0,0.0,0.0,0.273313739354,-0.00906283451926
10.0,18.5,0.0,0.0,0.0,0.0,0.0,0.0,0.273265604424,-0.00907117512837
10.0,19.0,0.0,0.0,0.0,0.0,0.0,0.0,0.273217578762,-0.00907950592016
10.0,19.5,0.0,0.0,0.0,0.0,0.0,0.0,0.273169661791,-0.00908782694427
10.0,20.0,0.0,0.0,0.0,0.0,0.0,0.0,0.27312185294,-0.00909613824969
10.0,20.5,0.0,0.0,0.0,0.0,0.0,0.0,0.273074151644,-0.00910443988479
10.0,21.0,0.0,0.0,0.0,0.0,0.0,0.0,0.273026557345,-0.00911273189728
10.0,21.5,0.0,0.0,0.0,0.0,0.0,0.0,0.27297906949,-0.00912101433426
10.0,22.0,0.0,0.0,0.0,0.0,0.0,0.0,0.272931687532,-0.00912928724224
10.0,22.5,0.0,0.0,0.0,0.0,0.0,0.0,0.27288441093,-0.0091375506671
10.0,23.0,0.0,0.0,0.0,0.0,0.0,0.0,0.272837239149,-0.00914580465417
10.0,23.5,0.0,0.0,0.0,0.0,0.0,0.0,0.27279017166,-0.00915404924819
10.0,24.0,0.0,0.0,0.0,0.0,0.0,0.0,0.272743207937,-0.00916228449331
11.0,0.5,0.0,0.0,0.0,0.0,0.0,0.0,0.272696347463,-0.00917051043317
11.0,1.0,0.0,0.0,0.0,0.0,0.0,0.0,0.272649589723,-0.00917872711082
11.0,1.5,0.0,0.0,0.0,0.0,0.0,0.0,0.27260293421,-0.00918693456881
11.0,2.0,0.0,0.0,0.0,0.0,0.0,0.0,0.272556380419,-0.00919513284913
11.0,2.5,0.0,0.0,0.0,0.0,0.0,0.0,0.272509927853,-0.00920332199329
11.0,3.0,0.0,0.0,0.0,0.0,0.0,0.0,0.27246357602,-0.00921150204225
11.0,3.5,0.0,0.0,0.0,0.0,0.0,0.0,0.27241732443,-0.00921967303651
11.0,4.0,0.0,0.0,0.0,0.0,0.0,0.0,0.2723711726,-0.00922783501605
11.0,4.5,0.0,0.0,0.0,0.0,0.0,0.0,0.272325120052,-0.00923598802037
11.0,5.0,0.0,0.0,0.0,0.0,0.0,0.0,0.272279166312,-0.00924413208852
11.0,5.5,0.0,0.0,0.0,0.0,0.0,0.0,0.27223331091,-0.00925226725905
11.0,6.0,0.0,0.0,0.0,0.0,0.0,0.0,0.272187553382,-0.00926039357008
11.0,6.5,0.0,0.0,0.0,0.0,0.0,0.0,0.272141893267,-0.00926851105926
11.0,7.0,0.0,0.0,0.0,0.0,0.0,0.0,0.272096330109,-0.0092766197638
11.0,7.5,0.0,0.0,0.0,0.0,0.0,0.0,0.272050863457,-0.0092847197205
11.0,8.0,0.0,0.0,0.0,0.0,0.0,0.0,0.272005492863,-0.0092928109657
11.0,8.5,0.0,0.0,0.0,0.0,0.0,0.0,0.271960217884,-0.00930089353533
11.0,9.0,0.0,0.0,0.0,0.0,0.0,0.0,0.271915038081,-0.00930896746492
11.0,9.5,0.0,0.0,0.0,0.0,0.0,0.0,0.272664043208,-0.00917618628207
11.0,10.0,0.0,0.0,0.0,0.0,0.0,0.0,0.274205333192,-0.00890998266838
11.0,10.5,0.0,0.0,0.0,0.0,0.0,0.0,0.274949017691,-0.00878483285962
11.0,11.0,0.0,0.0,0.0,0.0,0.0,0.0,0.276484647716,-0.00853297611216
11.0,11.5,0.0,0.0,0.0,0.0,0.0,0.0,0.276428810031,-0.00854198200299
11.0,12.0,0.0,0.0,0.0,0.0,0.0,0.0,0.276373148144,-0.00855097081352
11.0,12.5,0.0,0.0,0.0,0.0,0.0,0.0,0.276317660524,-0.00855994270149
11.0,13.0,0.0,0.0,0.0,0.0,0.0,0.0,0.276262345657,-0.00856889782252
11.0,13.5,0.0,0.0,0.0,0.0,0.0,0.0,0.277000937796,-0.00845023889863
11.0,14.0,0.0,0.0,0.0,0.0,0.0,0.0,0.276943895506,-0.00845933300095
11.0,14.5,0.0,0.0,0.0,0.0,0.0,0.0,0.276887039573,-0.0084684089991
11.0,15.0,0.0,0.0,0.0,0.0,0.0,0.0,0.276830368277,-0.0084774670713
11.0,15.5,0.0,0.0,0.0,0.0,0.0,0.0,0.276773879923,-0.0084865073933
11.0,16.0,0.0,0.0,0.0,0.0,0.0,0.0,0.276717572841,-0.00849553013837
11.0,16.5,0.0,0.0,0.0,0.0,0.0,0.0,0.276661445384,-0.00850453547739
11.0,17.0,0.0,0.0,0.0,0.0,0.0,0.0,0.276605495927,-0.00851352357884
11.0,17.5,0.0,0.0,0.0,0.0,0.0,0.0,0.276549722871,-0.00852249460893
11.0,18.0,0.0,0.0,0.0,0.0,0.0,0.0,0.276494124636,-0.00853144873157
11.0,18.5,0.0,0.0,0.0,0.0,0.0,0.0,0.276438699668,-0.00854038610841
11.0,19.0,0.0,0.0,0.0,0.0,0.0,0.0,0.276383446431,-0.00854930689893
11.0,19.5,0.0,0.0,0.0,0.0,0.0,0.0,0.276328363413,-0.00855821126043
11.0,20.0,0.0,0.0,0.0,0.0,0.0,0.0,0.276273449121,-0.00856709934805
11.0,20.5,0.0,0.0,0.0,0.0,0.0,0.0,0.276218702085,-0.00857597131476
11.0,21.0,0.0,0.0,0.0,0.0,0.0,0.0,0.276164120854,-0.0085848273114
11.0,21.5,0.0,0.0,0.0,0.0,0.0,0.0,0.276109703999,-0.0085936674867
11.0,22.0,0.0,0.0,0.0,0.0,0.0,0.0,0.27605545011,-0.00860249198727
11.0,22.5,0.0,0.0,0.0,0.0,0.0,0.0,0.276001357796,-0.00861130095765
11.0,23.0,0.0,0.0,0.0,0.0,0.0,0.0,0.275947425689,-0.00862009454032
11.0,23.5,0.0,0.0,0.0,0.0,0.0,0.0,0.275893652437,-0.00862887287571
11.0,24.0,0.0,0.0,0.0,0.0,0.0,0.0,0.275840036708,-0.00863763610223
12.0,0.5,0.0,0.0,0.0,0.0,0.0,0.0,0.27578657719,-0.0086463843563
12.0,1.0,0.0,0.0,0.0,0.0,0.0,0.0,0.275733272589,-0.00865511777239
12.0,1.5,0.0,0.0,0.0,0.0,0.0,0.0,0.275680121629,-0.00866383648299
12.0,2.0,0.0,0.0,0.0,0.0,0.0,0.0,0.276420933939,-0.00854325322502
12.0,2.5,0.0,0.0,0.0,0.0,0.0,0.0,0.276366091524,-0.00855211118853
12.0,3.0,0.0,0.0,0.0,0.0,0.0,0.0,0.276311415435,-0.00856095318263
12.0,3.5,0.0,0.0,0.0,0.0,0.0,0.0,0.277050662092,-0.00844232098629
12.0,4.0,0.0,0.0,0.0,0.0,0.0,0.0,0.276994267426,-0.00845130173648
12.0,4.5,0.0,0.0,0.0,0.0,0.0,0.0,0.27773175056,-0.00833475174073
12.0,5.0,0.0,0.0,0.0,0.0,0.0,0.0,0.277673608066,-0.00834387060079
12.0,5.5,0.0,0.0,0.0,0.0,0.0,0.0,0.277615660505,-0.00835297071804
12.0,6.0,0.0,0.0,0.0,0.0,0.0,0.0,0.278351550511,-0.00823827875629
12.0,6.5,0.0,0.0,0.0,0.0,0.0,0.0,0.278291829328,-0.00824751633253
12.0,7.0,0.0,0.0,0.0,0.0,0.0,0.0,0.278232317251,-0.00825673384373
12.0,7.5,0.0,0.0,0.0,0.0,0.0,0.0,0.278173012082,-0.0082659315208
12.0,8.0,0.0,0.0,0.0,0.0,0.0,0.0,0.278113911657,-0.00827510959102
12.0,8.5,0.0,0.0,0.0,0.0,0.0,0.0,0.278055013848,-0.00828426827809
12.0,9.0,0.0,0.0,0.0,0.0,0.0,0.0,0.27799631656,-0.00829340780223
12.0,9.5,0.0,0.0,0.0,0.0,0.0,0.0,0.277937817732,-0.00830252838021
12.0,10.0,0.0,0.0,0.0,0.0,0.0,0.0,0.277879515337,-0.00831163022547
12.0,10.5,0.0,0.0,0.0,0.0,0.0,0.0,0.277821407378,-0.00832071354818
12.0,11.0,0.0,0.0,0.0,0.0,0.0,0.0,0.277763491889,-0.00832977855526
12.0,11.5,0.0,0.0,0.0,0.0,0.0,0.0,0.277705766938,-0.00833882545048
12.0,12.0,0.0,0.0,0.0,0.0,0.0,0.0,0.278441882803,-0.00822432971683
12.0,12.5,0.0,0.0,0.0,0.0,0.0,0.0,0.278382382846,-0.00823351448574
12.0,13.0,0.0,0.0,0.0,0.0,0.0,0.0,0.279116678319,-0.0081210138539
12.0,13.5,0.0,0.0,0.0,0.0,0.0,0.0,0.279848896116,-0.00801065054918
12.0,14.0,0.0,0.0,0.0,0.0,0.0,0.0,0.280578985437,-0.0079023826768
12.0,14.5,0.0,0.0,0.0,0.0,0.0,0.0,0.28210018802,-0.00768234629646
12.0,15.0,0.0,0.0,0.0,0.0,0.0,0.0,0.282823280464,-0.00758031694578
12.0,15.5,0.0,0.0,0.0,0.0,0.0,0.0,0.283544034273,-0.00748022021536
12.0,16.0,0.0,0.0,0.0,0.0,0.0,0.0,0.283469338521,-0.00749052034393
12.0,16.5,0.0,0.0,0.0,0.0,0.0,0.0,0.283395009946,-0.00750078661949
12.0,17.0,0.0,0.0,0.0,0.0,0.0,0.0,0.283321042888,-0.00751101960938
12.0,17.5,0.0,0.0,0.0,0.0,0.0,0.0,0.283247431812,-0.00752121986863
12.0,18.0,0.0,0.0,0.0,0.0,0.0,0.0,0.283174171308,-0.00753138794034
12.0,18.5,0.0,0.0,0.0,0.0,0.0,0.0,0.283101256088,-0.00754152435599
12.0,19.0,0.0,0.0,0.0,0.0,0.0,0.0,0.283028680978,-0.00755162963582
12.0,19.5,0.0,0.0,0.0,0.0,0.0,0.0,0.282956440921,-0.00756170428907
12.0,20.0,0.0,0.0,0.0,0.0,0.0,0.0,0.282884530968,-0.00757174881435
12.0,20.5,0.0,0.0,0.0,0.0,0.0,0.0,0.282812946277,-0.00758176369992
12.0,21.0,0.0,0.0,0.0,0.0,0.0,0.0,0.28274168211,-0.00759174942394
12.0,21.5,0.0,0.0,0.0,0.0,0.0,0.0,0.282670733833,-0.00760170645479
12.0,22.0,0.0,0.0,0.0,0.0,0.0,0.0,0.282600096905,-0.00761163525128
12.0,22.5,0.0,0.0,0.0,0.0,0.0,0.0,0.282529766887,-0.00762153626297
12.0,23.0,0.0,0.0,0.0,0.0,0.0,0.0,0.282459739428,-0.00763140993037
12.0,23.5,0.0,0.0,0.0,0.0,0.0,0.0,0.282390010269,-0.00764125668516
12.0,24.0,0.0,0.0,0.0,0.0,0.0,0.0,0.282320575241,-0.00765107695049
13.0,0.5,0.0,0.0,0.0,0.0,0.0,0.0,0.282251430258,-0.00766087114113
13.0,1.0,0.0,0.0,0.0,0.0,0.0,0.0,0.282182571318,-0.00767063966373
13.0,1.5,0.0,0.0,0.0,0.0,0.0,0.0,0.282113994502,-0.007680382917
13.0,2.0,0.0,0.0,0.0,0.0,0.0,0.0,0.282045695968,-0.00769010129192
13.0,2.5,0.0,0.0,0.0,0.0,0.0,0.0,0.281977671952,-0.00769979517194
13.0,3.0,0.0,0.0,0.0,0.0,0.0,0.0,0.281909918765,-0.00770946493315
13.0,3.5,0.0,0.0,0.0,0.0,0.0,0.0,0.28184243279,-0.00771911094449
13.0,4.0,0.0,0.0,0.0,0.0,0.0,0.0,0.281775210484,-0.00772873356788
13.0,4.5,0.0,0.0,0.0,0.0,0.0,0.0,0.281708248371,-0.00773833315845
13.0,5.0,0.0,0.0,0.0,0.0,0.0,0.0,0.281641543043,-0.00774791006464
13.0,5.5,0.0,0.0,0.0,0.0,0.0,0.0,0.281575091159,-0.00775746462842
13.0,6.0,0.0,0.0,0.0,0.0,0.0,0.0,0.281508889442,-0.00776699718538
13.0,6.5,0.0,0.0,0.0,0.0,0.0,0.0,0.281442934678,-0.00777650806494
13.0,7.0,0.0,0.0,0.0,0.0,0.0,0.0,0.281377223713,-0.00778599759046
13.0,7.5,0.0,0.0,0.0,0.0,0.0,0.0,0.281311753454,-0.00779546607939
13.0,8.0,0.0,0.0,0.0,0.0,0.0,0.0,0.281246520867,-0.0078049138434
13.0,8.5,0.0,0.0,0.0,0.0,0.0,0.0,0.281181522974,-0.00781434118845
13.0,9.0,0.0,0.0,0.0,0.0,0.0,0.0,0.281116756854,-0.00782374841482
13.0,9.5,0.0,0.0,0.0,0.0,0.0,0.24804794174,0.281052219644,-0.0078331358171
13.0,10.0,0.0,0.0,0.0,0.0,0.0,0.544196466574,0.280978495127,-0.00784387600627
13,10.5,0.1556296992097502,0.006379215299375916,16.06123615156258,True,0.005075851032969524,0.8378125343482697,0.2808937551351255,-0.007856242611847548
13,11.0,0.2547353756788671,0.012198296102466645,15.761175916661967,True,0.007397948473566531,1.099216690659575,0.2807978509825175,-0.007870266502759122
13,11.5,0.3556653627727875,0.01821284075792442,15.627895544041474,True,0.009849802986082444,1.3246595545150874,0.280692023719461,-0.007885776062566742
13,12.0,0.42861537354665363,0.023366558207578495,15.493221623337407,True,0.011338419915689702,1.4737414152059405,0.28057762806225217,-0.007902582343629642
13,12.5,0.4947120603703754,0.028734860454111024,15.35442775173761,True,0.012509474033545187,1.5553283837134446,0.28045759203230936,-0.007920263177257768
13,13.0,0.5269792179639281,0.03176094085520613,15.271447782546154,True,0.012982905391084095,1.5604504232738363,0.2803344664222565,-0.00793844808388199
13,13.5,0.545540155714762,0.033942816107042695,15.194938713900461,True,0.013129053724758472,1.4519870778294433,0.28021123951884025,-0.007956697781176374
13,14.0,0.5584600746793006,0.03534077651663415,15.153157143860296,True,0.013272203391014212,1.2675884217714,0.28009225152900685,-0.00797436715918675
13,14.5,0.5341855218043767,0.033437317623695305,15.17884538404519,True,0.012793495965800929,1.03286691108808,0.2799804116030814,-0.007991017708360177
13,15.0,0.44475004768902143,0.027823467770573748,15.172134851802257,True,0.010630078988135686,0.6976769258485616,0.27987775248821023,-0.008006337907032571
13.0,15.5,0.0,0.0,0.0,0.0,0.0,0.350873096566,0.279788225524,-0.00801972692041
13.0,16.0,0.0,0.0,0.0,0.0,0.0,0.0,0.279713112113,-0.00803098093055
13.0,16.5,0.0,0.0,0.0,0.0,0.0,0.0,0.279651508635,-0.00804022483563
13.0,17.0,0.0,0.0,0.0,0.0,0.0,0.0,0.279590097371,-0.00804945251899
13.0,17.5,0.0,0.0,0.0,0.0,0.0,0.0,0.279528876258,-0.00805866419243
13.0,18.0,0.0,0.0,0.0,0.0,0.0,0.0,0.279467843282,-0.00806786006296
13.0,18.5,0.0,0.0,0.0,0.0,0.0,0.0,0.279406996465,-0.00807704033297
13.0,19.0,0.0,0.0,0.0,0.0,0.0,0.0,0.279346333874,-0.0080862052003
13.0,19.5,0.0,0.0,0.0,0.0,0.0,0.0,0.279285853614,-0.00809535485839
13.0,20.0,0.0,0.0,0.0,0.0,0.0,0.0,0.279225553829,-0.00810448949636
13.0,20.5,0.0,0.0,0.0,0.0,0.0,0.0,0.279165432701,-0.00811360929913
13.0,21.0,0.0,0.0,0.0,0.0,0.0,0.0,0.279105488448,-0.00812271444753
13.0,21.5,0.0,0.0,0.0,0.0,0.0,0.0,0.279045719325,-0.00813180511837
13.0,22.0,0.0,0.0,0.0,0.0,0.0,0.0,0.278986123622,-0.00814088148457
13.0,22.5,0.0,0.0,0.0,0.0,0.0,0.0,0.278926699662,-0.00814994371525
13.0,23.0,0.0,0.0,0.0,0.0,0.0,0.0,0.278867445802,-0.0081589919758
13.0,23.5,0.0,0.0,0.0,0.0,0.0,0.0,0.278808360432,-0.00816802642797
13.0,24.0,0.0,0.0,0.0,0.0,0.0,0.0,0.278749441972,-0.00817704723001
14.0,0.5,0.0,0.0,0.0,0.0,0.0,0.0,0.278690688875,-0.00818605453669
14.0,1.0,0.0,0.0,0.0,0.0,0.0,0.0,0.278632099623,-0.0081950484994
14.0,1.5,0.0,0.0,0.0,0.0,0.0,0.0,0.278573672726,-0.00820402926627
14.0,2.0,0.0,0.0,0.0,0.0,0.0,0.0,0.278515406725,-0.00821299698217
14.0,2.5,0.0,0.0,0.0,0.0,0.0,0.0,0.278457300189,-0.00822195178889
14.0,3.0,0.0,0.0,0.0,0.0,0.0,0.0,0.278399351711,-0.00823089382511
14.0,3.5,0.0,0.0,0.0,0.0,0.0,0.0,0.278341559915,-0.00823982322656
14.0,4.0,0.0,0.0,0.0,0.0,0.0,0.0,0.278283923448,-0.00824874012601
14.0,4.5,0.0,0.0,0.0,0.0,0.0,0.0,0.278226440983,-0.0082576446534
14.0,5.0,0.0,0.0,0.0,0.0,0.0,0.0,0.278169111219,-0.00826653693591
14.0,5.5,0.0,0.0,0.0,0.0,0.0,0.0,0.278111932877,-0.00827541709795
14.0,6.0,0.0,0.0,0.0,0.0,0.0,0.0,0.278054904704,-0.00828428526132
14.0,6.5,0.0,0.0,0.0,0.0,0.0,0.0,0.277998025467,-0.00829314154521
14.0,7.0,0.0,0.0,0.0,0.0,0.0,0.0,0.277941293959,-0.00830198606627
14.0,7.5,0.0,0.0,0.0,0.0,0.0,0.0,0.277884708993,-0.00831081893869
14.0,8.0,0.0,0.0,0.0,0.0,0.0,0.0,0.277828269402,-0.00831964027424
14.0,8.5,0.0,0.0,0.0,0.0,0.0,0.0,0.277771974044,-0.00832845018233
14.0,9.0,0.0,0.0,0.0,0.0,0.0,0.0,0.277715821793,-0.00833724877006
14.0,9.5,0.0,0.0,0.0,0.0,0.0,0.0,0.277659811545,-0.00834603614228
14.0,10.0,0.0,0.0,0.0,0.0,0.0,0.0,0.277603942217,-0.00835481240164
14.0,10.5,0.0,0.0,0.0,0.0,0.0,0.0115691828429,0.277548212743,-0.00836357764865
14.0,11.0,0.0,0.0,0.0,0.0,0.0,0.125721986379,0.277492183025,-0.00837240116604
14.0,11.5,0.0,0.0,0.0,0.0,0.0,0.156076481024,0.277431958992,-0.0083818975715
14.0,12.0,0.0,0.0,0.0,0.0,0.0,0.24561373254,0.277370719776,-0.00839156721896
14.0,12.5,0.0,0.0,0.0,0.0,0.0,0.158757763405,0.277306218398,-0.00840176633585
14.0,13.0,0.0,0.0,0.0,0.0,0.0,0.158988649468,0.277245147997,-0.00841143655298
14.0,13.5,0.0,0.0,0.0,0.0,0.0,0.0815902538261,0.277184202671,-0.00842110018855
14.0,14.0,0.0,0.0,0.0,0.0,0.0,0.0347998106137,0.277126327503,-0.00843028926014
14.0,14.5,0.0,0.0,0.0,0.0,0.0,0.0,0.277070359995,-0.00843918680988
14.0,15.0,0.0,0.0,0.0,0.0,0.0,0.0,0.277015844191,-0.00844786433124
14.0,15.5,0.0,0.0,0.0,0.0,0.0,0.0,0.276961458543,-0.0084565317302
14.0,16.0,0.0,0.0,0.0,0.0,0.0,0.0,0.276907202168,-0.00846518908662
14.0,16.5,0.0,0.0,0.0,0.0,0.0,0.0,0.276853074198,-0.00847383647873
14.0,17.0,0.0,0.0,0.0,0.0,0.0,0.0,0.27679907378,-0.00848247398314
14.0,17.5,0.0,0.0,0.0,0.0,0.0,0.0,0.276745200074,-0.00849110167493
14.0,18.0,0.0,0.0,0.0,0.0,0.0,0.0,0.276691452253,-0.0084997196276
14.0,18.5,0.0,0.0,0.0,0.0,0.0,0.0,0.276637829505,-0.00850832791318
14.0,19.0,0.0,0.0,0.0,0.0,0.0,0.0,0.276584331029,-0.00851692660223
14.0,19.5,0.0,0.0,0.0,0.0,0.0,0.0,0.276530956039,-0.00852551576388
14.0,20.0,0.0,0.0,0.0,0.0,0.0,0.0,0.276477703758,-0.00853409546587
14.0,20.5,0.0,0.0,0.0,0.0,0.0,0.0,0.276424573424,-0.00854266577456
14.0,21.0,0.0,0.0,0.0,0.0,0.0,0.0,0.276371564286,-0.00855122675497
14.0,21.5,0.0,0.0,0.0,0.0,0.0,0.0,0.276318675604,-0.00855977847084
14.0,22.0,0.0,0.0,0.0,0.0,0.0,0.0,0.27626590665,-0.00856832098461
14.0,22.5,0.0,0.0,0.0,0.0,0.0,0.0,0.276213256707,-0.00857685435748
14.0,23.0,0.0,0.0,0.0,0.0,0.0,0.0,0.276160725069,-0.00858537864943
14.0,23.5,0.0,0.0,0.0,0.0,0.0,0.0,0.27610831104,-0.00859389391925
14.0,24.0,0.0,0.0,0.0,0.0,0.0,0.0,0.276056013935,-0.00860240022455
15.0,0.5,0.0,0.0,0.0,0.0,0.0,0.0,0.276003833077,-0.00861089762183
15.0,1.0,0.0,0.0,0.0,0.0,0.0,0.0,0.275951767804,-0.00861938616645
15.0,1.5,0.0,0.0,0.0,0.0,0.0,0.0,0.275899817457,-0.0086278659127
15.0,2.0,0.0,0.0,0.0,0.0,0.0,0.0,0.275847981392,-0.00863633691377
15.0,2.5,0.0,0.0,0.0,0.0,0.0,0.0,0.275796258972,-0.00864479922186
15.0,3.0,0.0,0.0,0.0,0.0,0.0,0.0,0.27574464957,-0.00865325288812
15.0,3.5,0.0,0.0,0.0,0.0,0.0,0.0,0.275693152565,-0.0086616979627
15.0,4.0,0.0,0.0,0.0,0.0,0.0,0.0,0.275641767349,-0.0086701344948
15.0,4.5,0.0,0.0,0.0,0.0,0.0,0.0,0.275590493319,-0.00867856253265
15.0,5.0,0.0,0.0,0.0,0.0,0.0,0.0,0.275539329884,-0.00868698212356
15.0,5.5,0.0,0.0,0.0,0.0,0.0,0.0,0.275488276457,-0.00869539331393
15.0,6.0,0.0,0.0,0.0,0.0,0.0,0.0,0.275437332461,-0.00870379614927
15.0,6.5,0.0,0.0,0.0,0.0,0.0,0.0,0.275386497328,-0.00871219067422
15.0,7.0,0.0,0.0,0.0,0.0,0.0,0.0,0.275335770496,-0.00872057693256
15.0,7.5,0.0,0.0,0.0,0.0,0.0,0.0,0.275285151412,-0.00872895496726
15.0,8.0,0.0,0.0,0.0,0.0,0.0,0.0,0.275234639527,-0.00873732482045
15.0,8.5,0.0,0.0,0.0,0.0,0.0,0.0,0.275184234304,-0.0087456865335
15.0,9.0,0.0,0.0,0.0,0.0,0.0,0.0,0.275133935209,-0.00875404014698
15.0,9.5,0.0,0.0,0.0,0.0,0.0,0.0,0.275083741718,-0.00876238570069
15.0,10.0,0.0,0.0,0.0,0.0,0.0,0.0,0.275033653311,-0.00877072323371
15.0,10.5,0.0,0.0,0.0,0.0,0.0,0.0,0.274983669477,-0.00877905278439
15.0,11.0,0.0,0.0,0.0,0.0,0.0,0.0,0.274933789709,-0.00878737439036
15.0,11.5,0.0,0.0,0.0,0.0,0.0,0.0,0.274884013509,-0.00879568808856
15.0,12.0,0.0,0.0,0.0,0.0,0.0,0.0,0.274834340384,-0.00880399391526
15.0,12.5,0.0,0.0,0.0,0.0,0.0,0.0,0.274784769846,-0.00881229190603
15.0,13.0,0.0,0.0,0.0,0.0,0.0,0.0,0.274735301415,-0.00882058209584
15.0,13.5,0.0,0.0,0.0,0.0,0.0,0.0,0.275479873262,-0.00869677869279
15.0,14.0,0.0,0.0,0.0,0.0,0.0,0.0,0.275428736576,-0.00870521493082
15.0,14.5,0.0,0.0,0.0,0.0,0.0,0.0,0.275377713266,-0.00871364218434
15.0,15.0,0.0,0.0,0.0,0.0,0.0,0.0,0.276120686978,-0.00859188239673
15.0,15.5,0.0,0.0,0.0,0.0,0.0,0.0,0.27686178475,-0.00847244418548
15.0,16.0,0.0,0.0,0.0,0.0,0.0,0.0,0.279981778665,-0.00799081393246
15.0,16.5,0.0,0.0,0.0,0.0,0.0,0.0,0.281505534354,-0.00776748066472
15.0,17.0,0.0,0.0,0.0,0.0,0.0,0.0,0.283817550172,-0.00744264764677
15.0,17.5,0.0,0.0,0.0,0.0,0.0,0.0,0.286121294896,-0.00713494822288
15.0,18.0,0.0,0.0,0.0,0.0,0.0,0.0,0.286830792729,-0.00704325338062
15.0,18.5,0.0,0.0,0.0,0.0,0.0,0.0,0.289122677946,-0.00675649686973
15.0,19.0,0.0,0.0,0.0,0.0,0.0,0.0,0.289820098684,-0.00667201212082
15.0,19.5,0.0,0.0,0.0,0.0,0.0,0.0,0.289722370558,-0.00668377464411
15.0,20.0,0.0,0.0,0.0,0.0,0.0,0.0,0.290417604823,-0.00660063046488
15.0,20.5,0.0,0.0,0.0,0.0,0.0,0.0,0.29031772195,-0.00661249949419
15.0,21.0,0.0,0.0,0.0,0.0,0.0,0.0,0.290218529094,-0.00662431170362
15.0,21.5,0.0,0.0,0.0,0.0,0.0,0.0,0.290912265793,-0.00654222294822
15.0,22.0,0.0,0.0,0.0,0.0,0.0,0.0,0.290810901895,-0.00655414125058
15.0,22.5,0.0,0.0,0.0,0.0,0.0,0.0,0.291502426715,-0.00647334279618
15.0,23.0,0.0,0.0,0.0,0.0,0.0,0.0,0.292190969658,-0.00639406912175
15.0,23.5,0.0,0.0,0.0,0.0,0.0,0.0,0.292084494663,-0.00640625193377
15.0,24.0,0.0,0.0,0.0,0.0,0.0,0.0,0.292770820124,-0.00632820538557
16.0,0.5,0.0,0.0,0.0,0.0,0.0,0.0,0.293454076549,-0.00625163054504
16.0,1.0,0.0,0.0,0.0,0.0,0.0,0.0,0.29413421786,-0.00617649879361
16.0,1.5,0.0,0.0,0.0,0.0,0.0,0.0,0.294019484183,-0.00618909708966
16.0,2.0,0.0,0.0,0.0,0.0,0.0,0.0,0.293905673253,-0.00620162432406
16.0,2.5,0.0,0.0,0.0,0.0,0.0,0.0,0.293792761167,-0.00621408248771
16.0,3.0,0.0,0.0,0.0,0.0,0.0,0.0,0.29368072487,-0.00622647350475
16.0,3.5,0.0,0.0,0.0,0.0,0.0,0.0,0.293569542115,-0.00623879923565
16.0,4.0,0.0,0.0,0.0,0.0,0.0,0.0,0.293459191428,-0.00625106148007
16.0,4.5,0.0,0.0,0.0,0.0,0.0,0.0,0.29334965207,-0.00626326197955
16.0,5.0,0.0,0.0,0.0,0.0,0.0,0.0,0.293240904006,-0.00627540242005
16.0,5.5,0.0,0.0,0.0,0.0,0.0,0.0,0.293132927869,-0.00628748443442
16.0,6.0,0.0,0.0,0.0,0.0,0.0,0.0,0.293025704939,-0.00629950960457
16.0,6.5,0.0,0.0,0.0,0.0,0.0,0.0,0.292919217108,-0.00631147946371
16.0,7.0,0.0,0.0,0.0,0.0,0.0,0.0,0.292813446853,-0.00632339549831
16.0,7.5,0.0,0.0,0.0,0.0,0.0,0.0,0.292708377219,-0.00633525915007
16.0,8.0,0.0,0.0,0.0,0.0,0.0,0.0,0.292603991785,-0.00634707181769
16.0,8.5,0.0,0.0,0.0,0.0,0.0,0.0,0.292500274652,-0.00635883485862
16.0,9.0,0.0,0.0,0.0,0.0,0.0,0.0,0.292397210413,-0.00637054959064
16.0,9.5,0.0,0.0,0.0,0.0,0.0,0.0,0.292294784138,-0.00638221729349
16.0,10.0,0.0,0.0,0.0,0.0,0.0,0.0,0.292192981355,-0.00639383921024
16.0,10.5,0.0,0.0,0.0,0.0,0.0,0.115423368139,0.29209178803,-0.00640541654873
16,11.0,0.3845186393113872,0.009648365886818137,16.89017305224121,True,0.018998724204222016,0.6311652265008125,0.2919868102395612,-0.006417453266320159
16.0,11.5,0.0,0.0,0.0,0.0,0.0,0.522735668827,0.291862476556,-0.00643174420329
16,12.0,0.40960622841446026,0.010428518512406558,16.89017304449158,True,0.020238279683695532,0.791662730899737,0.2917431937465461,-0.006445490244023722
16,12.5,0.4340902221620822,0.010833743102473132,16.89017303726089,True,0.02144801205313802,0.6294064642337581,0.2916138667894688,-0.0064604333311598155
16,13.0,0.4543042010774797,0.011302148561098978,16.890173032118057,True,0.022446766784953755,0.633281262194229,0.29149122737506444,-0.006474641851321361
16,13.5,0.4954148331439418,0.013101662387847863,16.89017302351774,True,0.024478006575801597,1.0620188163832143,0.291368956710695,-0.0064888447295708305
16,14.0,0.4858181234133892,0.01228618166028564,16.89017302507005,True,0.02400384167767011,0.6263619124992408,0.2912308693681998,-0.006504929521629785
16,14.5,0.45547884076100004,0.011767181816805809,16.841166163154792,True,0.021839946009090005,0.4050687930495937,0.2911098572443654,-0.006519064415972059
16,15.0,0.3985091183061318,0.012588990473794985,16.560431120551513,True,0.0163425297711127,0.6014343340231056,0.2909977632391439,-0.0065321902845869514
16.0,15.5,0.0,0.0,0.0,0.0,0.0,0.153843816697,0.290878675893,-0.00654616956423
16.0,16.0,0.0,0.0,0.0,0.0,0.0,0.0,0.290777532088,-0.00655807050988
16.0,16.5,0.0,0.0,0.0,0.0,0.0,0.0,0.290682696526,-0.00656925262889
16.0,17.0,0.0,0.0,0.0,0.0,0.0,0.0,0.290588321241,-0.00658040303571
16.0,17.5,0.0,0.0,0.0,0.0,0.0,0.0,0.290494396898,-0.00659152255986
16.0,18.0,0.0,0.0,0.0,0.0,0.0,0.0,0.290400914418,-0.00660261200953
16.0,18.5,0.0,0.0,0.0,0.0,0.0,0.0,0.290307864968,-0.00661367217222
16.0,19.0,0.0,0.0,0.0,0.0,0.0,0.0,0.290215239956,-0.0066247038154
16.0,19.5,0.0,0.0,0.0,0.0,0.0,0.0,0.290123031029,-0.00663570768633
16.0,20.0,0.0,0.0,0.0,0.0,0.0,0.0,0.290031230072,-0.00664668451173
16.0,20.5,0.0,0.0,0.0,0.0,0.0,0.0,0.289939829204,-0.00665763499776
16.0,21.0,0.0,0.0,0.0,0.0,0.0,0.0,0.289848820779,-0.00666855983
16.0,21.5,0.0,0.0,0.0,0.0,0.0,0.0,0.289758197382,-0.00667945967366
16.0,22.0,0.0,0.0,0.0,0.0,0.0,0.0,0.28966795182,-0.00669033517382
16.0,22.5,0.0,0.0,0.0,0.0,0.0,0.0,0.289578077122,-0.00670118695573
16.0,23.0,0.0,0.0,0.0,0.0,0.0,0.0,0.289488566531,-0.00671201562514
16.0,23.5,0.0,0.0,0.0,0.0,0.0,0.0,0.2893994135,-0.0067228217687
16.0,24.0,0.0,0.0,0.0,0.0,0.0,0.0,0.289310611685,-0.00673360595437
17.0,0.5,0.0,0.0,0.0,0.0,0.0,0.0,0.289222154941,-0.00674436873182
17.0,1.0,0.0,0.0,0.0,0.0,0.0,0.0,0.289134037317,-0.00675511063288
17.0,1.5,0.0,0.0,0.0,0.0,0.0,0.0,0.289046253047,-0.00676583217197
17.0,2.0,0.0,0.0,0.0,0.0,0.0,0.0,0.288958796548,-0.00677653384654
17.0,2.5,0.0,0.0,0.0,0.0,0.0,0.0,0.288871662414,-0.00678721613751
17.0,3.0,0.0,0.0,0.0,0.0,0.0,0.0,0.28878484541,-0.00679787950973
17.0,3.5,0.0,0.0,0.0,0.0,0.0,0.0,0.288698340464,-0.00680852441239
17.0,4.0,0.0,0.0,0.0,0.0,0.0,0.0,0.288612142668,-0.00681915127948
17.0,4.5,0.0,0.0,0.0,0.0,0.0,0.0,0.288526247268,-0.0068297605302
17.0,5.0,0.0,0.0,0.0,0.0,0.0,0.0,0.288440649661,-0.00684035256938
17.0,5.5,0.0,0.0,0.0,0.0,0.0,0.0,0.288355345389,-0.00685092778789
17.0,6.0,0.0,0.0,0.0,0.0,0.0,0.0,0.288270330137,-0.00686148656306
17.0,6.5,0.0,0.0,0.0,0.0,0.0,0.0,0.288185599724,-0.00687202925908
17.0,7.0,0.0,0.0,0.0,0.0,0.0,0.0,0.288101150105,-0.00688255622737
17.0,7.5,0.0,0.0,0.0,0.0,0.0,0.0,0.288016977359,-0.00689306780694
17.0,8.0,0.0,0.0,0.0,0.0,0.0,0.0,0.28793307769,-0.00690356432484
17.0,8.5,0.0,0.0,0.0,0.0,0.0,0.0,0.287849447424,-0.00691404609641
17.0,9.0,0.0,0.0,0.0,0.0,0.0,0.0,0.287766082999,-0.00692451342574
17.0,9.5,0.0,0.0,0.0,0.0,0.0,0.0,0.287682980967,-0.00693496660594
17.0,10.0,0.0,0.0,0.0,0.0,0.0,0.0,0.287600137989,-0.0069454059195
17.0,10.5,0.0,0.0,0.0,0.0,0.0,0.0,0.288310342075,-0.00685651472288
17.0,11.0,0.0,0.0,0.0,0.0,0.0,0.0466066475741,0.288225008402,-0.00686712338206
17.0,11.5,0.0,0.0,0.0,0.0,0.0,0.146804598959,0.288138187008,-0.00687793707191
17.0,12.0,0.0,0.0,0.0,0.0,0.0,0.148866471646,0.288047840445,-0.00688921137334
17.0,12.5,0.0,0.0,0.0,0.0,0.0,0.201109704389,0.287957689422,-0.00690048322823
17.0,13.0,0.0,0.0,0.0,0.0,0.0,0.149048183908,0.287865826115,-0.00691199178628
17.0,13.5,0.0,0.0,0.0,0.0,0.0,0.0842655908524,0.287776205545,-0.00692324142105
17.0,14.0,0.0,0.0,0.0,0.0,0.0,0.0560455212434,0.287689307237,-0.00693417018074
17.0,14.5,0.0,0.0,0.0,0.0,0.0,0.194041898179,0.287603740503,-0.00694495156578
17.0,15.0,0.0,0.0,0.0,0.0,0.0,0.0215465958128,0.287513194391,-0.0069563821084
17.0,15.5,0.0,0.0,0.0,0.0,0.0,0.0,0.287429449091,-0.00696697407498
17.0,16.0,0.0,0.0,0.0,0.0,0.0,0.0,0.28734677324,-0.00697744963372
17.0,16.5,0.0,0.0,0.0,0.0,0.0,0.0,0.288057143053,-0.0068880494893
17.0,17.0,0.0,0.0,0.0,0.0,0.0,0.0,0.287971968286,-0.00689869643494
17.0,17.5,0.0,0.0,0.0,0.0,0.0,0.0,0.287887068159,-0.00690932856945
17.0,18.0,0.0,0.0,0.0,0.0,0.0,0.0,0.287802439455,-0.00691994614898
17.0,18.5,0.0,0.0,0.0,0.0,0.0,0.0,0.28771807905,-0.00693054942097
17.0,19.0,0.0,0.0,0.0,0.0,0.0,0.0,0.287633983909,-0.00694113862434
17.0,19.5,0.0,0.0,0.0,0.0,0.0,0.0,0.287550151083,-0.0069517139897
17.0,20.0,0.0,0.0,0.0,0.0,0.0,0.0,0.287466577709,-0.00696227573962
17.0,20.5,0.0,0.0,0.0,0.0,0.0,0.0,0.287383261005,-0.00697282408884
17.0,21.0,0.0,0.0,0.0,0.0,0.0,0.0,0.287300198267,-0.00698335924446
17.0,21.5,0.0,0.0,0.0,0.0,0.0,0.0,0.28721738687,-0.00699388140622
17.0,22.0,0.0,0.0,0.0,0.0,0.0,0.0,0.287134824262,-0.00700439076663
17.0,22.5,0.0,0.0,0.0,0.0,0.0,0.0,0.287052507964,-0.00701488751126
17.0,23.0,0.0,0.0,0.0,0.0,0.0,0.0,0.286970435565,-0.00702537181888
17.0,23.5,0.0,0.0,0.0,0.0,0.0,0.0,0.286888604723,-0.00703584386171
17.0,24.0,0.0,0.0,0.0,0.0,0.0,0.0,0.286807013162,-0.00704630380557
18.0,0.5,0.0,0.0,0.0,0.0,0.0,0.0,0.28831122345,-0.00685640525255
18.0,1.0,0.0,0.0,0.0,0.0,0.0,0.0,0.289809254687,-0.00667331608329
18.0,1.5,0.0,0.0,0.0,0.0,0.0,0.0,0.290508443728,-0.00658985815948
18.0,2.0,0.0,0.0,0.0,0.0,0.0,0.0,0.293580828271,-0.00623754672638
18.0,2.5,0.0,0.0,0.0,0.0,0.0,0.0,0.297428491625,-0.00582746892031
18.0,3.0,0.0,0.0,0.0,0.0,0.0,0.0,0.298089214598,-0.00576032331815
18.0,3.5,0.0,0.0,0.0,0.0,0.0,0.0,0.298746237065,-0.00569446586589
18.0,4.0,0.0,0.0,0.0,0.0,0.0,0.0,0.298608549594,-0.00570819252389
18.0,4.5,0.0,0.0,0.0,0.0,0.0,0.0,0.298471942773,-0.00572185042592
18.0,5.0,0.0,0.0,0.0,0.0,0.0,0.0,0.298336385893,-0.00573544186091
18.0,5.5,0.0,0.0,0.0,0.0,0.0,0.0,0.298201849419,-0.005748969036
18.0,6.0,0.0,0.0,0.0,0.0,0.0,0.0,0.298068304932,-0.00576243408042
18.0,6.5,0.0,0.0,0.0,0.0,0.0,0.0,0.297935725074,-0.00577583904912
18.0,7.0,0.0,0.0,0.0,0.0,0.0,0.0,0.297804083501,-0.00578918592612
18.0,7.5,0.0,0.0,0.0,0.0,0.0,0.0,0.29767335483,-0.00580247662772
18.0,8.0,0.0,0.0,0.0,0.0,0.0,0.0,0.2975435146,-0.00581571300542
18.0,8.5,0.0,0.0,0.0,0.0,0.0,0.0,0.297414539227,-0.00582889684879
18.0,9.0,0.0,0.0,0.0,0.0,0.0,0.0,0.297286405966,-0.00584202988803
18.0,9.5,0.0,0.0,0.0,0.0,0.0,0.0,0.297159092875,-0.00585511379649
18.0,10.0,0.0,0.0,0.0,0.0,0.0,0.0921213783189,0.297032578777,-0.005868150193
18,10.5,0.4468586751784832,0.011066412606515873,16.890173034105885,True,0.022078889967944958,0.2332234115734878,0.2976946991032678,-0.005800304152906662
18.0,11.0,0.0,0.0,0.0,0.0,0.0,0.490382207162,0.297556060923,-0.00581443241931
18.0,11.5,0.0,0.0,0.0,0.0,0.0,0.41497052128,0.297408900118,-0.00582947408973
18.0,12.0,0.0,0.0,0.0,0.0,0.0,0.458189396901,0.297265396298,-0.00584418664025
18.0,12.5,0.0,0.0,0.0,0.0,0.0,0.399667050545,0.29712102674,-0.00585903261403
18,13.0,0.5427446576906535,0.013439288473855034,16.890173014143176,True,0.02681653113941581,0.5420252363233554,0.29697963254228166,-0.005873616196927617
18.0,13.5,0.0,0.0,0.0,0.0,0.0,0.285174502522,0.296833060997,-0.00588877945641
18.0,14.0,0.0,0.0,0.0,0.0,0.0,0.44927599856,0.296697463488,-0.00590284896947
18,14.5,0.5366285271207061,0.01433531567899673,16.798062823320144,True,0.025079361422670265,0.39946002186075635,0.29655633690208216,-0.005917534731657814
18,15.0,0.44762758649488926,0.01386971674502502,16.581278885663195,True,0.018556293055840688,0.4821682509595114,0.296417238030546,-0.00593205210653427
18.0,15.5,0.0,0.0,0.0,0.0,0.0,0.0697250640315,0.296275682582,-0.00594686945432
18.0,16.0,0.0,0.0,0.0,0.0,0.0,0.0,0.296150954159,-0.00595996198852
18.0,16.5,0.0,0.0,0.0,0.0,0.0,0.0,0.296029504855,-0.00597274333298
18.0,17.0,0.0,0.0,0.0,0.0,0.0,0.0,0.295908673818,-0.00598549203345
18.0,17.5,0.0,0.0,0.0,0.0,0.0,0.0,0.295788446863,-0.0059982091904
18.0,18.0,0.0,0.0,0.0,0.0,0.0,0.0,0.295668810396,-0.00601089585709
18.0,18.5,0.0,0.0,0.0,0.0,0.0,0.0,0.295549751386,-0.00602355304088
18.0,19.0,0.0,0.0,0.0,0.0,0.0,0.0,0.295431257348,-0.00603618170473
18.0,19.5,0.0,0.0,0.0,0.0,0.0,0.0,0.295313316322,-0.0060487827686
18.0,20.0,0.0,0.0,0.0,0.0,0.0,0.0,0.295195916852,-0.00606135711091
18.0,20.5,0.0,0.0,0.0,0.0,0.0,0.0,0.295079047966,-0.00607390557005
18.0,21.0,0.0,0.0,0.0,0.0,0.0,0.0,0.294962699155,-0.00608642894575
18.0,21.5,0.0,0.0,0.0,0.0,0.0,0.0,0.294846860356,-0.00609892800054
18.0,22.0,0.0,0.0,0.0,0.0,0.0,0.0,0.294731521934,-0.00611140346114
18.0,22.5,0.0,0.0,0.0,0.0,0.0,0.0,0.29461667466,-0.00612385601982
18.0,23.0,0.0,0.0,0.0,0.0,0.0,0.0,0.294502309699,-0.00613628633572
18.0,23.5,0.0,0.0,0.0,0.0,0.0,0.0,0.294388418587,-0.00614869503618
18.0,24.0,0.0,0.0,0.0,0.0,0.0,0.0,0.294274993222,-0.00616108271792
19.0,0.5,0.0,0.0,0.0,0.0,0.0,0.0,0.294162025843,-0.00617344994836
19.0,1.0,0.0,0.0,0.0,0.0,0.0,0.0,0.294049509016,-0.00618579726669
19.0,1.5,0.0,0.0,0.0,0.0,0.0,0.0,0.293937435622,-0.00619812518511
19.0,2.0,0.0,0.0,0.0,0.0,0.0,0.0,0.293825798842,-0.00621043418986
19.0,2.5,0.0,0.0,0.0,0.0,0.0,0.0,0.293714592141,-0.00622272474234
19.0,3.0,0.0,0.0,0.0,0.0,0.0,0.0,0.295187368772,-0.00606227388864
19.0,3.5,0.0,0.0,0.0,0.0,0.0,0.0,0.296652082269,-0.00590756663911
19.0,4.0,0.0,0.0,0.0,0.0,0.0,0.0,0.297317137898,-0.00583887680257
19.0,4.5,0.0,0.0,0.0,0.0,0.0,0.0,0.297978295123,-0.00577153080378
19.0,5.0,0.0,0.0,0.0,0.0,0.0,0.0,0.298635492275,-0.00570550339205
19.0,5.5,0.0,0.0,0.0,0.0,0.0,0.0,0.29928866909,-0.00564076972969
19.0,6.0,0.0,0.0,0.0,0.0,0.0,0.0,0.299146938208,-0.00565474143985
19.0,6.5,0.0,0.0,0.0,0.0,0.0,0.0,0.299006098817,-0.00566866613131
19.0,7.0,0.0,0.0,0.0,0.0,0.0,0.0,0.298866128415,-0.00568254540263
19.0,7.5,0.0,0.0,0.0,0.0,0.0,0.0,0.298727005301,-0.00569638079848
19.0,8.0,0.0,0.0,0.0,0.0,0.0,0.0,0.298588708547,-0.0057101738118
19.0,8.5,0.0,0.0,0.0,0.0,0.0,0.0,0.298451217958,-0.00572392588562
19.0,9.0,0.0,0.0,0.0,0.0,0.0,0.0,0.298314514097,-0.00573763841038
19.0,9.5,0.0,0.0,0.0,0.0,0.0,0.0,0.298178578285,-0.0057513127222
19.0,10.0,0.0,0.0,0.0,0.0,0.0,0.00423862493898,0.298043392594,-0.00576495010238
19.0,10.5,0.0,0.0,0.0,0.0,0.0,0.0,0.297908778981,-0.00577856807311
19,11.0,1.2640485873553136,0.049467555537975307,16.162713036910034,False,0.04301678863854674,0.3069380858613422,0.2977750426922143,-0.005792135261525328
19,11.5,1.2676751136206335,0.05622940796473885,15.91965437702439,False,0.03907656102669761,0.2242909743744931,0.2976284815294402,-0.005807047109710003
19,12.0,1.2856020539296464,0.061008737705699805,15.785202419948542,False,0.03766650776409339,0.26946800567701457,0.29748548582275225,-0.0058216402970589914
19,12.5,1.3151687178346554,0.06555092582532128,15.69027937044171,True,0.03723098983640369,0.3798528778248098,0.2973412654548991,-0.005836402744489281
19,13.0,1.2650196938112304,0.06566031973413886,15.603262379993142,True,0.0347355658819517,0.3341552467992606,0.29719334098943795,-0.005851590703622591
19.0,13.5,0.0,0.0,0.0,0.0,0.0,0.502143046783,0.297047790781,-0.0058665808741
19.0,14.0,0.0,0.0,0.0,0.0,0.0,0.211958985666,0.296898988831,-0.00588195326299
19.0,14.5,0.0,0.0,0.0,0.0,0.0,0.161187020673,0.296761818889,-0.0058961665055
19.0,15.0,0.0,0.0,0.0,0.0,0.0,0.169376498011,0.296627183777,-0.00591015690605
19.0,15.5,0.0,0.0,0.0,0.0,0.0,0.0976220100069,0.296492834929,-0.0059241570042
19.0,16.0,0.0,0.0,0.0,0.0,0.0,0.0,0.296361795727,-0.00593785029561
19.0,16.5,0.0,0.0,0.0,0.0,0.0,0.0,0.296235037827,-0.00595113209895
19.0,17.0,0.0,0.0,0.0,0.0,0.0,0.0,0.296108846914,-0.00596438966783
19.0,17.5,0.0,0.0,0.0,0.0,0.0,0.0,0.29598321385,-0.00597762360034
19.0,18.0,0.0,0.0,0.0,0.0,0.0,0.0,0.295858129908,-0.0059908344612
19.0,18.5,0.0,0.0,0.0,0.0,0.0,0.0,0.295733586745,-0.00600402278336
19.0,19.0,0.0,0.0,0.0,0.0,0.0,0.0,0.295609576388,-0.00601718906947
19.0,19.5,0.0,0.0,0.0,0.0,0.0,0.0,0.295486091213,-0.00603033379332
19.0,20.0,0.0,0.0,0.0,0.0,0.0,0.0,0.295363123927,-0.00604345740117
19.0,20.5,0.0,0.0,0.0,0.0,0.0,0.0,0.295240667557,-0.00605656031313
19.0,21.0,0.0,0.0,0.0,0.0,0.0,0.0,0.295118715424,-0.00606964292433
19.0,21.5,0.0,0.0,0.0,0.0,0.0,0.0,0.294997261139,-0.00608270560621
19.0,22.0,0.0,0.0,0.0,0.0,0.0,0.0,0.294876298581,-0.00609574870758
19.0,22.5,0.0,0.0,0.0,0.0,0.0,0.0,0.294755821886,-0.00610877255582
19.0,23.0,0.0,0.0,0.0,0.0,0.0,0.0,0.294635825435,-0.00612177745783
19.0,23.5,0.0,0.0,0.0,0.0,0.0,0.0,0.294516303837,-0.00613476370114
19.0,24.0,0.0,0.0,0.0,0.0,0.0,0.0,0.294397251925,-0.00614773155479
20.0,0.5,0.0,0.0,0.0,0.0,0.0,0.0,0.294278664737,-0.0061606812703
20.0,1.0,0.0,0.0,0.0,0.0,0.0,0.0,0.29416053751,-0.00617361308257
20.0,1.5,0.0,0.0,0.0,0.0,0.0,0.0,0.294042865669,-0.00618652721064
20.0,2.0,0.0,0.0,0.0,0.0,0.0,0.0,0.293925644816,-0.00619942385861
20.0,2.5,0.0,0.0,0.0,0.0,0.0,0.0,0.293808870722,-0.00621230321632
20.0,3.0,0.0,0.0,0.0,0.0,0.0,0.0,0.293692539317,-0.00622516546013
20.0,3.5,0.0,0.0,0.0,0.0,0.0,0.0,0.293576646683,-0.00623801075361
20.0,4.0,0.0,0.0,0.0,0.0,0.0,0.0,0.293461189047,-0.00625083924824
20.0,4.5,0.0,0.0,0.0,0.0,0.0,0.0,0.293346162771,-0.006263651084
20.0,5.0,0.0,0.0,0.0,0.0,0.0,0.0,0.293231564344,-0.00627644639004
20.0,5.5,0.0,0.0,0.0,0.0,0.0,0.0,0.293117390382,-0.00628922528522
20.0,6.0,0.0,0.0,0.0,0.0,0.0,0.0,0.293003637612,-0.00630198787873
20.0,6.5,0.0,0.0,0.0,0.0,0.0,0.0,0.292890302874,-0.00631473427054
20.0,7.0,0.0,0.0,0.0,0.0,0.0,0.0,0.292777383108,-0.00632746455199
20.0,7.5,0.0,0.0,0.0,0.0,0.0,0.0,0.292664875357,-0.00634017880623
20.0,8.0,0.0,0.0,0.0,0.0,0.0,0.0,0.292552776752,-0.00635287710871
20.0,8.5,0.0,0.0,0.0,0.0,0.0,0.0,0.293232900003,-0.00627629707993
20.0,9.0,0.0,0.0,0.0,0.0,0.0,0.0,0.293117657801,-0.00628919531818
20.0,9.5,0.0,0.0,0.0,0.0,0.0,0.0,0.293002868772,-0.00630207424441
20.0,10.0,0.0,0.0,0.0,0.0,0.0,0.0,0.292888529119,-0.00631493400294
20.0,10.5,0.0,0.0,0.0,0.0,0.0,0.0,0.29356637768,-0.0062391504705
20.0,11.0,0.0,0.0,0.0,0.0,0.0,0.0,0.293448902425,-0.00625220626407
20.0,11.5,0.0,0.0,0.0,0.0,0.0,0.0,0.29333192097,-0.00626523953736
20.0,12.0,0.0,0.0,0.0,0.0,0.0,0.0,0.293215428534,-0.00627825050864
20.0,12.5,0.0,0.0,0.0,0.0,0.0,0.0,0.293099420464,-0.00629123938665
20.0,13.0,0.0,0.0,0.0,0.0,0.0,0.0,0.292983892234,-0.00630420637086
20.0,13.5,0.0,0.0,0.0,0.0,0.0,0.0,0.292868839438,-0.00631715165194
20.0,14.0,0.0,0.0,0.0,0.0,0.0,0.0,0.292754257784,-0.00633007541203
20.0,14.5,0.0,0.0,0.0,0.0,0.0,0.0,0.292640143091,-0.00634297782515
20.0,15.0,0.0,0.0,0.0,0.0,0.0,0.0,0.293318241827,-0.00626676568693
20.0,15.5,0.0,0.0,0.0,0.0,0.0,0.0,0.294784161918,-0.00610570594393
20.0,16.0,0.0,0.0,0.0,0.0,0.0,0.0,0.295450450885,-0.00603413398777
20.0,16.5,0.0,0.0,0.0,0.0,0.0,0.0,0.296112872232,-0.00596396622646
20.0,17.0,0.0,0.0,0.0,0.0,0.0,0.0,0.302304682717,-0.00535297867103
20.0,17.5,0.0,0.0,0.0,0.0,0.0,0.0,0.306867462601,-0.00495013061241
20.0,18.0,0.0,0.0,0.0,0.0,0.0,0.0,0.307764696105,-0.00487522280187
20.0,18.5,0.0,0.0,0.0,0.0,0.0,0.0,0.310208585097,-0.0046779368541
20.0,19.0,0.0,0.0,0.0,0.0,0.0,0.0,0.313753974033,-0.00440836981943
20.0,19.5,0.0,0.0,0.0,0.0,0.0,0.0,0.317173947633,-0.00416570036325
20.0,20.0,0.0,0.0,0.0,0.0,0.0,0.0,0.320452758912,-0.00394785057358
20.0,20.5,0.0,0.0,0.0,0.0,0.0,0.0,0.321829541225,-0.00386043787651
20.0,21.0,0.0,0.0,0.0,0.0,0.0,0.0,0.322191957059,-0.0038378125708
20.0,21.5,0.0,0.0,0.0,0.0,0.0,0.0,0.321772247339,-0.00386402921517
20.0,22.0,0.0,0.0,0.0,0.0,0.0,0.0,0.321364932852,-0.00388967587548
20.0,22.5,0.0,0.0,0.0,0.0,0.0,0.0,0.320968879673,-0.00391480817904
20.0,23.0,0.0,0.0,0.0,0.0,0.0,0.0,0.320583094094,-0.00393947516913
20.0,23.5,0.0,0.0,0.0,0.0,0.0,0.0,0.320206700473,-0.00396372032086
20.0,24.0,0.0,0.0,0.0,0.0,0.0,0.0,0.319838923309,-0.00398758236717
21.0,0.5,0.0,0.0,0.0,0.0,0.0,0.0,0.319479072596,-0.00401109597615
21.0,1.0,0.0,0.0,0.0,0.0,0.0,0.0,0.319126531774,-0.00403429231069
21.0,1.5,0.0,0.0,0.0,0.0,0.0,0.0,0.318780747732,-0.00405719949422
21.0,2.0,0.0,0.0,0.0,0.0,0.0,0.0,0.318441222462,-0.00407984300131
21.0,2.5,0.0,0.0,0.0,0.0,0.0,0.0,0.31810750621,-0.00410224597564
21.0,3.0,0.0,0.0,0.0,0.0,0.0,0.0,0.317779191736,-0.004124429496
21.0,3.5,0.0,0.0,0.0,0.0,0.0,0.0,0.317455909334,-0.00414641280975
21.0,4.0,0.0,0.0,0.0,0.0,0.0,0.0,0.317137322534,-0.00416821353525
21.0,4.5,0.0,0.0,0.0,0.0,0.0,0.0,0.316823124395,-0.00418984783746
21.0,5.0,0.0,0.0,0.0,0.0,0.0,0.0,0.3165130343,-0.00421133058045
21.0,5.5,0.0,0.0,0.0,0.0,0.0,0.0,0.316992437212,-0.00417817312346
21.0,6.0,0.0,0.0,0.0,0.0,0.0,0.0,0.316680018745,-0.00419974579453
21.0,6.5,0.0,0.0,0.0,0.0,0.0,0.0,0.316371360186,-0.00422118929127
21.0,7.0,0.0,0.0,0.0,0.0,0.0,0.0,0.316066246479,-0.00424251485139
21.0,7.5,0.0,0.0,0.0,0.0,0.0,0.0,0.316550265662,-0.00420874430638
21.0,8.0,0.0,0.0,0.0,0.0,0.0,0.0,0.317027580494,-0.0041757547304
21.0,8.5,0.0,0.0,0.0,0.0,0.0,0.0,0.316712802437,-0.00419747583998
21.0,9.0,0.0,0.0,0.0,0.0,0.0,0.0,0.316401561218,-0.00421908538063
21.0,9.5,0.0,0.0,0.0,0.0,0.0,0.0,0.316093683726,-0.00424059191322
21.0,10.0,0.0,0.0,0.0,0.0,0.0,0.0,0.315789014677,-0.00426200302925
21.0,10.5,0.0,0.0,0.0,0.0,0.0,0.0,0.31548741484,-0.00428332543715
21.0,11.0,0.0,0.0,0.0,0.0,0.0,0.0,0.315188759394,-0.00430456504455
21.0,11.5,0.0,0.0,0.0,0.0,0.0,0.0180577802517,0.314892936418,-0.00432572703531
21.0,12.0,0.0,0.0,0.0,0.0,0.0,0.0111990659503,0.314599160226,-0.00434686539337
21.0,12.5,0.0,0.0,0.0,0.0,0.0,0.0,0.314308286287,-0.00436791629001
21.0,13.0,0.0,0.0,0.0,0.0,0.0,0.0576237619549,0.314020398369,-0.00438887079332
21.0,13.5,0.0,0.0,0.0,0.0,0.0,0.123900647334,0.313732811849,-0.0044099230547
21.0,14.0,0.0,0.0,0.0,0.0,0.0,0.165361512152,0.313445132787,-0.00443110257657
21.0,14.5,0.0,0.0,0.0,0.0,0.0,0.0538762577061,0.313158243822,-0.0044523447364
21.0,15.0,0.0,0.0,0.0,0.0,0.0,0.0,0.312877895824,-0.00447321989659
21.0,15.5,0.0,0.0,0.0,0.0,0.0,0.0,0.312601854158,-0.00449388844085
21.0,16.0,0.0,0.0,0.0,0.0,0.0,0.0,0.312328030315,-0.0045145034406
21.0,16.5,0.0,0.0,0.0,0.0,0.0,0.0,0.312056384336,-0.00453506590889
21.0,17.0,0.0,0.0,0.0,0.0,0.0,0.0,0.311786879734,-0.00455557665188
21.0,17.5,0.0,0.0,0.0,0.0,0.0,0.0,0.311519483078,-0.00457603629403
21.0,18.0,0.0,0.0,0.0,0.0,0.0,0.0,0.311254163615,-0.00459644530075
21.0,18.5,0.0,0.0,0.0,0.0,0.0,0.0,0.310990892938,-0.00461680399885
21.0,19.0,0.0,0.0,0.0,0.0,0.0,0.0,0.310729644695,-0.00463711259482
21.0,19.5,0.0,0.0,0.0,0.0,0.0,0.0,0.310470394321,-0.00465737119135
21.0,20.0,0.0,0.0,0.0,0.0,0.0,0.0,0.310213118808,-0.00467757980209
21.0,20.5,0.0,0.0,0.0,0.0,0.0,0.0,0.309957796499,-0.00469773836485
21.0,21.0,0.0,0.0,0.0,0.0,0.0,0.0,0.309704406907,-0.00471784675348
21.0,21.5,0.0,0.0,0.0,0.0,0.0,0.0,0.309452930552,-0.00473790478839
21.0,22.0,0.0,0.0,0.0,0.0,0.0,0.0,0.309203348825,-0.00475791224599
21.0,22.5,0.0,0.0,0.0,0.0,0.0,0.0,0.308955643859,-0.00477786886707
21.0,23.0,0.0,0.0,0.0,0.0,0.0,0.0,0.308709798422,-0.0047977743642
21.0,23.5,0.0,0.0,0.0,0.0,0.0,0.0,0.308465795824,-0.00481762842837
21.0,24.0,0.0,0.0,0.0,0.0,0.0,0.0,0.308223619829,-0.00483743073475
22.0,0.5,0.0,0.0,0.0,0.0,0.0,0.0,0.307983254591,-0.00485718094786
22.0,1.0,0.0,0.0,0.0,0.0,0.0,0.0,0.307744684584,-0.00487687872603
22.0,1.5,0.0,0.0,0.0,0.0,0.0,0.0,0.307507894553,-0.00489652372536
22.0,2.0,0.0,0.0,0.0,0.0,0.0,0.0,0.307272869463,-0.00491611560314
22.0,2.5,0.0,0.0,0.0,0.0,0.0,0.0,0.307039594467,-0.00493565402079
22.0,3.0,0.0,0.0,0.0,0.0,0.0,0.0,0.306808054866,-0.00495513864646
22.0,3.5,0.0,0.0,0.0,0.0,0.0,0.0,0.306578236083,-0.00497456915719
22.0,4.0,0.0,0.0,0.0,0.0,0.0,0.0,0.30635012364,-0.0049939452408
22.0,4.5,0.0,0.0,0.0,0.0,0.0,0.0,0.306123703137,-0.00501326659743
22.0,5.0,0.0,0.0,0.0,0.0,0.0,0.0,0.305898960237,-0.00503253294083
22.0,5.5,0.0,0.0,0.0,0.0,0.0,0.0,0.305675880654,-0.00505174399948
22.0,6.0,0.0,0.0,0.0,0.0,0.0,0.0,0.30545445014,-0.00507089951742
22.0,6.5,0.0,0.0,0.0,0.0,0.0,0.0,0.30523465448,-0.0050899992549
22.0,7.0,0.0,0.0,0.0,0.0,0.0,0.0,0.305016479487,-0.00510904298892
22.0,7.5,0.0,0.0,0.0,0.0,0.0,0.0,0.304799910993,-0.00512803051362
22.0,8.0,0.0,0.0,0.0,0.0,0.0,0.0,0.304584934851,-0.00514696164044
22.0,8.5,0.0,0.0,0.0,0.0,0.0,0.0,0.304371536935,-0.00516583619832
22.0,9.0,0.0,0.0,0.0,0.0,0.0,0.0,0.304159703135,-0.00518465403368
22.0,9.5,0.0,0.0,0.0,0.0,0.0,0.0,0.30394941936,-0.00520341501039
22.0,10.0,0.0,0.0,0.0,0.0,0.0,0.0,0.304529350763,-0.00515187000096
22.0,10.5,0.0,0.0,0.0,0.0,0.0,0.0,0.305103667125,-0.00510142251751
22.0,11.0,0.0,0.0,0.0,0.0,0.0,0.0622240565908,0.307248323782,-0.00491816713252
22.0,11.5,0.0,0.0,0.0,0.0,0.0,0.14822077036,0.30700565826,-0.00493850411895
22,12.0,1.4726350211225112,0.06503746123807327,15.938179839557755,False,0.045722791803483875,0.1599178159785777,0.30676217526640853,-0.0049590103989934
22,12.5,1.6870797426177857,0.0847682077110667,15.687581069907116,False,0.047713563609994965,0.33610038093596106,0.30651816803686593,-0.004979662692036977
22.0,13.0,0.0,0.0,0.0,0.0,0.0,0.0321725363987,0.307056968752,-0.00493419561755
22.0,13.5,0.0,0.0,0.0,0.0,0.0,0.094602272758,0.306817215159,-0.00495436604616
22,14.0,1.5091796208955361,0.06845615032706395,15.925807563651674,True,0.04663222929049732,0.8023653221650296,0.3065775456803404,-0.0049746276653941076
22,14.5,1.333712592512222,0.06971928069173332,15.605195178885877,False,0.036646222705892094,0.45604220153515856,0.3063108109265744,-0.0049972935764250204
22.0,15.0,0.0,0.0,0.0,0.0,0.0,0.187300660707,0.306059504942,-0.00501876108134
22.0,15.5,0.0,0.0,0.0,0.0,0.0,0.0813806275891,0.305823321399,-0.00503903700008
22.0,16.0,0.0,0.0,0.0,0.0,0.0,0.0,0.305593381946,-0.00505887070645
22.0,16.5,0.0,0.0,0.0,0.0,0.0,0.0,0.30536870421,-0.00507834046585
22.0,17.0,0.0,0.0,0.0,0.0,0.0,0.0,0.305146150901,-0.00509771421057
22.0,17.5,0.0,0.0,0.0,0.0,0.0,0.0,0.304925675204,-0.00511699398947
22.0,18.0,0.0,0.0,0.0,0.0,0.0,0.0,0.304707232269,-0.00513618175228
22.0,18.5,0.0,0.0,0.0,0.0,0.0,0.0,0.304490779095,-0.00515527935538
22.0,19.0,0.0,0.0,0.0,0.0,0.0,0.0,0.304276274431,-0.0051742885672
22.0,19.5,0.0,0.0,0.0,0.0,0.0,0.0,0.304063678668,-0.00519321107339
22.0,20.0,0.0,0.0,0.0,0.0,0.0,0.0,0.303852953752,-0.00521204848168
22.0,20.5,0.0,0.0,0.0,0.0,0.0,0.0,0.303644063094,-0.00523080232646
22.0,21.0,0.0,0.0,0.0,0.0,0.0,0.0,0.30343697149,-0.00524947407317
22.0,21.5,0.0,0.0,0.0,0.0,0.0,0.0,0.30323164504,-0.00526806512232
22.0,22.0,0.0,0.0,0.0,0.0,0.0,0.0,0.30302805108,-0.00528657681335
22.0,22.5,0.0,0.0,0.0,0.0,0.0,0.0,0.302826158114,-0.00530501042826
22.0,23.0,0.0,0.0,0.0,0.0,0.0,0.0,0.302625935749,-0.00532336719494
22.0,23.5,0.0,0.0,0.0,0.0,0.0,0.0,0.302427354638,-0.0053416482904
22.0,24.0,0.0,0.0,0.0,0.0,0.0,0.0,0.302230386423,-0.00535985484373
23.0,0.5,0.0,0.0,0.0,0.0,0.0,0.0,0.302035003685,-0.0053779879389
23.0,1.0,0.0,0.0,0.0,0.0,0.0,0.0,0.301841179894,-0.00539604861737
23.0,1.5,0.0,0.0,0.0,0.0,0.0,0.0,0.301648889365,-0.00541403788054
23.0,2.0,0.0,0.0,0.0,0.0,0.0,0.0,0.301458107214,-0.00543195669211
23.0,2.5,0.0,0.0,0.0,0.0,0.0,0.0,0.301268809319,-0.00544980598016
23.0,3.0,0.0,0.0,0.0,0.0,0.0,0.0,0.301080972283,-0.00546758663921
23.0,3.5,0.0,0.0,0.0,0.0,0.0,0.0,0.300894573398,-0.00548529953215
23.0,4.0,0.0,0.0,0.0,0.0,0.0,0.0,0.300709590611,-0.00550294549194
23.0,4.5,0.0,0.0,0.0,0.0,0.0,0.0,0.300526002497,-0.00552052532334
23.0,5.0,0.0,0.0,0.0,0.0,0.0,0.0,0.300343788226,-0.00553803980444
23.0,5.5,0.0,0.0,0.0,0.0,0.0,0.0,0.300162927537,-0.00555548968815
23.0,6.0,0.0,0.0,0.0,0.0,0.0,0.0,0.299983400712,-0.00557287570351
23.0,6.5,0.0,0.0,0.0,0.0,0.0,0.0,0.299805188554,-0.00559019855707
23.0,7.0,0.0,0.0,0.0,0.0,0.0,0.0,0.299628272362,-0.005607458934
23.0,7.5,0.0,0.0,0.0,0.0,0.0,0.0,0.299452633909,-0.0056246574993
23.0,8.0,0.0,0.0,0.0,0.0,0.0,0.0,0.299278255426,-0.0056417948988
23.0,8.5,0.0,0.0,0.0,0.0,0.0,0.0,0.299105119578,-0.00565887176019
23.0,9.0,0.0,0.0,0.0,0.0,0.0,0.0197924165522,0.298933209447,-0.00567588869395
23.0,9.5,0.0,0.0,0.0,0.0,0.0,0.0522080749214,0.298761757399,-0.00569292104463
23,10.0,1.0164236220346488,0.04464452807092911,15.95377101558063,True,0.031751448421478354,0.11650410379769367,0.29859026825261975,-0.005710018032955919
23,10.5,1.200417677293455,0.05815581962321104,15.767504335216545,True,0.03494291658889826,0.2802378499270043,0.29841582213237394,-0.00572747262920363
23,11.0,1.2935211215434916,0.066698465331497,15.634432336157742,True,0.03590451863045988,0.21284585853977037,0.29823581148399186,-0.005745550684824707
23.0,11.5,0.0,0.0,0.0,0.0,0.0,0.0999351231363,0.298059181017,-0.00576335539845
23,12.0,1.4010942206247452,0.07822484951557669,15.467881820713062,True,0.03675424191312941,0.2714212185989734,0.2978904988329229,-0.005780420309422823
23.0,12.5,0.0,0.0,0.0,0.0,0.0,0.0769256960141,0.299293503378,-0.00564029389552
23.0,13.0,0.0,0.0,0.0,0.0,0.0,0.0201852094347,0.300695947783,-0.00550424959068
23.0,13.5,0.0,0.0,0.0,0.0,0.0,0.0620769296408,0.302089216066,-0.00537294927536
23.0,14.0,0.0,0.0,0.0,0.0,0.0,0.0,0.305046251047,-0.00510643933779
23.0,14.5,0.0,0.0,0.0,0.0,0.0,0.0,0.308764072231,-0.00479337146233
23.0,15.0,0.0,0.0,0.0,0.0,0.0,0.0,0.313225604481,-0.00444734626185
23.0,15.5,0.0,0.0,0.0,0.0,0.0,0.0,0.314489510374,-0.00435478665957
23.0,16.0,0.0,0.0,0.0,0.0,0.0,0.0,0.314168830317,-0.00437805195333
23.0,16.5,0.0,0.0,0.0,0.0,0.0,0.0,0.314640175596,-0.00434390679544
23.0,17.0,0.0,0.0,0.0,0.0,0.0,0.0,0.314322447052,-0.00436688864971
23.0,17.5,0.0,0.0,0.0,0.0,0.0,0.0,0.314011056175,-0.00438955278777
23.0,18.0,0.0,0.0,0.0,0.0,0.0,0.0,0.313705627887,-0.00441191922565
23.0,18.5,0.0,0.0,0.0,0.0,0.0,0.0,0.313405818973,-0.00443400634361
23.0,19.0,0.0,0.0,0.0,0.0,0.0,0.0,0.313111314551,-0.00445583106315
23.0,19.5,0.0,0.0,0.0,0.0,0.0,0.0,0.312821825031,-0.00447740900006
23.0,20.0,0.0,0.0,0.0,0.0,0.0,0.0,0.312537083473,-0.00449875459738
23.0,20.5,0.0,0.0,0.0,0.0,0.0,0.0,0.312256843297,-0.0045198812412
23.0,21.0,0.0,0.0,0.0,0.0,0.0,0.0,0.311980876268,-0.00454080136213
23.0,21.5,0.0,0.0,0.0,0.0,0.0,0.0,0.311708970744,-0.00456152652421
23.0,22.0,0.0,0.0,0.0,0.0,0.0,0.0,0.311440930124,-0.00458206750335
23.0,22.5,0.0,0.0,0.0,0.0,0.0,0.0,0.311176571482,-0.0046024343566
23.0,23.0,0.0,0.0,0.0,0.0,0.0,0.0,0.310915724359,-0.00462263648353
23.0,23.5,0.0,0.0,0.0,0.0,0.0,0.0,0.310658229684,-0.00464268268087
23.0,24.0,0.0,0.0,0.0,0.0,0.0,0.0,0.310403938821,-0.00466258119108
24.0,0.5,0.0,0.0,0.0,0.0,0.0,0.0,0.310152712709,-0.00468233974596
24.0,1.0,0.0,0.0,0.0,0.0,0.0,0.0,0.309904421096,-0.00470196560554
24.0,1.5,0.0,0.0,0.0,0.0,0.0,0.0,0.309658941952,-0.00472146558548
24.0,2.0,0.0,0.0,0.0,0.0,0.0,0.0,0.309416161289,-0.0047408460527
24.0,2.5,0.0,0.0,0.0,0.0,0.0,0.0,0.309175972802,-0.00476011293698
24.0,3.0,0.0,0.0,0.0,0.0,0.0,0.0,0.309726045466,-0.00471612556981
24.0,3.5,0.0,0.0,0.0,0.0,0.0,0.0,0.309482945825,-0.00473550540419
24.0,4.0,0.0,0.0,0.0,0.0,0.0,0.0,0.309242394654,-0.0047547755452
24.0,4.5,0.0,0.0,0.0,0.0,0.0,0.0,0.309004297061,-0.00477394120979
24.0,5.0,0.0,0.0,0.0,0.0,0.0,0.0,0.30876856459,-0.00479300724055
24.0,5.5,0.0,0.0,0.0,0.0,0.0,0.0,0.308535114789,-0.00481197812731
24.0,6.0,0.0,0.0,0.0,0.0,0.0,0.0,0.308303870794,-0.00483085802901
24.0,6.5,0.0,0.0,0.0,0.0,0.0,0.0,0.309650591392,-0.00472213061679
24.0,7.0,0.0,0.0,0.0,0.0,0.0,0.0,0.311770288864,-0.00455684291348
24.0,7.5,0.0,0.0,0.0,0.0,0.0,0.0,0.313079383886,-0.00445820501857
24.0,8.0,0.0,0.0,0.0,0.0,0.0,0.0,0.313587112051,-0.00442063466152
24.0,8.5,0.0,0.0,0.0,0.0,0.0,0.0,0.31487533306,-0.00432699021191
24.0,9.0,0.0,0.0,0.0,0.0,0.0,0.0,0.317718037612,-0.00412857732726
24.0,9.5,0.0,0.0,0.0,0.0,0.0,0.0,0.318952788561,-0.00404578297479
24.0,10.0,0.0,0.0,0.0,0.0,0.0,0.0,0.323303065752,-0.00376942515531
24.0,10.5,0.0,0.0,0.0,0.0,0.0,0.0,0.322888898438,-0.00379474557234
24.0,11.0,0.0,0.0,0.0,0.0,0.0,0.0,0.323266977552,-0.00377162341091
24,11.5,2.7939918983577656,0.1325533843483907,15.818231481030006,False,0.0828686216508827,0.4394382103544291,0.3228587968136686,-0.00379659374393908
24.0,12.0,0.0,0.0,0.0,0.0,0.0,0.114772832181,0.322437665826,-0.00382256303119
24,12.5,1.8291188438826793,0.09343600078689811,15.66680327343614,False,0.05135130074842136,0.16851487375145485,0.3220419239876649,-0.0038471597887225787
24.0,13.0,0.0,0.0,0.0,0.0,0.0,0.0661121208712,0.32164799053,-0.00387183166196
24,13.5,1.7524714259262981,0.07331854412694018,16.071276283223497,False,0.057393021577778036,0.2574762991263313,0.32126830453089655,-0.00389578983536746
24.0,14.0,0.0,0.0,0.0,0.0,0.0,0.339738122845,0.321668538397,-0.00387054010703
24.0,14.5,0.0,0.0,0.0,0.0,0.0,0.0,0.322845628093,-0.0037974026108
24.0,15.0,0.0,0.0,0.0,0.0,0.0,0.0,0.322451099246,-0.00382173138995
24.0,15.5,0.0,0.0,0.0,0.0,0.0,0.0,0.322846291772,-0.00379736184047
24.0,16.0,0.0,0.0,0.0,0.0,0.0,0.0,0.323235303419,-0.00377355404938
24.0,16.5,0.0,0.0,0.0,0.0,0.0,0.0,0.322835262276,-0.00379803945836
24.0,17.0,0.0,0.0,0.0,0.0,0.0,0.0,0.322441455435,-0.00382232840084
24.0,17.5,0.0,0.0,0.0,0.0,0.0,0.0,0.322053402832,-0.00384644368714
24.0,18.0,0.0,0.0,0.0,0.0,0.0,0.0,0.321670684998,-0.00387040521006
24.0,18.5,0.0,0.0,0.0,0.0,0.0,0.0,0.321292936951,-0.00389423018246
24.0,19.0,0.0,0.0,0.0,0.0,0.0,0.0,0.320919841919,-0.00391793340506
24.0,19.5,0.0,0.0,0.0,0.0,0.0,0.0,0.321334861123,-0.00389157737668
24.0,20.0,0.0,0.0,0.0,0.0,0.0,0.0,0.32095868762,-0.00391545748439
24.0,20.5,0.0,0.0,0.0,0.0,0.0,0.0,0.320586893879,-0.00393923131081
24.0,21.0,0.0,0.0,0.0,0.0,0.0,0.0,0.320219262258,-0.00396290829896
24.0,21.5,0.0,0.0,0.0,0.0,0.0,0.0,0.319855603561,-0.00398649642343
24.0,22.0,0.0,0.0,0.0,0.0,0.0,0.0,0.319495753428,-0.00401000236074
24.0,22.5,0.0,0.0,0.0,0.0,0.0,0.0,0.319139569088,-0.00403343164555
24.0,23.0,0.0,0.0,0.0,0.0,0.0,0.0,0.318786926482,-0.00405678881233
24.0,23.5,0.0,0.0,0.0,0.0,0.0,0.0,0.318437717711,-0.004080077523
24.0,24.0,0.0,0.0,0.0,0.0,0.0,0.0,0.318091848792,-0.00410330068124
25.0,0.5,0.0,0.0,0.0,0.0,0.0,0.0,0.317749237688,-0.00412646053448
25.0,1.0,0.0,0.0,0.0,0.0,0.0,0.0,0.317409812583,-0.00414955876469
25.0,1.5,0.0,0.0,0.0,0.0,0.0,0.0,0.317073510373,-0.00417259656898
25.0,2.0,0.0,0.0,0.0,0.0,0.0,0.0,0.316740275357,-0.00419557473091
25.0,2.5,0.0,0.0,0.0,0.0,0.0,0.0,0.316410058092,-0.00421849368356
25.0,3.0,0.0,0.0,0.0,0.0,0.0,0.0,0.316082814401,-0.00424135356515
25.0,3.5,0.0,0.0,0.0,0.0,0.0,0.0,0.315758504518,-0.0042641542679
25.0,4.0,0.0,0.0,0.0,0.0,0.0,0.0,0.315437092349,-0.00428689548102
25.0,4.5,0.0,0.0,0.0,0.0,0.0,0.0,0.31511854483,-0.00430957672826
25.0,5.0,0.0,0.0,0.0,0.0,0.0,0.0,0.314802831385,-0.0043321974008
25.0,5.5,0.0,0.0,0.0,0.0,0.0,0.0,0.314489923455,-0.00435475678574
25.0,6.0,0.0,0.0,0.0,0.0,0.0,0.0,0.314179794101,-0.00437725409104
25.0,6.5,0.0,0.0,0.0,0.0,0.0,0.0,0.313872417666,-0.00439968846685
25.0,7.0,0.0,0.0,0.0,0.0,0.0,0.0,0.31356776949,-0.00442205902411
25.0,7.5,0.0,0.0,0.0,0.0,0.0,0.0,0.31326582567,-0.00444436485033
25.0,8.0,0.0,0.0,0.0,0.0,0.0,0.0,0.31296656286,-0.00446660502313
25.0,8.5,0.0,0.0,0.0,0.0,0.0,0.0,0.312669958106,-0.00448877862173
25.0,9.0,0.0,0.0,0.0,0.0,0.0,0.118663790473,0.312375988713,-0.0045108847366
25,9.5,0.29182703369766694,0.007642429127749862,16.8439972026012,True,0.014016858091309817,0.46697716451961413,0.3120801288447222,-0.0045332641041035005
25,10.0,0.46493342061437215,0.014183421443508041,16.605993446588712,True,0.01952520145472227,0.5049031119866287,0.3117733507915509,-0.004556609187036294
25,10.5,0.54764194031582,0.017525403299357197,16.527466412833192,True,0.022083023414880346,0.5663989800509553,0.3114674530390803,-0.004580030044643129
25,11.0,0.6684534581255466,0.023353940846756637,16.411872248588953,True,0.0254624595683169,0.8307233438493409,0.31116163995169505,-0.004603587933893391
25,11.5,0.8771611241467785,0.0367524818098142,16.133699428193232,True,0.029484632129923676,1.3076713576051426,0.31084809718445283,-0.004627891318586896
25,12.0,0.9834582029687006,0.04556091659491723,15.918119587908006,True,0.03029744682089026,1.3730926684028344,0.31051844564178815,-0.004653608369062233
25,12.5,1.01501791977912,0.04969871037578605,15.773148784649408,True,0.0296072802347281,1.1329983564090818,0.310188454057275,-0.004679522664515452
25,13.0,1.0231905967151385,0.04954695044848436,15.779519971894166,True,0.02991556747937169,0.9108744347982092,0.30986987098314556,-0.004704704331849764
25,13.5,1.086233299036548,0.0617509008904833,15.460703368259779,True,0.028427342987381424,1.2731050132455264,0.3095621541172193,-0.0047291805381451954
25,14.0,0.9496752399722077,0.05855443116383825,15.239210185406561,True,0.023165333145215777,0.7919224812162529,0.309242635116439,-0.004754756235561674
25,14.5,0.7200461313532128,0.039885668346543515,15.44998613245963,True,0.01877780141463512,0.36040269933018143,0.3089438825894318,-0.004778818904172614
25,15.0,0.5417587087158452,0.030160566532584025,15.439919013412414,True,0.014081833454555182,0.22322157178389673,0.3086645755940149,-0.004801446696056159
25.0,15.5,0.0,0.0,0.0,0.0,0.0,0.113004861353,0.308393181081,-0.0048235558534
25.0,16.0,0.0,0.0,0.0,0.0,0.0,0.0,0.308129427699,-0.00484515884541
25.0,16.5,0.0,0.0,0.0,0.0,0.0,0.0,0.307872253018,-0.00486633409193
25.0,17.0,0.0,0.0,0.0,0.0,0.0,0.0,0.307617344797,-0.00488743162218
25.0,17.5,0.0,0.0,0.0,0.0,0.0,0.0,0.307364679271,-0.00490845116827
25.0,18.0,0.0,0.0,0.0,0.0,0.0,0.0,0.307901602007,-0.00486391198927
25.0,18.5,0.0,0.0,0.0,0.0,0.0,0.0,0.310792233354,-0.00463223747496
25.0,19.0,0.0,0.0,0.0,0.0,0.0,0.0,0.310503198963,-0.00465480191968
25.0,19.5,0.0,0.0,0.0,0.0,0.0,0.0,0.310217685947,-0.00467722015036
25.0,20.0,0.0,0.0,0.0,0.0,0.0,0.0,0.310721983153,-0.00463770978313
25.0,20.5,0.0,0.0,0.0,0.0,0.0,0.0,0.31043413033,-0.00466021336713
25.0,21.0,0.0,0.0,0.0,0.0,0.0,0.0,0.311722184443,-0.00456051674864
25.0,21.5,0.0,0.0,0.0,0.0,0.0,0.0,0.312208634593,-0.00452352748734
25.0,22.0,0.0,0.0,0.0,0.0,0.0,0.0,0.312689383997,-0.00448732237199
25.0,22.5,0.0,0.0,0.0,0.0,0.0,0.0,0.312378999968,-0.00451065763745
25.0,23.0,0.0,0.0,0.0,0.0,0.0,0.0,0.312858773179,-0.00447464804309
25.0,23.5,0.0,0.0,0.0,0.0,0.0,0.0,0.314902972937,-0.00432500703435
25.0,24.0,0.0,0.0,0.0,0.0,0.0,0.0,0.315350363133,-0.00429305666233
26.0,0.5,0.0,0.0,0.0,0.0,0.0,0.0,0.315792667601,-0.00426174555214
26.0,1.0,0.0,0.0,0.0,0.0,0.0,0.0,0.315445568842,-0.00428629388233
26.0,1.5,0.0,0.0,0.0,0.0,0.0,0.0,0.315889127934,-0.00425495322773
26.0,2.0,0.0,0.0,0.0,0.0,0.0,0.0,0.315543165043,-0.00427937446862
26.0,2.5,0.0,0.0,0.0,0.0,0.0,0.0,0.315203168392,-0.00430353743676
26.0,3.0,0.0,0.0,0.0,0.0,0.0,0.0,0.314868830499,-0.00432745693198
26.0,3.5,0.0,0.0,0.0,0.0,0.0,0.0,0.316893699137,-0.0041849767429
26.0,4.0,0.0,0.0,0.0,0.0,0.0,0.0,0.316537783326,-0.0042096111801
26.0,4.5,0.0,0.0,0.0,0.0,0.0,0.0,0.32088862196,-0.00391992463353
26.0,5.0,0.0,0.0,0.0,0.0,0.0,0.0,0.325265047691,-0.00365217883898
26.0,5.5,0.0,0.0,0.0,0.0,0.0,0.0,0.325936213291,-0.00361307153946
26.0,6.0,0.0,0.0,0.0,0.0,0.0,0.0,0.326233915711,-0.00359588494226
26.0,6.5,0.0,0.0,0.0,0.0,0.0,0.0,0.325749976287,-0.00362387291873
26.0,7.0,0.0,0.0,0.0,0.0,0.0,0.0,0.32527890578,-0.00365136627558
26.0,7.5,0.0,0.0,0.0,0.0,0.0,0.0,0.324819555897,-0.00367841522665
26.0,8.0,0.0,0.0,0.0,0.0,0.0,0.0,0.324370915889,-0.0037050642898
26.0,8.5,0.0,0.0,0.0,0.0,0.0,0.0,0.323932091755,-0.00373135312297
26.0,9.0,0.0,0.0,0.0,0.0,0.0,0.0,0.323502289376,-0.00375731720177
26.0,9.5,0.0,0.0,0.0,0.0,0.0,0.0210156844229,0.323080800738,-0.00378298837314
26,10.0,1.8495293065541973,0.1042925257041411,15.420526029441262,False,0.047771726264677815,0.1353350598276919,0.32266619502652677,-0.003808444474942162
26,10.5,2.0744406619077163,0.12388827017008609,15.29378274722987,False,0.05146290837424747,0.19765181712372124,0.322250405513383,-0.0038341784962313595
26,11.0,2.3510920642020765,0.14605150566508407,15.211688182826299,False,0.05686995705304837,0.3883919341103542,0.3218381093759586,-0.0038599011431182987
26.0,11.5,0.0,0.0,0.0,0.0,0.0,0.0345252128468,0.321423882817,-0.00388595155128
26.0,12.0,0.0,0.0,0.0,0.0,0.0,0.0,0.321034378494,-0.00391063850439
26.0,12.5,0.0,0.0,0.0,0.0,0.0,0.0714135285949,0.320651584311,-0.00393508243934
26,13.0,2.2141531449410867,0.15269829876641122,14.966946688133262,False,0.049847538963338156,0.2668133889242257,0.32027117245959086,-0.003959554808342339
26.0,13.5,0.0,0.0,0.0,0.0,0.0,0.0,0.319882373023,-0.00398475437267
26.0,14.0,0.0,0.0,0.0,0.0,0.0,0.0,0.31951407992,-0.00400880126342
26.0,14.5,0.0,0.0,0.0,0.0,0.0,0.0,0.319934045815,-0.00398139427616
26.0,15.0,0.0,0.0,0.0,0.0,0.0,0.0,0.31956286863,-0.00400560579603
26.0,15.5,0.0,0.0,0.0,0.0,0.0,0.0,0.319979966011,-0.00397841108307
26.0,16.0,0.0,0.0,0.0,0.0,0.0,0.0,0.323520115359,-0.00375623607567
26.0,16.5,0.0,0.0,0.0,0.0,0.0,0.0,0.328552551522,-0.00346530990118
26.0,17.0,0.0,0.0,0.0,0.0,0.0,0.0,0.333470517251,-0.00320657908523
26.0,17.5,0.0,0.0,0.0,0.0,0.0,0.0,0.336478065611,-0.00305968641939
26.0,18.0,0.0,0.0,0.0,0.0,0.0,0.0,0.336419886032,-0.00306245094897
26.0,18.5,0.0,0.0,0.0,0.0,0.0,0.0,0.336939574665,-0.00303786183297
26.0,19.0,0.0,0.0,0.0,0.0,0.0,0.0,0.336248453821,-0.00307061424598
26.0,19.5,0.0,0.0,0.0,0.0,0.0,0.0,0.336353775987,-0.00306559592498
26.0,20.0,0.0,0.0,0.0,0.0,0.0,0.0,0.335683791895,-0.00309768639269
26.0,20.5,0.0,0.0,0.0,0.0,0.0,0.0,0.335807018149,-0.00309175425428
26.0,21.0,0.0,0.0,0.0,0.0,0.0,0.0,0.335926860097,-0.00308599801552
26.0,21.5,0.0,0.0,0.0,0.0,0.0,0.0,0.338364337103,-0.00297164597822
26.0,22.0,0.0,0.0,0.0,0.0,0.0,0.0,0.346106910584,-0.00264046395695
26.0,22.5,0.0,0.0,0.0,0.0,0.0,0.0,0.351530815064,-0.00243450419895
26.0,23.0,0.0,0.0,0.0,0.0,0.0,0.0,0.356463206351,-0.0022636341336
26.0,23.5,0.0,0.0,0.0,0.0,0.0,0.0,0.361588485916,-0.00210099961151
26.0,24.0,0.0,0.0,0.0,0.0,0.0,0.0,0.363646799354,-0.00203962835968
27.0,0.5,0.0,0.0,0.0,0.0,0.0,0.0,0.364128909841,-0.00202556382845
27.0,1.0,0.0,0.0,0.0,0.0,0.0,0.0,0.366079591298,-0.00196982368783
27.0,1.5,0.0,0.0,0.0,0.0,0.0,0.0,0.367895123265,-0.00191958024361
27.0,2.0,0.0,0.0,0.0,0.0,0.0,0.0,0.374632845172,-0.00174598989788
27.0,2.5,0.0,0.0,0.0,0.0,0.0,0.0,0.37642604262,-0.00170298486523
27.0,3.0,0.0,0.0,0.0,0.0,0.0,0.0,0.376586700068,-0.00169919387803
27.0,3.5,0.0,0.0,0.0,0.0,0.0,0.0,0.375215710512,-0.00173187098023
27.0,4.0,0.0,0.0,0.0,0.0,0.0,0.0,0.374545906973,-0.0017481075615
27.0,4.5,0.0,0.0,0.0,0.0,0.0,0.0,0.376568346605,-0.00169962645029
27.0,5.0,0.0,0.0,0.0,0.0,0.0,0.0,0.373233383242,-0.00178045325338
27.0,5.5,0.0,0.0,0.0,0.0,0.0,0.0,0.370062476315,-0.00186158558555
27.0,6.0,0.0,0.0,0.0,0.0,0.0,0.0,0.36703987892,-0.00194305584618
27.0,6.5,0.0,0.0,0.0,0.0,0.0,0.0,0.364198085254,-0.00202355527822
27.0,7.0,0.0,0.0,0.0,0.0,0.0,0.0,0.361552349705,-0.00210209655907
27.0,7.5,0.0,0.0,0.0,0.0,0.0,0.0,0.359099711976,-0.00217816969603
27.0,8.0,0.0,0.0,0.0,0.0,0.0,0.0,0.356827420283,-0.00225159305256
27.0,8.5,0.0,0.0,0.0,0.0,0.0,0.0,0.354719079398,-0.00232237029783
27.0,9.0,0.0,0.0,0.0,0.0,0.0,0.0,0.352757901554,-0.00239059896193
27,9.5,1.4431974559765763,0.07381528141465596,15.643623306916103,False,0.04018801234747645,0.09537592286518701,0.3509281618801527,-0.00245641868703899
27,10.0,1.6552661408422078,0.08893212101722396,15.539951718324906,False,0.04447902834042813,0.16505786494452046,0.349209304765368,-0.00252022548448136
27,10.5,1.6896089560776308,0.09643372416240913,15.40132651401642,False,0.04337072089941116,0.3961505183160015,0.34759207731883607,-0.002582070410851431
27,11.0,3.404333319794255,0.20247008758344023,30.637184729660888,False,0.08511360982837993,0.6514926770185152,0.3460597669105283,-0.0026423431625536634
27,11.5,3.5619590826843086,0.2239500525604738,30.380505922892375,False,0.08560130344675154,0.7071386436563847,0.344598249232367,-0.002701399477315345
27,12.0,3.8902427057082543,0.26350541596443056,30.069364959563785,False,0.08929351454400267,1.155242100652841,0.3432100763493476,-0.002758953834061727
27,12.5,3.9223807890314513,0.2703431642670527,29.961008829089643,False,0.08864527313638046,0.9651869567334888,0.34187249081466253,-0.0028157980810941045
27,13.0,4.192737123118296,0.3027419887538917,29.802718553373207,False,0.09267133045917428,1.5681503287640202,0.3406046793943952,-0.0028709696996485935
27,13.5,3.9333548359900607,0.27211175146426664,29.939488955327345,False,0.08862234551746082,0.8548429488245687,0.3393700763334759,-0.0029259383734854465
27,14.0,3.6408342190351384,0.25426317674732507,29.875591908192497,False,0.08129584789542504,0.6118916803788294,0.3382161850594688,-0.0029784506756482627
27,14.5,1.6968854404722429,0.11952965385523333,14.919042466666042,False,0.03769116880137449,0.45670908270746063,0.33712039382394565,-0.0030293615683289372
27,15.0,1.3569159383985572,0.09366130095304595,14.970677955660483,True,0.030580733910515724,0.3333754705581381,0.3360800151531818,-0.0030786602596300145
27.0,15.5,0.0,0.0,0.0,0.0,0.0,0.148526043267,0.335086332936,-0.00312664119579
27.0,16.0,0.0,0.0,0.0,0.0,0.0,0.0,0.334141237839,-0.00317310491525
27.0,16.5,0.0,0.0,0.0,0.0,0.0,0.0,0.333237091797,-0.00321832741078
27.0,17.0,0.0,0.0,0.0,0.0,0.0,0.0,0.333134880051,-0.00322348787878
27.0,17.5,0.0,0.0,0.0,0.0,0.0,0.0,0.332270304049,-0.0032675353075
27.0,18.0,0.0,0.0,0.0,0.0,0.0,0.0,0.333744923675,-0.00319283346066
27.0,18.5,0.0,0.0,0.0,0.0,0.0,0.0,0.334406382033,-0.00315998709125
27.0,19.0,0.0,0.0,0.0,0.0,0.0,0.0,0.334284668863,-0.00316600072694
27.0,19.5,0.0,0.0,0.0,0.0,0.0,0.0,0.33340623508,-0.00320980930739
27.0,20.0,0.0,0.0,0.0,0.0,0.0,0.0,0.332563045728,-0.00325254120265
27.0,20.5,0.0,0.0,0.0,0.0,0.0,0.0,0.332522625407,-0.00325460662866
27.0,21.0,0.0,0.0,0.0,0.0,0.0,0.0,0.331718179236,-0.00329603967214
27.0,21.5,0.0,0.0,0.0,0.0,0.0,0.0,0.331714531751,-0.00329622896245
27.0,22.0,0.0,0.0,0.0,0.0,0.0,0.0,0.330944022101,-0.00333650740717
27.0,22.5,0.0,0.0,0.0,0.0,0.0,0.0,0.330200036721,-0.0033759569801
27.0,23.0,0.0,0.0,0.0,0.0,0.0,0.0,0.329480475482,-0.00341464125336
27.0,23.5,0.0,0.0,0.0,0.0,0.0,0.0,0.32878351386,-0.00345261509974
27.0,24.0,0.0,0.0,0.0,0.0,0.0,0.0,0.328107555001,-0.00348992621044
28.0,0.5,0.0,0.0,0.0,0.0,0.0,0.0,0.327451191544,-0.00352661631524
28.0,1.0,0.0,0.0,0.0,0.0,0.0,0.0,0.326813175018,-0.0035627221659
28.0,1.5,0.0,0.0,0.0,0.0,0.0,0.0,0.326968648414,-0.00355388337729
28.0,2.0,0.0,0.0,0.0,0.0,0.0,0.0,0.326346036194,-0.00358943739993
28.0,2.5,0.0,0.0,0.0,0.0,0.0,0.0,0.326516759316,-0.00357964631896
28.0,3.0,0.0,0.0,0.0,0.0,0.0,0.0,0.327461476451,-0.00352603786447
28.0,3.5,0.0,0.0,0.0,0.0,0.0,0.0,0.326833649856,-0.00356155665845
28.0,4.0,0.0,0.0,0.0,0.0,0.0,0.0,0.326223578161,-0.00359648010256
28.0,4.5,0.0,0.0,0.0,0.0,0.0,0.0,0.326407122206,-0.00358593041619
28.0,5.0,0.0,0.0,0.0,0.0,0.0,0.0,0.325811760328,-0.00362028530676
28.0,5.5,0.0,0.0,0.0,0.0,0.0,0.0,0.325232190779,-0.00365410625167
28.0,6.0,0.0,0.0,0.0,0.0,0.0,0.0,0.324667413349,-0.0036874267717
28.0,6.5,0.0,0.0,0.0,0.0,0.0,0.0,0.324116534869,-0.0037202766208
28.0,7.0,0.0,0.0,0.0,0.0,0.0,0.0,0.32357875452,-0.00375268228956
28.0,7.5,0.0,0.0,0.0,0.0,0.0,0.0,0.3230533513,-0.00378466744372
28.0,8.0,0.0,0.0,0.0,0.0,0.0,0.0,0.322539673394,-0.00381625330179
28.0,8.5,0.0,0.0,0.0,0.0,0.0,0.0,0.322037129157,-0.00384745895871
28.0,9.0,0.0,0.0,0.0,0.0,0.0,0.0,0.321545179466,-0.0038783016627
28.0,9.5,0.0,0.0,0.0,0.0,0.0,0.0,0.327292495208,-0.00353555617082
28.0,10.0,0.0,0.0,0.0,0.0,0.0,0.0,0.330571239953,-0.00335620499384
28.0,10.5,0.0,0.0,0.0,0.0,0.0,0.0543590759825,0.330672185422,-0.00335085744756
28,11.0,2.3333013048222515,0.11620354405827343,15.686907168375106,False,0.06597403081844089,0.2264363306553369,0.3300010445626109,-0.00338660251063654
28,11.5,4.587566810262412,0.26391414851314904,30.77841453936962,False,0.11729988445178335,0.9212100135928156,0.32934209475656523,-0.003422141154719112
28,12.0,4.701634269112088,0.33116877617121937,29.83353407564407,False,0.10436624418736608,1.0792013345580418,0.32867204286127344,-0.0034587351517105687
28,12.5,4.69074035262107,0.37847014947918234,29.151204029141677,False,0.09507243230930851,1.0818791798550693,0.32878906345117526,-0.003452310749836982
28,13.0,3.5830049513450097,0.2865359955428932,14.577928042342489,False,0.07266380085375086,0.38671191719750386,0.3281271560165562,-0.003488837544361578
28,13.5,2.0340560915122374,0.17620678253837782,14.377912353650702,False,0.03924930359393711,0.4314772340438012,0.3282894148917453,-0.0034798409953537
28,14.0,3.973687839412902,0.34117222950770143,28.802094697420287,False,0.07710935984125014,0.5062475579208718,0.32767542789764303,-0.0035140302580499933
28,14.5,4.47277995823816,0.3765665529118425,28.938717403803246,False,0.08826522593977573,1.2518649131094768,0.3270679873730676,-0.0035482495560065766
28,15.0,3.785940829725051,0.3356723524772771,28.634976199526857,False,0.07199840698615859,0.5798596015759462,0.3264453092712326,-0.003583740148107072
28,15.5,4.069699189456165,0.3818901871997293,28.327396517509605,False,0.0746498707428442,0.7495052149941522,0.32586301642833987,-0.0036173122316758835
28,16.0,2.95011025864782,0.26916868375828,14.225014140816521,False,0.054889569194208565,0.32085213592858175,0.3252849361000217,-0.003651012757520691
28.0,16.5,0.0,0.0,0.0,0.0,0.0,0.0,0.324739001326,-0.00368318327636
28.0,17.0,0.0,0.0,0.0,0.0,0.0,0.0,0.32422635655,-0.00371370002363
28.0,17.5,0.0,0.0,0.0,0.0,0.0,0.0,0.323723994974,-0.00374389732651
28.0,18.0,0.0,0.0,0.0,0.0,0.0,0.0,0.323231373488,-0.00377379367316
28.0,18.5,0.0,0.0,0.0,0.0,0.0,0.0,0.322748009937,-0.00380340505094
28.0,19.0,0.0,0.0,0.0,0.0,0.0,0.0,0.322273473697,-0.00383274534392
28.0,19.5,0.0,0.0,0.0,0.0,0.0,0.0,0.321807377899,-0.00386182666304
28.0,20.0,0.0,0.0,0.0,0.0,0.0,0.0,0.32134937299,-0.00389065962132
28.0,20.5,0.0,0.0,0.0,0.0,0.0,0.0,0.320899141378,-0.00391925356385
28.0,21.0,0.0,0.0,0.0,0.0,0.0,0.0,0.320456392961,-0.00394761676043
28.0,21.5,0.0,0.0,0.0,0.0,0.0,0.0,0.320020861393,-0.00397575656744
28.0,22.0,0.0,0.0,0.0,0.0,0.0,0.0,0.319592300939,-0.00400367956396
28.0,22.5,0.0,0.0,0.0,0.0,0.0,0.0,0.319170483835,-0.0040313916666
28.0,23.0,0.0,0.0,0.0,0.0,0.0,0.0,0.318755198051,-0.00405889822633
28.0,23.5,0.0,0.0,0.0,0.0,0.0,0.0,0.3183462454,-0.00408620411043
28.0,24.0,0.0,0.0,0.0,0.0,0.0,0.0,0.317943439932,-0.00411331377182
29.0,0.5,0.0,0.0,0.0,0.0,0.0,0.0,0.317546606563,-0.0041402313078
29.0,1.0,0.0,0.0,0.0,0.0,0.0,0.0,0.317155579904,-0.00416696050986
29.0,1.5,0.0,0.0,0.0,0.0,0.0,0.0,0.31677020326,-0.00419350490601
29.0,2.0,0.0,0.0,0.0,0.0,0.0,0.0,0.316390327766,-0.00421986779666
29.0,2.5,0.0,0.0,0.0,0.0,0.0,0.0,0.316015811646,-0.00424605228514
29.0,3.0,0.0,0.0,0.0,0.0,0.0,0.0,0.315646519569,-0.00427206130371
29.0,3.5,0.0,0.0,0.0,0.0,0.0,0.0,0.315282322089,-0.00429789763559
29.0,4.0,0.0,0.0,0.0,0.0,0.0,0.0,0.314923095165,-0.00432356393377
29.0,4.5,0.0,0.0,0.0,0.0,0.0,0.0,0.314568719726,-0.00434906273704
29.0,5.0,0.0,0.0,0.0,0.0,0.0,0.0,0.314219081311,-0.00437439648356
29.0,5.5,0.0,0.0,0.0,0.0,0.0,0.0,0.313874069731,-0.00439956752251
29.0,6.0,0.0,0.0,0.0,0.0,0.0,0.0,0.313533578782,-0.00442457812398
29.0,6.5,0.0,0.0,0.0,0.0,0.0,0.0,0.313197505992,-0.00444943048738
29.0,7.0,0.0,0.0,0.0,0.0,0.0,0.0,0.312865752383,-0.00447412674863
29.0,7.5,0.0,0.0,0.0,0.0,0.0,0.0,0.312538222273,-0.00449866898629
29.0,8.0,0.0,0.0,0.0,0.0,0.0,0.0,0.31221482309,-0.00452305922679
29.0,8.5,0.0,0.0,0.0,0.0,0.0,0.0,0.311895465204,-0.00454729944891
29.0,9.0,0.0,0.0,0.0,0.0,0.0,0.0,0.311580061775,-0.00457139158755
29.0,9.5,0.0,0.0,0.0,0.0,0.0,0.0,0.311268528618,-0.00459533753703
29,10.0,1.6877174636983563,0.0867140659265552,15.59619222833273,False,0.04622938717265214,0.13533418427978877,0.31096078408013744,-0.004619139153832432
29,10.5,1.7698838064628064,0.09305909801100723,15.544938646954673,False,0.04763920540776585,0.40480537096069785,0.3106483221986446,-0.004643456054775071
29,11.0,3.954642566012554,0.22780520598780366,30.774964168169767,True,0.10106054426799999,1.2724445204781865,0.3103290255489074,-0.004668462594320181
29,11.5,4.22179186382294,0.2678942895444796,30.351489993022458,False,0.10101566876467861,1.5931924674841078,0.30997524614960026,-0.004696357364620185
29,12.0,4.374811465757073,0.28941803922670273,30.110990763978428,False,0.10102266622057221,1.2678012991153662,0.30961125812247137,-0.004725264585186269
29,12.5,4.075508413570366,0.2575229413273128,30.278840831902567,False,0.09646146753894246,0.6575500811587681,0.3092622164111479,-0.004753184130504057
29,13.0,4.461629520616232,0.29009278821051004,30.159932427765746,False,0.1037646355826149,0.8409156870767734,0.3089408901084505,-0.004779060662969959
29,13.5,4.181266903886664,0.2652903674603137,30.252561088385782,False,0.09857917538397093,0.5636215795763185,0.30861464840284153,-0.0048055049374807245
29,14.0,3.9784843990272947,0.24543728711115953,30.378426364716304,False,0.09558124813154084,0.46469265303650786,0.3083030857861625,-0.004830922271079361
29.0,14.5,0.0,0.0,0.0,0.0,0.0,0.259255382901,0.307999182474,-0.00485586922477
29,15.0,1.520828739789364,0.09027299794470127,15.28995142773953,False,0.037683823357863695,0.33201330834002024,0.30771548007555316,-0.004879296559417528
29.0,15.5,0.0,0.0,0.0,0.0,0.0,0.0325630879042,0.307428621284,-0.00490312159309
29.0,16.0,0.0,0.0,0.0,0.0,0.0,0.0,0.30715952506,-0.00492559745944
29.0,16.5,0.0,0.0,0.0,0.0,0.0,0.0,0.306894580706,-0.00494784657839
29.0,17.0,0.0,0.0,0.0,0.0,0.0,0.0,0.306632497441,-0.00496997334244
29.0,17.5,0.0,0.0,0.0,0.0,0.0,0.0,0.306373221684,-0.00499197918485
29.0,18.0,0.0,0.0,0.0,0.0,0.0,0.0,0.306116701227,-0.00501386551646
29.0,18.5,0.0,0.0,0.0,0.0,0.0,0.0,0.305862885189,-0.00503563372647
29.0,19.0,0.0,0.0,0.0,0.0,0.0,0.0,0.305611723972,-0.00505728518307
29.0,19.5,0.0,0.0,0.0,0.0,0.0,0.0,0.305363169217,-0.005078821234
29.0,20.0,0.0,0.0,0.0,0.0,0.0,0.0,0.305117173763,-0.00510024320709
29.0,20.5,0.0,0.0,0.0,0.0,0.0,0.0,0.304873691607,-0.00512155241074
29.0,21.0,0.0,0.0,0.0,0.0,0.0,0.0,0.30463267787,-0.0051427501343
29.0,21.5,0.0,0.0,0.0,0.0,0.0,0.0,0.304394088759,-0.0051638376485
29.0,22.0,0.0,0.0,0.0,0.0,0.0,0.0,0.304157881534,-0.00518481620582
29.0,22.5,0.0,0.0,0.0,0.0,0.0,0.0,0.303924014477,-0.00520568704076
29.0,23.0,0.0,0.0,0.0,0.0,0.0,0.0,0.303692446859,-0.00522645137019
29.0,23.5,0.0,0.0,0.0,0.0,0.0,0.0,0.303463138914,-0.00524711039365
29.0,24.0,0.0,0.0,0.0,0.0,0.0,0.0,0.303236051807,-0.00526766529361
30.0,0.5,0.0,0.0,0.0,0.0,0.0,0.0,0.303011147609,-0.00528811723571
30.0,1.0,0.0,0.0,0.0,0.0,0.0,0.0,0.302788389268,-0.00530846736905
30.0,1.5,0.0,0.0,0.0,0.0,0.0,0.0,0.302567740589,-0.00532871682639
30.0,2.0,0.0,0.0,0.0,0.0,0.0,0.0,0.302349166202,-0.00534886672442
30.0,2.5,0.0,0.0,0.0,0.0,0.0,0.0,0.302132631548,-0.00536891816396
30.0,3.0,0.0,0.0,0.0,0.0,0.0,0.0,0.301918102848,-0.00538887223018
30.0,3.5,0.0,0.0,0.0,0.0,0.0,0.0,0.301705547085,-0.00540872999283
30.0,4.0,0.0,0.0,0.0,0.0,0.0,0.0,0.301494931984,-0.00542849250646
30.0,4.5,0.0,0.0,0.0,0.0,0.0,0.0,0.301286225988,-0.00544816081057
30.0,5.0,0.0,0.0,0.0,0.0,0.0,0.0,0.301079398241,-0.00546773592991
30.0,5.5,0.0,0.0,0.0,0.0,0.0,0.0,0.300874418568,-0.00548721887458
30.0,6.0,0.0,0.0,0.0,0.0,0.0,0.0,0.300671257459,-0.00550661064031
30.0,6.5,0.0,0.0,0.0,0.0,0.0,0.0,0.300469886047,-0.00552591220862
30.0,7.0,0.0,0.0,0.0,0.0,0.0,0.0,0.300270276092,-0.00554512454703
30.0,7.5,0.0,0.0,0.0,0.0,0.0,0.0,0.300072399967,-0.00556424860923
30.0,8.0,0.0,0.0,0.0,0.0,0.0,0.0,0.299876230639,-0.00558328533532
30.0,8.5,0.0,0.0,0.0,0.0,0.0,0.0,0.299681741654,-0.00560223565195
30.0,9.0,0.0,0.0,0.0,0.0,0.0,0.0,0.299488907122,-0.00562110047256
30.0,9.5,0.0,0.0,0.0,0.0,0.0,0.0761728097387,0.299297701702,-0.00563988069752
30,10.0,1.812702582720802,0.06757894593033091,16.22326256389611,False,0.06332859656112484,0.10398174299263133,0.29910520983377104,-0.005658862841939557
30,10.5,2.4623046024549353,0.11182072168525031,15.874185483758662,False,0.0745871464996051,0.35920348413453296,0.2989106780215759,-0.005678123537149996
30,11.0,4.992354056832194,0.25732241336700773,31.24666562300655,False,0.13803906778011127,0.9723665948105411,0.29870633782785466,-0.00569843954195607
30,11.5,4.087221542437196,0.22956423985118873,15.39959053621427,False,0.10485650731621358,0.44798835329142667,0.29847473930438356,-0.005721570439562075
30,12.0,4.702568846021055,0.27597910119642666,30.63607528971277,False,0.11755101482431415,0.6857491776882033,0.2982656044897827,-0.00574255395188597
30,12.5,4.769334214848552,0.2935010782537501,30.425479433212534,False,0.1154010929360968,0.714744832822713,0.29804717305205936,-0.005764568210726783
30,13.0,5.011352204254011,0.3244537949494602,30.205484206031493,False,0.11733097176311982,0.8891800170534139,0.2978284422313292,-0.005786713474491449
30,13.5,4.9881840797467225,0.32667113027311884,30.162887486528792,False,0.11606091727168713,0.9142745308398927,0.29760336148639444,-0.005809607535072548
30,14.0,4.5720889042927375,0.3018197805476151,30.098361466442803,False,0.10538497798948354,0.6125964375634437,0.29737866780927175,-0.005832569946938364
30,14.5,4.407803075465363,0.2858111744979489,30.19156663087363,False,0.10298909554348636,0.6087658052815681,0.2971677689008626,-0.005854221057436984
30,15.0,1.6505393689458152,0.10628841670275024,15.11623079348574,False,0.03879818471989911,0.36201569394894306,0.2969590057421841,-0.005875747285213695
30.0,15.5,0.0,0.0,0.0,0.0,0.0,0.158427265281,0.296767782734,-0.00589554769488
30.0,16.0,0.0,0.0,0.0,0.0,0.0,0.0,0.296589663315,-0.00591406283194
30.0,16.5,0.0,0.0,0.0,0.0,0.0,0.0,0.296418881031,-0.00593188038353
30.0,17.0,0.0,0.0,0.0,0.0,0.0,0.0,0.296249404999,-0.0059496249167
30.0,17.5,0.0,0.0,0.0,0.0,0.0,0.0,0.296081217015,-0.00596729714856
30.0,18.0,0.0,0.0,0.0,0.0,0.0,0.0,0.295914299227,-0.00598489778585
30.0,18.5,0.0,0.0,0.0,0.0,0.0,0.0,0.295748634138,-0.00600242752512
30.0,19.0,0.0,0.0,0.0,0.0,0.0,0.0,0.295584204586,-0.00601988705291
30.0,19.5,0.0,0.0,0.0,0.0,0.0,0.0,0.295420993746,-0.00603727704597
30.0,20.0,0.0,0.0,0.0,0.0,0.0,0.0,0.295258985112,-0.0060545981714
30.0,20.5,0.0,0.0,0.0,0.0,0.0,0.0,0.295098162496,-0.00607185108688
30.0,21.0,0.0,0.0,0.0,0.0,0.0,0.0,0.294938510017,-0.0060890364408
30.0,21.5,0.0,0.0,0.0,0.0,0.0,0.0,0.294780012095,-0.00610615487246
30.0,22.0,0.0,0.0,0.0,0.0,0.0,0.0,0.294622653443,-0.0061232070122
30.0,22.5,0.0,0.0,0.0,0.0,0.0,0.0,0.294466419059,-0.00614019348161
30.0,23.0,0.0,0.0,0.0,0.0,0.0,0.0,0.294311294223,-0.00615711489365
30.0,23.5,0.0,0.0,0.0,0.0,0.0,0.0,0.294157264483,-0.00617397185281
30.0,24.0,0.0,0.0,0.0,0.0,0.0,0.0,0.294004315659,-0.00619076495528
31.0,0.5,0.0,0.0,0.0,0.0,0.0,0.0,0.293852433825,-0.00620749478905
31.0,1.0,0.0,0.0,0.0,0.0,0.0,0.0,0.293701605313,-0.00622416193412
31.0,1.5,0.0,0.0,0.0,0.0,0.0,0.0,0.293551816701,-0.00624076696258
31.0,2.0,0.0,0.0,0.0,0.0,0.0,0.0,0.295774341802,-0.00599970328005
31.0,2.5,0.0,0.0,0.0,0.0,0.0,0.0,0.297980569094,-0.00577130077732
31.0,3.0,0.0,0.0,0.0,0.0,0.0,0.0,0.300169334125,-0.00555487044661
31.0,3.5,0.0,0.0,0.0,0.0,0.0,0.0,0.299972902973,-0.00557389434654
31.0,4.0,0.0,0.0,0.0,0.0,0.0,0.0,0.302145453517,-0.00536772833823
31.0,4.5,0.0,0.0,0.0,0.0,0.0,0.0,0.302721894487,-0.00531456008771
31.0,5.0,0.0,0.0,0.0,0.0,0.0,0.0,0.302505445247,-0.0053344504697
31.0,5.5,0.0,0.0,0.0,0.0,0.0,0.0,0.302291824354,-0.00535416796881
31.0,6.0,0.0,0.0,0.0,0.0,0.0,0.0,0.302080933563,-0.00537371871226
31.0,6.5,0.0,0.0,0.0,0.0,0.0,0.0,0.307388579335,-0.00490645828738
31.0,7.0,0.0,0.0,0.0,0.0,0.0,0.0,0.307130055442,-0.00492806631637
31.0,7.5,0.0,0.0,0.0,0.0,0.0,0.0,0.306875900859,-0.00494941976188
31.0,8.0,0.0,0.0,0.0,0.0,0.0,0.0,0.306625912559,-0.00497053079737
31.0,8.5,0.0,0.0,0.0,0.0,0.0,0.0,0.306379901742,-0.00499141076461
31.0,9.0,0.0,0.0,0.0,0.0,0.0,0.0,0.306137692529,-0.00501207024878
31,9.5,1.4528065212803347,0.08286131779240175,15.389782753208907,True,0.03715380587222682,0.17468507368712202,0.3058991207963427,-0.0050325191452316
31,10.0,3.3462023203460376,0.19842087501246103,30.595243067921082,False,0.08311239418894342,0.41622888253243717,0.3056542592689974,-0.005053610620160256
31,10.5,1.8882519021172879,0.11703556431037171,15.202249271960168,True,0.0455437053755496,0.2869714754154519,0.30539918616245115,-0.0050756937822563405
31,11.0,3.9468169354487483,0.25961033144463463,30.149114754541507,True,0.09164663865512727,0.9763602260970757,0.3051553127857198,-0.00509691491266907
31,11.5,4.126130313265011,0.28652039080722835,29.871917908459434,True,0.09208449232771018,0.8900325513354628,0.3048829458989656,-0.0051207405516203305
31,12.0,3.8459850321643376,0.2648296710671184,29.88755539017867,False,0.0860210901692301,0.5057463355369252,0.3046157945634339,-0.005144238974768624
31,12.5,3.8497374482211404,0.27229507041398954,29.756024499512193,False,0.08454158548029848,0.4899446609693121,0.30436689886393214,-0.005166247339923586
31,13.0,4.279267167557215,0.3061846269779173,29.716916929177657,False,0.09346960109127068,0.7671564298346346,0.3041210629833735,-0.005188095356630791
31,13.5,4.5688261133079875,0.3329176006904519,29.68518871465794,True,0.09936141209360491,1.5235356313673454,0.3038660648728399,-0.0052108740619330775
31,14.0,4.115732863413068,0.2955713651897839,29.691339377933506,False,0.08958300638330557,0.6604256321498063,0.3035838978628508,-0.005236218763712909
31,14.5,4.507095663120112,0.3329780113997678,29.59313141887985,False,0.09680067552455847,1.1851752865979583,0.30333836459529895,-0.005258392548974204
31,15.0,4.541258107931357,0.3663624617212195,29.11724098983492,False,0.09164614167402793,0.9428989071498662,0.3030738752370516,-0.005282403521909959
31,15.5,3.981080906801458,0.306410431877203,29.330785579973593,False,0.08257838154163528,0.5652540059098969,0.30281961194497586,-0.005305609399684404
31,16.0,2.797355624659563,0.21059651461356302,14.703699628968591,False,0.058610222699704596,0.23875324963352268,0.3025841793682071,-0.005327205031021412
31.0,16.5,0.0,0.0,0.0,0.0,0.0,0.0,0.302366926975,-0.00534722601254
31.0,17.0,0.0,0.0,0.0,0.0,0.0,0.0,0.302168814038,-0.00536556138591
31.0,17.5,0.0,0.0,0.0,0.0,0.0,0.0,0.301972724656,-0.00538378329162
31.0,18.0,0.0,0.0,0.0,0.0,0.0,0.0,0.301778599094,-0.00540189538056
31.0,18.5,0.0,0.0,0.0,0.0,0.0,0.0,0.301586380751,-0.00541990110219
31.0,19.0,0.0,0.0,0.0,0.0,0.0,0.0,0.301396015952,-0.00543780371786
31.0,19.5,0.0,0.0,0.0,0.0,0.0,0.0,0.301207453751,-0.00545560631303
31.0,20.0,0.0,0.0,0.0,0.0,0.0,0.0,0.30102064575,-0.00547331180871
31.0,20.5,0.0,0.0,0.0,0.0,0.0,0.0,0.300835545936,-0.00549092297195
31.0,21.0,0.0,0.0,0.0,0.0,0.0,0.0,0.300652110526,-0.0055084424256
31.0,21.5,0.0,0.0,0.0,0.0,0.0,0.0,0.300470297824,-0.0055258726574
31.0,22.0,0.0,0.0,0.0,0.0,0.0,0.0,0.300290068092,-0.00554321602836
31.0,22.5,0.0,0.0,0.0,0.0,0.0,0.0,0.300111383429,-0.00556047478059
31.0,23.0,0.0,0.0,0.0,0.0,0.0,0.0,0.299934207654,-0.00557765104457
31.0,23.5,0.0,0.0,0.0,0.0,0.0,0.0,0.299758506206,-0.0055947468459
31.0,24.0,0.0,0.0,0.0,0.0,0.0,0.0,0.299584246044,-0.00561176411161
32.0,0.5,0.0,0.0,0.0,0.0,0.0,0.0,0.299411395558,-0.00562870467605
32.0,1.0,0.0,0.0,0.0,0.0,0.0,0.0,0.299239924484,-0.0056455702863
32.0,1.5,0.0,0.0,0.0,0.0,0.0,0.0,0.299069803827,-0.00566236260736
32.0,2.0,0.0,0.0,0.0,0.0,0.0,0.0,0.298901005785,-0.00567908322689
32.0,2.5,0.0,0.0,0.0,0.0,0.0,0.0,0.298733503688,-0.00569573365962
32.0,3.0,0.0,0.0,0.0,0.0,0.0,0.0,0.298567271924,-0.00571231535161
32.0,3.5,0.0,0.0,0.0,0.0,0.0,0.0,0.29840228589,-0.00572882968407
32.0,4.0,0.0,0.0,0.0,0.0,0.0,0.0,0.298238521932,-0.00574527797705
32.0,4.5,0.0,0.0,0.0,0.0,0.0,0.0,0.298075957292,-0.00576166149286
32.0,5.0,0.0,0.0,0.0,0.0,0.0,0.0,0.297914570062,-0.00577798143925
32.0,5.5,0.0,0.0,0.0,0.0,0.0,0.0,0.297754339139,-0.00579423897244
32.0,6.0,0.0,0.0,0.0,0.0,0.0,0.0,0.297595244181,-0.00581043519994
32.0,6.5,0.0,0.0,0.0,0.0,0.0,0.0,0.297437265568,-0.00582657118315
32.0,7.0,0.0,0.0,0.0,0.0,0.0,0.0,0.297280384365,-0.00584264793991
32.0,7.5,0.0,0.0,0.0,0.0,0.0,0.0,0.297124582286,-0.00585866644679
32.0,8.0,0.0,0.0,0.0,0.0,0.0,0.0,0.296969841662,-0.00587462764128
32.0,8.5,0.0,0.0,0.0,0.0,0.0,0.0,0.296816145413,-0.00589053242388
32,9.0,3.526587879890336,0.12675409774492202,32.59353276071883,False,0.12731524765884983,0.3402022562575659,0.29666347701185225,-0.005906381660039771
32,9.5,4.0368761702559635,0.1700542285554635,32.02220346155755,False,0.12901034633699765,0.47616178347197174,0.2964940994942777,-0.005924025043471545
32,10.0,3.7737861109383473,0.1694137082796057,31.75735906842985,False,0.11451000168730047,0.3398158746467335,0.2963189154443325,-0.005942339372313684
32,10.5,4.338662723182842,0.21537613164880917,31.357678329860292,False,0.12232474038874674,0.47698228245617497,0.296149911374308,-0.0059600715925731025
32,11.0,4.9127710530229365,0.27200250252009817,30.901159479695096,False,0.1281431816742465,0.6494799315046347,0.29597492437440925,-0.00597849802668068
32,11.5,4.540598526545232,0.2748755815135177,30.486956213647403,False,0.11090352718588928,0.4738634691646868,0.29579219481600727,-0.005997812260163016
32,12.0,2.607836325351843,0.16005411882005904,15.213791635771393,False,0.06312065435862928,0.2016614118787445,0.295616959851947,-0.0060164041982971525
32,12.5,1.9965748527039968,0.11797429043996469,15.293234913829432,False,0.04952274461327048,0.039357112488124756,0.2954573381086362,-0.006033399406603157
32.0,13.0,0.0,0.0,0.0,0.0,0.0,0.0,0.29530638552,-0.00604952424437
32.0,13.5,0.0,0.0,0.0,0.0,0.0,0.0,0.295953055919,-0.00598080558111
32,14.0,2.314108357622235,0.1333740131782915,15.362922230075728,False,0.0586738604469545,0.209753911889712,0.29580488945253963,-0.005996468055910768
32.0,14.5,0.0,0.0,0.0,0.0,0.0,0.238871669047,0.295644671895,-0.00601345946232
32,15.0,2.1625811728622653,0.13361364505100362,15.193896385492865,False,0.052028608816635194,0.244855531679658,0.29548936683756616,-0.006029984668829507
32.0,15.5,0.0,0.0,0.0,0.0,0.0,0.0408273725728,0.295329705866,-0.00604702980195
32.0,16.0,0.0,0.0,0.0,0.0,0.0,0.0,0.295183786424,-0.00606265814296
32.0,16.5,0.0,0.0,0.0,0.0,0.0,0.0,0.295040331058,-0.00607806951005
32.0,17.0,0.0,0.0,0.0,0.0,0.0,0.0,0.294897777388,-0.00609343026816
32.0,17.5,0.0,0.0,0.0,0.0,0.0,0.0,0.294756112797,-0.00610874106767
32.0,18.0,0.0,0.0,0.0,0.0,0.0,0.0,0.294615325016,-0.00612400253747
32.0,18.5,0.0,0.0,0.0,0.0,0.0,0.0,0.294475402109,-0.00613921528602
32.0,19.0,0.0,0.0,0.0,0.0,0.0,0.0,0.29433633246,-0.00615437990227
32.0,19.5,0.0,0.0,0.0,0.0,0.0,0.0,0.294198104758,-0.0061694969566
32.0,20.0,0.0,0.0,0.0,0.0,0.0,0.0,0.294060707986,-0.00618456700168
32.0,20.5,0.0,0.0,0.0,0.0,0.0,0.0,0.293924131407,-0.00619959057331
32.0,21.0,0.0,0.0,0.0,0.0,0.0,0.0,0.293788364554,-0.00621456819115
32.0,21.5,0.0,0.0,0.0,0.0,0.0,0.0,0.293653397219,-0.00622950035949
32.0,22.0,0.0,0.0,0.0,0.0,0.0,0.0,0.29351921944,-0.00624438756795
32.0,22.5,0.0,0.0,0.0,0.0,0.0,0.0,0.293385821497,-0.00625923029211
32.0,23.0,0.0,0.0,0.0,0.0,0.0,0.0,0.293253193896,-0.00627402899413
32.0,23.5,0.0,0.0,0.0,0.0,0.0,0.0,0.293121327367,-0.00628878412338
32.0,24.0,0.0,0.0,0.0,0.0,0.0,0.0,0.292990212848,-0.00630349611698
33.0,0.5,0.0,0.0,0.0,0.0,0.0,0.0,0.292859841486,-0.00631816540033
33.0,1.0,0.0,0.0,0.0,0.0,0.0,0.0,0.29273020462,-0.00633279238761
33.0,1.5,0.0,0.0,0.0,0.0,0.0,0.0,0.292601293781,-0.00634737748227
33.0,2.0,0.0,0.0,0.0,0.0,0.0,0.0,0.292473100683,-0.00636192107748
33.0,2.5,0.0,0.0,0.0,0.0,0.0,0.0,0.292345617214,-0.00637642355657
33.0,3.0,0.0,0.0,0.0,0.0,0.0,0.0,0.292218835433,-0.00639088529343
33.0,3.5,0.0,0.0,0.0,0.0,0.0,0.0,0.292092747565,-0.0064053066529
33.0,4.0,0.0,0.0,0.0,0.0,0.0,0.0,0.29196734599,-0.00641968799115
33.0,4.5,0.0,0.0,0.0,0.0,0.0,0.0,0.291842623243,-0.00643402965604
33.0,5.0,0.0,0.0,0.0,0.0,0.0,0.0,0.291718572005,-0.00644833198742
33.0,5.5,0.0,0.0,0.0,0.0,0.0,0.0,0.291595185104,-0.00646259531748
33.0,6.0,0.0,0.0,0.0,0.0,0.0,0.0,0.291472455501,-0.00647681997104
33.0,6.5,0.0,0.0,0.0,0.0,0.0,0.0,0.291350376295,-0.00649100626588
33.0,7.0,0.0,0.0,0.0,0.0,0.0,0.0,0.291228940712,-0.00650515451292
33.0,7.5,0.0,0.0,0.0,0.0,0.0,0.0,0.291108142106,-0.00651926501659
33.0,8.0,0.0,0.0,0.0,0.0,0.0,0.0,0.290987973951,-0.006533338075
33.0,8.5,0.0,0.0,0.0,0.0,0.0,0.0,0.290868429837,-0.00654737398023
33,9.0,3.0445159029028384,0.26296547749164617,14.345574703729929,False,0.05828993224065378,0.10375378386960657,0.2907495034734821,-0.006561373018506296
33,9.5,4.345506471682454,0.401827461681147,28.35450497644075,False,0.07995889503518855,0.33719559255634707,0.2906172716985845,-0.006576980153267225
33,10.0,5.376747500987171,0.5364206184379434,27.958003339011256,False,0.09459573385147059,0.7369528136688115,0.2904715165050934,-0.006594234716241629
33,10.5,5.704885839618738,0.6204784834702953,27.502382494829096,False,0.09555392564424708,1.2333944833018315,0.29030608226285315,-0.006613884285768271
33,11.0,5.794817505820186,0.6476419340794345,27.365661876470867,False,0.09568285606418082,1.5109484200448275,0.2901192117449075,-0.006636163935049898
33,11.5,5.892094048605911,0.6849831139213919,27.152280620766554,False,0.09518099853663747,1.7222997496797865,0.2899213651000813,-0.006659849740117006
33,12.0,6.019403426942839,0.7346735500172957,26.87132690718144,False,0.09454033731955346,1.8859903587033695,0.28971466279703745,-0.006684703398335284
33,12.5,6.119334295924311,0.7770406467594972,26.64716455371031,False,0.09402884871637546,1.9896823907323398,0.2895004393264716,-0.006710578098416705
33,13.0,6.146435673536825,0.8030907562497932,26.474418161812565,False,0.09289524386283197,1.943702819347827,0.28928124406714867,-0.006737176923170917
33,13.5,6.167908927627488,0.8185434236273961,26.38097489012081,False,0.09239948603322543,1.8067697569084238,0.28906337088413864,-0.00676373989305885
33,14.0,6.111929336839136,0.8122736293244454,26.362756038412936,False,0.0914040534008635,1.5817140607260851,0.28885066832570033,-0.006789792926178461
33,14.5,5.991665878927537,0.8156654759776755,26.207544116054446,False,0.08831684683016636,1.3180778531088544,0.2886472997900425,-0.006814814560439799
33,15.0,5.709708103488936,0.7873051645093044,26.11547213263315,False,0.08344888897308167,0.9966119130345167,0.28845435761404326,-0.006838655001078672
33,15.5,5.171242661893317,0.7090794743499103,26.1315696345333,False,0.0756910157310185,0.6586161531748089,0.2882752363757199,-0.0068608766880977785
33,16.0,4.176755783078117,0.5648943457507734,26.19282569783155,False,0.06148131399519981,0.32529863269177034,0.2881124507997676,-0.006881146439558421
33.0,16.5,0.0,0.0,0.0,0.0,0.0,0.0,0.287968321613,-0.00689915271085
33.0,17.0,0.0,0.0,0.0,0.0,0.0,0.0,0.287858505578,-0.00691290988047
33.0,17.5,0.0,0.0,0.0,0.0,0.0,0.0,0.287749215175,-0.00692663366445
33.0,18.0,0.0,0.0,0.0,0.0,0.0,0.0,0.287640445735,-0.00694032427218
33.0,18.5,0.0,0.0,0.0,0.0,0.0,0.0,0.287532192659,-0.00695398190965
33.0,19.0,0.0,0.0,0.0,0.0,0.0,0.0,0.287424451419,-0.0069676067796
33.0,19.5,0.0,0.0,0.0,0.0,0.0,0.0,0.28731721755,-0.0069811990816
33.0,20.0,0.0,0.0,0.0,0.0,0.0,0.0,0.287210486653,-0.00699475901222
33.0,20.5,0.0,0.0,0.0,0.0,0.0,0.0,0.287104254393,-0.00700828676508
33.0,21.0,0.0,0.0,0.0,0.0,0.0,0.0,0.286998516497,-0.00702178253098
33.0,21.5,0.0,0.0,0.0,0.0,0.0,0.0,0.28689326875,-0.00703524649798
33.0,22.0,0.0,0.0,0.0,0.0,0.0,0.0,0.286788506998,-0.00704867885153
33.0,22.5,0.0,0.0,0.0,0.0,0.0,0.0,0.286684227142,-0.00706207977449
33.0,23.0,0.0,0.0,0.0,0.0,0.0,0.0,0.286580425141,-0.00707544944728
33.0,23.5,0.0,0.0,0.0,0.0,0.0,0.0,0.286477097008,-0.00708878804792
33.0,24.0,0.0,0.0,0.0,0.0,0.0,0.0,0.286374238808,-0.00710209575212
34.0,0.5,0.0,0.0,0.0,0.0,0.0,0.0,0.286271846658,-0.00711537273336
34.0,1.0,0.0,0.0,0.0,0.0,0.0,0.0,0.286169916729,-0.00712861916292
34.0,1.5,0.0,0.0,0.0,0.0,0.0,0.0,0.286068445239,-0.00714183521002
34.0,2.0,0.0,0.0,0.0,0.0,0.0,0.0,0.285967428455,-0.00715502104181
34.0,2.5,0.0,0.0,0.0,0.0,0.0,0.0,0.285866862692,-0.00716817682346
34.0,3.0,0.0,0.0,0.0,0.0,0.0,0.0,0.285766744313,-0.00718130271823
34.0,3.5,0.0,0.0,0.0,0.0,0.0,0.0,0.285667069723,-0.0071943988875
34.0,4.0,0.0,0.0,0.0,0.0,0.0,0.0,0.285567835376,-0.00720746549085
34.0,4.5,0.0,0.0,0.0,0.0,0.0,0.0,0.285469037767,-0.00722050268609
34.0,5.0,0.0,0.0,0.0,0.0,0.0,0.0,0.285370673435,-0.0072335106293
34.0,5.5,0.0,0.0,0.0,0.0,0.0,0.0,0.285272738961,-0.00724648947491
34.0,6.0,0.0,0.0,0.0,0.0,0.0,0.0,0.285175230967,-0.00725943937572
34.0,6.5,0.0,0.0,0.0,0.0,0.0,0.0,0.285078146115,-0.00727236048293
34.0,7.0,0.0,0.0,0.0,0.0,0.0,0.0,0.284981481108,-0.00728525294621
34.0,7.5,0.0,0.0,0.0,0.0,0.0,0.0,0.284885232686,-0.00729811691374
34.0,8.0,0.0,0.0,0.0,0.0,0.0,0.0,0.284789397629,-0.0073109525322
34.0,8.5,0.0,0.0,0.0,0.0,0.0,0.0,0.284693972753,-0.00732375994687
34,9.0,3.8759423518673985,0.2847389494352529,29.579408680518725,False,0.08309120239839886,0.3354152083998522,0.28459895491190396,-0.007336539301615445
34,9.5,4.786845134021798,0.41334805382959794,28.767879615403558,False,0.09250259475643173,0.5506096559638478,0.2844808061762596,-0.007352466706075947
34,10.0,5.5113065624669755,0.5550250038666875,27.96750745878535,False,0.09706512290134428,0.9501157607376026,0.2843500109625293,-0.007370147032474487
34,10.5,5.937357543820317,0.6848518757189571,27.217611933755606,False,0.09655273196865433,1.2775705624779676,0.2841990756884434,-0.007390612800809236
34,11.0,5.944659427838709,0.7122059275234671,26.978348306632697,False,0.09436347487249788,0.8894570801990842,0.28403118140117295,-0.00741345769772229
34,11.5,5.710354285343946,0.6700637384833613,27.074077196196676,False,0.09151839836778235,0.5401840293109961,0.2838773697465949,-0.007434460292020272
34,12.0,5.7918687292858255,0.6622942636832441,27.224194940940322,False,0.09425023212393138,0.5785539362547067,0.28373880117191846,-0.007453442210579656
34,12.5,5.736353974406546,0.6613242810369693,27.17378991800083,False,0.09286801188720636,0.526967999764671,0.28359945729728914,-0.00747258859355417
34,13.0,5.319620090556843,0.6039934316299008,27.25776073785847,False,0.08686365028241447,0.37120844800117503,0.2834624910274222,-0.007491465420487734
34,13.5,5.231434576155964,0.5786998951060156,27.404469050012082,False,0.08672973860238088,0.34424447976078754,0.2833339917946704,-0.007509226989376523
34,14.0,5.239465849833476,0.5986161764250221,27.222168632395803,False,0.08524339153563457,0.3427253053355671,0.2832078531867712,-0.007526711086378349
34,14.5,4.784738880788236,0.5562990577115514,27.122430430129313,False,0.0770591815733856,0.24470814896176407,0.2830813910832779,-0.0075442887354426795
34,15.0,3.9658594626396297,0.4657836569956621,27.059862941557327,False,0.06346893199586987,0.12403730080279254,0.2829606265805213,-0.0075611201169857685
34,15.5,3.5116708446511873,0.4097896508921332,27.09868537311077,False,0.0564205325188146,0.11307702320849711,0.28284824578531076,-0.00757682323517793
34,16.0,2.514562532729399,0.2888991574217077,13.585140867493088,False,0.040694678141692094,0.06515368904944388,0.28273877240900963,-0.007592157471871602
34.0,16.5,0.0,0.0,0.0,0.0,0.0,0.0,0.282636069352,-0.00760657699908
34.0,17.0,0.0,0.0,0.0,0.0,0.0,0.0,0.282547163789,-0.00761908571137
34.0,17.5,0.0,0.0,0.0,0.0,0.0,0.0,0.282458616824,-0.00763156833824
34.0,18.0,0.0,0.0,0.0,0.0,0.0,0.0,0.282370425877,-0.00764402500394
34.0,18.5,0.0,0.0,0.0,0.0,0.0,0.0,0.282282588393,-0.00765645583174
34.0,19.0,0.0,0.0,0.0,0.0,0.0,0.0,0.282195101844,-0.00766886094397
34.0,19.5,0.0,0.0,0.0,0.0,0.0,0.0,0.282107963729,-0.00768124046198
34.0,20.0,0.0,0.0,0.0,0.0,0.0,0.0,0.282021171572,-0.00769359450624
34.0,20.5,0.0,0.0,0.0,0.0,0.0,0.0,0.281934722921,-0.00770592319627
34.0,21.0,0.0,0.0,0.0,0.0,0.0,0.0,0.281848615352,-0.00771822665072
34.0,21.5,0.0,0.0,0.0,0.0,0.0,0.0,0.281762846463,-0.00773050498733
34.0,22.0,0.0,0.0,0.0,0.0,0.0,0.0,0.281677413877,-0.007742758323
34.0,22.5,0.0,0.0,0.0,0.0,0.0,0.0,0.281592315241,-0.00775498677375
34.0,23.0,0.0,0.0,0.0,0.0,0.0,0.0,0.281507548226,-0.00776719045477
34.0,23.5,0.0,0.0,0.0,0.0,0.0,0.0,0.281423110525,-0.00777936948041
34.0,24.0,0.0,0.0,0.0,0.0,0.0,0.0,0.281338999855,-0.0077915239642
35.0,0.5,0.0,0.0,0.0,0.0,0.0,0.0,0.281255213954,-0.00780365401887
35.0,1.0,0.0,0.0,0.0,0.0,0.0,0.0,0.281171750585,-0.00781575975635
35.0,1.5,0.0,0.0,0.0,0.0,0.0,0.0,0.28108860753,-0.00782784128777
35.0,2.0,0.0,0.0,0.0,0.0,0.0,0.0,0.281798565774,-0.00772538872556
35.0,2.5,0.0,0.0,0.0,0.0,0.0,0.0,0.281713053135,-0.00773764388155
35.0,3.0,0.0,0.0,0.0,0.0,0.0,0.0,0.282420593247,-0.00763693606858
35.0,3.5,0.0,0.0,0.0,0.0,0.0,0.0,0.289462006651,-0.00671523275405
35.0,4.0,0.0,0.0,0.0,0.0,0.0,0.0,0.289341925663,-0.00672980080097
35.0,4.5,0.0,0.0,0.0,0.0,0.0,0.0,0.289222734904,-0.00674429809947
35.0,5.0,0.0,0.0,0.0,0.0,0.0,0.0,0.289104416813,-0.00675872607113
35.0,5.5,0.0,0.0,0.0,0.0,0.0,0.0,0.288986954411,-0.00677308609033
35.0,6.0,0.0,0.0,0.0,0.0,0.0,0.0,0.288870331268,-0.00678737948622
35.0,6.5,0.0,0.0,0.0,0.0,0.0,0.0,0.288754531481,-0.00680160754466
35.0,7.0,0.0,0.0,0.0,0.0,0.0,0.0,0.288639539653,-0.00681577151005
35.0,7.5,0.0,0.0,0.0,0.0,0.0,0.0,0.288525340874,-0.006829872587
35.0,8.0,0.0,0.0,0.0,0.0,0.0,0.0,0.288411920693,-0.00684391194201
35.0,8.5,0.0,0.0,0.0,0.0,0.0,0.00699554595119,0.288299265108,-0.00685789070501
35.0,9.0,0.0,0.0,0.0,0.0,0.0,0.0,0.28818709506,-0.00687184303268
35.0,9.5,0.0,0.0,0.0,0.0,0.0,0.0,0.288867761259,-0.00678769487232
35.0,10.0,0.0,0.0,0.0,0.0,0.0,0.0,0.289545127697,-0.0067051706362
35,10.5,1.5638852285471558,0.05721520783542679,16.258646530755897,False,0.05549844099172039,0.05966333176130698,0.2910106292207346,-0.0065306821184418825
35,11.0,1.7124190234090724,0.06181024808801296,16.286191166594797,False,0.06152564660492083,0.09971125880680204,0.29088105657935565,-0.006545889754230121
35,11.5,1.9353592864303029,0.09039623623597096,15.79877085774451,False,0.05698839581096851,0.09635406591227912,0.2907507743491457,-0.00656122323302131
35,12.0,1.9401210532729,0.10874945903031295,15.411775240392814,False,0.04996963575982345,0.042322926381803475,0.2906204982149999,-0.006576598805846388
35,12.5,2.485682517441522,0.15267195228329336,15.217478314553109,False,0.06023158788162518,0.26822074909420157,0.2904925192093341,-0.006591745084022734
35,13.0,4.532707724058421,0.2914075722515838,30.211463837589697,False,0.10621792976057612,0.40758842935744316,0.2903552239962309,-0.006608040166710384
35,13.5,4.6714862196732785,0.31641757784528274,29.962885595339728,False,0.10560311109028217,0.4121871469406245,0.2902082791975489,-0.006625533727433782
35,14.0,4.574721175637709,0.32086632482884203,29.791896575468385,False,0.10096244784535699,0.3677306618416133,0.29006109675901365,-0.006643110919075053
35,14.5,2.4617111516641423,0.17439944346391204,14.867768183329463,False,0.05390757445584503,0.27448881571100436,0.28991630081539366,-0.006660457347092705
35,15.0,4.234035876512115,0.3123028937645688,29.546993890437054,False,0.09037312623088431,0.2828002718215501,0.289781452784386,-0.006676660577348966
35.0,15.5,0.0,0.0,0.0,0.0,0.0,0.0482906774339,0.289641890219,-0.00669347978488
35.0,16.0,0.0,0.0,0.0,0.0,0.0,0.0,0.289523897346,-0.00670773894154
35.0,16.5,0.0,0.0,0.0,0.0,0.0,0.0,0.289408539678,-0.00672171464259
35.0,17.0,0.0,0.0,0.0,0.0,0.0,0.0,0.289293969473,-0.00673562929478
35.0,17.5,0.0,0.0,0.0,0.0,0.0,0.0,0.289180172092,-0.00674948407353
35.0,18.0,0.0,0.0,0.0,0.0,0.0,0.0,0.289858904208,-0.00666734834359
35.0,18.5,0.0,0.0,0.0,0.0,0.0,0.0,0.292908445885,-0.0063126917211
35.0,19.0,0.0,0.0,0.0,0.0,0.0,0.0,0.298310346527,-0.00573805706648
35.0,19.5,0.0,0.0,0.0,0.0,0.0,0.0,0.304458122501,-0.00515816797735
35.0,20.0,0.0,0.0,0.0,0.0,0.0,0.0,0.305050047709,-0.00510610741699
35.0,20.5,0.0,0.0,0.0,0.0,0.0,0.0,0.306371280137,-0.00499214440971
35.0,21.0,0.0,0.0,0.0,0.0,0.0,0.0,0.307070335562,-0.00493307395248
35.0,21.5,0.0,0.0,0.0,0.0,0.0,0.0,0.308339633378,-0.00482793243342
35.0,22.0,0.0,0.0,0.0,0.0,0.0,0.0,0.31016137924,-0.00468165647691
35.0,22.5,0.0,0.0,0.0,0.0,0.0,0.0,0.311927905314,-0.00454483009631
35.0,23.0,0.0,0.0,0.0,0.0,0.0,0.0,0.313636532042,-0.00441699791536
35.0,23.5,0.0,0.0,0.0,0.0,0.0,0.0,0.314113443188,-0.00438208526475
35.0,24.0,0.0,0.0,0.0,0.0,0.0,0.0,0.313789405917,-0.00440577069378
36.0,0.5,0.0,0.0,0.0,0.0,0.0,0.0,0.313473658621,-0.00442899704147
36.0,1.0,0.0,0.0,0.0,0.0,0.0,0.0,0.313165599791,-0.00445179856383
36.0,1.5,0.0,0.0,0.0,0.0,0.0,0.0,0.312864688224,-0.00447420622863
36.0,2.0,0.0,0.0,0.0,0.0,0.0,0.0,0.313356446186,-0.00443765629116
36.0,2.5,0.0,0.0,0.0,0.0,0.0,0.0,0.313059097045,-0.00445971407121
36.0,3.0,0.0,0.0,0.0,0.0,0.0,0.0,0.312768012001,-0.00448143382021
36.0,3.5,0.0,0.0,0.0,0.0,0.0,0.0,0.312482781052,-0.00450283912255
36.0,4.0,0.0,0.0,0.0,0.0,0.0,0.0,0.312989489529,-0.00446489650962
36.0,4.5,0.0,0.0,0.0,0.0,0.0,0.0,0.31820389068,-0.00409576049213
36.0,5.0,0.0,0.0,0.0,0.0,0.0,0.0,0.319402609461,-0.00401611354146
36.0,5.5,0.0,0.0,0.0,0.0,0.0,0.0,0.32199069544,-0.0038503575914
36.0,6.0,0.0,0.0,0.0,0.0,0.0,0.0,0.32270133428,-0.00380627908371
36.0,6.5,0.0,0.0,0.0,0.0,0.0,0.0,0.323958273754,-0.003729778405
36.0,7.0,0.0,0.0,0.0,0.0,0.0,0.0,0.323980727155,-0.00372842857442
36.0,7.5,0.0,0.0,0.0,0.0,0.0,0.0,0.324346735293,-0.0037065071306
36.0,8.0,0.0,0.0,0.0,0.0,0.0,0.0,0.323929080353,-0.00373153429474
36.0,8.5,0.0,0.0,0.0,0.0,0.0,0.0,0.32352246212,-0.00375609377481
36.0,9.0,0.0,0.0,0.0,0.0,0.0,0.0,0.323908789997,-0.00373275527499
36.0,9.5,0.0,0.0,0.0,0.0,0.0,0.0,0.323509253294,-0.00375689480374
36.0,10.0,0.0,0.0,0.0,0.0,0.0,0.0,0.323118812328,-0.00378066468549
36.0,10.5,0.0,0.0,0.0,0.0,0.0,0.0,0.324302986342,-0.00370911930436
36.0,11.0,0.0,0.0,0.0,0.0,0.0,0.00313904063965,0.328595524166,-0.00346294371221
36.0,11.5,0.0,0.0,0.0,0.0,0.0,0.0502661164011,0.330467420392,-0.00336171540383
36,12.0,2.497660241897677,0.09430092712858994,16.229721928398966,False,0.08750655121608647,0.12614804496119456,0.3315247330886844,-0.0033060966723368955
36,12.5,2.654301460963094,0.1033686032323443,16.18144857619808,False,0.09105834973829291,0.16567307214515187,0.3310002184200893,-0.0033335499883715325
36,13.0,2.8054154781976104,0.11515797299399355,16.093240760655135,False,0.0927151708832468,0.22766423612795314,0.3304883441417192,-0.00336060397134678
36,13.5,5.142377388868416,0.23250931017051407,31.804168562664028,False,0.15744364968087404,0.47125536208219077,0.32998661570732524,-0.0033873759685710625
36,14.0,4.602172861780592,0.23055299200470183,31.377859520887103,False,0.1302199392873782,0.35943636822809316,0.3294828039041626,-0.0034145152261457687
36,14.5,2.124072630291795,0.11165696567077166,15.593627920041806,False,0.05813054675972194,0.1428508027104873,0.32899376662473,-0.0034411067502831292
36,15.0,1.6769923564680425,0.09175519212764563,15.506630232999584,False,0.04456120943031737,0.08994227130482275,0.32852690630512194,-0.003466722913374397
36.0,15.5,0.0,0.0,0.0,0.0,0.0,0.0292312321198,0.328071366894,-0.003491937209
36.0,16.0,0.0,0.0,0.0,0.0,0.0,0.0,0.328410952818,-0.00347312034854
36.0,16.5,0.0,0.0,0.0,0.0,0.0,0.0,0.331086499734,-0.00332901537653
36.0,17.0,0.0,0.0,0.0,0.0,0.0,0.0,0.330589253944,-0.00335524996484
36.0,17.5,0.0,0.0,0.0,0.0,0.0,0.0,0.330101457118,-0.00338122572518
36.0,18.0,0.0,0.0,0.0,0.0,0.0,0.0,0.329622190288,-0.00340698094115
36.0,18.5,0.0,0.0,0.0,0.0,0.0,0.0,0.329150645326,-0.00343254963829
36.0,19.0,0.0,0.0,0.0,0.0,0.0,0.0,0.328686109078,-0.0034579621671
36.0,19.5,0.0,0.0,0.0,0.0,0.0,0.0,0.328227950136,-0.0034832456929
36.0,20.0,0.0,0.0,0.0,0.0,0.0,0.0,0.327775607819,-0.00350842460612
36.0,20.5,0.0,0.0,0.0,0.0,0.0,0.0,0.328109963102,-0.00348979243956
36.0,21.0,0.0,0.0,0.0,0.0,0.0,0.0,0.327654010494,-0.00351523007114
36.0,21.5,0.0,0.0,0.0,0.0,0.0,0.0,0.327203105317,-0.00354060366781
36.0,22.0,0.0,0.0,0.0,0.0,0.0,0.0,0.326756830542,-0.00356593185946
36.0,22.5,0.0,0.0,0.0,0.0,0.0,0.0,0.326314813323,-0.00359123150135
36.0,23.0,0.0,0.0,0.0,0.0,0.0,0.0,0.325876752151,-0.00361651599476
36.0,23.5,0.0,0.0,0.0,0.0,0.0,0.0,0.325442418507,-0.0036417950197
36.0,24.0,0.0,0.0,0.0,0.0,0.0,0.0,0.325011643588,-0.00366707514282
37.0,0.5,0.0,0.0,0.0,0.0,0.0,0.0,0.324584307103,-0.00369236034008
37.0,1.0,0.0,0.0,0.0,0.0,0.0,0.0,0.324160327835,-0.00371765244653
37.0,1.5,0.0,0.0,0.0,0.0,0.0,0.0,0.323739655676,-0.00374295154305
37.0,2.0,0.0,0.0,0.0,0.0,0.0,0.0,0.32332226495,-0.00376825628866
37.0,2.5,0.0,0.0,0.0,0.0,0.0,0.0,0.322908148802,-0.00379356420553
37.0,3.0,0.0,0.0,0.0,0.0,0.0,0.0,0.322497314533,-0.0038188719227
37.0,3.5,0.0,0.0,0.0,0.0,0.0,0.0,0.322872343462,-0.00379576187771
37.0,4.0,0.0,0.0,0.0,0.0,0.0,0.0,0.322455379459,-0.00382146645422
37.0,4.5,0.0,0.0,0.0,0.0,0.0,0.0,0.322042239678,-0.0038471400924
37.0,5.0,0.0,0.0,0.0,0.0,0.0,0.0,0.323197544795,-0.00377585709551
37.0,5.5,0.0,0.0,0.0,0.0,0.0,0.0,0.323547991675,-0.00375454615091
37.0,6.0,0.0,0.0,0.0,0.0,0.0,0.0,0.323108097301,-0.00378131953395
37.0,6.5,0.0,0.0,0.0,0.0,0.0,0.0,0.322673567205,-0.00380799005651
37.0,7.0,0.0,0.0,0.0,0.0,0.0,0.0,0.322244293834,-0.00383455830225
37.0,7.5,0.0,0.0,0.0,0.0,0.0,0.0,0.321820178169,-0.00386102450675
37.0,8.0,0.0,0.0,0.0,0.0,0.0,0.0,0.321401128662,-0.00388738860316
37.0,8.5,0.0,0.0,0.0,0.0,0.0,0.0,0.320987060184,-0.00391365027139
37,9.0,1.1335637880313802,0.04291382416527435,16.237136310129017,True,0.03984499929408782,0.07763076615367082,0.3205778930279454,-0.003939808986467794
37,9.5,3.3358110649329946,0.12995772807071448,32.36110284669749,False,0.11439392307813886,0.30782221686622907,0.3201689773483428,-0.003966160020047504
37,10.0,4.066521111064747,0.1866088205017959,31.813301420582448,True,0.1247234960049751,0.8296349290774266,0.3197527772852758,-0.003993196393501562
37,10.5,1.7563567308395192,0.0808230870387032,15.86002979836044,False,0.05291757835834469,0.07347849370543613,0.3201022550578248,-0.003970479588916845
37,11.0,1.9878574255215142,0.0910441177969644,15.881681884464742,False,0.06038778230914031,0.19490532486331313,0.31969379080502014,-0.003997045899177791
37,11.5,2.1774781096402136,0.10375445044679914,15.818231492186719,True,0.06458308262343734,0.3542809385983435,0.31928539704620246,-0.0040238196299045605
37,12.0,4.489668413887799,0.22924604965551867,31.318973130936204,False,0.1257197991837229,0.5709775533059079,0.3188754408318384,-0.004050910978431458
37,12.5,4.871579502461529,0.2706680169418937,30.977949112492798,False,0.1286890599262696,0.7786466368611259,0.3184573728732671,-0.00407876249811286
37,13.0,2.13309141101795,0.10482756333795062,15.739544536168154,False,0.06146317364966995,0.23070845271282853,0.3188179421865759,-0.004054728045193755
37,13.5,4.347545606719505,0.19073407463939127,31.93427050533806,False,0.13652695587782615,0.5458338624154593,0.31841501050455834,-0.004081597373281112
37,14.0,1.8628049301777831,0.07766526874720038,16.064575719520903,False,0.060838571212208994,0.20387663086956329,0.3211326132624837,-0.0039043947642792317
37,14.5,3.852030276391072,0.11497269738169227,33.257466713532324,False,0.16373452973843927,0.3518676540843665,0.32147357051319686,-0.003882815695579248
37,15.0,3.664187271880881,0.11973198413643582,32.96420005967467,False,0.14443228668093056,0.3221957983505016,0.3218012806197296,-0.003862208831873374
37.0,15.5,0.0,0.0,0.0,0.0,0.0,0.112709244125,0.321342413567,-0.003891099715
37.0,16.0,0.0,0.0,0.0,0.0,0.0,0.0269967545497,0.320903935495,-0.00391894777609
37.0,16.5,0.0,0.0,0.0,0.0,0.0,0.0,0.320476233006,-0.00394634055125
37.0,17.0,0.0,0.0,0.0,0.0,0.0,0.0,0.320056736794,-0.00397342963579
37.0,17.5,0.0,0.0,0.0,0.0,0.0,0.0,0.31964411021,-0.00400029152581
37.0,18.0,0.0,0.0,0.0,0.0,0.0,0.0,0.3192380674,-0.00402693629304
37.0,18.5,0.0,0.0,0.0,0.0,0.0,0.0,0.318838346173,-0.00405337302942
37.0,19.0,0.0,0.0,0.0,0.0,0.0,0.0,0.318444705567,-0.00407960994399
37.0,19.5,0.0,0.0,0.0,0.0,0.0,0.0,0.319622859738,-0.0040016807751
37.0,20.0,0.0,0.0,0.0,0.0,0.0,0.0,0.319998840045,-0.00397718570885
37.0,20.5,0.0,0.0,0.0,0.0,0.0,0.0,0.319586246772,-0.00400407569587
37.0,21.0,0.0,0.0,0.0,0.0,0.0,0.0,0.319180573474,-0.00403072614518
37.0,21.5,0.0,0.0,0.0,0.0,0.0,0.0,0.318781517639,-0.00405714831821
37.0,22.0,0.0,0.0,0.0,0.0,0.0,0.0,0.318388801165,-0.0040833524688
37.0,22.5,0.0,0.0,0.0,0.0,0.0,0.0,0.318002168205,-0.00410934792008
37.0,23.0,0.0,0.0,0.0,0.0,0.0,0.0,0.317621383065,-0.00413514314531
37.0,23.5,0.0,0.0,0.0,0.0,0.0,0.0,0.317246228236,-0.00416074584726
37.0,24.0,0.0,0.0,0.0,0.0,0.0,0.0,0.316876502583,-0.00418616303336
38.0,0.5,0.0,0.0,0.0,0.0,0.0,0.0,0.316512019708,-0.00421140108554
38.0,1.0,0.0,0.0,0.0,0.0,0.0,0.0,0.316152606468,-0.00423646582421
38.0,1.5,0.0,0.0,0.0,0.0,0.0,0.0,0.31579810165,-0.00426136256643
38.0,2.0,0.0,0.0,0.0,0.0,0.0,0.0,0.315448354789,-0.00428609617847
38.0,2.5,0.0,0.0,0.0,0.0,0.0,0.0,0.315103225109,-0.00431067112314
38.0,3.0,0.0,0.0,0.0,0.0,0.0,0.0,0.314762580585,-0.00433509150221
38.0,3.5,0.0,0.0,0.0,0.0,0.0,0.0,0.314426297104,-0.00435936109452
38.0,4.0,0.0,0.0,0.0,0.0,0.0,0.0,0.31409425772,-0.00438348338991
38.0,4.5,0.0,0.0,0.0,0.0,0.0,0.0,0.313766351993,-0.00440746161966
38.0,5.0,0.0,0.0,0.0,0.0,0.0,0.0,0.313442475393,-0.0044312987836
38.0,5.5,0.0,0.0,0.0,0.0,0.0,0.0,0.313122528778,-0.00445499767427
38.0,6.0,0.0,0.0,0.0,0.0,0.0,0.0,0.312806417924,-0.00447856089851
38.0,6.5,0.0,0.0,0.0,0.0,0.0,0.0,0.312494053107,-0.0045019908967
38.0,7.0,0.0,0.0,0.0,0.0,0.0,0.0,0.312185348726,-0.00452528995985
38.0,7.5,0.0,0.0,0.0,0.0,0.0,0.0,0.311880222973,-0.0045484602449
38.0,8.0,0.0,0.0,0.0,0.0,0.0,0.0,0.311578597529,-0.00457150378829
38.0,8.5,0.0,0.0,0.0,0.0,0.0,0.0684444592933,0.311280397302,-0.00459442251812
38,9.0,2.065402826399903,0.05006978591425794,16.89017294674141,True,0.10204971790097131,0.17069158309442728,0.3109829527165685,-0.004617419682637793
38,9.5,2.545262844625498,0.06549870205827707,33.78034592816847,True,0.12575917489693816,0.5971418950201358,0.31068301147299154,-0.004640748897464424
38,10.0,3.064858128676596,0.08421125018314655,33.57704909756472,True,0.14243803106997605,0.638987177210506,0.31036951792422346,-0.004665282461406797
38,10.5,3.447286098726682,0.11874347369221762,32.77629936707662,True,0.12983759262083755,0.48239833275921823,0.31005687882436855,-0.004689903212426467
38,11.0,3.7448633534996674,0.14781387518356745,32.297162946129816,True,0.1266754042285389,0.6003790686944946,0.3097519622540513,-0.004714065070040977
38,11.5,4.163772694255819,0.1936608081414618,31.67581538746589,True,0.12440853085636526,0.789139750127963,0.3102309754211581,-0.004676173821968586
38,12.0,4.2396320753781005,0.20416428899805114,31.508338531715467,True,0.12281196108512976,0.6604168417285944,0.3099085553966035,-0.0047016380141226746
38,12.5,2.103019220726845,0.10141513779276044,15.756968500986655,True,0.060981584694938654,0.33959217078683496,0.30959384031184795,-0.004726653180830102
38,13.0,4.0253593539395505,0.20580637846654418,15.606484800285285,False,0.1106534992165583,0.3624667040318813,0.3092983472198786,-0.004750284955482888
38,13.5,3.919400289494313,0.2242840573763583,15.357820871667432,False,0.0992144532649887,0.331368269001565,0.30900110350734106,-0.004774198899782423
38,14.0,1.6903443504346425,0.09945930059624072,15.315266182673799,True,0.042217090644927104,0.24461131949958104,0.3087073522577259,-0.004797972920013001
38,14.5,1.4372079015373271,0.0815979656144892,15.390933986272378,True,0.03676849932395815,0.1365542035369362,0.30842458093016467,-0.00482099166835716
38,15.0,1.1413318836320125,0.06648251730991417,15.3319537273725,True,0.028655413550514847,0.0903591510446579,0.3081494778589501,-0.004843512573438885
38,15.5,2.1896454022439236,0.1315602659839691,15.241342994868923,False,0.05344676156459605,0.12403948719275469,0.30787953263224394,-0.004865733188590398
38.0,16.0,0.0,0.0,0.0,0.0,0.0,0.0,0.307608614184,-0.00488815614121
38.0,16.5,0.0,0.0,0.0,0.0,0.0,0.0,0.30735011585,-0.00490966599618
38.0,17.0,0.0,0.0,0.0,0.0,0.0,0.0,0.307094284941,-0.00493106501944
38.0,17.5,0.0,0.0,0.0,0.0,0.0,0.0,0.306841070492,-0.00495235470555
38.0,18.0,0.0,0.0,0.0,0.0,0.0,0.0,0.306590423167,-0.00497353649789
38.0,18.5,0.0,0.0,0.0,0.0,0.0,0.0,0.307129736922,-0.00492809300882
38.0,19.0,0.0,0.0,0.0,0.0,0.0,0.0,0.308450229107,-0.00481889838335
38.0,19.5,0.0,0.0,0.0,0.0,0.0,0.0,0.308969161071,-0.00477677726858
38.0,20.0,0.0,0.0,0.0,0.0,0.0,0.0,0.30869575874,-0.00479891410201
38.0,20.5,0.0,0.0,0.0,0.0,0.0,0.0,0.308425741275,-0.00482089694304
38.0,21.0,0.0,0.0,0.0,0.0,0.0,0.0,0.30894587307,-0.00477865810378
38.0,21.5,0.0,0.0,0.0,0.0,0.0,0.0,0.308673694277,-0.00480070594149
38.0,22.0,0.0,0.0,0.0,0.0,0.0,0.0,0.309191718665,-0.00475884701779
38.0,22.5,0.0,0.0,0.0,0.0,0.0,0.0,0.310490527322,-0.00465579416711
38.0,23.0,0.0,0.0,0.0,0.0,0.0,0.0,0.31098809788,-0.00461702071614
38.0,23.5,0.0,0.0,0.0,0.0,0.0,0.0,0.311480320476,-0.00457904197238
38.0,24.0,0.0,0.0,0.0,0.0,0.0,0.0,0.311181396198,-0.00460206168326
39.0,0.5,0.0,0.0,0.0,0.0,0.0,0.0,0.310886953386,-0.00462487120544
39.0,1.0,0.0,0.0,0.0,0.0,0.0,0.0,0.3105968103,-0.00464747952517
39.0,1.5,0.0,0.0,0.0,0.0,0.0,0.0,0.3103107966,-0.00466989507681
39.0,2.0,0.0,0.0,0.0,0.0,0.0,0.0,0.310815140669,-0.00463045471828
39.0,2.5,0.0,0.0,0.0,0.0,0.0,0.0,0.310527848684,-0.0046528724556
39.0,3.0,0.0,0.0,0.0,0.0,0.0,0.0,0.310244577751,-0.00467510315013
39.0,3.5,0.0,0.0,0.0,0.0,0.0,0.0,0.309965173077,-0.00469715450872
39.0,4.0,0.0,0.0,0.0,0.0,0.0,0.0,0.309689489806,-0.00471903373179
39.0,4.5,0.0,0.0,0.0,0.0,0.0,0.0,0.309417392323,-0.00474074754404
39.0,5.0,0.0,0.0,0.0,0.0,0.0,0.0,0.309148753578,-0.00476230222582
39.0,5.5,0.0,0.0,0.0,0.0,0.0,0.0,0.308883454443,-0.00478370364372
39.0,6.0,0.0,0.0,0.0,0.0,0.0,0.0,0.308621383119,-0.00480495727988
39.0,6.5,0.0,0.0,0.0,0.0,0.0,0.0,0.308362434574,-0.00482606825976
39.0,7.0,0.0,0.0,0.0,0.0,0.0,0.0,0.308106510034,-0.00484704137816
39.0,7.5,0.0,0.0,0.0,0.0,0.0,0.0,0.307853516506,-0.00486788112354
39.0,8.0,0.0,0.0,0.0,0.0,0.0,0.0,0.30760336634,-0.00488859170054
39.0,8.5,0.0,0.0,0.0,0.0,0.0,0.0,0.307355976834,-0.004909177051
39,9.0,1.7331968924148677,0.04320084905165283,16.890172951471715,False,0.08563571797084943,0.1572216716087513,0.30711126986068593,-0.004929640873200228
39,9.5,4.293344816860444,0.10505235683776952,33.78034589547566,False,0.21213035143168435,0.3037311714226913,0.30686156550782473,-0.004950627463929744
39,10.0,5.4807222974745375,0.15049820419261598,33.54198540990282,False,0.25213157440450445,0.6209970173112236,0.30660649255215056,-0.004972175266406799
39,10.5,6.052716169806049,0.21216100987642908,32.7498063247918,False,0.22654675584128414,0.7393506304634544,0.3063401270799274,-0.004994796412592444
39,11.0,6.615630607933168,0.28037558709575905,32.071142906835135,False,0.2135213370021607,0.9326989156930328,0.3060693394429055,-0.0050179189179472665
39,11.5,6.700772158617832,0.31350990231212583,31.655355985814506,False,0.1994446199571337,0.8774291105651505,0.3057909751889401,-0.005041821454463426
39,12.0,6.616039202226861,0.3103513247718308,31.639363157732074,False,0.19633509696353757,0.8170637536101726,0.30551574383375524,-0.005065588471316863
39,12.5,6.9083223993706,0.3582588629905644,31.26755502573157,False,0.19171185111443506,1.0984140463753678,0.3052451619979747,-0.00508908422702285
39,13.0,6.740711283288379,0.33940209363056306,31.352315184124798,False,0.1898678935366016,0.9372298385070001,0.3049642721410746,-0.005113612566013608
39,13.5,2.9497576863918655,0.1283081522664481,15.96792462097915,False,0.09266078463239999,0.354777860520713,0.3046923530433938,-0.005137491841128416
39,14.0,5.68751467038211,0.2527493745763995,31.804168553147043,False,0.17413406282799482,0.4909299174302627,0.30445264035469455,-0.005158653086756898
39,14.5,5.9769421241733465,0.2928900681425203,31.443199803362056,False,0.1711080832397337,0.6692661394612243,0.30420508482275244,-0.005180615776321486
39,15.0,5.3178371011557015,0.28191176886040886,31.106141490057894,False,0.14353293959485966,0.5879164487810855,0.30395124200992923,-0.005203252051112107
39,15.5,2.4340252536348634,0.1287569163981536,15.518903146619625,False,0.0649434345137828,0.1378611562166609,0.3037028660349117,-0.005225514980212854
39.0,16.0,0.0,0.0,0.0,0.0,0.0,0.0387674190712,0.303479305658,-0.00524565070026
39.0,16.5,0.0,0.0,0.0,0.0,0.0,0.0,0.303266278423,-0.0052649237888
39.0,17.0,0.0,0.0,0.0,0.0,0.0,0.0,0.30305657256,-0.00528397884759
39.0,17.5,0.0,0.0,0.0,0.0,0.0,0.0,0.303637388533,-0.00523140288143
39.0,18.0,0.0,0.0,0.0,0.0,0.0,0.0,0.303424355186,-0.00525061414564
39.0,18.5,0.0,0.0,0.0,0.0,0.0,0.0,0.303213254251,-0.0052697341201
39.0,19.0,0.0,0.0,0.0,0.0,0.0,0.0,0.303792711279,-0.00521744871527
39.0,19.5,0.0,0.0,0.0,0.0,0.0,0.0,0.304366900796,-0.0051662471686
39.0,20.0,0.0,0.0,0.0,0.0,0.0,0.0,0.30493582465,-0.00511610455264
39.0,20.5,0.0,0.0,0.0,0.0,0.0,0.0,0.306287430952,-0.00499928615998
39.0,21.0,0.0,0.0,0.0,0.0,0.0,0.0,0.306837979009,-0.00495261530619
39.0,21.5,0.0,0.0,0.0,0.0,0.0,0.0,0.306595688059,-0.00497309046205
39.0,22.0,0.0,0.0,0.0,0.0,0.0,0.0,0.306356283581,-0.00499342082963
39.0,22.5,0.0,0.0,0.0,0.0,0.0,0.0,0.306119673634,-0.00501361125664
39.0,23.0,0.0,0.0,0.0,0.0,0.0,0.0,0.305885771117,-0.00503366633127
39.0,23.5,0.0,0.0,0.0,0.0,0.0,0.0,0.305654493497,-0.00505359039433
39.0,24.0,0.0,0.0,0.0,0.0,0.0,0.0,0.305425762547,-0.00507338755186
40.0,0.5,0.0,0.0,0.0,0.0,0.0,0.0,0.30519950408,-0.00509306168795
40.0,1.0,0.0,0.0,0.0,0.0,0.0,0.0,0.3049756477,-0.00511261647728
40.0,1.5,0.0,0.0,0.0,0.0,0.0,0.0,0.30475412657,-0.00513205539729
40.0,2.0,0.0,0.0,0.0,0.0,0.0,0.0,0.304534877185,-0.00515138173989
40.0,2.5,0.0,0.0,0.0,0.0,0.0,0.0,0.304317839167,-0.00517059862258
40.0,3.0,0.0,0.0,0.0,0.0,0.0,0.0,0.304102955064,-0.00518970899904
40.0,3.5,0.0,0.0,0.0,0.0,0.0,0.0,0.30389017017,-0.00520871566904
40.0,4.0,0.0,0.0,0.0,0.0,0.0,0.0,0.303679432354,-0.00522762128787
40.0,4.5,0.0,0.0,0.0,0.0,0.0,0.0,0.3034706919,-0.00524642837518
40.0,5.0,0.0,0.0,0.0,0.0,0.0,0.0,0.303263901357,-0.00526513932323
40.0,5.5,0.0,0.0,0.0,0.0,0.0,0.0,0.303059015401,-0.00528375640469
40.0,6.0,0.0,0.0,0.0,0.0,0.0,0.0,0.303644851166,-0.00523073142373
40.0,6.5,0.0,0.0,0.0,0.0,0.0,0.0,0.303436873171,-0.00524948295663
40.0,7.0,0.0,0.0,0.0,0.0,0.0,0.0,0.304019620903,-0.00519714282915
40.0,7.5,0.0,0.0,0.0,0.0,0.0,0.0,0.303808655988,-0.00521601875701
40.0,8.0,0.0,0.0,0.0,0.0,0.0,0.0,0.303599746878,-0.00523479129163
40.0,8.5,0.0,0.0,0.0,0.0,0.0,0.0,0.304181579491,-0.00518270691356
40.0,9.0,0.0,0.0,0.0,0.0,0.0,0.0,0.303969743614,-0.00520159820574
40.0,9.5,0.0,0.0,0.0,0.0,0.0,0.0,0.30376000476,-0.00522038337313
40,10.0,2.404445252380533,0.1460141001567677,15.254188822499213,False,0.058922056913246486,0.08845076951594365,0.30355230853099713,-0.00523906530136254
40,10.5,2.9007211835691393,0.1932166107428877,15.043369071685042,False,0.06674815016026006,0.18042134052582665,0.30333770508042157,-0.005258452259380163
40,11.0,3.2167726878622305,0.21987626947000866,14.985200137067736,False,0.07279575120614384,0.2606684230896696,0.3031197611594932,-0.005278228537962924
40,11.5,3.0708836488035973,0.22112715440181274,14.854922707117595,False,0.06701050323244052,0.19287428907903653,0.30289965392829915,-0.0052982911224324376
40,12.0,3.4468228901201052,0.25077896821206436,14.839085167566253,False,0.0748885812900446,0.3366004133836087,0.30268392056280363,-0.005318043262844244
40,12.5,3.0004203977963244,0.21626227631005077,14.853598345910862,False,0.06544912781201105,0.17771461231745506,0.30246341281628036,-0.005338323274413448
40,13.0,2.9012018142293368,0.21407534052886848,14.798284427462738,False,0.06233918969938267,0.1635411580303034,0.3022520086244966,-0.005357852609056163
40,13.5,2.3321271269222668,0.1742931650693854,14.766286352867336,False,0.04968181680607642,0.05251634309164674,0.30204294967063255,-0.005377249062793138
40.0,14.0,0.0,0.0,0.0,0.0,0.0,0.0,0.304208193161,-0.00518033932025
40,14.5,2.44988379787015,0.09656534413940983,16.168044061946645,False,0.08356249654690183,0.23095639404048082,0.305573748935969,-0.0050605684816111655
40,15.0,5.599558353750403,0.24310498022753133,31.99638829689673,False,0.1780272291666381,0.6589397210505049,0.30533782159623046,-0.005081023615093405
40,15.5,2.505423495656446,0.11634030462187735,15.822585216315607,False,0.07443063923472826,0.14388584177310143,0.3050825993399799,-0.005103262666041066
40.0,16.0,0.0,0.0,0.0,0.0,0.0,0.0,0.304854163214,-0.00512326609803
40.0,16.5,0.0,0.0,0.0,0.0,0.0,0.0,0.304637956626,-0.00514228473692
40.0,17.0,0.0,0.0,0.0,0.0,0.0,0.0,0.304424032609,-0.00516118543841
40.0,17.5,0.0,0.0,0.0,0.0,0.0,0.0,0.304212323375,-0.00517997200549
40.0,18.0,0.0,0.0,0.0,0.0,0.0,0.0,0.304002764555,-0.00519864804323
40.0,18.5,0.0,0.0,0.0,0.0,0.0,0.0,0.303795295014,-0.00521721696821
40.0,19.0,0.0,0.0,0.0,0.0,0.0,0.0,0.303589856668,-0.00523568201808
40.0,19.5,0.0,0.0,0.0,0.0,0.0,0.0,0.303386394302,-0.00525404626102
40.0,20.0,0.0,0.0,0.0,0.0,0.0,0.0,0.303184855406,-0.00527231260498
40.0,20.5,0.0,0.0,0.0,0.0,0.0,0.0,0.302985190014,-0.00529048380658
40.0,21.0,0.0,0.0,0.0,0.0,0.0,0.0,0.302787350551,-0.00530856247963
40.0,21.5,0.0,0.0,0.0,0.0,0.0,0.0,0.302591291691,-0.00532655110332
40.0,22.0,0.0,0.0,0.0,0.0,0.0,0.0,0.302396970226,-0.00534445202985
40.0,22.5,0.0,0.0,0.0,0.0,0.0,0.0,0.302204344933,-0.00536226749188
40.0,23.0,0.0,0.0,0.0,0.0,0.0,0.0,0.302013376465,-0.00537999960932
40.0,23.5,0.0,0.0,0.0,0.0,0.0,0.0,0.301824027233,-0.00539765039596
40.0,24.0,0.0,0.0,0.0,0.0,0.0,0.0,0.301636261306,-0.00541522176558
41.0,0.5,0.0,0.0,0.0,0.0,0.0,0.0,0.301450044316,-0.00543271553775
41.0,1.0,0.0,0.0,0.0,0.0,0.0,0.0,0.301265343362,-0.00545013344328
41.0,1.5,0.0,0.0,0.0,0.0,0.0,0.0,0.30108212693,-0.00546747712935
41.0,2.0,0.0,0.0,0.0,0.0,0.0,0.0,0.300900364812,-0.00548474816435
41.0,2.5,0.0,0.0,0.0,0.0,0.0,0.0,0.30072002803,-0.00550194804238
41.0,3.0,0.0,0.0,0.0,0.0,0.0,0.0,0.30054108877,-0.00551907818754
41.0,3.5,0.0,0.0,0.0,0.0,0.0,0.0,0.300363520314,-0.0055361399579
41.0,4.0,0.0,0.0,0.0,0.0,0.0,0.0,0.300187296983,-0.00555313464928
41.0,4.5,0.0,0.0,0.0,0.0,0.0,0.0,0.300012394073,-0.0055700634988
41.0,5.0,0.0,0.0,0.0,0.0,0.0,0.0,0.299838787809,-0.00558692768814
41.0,5.5,0.0,0.0,0.0,0.0,0.0,0.0,0.299666455291,-0.00560372834672
41.0,6.0,0.0,0.0,0.0,0.0,0.0,0.0,0.299495374448,-0.00562046655462
41.0,6.5,0.0,0.0,0.0,0.0,0.0,0.0,0.299325523995,-0.0056371433453
41.0,7.0,0.0,0.0,0.0,0.0,0.0,0.0,0.299156883389,-0.00565375970823
41.0,7.5,0.0,0.0,0.0,0.0,0.0,0.0,0.300569237981,-0.00551637921045
41.0,8.0,0.0,0.0,0.0,0.0,0.0,0.0,0.302759775517,-0.00531108814114
41.0,8.5,0.0,0.0,0.0,0.0,0.0,0.0,0.302564735801,-0.00532899321745
41.0,9.0,0.0,0.0,0.0,0.0,0.0,0.0,0.306315223516,-0.0049969176149
41,9.5,1.3029142754622043,0.033587184544420536,16.835522784440993,False,0.06226216916304803,0.060398699927946616,0.30687758879882315,-0.00494927758212893
41,10.0,1.8531608080795883,0.06385498665269626,16.408756756632478,True,0.07048469361530042,0.22629996829688934,0.3082193099406281,-0.0048377840241666855
41,10.5,1.9877455730630271,0.07284784958001075,16.2919505959811,False,0.07160416243952447,0.17864387912168272,0.3079653840716865,-0.004858653157294789
41,11.0,1.9844271429310065,0.07908329987784192,16.12327487167108,False,0.06641137318806893,0.08616868250905668,0.3077162245792786,-0.004879234904417455
41,11.5,4.755626044724478,0.21498402992081647,31.799611103477837,False,0.14547492120651367,0.5461101700910619,0.30747350235011073,-0.004899384868258023
41,12.0,5.340949812810318,0.2962256991521744,30.95378586671396,False,0.14052423468639325,0.7379743076352133,0.30799910823919174,-0.004855875337288819
41,12.5,5.3631086057756985,0.3170411845061257,30.66278995940067,False,0.13462779895985683,0.6962603331478204,0.3077217182422912,-0.004878779983349109
41,13.0,5.435229058285124,0.31149403438870543,30.82471460091945,False,0.14001580871549632,0.8608546344480159,0.3074481826895774,-0.004901492524826038
41,13.5,5.113522358086343,0.31195000533806233,30.494440539570352,False,0.1250408055651914,0.47182244331925216,0.3071715508380983,-0.004924590407147507
41,14.0,2.182188336358042,0.132363647184025,15.262260141547237,False,0.05360885553679329,0.17604362134407406,0.30691249037987883,-0.0049463388168359546
41,14.5,5.030443070407019,0.32251935912838214,30.263658544004286,False,0.11879506491314497,0.4501124644080271,0.30667418704571314,-0.004966445763144086
41,15.0,5.36575903860863,0.367693899464762,29.98075615462722,False,0.12160658390863918,0.8389554069410451,0.3064208817348352,-0.004987925377428378
41,15.5,5.146631132132052,0.35459968572525047,29.926444427380815,False,0.11574480902746792,0.6535748255334282,0.3061536248236382,-0.005010708160728964
41,16.0,2.5556675491728873,0.17722699215554358,14.924057367368862,False,0.056846021214054014,0.13393747947146717,0.3058963287527502,-0.0050327590498238615
41,16.5,2.9407029680828773,0.20431942730963082,14.912677390539338,False,0.06520291079274447,0.048920366440523264,0.3056678275187377,-0.005052439147928162
41.0,17.0,0.0,0.0,0.0,0.0,0.0,0.0,0.305443787483,-0.00507182410478
41.0,17.5,0.0,0.0,0.0,0.0,0.0,0.0,0.30523154521,-0.00509027005754
41.0,18.0,0.0,0.0,0.0,0.0,0.0,0.0,0.305021419075,-0.0051086108912
41.0,18.5,0.0,0.0,0.0,0.0,0.0,0.0,0.304813342049,-0.00512685051029
41.0,19.0,0.0,0.0,0.0,0.0,0.0,0.0,0.304607250979,-0.00514499257936
41.0,19.5,0.0,0.0,0.0,0.0,0.0,0.0,0.304403086326,-0.00516304053838
41.0,20.0,0.0,0.0,0.0,0.0,0.0,0.0,0.304200791915,-0.00518099761716
41.0,20.5,0.0,0.0,0.0,0.0,0.0,0.0,0.30478925597,-0.00512896685498
41.0,21.0,0.0,0.0,0.0,0.0,0.0,0.0,0.305372633699,-0.00507799918432
41.0,21.5,0.0,0.0,0.0,0.0,0.0,0.0,0.306739307689,-0.00496094152641
41.0,22.0,0.0,0.0,0.0,0.0,0.0,0.0,0.308093040959,-0.00484814817917
41.0,22.5,0.0,0.0,0.0,0.0,0.0,0.0,0.308645834974,-0.00480296951459
41.0,23.0,0.0,0.0,0.0,0.0,0.0,0.0,0.309193511315,-0.00475870291965
41.0,23.5,0.0,0.0,0.0,0.0,0.0,0.0,0.309736070473,-0.00471532841004
41.0,24.0,0.0,0.0,0.0,0.0,0.0,0.0,0.310273514061,-0.00467282647563
42.0,0.5,0.0,0.0,0.0,0.0,0.0,0.0,0.310018613973,-0.00469292724275
42.0,1.0,0.0,0.0,0.0,0.0,0.0,0.0,0.30976703701,-0.00471286705335
42.0,1.5,0.0,0.0,0.0,0.0,0.0,0.0,0.309518637597,-0.00473265413165
42.0,2.0,0.0,0.0,0.0,0.0,0.0,0.0,0.309273279479,-0.0047522961941
42.0,2.5,0.0,0.0,0.0,0.0,0.0,0.0,0.309818454348,-0.0047087835573
42.0,3.0,0.0,0.0,0.0,0.0,0.0,0.0,0.311145531312,-0.0046048328384
42.0,3.5,0.0,0.0,0.0,0.0,0.0,0.0,0.312458301518,-0.00450468187154
42.0,4.0,0.0,0.0,0.0,0.0,0.0,0.0,0.313756399008,-0.00440819187575
42.0,4.5,0.0,0.0,0.0,0.0,0.0,0.0,0.316610305326,-0.0042045776403
42.0,5.0,0.0,0.0,0.0,0.0,0.0,0.0,0.319425515632,-0.00401460963806
42.0,5.5,0.0,0.0,0.0,0.0,0.0,0.0,0.32141633596,-0.00388642810721
42.0,6.0,0.0,0.0,0.0,0.0,0.0,0.0,0.32415951947,-0.00371770086558
42.0,6.5,0.0,0.0,0.0,0.0,0.0,0.0,0.324222292549,-0.00371394314665
42.0,7.0,0.0,0.0,0.0,0.0,0.0,0.0,0.326036974357,-0.00360724358832
42.0,7.5,0.0,0.0,0.0,0.0,0.0,0.0,0.326584905238,-0.00357574699447
42.0,8.0,0.0,0.0,0.0,0.0,0.0,0.0,0.326910534487,-0.00355718414
42.0,8.5,0.0,0.0,0.0,0.0,0.0,0.0,0.326452915548,-0.00358330407077
42.0,9.0,0.0,0.0,0.0,0.0,0.0,0.0,0.326006656538,-0.00360899597137
42.0,9.5,0.0,0.0,0.0,0.0,0.0,0.0,0.326352407651,-0.00358907142002
42,10.0,2.0743333335071177,0.10322355789387068,15.692305730464263,False,0.058764492301923626,0.029825290845135948,0.3259125448433233,-0.003614442133000679
42.0,10.5,0.0,0.0,0.0,0.0,0.0,0.0,0.325476914044,-0.00363977963545
42.0,11.0,0.0,0.0,0.0,0.0,0.0,0.0,0.325054794586,-0.0036645334142
42.0,11.5,0.0,0.0,0.0,0.0,0.0,0.0,0.325422768357,-0.00364294366417
42.0,12.0,0.0,0.0,0.0,0.0,0.0,0.0,0.326566671468,-0.00357678983863
42,12.5,2.3244967162922454,0.08540711219437261,16.269038049346126,False,0.08287490329583683,0.061823872304285585,0.3276903371247128,-0.0035131953241443045
42.0,13.0,0.0,0.0,0.0,0.0,0.0,0.0226976431562,0.33112687653,-0.00332689585302
42.0,13.5,0.0,0.0,0.0,0.0,0.0,0.0,0.336045434125,-0.00308031524005
42.0,14.0,0.0,0.0,0.0,0.0,0.0,0.0,0.340062970884,-0.00289493552909
42.0,14.5,0.0,0.0,0.0,0.0,0.0,0.0,0.343321784666,-0.0027542686457
42.0,15.0,0.0,0.0,0.0,0.0,0.0,0.0,0.345800548526,-0.00265270444565
42.0,15.5,0.0,0.0,0.0,0.0,0.0,0.0,0.349063543721,-0.00252572666765
42.0,16.0,0.0,0.0,0.0,0.0,0.0,0.0,0.349625023773,-0.00250461403144
42.0,16.5,0.0,0.0,0.0,0.0,0.0,0.0,0.349414005916,-0.00251252391891
42.0,17.0,0.0,0.0,0.0,0.0,0.0,0.0,0.348453461049,-0.00254890768873
42.0,17.5,0.0,0.0,0.0,0.0,0.0,0.0,0.349830674092,-0.00249693387431
42.0,18.0,0.0,0.0,0.0,0.0,0.0,0.0,0.351156686301,-0.00244808121921
42.0,18.5,0.0,0.0,0.0,0.0,0.0,0.0,0.350137809672,-0.00248551585788
42.0,19.0,0.0,0.0,0.0,0.0,0.0,0.0,0.349153119102,-0.00252234430107
42.0,19.5,0.0,0.0,0.0,0.0,0.0,0.0,0.348962784629,-0.00252953779153
42.0,20.0,0.0,0.0,0.0,0.0,0.0,0.0,0.354109832682,-0.00234331437227
42.0,20.5,0.0,0.0,0.0,0.0,0.0,0.0,0.355217485089,-0.00230540230741
42.0,21.0,0.0,0.0,0.0,0.0,0.0,0.0,0.353988576851,-0.00234750959345
42.0,21.5,0.0,0.0,0.0,0.0,0.0,0.0,0.356589439946,-0.00225945212491
42.0,22.0,0.0,0.0,0.0,0.0,0.0,0.0,0.359035004897,-0.00218022071086
42.0,22.5,0.0,0.0,0.0,0.0,0.0,0.0,0.359823623109,-0.00215537995338
42.0,23.0,0.0,0.0,0.0,0.0,0.0,0.0,0.359044614085,-0.00217991598378
42.0,23.5,0.0,0.0,0.0,0.0,0.0,0.0,0.358277361446,-0.00220440770683
42.0,24.0,0.0,0.0,0.0,0.0,0.0,0.0,0.356761623017,-0.00225376268196
43.0,0.5,0.0,0.0,0.0,0.0,0.0,0.0,0.356784284338,-0.00225301515603
43.0,1.0,0.0,0.0,0.0,0.0,0.0,0.0,0.355252477089,-0.00230421657994
43.0,1.5,0.0,0.0,0.0,0.0,0.0,0.0,0.353753570656,-0.00235566586809
43.0,2.0,0.0,0.0,0.0,0.0,0.0,0.0,0.352287913743,-0.0024073027796
43.0,2.5,0.0,0.0,0.0,0.0,0.0,0.0,0.350857786104,-0.00245899308227
43.0,3.0,0.0,0.0,0.0,0.0,0.0,0.0,0.349465808362,-0.00251057937981
43.0,3.5,0.0,0.0,0.0,0.0,0.0,0.0,0.348114157314,-0.00256190973325
43.0,4.0,0.0,0.0,0.0,0.0,0.0,0.0,0.34680426906,-0.00261285150521
43.0,4.5,0.0,0.0,0.0,0.0,0.0,0.0,0.345536805994,-0.00266329628668
43.0,5.0,0.0,0.0,0.0,0.0,0.0,0.0,0.344311747696,-0.00271315992242
43.0,5.5,0.0,0.0,0.0,0.0,0.0,0.0,0.343128525888,-0.00276238016092
43.0,6.0,0.0,0.0,0.0,0.0,0.0,0.0,0.341986162159,-0.00281091340224
43.0,6.5,0.0,0.0,0.0,0.0,0.0,0.0,0.340883389954,-0.00285873133699
43.0,7.0,0.0,0.0,0.0,0.0,0.0,0.0,0.339818754662,-0.00290581785877
43.0,7.5,0.0,0.0,0.0,0.0,0.0,0.0,0.338790691793,-0.00295216639994
43.0,8.0,0.0,0.0,0.0,0.0,0.0,0.0,0.337797585866,-0.00299777771803
43.0,8.5,0.0,0.0,0.0,0.0,0.0,0.0102934211466,0.336837813419,-0.00304265810098
43,9.0,5.62023055592261,0.34679472149505197,30.434956624904444,False,0.13618610110855064,0.38691001531832847,0.33590938286635375,-0.00308683668463796
43,9.5,6.784020314962512,0.42228839308945526,30.42547937837241,False,0.1641494019039338,0.7137236292658737,0.3349836738587117,-0.0031316487954291604
43,10.0,6.5124923843073095,0.406508685150922,30.389876797124607,False,0.15673064851408774,0.5716647280527688,0.33407137177449026,-0.003176572284132811
43,10.5,5.9705470105640295,0.41548239746532784,29.86549588698953,False,0.1331271345647152,0.44831868852294793,0.3331922990332632,-0.003220587695881318
43,11.0,6.831502845995615,0.5116594845304662,29.514825300650916,False,0.14518794837612692,0.6516202632798223,0.3323434413574183,-0.003263781541555817
43,11.5,7.043231844658068,0.5677764268288719,29.141141848155613,False,0.14257021022260163,0.7176102195076748,0.33150780078107506,-0.0033069786987831055
43,12.0,7.444757964507621,0.6397891550367679,28.82073900798777,False,0.14479473571125626,0.9108922601799367,0.3306908883267681,-0.0033498677836053883
43,12.5,7.697751804679725,0.7004766699409695,28.546949475564368,False,0.14486607560922604,1.3017865961754644,0.3298861201844642,-0.003392768866971569
43,13.0,7.148491613290412,0.6333019416843929,28.650854792993776,False,0.1362036207963641,0.7603201927182773,0.32908534481086665,-0.0034361084390185496
43,13.5,6.98673141039089,0.6318291083381888,28.534129766106425,False,0.13128608437502648,0.7068384900139186,0.32832778047311406,-0.0034777178328668674
43,14.0,6.454186630926579,0.5803118886909399,28.556419668430472,False,0.12159931646335642,0.5433525477100585,0.3275914591240575,-0.003518737023950805
43,14.5,5.83142023559475,0.5063006336384714,28.735336205482835,False,0.11224458561463913,0.4098887413718728,0.3268815569495122,-0.0035588313748620413
43,15.0,5.571663037620302,0.48161665962892236,28.759366954216862,False,0.10755745556879845,0.3804618734364617,0.3261969450311238,-0.00359801398355419
43,15.5,2.521418922186055,0.2043441064217705,14.535295047812916,False,0.050584841111544064,0.09956637778530794,0.3255310108954359,-0.0036366217297389963
43.0,16.0,0.0,0.0,0.0,0.0,0.0,0.0,0.324902138718,-0.00367353475653
43.0,16.5,0.0,0.0,0.0,0.0,0.0,0.0,0.324299978997,-0.00370929894824
43.0,17.0,0.0,0.0,0.0,0.0,0.0,0.0,0.323712339214,-0.00374460142781
43.0,17.5,0.0,0.0,0.0,0.0,0.0,0.0,0.323138598702,-0.00377945579705
43.0,18.0,0.0,0.0,0.0,0.0,0.0,0.0,0.322578172604,-0.00381387513985
43.0,18.5,0.0,0.0,0.0,0.0,0.0,0.0,0.322030509413,-0.00384787203839
43.0,19.0,0.0,0.0,0.0,0.0,0.0,0.0,0.321495088703,-0.00388145859005
43.0,19.5,0.0,0.0,0.0,0.0,0.0,0.0,0.320971419022,-0.00391464642465
43.0,20.0,0.0,0.0,0.0,0.0,0.0,0.0,0.32045903595,-0.00394744672198
43.0,20.5,0.0,0.0,0.0,0.0,0.0,0.0,0.319957500296,-0.00397987022929
43.0,21.0,0.0,0.0,0.0,0.0,0.0,0.0,0.319466396428,-0.00401192727858
43.0,21.5,0.0,0.0,0.0,0.0,0.0,0.0,0.318985330738,-0.00404362780371
43.0,22.0,0.0,0.0,0.0,0.0,0.0,0.0,0.318513930201,-0.0040749813571
43.0,22.5,0.0,0.0,0.0,0.0,0.0,0.0,0.318832771817,-0.00405374316529
43.0,23.0,0.0,0.0,0.0,0.0,0.0,0.0,0.318365630828,-0.00408490480793
43.0,23.5,0.0,0.0,0.0,0.0,0.0,0.0,0.320249786284,-0.00396093598333
43.0,24.0,0.0,0.0,0.0,0.0,0.0,0.0,0.325984984109,-0.00361024926891
44.0,0.5,0.0,0.0,0.0,0.0,0.0,0.0,0.325375436457,-0.00364571221086
44.0,1.0,0.0,0.0,0.0,0.0,0.0,0.0,0.324785801551,-0.00368041226102
44.0,1.5,0.0,0.0,0.0,0.0,0.0,0.0,0.324214415538,-0.00371441443151
44.0,2.0,0.0,0.0,0.0,0.0,0.0,0.0,0.323659827312,-0.00374777552445
44.0,2.5,0.0,0.0,0.0,0.0,0.0,0.0,0.323120762836,-0.00378054549479
44.0,3.0,0.0,0.0,0.0,0.0,0.0,0.0,0.322596100907,-0.00381276828056
44.0,3.5,0.0,0.0,0.0,0.0,0.0,0.0,0.322084851441,-0.0038444825958
44.0,4.0,0.0,0.0,0.0,0.0,0.0,0.0,0.32158613663,-0.00387572264584
44.0,4.5,0.0,0.0,0.0,0.0,0.0,0.0,0.321099174939,-0.00390651874876
44.0,5.0,0.0,0.0,0.0,0.0,0.0,0.0,0.320623267622,-0.00393689786758
44.0,5.5,0.0,0.0,0.0,0.0,0.0,0.0,0.32015778736,-0.00396688406356
44.0,6.0,0.0,0.0,0.0,0.0,0.0,0.0,0.319702168696,-0.00399649888189
44.0,6.5,0.0,0.0,0.0,0.0,0.0,0.0,0.319255899946,-0.00402576168005
44.0,7.0,0.0,0.0,0.0,0.0,0.0,0.0,0.318818516352,-0.00405468990784
44.0,7.5,0.0,0.0,0.0,0.0,0.0,0.0,0.318389594255,-0.00408329934678
44.0,8.0,0.0,0.0,0.0,0.0,0.0,0.0,0.317968746125,-0.0041116043153
44.0,8.5,0.0,0.0,0.0,0.0,0.0,0.0113003861241,0.31755561631,-0.00413961784503
44,9.0,1.4900989707362766,0.04188007117044246,16.717169593923316,False,0.06648005073579795,0.11275344669222698,0.3171494485304628,-0.004167381263372055
44,9.5,1.7715895441620515,0.05282508932016123,16.664171621295083,True,0.07675687595698925,0.1884728896693962,0.3167449297897048,-0.004195252748714625
44,10.0,4.558960010623737,0.1363592992730142,33.338263154554454,False,0.1980591500789377,0.48201130553257926,0.31634393064584165,-0.004223101213327963
44,10.5,5.353671625618693,0.18786960825326934,33.025857935217005,True,0.21430119883793247,1.1056312642996455,0.3159351700904147,-0.004251715683829822
44,11.0,5.699689038186527,0.23453397201935175,32.36828562107037,True,0.19576076357012223,1.0929701312153604,0.3155070947522448,-0.0042819302427223906
44,11.5,5.924874498095855,0.2917464331055953,31.553370974341668,False,0.17304841140275465,0.9264613435216481,0.3150838094203031,-0.004312058597362752
44,12.0,2.9218570031100604,0.15086483886804253,15.642965233808287,False,0.08134478093763517,0.3738019781952659,0.3146705409605968,-0.00434171796936872
44,12.5,5.704482332822829,0.30252124822096865,31.09987759102675,False,0.15380536117839852,0.5669462093389206,0.3142892633536464,-0.00436929722927932
44,13.0,6.169698645672426,0.3444919144076041,30.945364591579384,False,0.16210343297593044,0.8887797656834123,0.31390038559259925,-0.004397641525153073
44,13.5,6.1548172734365645,0.4052336120243484,30.16091722541756,False,0.14316391283552587,0.8706953948448907,0.3135030114998226,-0.004426831705205532
44,14.0,6.225567918227686,0.4445289552018207,29.762279854156766,False,0.13683381769897976,0.8620594580848984,0.3131091636120683,-0.004455990932137544
44,14.5,5.999282343240287,0.46956485939465964,29.31546419275644,False,0.12419322849360513,0.8910988941496703,0.3127191414377855,-0.00448509271555281
44,15.0,3.0191122035954914,0.2333610202147097,14.634116501720353,False,0.062117897806931166,0.22067686803292122,0.31233190893072166,-0.004514210650874817
44,15.5,4.667766374511672,0.37475391686104903,29.101890426322974,False,0.09401609429322398,0.3710865085500007,0.31198378495693097,-0.004540580263498897
44,16.0,3.8755362672531763,0.28892546926900364,29.45702873936183,False,0.08173453437962477,0.21245855737365923,0.3116291566277474,-0.004567631493793159
44,16.5,2.8141306840355926,0.1879334784382494,14.978629038973365,False,0.06356510102800168,0.08170360415700305,0.3112882489026688,-0.004593817316478065
44.0,17.0,0.0,0.0,0.0,0.0,0.0,0.0,0.311745754155,-0.00455871623968
44.0,17.5,0.0,0.0,0.0,0.0,0.0,0.0,0.311422304672,-0.0045834989338
44.0,18.0,0.0,0.0,0.0,0.0,0.0,0.0,0.311103352943,-0.00460809435884
44.0,18.5,0.0,0.0,0.0,0.0,0.0,0.0,0.310788768834,-0.00463250717172
44.0,19.0,0.0,0.0,0.0,0.0,0.0,0.0,0.310478428824,-0.00465674176992
44.0,19.5,0.0,0.0,0.0,0.0,0.0,0.0,0.310172215492,-0.00468080231434
44.0,20.0,0.0,0.0,0.0,0.0,0.0,0.0,0.309870017049,-0.00470469274948
44.0,20.5,0.0,0.0,0.0,0.0,0.0,0.0,0.30957172692,-0.00472841682163
44.0,21.0,0.0,0.0,0.0,0.0,0.0,0.0,0.309277243371,-0.00475197809502
44.0,21.5,0.0,0.0,0.0,0.0,0.0,0.0,0.308986469169,-0.00477537996637
44.0,22.0,0.0,0.0,0.0,0.0,0.0,0.0,0.308699311272,-0.0047986256779
44.0,22.5,0.0,0.0,0.0,0.0,0.0,0.0,0.308415680551,-0.00482171832914
44.0,23.0,0.0,0.0,0.0,0.0,0.0,0.0,0.308135491537,-0.00484466088744
44.0,23.5,0.0,0.0,0.0,0.0,0.0,0.0,0.307858662191,-0.00486745619756
44.0,24.0,0.0,0.0,0.0,0.0,0.0,0.0,0.307585113687,-0.00489010699031
45.0,0.5,0.0,0.0,0.0,0.0,0.0,0.0,0.307314770227,-0.00491261589039
45.0,1.0,0.0,0.0,0.0,0.0,0.0,0.0,0.307047558857,-0.0049349854235
45.0,1.5,0.0,0.0,0.0,0.0,0.0,0.0,0.306783409307,-0.00495721802283
45.0,2.0,0.0,0.0,0.0,0.0,0.0,0.0,0.306522253842,-0.00497931603491
45.0,2.5,0.0,0.0,0.0,0.0,0.0,0.0,0.306264027119,-0.00500128172505
45.0,3.0,0.0,0.0,0.0,0.0,0.0,0.0,0.306008666067,-0.0050231172822
45.0,3.5,0.0,0.0,0.0,0.0,0.0,0.0,0.305756109762,-0.00504482482349
45.0,4.0,0.0,0.0,0.0,0.0,0.0,0.0,0.305506299319,-0.00506640639835
45.0,4.5,0.0,0.0,0.0,0.0,0.0,0.0,0.305259177793,-0.00508786399229
45.0,5.0,0.0,0.0,0.0,0.0,0.0,0.0,0.305014690082,-0.00510919953042
45.0,5.5,0.0,0.0,0.0,0.0,0.0,0.0,0.304772782839,-0.00513041488061
45.0,6.0,0.0,0.0,0.0,0.0,0.0,0.0,0.304533404389,-0.00515151185653
45.0,6.5,0.0,0.0,0.0,0.0,0.0,0.0,0.304296504653,-0.00517249222033
45.0,7.0,0.0,0.0,0.0,0.0,0.0,0.0,0.304062035078,-0.00519335768523
45.0,7.5,0.0,0.0,0.0,0.0,0.0,0.0,0.303829948564,-0.00521410991784
45.0,8.0,0.0,0.0,0.0,0.0,0.0,0.0,0.303600199409,-0.00523475054037
45,8.5,0.15739049155094256,0.006239407568528466,16.10347755880158,True,0.005223759014399404,0.1459449506243405,0.30337274324120533,-0.005255281132633988
45,9.0,0.43369615110098253,0.0191481577931755,31.827046958117887,True,0.013337154559486718,0.3937393807203318,0.30314176157898237,-0.0052762281986925745
45,9.5,0.6858280492692402,0.03505212457711229,31.25187776975246,True,0.018980403426797632,0.6714225522046728,0.3029030942713844,-0.005297976839878473
45,10.0,0.9057959143626841,0.04925886334962777,31.00226723079301,True,0.024024781895488997,0.932850422035528,0.30265545268208877,-0.005320656275878416
45,10.5,1.0480393709553752,0.05846657792796024,30.903536602767637,True,0.027347387395171133,1.1510146742981953,0.30239947854619004,-0.005344220506711242
45,11.0,1.2771190601071707,0.07571354455310088,30.643848781710844,True,0.03196343083285198,1.3311701486294987,0.3021369649522959,-0.005368516006820133
45,11.5,1.5130108884273343,0.09530640523995841,30.377387350197957,True,0.036343682294197474,1.525273206453458,0.30186901181247566,-0.00539345077524331
45,12.0,1.7222654282289278,0.11606068125669763,30.045357261123634,True,0.039395034929174844,1.6340525634994907,0.30159496436887623,-0.0054190955227278355
45,12.5,1.84912965621203,0.13115881713357083,29.786496416895595,True,0.04077907254369507,1.6880176311376427,0.30131798112779407,-0.005445162759038456
45,13.0,2.086575177733903,0.15496062741029132,29.563170665781833,True,0.044633655441479764,1.707358026698719,0.30104032242984274,-0.005471443648014908
45,13.5,2.287373223950649,0.17209801536254635,29.496312310404193,True,0.04849294055245482,1.6509751563285469,0.3007629383729184,-0.005497849587496455
45,14.0,2.516167729702339,0.1982635127235516,29.24203988955574,True,0.051595079277223954,1.5546888736899218,0.30048892283798295,-0.005524084074751403
45,14.5,2.7217769424159,0.21980601116043355,29.10572333433997,True,0.05484744817623928,1.3991055805759394,0.3002194156582534,-0.005550032549334309
45,15.0,2.7498349251112293,0.21818797345794544,29.183092896012997,True,0.055961314764379336,1.1586262261788831,0.2999568115271669,-0.0055754562028793985
45,15.5,2.609875609625667,0.19774911444735008,29.40164677930673,True,0.054640738442935724,0.8961745528401842,0.29970518090633047,-0.005599947757479261
45,16.0,2.4720794765246996,0.18422002163874596,29.463690328062174,True,0.05218190168153118,0.6221905342991838,0.29946604237210106,-0.005623342325168709
45,16.5,2.3077165088316574,0.16987794272583723,29.50051656811594,True,0.04895162648807379,0.3363103984974827,0.29923954256301516,-0.0056456079185705525
45.0,17.0,0.0,0.0,0.0,0.0,0.0,0.0,0.299026135709,-0.00566668260728
45.0,17.5,0.0,0.0,0.0,0.0,0.0,0.0,0.298833610816,-0.00568577559619
45.0,18.0,0.0,0.0,0.0,0.0,0.0,0.0,0.298642731325,-0.00570478112432
45.0,18.5,0.0,0.0,0.0,0.0,0.0,0.0,0.298453471138,-0.00572370020042
45.0,19.0,0.0,0.0,0.0,0.0,0.0,0.0,0.298265804769,-0.00574253381308
45.0,19.5,0.0,0.0,0.0,0.0,0.0,0.0,0.298079707331,-0.00576128293141
45.0,20.0,0.0,0.0,0.0,0.0,0.0,0.0,0.29789515451,-0.00577994850573
45.0,20.5,0.0,0.0,0.0,0.0,0.0,0.0,0.297712122551,-0.00579853146815
45.0,21.0,0.0,0.0,0.0,0.0,0.0,0.0,0.297530588237,-0.00581703273318
45.0,21.5,0.0,0.0,0.0,0.0,0.0,0.0,0.297350528874,-0.00583545319828
45.0,22.0,0.0,0.0,0.0,0.0,0.0,0.0,0.297171922272,-0.0058537937444
45.0,22.5,0.0,0.0,0.0,0.0,0.0,0.0,0.296994746735,-0.00587205523647
45.0,23.0,0.0,0.0,0.0,0.0,0.0,0.0,0.296818981037,-0.00589023852388
45.0,23.5,0.0,0.0,0.0,0.0,0.0,0.0,0.296644604417,-0.00590834444094
45.0,24.0,0.0,0.0,0.0,0.0,0.0,0.0,0.296471596561,-0.00592637380729
46.0,0.5,0.0,0.0,0.0,0.0,0.0,0.0,0.296299937587,-0.00594432742836
46.0,1.0,0.0,0.0,0.0,0.0,0.0,0.0,0.296129608036,-0.0059622060957
46.0,1.5,0.0,0.0,0.0,0.0,0.0,0.0,0.295960588857,-0.00598001058743
46.0,2.0,0.0,0.0,0.0,0.0,0.0,0.0,0.295792861398,-0.00599774166852
46.0,2.5,0.0,0.0,0.0,0.0,0.0,0.0,0.295626407392,-0.00601540009121
46.0,3.0,0.0,0.0,0.0,0.0,0.0,0.0,0.295461208948,-0.0060329865953
46.0,3.5,0.0,0.0,0.0,0.0,0.0,0.0,0.295297248541,-0.00605050190844
46.0,4.0,0.0,0.0,0.0,0.0,0.0,0.0,0.295134509,-0.0060679467465
46.0,4.5,0.0,0.0,0.0,0.0,0.0,0.0,0.2949729735,-0.00608532181383
46.0,5.0,0.0,0.0,0.0,0.0,0.0,0.0,0.294812625551,-0.00610262780351
46.0,5.5,0.0,0.0,0.0,0.0,0.0,0.0,0.294653448991,-0.00611986539768
46.0,6.0,0.0,0.0,0.0,0.0,0.0,0.0,0.294495427977,-0.00613703526775
46.0,6.5,0.0,0.0,0.0,0.0,0.0,0.0,0.294338546976,-0.00615413807466
46.0,7.0,0.0,0.0,0.0,0.0,0.0,0.0,0.294182790755,-0.00617117446916
46.0,7.5,0.0,0.0,0.0,0.0,0.0,0.0,0.294028144378,-0.00618814509199
46.0,8.0,0.0,0.0,0.0,0.0,0.0,0.0235717327982,0.293874593193,-0.00620505057414
46.0,8.5,0.0,0.0,0.0,0.0,0.0,0.211883053296,0.293721228285,-0.00622199050381
46.0,9.0,0.0,0.0,0.0,0.0,0.0,0.469720883326,0.293561783693,-0.00623966041962
46,9.5,0.16194724542045452,0.009004348575631628,30.902352294762103,True,0.004225004423573586,0.747088778590285,0.29339360705904455,-0.006258362865428267
46,10.0,0.765787191967664,0.049124905749932085,30.223450178971447,True,0.017976935142512498,0.7208957254321225,0.29321560192721396,-0.0062782311185066875
46,10.5,0.9647772817125022,0.0644930287457174,30.03674909538757,True,0.022040996610752997,0.8675552119167289,0.29303809423996346,-0.006298118731465551
46,11.0,1.312179492199724,0.09354608015002745,29.748887355542763,True,0.028787557111682106,1.109144062245215,0.2928554505302435,-0.006318660174798127
46,11.5,1.7738215956346526,0.1349137367191066,29.404933281280087,True,0.0371530587029747,1.015607381583945,0.29266353605612583,-0.0063403303408849365
46,12.0,1.9705614370010573,0.1500694292709171,29.41975283599193,True,0.04135450680148353,1.1693582321378537,0.292474588875504,-0.006361752013318551
46,12.5,2.784215703382092,0.2519512483477147,28.522690618308822,True,0.052246967098010355,1.4509774952132761,0.2922802068108456,-0.006383879912140221
46,13.0,3.3318687189448317,0.32936065721201757,28.02374579881102,True,0.05904851506697267,1.4486174542992423,0.29207223386318676,-0.006407656582874344
46,13.5,3.7953465615089046,0.4021692363061964,27.623872562226467,True,0.06439381878420433,1.347334663328633,0.29186236383084807,-0.006431757177130456
46,14.0,4.022545493831307,0.4356289866768432,27.494323057469547,True,0.06731845790448936,1.226983198637706,0.2916545137134649,-0.006455732337489028
46,14.5,4.177778569163728,0.45547829783002436,27.447319911585137,True,0.0695723108008218,1.0732288967527037,0.2914508889459753,-0.006479323438177235
46,15.0,4.119063986451529,0.4448734406764821,27.481992285017974,True,0.06884441727682118,0.8880745658211164,0.2912532623773591,-0.0065023178980502345
46,15.5,4.271609843295654,0.4619593911919495,27.456895952824205,True,0.07120625718084106,0.6798131783695406,0.29106397026794323,-0.006524433839383356
46,16.0,4.0058243641807945,0.36931137864987057,28.32096621221178,True,0.07342378218398099,0.45627631547727354,0.29088282775588353,-0.006545681591155287
46,16.5,3.398164968644504,0.2896577600945095,28.707933422025057,True,0.06519252416497974,0.23894224256781663,0.2907145682244091,-0.006565492084913256
46.0,17.0,0.0,0.0,0.0,0.0,0.0,0.0,0.290558452609,-0.00658393670098
46.0,17.5,0.0,0.0,0.0,0.0,0.0,0.0,0.290423260233,-0.0065999591952
46.0,18.0,0.0,0.0,0.0,0.0,0.0,0.0,0.29028892058,-0.00661592666814
46.0,18.5,0.0,0.0,0.0,0.0,0.0,0.0,0.290155423649,-0.00663183959175
46.0,19.0,0.0,0.0,0.0,0.0,0.0,0.0,0.290022759611,-0.00664769843162
46.0,19.5,0.0,0.0,0.0,0.0,0.0,0.0,0.289890918799,-0.0066635036471
46.0,20.0,0.0,0.0,0.0,0.0,0.0,0.0,0.289759891712,-0.0066792556914
46.0,20.5,0.0,0.0,0.0,0.0,0.0,0.0,0.289629669004,-0.00669495501169
46.0,21.0,0.0,0.0,0.0,0.0,0.0,0.0,0.289500241487,-0.00671060204927
46.0,21.5,0.0,0.0,0.0,0.0,0.0,0.0,0.289371600123,-0.00672619723962
46.0,22.0,0.0,0.0,0.0,0.0,0.0,0.0,0.289243736023,-0.00674174101254
46.0,22.5,0.0,0.0,0.0,0.0,0.0,0.0,0.289116640443,-0.00675723379225
46.0,23.0,0.0,0.0,0.0,0.0,0.0,0.0,0.288990304781,-0.00677267599749
46.0,23.5,0.0,0.0,0.0,0.0,0.0,0.0,0.288864720573,-0.0067880680416
46.0,24.0,0.0,0.0,0.0,0.0,0.0,0.0,0.288739879494,-0.00680341033264
47.0,0.5,0.0,0.0,0.0,0.0,0.0,0.0,0.28861577335,-0.00681870327348
47.0,1.0,0.0,0.0,0.0,0.0,0.0,0.0,0.288492394078,-0.00683394726188
47.0,1.5,0.0,0.0,0.0,0.0,0.0,0.0,0.288369733743,-0.00684914269059
47.0,2.0,0.0,0.0,0.0,0.0,0.0,0.0,0.288247784533,-0.00686428994743
47.0,2.5,0.0,0.0,0.0,0.0,0.0,0.0,0.288126538763,-0.00687938941538
47.0,3.0,0.0,0.0,0.0,0.0,0.0,0.0,0.288005988864,-0.00689444147267
47.0,3.5,0.0,0.0,0.0,0.0,0.0,0.0,0.287886127385,-0.00690944649285
47.0,4.0,0.0,0.0,0.0,0.0,0.0,0.0,0.287766946993,-0.00692440484486
47.0,4.5,0.0,0.0,0.0,0.0,0.0,0.0,0.287648440465,-0.00693931689314
47.0,5.0,0.0,0.0,0.0,0.0,0.0,0.0,0.28753060069,-0.00695418299767
47.0,5.5,0.0,0.0,0.0,0.0,0.0,0.0,0.287413420664,-0.00696900351406
47.0,6.0,0.0,0.0,0.0,0.0,0.0,0.0,0.287296893491,-0.00698377879365
47.0,6.5,0.0,0.0,0.0,0.0,0.0,0.0,0.287181012378,-0.00699850918352
47.0,7.0,0.0,0.0,0.0,0.0,0.0,0.0,0.287065770634,-0.00701319502662
47.0,7.5,0.0,0.0,0.0,0.0,0.0,0.0,0.286951161669,-0.00702783666178
47.0,8.0,0.0,0.0,0.0,0.0,0.0,0.0,0.286837178991,-0.00704243442384
47.0,8.5,0.0,0.0,0.0,0.0,0.0,0.119835290249,0.286723816202,-0.00705698864366
47.0,9.0,0.0,0.0,0.0,0.0,0.0,0.280542325881,0.286606519259,-0.00707208569564
47,9.5,0.2962956479444598,0.016373364476409222,30.91425093218822,True,0.007745105080834388,0.45389313562979194,0.28648373087082046,-0.007087930784851143
47,10.0,0.8597817266977572,0.055126436850269106,30.24652156974952,True,0.020252418396573213,0.6230310362474692,0.2863543437205014,-0.007104673195445267
47,10.5,1.5475214218242814,0.113423910952938,29.612073509606212,True,0.033321943873164214,0.7666280220992807,0.2862176623493923,-0.0071224106671985525
47,11.0,2.2174256217931623,0.18020785433663788,29.092706251200312,True,0.044610534187025194,0.8967678923254049,0.2860739083827728,-0.007141122925481062
47,11.5,3.2452129580420714,0.29658358091047327,28.471238731366498,True,0.06053039200111304,1.01333444446895,0.28592326460006245,-0.00716079490987284
47,12.0,4.2744673495981615,0.43323854116145577,27.9019742420474,True,0.07473965511600142,1.0746473902323734,0.28576435833011693,-0.0071816158786642305
47,12.5,5.144096984982262,0.5559303033689359,27.54451701662414,True,0.0865449398910336,1.0904573185373365,0.2855985111589256,-0.0072034232645248695
47,13.0,5.248208422941678,0.569815223264545,27.504534031979,True,0.08792472982485466,1.0433005530371007,0.2854279742176937,-0.0072259296399620684
47,13.5,5.618706012120141,0.6258152254612446,27.360442213906637,True,0.09272470254612164,0.9741135416768604,0.28525926077425323,-0.00724827785383597
47,14.0,6.066724411256153,0.6957164402144286,27.18382806193882,True,0.0983169419052794,0.8906346253335103,0.2850916031590572,-0.007270567838400119
47,14.5,6.276720307131717,0.72819952719684,27.103622359228872,True,0.10089572574466951,0.7708625886292876,0.28492501082448296,-0.007292797135748252
47,15.0,6.1923925725009275,0.7031793119606812,27.214070943958568,True,0.10066364872399333,0.6252112725183122,0.28476227580950775,-0.007314589960910589
47,15.5,5.979266151998741,0.6672375553691953,27.292081525352412,False,0.09798013007268316,0.47666457441641025,0.2846065572536041,-0.007335515852947292
47,16.0,5.680575267430048,0.6186283873580536,27.406049589972078,False,0.09419136430312577,0.3227577689996048,0.28445837435560456,-0.007355495348505461
47,16.5,4.896731071549757,0.4976090728728079,27.77421370003502,False,0.08443432608195835,0.17015736475377213,0.28431840617745735,-0.007374426825553245
47.0,17.0,0.0,0.0,0.0,0.0,0.0,0.0,0.284189346091,-0.00739193438776
47.0,17.5,0.0,0.0,0.0,0.0,0.0,0.0,0.284086147002,-0.00740596943371
47.0,18.0,0.0,0.0,0.0,0.0,0.0,0.0,0.283983462332,-0.00741996604378
47.0,18.5,0.0,0.0,0.0,0.0,0.0,0.0,0.283881287272,-0.00743392448467
47.0,19.0,0.0,0.0,0.0,0.0,0.0,0.0,0.283779617078,-0.00744784502021
47.0,19.5,0.0,0.0,0.0,0.0,0.0,0.0,0.283678447071,-0.00746172791133
47.0,20.0,0.0,0.0,0.0,0.0,0.0,0.0,0.283577772633,-0.00747557341619
47.0,20.5,0.0,0.0,0.0,0.0,0.0,0.0,0.283477589209,-0.00748938179013
47.0,21.0,0.0,0.0,0.0,0.0,0.0,0.0,0.283377892303,-0.0075031532858
47.0,21.5,0.0,0.0,0.0,0.0,0.0,0.0,0.283278677482,-0.00751688815312
47.0,22.0,0.0,0.0,0.0,0.0,0.0,0.0,0.283179940367,-0.00753058663938
47.0,22.5,0.0,0.0,0.0,0.0,0.0,0.0,0.283081676641,-0.00754424898924
47.0,23.0,0.0,0.0,0.0,0.0,0.0,0.0,0.28298388204,-0.00755787544479
47.0,23.5,0.0,0.0,0.0,0.0,0.0,0.0,0.282886552358,-0.00757146624556
47.0,24.0,0.0,0.0,0.0,0.0,0.0,0.0,0.282789683442,-0.00758502162859
48.0,0.5,0.0,0.0,0.0,0.0,0.0,0.0,0.282693271195,-0.00759854182844
48.0,1.0,0.0,0.0,0.0,0.0,0.0,0.0,0.282597311571,-0.00761202707725
48.0,1.5,0.0,0.0,0.0,0.0,0.0,0.0,0.282501800575,-0.00762547760473
48.0,2.0,0.0,0.0,0.0,0.0,0.0,0.0,0.282406734266,-0.00763889363824
48.0,2.5,0.0,0.0,0.0,0.0,0.0,0.0,0.282312108752,-0.0076522754028
48.0,3.0,0.0,0.0,0.0,0.0,0.0,0.0,0.282217920188,-0.00766562312112
48.0,3.5,0.0,0.0,0.0,0.0,0.0,0.0,0.282124164782,-0.00767893701366
48.0,4.0,0.0,0.0,0.0,0.0,0.0,0.0,0.282030838786,-0.00769221729861
48.0,4.5,0.0,0.0,0.0,0.0,0.0,0.0,0.281937938501,-0.00770546419197
48.0,5.0,0.0,0.0,0.0,0.0,0.0,0.0,0.281845460273,-0.00771867790756
48.0,5.5,0.0,0.0,0.0,0.0,0.0,0.0,0.281753400496,-0.00773185865704
48.0,6.0,0.0,0.0,0.0,0.0,0.0,0.0,0.281661755605,-0.00774500664996
48.0,6.5,0.0,0.0,0.0,0.0,0.0,0.0,0.281570522082,-0.00775812209377
48.0,7.0,0.0,0.0,0.0,0.0,0.0,0.0,0.28147969645,-0.00777120519386
48.0,7.5,0.0,0.0,0.0,0.0,0.0,0.0,0.281389275278,-0.00778425615359
48.0,8.0,0.0,0.0,0.0,0.0,0.0,0.00258924428863,0.281299255173,-0.0077972751743
48.0,8.5,0.0,0.0,0.0,0.0,0.0,0.098521601889,0.281209534524,-0.00781027670871
48.0,9.0,0.0,0.0,0.0,0.0,0.0,0.229542166368,0.281116567656,-0.00782377591554
48.0,9.5,0.0,0.0,0.0,0.0,0.0,0.372681009528,0.281019019702,-0.00783797021531
48.0,10.0,0.0,0.0,0.0,0.0,0.0,0.456357219542,0.280916427546,-0.00785293161872
48,10.5,0.3281436323984695,0.014825468014210625,32.02706690240237,True,0.0104970556877399,0.5075413366907007,0.2808110446001574,-0.007868335455548487
48,11.0,0.8535494556511442,0.04401099222812573,31.439081960582755,True,0.0244173430914815,0.5160738730243211,0.2807035381583153,-0.007884086794610353
48,11.5,1.4414200971672098,0.0852456144844089,30.792246824537834,True,0.03693791359253584,0.5275228877740773,0.2805949787670669,-0.007900030545103881
48,12.0,2.1990521137987997,0.14736027996200315,30.20050850924377,True,0.05144880904500394,0.5718842121776868,0.2804847954048954,-0.007916252100872077
48,12.5,2.607313938157213,0.18872147770796,29.8081402094186,True,0.057672444028196976,0.585697463910322,0.28037094361247755,-0.00793305544285372
48,13.0,2.941406250750873,0.2106463307679178,29.85268182886433,True,0.06546785923701141,0.5734617096838183,0.2802553672741997,-0.007950156795347767
48,13.5,3.2800104009951143,0.24269027556737024,29.666790661288367,True,0.0711536829249246,0.5443412980125965,0.2801397895856127,-0.007967302290754066
48,14.0,3.5731776340386796,0.27211547865282654,29.497991842983936,True,0.07576930816469611,0.5016592378647294,0.28002446436313433,-0.00798445426388608
48,14.5,3.86766033834997,0.30435739499592096,29.31063757063501,True,0.0800155219963761,0.43854985121733037,0.2799100027494938,-0.008001521314445127
48,15.0,4.269974207239686,0.35481589735950003,29.00265883742329,True,0.08493679619377029,0.35721335307064545,0.2797970701979948,-0.0080184029871561
48,15.5,4.214333698322725,0.34224336709273184,29.09041301123721,True,0.0847600799688118,0.268438006752349,0.27968566427268227,-0.008035098049192101
48,16.0,4.042052680016784,0.3164177766767686,29.243622934395376,True,0.08290090850078449,0.17703363279230172,0.27957845649921637,-0.008051203103718763
48,16.5,3.501659801111239,0.259506893675658,29.481225858001743,False,0.07408718325772946,0.08735018744349442,0.2794760468314799,-0.008066623302758749
48.0,17.0,0.0,0.0,0.0,0.0,0.0,0.0,0.279379546907,-0.00808118586161
48.0,17.5,0.0,0.0,0.0,0.0,0.0,0.0,0.279296553979,-0.00809373517327
48.0,18.0,0.0,0.0,0.0,0.0,0.0,0.0,0.279213902162,-0.00810625598879
48.0,18.5,0.0,0.0,0.0,0.0,0.0,0.0,0.27913158881,-0.00811874847398
48.0,19.0,0.0,0.0,0.0,0.0,0.0,0.0,0.279049611306,-0.00813121279312
48.0,19.5,0.0,0.0,0.0,0.0,0.0,0.0,0.278967967063,-0.008143649109
48.0,20.0,0.0,0.0,0.0,0.0,0.0,0.0,0.278886653522,-0.00815605758292
48.0,20.5,0.0,0.0,0.0,0.0,0.0,0.0,0.278805668154,-0.00816843837472
48.0,21.0,0.0,0.0,0.0,0.0,0.0,0.0,0.278725008458,-0.00818079164277
48.0,21.5,0.0,0.0,0.0,0.0,0.0,0.0,0.278644671959,-0.00819311754406
48.0,22.0,0.0,0.0,0.0,0.0,0.0,0.0,0.278564656211,-0.00820541623411
48.0,22.5,0.0,0.0,0.0,0.0,0.0,0.0,0.278484958795,-0.00821768786708
48.0,23.0,0.0,0.0,0.0,0.0,0.0,0.0,0.278405577317,-0.00822993259574
48.0,23.5,0.0,0.0,0.0,0.0,0.0,0.0,0.278326509412,-0.00824215057151
48.0,24.0,0.0,0.0,0.0,0.0,0.0,0.0,0.278247752737,-0.00825434194445
49.0,0.5,0.0,0.0,0.0,0.0,0.0,0.0,0.278169304977,-0.0082665068633
49.0,1.0,0.0,0.0,0.0,0.0,0.0,0.0,0.278091163843,-0.00827864547548
49.0,1.5,0.0,0.0,0.0,0.0,0.0,0.0,0.278013327068,-0.00829075792712
49.0,2.0,0.0,0.0,0.0,0.0,0.0,0.0,0.27793579241,-0.00830284436306
49.0,2.5,0.0,0.0,0.0,0.0,0.0,0.0,0.277858557653,-0.00831490492688
49.0,3.0,0.0,0.0,0.0,0.0,0.0,0.0,0.277781620604,-0.0083269397609
49.0,3.5,0.0,0.0,0.0,0.0,0.0,0.0,0.27770497909,-0.00833894900621
49.0,4.0,0.0,0.0,0.0,0.0,0.0,0.0,0.277628630967,-0.00835093280268
49.0,4.5,0.0,0.0,0.0,0.0,0.0,0.0,0.277552574108,-0.00836289128896
49.0,5.0,0.0,0.0,0.0,0.0,0.0,0.0,0.277476806413,-0.00837482460252
49.0,5.5,0.0,0.0,0.0,0.0,0.0,0.0,0.2774013258,-0.00838673287964
49.0,6.0,0.0,0.0,0.0,0.0,0.0,0.0,0.277326130213,-0.00839861625544
49.0,6.5,0.0,0.0,0.0,0.0,0.0,0.0,0.277251217613,-0.00841047486387
49.0,7.0,0.0,0.0,0.0,0.0,0.0,0.0,0.277176585987,-0.00842230883776
49.0,7.5,0.0,0.0,0.0,0.0,0.0,0.0,0.27789530506,-0.00830916404844
49.0,8.0,0.0,0.0,0.0,0.0,0.0,0.0,0.278611497268,-0.00819821393873
49.0,8.5,0.0,0.0,0.0,0.0,0.0,0.0,0.279325107888,-0.00808941493511
49.0,9.0,0.0,0.0,0.0,0.0,0.0,0.0,0.279243266069,-0.00810180504759
49,9.5,1.058406883895497,0.025769018119441912,16.89017296885107,True,0.05229494341026367,0.013147993843842291,0.2791617906165739,-0.008114162161306662
49,10.0,1.3433554479219667,0.03434190001036074,16.890172960200953,True,0.06637399869357324,0.10781930733157144,0.27907920097060923,-0.0081267111868556
49,10.5,3.8629765714268016,0.10411002038389731,33.78034589837757,True,0.1908662389405671,0.4083174017160463,0.2789930523202794,-0.0081398256308728
49,11.0,4.338626767694627,0.11775037578296257,33.765691377871505,True,0.21339640148485284,0.4834448138337077,0.2788932076568699,-0.008155056585412003
49,11.5,4.963236616504352,0.2589378859794872,31.39273024593622,True,0.1408087964204554,0.9025692506851504,0.2787903463551154,-0.008170783242125515
49,12.0,5.583672872497767,0.3962809254903057,29.875591816670358,True,0.12467731108632732,0.8339623873391228,0.27866656991871896,-0.008189755582537423
49,12.5,5.77813236959204,0.4462224590272764,29.43876392248749,True,0.1215656686362091,0.8223323253825876,0.2785405302612279,-0.00820912878904644
49,13.0,5.845303289185615,0.4601384758504023,29.317074525710787,True,0.1210310172524961,0.6738159493728082,0.2784133786922113,-0.008228728257556123
49,13.5,5.37840491619933,0.3808558638392824,29.773922012806302,True,0.1184041991764457,0.3096822428261748,0.27829167395455623,-0.008247540381453238
49,14.0,4.864924588758921,0.3153883586759567,30.176707428030646,False,0.11342227981966219,0.1924905091598273,0.2781871323987599,-0.008263740484883562
49.0,14.5,0.0,0.0,0.0,0.0,0.0,0.0,0.280468399879,-0.00791866929464
49,15.0,3.305146989883341,0.1121611979745271,32.82166583510899,True,0.1258356977693457,0.23640706160816435,0.2803819162061477,-0.007931434152760975
49,15.5,4.068171572344786,0.17595072733629596,31.965984841949307,True,0.12855855820579606,0.40037374316815455,0.28028264141059683,-0.007946117197810484
49,16.0,4.9849947644265615,0.300045144360505,30.56353318581092,True,0.12320644221915594,0.5610938161842403,0.2801751549799545,-0.007962051299889299
49,16.5,4.263507169156684,0.2818957921434177,30.05302474939419,False,0.09763093578336968,0.20887592801381466,0.28005728634461435,-0.007979568274498125
49.0,17.0,0.0,0.0,0.0,0.0,0.0,0.0,0.279953894516,-0.00799497160281
49.0,17.5,0.0,0.0,0.0,0.0,0.0,0.0,0.279869543843,-0.00800756442384
49.0,18.0,0.0,0.0,0.0,0.0,0.0,0.0,0.279785604669,-0.00802011927847
49.0,18.5,0.0,0.0,0.0,0.0,0.0,0.0,0.279702072203,-0.00803263659173
49.0,19.0,0.0,0.0,0.0,0.0,0.0,0.0,0.279618941748,-0.00804511677974
49.0,19.5,0.0,0.0,0.0,0.0,0.0,0.0,0.279536208701,-0.00805756024992
49.0,20.0,0.0,0.0,0.0,0.0,0.0,0.0,0.279453868554,-0.00806996740133
49.0,20.5,0.0,0.0,0.0,0.0,0.0,0.0,0.279371916883,-0.0080823386248
49.0,21.0,0.0,0.0,0.0,0.0,0.0,0.0,0.279290349355,-0.00809467430325
49.0,21.5,0.0,0.0,0.0,0.0,0.0,0.0,0.279209161718,-0.00810697481189
49.0,22.0,0.0,0.0,0.0,0.0,0.0,0.0,0.279128349804,-0.00811924051839
49.0,22.5,0.0,0.0,0.0,0.0,0.0,0.0,0.279047909523,-0.00813147178317
49.0,23.0,0.0,0.0,0.0,0.0,0.0,0.0,0.278967836863,-0.00814366895952
49.0,23.5,0.0,0.0,0.0,0.0,0.0,0.0,0.278888127887,-0.00815583239386
49.0,24.0,0.0,0.0,0.0,0.0,0.0,0.0,0.278808778732,-0.00816796242588
50.0,0.5,0.0,0.0,0.0,0.0,0.0,0.0,0.278729785606,-0.00818005938875
50.0,1.0,0.0,0.0,0.0,0.0,0.0,0.0,0.278651144786,-0.00819212360928
50.0,1.5,0.0,0.0,0.0,0.0,0.0,0.0,0.278572852618,-0.00820415540811
50.0,2.0,0.0,0.0,0.0,0.0,0.0,0.0,0.278494905511,-0.00821615509986
50.0,2.5,0.0,0.0,0.0,0.0,0.0,0.0,0.278417299943,-0.00822812299326
50.0,3.0,0.0,0.0,0.0,0.0,0.0,0.0,0.278340032451,-0.00824005939137
50.0,3.5,0.0,0.0,0.0,0.0,0.0,0.0,0.278263099632,-0.00825196459168
50.0,4.0,0.0,0.0,0.0,0.0,0.0,0.0,0.278186498147,-0.00826383888626
50.0,4.5,0.0,0.0,0.0,0.0,0.0,0.0,0.278903230808,-0.0081535260563
50.0,5.0,0.0,0.0,0.0,0.0,0.0,0.0,0.27961742183,-0.00804534517656
50.0,5.5,0.0,0.0,0.0,0.0,0.0,0.0,0.281121754042,-0.00782302209713
50.0,6.0,0.0,0.0,0.0,0.0,0.0,0.0,0.283412525436,-0.00749836586806
50.0,6.5,0.0,0.0,0.0,0.0,0.0,0.0,0.285693092413,-0.00719097704299
50.0,7.0,0.0,0.0,0.0,0.0,0.0,0.0,0.28558697603,-0.00720494296103
50.0,7.5,0.0,0.0,0.0,0.0,0.0,0.0,0.285481628644,-0.00721883965012
50.0,8.0,0.0,0.0,0.0,0.0,0.0,0.0,0.285377035505,-0.00723266844927
50.0,8.5,0.0,0.0,0.0,0.0,0.0,0.0,0.285273182322,-0.00724643065564
50.0,9.0,0.0,0.0,0.0,0.0,0.0,0.0,0.286754131998,-0.00705309300564
50,9.5,1.9315755032112862,0.09417892771869035,15.722973996313005,False,0.0553245639713401,0.048390737805347625,0.28664428697315925,-0.007067220492971005
50,10.0,2.624233648552747,0.157549981917349,15.283400781636875,False,0.06489209678056146,0.2234722196638204,0.28652986438361167,-0.007081972581947329
50,10.5,1.85520554150561,0.08912294961083397,15.750676421708311,False,0.0536725752291978,0.0427358137759418,0.2943202158619585,-0.0061561401938842585
50,11.0,3.281986657484423,0.11748708293655176,32.683565489242795,True,0.12095613722811561,0.6094371070781888,0.2941636517595038,-0.0061732717396467286
50,11.5,4.023883639044794,0.1610573407414632,32.30244383910458,True,0.13626668407239903,0.7880790213549383,0.2939862990319161,-0.006192746681808589
50,12.0,4.552857840150342,0.25756538687373204,30.905913761095828,True,0.11884796455364255,1.2337030478485653,0.2938022504357741,-0.006213034341534839
50,12.5,4.9589238859577005,0.3323063992991426,30.10904522400387,True,0.11447859647720283,1.2833238656427062,0.2935993107449047,-0.006235496234872772
50,13.0,4.77775118449563,0.3164495716299775,30.106128699668517,True,0.11024949548237956,0.592793148174945,0.29339328258859676,-0.0062583990133690875
50,13.5,5.085310511803594,0.36104177175541025,29.822631946055704,True,0.11271157339569979,1.2170828319271874,0.2932156435276887,-0.006278226466448424
50,14.0,4.659166620421274,0.29486096710035387,30.404498513884867,True,0.1123768029139161,1.5442093245042845,0.29380498792207155,-0.006212732009041121
50,14.5,3.967187942415901,0.2093185125820045,31.215550874256028,True,0.10910308268388284,1.1391218385805684,0.2935902248356774,-0.006236504147827439
50,15.0,4.485286537116888,0.28685013114016583,30.28797767931846,True,0.10630484329702047,0.7968512805498251,0.2933956501618825,-0.006258135257315643
50,15.5,4.173844960052488,0.2922829316994003,29.824446820237213,False,0.09253311284761181,0.5197260440801486,0.2932126446783598,-0.006278561829438215
50,16.0,3.056319140724069,0.17017916397493968,30.85511064798228,False,0.0791226587525628,0.1929412803603505,0.29304142769154756,-0.006297744567147061
50,16.5,2.6606432936507485,0.14768687272055697,15.423451647422159,False,0.06878744333417469,0.1331446780438657,0.29288868117501404,-0.006314916880530284
50.0,17.0,0.0,0.0,0.0,0.0,0.0,0.0,0.292740451937,-0.00633163471054
50.0,17.5,0.0,0.0,0.0,0.0,0.0,0.0,0.292604235657,-0.00634704418965
50.0,18.0,0.0,0.0,0.0,0.0,0.0,0.0,0.292469337437,-0.00636234861976
50.0,18.5,0.0,0.0,0.0,0.0,0.0,0.0,0.292335721483,-0.00637755093832
50.0,19.0,0.0,0.0,0.0,0.0,0.0,0.0,0.292203353472,-0.00639265396508
50.0,19.5,0.0,0.0,0.0,0.0,0.0,0.0,0.292072200476,-0.00640766040836
50.0,20.0,0.0,0.0,0.0,0.0,0.0,0.0,0.291942230885,-0.0064225728708
50.0,20.5,0.0,0.0,0.0,0.0,0.0,0.0,0.292604665039,-0.00634699554564
50.0,21.0,0.0,0.0,0.0,0.0,0.0,0.0,0.294845461045,-0.00609907917365
50.0,21.5,0.0,0.0,0.0,0.0,0.0,0.0,0.297071980487,-0.00586408641655
50.0,22.0,0.0,0.0,0.0,0.0,0.0,0.0,0.297703215949,-0.00579943755704
50.0,22.5,0.0,0.0,0.0,0.0,0.0,0.0,0.298330791532,-0.00573600359827
50.0,23.0,0.0,0.0,0.0,0.0,0.0,0.0,0.299744540143,-0.00559610842447
50.0,23.5,0.0,0.0,0.0,0.0,0.0,0.0,0.303515712593,-0.00524236529346
50.0,24.0,0.0,0.0,0.0,0.0,0.0,0.0,0.305012216968,-0.005109415894
51.0,0.5,0.0,0.0,0.0,0.0,0.0,0.0,0.308677789755,-0.00480037329035
51.0,1.0,0.0,0.0,0.0,0.0,0.0,0.0,0.312822767764,-0.00447733852895
51.0,1.5,0.0,0.0,0.0,0.0,0.0,0.0,0.316821218337,-0.00418997948798
51.0,2.0,0.0,0.0,0.0,0.0,0.0,0.0,0.321232677135,-0.0038980469749
51.0,2.5,0.0,0.0,0.0,0.0,0.0,0.0,0.325423816811,-0.0036428823662
51.0,3.0,0.0,0.0,0.0,0.0,0.0,0.0,0.330517387716,-0.00335906195372
51.0,3.5,0.0,0.0,0.0,0.0,0.0,0.0,0.334101750335,-0.00317506407823
51.0,4.0,0.0,0.0,0.0,0.0,0.0,0.0,0.335115791411,-0.00312520600504
51.0,4.5,0.0,0.0,0.0,0.0,0.0,0.0,0.335099575872,-0.00312599591455
51.0,5.0,0.0,0.0,0.0,0.0,0.0,0.0,0.337427015647,-0.0030150120302
51.0,5.5,0.0,0.0,0.0,0.0,0.0,0.0,0.33662991889,-0.00305248477666
51.0,6.0,0.0,0.0,0.0,0.0,0.0,0.0,0.33588101023,-0.00308819876324
51.0,6.5,0.0,0.0,0.0,0.0,0.0,0.0,0.33517225032,-0.00312245757017
51.0,7.0,0.0,0.0,0.0,0.0,0.0,0.0,0.334497376424,-0.00315550010644
51.0,7.5,0.0,0.0,0.0,0.0,0.0,0.0,0.33385141217,-0.00318751813246
51.0,8.0,0.0,0.0,0.0,0.0,0.0,0.0,0.333230342583,-0.00321866786148
51,8.5,1.791568106858111,0.11201749572629201,15.22170011452998,False,0.04346812412103774,0.09459122581070303,0.33263088342794694,-0.0032490782928781166
51,9.0,5.299443457890538,0.36998952744760716,29.91900877540992,False,0.11905632146188291,0.31876690774844596,0.33204247486823146,-0.00327926163423004
51,9.5,5.465505531708571,0.397654981219385,29.723114194591062,False,0.11948160068004654,0.38222002261377014,0.33145238528845944,-0.003309867326532057
51,10.0,6.14485725844002,0.4630997166023025,29.577696089485467,False,0.1317010753841006,0.7408753910822998,0.33087353325445384,-0.003340221413535328
51,10.5,6.404578289410428,0.5066770765609143,29.336443754760815,False,0.13294635809469776,0.8087855879075858,0.33029164686374257,-0.003371069495803438
51,11.0,6.8381290867399045,0.5829356040124483,29.042534572047206,False,0.13670323429261755,1.70145242580347,0.32971718774672043,-0.003401857370343345
51,11.5,7.208568867883496,0.6317947631205965,28.83946220458334,False,0.14052271335793975,1.2813691486033887,0.3291164066083596,-0.0034344150599098645
51,12.0,7.1869786028844675,0.6518879930048085,28.679997289671732,False,0.13741658120545464,1.5673370997068057,0.32853911271195174,-0.0034660502734366497
51,12.5,6.440467209630233,0.5562178091771369,28.87787700680874,False,0.12614326460075875,0.6105197210599229,0.32795868833446934,-0.0034982076839987653
51,13.0,5.322886970243375,0.3440414536940882,30.376347852432737,True,0.12783977051158135,1.103198413249608,0.3282060343365325,-0.0034844606275524527
51,13.5,6.853052540849083,0.5902491800908581,28.995923415619753,True,0.13620375517408184,1.8802957883580005,0.32765470646489714,-0.003515191074844241
51,14.0,6.422133345048548,0.5468671302935801,29.015409356273558,False,0.12795077411843842,1.3399790632069606,0.32707161956417036,-0.0035480437648873087
51,14.5,6.842829365085267,0.613275121240255,28.750163296138005,False,0.13194915481161512,1.504378879013511,0.32651717954493764,-0.003579622257838747
51,15.0,5.7416280933967485,0.5026336948053293,28.817147297245025,False,0.11162117167721133,0.5302952786348257,0.32596001925473295,-0.0036116936072665196
51,15.5,4.434814079947615,0.3273571384438281,29.6632951284976,False,0.09615915033759166,0.2609448448532457,0.32544970559809816,-0.0036413691643667483
51,16.0,5.223198503082489,0.3918986754879945,29.61811813044855,False,0.11256041472767501,0.7921981731649715,0.32496166889664574,-0.00367002143376999
51,16.5,4.472180211120211,0.3201725044103059,29.80633265676546,False,0.09889746560742847,0.37696799475906845,0.32445621069823877,-0.0036999801435908023
51.0,17.0,0.0,0.0,0.0,0.0,0.0,0.0,0.323974257139,-0.00372881747247
51.0,17.5,0.0,0.0,0.0,0.0,0.0,0.0,0.323523659948,-0.00375602114445
51.0,18.0,0.0,0.0,0.0,0.0,0.0,0.0,0.323077868648,-0.00378316768548
51.0,18.5,0.0,0.0,0.0,0.0,0.0,0.0,0.322636812774,-0.0038102562285
51.0,19.0,0.0,0.0,0.0,0.0,0.0,0.0,0.322200439578,-0.00383728490957
51.0,19.5,0.0,0.0,0.0,0.0,0.0,0.0,0.321768709324,-0.00386425111818
51.0,20.0,0.0,0.0,0.0,0.0,0.0,0.0,0.321341591513,-0.00389115170323
51.0,20.5,0.0,0.0,0.0,0.0,0.0,0.0,0.32326415845,-0.00377179519636
51.0,21.0,0.0,0.0,0.0,0.0,0.0,0.0,0.325927217511,-0.00361359239455
51.0,21.5,0.0,0.0,0.0,0.0,0.0,0.0,0.326975103632,-0.00355351695812
51.0,22.0,0.0,0.0,0.0,0.0,0.0,0.0,0.327999663305,-0.00349592590741
51.0,22.5,0.0,0.0,0.0,0.0,0.0,0.0,0.329001162088,-0.00344070278658
51.0,23.0,0.0,0.0,0.0,0.0,0.0,0.0,0.330756395689,-0.00334640420736
51.0,23.5,0.0,0.0,0.0,0.0,0.0,0.0,0.330917930034,-0.00333788160547
51.0,24.0,0.0,0.0,0.0,0.0,0.0,0.0,0.330300937564,-0.00337057429953
52.0,0.5,0.0,0.0,0.0,0.0,0.0,0.0,0.329699701509,-0.00340279977926
52.0,1.0,0.0,0.0,0.0,0.0,0.0,0.0,0.329112883176,-0.00343460709497
52.0,1.5,0.0,0.0,0.0,0.0,0.0,0.0,0.328539329401,-0.0034660383341
52.0,2.0,0.0,0.0,0.0,0.0,0.0,0.0,0.327978054303,-0.00349712902865
52.0,2.5,0.0,0.0,0.0,0.0,0.0,0.0,0.327428215316,-0.00352790896839
52.0,3.0,0.0,0.0,0.0,0.0,0.0,0.0,0.326889090593,-0.00355840303575
52.0,3.5,0.0,0.0,0.0,0.0,0.0,0.0,0.326360059241,-0.00358863196735
52.0,4.0,0.0,0.0,0.0,0.0,0.0,0.0,0.325840584542,-0.00361861301981
52.0,4.5,0.0,0.0,0.0,0.0,0.0,0.0,0.325330199875,-0.00364836054092
52.0,5.0,0.0,0.0,0.0,0.0,0.0,0.0,0.324828496984,-0.0036778864545
52.0,5.5,0.0,0.0,0.0,0.0,0.0,0.0,0.324335116244,-0.00370720066997
52.0,6.0,0.0,0.0,0.0,0.0,0.0,0.0,0.323849738581,-0.00373631142694
52.0,6.5,0.0,0.0,0.0,0.0,0.0,0.0,0.323372078793,-0.00376522558456
52.0,7.0,0.0,0.0,0.0,0.0,0.0,0.0,0.32290188001,-0.00379394886404
52.0,7.5,0.0,0.0,0.0,0.0,0.0,0.0,0.322438909124,-0.00382248605162
52.0,8.0,0.0,0.0,0.0,0.0,0.0,0.0,0.32198295299,-0.00385084116818
52,8.5,0.9794431813569915,0.060100727514233745,30.442344829141494,True,0.02376002364745526,0.2122317423108363,0.3215338153058013,-0.0038790176107824535
52,9.0,1.3597534163770244,0.09147652090773532,30.03866004402932,True,0.03107302494434013,0.5004073454876768,0.32108097900779503,-0.003907675123021791
52,9.5,1.8200949096313648,0.13710923619038232,29.49799215266453,True,0.03859515149292484,0.7960852350150704,0.32062248218583195,-0.0039369482373658345
52,10.0,2.178090265421694,0.17813300535851664,29.093470898465732,True,0.04382341669480719,1.0780792873305092,0.3201573394579299,-0.00396691304816289
52,10.5,2.386383752191693,0.20524238889300142,28.840906120502925,True,0.04652802192466508,1.323706367844256,0.31968609431790784,-0.003997548504216482
52,11.0,2.5625010360219207,0.23015295463771784,28.625338736623718,True,0.04867579321879478,1.5433694491353265,0.31921051197386524,-0.0040287521460233835
52,11.5,2.8441062559472767,0.259925868071828,28.53480387066161,True,0.05344720921168469,1.6309978438594772,0.31873152504493724,-0.004060472939549916
52,12.0,2.811670563019159,0.2600352849010724,28.47855321360683,True,0.05248888380368874,1.7447401997709604,0.3182538295880239,-0.0040924050257037025
52,12.5,3.0706835864629562,0.29781471240593577,28.23251386261215,True,0.055715524191414054,1.8846044476788846,0.3177774355599937,-0.004124548540883735
52,13.0,3.2033290635973612,0.30619774917057874,28.30044891197948,True,0.05857616751212179,1.7723087966038524,0.3172998021387904,-0.00415707812297568
52,13.5,3.2136307260174664,0.2985797161898204,28.408561031369793,True,0.05950401962997498,1.178126735398631,0.3168314987954947,-0.004189269480190599
52,14.0,3.1941384899359386,0.29671108166341287,28.425628396086914,True,0.059260823564239624,1.418212548396723,0.31639130869334414,-0.004219799467621085
52,14.5,2.9919778677546263,0.2650946195487853,28.64256338296139,True,0.05695102243686462,0.8505756460310446,0.31594724516005407,-0.004250867087658686
52,15.0,3.5037062072291887,0.3445353041488973,28.09900548590503,True,0.06261889360425199,1.2260695198971094,0.31553098537332797,-0.004280237260439744
52,15.5,3.6282944730738285,0.35325175926128,28.12539573218366,True,0.06503838806711071,0.94187931295343,0.31510242116560155,-0.004310728563555318
52,16.0,3.394222006208588,0.3139846635389772,28.375920101691975,True,0.06260999960048068,0.549819290700594,0.3146891724747181,-0.004340375604752963
52,16.5,3.1068297312797255,0.26960742619801253,28.677910541806888,False,0.059388349768375676,0.24888536436106343,0.31429705747692793,-0.004368731364540409
52.0,17.0,0.0,0.0,0.0,0.0,0.0,0.0,0.313922717828,-0.00439600786818
52.0,17.5,0.0,0.0,0.0,0.0,0.0,0.0,0.313572633988,-0.00442170075698
52.0,18.0,0.0,0.0,0.0,0.0,0.0,0.0,0.313227039556,-0.00444723984538
52.0,18.5,0.0,0.0,0.0,0.0,0.0,0.0,0.312885846952,-0.00447262623822
52.0,19.0,0.0,0.0,0.0,0.0,0.0,0.0,0.312548970553,-0.00449786106283
52.0,19.5,0.0,0.0,0.0,0.0,0.0,0.0,0.312216326613,-0.00452294546952
52.0,20.0,0.0,0.0,0.0,0.0,0.0,0.0,0.311887833206,-0.00454788063152
52.0,20.5,0.0,0.0,0.0,0.0,0.0,0.0,0.311563410165,-0.00457266774429
52.0,21.0,0.0,0.0,0.0,0.0,0.0,0.0,0.31124297904,-0.00459730802455
52.0,21.5,0.0,0.0,0.0,0.0,0.0,0.0,0.310926463052,-0.00462180270899
52.0,22.0,0.0,0.0,0.0,0.0,0.0,0.0,0.310613787058,-0.00464615305269
52.0,22.5,0.0,0.0,0.0,0.0,0.0,0.0,0.310304877519,-0.00467036032755
52.0,23.0,0.0,0.0,0.0,0.0,0.0,0.0,0.309999662465,-0.00469442582047
52.0,23.5,0.0,0.0,0.0,0.0,0.0,0.0,0.309698071465,-0.00471835083159
52.0,24.0,0.0,0.0,0.0,0.0,0.0,0.0,0.309400035603,-0.0047421366725
53.0,0.5,0.0,0.0,0.0,0.0,0.0,0.0,0.309105487448,-0.00476578466441
53.0,1.0,0.0,0.0,0.0,0.0,0.0,0.0,0.308814361028,-0.00478929613642
53.0,1.5,0.0,0.0,0.0,0.0,0.0,0.0,0.309312802813,-0.00474912561325
53.0,2.0,0.0,0.0,0.0,0.0,0.0,0.0,0.311376228918,-0.00458704230494
53.0,2.5,0.0,0.0,0.0,0.0,0.0,0.0,0.312627092948,-0.00449199397397
53.0,3.0,0.0,0.0,0.0,0.0,0.0,0.0,0.312291832937,-0.00451723700673
53.0,3.5,0.0,0.0,0.0,0.0,0.0,0.0,0.31274679631,-0.00448302178297
53.0,4.0,0.0,0.0,0.0,0.0,0.0,0.0,0.313196285293,-0.00444952105994
53.0,4.5,0.0,0.0,0.0,0.0,0.0,0.0,0.312855829847,-0.00447486790969
53.0,5.0,0.0,0.0,0.0,0.0,0.0,0.0,0.312521006107,-0.0044999634462
53.0,5.5,0.0,0.0,0.0,0.0,0.0,0.0,0.312191585029,-0.00452481786318
53.0,6.0,0.0,0.0,0.0,0.0,0.0,0.0,0.311867353351,-0.004549440626
53.0,6.5,0.0,0.0,0.0,0.0,0.0,0.0,0.312333355257,-0.00451410147613
53.0,7.0,0.0,0.0,0.0,0.0,0.0,0.0,0.317497134112,-0.0041436017581
53.0,7.5,0.0,0.0,0.0,0.0,0.0,0.0,0.319440591521,-0.00401362019746
53.0,8.0,0.0,0.0,0.0,0.0,0.0,0.0,0.323914213828,-0.00373242884721
53.0,8.5,0.0,0.0,0.0,0.0,0.0,0.0,0.328163508623,-0.00348681954391
53.0,9.0,0.0,0.0,0.0,0.0,0.0,0.0,0.328126070222,-0.0034888978402
53.0,9.5,0.0,0.0,0.0,0.0,0.0,0.0,0.329823922982,-0.00339611168484
53.0,10.0,0.0,0.0,0.0,0.0,0.0,0.0,0.330261076732,-0.00337269950228
53,10.5,1.9668241866997824,0.048428941445169134,16.890172949317176,False,0.09717903493110545,0.02809634514949496,0.33182264697766745,-0.003290623695813982
53.0,11.0,0.0,0.0,0.0,0.0,0.0,0.0,0.332714779836,-0.00324480170836
53,11.5,2.797140004692864,0.06994351708860158,16.89017294165668,False,0.1382042015048352,0.13072563766545295,0.3320481716111466,-0.0032789678133261723
53,12.0,3.5986006238036445,0.11768210573808012,16.515155999947275,False,0.14420938897748517,0.2958376637255566,0.3314000396413435,-0.0033125986948331523
53,12.5,4.030836912755431,0.17670083932744943,16.004635587502303,False,0.1284835459704988,0.44746542088983765,0.33154304837019294,-0.0033051429204900107
53,13.0,3.8196877074358926,0.19242047394522493,15.707234485237858,False,0.10878766295256206,0.3467678375421127,0.330904104575832,-0.003338610028137114
53,13.5,2.6728363067705514,0.14416218565699998,15.536841543090093,False,0.07174699985086286,0.07653507706425718,0.3302876959615641,-0.0033712801059945143
53,14.0,6.22161618468043,0.3404297672222087,15.506018657828163,False,0.16528764472978705,0.38935682336653543,0.33125495985083964,-0.003320182929876466
53,14.5,5.593184934661837,0.3355024449827138,15.295975353076841,False,0.13885118652866793,0.29593810409587495,0.33062943198802086,-0.003353121053586067
53,15.0,5.167094767022125,0.32803988166996545,30.3514899676966,False,0.12363412273682417,0.24694119605856785,0.3300237766870287,-0.00338538438330734
53,15.5,5.343391129289163,0.3433085046555172,30.290010872237012,False,0.1266809763118156,0.2703269924177242,0.32943467379392427,-0.003417121424071623
53,16.0,2.964229879752018,0.2215971566291385,14.773496905288042,False,0.06326982786949506,0.1491356165257915,0.3288570588501518,-0.003448584349812303
53,16.5,5.587191726404579,0.4609527194374563,29.059953228103314,False,0.11194037277433852,0.4200676630181872,0.32830040407096217,-0.0034792326931746176
53.0,17.0,0.0,0.0,0.0,0.0,0.0,0.0,0.32773511623,-0.00351068906331
53.0,17.5,0.0,0.0,0.0,0.0,0.0,0.0,0.32721315414,-0.00354003582198
53.0,18.0,0.0,0.0,0.0,0.0,0.0,0.0,0.326700380602,-0.00356915101637
53.0,18.5,0.0,0.0,0.0,0.0,0.0,0.0,0.326196207528,-0.00359805646964
53.0,19.0,0.0,0.0,0.0,0.0,0.0,0.0,0.325700140543,-0.00362676981594
53.0,19.5,0.0,0.0,0.0,0.0,0.0,0.0,0.325211762054,-0.00365530522802
53.0,20.0,0.0,0.0,0.0,0.0,0.0,0.0,0.325511084232,-0.00363778456953
53.0,20.5,0.0,0.0,0.0,0.0,0.0,0.0,0.325022417835,-0.00366644030929
53.0,21.0,0.0,0.0,0.0,0.0,0.0,0.0,0.324541245239,-0.00369491978331
53.0,21.5,0.0,0.0,0.0,0.0,0.0,0.0,0.324067270675,-0.00372323128184
53.0,22.0,0.0,0.0,0.0,0.0,0.0,0.0,0.323600235235,-0.00375138146818
53.0,22.5,0.0,0.0,0.0,0.0,0.0,0.0,0.323139910597,-0.00377937566048
53.0,23.0,0.0,0.0,0.0,0.0,0.0,0.0,0.324248012168,-0.0037124048271
53.0,23.5,0.0,0.0,0.0,0.0,0.0,0.0,0.32611250167,-0.00360288248353
53.0,24.0,0.0,0.0,0.0,0.0,0.0,0.0,0.325599709724,-0.00363261613685
54.0,0.5,0.0,0.0,0.0,0.0,0.0,0.0,0.325096560595,-0.00366207526455
54.0,1.0,0.0,0.0,0.0,0.0,0.0,0.0,0.324602561942,-0.00369127597534
54.0,1.5,0.0,0.0,0.0,0.0,0.0,0.0,0.324117270578,-0.00372023251724
54.0,2.0,0.0,0.0,0.0,0.0,0.0,0.0,0.323640288183,-0.00374895739081
54.0,2.5,0.0,0.0,0.0,0.0,0.0,0.0,0.323171256412,-0.00377746151566
54.0,3.0,0.0,0.0,0.0,0.0,0.0,0.0,0.32270985211,-0.00380575440918
54.0,3.5,0.0,0.0,0.0,0.0,0.0,0.0,0.32225578289,-0.00383384436001
54.0,4.0,0.0,0.0,0.0,0.0,0.0,0.0,0.321808783172,-0.00386173858886
54.0,4.5,0.0,0.0,0.0,0.0,0.0,0.0,0.322931355336,-0.00379214063682
54.0,5.0,0.0,0.0,0.0,0.0,0.0,0.0,0.322470374775,-0.00382053844979
54.0,5.5,0.0,0.0,0.0,0.0,0.0,0.0,0.322798342727,-0.0038003087288
54.0,6.0,0.0,0.0,0.0,0.0,0.0,0.0,0.323119711799,-0.00378060972047
54.0,6.5,0.0,0.0,0.0,0.0,0.0,0.0,0.322653928055,-0.0038092007499
54.0,7.0,0.0,0.0,0.0,0.0,0.0,0.0,0.322196409331,-0.00383753560323
54.0,7.5,0.0,0.0,0.0,0.0,0.0,0.0,0.321746786043,-0.0038656264769
54.0,8.0,0.0,0.0,0.0,0.0,0.0,0.0,0.32208624914,-0.00384439546493
54,8.5,0.806177456625958,0.04865492745474387,15.304219832370178,True,0.020065038108797572,0.09179199259982164,0.3216378882677125,-0.0038724668371525055
54,9.0,3.377455183601456,0.24271132463781886,29.788295571041147,True,0.07450199839265124,0.4298432569122276,0.3211918441580582,-0.0039006358255742777
54,9.5,1.4712748447671955,0.10634520435346134,14.882481811821362,True,0.03234963130899019,0.1999446724547187,0.3207329315456461,-0.003929872683924981
54,10.0,1.4412612451667899,0.10272971584428305,14.9031660991158,False,0.03187194560513894,0.0,0.32029494898229255,-0.003958019932090214
54,10.5,3.199332396835478,0.20696027752903617,15.147549187942017,True,0.0759072416099206,0.40096979908141045,0.319871451541573,-0.003985464989965366
54,11.0,4.10651630681074,0.31898073085961226,29.427181736606578,True,0.08626453129633974,0.7827465878154592,0.31943529336929344,-0.004013967885564821
54,11.5,4.369874733091235,0.3524098187577227,29.238084775265698,True,0.0895604656613069,0.7486967843613489,0.318986678266498,-0.004043538590398173
54,12.0,4.407277526041334,0.3503232556409261,29.3275554285799,True,0.09138036531078163,0.9975621266319701,0.31854415772364847,-0.004072962208170248
54,12.5,3.864719471393169,0.29027927178536866,29.586264497457094,True,0.08292722574717966,0.5693649395261939,0.3180981467489531,-0.004102876403197592
54.0,13.0,0.0,0.0,0.0,0.0,0.0,0.0,0.319242208358,-0.00402666349562
54,13.5,1.1155522741891515,0.04842346017094068,32.027065864123045,True,0.03568563637562461,0.45916405330529914,0.31883398798788476,-0.0040536624083955045
54,14.0,1.8157537444067267,0.08294286546249942,31.81025464856603,True,0.05565794154980231,0.33852813469588533,0.31841298681672436,-0.004081732856517988
54,14.5,2.418724361922872,0.14865387527292667,30.57662365146116,True,0.05990171439540931,0.7581097953307234,0.31800149800472816,-0.004109393152242112
54,15.0,2.42647818787326,0.15466597990127354,30.37323243093367,True,0.05824932443032406,0.35020699925576426,0.3175776162600106,-0.004138120350083298
54,15.5,2.1286746177947475,0.13661723306245097,30.370119526016527,True,0.05107634525683232,0.7561770413962466,0.3171748055538224,-0.004165641515385869
54,16.0,2.491194481690474,0.1668120484016622,30.168805119196087,True,0.05801324836707102,0.7272338441627211,0.31676290210764696,-0.004194009744185351
54,16.5,2.235484032402012,0.1560673187516815,14.952088671800848,False,0.05011700058260078,0.12074532327707373,0.3163564023129884,-0.004222231772458381
54.0,17.0,0.0,0.0,0.0,0.0,0.0,0.0,0.315978611401,-0.00424866371417
54.0,17.5,0.0,0.0,0.0,0.0,0.0,0.0,0.315616454543,-0.00427418710951
54.0,18.0,0.0,0.0,0.0,0.0,0.0,0.0,0.315259280189,-0.00429953849104
54.0,18.5,0.0,0.0,0.0,0.0,0.0,0.0,0.31490695025,-0.0043247217489
54.0,19.0,0.0,0.0,0.0,0.0,0.0,0.0,0.314559334249,-0.00434974049349
54.0,19.5,0.0,0.0,0.0,0.0,0.0,0.0,0.314216308596,-0.0043745980878
54.0,20.0,0.0,0.0,0.0,0.0,0.0,0.0,0.313877755956,-0.00439929767567
54.0,20.5,0.0,0.0,0.0,0.0,0.0,0.0,0.313543564692,-0.00442384220635
54.0,21.0,0.0,0.0,0.0,0.0,0.0,0.0,0.313213628371,-0.0044482344561
54.0,21.5,0.0,0.0,0.0,0.0,0.0,0.0,0.312887845334,-0.004472477047
54.0,22.0,0.0,0.0,0.0,0.0,0.0,0.0,0.312566118307,-0.00449657246351
54.0,22.5,0.0,0.0,0.0,0.0,0.0,0.0,0.312248354064,-0.00452052306685
54.0,23.0,0.0,0.0,0.0,0.0,0.0,0.0,0.311934463122,-0.00454433110779
54.0,23.5,0.0,0.0,0.0,0.0,0.0,0.0,0.31162435947,-0.00456799873772
54.0,24.0,0.0,0.0,0.0,0.0,0.0,0.0,0.311317960327,-0.00459152801848
55.0,0.5,0.0,0.0,0.0,0.0,0.0,0.0,0.311015185926,-0.00461492093093
55.0,1.0,0.0,0.0,0.0,0.0,0.0,0.0,0.311501817072,-0.00457739184575
55.0,1.5,0.0,0.0,0.0,0.0,0.0,0.0,0.311982136363,-0.00454070557673
55.0,2.0,0.0,0.0,0.0,0.0,0.0,0.0,0.311670769042,-0.00456444735271
55.0,2.5,0.0,0.0,0.0,0.0,0.0,0.0,0.311363423113,-0.00458802769135
55.0,3.0,0.0,0.0,0.0,0.0,0.0,0.0,0.312631136191,-0.00449169056968
55.0,3.5,0.0,0.0,0.0,0.0,0.0,0.0,0.315450807131,-0.00428592215769
55.0,4.0,0.0,0.0,0.0,0.0,0.0,0.0,0.318227803482,-0.00409415334803
55.0,4.5,0.0,0.0,0.0,0.0,0.0,0.0,0.318613085634,-0.00406836239341
55.0,5.0,0.0,0.0,0.0,0.0,0.0,0.0,0.318211472733,-0.00409525083216
55.0,5.5,0.0,0.0,0.0,0.0,0.0,0.0,0.31781824754,-0.00412178310028
55.0,6.0,0.0,0.0,0.0,0.0,0.0,0.0,0.317432919688,-0.00414798142378
55.0,6.5,0.0,0.0,0.0,0.0,0.0,0.0,0.317055042297,-0.00417386610091
55.0,7.0,0.0,0.0,0.0,0.0,0.0,0.0,0.316684206944,-0.00419945572067
55.0,7.5,0.0,0.0,0.0,0.0,0.0,0.0,0.316320039347,-0.00422476735003
55.0,8.0,0.0,0.0,0.0,0.0,0.0,0.0428548784532,0.315962195663,-0.00424981669508
55,8.5,0.7557608992958817,0.026737992689986532,32.71952031394603,True,0.02808718326046939,0.35182606877256656,0.31560873349320934,-0.004274733244680672
55,9.0,0.9137744509723327,0.03062011477682568,32.959845041508615,True,0.03597967311490821,0.6161459910263394,0.3152482488891098,-0.004300324314107626
55,9.5,1.302158191864452,0.048940981104212536,32.56472639856662,True,0.04670459035484825,0.6974613307690075,0.31488303738089374,-0.0043264373134304715
55,10.0,1.6659600174784481,0.07273004510885893,32.06129840613913,True,0.05366214494812355,1.1021909199302737,0.31451925132674474,-0.004352636430915511
55,10.5,2.2824154998627737,0.11918334573572323,31.348298286874062,True,0.06424387370248189,1.3930348979262595,0.31414418463677424,-0.004379846114558099
55,11.0,2.992390588990446,0.18381952316793482,30.5342376295753,True,0.07362321658788146,0.995334710719175,0.3137610920166631,-0.004407847529131951
55,11.5,2.5231792312302446,0.1553306861989349,30.56571203046697,True,0.06238265449883436,1.3976192082824563,0.31339522270566944,-0.004434789384948891
55,12.0,3.521668080763158,0.2671240362131605,29.559759617457786,True,0.07529700487102584,1.7413302713271182,0.3130195751802009,-0.004462655684257513
55,12.5,3.8743254889810226,0.32258140215155995,29.072111578953336,True,0.07774184131378413,1.7796247990969196,0.31263088570483016,-0.004491709365417693
55,13.0,3.6327169451754058,0.28035285597605414,29.384434687216476,True,0.0758832040927497,0.6972069420508678,0.3122427319495757,-0.004520948184720797
55,13.5,3.5691500924790924,0.24736695358259359,29.93855586338249,True,0.08040582869452062,0.8149220711696021,0.3119012121890231,-0.00454686186987426
55,14.0,4.361466473608248,0.3540484795599731,29.203436827508074,True,0.0889908973737294,1.6480906445670744,0.31156030073075075,-0.004572906094168579
55,14.5,3.8625308450315883,0.3114322166465362,29.174514222829995,True,0.07851938721190994,0.8745403357058931,0.31118742484163786,-0.004601596065985808
55,15.0,3.644555992437086,0.2898577177146324,29.236503917764733,True,0.07467986671148485,0.7468480959037231,0.31084911246931585,-0.004627812375289538
55,15.5,3.451180850905059,0.2892437114708798,28.95498591939137,True,0.06824284910233451,0.6589228963429334,0.31051994937756544,-0.004653490672373767
55,16.0,3.1432315911849407,0.247011509151765,29.26027931072943,True,0.0646051776046965,0.3692385923649949,0.3101975322413369,-0.004678807456799135
55,16.5,2.264429978543363,0.16278712446862748,14.834706979799028,False,0.04914014705020963,0.09546744770104806,0.30989100458242397,-0.004703028883180676
55.0,17.0,0.0,0.0,0.0,0.0,0.0,0.0,0.309601268991,-0.00472606088666
55.0,17.5,0.0,0.0,0.0,0.0,0.0,0.0,0.310111008104,-0.00468562939745
55.0,18.0,0.0,0.0,0.0,0.0,0.0,0.0,0.30982829278,-0.00470800268277
55.0,18.5,0.0,0.0,0.0,0.0,0.0,0.0,0.309548853057,-0.0047302419384
55.0,19.0,0.0,0.0,0.0,0.0,0.0,0.0,0.310059168961,-0.004689722299
55.0,19.5,0.0,0.0,0.0,0.0,0.0,0.0,0.311349574745,-0.00458909358524
55.0,20.0,0.0,0.0,0.0,0.0,0.0,0.0,0.311838299065,-0.00455165484726
55.0,20.5,0.0,0.0,0.0,0.0,0.0,0.0,0.312321241163,-0.00451501599593
55.0,21.0,0.0,0.0,0.0,0.0,0.0,0.0,0.312798480518,-0.00447915446935
55.0,21.5,0.0,0.0,0.0,0.0,0.0,0.0,0.313270098607,-0.00444404825713
55.0,22.0,0.0,0.0,0.0,0.0,0.0,0.0,0.312950932676,-0.00446777024334
55.0,22.5,0.0,0.0,0.0,0.0,0.0,0.0,0.312636591675,-0.00449128122977
55.0,23.0,0.0,0.0,0.0,0.0,0.0,0.0,0.313112412126,-0.00445574948834
55.0,23.5,0.0,0.0,0.0,0.0,0.0,0.0,0.312797279511,-0.00447924429058
55.0,24.0,0.0,0.0,0.0,0.0,0.0,0.0,0.312486812108,-0.00450253576239
56.0,0.5,0.0,0.0,0.0,0.0,0.0,0.0,0.312180819939,-0.00452563283204
56.0,1.0,0.0,0.0,0.0,0.0,0.0,0.0,0.312664908066,-0.00448915728707
56.0,1.5,0.0,0.0,0.0,0.0,0.0,0.0,0.312357711193,-0.00451226346029
56.0,2.0,0.0,0.0,0.0,0.0,0.0,0.0,0.312054869235,-0.00453518090829
56.0,2.5,0.0,0.0,0.0,0.0,0.0,0.0,0.311756212172,-0.00455791761475
56.0,3.0,0.0,0.0,0.0,0.0,0.0,0.0,0.311461581623,-0.00458048098676
56.0,3.5,0.0,0.0,0.0,0.0,0.0,0.0,0.311170829917,-0.00460287789653
56.0,4.0,0.0,0.0,0.0,0.0,0.0,0.0,0.31088381923,-0.00462511472183
56.0,4.5,0.0,0.0,0.0,0.0,0.0,0.0,0.310600420775,-0.00464719738427
56.0,5.0,0.0,0.0,0.0,0.0,0.0,0.0,0.31032051407,-0.00466913138527
56.0,5.5,0.0,0.0,0.0,0.0,0.0,0.0,0.310043986249,-0.00469092183949
56.0,6.0,0.0,0.0,0.0,0.0,0.0,0.0,0.309770731443,-0.00471257350582
56.0,6.5,0.0,0.0,0.0,0.0,0.0,0.0,0.309500650213,-0.00473409081591
56.0,7.0,0.0,0.0,0.0,0.0,0.0,0.0,0.309233649029,-0.0047554779005
56.0,7.5,0.0,0.0,0.0,0.0,0.0,0.0,0.309756586828,-0.00471369750861
56.0,8.0,0.0,0.0,0.0,0.0,0.0,0.0,0.309486912079,-0.00473518845496
56.0,8.5,0.0,0.0,0.0,0.0,0.0,0.0,0.309220350805,-0.00475654610895
56,9.0,0.6489625086065248,0.016119791997916792,16.890172999669836,True,0.032064660745641765,0.03396389167190021,0.3089568120316321,-0.00477777451817644
56,9.5,0.7711103964104222,0.01902454200820048,16.89017298733243,True,0.038099879315723124,0.026824223713514474,0.3086943092302291,-0.0047990317912430915
56,10.0,0.9032263741710139,0.023124892985701577,16.89017297844747,True,0.04462761235082304,0.13649566311985556,0.30843482267198724,-0.004820155655072612
56,10.5,1.0171277679838377,0.02642125984810068,16.89017297237807,True,0.050255378982374824,0.20831568283446858,0.3081737972773226,-0.00484151665692599
56,11.0,1.1307997571933899,0.030004571764588168,16.890172967523608,True,0.05587181093637614,0.2956833361605149,0.30869994010647245,-0.004798574626042355
56,11.5,1.2475599023084012,0.0324531288650568,16.890172963301186,True,0.061640825928881204,0.24867634566335214,0.3092168598938775,-0.004756826571282351
56,12.0,1.3136280379453333,0.03333300413323637,16.890172961042566,True,0.06490519378865801,0.15663842607893597,0.3089427707880903,-0.004778908723511807
56,12.5,1.3922579386789473,0.03596323954784008,16.890172959011444,True,0.06879022729683482,0.2144597482617269,0.30867516985608556,-0.004800586085868481
56,13.0,1.437905943181047,0.036087860127324206,16.89017295739276,True,0.07104565462686384,0.11409748013066258,0.3084082147622802,-0.004822327965165789
56,13.5,1.4884949196093653,0.03723332393013132,16.890172955925895,True,0.07354521098818025,0.09662557356950918,0.3081479197213638,-0.004843640484604949
56,14.0,1.5636475270221464,0.038829155705948186,16.89017295355456,True,0.07725843452402906,0.06975069510176955,0.3086783474448754,-0.004800327994680199
56,14.5,1.692545746253167,0.04262415180232211,16.890172951357172,True,0.08362718097016,0.11114841689719929,0.30841689166895403,-0.004821619441203356
56,15.0,1.7090961445680686,0.04273349249484354,16.890172951973483,False,0.08444492144073366,0.0832263631619233,0.3089438578935731,-0.004778820899260534
56.0,15.5,0.0,0.0,0.0,0.0,0.0,0.0440811481445,0.309466227153,-0.00473684169568
56.0,16.0,0.0,0.0,0.0,0.0,0.0,0.0,0.310772716291,-0.00463375703131
56.0,16.5,0.0,0.0,0.0,0.0,0.0,0.0,0.311279548748,-0.00459448793037
56.0,17.0,0.0,0.0,0.0,0.0,0.0,0.0,0.310994623612,-0.00461651475664
56.0,17.5,0.0,0.0,0.0,0.0,0.0,0.0,0.313071980093,-0.00445875568502
56.0,18.0,0.0,0.0,0.0,0.0,0.0,0.0,0.313552465379,-0.00442318638769
56.0,18.5,0.0,0.0,0.0,0.0,0.0,0.0,0.315597859136,-0.00427550256461
56.0,19.0,0.0,0.0,0.0,0.0,0.0,0.0,0.318399011484,-0.00408266863294
56.0,19.5,0.0,0.0,0.0,0.0,0.0,0.0,0.319592048456,-0.00400369608332
56.0,20.0,0.0,0.0,0.0,0.0,0.0,0.0,0.321550831539,-0.00387794563777
56.0,20.5,0.0,0.0,0.0,0.0,0.0,0.0,0.3234786146,-0.00375875362399
56.0,21.0,0.0,0.0,0.0,0.0,0.0,0.0,0.325374577233,-0.00364576249191
56.0,21.5,0.0,0.0,0.0,0.0,0.0,0.0,0.325436851111,-0.00364212041658
56.0,22.0,0.0,0.0,0.0,0.0,0.0,0.0,0.326078495077,-0.00360484531727
56.0,22.5,0.0,0.0,0.0,0.0,0.0,0.0,0.326101000414,-0.00360354618443
56.0,23.0,0.0,0.0,0.0,0.0,0.0,0.0,0.326120466434,-0.00360242294767
56.0,23.5,0.0,0.0,0.0,0.0,0.0,0.0,0.326136756494,-0.00360148329219
56.0,24.0,0.0,0.0,0.0,0.0,0.0,0.0,0.326732076364,-0.0035673430838
57.0,0.5,0.0,0.0,0.0,0.0,0.0,0.0,0.327290245979,-0.00353568307081
57.0,1.0,0.0,0.0,0.0,0.0,0.0,0.0,0.328394098289,-0.00347405142422
57.0,1.5,0.0,0.0,0.0,0.0,0.0,0.0,0.330007125339,-0.00338627661401
57.0,2.0,0.0,0.0,0.0,0.0,0.0,0.0,0.330353362696,-0.00336778165265
57.0,2.5,0.0,0.0,0.0,0.0,0.0,0.0,0.331254846806,-0.00332018884752
57.0,3.0,0.0,0.0,0.0,0.0,0.0,0.0,0.332091167791,-0.00327675121091
57.0,3.5,0.0,0.0,0.0,0.0,0.0,0.0,0.332863655993,-0.00323722930658
57.0,4.0,0.0,0.0,0.0,0.0,0.0,0.0,0.332994154831,-0.00323060895616
57.0,4.5,0.0,0.0,0.0,0.0,0.0,0.0,0.333688193824,-0.0031956694186
57.0,5.0,0.0,0.0,0.0,0.0,0.0,0.0,0.334900150129,-0.00313573004452
57.0,5.5,0.0,0.0,0.0,0.0,0.0,0.0,0.336675457909,-0.00305032902603
57.0,6.0,0.0,0.0,0.0,0.0,0.0,0.0,0.337522622287,-0.00301055432532
57.0,6.5,0.0,0.0,0.0,0.0,0.0,0.0,0.338367452763,-0.00297150307339
57.0,7.0,0.0,0.0,0.0,0.0,0.0,0.0,0.340859470588,-0.00285977921038
57.0,7.5,0.0,0.0,0.0,0.0,0.0,0.0,0.343283134355,-0.00275588861542
57.0,8.0,0.0,0.0,0.0,0.0,0.0,0.0,0.346405789952,-0.0026285872312
57.0,8.5,0.0,0.0,0.0,0.0,0.0,0.0,0.347890530202,-0.00257052228671
57.0,9.0,0.0,0.0,0.0,0.0,0.0,0.0,0.35086073353,-0.00245888519887
57,9.5,3.0156600899337804,0.09902550313198279,16.502948828545424,False,0.12011008074382748,0.1640106812313761,0.35219300580712504,-0.0024106927541912237
57,10.0,3.83566844235217,0.2026735657997442,15.627242697304748,False,0.10620094596512429,0.3774698266162421,0.3511743097283651,-0.0024474396489035173
57,10.5,7.765803871674414,0.5495399293727811,29.907880284461026,False,0.1741913630045127,0.6954057780343093,0.35094695383619184,-0.0024557318074203242
57,11.0,8.583629935137882,0.6946333729526499,29.27141906642263,False,0.1766800380153321,1.1595530214159655,0.3499316176857053,-0.002493174332340187
57,11.5,8.093307677652431,0.6849970712325144,29.009404456977173,False,0.16112508481633067,0.8076043131200541,0.35045329993224794,-0.0024738519599897674
57,12.0,7.6684553781651665,0.6577637144872353,28.932816363671506,False,0.15121755362815284,0.6624554382304938,0.3494243416266006,-0.0025121357979579853
57,12.5,7.659807163187641,0.6570752293446123,28.932079083873695,False,0.151033212475231,0.6593388869061778,0.34842411513886906,-0.002550029106764346
57,13.0,4.147049654935466,0.37039931640982077,14.366610931847978,False,0.07980299855960751,0.45416913520766683,0.34897607748075476,-0.002529034608986682
57,13.5,8.34205314719723,0.7383295335966973,28.821457508053243,False,0.16226068116977133,1.4950935323893209,0.3479747434429107,-0.0025672749378315794
57,14.0,8.143889306587475,0.7352467497593619,28.691847575289515,False,0.15593502091662034,1.1615801831462602,0.3477028295805795,-0.0025777778425401755
57,14.5,7.719420907764048,0.7313979825191632,28.432209562561304,False,0.1433283634881486,1.162206607408858,0.34666350212210395,-0.002618397461491513
57,15.0,7.21170590965178,0.702088456207092,28.24892787991145,False,0.13109707437166201,0.6740751673450893,0.3456372768758475,-0.0026592554675670343
57,15.5,6.537932862878252,0.6568893091012467,28.08068326522553,False,0.11660713451129778,0.6729521661526509,0.3446415705386972,-0.002699626495583331
57,16.0,5.190964256987295,0.5017077932568518,28.26984753431922,False,0.09458939762125532,0.3331538561293926,0.34365687683609786,-0.002740271216428379
57,16.5,4.136386618765759,0.4060367610898132,28.175527075632235,False,0.07456732942067446,0.1620937607164351,0.34269995080549864,-0.0027804702164284916
57,17.0,3.2369612787715636,0.27431982980308645,14.460151591588232,False,0.06373216823937487,0.03222446372637622,0.3417626654269883,-0.002820527100824351
57.0,17.5,0.0,0.0,0.0,0.0,0.0,0.0,0.340845788961,-0.00286037878876
57.0,18.0,0.0,0.0,0.0,0.0,0.0,0.0,0.339952163677,-0.00289986709458
57.0,18.5,0.0,0.0,0.0,0.0,0.0,0.0,0.339071298978,-0.00293942883005
57.0,19.0,0.0,0.0,0.0,0.0,0.0,0.0,0.338204243065,-0.00297899998556
57.0,19.5,0.0,0.0,0.0,0.0,0.0,0.0,0.337351894039,-0.00301852012874
57.0,20.0,0.0,0.0,0.0,0.0,0.0,0.0,0.336514975833,-0.00305793409126
57.0,20.5,0.0,0.0,0.0,0.0,0.0,0.0,0.335694034562,-0.00309719279204
57.0,21.0,0.0,0.0,0.0,0.0,0.0,0.0,0.334889447348,-0.00313625347619
57.0,21.5,0.0,0.0,0.0,0.0,0.0,0.0,0.334101438087,-0.0031750795761
57.0,22.0,0.0,0.0,0.0,0.0,0.0,0.0,0.333330096416,-0.00321364034337
57.0,22.5,0.0,0.0,0.0,0.0,0.0,0.0,0.33257539748,-0.00325191035567
57.0,23.0,0.0,0.0,0.0,0.0,0.0,0.0,0.33183722102,-0.00328986896913
57.0,23.5,0.0,0.0,0.0,0.0,0.0,0.0,0.331115368972,-0.00332749976233
57.0,24.0,0.0,0.0,0.0,0.0,0.0,0.0,0.33040958116,-0.00336479000062
58.0,0.5,0.0,0.0,0.0,0.0,0.0,0.0,0.329719548979,-0.00340173013716
58.0,1.0,0.0,0.0,0.0,0.0,0.0,0.0,0.329044927099,-0.00343831335905
58.0,1.5,0.0,0.0,0.0,0.0,0.0,0.0,0.32838534334,-0.00347453518137
58.0,2.0,0.0,0.0,0.0,0.0,0.0,0.0,0.327740406892,-0.0035103930887
58.0,2.5,0.0,0.0,0.0,0.0,0.0,0.0,0.328661075355,-0.00345933799489
58.0,3.0,0.0,0.0,0.0,0.0,0.0,0.0,0.328006871395,-0.00349552469336
58.0,3.5,0.0,0.0,0.0,0.0,0.0,0.0,0.327368694374,-0.00353126027042
58.0,4.0,0.0,0.0,0.0,0.0,0.0,0.0,0.326745846916,-0.00356655794881
58.0,4.5,0.0,0.0,0.0,0.0,0.0,0.0,0.326137675495,-0.00360143029037
58.0,5.0,0.0,0.0,0.0,0.0,0.0,0.0,0.325543566546,-0.00363588925998
58.0,5.5,0.0,0.0,0.0,0.0,0.0,0.0,0.324962943074,-0.00366994627876
58.0,6.0,0.0,0.0,0.0,0.0,0.0,0.0,0.324395261664,-0.00370361226891
58.0,6.5,0.0,0.0,0.0,0.0,0.0,0.0,0.323840009835,-0.0037368976917
58.0,7.0,0.0,0.0,0.0,0.0,0.0,0.0,0.323296703678,-0.00376981258014
58.0,7.5,0.0,0.0,0.0,0.0,0.0,0.0,0.32276488574,-0.00380236656738
58,8.0,0.8473475872888276,0.05055029602379985,15.332512493353478,True,0.021278103899505553,0.08246564900479206,0.32224412312419803,-0.00383456891156036
58,8.5,3.612672770649797,0.2178953861824475,30.60733802161779,True,0.08990071245902934,0.32581598274540446,0.3217289578143745,-0.003866745362184045
58,9.0,3.81396108635716,0.22636426246671645,15.33083668584636,False,0.09572335248292385,0.2747057057672497,0.3212084630873034,-0.0038995819220689347
58,9.5,4.2984639253501475,0.2710935912632643,30.41287745719533,True,0.10380871035860366,0.5124694477987983,0.3206994740925713,-0.003932014418261565
58,10.0,4.839463624649939,0.33370738837214764,30.028157706289086,True,0.11042462380284071,0.9715977963069099,0.3201893015856893,-0.003964845351430946
58,10.5,5.004323285084677,0.3851516819933383,29.47370067172651,True,0.10577429122471269,0.9419535837825503,0.3196685330697607,-0.003998695591415757
58,11.0,4.612404157088239,0.3501603474531361,14.752358463529394,True,0.09789388719310367,0.4574267396239655,0.31915582463643977,-0.004032358833408709
58,11.5,5.08246886718317,0.42612271705744903,29.06450840445782,True,0.10188661719862449,1.4734283920218492,0.3194525970657416,-0.004012832473469933
58,12.0,5.668714879314061,0.5143859134389881,28.666789984780866,True,0.10821526806772841,1.7688695853858265,0.3189212243008358,-0.004047874689026713
58,12.5,5.578044703134042,0.5036806670664107,28.64118243820691,True,0.10615816349099677,1.0621547495899688,0.31838406145862574,-0.004083669956937188
58,13.0,6.210748177036388,0.5846904431588452,28.477887650622463,True,0.11593456022466717,1.9860997717620152,0.31788257115901564,-0.004117428982539774
58,13.5,6.287555714029693,0.6028002641215614,28.333191293601438,True,0.11540879036868457,1.3406159840122454,0.31735108346597735,-0.004153570958673696
58,14.0,6.3521923821454465,0.6144357782967781,28.275569531388356,True,0.11582513376294018,1.18025180844815,0.3168512568232347,-0.004187905317705685
58,14.5,6.379865137124967,0.6104513257174241,28.334480484321716,False,0.11712056186592402,1.1263882511784078,0.3163646544291829,-0.004221656607583567
58,15.0,6.124537586115666,0.5902854536865647,28.265401961502416,False,0.11154410753083868,0.6944027467265519,0.3158875699837236,-0.004255062829423289
58,15.5,5.472024632506309,0.492834158265666,28.62465087603217,False,0.10393489342176732,0.5040931880005307,0.31543472358908176,-0.004287063616023251
58,16.0,4.416170665278776,0.353283079403967,29.22387686736176,False,0.09034392752972485,0.2374219336111114,0.3149996455891563,-0.004318079226975983
58,16.5,2.473748850958874,0.15816707190040907,15.143480606343077,False,0.058620929761991104,0.10090747182122689,0.3145866122485502,-0.00434777100726054
58.0,17.0,0.0,0.0,0.0,0.0,0.0,0.0,0.314192584311,-0.00437632353396
58.0,17.5,0.0,0.0,0.0,0.0,0.0,0.0,0.313814609854,-0.00440392295616
58.0,18.0,0.0,0.0,0.0,0.0,0.0,0.0,0.313442667944,-0.00443128456636
58.0,18.5,0.0,0.0,0.0,0.0,0.0,0.0,0.31307657824,-0.0044584136825
58.0,19.0,0.0,0.0,0.0,0.0,0.0,0.0,0.312716168546,-0.00448531540812
58.0,19.5,0.0,0.0,0.0,0.0,0.0,0.0,0.312361274283,-0.00451199464718
58.0,20.0,0.0,0.0,0.0,0.0,0.0,0.0,0.312011738012,-0.00453845611741
58.0,20.5,0.0,0.0,0.0,0.0,0.0,0.0,0.311667408993,-0.0045647043622
58.0,21.0,0.0,0.0,0.0,0.0,0.0,0.0,0.312112773771,-0.00453078830106
58.0,21.5,0.0,0.0,0.0,0.0,0.0,0.0,0.311767728563,-0.00455703836012
58.0,22.0,0.0,0.0,0.0,0.0,0.0,0.0,0.311427929169,-0.0045830666156
58.0,22.5,0.0,0.0,0.0,0.0,0.0,0.0,0.311093217147,-0.00460887853812
58.0,23.0,0.0,0.0,0.0,0.0,0.0,0.0,0.310763441744,-0.00463447933567
58.0,23.5,0.0,0.0,0.0,0.0,0.0,0.0,0.310438459343,-0.00465987397385
58.0,24.0,0.0,0.0,0.0,0.0,0.0,0.0,0.310118132974,-0.00468506719403
59.0,0.5,0.0,0.0,0.0,0.0,0.0,0.0,0.309802331862,-0.00471006352963
59.0,1.0,0.0,0.0,0.0,0.0,0.0,0.0,0.309490931026,-0.00473486732083
59.0,1.5,0.0,0.0,0.0,0.0,0.0,0.0,0.309183810899,-0.00475948272785
59.0,2.0,0.0,0.0,0.0,0.0,0.0,0.0,0.308880856996,-0.00478391374299
59.0,2.5,0.0,0.0,0.0,0.0,0.0,0.0,0.309367827489,-0.00474471570315
59.0,3.0,0.0,0.0,0.0,0.0,0.0,0.0,0.309063318029,-0.00476918175011
59.0,3.5,0.0,0.0,0.0,0.0,0.0,0.0,0.311119569705,-0.00460684004211
59.0,4.0,0.0,0.0,0.0,0.0,0.0,0.0,0.310793748459,-0.00463211953706
59.0,4.5,0.0,0.0,0.0,0.0,0.0,0.0,0.311258319276,-0.00459612480235
59.0,5.0,0.0,0.0,0.0,0.0,0.0,0.0,0.312502294288,-0.00450137086554
59.0,5.5,0.0,0.0,0.0,0.0,0.0,0.0,0.312945461198,-0.00446817822408
59.0,6.0,0.0,0.0,0.0,0.0,0.0,0.0,0.312599342761,-0.00449407700266
59.0,6.5,0.0,0.0,0.0,0.0,0.0,0.0,0.312259459528,-0.00451968346383
59.0,7.0,0.0,0.0,0.0,0.0,0.0,0.0,0.311925531933,-0.00454501070471
59.0,7.5,0.0,0.0,0.0,0.0,0.0,0.0,0.311597300784,-0.00457007086026
59,8.0,0.6500337661358188,0.03272515593884166,15.700433749126518,True,0.01846849052421679,0.1074558068320845,0.31127452540239015,-0.004594875186449087
59,8.5,2.6361546860348115,0.1359684943351623,31.307043618965473,True,0.07366297913113576,0.42095159939556287,0.31095166207984476,-0.004619846907243003
59,9.0,2.9250960860965356,0.15141639752525488,31.29383371980397,True,0.08154774601280151,0.46900702237502123,0.31061800691955554,-0.004645823405478047
59,9.5,1.3034796845138057,0.06629697175989065,15.695687984023875,True,0.03697125434470263,0.3136739577069318,0.31028677062977605,-0.0046717839057204315
59,10.0,3.441364345150207,0.18278700127244418,31.23237242088878,True,0.09491824417616192,0.9235467166992459,0.3099693064855527,-0.00469682738720195
59,10.5,1.753467546807076,0.09646159360593944,15.531256280088115,True,0.04697981252284614,0.4004577733449726,0.30962875372744714,-0.004723870276847072
59,11.0,1.7116458026959105,0.08787458311938472,15.646916836008808,True,0.04771838362697716,0.09805492771130005,0.3093156455508051,-0.004748897664632144
59.0,11.5,0.0,0.0,0.0,0.0,0.0,0.0,0.316082282932,-0.00424139081117
59,12.0,1.3311266478222978,0.04080148037544525,16.592993938888075,True,0.05552052469952024,0.10749621652650083,0.31805139494432894,-0.004106027205270323
59,12.5,1.592911492319868,0.05292943547946085,16.488652005279793,True,0.06299276730548738,0.23962786583217624,0.317637920898434,-0.0041340188357766655
59,13.0,3.8676656136207335,0.152975888524055,32.38089373380379,True,0.13320091886577856,0.6466537439945023,0.3172287606454815,-0.004161942529772336
59,13.5,4.289926917653549,0.20048618438031787,31.697868167055077,True,0.12871098883166318,0.4572580626514536,0.3168094987825967,-0.0041907890600912795
59,14.0,4.934628912832616,0.28373366414378776,30.885748197430516,True,0.1283888868506614,1.0950555302681255,0.3164041808560739,-0.004218902946257037
59,14.5,5.327648604401752,0.3401271101328576,30.42758326933228,True,0.12895159977392595,1.3007100445119133,0.31597953230378356,-0.004248599044406821
59,15.0,5.1134810406952536,0.3188580258262629,30.476288901629875,False,0.12469188307375742,0.7728225374696842,0.3155524946000871,-0.004278713715226347
59,15.5,4.939256861809028,0.31575050156011136,30.349425655646314,False,0.11814591532553491,0.6890520641850528,0.31515341851302203,-0.0043070866914528836
59,16.0,4.796039079987202,0.3203620163871154,30.11683290485319,False,0.11084360689333851,0.5003702983660427,0.31476436419972365,-0.004334963208467942
59,16.5,2.4004952705724056,0.15957301550750713,15.043369089940741,False,0.055237511170243066,0.08724669706456986,0.3143886574246177,-0.004362087613305531
59,17.0,4.654089396585381,0.3070030002261618,15.067204583921455,False,0.10783830735570435,0.3393070330683683,0.3140407608303528,-0.004387384739877304
59.0,17.5,0.0,0.0,0.0,0.0,0.0,0.0,0.313683430197,-0.00441355004358
59.0,18.0,0.0,0.0,0.0,0.0,0.0,0.0,0.313356075545,-0.00443768370486
59.0,18.5,0.0,0.0,0.0,0.0,0.0,0.0,0.313033914416,-0.00446158814753
59.0,19.0,0.0,0.0,0.0,0.0,0.0,0.0,0.312716712548,-0.00448527465716
59.0,19.5,0.0,0.0,0.0,0.0,0.0,0.0,0.312404254335,-0.004508753571
59.0,20.0,0.0,0.0,0.0,0.0,0.0,0.0,0.312096340956,-0.00453203437027
59.0,20.5,0.0,0.0,0.0,0.0,0.0,0.0,0.311792788722,-0.00455512576271
59.0,21.0,0.0,0.0,0.0,0.0,0.0,0.0,0.311493427593,-0.00457803575654
59.0,21.5,0.0,0.0,0.0,0.0,0.0,0.0,0.31119809987,-0.00460077172673
59.0,22.0,0.0,0.0,0.0,0.0,0.0,0.0,0.310906659027,-0.00462334047432
59.0,22.5,0.0,0.0,0.0,0.0,0.0,0.0,0.310618968665,-0.00464574827972
59.0,23.0,0.0,0.0,0.0,0.0,0.0,0.0,0.310334901583,-0.00466800095046
59.0,23.5,0.0,0.0,0.0,0.0,0.0,0.0,0.310054338948,-0.00469010386422
59.0,24.0,0.0,0.0,0.0,0.0,0.0,0.0,0.309777169544,-0.00471206200742
60.0,0.5,0.0,0.0,0.0,0.0,0.0,0.0,0.309503289108,-0.00473388001012
60.0,1.0,0.0,0.0,0.0,0.0,0.0,0.0,0.30923259973,-0.00475556217735
60.0,1.5,0.0,0.0,0.0,0.0,0.0,0.0,0.310538402203,-0.00465204666722
60.0,2.0,0.0,0.0,0.0,0.0,0.0,0.0,0.311042600521,-0.00461279699104
60.0,2.5,0.0,0.0,0.0,0.0,0.0,0.0,0.313897899376,-0.00439782344262
60.0,3.0,0.0,0.0,0.0,0.0,0.0,0.0,0.315929748578,-0.00425209675555
60.0,3.5,0.0,0.0,0.0,0.0,0.0,0.0,0.320281422022,-0.00395889306832
60.0,4.0,0.0,0.0,0.0,0.0,0.0,0.0,0.319868623191,-0.00398564904405
60.0,4.5,0.0,0.0,0.0,0.0,0.0,0.0,0.321030523804,-0.0039108837485
60.0,5.0,0.0,0.0,0.0,0.0,0.0,0.0,0.321393619385,-0.0038878629948
60.0,5.5,0.0,0.0,0.0,0.0,0.0,0.0,0.320971560145,-0.00391463743548
60.0,6.0,0.0,0.0,0.0,0.0,0.0,0.0,0.320559361577,-0.00394099865498
60.0,6.5,0.0,0.0,0.0,0.0,0.0,0.0,0.320156303809,-0.00396698006792
60.0,7.0,0.0,0.0,0.0,0.0,0.0,0.0,0.319761742081,-0.00399261173043
60.0,7.5,0.0,0.0,0.0,0.0,0.0,0.0,0.319375096742,-0.00401792077491
60.0,8.0,0.0,0.0,0.0,0.0,0.0,0.0,0.318995844914,-0.00404293177364
60.0,8.5,0.0,0.0,0.0,0.0,0.0,0.0212328658152,0.318623513466,-0.00406766704472
60,9.0,0.8443213916679261,0.021454920129256753,16.890172982239168,True,0.04171716952070469,0.13213786689422743,0.3182568673036924,-0.004092201022954041
60,9.5,1.0239877357537948,0.025126240974055004,16.89017297103469,True,0.050594323892677914,0.034107691554980474,0.31789129862250715,-0.004116838635799535
60,10.0,1.2179684674909699,0.0323460857653973,16.890172964316378,True,0.06017873943572602,0.29567541267843006,0.317535056911721,-0.004141017868015637
60,10.5,3.1310024020326743,0.08881953292798221,33.7803459106338,True,0.1547000458170347,1.0666527923410047,0.31717404011704153,-0.004165694019414128
60,11.0,3.350139708940385,0.11789177436870665,32.874059177523705,True,0.12916836982428256,0.8296726762292956,0.3167867572617527,-0.004192360547626625
60,11.5,3.8857280721973644,0.19331650418897547,31.617670118930107,True,0.1148466538951636,1.4842305234571176,0.31641223835101284,-0.004218341872728619
60,12.0,4.021961721627353,0.245228624970981,30.622785609123042,True,0.10032823389853882,1.236400476831088,0.31601465381347765,-0.004246133535256674
60,12.5,4.872930528062073,0.3733054691073187,29.55805522774719,True,0.10416457101201454,1.895421381102845,0.3156289275031883,-0.004273305031801242
60,13.0,4.946201534929216,0.3943305736853111,29.265845383338615,True,0.10173612925300657,1.2318166325433813,0.3152175602962731,-0.0043025113397721715
60,13.5,5.017627918960253,0.4019232786395587,29.257101356048672,True,0.10308871619210817,1.3890210111488508,0.3148346328633362,-0.004329912447910854
60,14.0,5.242747720760462,0.45339157390980395,28.881518272318644,True,0.10273073485237537,1.8711586964112628,0.31444934606615044,-0.0043576924910506435
60,14.5,4.709747763085479,0.3803497902100904,29.185435171216575,True,0.09587582215908647,1.1790008375337167,0.3140475589756391,-0.004386888744399049
60,15.0,4.743728469749709,0.4245940912603291,28.656391062686414,True,0.09044449342395397,1.5466310292051229,0.3136784295416557,-0.004413917530393039
60,15.5,4.573609344967906,0.37317884546679286,29.114166562580905,True,0.09226303033981273,1.0848942959433723,0.3132971677805825,-0.004442043254745123
60,16.0,4.45419800177346,0.38164121803696877,28.84235016998099,True,0.0868601754261987,0.9580621473808488,0.3129387686484072,-0.004468677314433478
60,16.5,4.066660144102962,0.33135669732547046,29.067548593838595,True,0.08155426662452316,0.5712057397276181,0.31258814961285075,-0.004494917526253762
60,17.0,3.6528951048126217,0.29614374276937755,14.532633975854097,False,0.07323542264173608,0.3181968427454035,0.31225731563217946,-0.004519845533627536
60.0,17.5,0.0,0.0,0.0,0.0,0.0,0.0,0.311940530114,-0.00454386952395
60.0,18.0,0.0,0.0,0.0,0.0,0.0,0.0,0.311650090592,-0.00456602931673
60.0,18.5,0.0,0.0,0.0,0.0,0.0,0.0,0.31136260996,-0.0045880902707
60.0,19.0,0.0,0.0,0.0,0.0,0.0,0.0,0.311078020415,-0.00461005456642
60.0,19.5,0.0,0.0,0.0,0.0,0.0,0.0,0.31079625869,-0.0046319241449
60.0,20.0,0.0,0.0,0.0,0.0,0.0,0.0,0.310517265553,-0.00465370073653
60.0,20.5,0.0,0.0,0.0,0.0,0.0,0.0,0.310240985368,-0.00467538588677
60.0,21.0,0.0,0.0,0.0,0.0,0.0,0.0,0.309967365706,-0.00469698097879
60.0,21.5,0.0,0.0,0.0,0.0,0.0,0.0,0.309696357001,-0.00471848725359
60.0,22.0,0.0,0.0,0.0,0.0,0.0,0.0,0.309427912251,-0.00473990582772
60.0,22.5,0.0,0.0,0.0,0.0,0.0,0.0,0.309161986754,-0.00476123770902
60.0,23.0,0.0,0.0,0.0,0.0,0.0,0.0,0.308898537869,-0.00478248381054
60.0,23.5,0.0,0.0,0.0,0.0,0.0,0.0,0.308637524813,-0.00480364496279
60.0,24.0,0.0,0.0,0.0,0.0,0.0,0.0,0.308378908478,-0.00482472192464
61.0,0.5,0.0,0.0,0.0,0.0,0.0,0.0,0.308122651271,-0.00484571539293
61.0,1.0,0.0,0.0,0.0,0.0,0.0,0.0,0.307868716966,-0.00486662601091
61.0,1.5,0.0,0.0,0.0,0.0,0.0,0.0,0.307617070588,-0.00488745437575
61.0,2.0,0.0,0.0,0.0,0.0,0.0,0.0,0.307367678294,-0.00490820104509
61.0,2.5,0.0,0.0,0.0,0.0,0.0,0.0,0.307120507278,-0.00492886654288
61.0,3.0,0.0,0.0,0.0,0.0,0.0,0.0,0.306875525686,-0.00494945136445
61.0,3.5,0.0,0.0,0.0,0.0,0.0,0.0,0.306632702536,-0.004969955981
61.0,4.0,0.0,0.0,0.0,0.0,0.0,0.0,0.306392007653,-0.00499038084348
61.0,4.5,0.0,0.0,0.0,0.0,0.0,0.0,0.306153411609,-0.00501072638606
61.0,5.0,0.0,0.0,0.0,0.0,0.0,0.0,0.305916885666,-0.00503099302911
61.0,5.5,0.0,0.0,0.0,0.0,0.0,0.0,0.305682401734,-0.00505118118178
61.0,6.0,0.0,0.0,0.0,0.0,0.0,0.0,0.305449932329,-0.00507129124429
61.0,6.5,0.0,0.0,0.0,0.0,0.0,0.0,0.305219450532,-0.00509132360984
61.0,7.0,0.0,0.0,0.0,0.0,0.0,0.0,0.30499092996,-0.00511127866634
61.0,7.5,0.0,0.0,0.0,0.0,0.0,0.133708177584,0.304764344734,-0.00513115679784
61.0,8.0,0.0,0.0,0.0,0.0,0.0,0.395929384943,0.30453459524,-0.0051514066485
61.0,8.5,0.0,0.0,0.0,0.0,0.0,0.370424690139,0.304296779473,-0.00517246782272
61.0,9.0,0.0,0.0,0.0,0.0,0.0,0.760608298705,0.304061792113,-0.00519337935863
61.0,9.5,0.0,0.0,0.0,0.0,0.0,1.06178946424,0.303813833723,-0.00521555450628
61,10.0,0.7677288650242726,0.03820232434333031,31.690502532490875,True,0.023002267944417336,1.6987229943581745,0.303556258259954,-0.005238709287581091
61,10.5,1.3302040955087668,0.0796598029866341,30.760048626837115,True,0.03391199198590571,1.5597427894089253,0.30327485086934564,-0.00526414659137432
61,11.0,1.7695827998407951,0.11872895870328128,30.203493548001216,True,0.041419169605474426,1.6214050339663673,0.3029989109908735,-0.00528923269896803
61,11.5,2.2140154306007256,0.16371850592702525,29.71957202585324,True,0.04837711564460574,1.8312675215002923,0.30272089234495864,-0.005314651974679544
61,12.0,2.7208119594006135,0.2061511090701133,29.585407030555068,True,0.058375075478119855,1.7807119947207084,0.3024349238766104,-0.005340950107133804
61,12.5,3.1905393652263276,0.2601599638561232,29.208930724673642,True,0.06514532965414152,1.9696351240738024,0.3021509636399852,-0.00536721711812479
61,13.0,3.6079726254006026,0.2994553401267758,29.11647221564214,True,0.07280460970803174,1.9979374607709155,0.3018594626267733,-0.005394341931986308
61,13.5,4.073075129020214,0.3352108208902405,29.162843551310647,True,0.08267613265292034,1.9153895660176634,0.3015670536134921,-0.005421715491992789
61,14.0,4.268695985022238,0.3472366523295501,29.186216320720266,True,0.0869060660935494,1.47175697592206,0.30127805687921255,-0.005448932386673466
61,14.5,4.553275974071838,0.3782818075707034,29.045559134460845,True,0.09106061232967186,1.189882308233619,0.3010070556108079,-0.0054746025394284935
61,15.0,4.2540554467941885,0.3521650343436619,28.996671260325815,True,0.08455683884378347,0.5499298487988244,0.3007471691385892,-0.005499355316507467
61,15.5,4.06042471847889,0.3169761065357746,29.29538799893863,True,0.08383723312162833,0.468873178598694,0.30051413591486886,-0.0055216639312582125
61,16.0,4.61596841721628,0.3723894659951676,29.160513265314805,True,0.09366804236077003,0.8887091158854771,0.3002870705884485,-0.005543505023727545
61,16.5,4.2355517123526845,0.3553246583171051,28.90123437964386,False,0.08319694691057801,0.3660530325675006,0.300043506680845,-0.005567047618655474
61,17.0,3.4763008445042862,0.25032361853265156,14.827720659040848,False,0.07529530644072573,0.21289005091213203,0.2998219432699128,-0.005588567209597844
61.0,17.5,0.0,0.0,0.0,0.0,0.0,0.0,0.29961167658,-0.00560908131443
61.0,18.0,0.0,0.0,0.0,0.0,0.0,0.0,0.299420469805,-0.00562781382192
61.0,18.5,0.0,0.0,0.0,0.0,0.0,0.0,0.29923072585,-0.00564647674913
61.0,19.0,0.0,0.0,0.0,0.0,0.0,0.0,0.299042426822,-0.00566507050081
61.0,19.5,0.0,0.0,0.0,0.0,0.0,0.0,0.298855555089,-0.00568359548276
61.0,20.0,0.0,0.0,0.0,0.0,0.0,0.0,0.298670093275,-0.0057020521018
61.0,20.5,0.0,0.0,0.0,0.0,0.0,0.0,0.298486024256,-0.00572044076561
61.0,21.0,0.0,0.0,0.0,0.0,0.0,0.0,0.298303331154,-0.0057387618827
61.0,21.5,0.0,0.0,0.0,0.0,0.0,0.0,0.298121997337,-0.00575701586229
61.0,22.0,0.0,0.0,0.0,0.0,0.0,0.0,0.297942006408,-0.00577520311417
61.0,22.5,0.0,0.0,0.0,0.0,0.0,0.0,0.29776334221,-0.00579332404862
61.0,23.0,0.0,0.0,0.0,0.0,0.0,0.0,0.297585988816,-0.00581137907627
61.0,23.5,0.0,0.0,0.0,0.0,0.0,0.0,0.297409930527,-0.00582936860799
61.0,24.0,0.0,0.0,0.0,0.0,0.0,0.0,0.298024912719,-0.00576681732325
62.0,0.5,0.0,0.0,0.0,0.0,0.0,0.0,0.297845474906,-0.00578498537714
62.0,1.0,0.0,0.0,0.0,0.0,0.0,0.0,0.297667419582,-0.00580308090476
62.0,1.5,0.0,0.0,0.0,0.0,0.0,0.0,0.297490727164,-0.00582110462985
62.0,2.0,0.0,0.0,0.0,0.0,0.0,0.0,0.297315378504,-0.00583905726103
62.0,2.5,0.0,0.0,0.0,0.0,0.0,0.0,0.297141354874,-0.0058569394925
62.0,3.0,0.0,0.0,0.0,0.0,0.0,0.0,0.296968637951,-0.00587475200467
62.0,3.5,0.0,0.0,0.0,0.0,0.0,0.0,0.296797209804,-0.00589249546477
62.0,4.0,0.0,0.0,0.0,0.0,0.0,0.0,0.296627052879,-0.00591017052739
62.0,4.5,0.0,0.0,0.0,0.0,0.0,0.0,0.296458149988,-0.00592777783501
62.0,5.0,0.0,0.0,0.0,0.0,0.0,0.0,0.296290484299,-0.00594531801851
62.0,5.5,0.0,0.0,0.0,0.0,0.0,0.0,0.29612403932,-0.00596279169757
62.0,6.0,0.0,0.0,0.0,0.0,0.0,0.0,0.295958798892,-0.00598019948115
62.0,6.5,0.0,0.0,0.0,0.0,0.0,0.0,0.295794747179,-0.00599754196785
62.0,7.0,0.0,0.0,0.0,0.0,0.0,0.0,0.295631868654,-0.00601481974631
62.0,7.5,0.0,0.0,0.0,0.0,0.0,0.0160803112449,0.295470148095,-0.00603203339554
62,8.0,0.0,0.0,0.0,True,0.0,0.19047630722041758,0.29530896032745707,-0.006049248771951503
62,8.5,0.2532227537342689,0.0067249023891068575,33.78034672312704,True,0.012511511195001086,0.5402750735000023,0.29514228263502046,-0.006067112091233754
62,9.0,0.7902064536090438,0.02160588812187197,33.78034611213204,True,0.03904339852913338,0.7537075665467612,0.29496318891631734,-0.006086376165075731
62,9.5,1.715036612669663,0.05347858546622234,33.33826325240701,True,0.07450793449998706,0.749240868506037,0.29477653064540554,-0.006106531526516238
62,10.0,2.6755071189003976,0.11272728710665644,32.288380679517815,True,0.0903341925678503,1.0755446632134449,0.294589918417056,-0.006126761462660839
62,10.5,3.706463802319748,0.19873231358004764,31.245364117598125,True,0.10246089987946058,1.2816420814631388,0.2943897470114142,-0.006148550129065493
62,11.0,4.229743916910493,0.25328549227270863,30.729251460491216,True,0.10730277203220182,1.3971823171589768,0.2941795495231943,-0.006171529586914504
62,11.5,4.4505769807480124,0.27867923075843193,30.422325261824835,True,0.10763665083569002,0.8533608027650966,0.29396394310102586,-0.0061952067580683945
62,12.0,5.1100782477767375,0.3511927745467271,30.079972838181572,True,0.11747244420894573,1.3588672174418217,0.2937690442370876,-0.006216703085127919
62,12.5,5.761602736557872,0.45408386364785625,29.408221691816337,True,0.12073023529696321,1.7761665569473457,0.29355323017393814,-0.006240610023521131
62,13.0,5.788653174557427,0.46536549076259237,29.216790582081437,True,0.11831370864216995,1.160070148697137,0.29331868314178217,-0.006266716443553244
62,13.5,5.573004536261345,0.4326116433052353,29.317879843005336,True,0.1154049812180861,0.6124989201097945,0.2931080848522096,-0.006290268170172894
62,14.0,5.943956449528542,0.48080473211993013,29.134189101100567,True,0.1202121519055589,0.7840575435473713,0.29292049395681913,-0.006311335777897144
62,14.5,5.902329091823285,0.4534141150813718,29.37544631690186,True,0.12314740029018087,0.6108916928609637,0.2927255358252086,-0.006333319922087352
62,15.0,4.722989484296383,0.315492663333151,30.003440709197758,False,0.1073862586759106,0.178282533170743,0.2925391495775178,-0.006354422832274869
62,15.5,5.108146409391123,0.3598063616460044,29.756917520215517,False,0.11219051918078847,0.25774847777068915,0.29237536435812245,-0.006373036010598821
62,16.0,4.520830560018129,0.29499805484855873,30.126588333580592,False,0.10463142105632742,0.2284918781643752,0.2922078199663979,-0.0063921436493459835
62,16.5,3.4974111596985544,0.21339791661424753,30.413926462261045,False,0.08447658660912558,0.10369273010776162,0.2920447726190725,-0.0064108039908987976
62,17.0,2.586299027382309,0.1549532523574993,15.230170569933641,False,0.06291292779601543,0.03420610314244948,0.2918904746119678,-0.006428522796338393
62.0,17.5,0.0,0.0,0.0,0.0,0.0,0.0,0.291741937481,-0.00644563520108
62.0,18.0,0.0,0.0,0.0,0.0,0.0,0.0,0.291601474396,-0.00646186737662
62.0,18.5,0.0,0.0,0.0,0.0,0.0,0.0,0.29146189651,-0.00647804552512
62.0,19.0,0.0,0.0,0.0,0.0,0.0,0.0,0.291323193733,-0.00649417007107
62.0,19.5,0.0,0.0,0.0,0.0,0.0,0.0,0.291185356137,-0.00651024143378
62.0,20.0,0.0,0.0,0.0,0.0,0.0,0.0,0.291048373957,-0.00652626002744
62.0,20.5,0.0,0.0,0.0,0.0,0.0,0.0,0.290912237585,-0.00654222626126
62.0,21.0,0.0,0.0,0.0,0.0,0.0,0.0,0.290776937567,-0.00655814053957
62.0,21.5,0.0,0.0,0.0,0.0,0.0,0.0,0.2906424646,-0.00657400326188
62.0,22.0,0.0,0.0,0.0,0.0,0.0,0.0,0.290508809526,-0.00658981482302
62.0,22.5,0.0,0.0,0.0,0.0,0.0,0.0,0.290375963335,-0.00660557561318
62.0,23.0,0.0,0.0,0.0,0.0,0.0,0.0,0.290243917156,-0.00662128601801
62.0,23.5,0.0,0.0,0.0,0.0,0.0,0.0,0.290112662257,-0.00663694641874
62.0,24.0,0.0,0.0,0.0,0.0,0.0,0.0,0.289982190041,-0.00665255719219
63.0,0.5,0.0,0.0,0.0,0.0,0.0,0.0,0.289852492043,-0.0066681187109
63.0,1.0,0.0,0.0,0.0,0.0,0.0,0.0,0.289723559931,-0.00668363134319
63.0,1.5,0.0,0.0,0.0,0.0,0.0,0.0,0.289595385497,-0.0066990954532
63.0,2.0,0.0,0.0,0.0,0.0,0.0,0.0,0.289467960658,-0.00671451140103
63.0,2.5,0.0,0.0,0.0,0.0,0.0,0.0,0.289341277456,-0.00672987954272
63.0,3.0,0.0,0.0,0.0,0.0,0.0,0.0,0.289215328049,-0.00674520023039
63.0,3.5,0.0,0.0,0.0,0.0,0.0,0.0,0.289090104717,-0.00676047381227
63.0,4.0,0.0,0.0,0.0,0.0,0.0,0.0,0.28896559985,-0.00677570063274
63.0,4.5,0.0,0.0,0.0,0.0,0.0,0.0,0.288841805956,-0.00679088103245
63.0,5.0,0.0,0.0,0.0,0.0,0.0,0.0,0.288718715649,-0.00680601534832
63.0,5.5,0.0,0.0,0.0,0.0,0.0,0.0,0.288596321656,-0.00682110391362
63.0,6.0,0.0,0.0,0.0,0.0,0.0,0.0,0.288474616807,-0.00683614705804
63.0,6.5,0.0,0.0,0.0,0.0,0.0,0.0,0.288353594039,-0.00685114510772
63.0,7.0,0.0,0.0,0.0,0.0,0.0,0.0,0.288233246389,-0.00686609838531
63.0,7.5,0.0,0.0,0.0,0.0,0.0,0.0,0.288113566997,-0.00688100721003
63.0,8.0,0.0,0.0,0.0,0.0,0.0,0.0,0.2879945491,-0.00689587189771
63,8.5,1.6567245314243841,0.047398739473522786,16.66046331964716,False,0.07163546942488484,0.04278847737459614,0.2878761860337591,-0.006910692760844056
63,9.0,2.106024864420028,0.06590670696183834,16.551261813688924,True,0.08595997110430079,0.11767585682585507,0.28775504862627665,-0.006925900328265118
63,9.5,2.4781722672067126,0.08488374192080586,16.42335044547867,True,0.09491930329400367,0.1878259991955658,0.28763100865254565,-0.0069415136195038266
63,10.0,2.861912044718428,0.10845521714155167,16.275686500284653,True,0.10234026748877206,0.26941501347788954,0.28750422170388,-0.006957516040862602
63,10.5,6.241849557568049,0.25757482547735877,32.147591978159795,False,0.204631384951121,0.3978365108924353,0.28737407302132173,-0.006973988502959148
63,11.0,6.301832911033514,0.2894806118590198,15.856323412645677,False,0.1896028341467517,0.332780828467467,0.2872340145619912,-0.006991767147618793
63,11.5,7.139576309884417,0.358006414978488,31.424020674043508,False,0.203688984763993,0.6116275929770101,0.2870958309129809,-0.007009360755186331
63,12.0,7.821984817326049,0.48757071849530403,30.42022357077817,False,0.18911330715820768,0.67368925926503,0.28694507523076357,-0.007028615240246292
63,12.5,3.853793527606805,0.24769298182187682,15.11472754852863,False,0.09054846201460232,0.23270900392182717,0.286787652138975,-0.00704878858556072
63,13.0,3.4766572363530264,0.22001745647313117,15.133850756427332,False,0.08215136232232981,0.13838027810526396,0.2866566664898059,-0.007065626642738453
63,13.5,3.381611055031107,0.22574278657849836,15.007415044668798,False,0.07701280405484572,0.12942109322148887,0.28653090402331205,-0.007081838379904832
63,14.0,3.390748625183366,0.22815283082337307,14.99935222617703,False,0.07704304511441762,0.17223034984270932,0.2864058516993008,-0.007098002537882348
63,14.5,3.0467904669918817,0.20588650728464086,14.982851035992697,False,0.06890299269474856,0.11873838401065384,0.28627966509115865,-0.007114357890851862
63,15.0,2.5974381085200777,0.1757129054228194,14.974883557336506,False,0.05860814810225845,0.0758253986592417,0.2861569297369531,-0.007130309012981972
63,15.5,2.184334953088959,0.14731245403343948,14.983790443320304,False,0.04941180756299488,0.06470066850446733,0.28603753876559207,-0.0071458663896364375
63,16.0,1.5445591344661802,0.10519643357504374,14.957648048049043,False,0.0346815965614051,0.018747858154096315,0.28592021311718663,-0.00716119405784399
63.0,16.5,0.0,0.0,0.0,0.0,0.0,0.0,0.285806789687,-0.00717604918598
63.0,17.0,0.0,0.0,0.0,0.0,0.0,0.0,0.285698624685,-0.00719024982885
63.0,17.5,0.0,0.0,0.0,0.0,0.0,0.0,0.285591009239,-0.00720441156213
63.0,18.0,0.0,0.0,0.0,0.0,0.0,0.0,0.285483938226,-0.0072185346441
63.0,18.5,0.0,0.0,0.0,0.0,0.0,0.0,0.28537740659,-0.00723261933047
63.0,19.0,0.0,0.0,0.0,0.0,0.0,0.0,0.285271409343,-0.00724666587446
63.0,19.5,0.0,0.0,0.0,0.0,0.0,0.0,0.285165941561,-0.00726067452677
63.0,20.0,0.0,0.0,0.0,0.0,0.0,0.0,0.285060998385,-0.00727464553565
63.0,20.5,0.0,0.0,0.0,0.0,0.0,0.0,0.284956575019,-0.00728857914694
63.0,21.0,0.0,0.0,0.0,0.0,0.0,0.0,0.28485266673,-0.00730247560405
63.0,21.5,0.0,0.0,0.0,0.0,0.0,0.0,0.284749268846,-0.00731633514805
63.0,22.0,0.0,0.0,0.0,0.0,0.0,0.0,0.284646376754,-0.00733015801766
63.0,22.5,0.0,0.0,0.0,0.0,0.0,0.0,0.284543985901,-0.00734394444931
63.0,23.0,0.0,0.0,0.0,0.0,0.0,0.0,0.284442091793,-0.00735769467713
63.0,23.5,0.0,0.0,0.0,0.0,0.0,0.0,0.284340689993,-0.00737140893301
63.0,24.0,0.0,0.0,0.0,0.0,0.0,0.0,0.284239776118,-0.00738508744662
64.0,0.5,0.0,0.0,0.0,0.0,0.0,0.0,0.284139345845,-0.00739873044543
64.0,1.0,0.0,0.0,0.0,0.0,0.0,0.0,0.2840393949,-0.00741233815474
64.0,1.5,0.0,0.0,0.0,0.0,0.0,0.0,0.283939919068,-0.00742591079772
64.0,2.0,0.0,0.0,0.0,0.0,0.0,0.0,0.283840914183,-0.00743944859542
64.0,2.5,0.0,0.0,0.0,0.0,0.0,0.0,0.283742376133,-0.00745295176678
64.0,3.0,0.0,0.0,0.0,0.0,0.0,0.0,0.283644300855,-0.00746642052871
64.0,3.5,0.0,0.0,0.0,0.0,0.0,0.0,0.283546684339,-0.00747985509606
64.0,4.0,0.0,0.0,0.0,0.0,0.0,0.0,0.283449522622,-0.00749325568167
64.0,4.5,0.0,0.0,0.0,0.0,0.0,0.0,0.283352811792,-0.0075066224964
64.0,5.0,0.0,0.0,0.0,0.0,0.0,0.0,0.283256547983,-0.00751995574912
64.0,5.5,0.0,0.0,0.0,0.0,0.0,0.0,0.283160727378,-0.00753325564678
64.0,6.0,0.0,0.0,0.0,0.0,0.0,0.0,0.283065346204,-0.0075465223944
64.0,6.5,0.0,0.0,0.0,0.0,0.0,0.0,0.282970400735,-0.00755975619511
64.0,7.0,0.0,0.0,0.0,0.0,0.0,0.0,0.282875887292,-0.00757295725016
64.0,7.5,0.0,0.0,0.0,0.0,0.0,0.0,0.282781802238,-0.00758612575894
64.0,8.0,0.0,0.0,0.0,0.0,0.0,0.0,0.282688141979,-0.00759926191904
64,8.5,1.5963469477021413,0.059874657418983394,16.220502198773243,False,0.05570245884165751,0.03276633195943675,0.2825949029659645,-0.007612365926218066
64,9.0,1.9591084209394674,0.0816285165990139,16.030649117273317,False,0.0631047317766155,0.05697091120747683,0.28249856597062833,-0.007625933619936356
64,9.5,2.2712467055178927,0.10596782595794468,15.813165663140746,False,0.06723720942228753,0.08078586639123146,0.2824008991274114,-0.007639718025662599
64,10.0,2.5583282755682477,0.12701610382821646,15.702471210614982,True,0.07273910730443861,0.13830604871373914,0.2823018156799963,-0.00765373271356265
64,10.5,2.8286552161941048,0.15340981375442717,15.53187595931938,True,0.07580262214399071,0.22144149833771865,0.28220015802679393,-0.007668143353364954
64,11.0,3.094940069619533,0.18004594298264506,15.376020144717732,True,0.07880073715775808,0.226936628851316,0.2820947478662302,-0.0076831200889822615
64,11.5,6.2697379823611215,0.4134227401660891,30.136366848611317,False,0.14531538089590101,0.3852922320147699,0.28198851913924683,-0.007698248399427384
64,12.0,6.603831965315484,0.4766706400637985,29.70631413093141,False,0.14403406420570358,0.43931391427697386,0.28186782173410213,-0.007715480325706371
64,12.5,6.592615659807065,0.4869763850684269,29.569999879923152,False,0.1411514009036383,0.35278095281219385,0.2817430682719945,-0.0077333396565813055
64,13.0,3.191257728008209,0.24218834318730695,14.710701211527674,False,0.06698680871154164,0.12498984251622734,0.2816215987552799,-0.00775077621463414
64,13.5,6.795408108246967,0.5237736721017698,29.38770767943003,False,0.14200915478163023,0.45349163249708313,0.28151845156533783,-0.0077656194484845495
64,14.0,7.258563807027528,0.6159058711483585,28.98621272416966,False,0.14408844174051003,0.8271291053212994,0.2813925364543926,-0.007783784997251867
64,14.5,7.2648737335075015,0.6276941312202597,28.799948617211,False,0.14093788577440314,0.44553219652613196,0.28124932718003326,-0.007804507118796781
64,15.0,7.327422528700014,0.6590604627893564,28.62121435187536,False,0.1391189882305684,0.5589302826058845,0.28112053085005534,-0.00782319987490157
64,15.5,6.966625349835743,0.6164075777849245,28.669567446568145,False,0.13303660626760705,0.39941047293807214,0.2809866164307582,-0.007842692035054692
64,16.0,6.458956200749703,0.5409295385389076,28.926923197370435,False,0.12727394563951136,0.29193699093587316,0.2808607471900698,-0.007861065941200845
64,16.5,5.127057431981793,0.4201454000803851,29.00041232731457,False,0.10195694794339176,0.1344240603559991,0.28074219074142687,-0.007878419277819966
64,17.0,4.458242914091733,0.3576805137808738,14.53491449102319,False,0.08943292438948379,0.10083749686852964,0.2806345625327832,-0.007894212565283444
64.0,17.5,0.0,0.0,0.0,0.0,0.0,0.0,0.280530943474,-0.00790945320537
64.0,18.0,0.0,0.0,0.0,0.0,0.0,0.0,0.280445086308,-0.00792210793079
64.0,18.5,0.0,0.0,0.0,0.0,0.0,0.0,0.280359587485,-0.00793473381909
64.0,19.0,0.0,0.0,0.0,0.0,0.0,0.0,0.280274444222,-0.00794733103385
64.0,19.5,0.0,0.0,0.0,0.0,0.0,0.0,0.280189653769,-0.00795989973725
64.0,20.0,0.0,0.0,0.0,0.0,0.0,0.0,0.280105213405,-0.00797244009003
64.0,20.5,0.0,0.0,0.0,0.0,0.0,0.0,0.280021120439,-0.0079849522516
64.0,21.0,0.0,0.0,0.0,0.0,0.0,0.0,0.27993737221,-0.00799743637997
64.0,21.5,0.0,0.0,0.0,0.0,0.0,0.0,0.279853966085,-0.00800989263181
64.0,22.0,0.0,0.0,0.0,0.0,0.0,0.0,0.279770899463,-0.00802232116243
64.0,22.5,0.0,0.0,0.0,0.0,0.0,0.0,0.279688169768,-0.00803472212585
64.0,23.0,0.0,0.0,0.0,0.0,0.0,0.0,0.279605774454,-0.00804709567476
64.0,23.5,0.0,0.0,0.0,0.0,0.0,0.0,0.279523711001,-0.00805944196056
64.0,24.0,0.0,0.0,0.0,0.0,0.0,0.0,0.279441976918,-0.00807176113338
65.0,0.5,0.0,0.0,0.0,0.0,0.0,0.0,0.27936056974,-0.00808405334208
65.0,1.0,0.0,0.0,0.0,0.0,0.0,0.0,0.279279487029,-0.00809631873425
65.0,1.5,0.0,0.0,0.0,0.0,0.0,0.0,0.279198726372,-0.00810855745626
65.0,2.0,0.0,0.0,0.0,0.0,0.0,0.0,0.279118285383,-0.00812076965327
65.0,2.5,0.0,0.0,0.0,0.0,0.0,0.0,0.279038161701,-0.0081329554692
65.0,3.0,0.0,0.0,0.0,0.0,0.0,0.0,0.278958352989,-0.00814511504679
65.0,3.5,0.0,0.0,0.0,0.0,0.0,0.0,0.278878856937,-0.00815724852758
65.0,4.0,0.0,0.0,0.0,0.0,0.0,0.0,0.278799671257,-0.00816935605196
65.0,4.5,0.0,0.0,0.0,0.0,0.0,0.0,0.278720793686,-0.00818143775914
65.0,5.0,0.0,0.0,0.0,0.0,0.0,0.0,0.278642221985,-0.00819349378719
65.0,5.5,0.0,0.0,0.0,0.0,0.0,0.0,0.278563953939,-0.00820552427306
65.0,6.0,0.0,0.0,0.0,0.0,0.0,0.0,0.278485987354,-0.00821752935255
65.0,6.5,0.0,0.0,0.0,0.0,0.0,0.0,0.278408320061,-0.00822950916037
65.0,7.0,0.0,0.0,0.0,0.0,0.0,0.0,0.278330949913,-0.00824146383013
65.0,7.5,0.0,0.0,0.0,0.0,0.0,0.0,0.278253874783,-0.00825339349434
65.0,8.0,0.0,0.0,0.0,0.0,0.0,0.0,0.278177092569,-0.00826529828446
65,8.5,1.4685833343190149,0.05897138471180135,16.12500772604029,True,0.04918386462808306,0.04818465306779653,0.27810060118851593,-0.0082771783308486
65,9.0,1.8286273540237674,0.07852644314002984,16.003023030779833,True,0.0582501346418133,0.07088295871258118,0.2780203320151989,-0.008289666998606816
65,9.5,2.0432535306309623,0.09011015779640144,15.944399343375311,True,0.06359390976500447,0.05838670226430963,0.27793874606259167,-0.008302383550539295
65,10.0,2.2430673351076185,0.10033224284056713,15.919654333853165,True,0.06914339223476744,0.07235871934804036,0.2778574794558642,-0.008315073440070883
65,10.5,2.4743492886430554,0.11548643760974983,15.84230998994184,True,0.0740530487441762,0.09507516987760345,0.27777557740087583,-0.008327885944244185
65,11.0,2.5858933536994133,0.12598275139197268,15.743710901415362,False,0.07462289667115109,0.06708763968884325,0.2776925188954308,-0.008340903390438142
65,11.5,2.6770187561925685,0.12898250918734597,15.765392173956354,False,0.07786506001958315,0.0663769192956246,0.27761040296121864,-0.008353796950590592
65,12.0,2.5195490572514085,0.0955559125745988,16.21958301763363,False,0.08788096437389761,0.05998990730580343,0.278321543270409,-0.008242918686026812
65,12.5,2.5421329700806568,0.0753797959610688,16.640851679183843,False,0.10876032279652191,0.10208856600419929,0.2798245456263708,-0.008014291931684157
65,13.0,2.288688932182958,0.0669270073813456,16.64206932889115,False,0.09798137453239542,0.04858789412281251,0.2805282408866587,-0.007909851179927978
65,13.5,2.274131677281494,0.07296494636347349,16.496333039422883,False,0.09027683661646096,0.04287357213630295,0.28043887069148626,-0.007923025003758024
65,14.0,2.244967840788151,0.07259813017246264,16.48537229958538,False,0.08863425216592045,0.04325458561984681,0.28034988969811037,-0.007936167436061433
65.0,14.5,0.0,0.0,0.0,0.0,0.0,0.0,0.280261305272,-0.00794927710465
65.0,15.0,0.0,0.0,0.0,0.0,0.0,0.0,0.280177510263,-0.00796170173805
65.0,15.5,0.0,0.0,0.0,0.0,0.0,0.000134501528847,0.280094103854,-0.00797409173616
65.0,16.0,0.0,0.0,0.0,0.0,0.0,0.0,0.280011076805,-0.00798644820373
65.0,16.5,0.0,0.0,0.0,0.0,0.0,0.0,0.279928435268,-0.0079987699592
65.0,17.0,0.0,0.0,0.0,0.0,0.0,0.0,0.279846170153,-0.00801105809284
65.0,17.5,0.0,0.0,0.0,0.0,0.0,0.0,0.279764277551,-0.00802331292966
65.0,18.0,0.0,0.0,0.0,0.0,0.0,0.0,0.279682753619,-0.00803553478858
65.0,18.5,0.0,0.0,0.0,0.0,0.0,0.0,0.279601594587,-0.00804772398256
65.0,19.0,0.0,0.0,0.0,0.0,0.0,0.0,0.27952079675,-0.00805988081878
65.0,19.5,0.0,0.0,0.0,0.0,0.0,0.0,0.279440356467,-0.00807200559877
65.0,20.0,0.0,0.0,0.0,0.0,0.0,0.0,0.279360270162,-0.00808409861858
65.0,20.5,0.0,0.0,0.0,0.0,0.0,0.0,0.279280534322,-0.00809616016892
65.0,21.0,0.0,0.0,0.0,0.0,0.0,0.0,0.279201145492,-0.00810819053528
65.0,21.5,0.0,0.0,0.0,0.0,0.0,0.0,0.279122100277,-0.00812018999809
65.0,22.0,0.0,0.0,0.0,0.0,0.0,0.0,0.279043395341,-0.00813215883283
65.0,22.5,0.0,0.0,0.0,0.0,0.0,0.0,0.278965027402,-0.00814409731017
65.0,23.0,0.0,0.0,0.0,0.0,0.0,0.0,0.278886993233,-0.00815600569608
65.0,23.5,0.0,0.0,0.0,0.0,0.0,0.0,0.278809289661,-0.00816788425195
65.0,24.0,0.0,0.0,0.0,0.0,0.0,0.0,0.278731913565,-0.00817973323471
66.0,0.5,0.0,0.0,0.0,0.0,0.0,0.0,0.278654861874,-0.00819155289694
66.0,1.0,0.0,0.0,0.0,0.0,0.0,0.0,0.278578131567,-0.00820334348697
66.0,1.5,0.0,0.0,0.0,0.0,0.0,0.0,0.278501719674,-0.008215105249
66.0,2.0,0.0,0.0,0.0,0.0,0.0,0.0,0.278425623268,-0.00822683842316
66.0,2.5,0.0,0.0,0.0,0.0,0.0,0.0,0.27834983947,-0.00823854324567
66.0,3.0,0.0,0.0,0.0,0.0,0.0,0.0,0.278274365449,-0.00825021994889
66.0,3.5,0.0,0.0,0.0,0.0,0.0,0.0,0.278199198413,-0.00826186876141
66.0,4.0,0.0,0.0,0.0,0.0,0.0,0.0,0.278124335617,-0.00827348990817
66.0,4.5,0.0,0.0,0.0,0.0,0.0,0.0,0.278842838947,-0.00816275304112
66.0,5.0,0.0,0.0,0.0,0.0,0.0,0.0,0.280351716943,-0.00793589729219
66.0,5.5,0.0,0.0,0.0,0.0,0.0,0.0,0.280269348504,-0.00794808571691
66.0,6.0,0.0,0.0,0.0,0.0,0.0,0.0,0.280187374052,-0.00796023799225
66.0,6.5,0.0,0.0,0.0,0.0,0.0,0.0,0.280898614305,-0.00785553285707
66.0,7.0,0.0,0.0,0.0,0.0,0.0,0.0,0.280814456094,-0.00786783623365
66.0,7.5,0.0,0.0,0.0,0.0,0.0,0.0,0.280730716721,-0.0078801011736
66.0,8.0,0.0,0.0,0.0,0.0,0.0,0.0,0.28064739107,-0.00789232813596
66,8.5,2.658927622527156,0.20691842862883889,14.660551187146952,False,0.055083799785015104,0.11564242235791321,0.28056447413172153,-0.007904517569725255
66,9.0,3.05318461888073,0.24928538374068357,14.535295022374394,False,0.06125315292565077,0.15332530076588002,0.2804697198351228,-0.00791847466082204
66,9.5,7.113043939961196,0.5494958096950744,29.351028192696113,False,0.14793423398667588,0.49838523912250465,0.2803723266594571,-0.007932851064649232
66,10.0,7.9975511495165446,0.7437390279322996,28.39351611021806,False,0.147824875633205,0.6900799160635873,0.2802508398122069,-0.007950827598699866
66,10.5,8.579544113974,0.8492436474865782,28.088003164018485,False,0.15314592465944932,1.2701224545310956,0.2801150963414645,-0.00797097114610847
66,11.0,8.555674158881576,0.8615847631613972,27.982397085829277,False,0.15093132512683288,1.2003484679062753,0.2799537215786605,-0.007994997396723486
66,11.5,8.551798352315217,0.9005479971442637,27.779917018271398,False,0.1475498858789548,1.7248593557456733,0.27979490715661304,-0.008018726742404236
66,12.0,8.714861208663809,0.9118605621073558,27.770792256698737,False,0.15021465664337158,1.2059276806773995,0.27961508535361185,-0.00804569629199308
66,12.5,7.845047735261444,0.7863859749045927,27.959783477943894,False,0.13804892004514724,0.5325630933807552,0.27945489985614697,-0.008069811862223428
66,13.0,8.24744574851541,0.8164924718423467,28.053943230291665,False,0.1466574311872582,0.8735759592305491,0.279325398287365,-0.00808937101154526
66,13.5,8.180718976599895,0.8060386980753302,28.07276627605764,False,0.14577760970951353,0.8081163964174816,0.2791821766983051,-0.008111068166184272
66,14.0,7.655750389805746,0.7238599217388778,28.28703505103988,False,0.13977775274027965,0.6229327995474723,0.2790421959540777,-0.008132341388832627
66,14.5,7.7179665514611955,0.7493192429366045,28.140191859186583,False,0.13857817263664363,0.6283556015089068,0.27891271760977576,-0.00815207774272888
66,15.0,7.177662224629735,0.6945187858757967,28.177394126720046,False,0.12942029720534132,0.740281417298125,0.27878241945076193,-0.00817199670033329
66,15.5,6.7859867722559715,0.6595356896038163,28.130322404922428,False,0.12170864529698815,0.547248237300585,0.2786503017692437,-0.008192253050563966
66,16.0,7.849499244511611,0.7622952099782629,28.14204481695384,False,0.14096935952552184,0.7878860285011824,0.27852718196831344,-0.008211183714080974
66,16.5,6.86184923843974,0.6520667821631766,28.224329067464563,False,0.12438760053547822,0.4266698816276085,0.2783913712930846,-0.008232126191903945
66,17.0,5.291244738101849,0.47916041029358275,28.455322371943048,False,0.09850956262193422,0.18474307849959454,0.2782737893804527,-0.008250309149087672
66.0,17.5,0.0,0.0,0.0,0.0,0.0,0.0,0.278172284325,-0.00826604446486
66.0,18.0,0.0,0.0,0.0,0.0,0.0,0.0,0.278096304891,-0.00827784620167
66.0,18.5,0.0,0.0,0.0,0.0,0.0,0.0,0.278020652594,-0.00828961707677
66.0,19.0,0.0,0.0,0.0,0.0,0.0,0.0,0.277945324116,-0.00830135738854
66.0,19.5,0.0,0.0,0.0,0.0,0.0,0.0,0.277870316196,-0.00831306742983
66.0,20.0,0.0,0.0,0.0,0.0,0.0,0.0,0.277795625632,-0.00832474748808
66.0,20.5,0.0,0.0,0.0,0.0,0.0,0.0,0.277721249276,-0.00833639784548
66.0,21.0,0.0,0.0,0.0,0.0,0.0,0.0,0.277647184037,-0.00834801877908
66.0,21.5,0.0,0.0,0.0,0.0,0.0,0.0,0.277573426877,-0.00835961056095
66.0,22.0,0.0,0.0,0.0,0.0,0.0,0.0,0.277499974808,-0.00837117345829
66.0,22.5,0.0,0.0,0.0,0.0,0.0,0.0,0.277426824894,-0.00838270773353
66.0,23.0,0.0,0.0,0.0,0.0,0.0,0.0,0.277353974249,-0.00839421364449
66.0,23.5,0.0,0.0,0.0,0.0,0.0,0.0,0.277281420035,-0.00840569144449
66.0,24.0,0.0,0.0,0.0,0.0,0.0,0.0,0.27720915946,-0.0084171413824
67.0,0.5,0.0,0.0,0.0,0.0,0.0,0.0,0.277137189779,-0.00842856370285
67.0,1.0,0.0,0.0,0.0,0.0,0.0,0.0,0.277065508292,-0.00843995864625
67.0,1.5,0.0,0.0,0.0,0.0,0.0,0.0,0.276994112343,-0.00845132644892
67.0,2.0,0.0,0.0,0.0,0.0,0.0,0.0,0.276922999318,-0.00846266734319
67.0,2.5,0.0,0.0,0.0,0.0,0.0,0.0,0.276852166645,-0.00847398155752
67.0,3.0,0.0,0.0,0.0,0.0,0.0,0.0,0.276781611794,-0.00848526931654
67.0,3.5,0.0,0.0,0.0,0.0,0.0,0.0,0.276711332274,-0.00849653084118
67.0,4.0,0.0,0.0,0.0,0.0,0.0,0.0,0.276641325632,-0.00850776634875
67.0,4.5,0.0,0.0,0.0,0.0,0.0,0.0,0.276571589455,-0.008518976053
67.0,5.0,0.0,0.0,0.0,0.0,0.0,0.0,0.276502121367,-0.00853016016425
67.0,5.5,0.0,0.0,0.0,0.0,0.0,0.0,0.276432919027,-0.00854131888943
67.0,6.0,0.0,0.0,0.0,0.0,0.0,0.0,0.276363980132,-0.00855245243217
67.0,6.5,0.0,0.0,0.0,0.0,0.0,0.0,0.276295302411,-0.00856356099287
67.0,7.0,0.0,0.0,0.0,0.0,0.0,0.0,0.276226883629,-0.0085746447688
67.0,7.5,0.0,0.0,0.0,0.0,0.0,0.0290311471994,0.276158721584,-0.00858570395412
67,8.0,2.3468529257829465,0.058519491180333214,33.78034594569115,True,0.11595591715572084,0.18894746491471318,0.27608971237603225,-0.008596917907572532
67,8.5,2.968216573930231,0.07868067135549173,33.78034591857529,True,0.14665694273622487,0.3993504485366165,0.27601266597032154,-0.008609458525526774
67,9.0,4.089466839350925,0.13748008588986216,32.98607245257559,True,0.16207402531386367,0.4498225627841086,0.27592711999003006,-0.008623408138844707
67,9.5,5.269545039643525,0.2476437470503011,31.687559576862427,True,0.15779575107684757,0.5425813323649671,0.2758376754087247,-0.008638022288703966
67,10.0,6.50192679841593,0.39228631007307035,30.623891494329513,True,0.16221934129520055,0.7557512568758715,0.2757407761336328,-0.008653887757647616
67,10.5,7.490115979812751,0.5486353296117088,29.669413867368423,True,0.16254218684557803,0.8582099363857146,0.2756305420784785,-0.00867197878591592
67,11.0,8.166569160823641,0.6710083273125367,29.0927058541171,False,0.16429638458178303,0.9745083389231071,0.27551072848210556,-0.008691693087135695
67,11.5,8.571707990787438,0.7432679408325542,28.795659136767068,False,0.16620340964341163,0.9590809924351349,0.27538209755629134,-0.008712917672391365
67,12.0,8.508881821637704,0.7978143146984078,28.3843832146688,False,0.15710947396752645,1.0312527793145605,0.27525154815464875,-0.00873452198527011
67,12.5,8.4569285937955,0.8203533111147772,28.21490289317662,False,0.15313778226359545,1.0471243042435012,0.2751164262058096,-0.008756950251767173
67,13.0,8.544919623537186,0.847443878566313,28.09716966088551,False,0.15268491827430913,0.9841183830864938,0.2749800811013258,-0.008779651131322811
67,13.5,8.57014448053404,0.8101287730692389,28.297251675867397,False,0.15665633999732154,0.6755614641758779,0.27484533165137703,-0.008802155264194096
67,14.0,8.483662869992584,0.8408489254772479,28.083731761973205,False,0.15136188676762347,0.767890203278565,0.2747239388681734,-0.008822487605628733
67,14.5,8.370074077710523,0.8254582369755833,28.089834691098623,False,0.14943756977238898,0.6422342275317461,0.27459810542407703,-0.008843622818351065
67,15.0,8.167183042771764,0.8343805582059332,27.866935514899417,False,0.142256467660198,0.5015457319187725,0.274477851953521,-0.008863877204543354
67,15.5,7.6511108664213126,0.788909460614747,27.78220148022529,False,0.132042439218714,0.34575322365770317,0.2743628245078172,-0.008883303107101963
67,16.0,7.165430090366078,0.7421596818408891,27.73447099322953,False,0.12302356164274866,0.24814496825576438,0.27425565877977615,-0.008901446977349098
67,16.5,6.962042002991163,0.7241926216722758,27.68666803874714,False,0.11891805710156025,0.1998429972031897,0.27415419349762815,-0.008918666431430678
67,17.0,3.014552290283997,0.2986650875907404,13.958032171626439,False,0.052791624237620516,0.023837920551170767,0.27405546350196447,-0.008935459796923695
67.0,17.5,0.0,0.0,0.0,0.0,0.0,0.0,0.273979780355,-0.00894835854911
67.0,18.0,0.0,0.0,0.0,0.0,0.0,0.0,0.273916553255,-0.00895915141664
67.0,18.5,0.0,0.0,0.0,0.0,0.0,0.0,0.273853541608,-0.00896992294064
67.0,19.0,0.0,0.0,0.0,0.0,0.0,0.0,0.273790743815,-0.00898067326266
67.0,19.5,0.0,0.0,0.0,0.0,0.0,0.0,0.273728158296,-0.00899140252235
67.0,20.0,0.0,0.0,0.0,0.0,0.0,0.0,0.273665783492,-0.00900211085753
67.0,20.5,0.0,0.0,0.0,0.0,0.0,0.0,0.273603617863,-0.00901279840419
67.0,21.0,0.0,0.0,0.0,0.0,0.0,0.0,0.273541659888,-0.00902346529658
67.0,21.5,0.0,0.0,0.0,0.0,0.0,0.0,0.273479908066,-0.00903411166721
67.0,22.0,0.0,0.0,0.0,0.0,0.0,0.0,0.273418360913,-0.00904473764686
67.0,22.5,0.0,0.0,0.0,0.0,0.0,0.0,0.273357016965,-0.00905534336468
67.0,23.0,0.0,0.0,0.0,0.0,0.0,0.0,0.273295874776,-0.00906592894814
67.0,23.5,0.0,0.0,0.0,0.0,0.0,0.0,0.273234932916,-0.00907649452314
67.0,24.0,0.0,0.0,0.0,0.0,0.0,0.0,0.273174189973,-0.00908704021399
68.0,0.5,0.0,0.0,0.0,0.0,0.0,0.0,0.273113644552,-0.00909756614344
68.0,1.0,0.0,0.0,0.0,0.0,0.0,0.0,0.273053295276,-0.00910807243273
68.0,1.5,0.0,0.0,0.0,0.0,0.0,0.0,0.272993140782,-0.00911855920163
68.0,2.0,0.0,0.0,0.0,0.0,0.0,0.0,0.272933179725,-0.00912902656843
68.0,2.5,0.0,0.0,0.0,0.0,0.0,0.0,0.272873410774,-0.00913947464997
68.0,3.0,0.0,0.0,0.0,0.0,0.0,0.0,0.272813832616,-0.00914990356171
68.0,3.5,0.0,0.0,0.0,0.0,0.0,0.0,0.272754443952,-0.00916031341772
68.0,4.0,0.0,0.0,0.0,0.0,0.0,0.0,0.272695243497,-0.00917070433069
68.0,4.5,0.0,0.0,0.0,0.0,0.0,0.0,0.272636229982,-0.00918107641201
68.0,5.0,0.0,0.0,0.0,0.0,0.0,0.0,0.272577402152,-0.00919142977175
68.0,5.5,0.0,0.0,0.0,0.0,0.0,0.0,0.272518758767,-0.00920176451866
68.0,6.0,0.0,0.0,0.0,0.0,0.0,0.0,0.273253918592,-0.00907320137756
68.0,6.5,0.0,0.0,0.0,0.0,0.0,0.0,0.274780479828,-0.00881301048286
68.0,7.0,0.0,0.0,0.0,0.0,0.0,0.0,0.276302355376,-0.00856241939015
68.0,7.5,0.0,0.0,0.0,0.0,0.0,0.0,0.276232882054,-0.00857367234653
68,8.0,1.5417800299843032,0.05838530990866737,16.204038904857953,False,0.053412652846454925,0.030205543015788622,0.27616370178627253,-0.008584895348804014
68,8.5,1.8877071798705656,0.07331591519957313,16.20494911330491,True,0.06542271569906498,0.15608969908311293,0.2760914494773859,-0.008596635415647196
68,9.0,4.946095599309336,0.20731456018538835,32.09588123338616,False,0.16044189534639508,0.3187611484098309,0.2760141402099601,-0.008609218363400771
68,9.5,5.667201655481691,0.2685625445928259,31.748370953718414,True,0.17166860659675576,0.6383560301588723,0.2759258563145209,-0.008623614402702756
68,10.0,6.268939005670496,0.3391274097050115,31.229779571775378,True,0.1728295096774357,0.8208166166705099,0.27582340052456567,-0.00864035735968396
68,10.5,6.608927337178255,0.4196857710460686,30.528835903582042,True,0.1624668727481997,1.1187293124500706,0.27571162064245136,-0.008658668224818743
68,11.0,6.9718978174090225,0.527878900345691,29.66416873668121,True,0.1511882138288012,1.2558928969430314,0.2755857532026429,-0.008679342170070756
68,11.5,7.626866555005359,0.6393097735720148,29.159736387920358,False,0.15475038524906637,1.2783092499293893,0.2754508471260274,-0.008701566062741964
68,12.0,7.994815240736659,0.7370799444897048,28.617093961047008,False,0.15171554777438248,1.2799903480936026,0.2753111314786533,-0.008724653773122908
68,12.5,8.408051667516407,0.8815205233831779,27.888510947963894,False,0.146798720368014,1.243184159524412,0.2751679089191784,-0.008748396792409026
68,13.0,8.530222270999227,0.9315635667968984,27.650442589688865,False,0.145139475969473,1.1842828074574532,0.2750208662784235,-0.008772853230724674
68,13.5,8.491974782119426,0.9020911904388151,27.79363889044302,False,0.1467360912132819,1.008568167065899,0.2748744218731373,-0.008797291175197128
68,14.0,8.177024594044063,0.7931877087699567,28.25842488174927,False,0.14880648769494437,0.7146357858308292,0.27473602383637735,-0.0088204609616989
68,14.5,8.236452112681853,0.7246440124882301,28.723369264274844,False,0.1583079973523488,0.40911666677351105,0.2746131704431644,-0.008841089294140105
68,15.0,7.811104487914384,0.7015916722903037,28.63497601293981,False,0.1485461884445543,0.4305783585025628,0.27450476731097795,-0.008859339032977545
68,15.5,7.823040444649718,0.8039909527991634,27.888510967617073,False,0.1365848322624567,0.4270877534315105,0.2743966767340435,-0.008877580860491145
68,16.0,6.194759293151045,0.6074722023228291,28.11555813995938,False,0.11092017310173585,0.1781444720533868,0.2742850824019507,-0.008896460968812692
68,16.5,4.495451913214542,0.42142382426874264,28.340285071270934,False,0.0825821161583798,0.054110403364542585,0.27419064082800454,-0.008912476469801853
68,17.0,4.45125840873456,0.3744004729265062,28.907825871355364,False,0.08750519184964385,0.06410963613735567,0.27410821207459474,-0.008926482906132658
68.0,17.5,0.0,0.0,0.0,0.0,0.0,0.0,0.27402743134,-0.00894023476077
68.0,18.0,0.0,0.0,0.0,0.0,0.0,0.0,0.277136751567,-0.00842863330803
68.0,18.5,0.0,0.0,0.0,0.0,0.0,0.0,0.277063132965,-0.00844033655743
68.0,19.0,0.0,0.0,0.0,0.0,0.0,0.0,0.276989861339,-0.00845200387737
68.0,19.5,0.0,0.0,0.0,0.0,0.0,0.0,0.277710052911,-0.00833815333271
68.0,20.0,0.0,0.0,0.0,0.0,0.0,0.0,0.284768483217,-0.00731375726746
68.0,20.5,0.0,0.0,0.0,0.0,0.0,0.0,0.28624940404,-0.00711828677196
68.0,21.0,0.0,0.0,0.0,0.0,0.0,0.0,0.286139628515,-0.00713256096636
68.0,21.5,0.0,0.0,0.0,0.0,0.0,0.0,0.288406115996,-0.00684463138234
68.0,22.0,0.0,0.0,0.0,0.0,0.0,0.0,0.289869251506,-0.00666610542673
68.0,22.5,0.0,0.0,0.0,0.0,0.0,0.0,0.289742076604,-0.00668140084382
68.0,23.0,0.0,0.0,0.0,0.0,0.0,0.0,0.291989795655,-0.00641711058751
68.0,23.5,0.0,0.0,0.0,0.0,0.0,0.0,0.295014465439,-0.0060808532102
68.0,24.0,0.0,0.0,0.0,0.0,0.0,0.0,0.294857985571,-0.00609772625846
69.0,0.5,0.0,0.0,0.0,0.0,0.0,0.0,0.294703569353,-0.00611443149878
69.0,1.0,0.0,0.0,0.0,0.0,0.0,0.0,0.294551144024,-0.00613097486371
69.0,1.5,0.0,0.0,0.0,0.0,0.0,0.0,0.294400640606,-0.00614736198777
69.0,2.0,0.0,0.0,0.0,0.0,0.0,0.0,0.294251993648,-0.00616359822719
69.0,2.5,0.0,0.0,0.0,0.0,0.0,0.0,0.294105140985,-0.0061796886781
69.0,3.0,0.0,0.0,0.0,0.0,0.0,0.0,0.293960023526,-0.00619563819321
69.0,3.5,0.0,0.0,0.0,0.0,0.0,0.0,0.293816585054,-0.00621145139716
69.0,4.0,0.0,0.0,0.0,0.0,0.0,0.0,0.293674772038,-0.00622713270069
69.0,4.5,0.0,0.0,0.0,0.0,0.0,0.0,0.293534533473,-0.00624268631371
69.0,5.0,0.0,0.0,0.0,0.0,0.0,0.0,0.293395820717,-0.00625811625741
69.0,5.5,0.0,0.0,0.0,0.0,0.0,0.0,0.293258587349,-0.00627342637537
69.0,6.0,0.0,0.0,0.0,0.0,0.0,0.0,0.293122789038,-0.00628862034401
69.0,6.5,0.0,0.0,0.0,0.0,0.0,0.0,0.292988383418,-0.00630370168212
69.0,7.0,0.0,0.0,0.0,0.0,0.0,0.0,0.292855329974,-0.00631867375981
69,7.5,0.30786330642950765,0.01102481631271866,16.317156216512114,True,0.011218156209847284,0.076483236873249,0.29272358993456515,-0.006333539806809689
69,8.0,1.900054779061698,0.07741321352943376,32.174597566688504,True,0.06263957806459913,0.33582697692545677,0.29258980525111583,-0.0063486792467669214
69,8.5,2.743380460024965,0.13143041017157311,31.581805841992107,True,0.08054669495300273,0.6338524967331837,0.2924448997627448,-0.006365125817088432
69,9.0,3.4322649372371212,0.18687138108830065,31.069955784031134,True,0.09207444770326112,0.9586297146632587,0.29228784088514836,-0.006383009142619165
69,9.5,4.129179975361549,0.25047212100297905,30.602935575970086,True,0.10268318715956554,1.2431953986723823,0.2921175266514905,-0.006402469474477262
69,10.0,4.519188521003615,0.2887060461789164,30.37115646352747,True,0.10845234406045451,1.5112359693943473,0.29193514203157533,-0.006423387420840358
69,10.5,5.051708175220894,0.3421455085806773,30.062628477013384,True,0.1158402683422172,1.3228464250925989,0.2917422466759858,-0.006445599523542022
69,11.0,5.309738669097131,0.38860428157226184,29.654569616337632,True,0.11499319835459887,1.1804489687682376,0.29155555607178896,-0.0064671843439363975
69,11.5,5.879331386164379,0.5073248041090208,28.86697095482173,True,0.11499841911280848,2.0194877689131934,0.2913735618980143,-0.006488309121795501
69,12.0,6.501547564034784,0.5970036770022331,28.540197802494994,True,0.1222567339654793,2.089955109038733,0.291156249595382,-0.0065136412080085415
69,12.5,6.761173035715167,0.6371460086447794,28.34480464326257,True,0.12426860713516996,1.504040044874846,0.2909338627811176,-0.006539686926228024
69,13.0,7.331389001633544,0.7143524726974199,28.230623700096068,True,0.13299454020474782,2.3548270028477876,0.29073316625448953,-0.006563298887023719
69,13.5,7.909365078397242,0.813097901068021,27.937281507349724,True,0.1388351351694911,2.519259995898902,0.29049820681651856,-0.006591071075457372
69,14.0,8.137716187118654,0.854124757009065,27.79822181449494,True,0.14068475373953165,2.3751986853763283,0.29025419122050977,-0.006620062048791783
69,14.5,8.374962205953967,0.9328210505831012,27.450509621690493,False,0.13951436149931615,2.1046904821112116,0.2900149951541601,-0.006648628004166823
69,15.0,8.387145789287061,0.964019362174855,27.25113025278082,False,0.13685988773365543,1.8747502902852258,0.2897839664802306,-0.006676358104396644
69,15.5,8.307228360135209,0.9694649716082393,27.14779093838351,False,0.13413397183408166,1.5829957281928804,0.28956134775424225,-0.006703209232001669
69,16.0,8.062335128277471,0.9296943518924378,27.19338393417389,False,0.13078499701654983,1.243851076611086,0.28935044247182534,-0.00672876631460597
69,16.5,7.548305933742716,0.8601767409604618,27.23484891006526,False,0.12296648976656083,0.8750353649802124,0.28915474610013453,-0.006752584315674269
69,17.0,6.475055649654291,0.725125852221734,27.314241848703496,False,0.10634721418494786,0.4915172961683829,0.2889764953128395,-0.006774366498230621
69.0,17.5,0.0,0.0,0.0,0.0,0.0,0.0,0.288818717478,-0.00679371677122
69.0,18.0,0.0,0.0,0.0,0.0,0.0,0.0,0.288707887542,-0.00680734861813
69.0,18.5,0.0,0.0,0.0,0.0,0.0,0.0,0.288597817636,-0.00682091925083
69.0,19.0,0.0,0.0,0.0,0.0,0.0,0.0,0.288488492016,-0.00683443003887
69.0,19.5,0.0,0.0,0.0,0.0,0.0,0.0,0.288379895493,-0.0068478823026
69.0,20.0,0.0,0.0,0.0,0.0,0.0,0.0,0.288272013406,-0.00686127731529
69.0,20.5,0.0,0.0,0.0,0.0,0.0,0.0,0.288164831602,-0.00687461630523
69.0,21.0,0.0,0.0,0.0,0.0,0.0,0.0,0.288058336408,-0.00688790045769
69.0,21.5,0.0,0.0,0.0,0.0,0.0,0.0,0.287952514613,-0.00690113091674
69.0,22.0,0.0,0.0,0.0,0.0,0.0,0.0,0.287847353451,-0.00691430878707
69.0,22.5,0.0,0.0,0.0,0.0,0.0,0.0,0.287742840573,-0.0069274351356
69.0,23.0,0.0,0.0,0.0,0.0,0.0,0.0,0.287638964038,-0.00694051099309
69.0,23.5,0.0,0.0,0.0,0.0,0.0,0.0,0.287535712291,-0.00695353735565
69.0,24.0,0.0,0.0,0.0,0.0,0.0,0.0,0.287433074147,-0.00696651518618
70.0,0.5,0.0,0.0,0.0,0.0,0.0,0.0,0.287331038779,-0.00697944541572
70.0,1.0,0.0,0.0,0.0,0.0,0.0,0.0,0.287229595696,-0.00699232894473
70.0,1.5,0.0,0.0,0.0,0.0,0.0,0.0,0.287128734739,-0.00700516664437
70.0,2.0,0.0,0.0,0.0,0.0,0.0,0.0,0.287028446058,-0.00701795935764
70.0,2.5,0.0,0.0,0.0,0.0,0.0,0.0,0.286928720105,-0.00703070790048
70.0,3.0,0.0,0.0,0.0,0.0,0.0,0.0,0.286829547622,-0.00704341306291
70.0,3.5,0.0,0.0,0.0,0.0,0.0,0.0,0.286730919627,-0.00705607560997
70.0,4.0,0.0,0.0,0.0,0.0,0.0,0.0,0.286632827404,-0.00706869628272
70.0,4.5,0.0,0.0,0.0,0.0,0.0,0.0,0.286535262493,-0.00708127579917
70.0,5.0,0.0,0.0,0.0,0.0,0.0,0.0,0.286438216681,-0.00709381485518
70.0,5.5,0.0,0.0,0.0,0.0,0.0,0.0,0.286341681989,-0.00710631412527
70.0,6.0,0.0,0.0,0.0,0.0,0.0,0.0,0.286245650668,-0.00711877426343
70.0,6.5,0.0,0.0,0.0,0.0,0.0,0.0,0.286150115188,-0.00713119590393
70.0,7.0,0.0,0.0,0.0,0.0,0.0,0.0,0.286055068226,-0.00714357966201
70.0,7.5,0.0,0.0,0.0,0.0,0.0,0.0,0.285960502667,-0.0071559261346
70,8.0,4.335583083732432,0.2517247277207329,30.67397538936236,False,0.1090267051846952,0.23556849658993692,0.28586641158616927,-0.007168235901019976
70,8.5,5.5870105838987625,0.3577418503450066,30.300192385313927,True,0.13265799122836705,0.8639931157212153,0.28575429549715575,-0.007182936805566801
70,9.0,6.233917464334833,0.4226968599875759,30.027204261327007,True,0.14222317203309198,0.9280970393560879,0.28561476857283274,-0.007201282078651279
70,9.5,6.514098438083785,0.4480540624548987,29.9704002681962,True,0.14741442285317818,1.0795924414174642,0.28547079868128333,-0.007220270072493013
70,10.0,7.480537262824514,0.556528662865718,29.646731932990882,True,0.16183358272313125,1.6812007207954915,0.28532056584493937,-0.007240147715014652
70,10.5,8.316211987337867,0.6556636956908184,29.372182473151177,False,0.17343690437629977,1.9305651365693581,0.2851438279544884,-0.007263615834810136
70,11.0,8.73281081341767,0.7431810039373866,29.00415681702529,False,0.17374248983662788,2.104231362214777,0.2849543011921837,-0.007288882906001712
70,11.5,8.816167349091307,0.7820316483647678,28.79565913667045,False,0.17094341932561397,2.2098619576722434,0.2847552934536929,-0.007315526744914277
70,12.0,8.850943682196181,0.808292132191023,28.64739793233603,False,0.1685714578832139,2.2372611356714605,0.28455122799286126,-0.007342968322084124
70,12.5,8.995461782359762,0.8634819199602622,28.375268842567145,False,0.16591824792525695,2.2119751795148783,0.2843455460333579,-0.007370751475708739
70,13.0,8.947884993127559,0.8834431517649319,28.199236509628697,False,0.1617395758950665,1.967572905195706,0.2841391437940737,-0.007398757923349764
70,13.5,9.058394469573678,0.9372784994821362,27.93669033075168,False,0.15899397480125058,1.876649910972571,0.2839416684687037,-0.007425671851033647
70,14.0,8.891725024216306,0.9558628768121414,27.69618933444457,False,0.15203424300195797,1.5397025147739636,0.2837460049520254,-0.007452453973540435
70,14.5,9.008870710672651,1.0074967883143904,27.456363061349307,False,0.15016637634836427,1.4596380400497186,0.28356282270030225,-0.007477632052515143
70,15.0,8.896379928422672,1.0193704062744202,27.293109951576866,False,0.1457972952041273,1.2235693342831293,0.2833811139813392,-0.007502707792219803
70,15.5,8.300561856835579,0.9684485386045161,27.152779633643323,False,0.1340942292411357,0.8407494561655849,0.28320830335406977,-0.007526648602414017
70,16.0,7.36423007091205,0.884179294745974,26.94861591385338,False,0.11655146382025565,0.5204070550167426,0.2830523385203425,-0.007548333813880476
70,16.5,6.600130193773381,0.8055064577717358,26.826388223879093,False,0.10320330150150422,0.3468310986649219,0.2829121095191416,-0.007567894709299662
70,17.0,5.341319828694128,0.6504416749012298,26.805932637661037,False,0.08335224845706894,0.17599810285758075,0.28278182981724176,-0.007586121894803656
70.0,17.5,0.0,0.0,0.0,0.0,0.0,0.0,0.28266429012,-0.0076026115495
70.0,18.0,0.0,0.0,0.0,0.0,0.0,0.0,0.282578481799,-0.00761467657906
70.0,18.5,0.0,0.0,0.0,0.0,0.0,0.0,0.282493037429,-0.00762671311011
70.0,19.0,0.0,0.0,0.0,0.0,0.0,0.0,0.282407953023,-0.00763872146581
70.0,19.5,0.0,0.0,0.0,0.0,0.0,0.0,0.282323224686,-0.00765070196105
70.0,20.0,0.0,0.0,0.0,0.0,0.0,0.0,0.282238848603,-0.00766265490278
70.0,20.5,0.0,0.0,0.0,0.0,0.0,0.0,0.282154821048,-0.00767458059023
70.0,21.0,0.0,0.0,0.0,0.0,0.0,0.0,0.282071138371,-0.00768647931521
70.0,21.5,0.0,0.0,0.0,0.0,0.0,0.0,0.281987797002,-0.0076983513623
70.0,22.0,0.0,0.0,0.0,0.0,0.0,0.0,0.281904793446,-0.0077101970091
70.0,22.5,0.0,0.0,0.0,0.0,0.0,0.0,0.281822124282,-0.00772201652648
70.0,23.0,0.0,0.0,0.0,0.0,0.0,0.0,0.281739786158,-0.00773381017874
70.0,23.5,0.0,0.0,0.0,0.0,0.0,0.0,0.281657775793,-0.00774557822387
70.0,24.0,0.0,0.0,0.0,0.0,0.0,0.0,0.281576089971,-0.00775732091371
71.0,0.5,0.0,0.0,0.0,0.0,0.0,0.0,0.281494725542,-0.00776903849419
71.0,1.0,0.0,0.0,0.0,0.0,0.0,0.0,0.281413679418,-0.00778073120544
71.0,1.5,0.0,0.0,0.0,0.0,0.0,0.0,0.281332948572,-0.00779239928205
71.0,2.0,0.0,0.0,0.0,0.0,0.0,0.0,0.281252530037,-0.0078040429532
71.0,2.5,0.0,0.0,0.0,0.0,0.0,0.0,0.281172420901,-0.00781566244283
71.0,3.0,0.0,0.0,0.0,0.0,0.0,0.0,0.281092618312,-0.00782725796981
71.0,3.5,0.0,0.0,0.0,0.0,0.0,0.0,0.281013119467,-0.00783882974809
71.0,4.0,0.0,0.0,0.0,0.0,0.0,0.0,0.280933921619,-0.00785037798685
71.0,4.5,0.0,0.0,0.0,0.0,0.0,0.0,0.280855022072,-0.00786190289063
71.0,5.0,0.0,0.0,0.0,0.0,0.0,0.0,0.280776418178,-0.00787340465951
71.0,5.5,0.0,0.0,0.0,0.0,0.0,0.0,0.280698107339,-0.0078848834892
71.0,6.0,0.0,0.0,0.0,0.0,0.0,0.0,0.280620087002,-0.0078963395712
71.0,6.5,0.0,0.0,0.0,0.0,0.0,0.0,0.280542354661,-0.00790777309292
71.0,7.0,0.0,0.0,0.0,0.0,0.0,0.0,0.280464907854,-0.00791918423776
71.0,7.5,0.0,0.0,0.0,0.0,0.0,0.0,0.280387744162,-0.00793057318532
71,8.0,1.9126985921208037,0.1274634390010557,15.020286081854014,False,0.04372091605146567,0.06114113102199242,0.2803108612087385,-0.007941940111421407
71,8.5,2.3920021343809337,0.15572665073052172,15.091322289903234,True,0.05581640742026143,0.14331022531293325,0.28022709912370325,-0.00795434619972875
71,9.0,2.5074069109968904,0.16630800929012252,15.049665770673462,True,0.05780293758037114,0.16037348043646557,0.28013942224410104,-0.007967356854616341
71,9.5,6.581145141672819,0.4591105484516943,29.870999607420465,False,0.14685511795578154,0.43090230556670606,0.28005097010095514,-0.007980508254677247
71,10.0,8.619800426401062,0.7659270351611349,28.77498566631464,False,0.166715816707782,0.9377410675228819,0.27994141118937255,-0.007996833766409396
71,10.5,8.7314168136857,0.8552266382961317,28.223226457549927,False,0.15914646399343352,1.1484151274824286,0.27980124354734714,-0.008017778381188122
71,11.0,9.102982226260787,0.9015372869882464,28.22057323911372,False,0.165883198204634,1.3236452995706283,0.2796499592172057,-0.008040457496844637
71,11.5,9.466798216514077,0.9424334980454292,28.138339359826247,False,0.16994338433133027,0.9581580965034031,0.2794905326084487,-0.008064439990913467
71,12.0,8.919335317476497,0.8509970719093557,28.226845756552713,False,0.16173089246115774,0.4243387406397979,0.27934368731654763,-0.008086605322573524
71,12.5,9.13151058689521,0.8977297735914394,28.08068318947789,False,0.16286482373400563,0.46740854489234024,0.2792208315090031,-0.00810520538518874
71,13.0,9.127523485655974,0.9100741319612261,28.011121282157237,False,0.16153390612324947,0.445435141740261,0.27909482674649577,-0.008124335166708175
71,13.5,9.034646073969313,0.9510694497904331,27.700676657136285,False,0.15455250616729754,0.41608471588763823,0.27896944446892663,-0.008143423864431681
71,14.0,9.111989627815358,0.9894883248850284,27.58867955128629,False,0.1540206358778923,0.5259049375931723,0.27884387537969574,-0.008162594584545855
71,14.5,8.833897396735082,0.9910923671212757,27.360963804868433,False,0.1457924370622015,0.39289161850574567,0.27871293381374246,-0.008182642824689893
71,15.0,8.333800916509963,0.9552080299432202,27.19590182279062,False,0.13522336067094515,0.2811332695428968,0.27858723051972817,-0.008201944260685486
71,15.5,2.848969187416739,0.3117402994547277,13.717556180562251,False,0.0473831719880732,0.04050047930429043,0.2784673796902301,-0.008220397601809511
71,16.0,5.502853689993465,0.5472801931401892,27.957410016046246,False,0.09680802862303539,0.0727537128376548,0.2783813280257267,-0.008233677424237163
71,16.5,3.1122902290151053,0.3026355523211774,14.022733914566471,False,0.055290872184512126,0.04287704308542758,0.2782853594112497,-0.008248517829472128
71.0,17.0,0.0,0.0,0.0,0.0,0.0,0.0,0.278200052869,-0.00826173623434
71.0,17.5,0.0,0.0,0.0,0.0,0.0,0.0,0.278128100756,-0.00827290497097
71.0,18.0,0.0,0.0,0.0,0.0,0.0,0.0,0.278056389155,-0.00828405427829
71.0,18.5,0.0,0.0,0.0,0.0,0.0,0.0,0.277984916358,-0.00829518427578
71.0,19.0,0.0,0.0,0.0,0.0,0.0,0.0,0.277913680681,-0.00830629508092
71.0,19.5,0.0,0.0,0.0,0.0,0.0,0.0,0.279428963267,-0.00807372465455
71.0,20.0,0.0,0.0,0.0,0.0,0.0,0.0,0.280938820762,-0.00784966303016
71.0,20.5,0.0,0.0,0.0,0.0,0.0,0.0,0.281650216775,-0.00774666397564
71.0,21.0,0.0,0.0,0.0,0.0,0.0,0.0,0.283944086598,-0.00742534157925
71.0,21.5,0.0,0.0,0.0,0.0,0.0,0.0,0.28543576029,-0.00722490026028
71.0,22.0,0.0,0.0,0.0,0.0,0.0,0.0,0.286128624023,-0.00713399376869
71.0,22.5,0.0,0.0,0.0,0.0,0.0,0.0,0.286026322044,-0.00714733007467
71.0,23.0,0.0,0.0,0.0,0.0,0.0,0.0,0.286716814621,-0.00705788872466
71.0,23.5,0.0,0.0,0.0,0.0,0.0,0.0,0.286612179558,-0.00707135628688
71.0,24.0,0.0,0.0,0.0,0.0,0.0,0.0,0.28650822652,-0.00708476639663
72.0,0.5,0.0,0.0,0.0,0.0,0.0,0.0,0.286404943047,-0.00709812015025
72.0,1.0,0.0,0.0,0.0,0.0,0.0,0.0,0.286302317067,-0.00711141860915
72.0,1.5,0.0,0.0,0.0,0.0,0.0,0.0,0.286200336879,-0.00712466280126
72.0,2.0,0.0,0.0,0.0,0.0,0.0,0.0,0.286891150998,-0.00703551772999
72.0,2.5,0.0,0.0,0.0,0.0,0.0,0.0,0.286786826495,-0.00704889457137
72.0,3.0,0.0,0.0,0.0,0.0,0.0,0.0,0.287475256265,-0.00696117808086
72.0,3.5,0.0,0.0,0.0,0.0,0.0,0.0,0.287368586327,-0.00697468395474
72.0,4.0,0.0,0.0,0.0,0.0,0.0,0.0,0.287262625547,-0.00698813096126
72.0,4.5,0.0,0.0,0.0,0.0,0.0,0.0,0.287157360691,-0.00700152024801
72.0,5.0,0.0,0.0,0.0,0.0,0.0,0.0,0.287052778945,-0.00701485292578
72.0,5.5,0.0,0.0,0.0,0.0,0.0,0.0,0.286948867893,-0.00702813007003
72.0,6.0,0.0,0.0,0.0,0.0,0.0,0.0,0.286845615503,-0.00704135272237
72.0,6.5,0.0,0.0,0.0,0.0,0.0,0.0,0.287535127905,-0.00695361116528
72.0,7.0,0.0,0.0,0.0,0.0,0.0,0.0,0.287429515163,-0.00696696571075
72.0,7.5,0.0,0.0,0.0,0.0,0.0,0.0,0.287324586976,-0.00698026396839
72.0,8.0,0.0,0.0,0.0,0.0,0.0,0.0,0.288012393642,-0.00689364077518
72.0,8.5,0.0,0.0,0.0,0.0,0.0,0.000688087689742,0.29028059786,-0.00661691741118
72.0,9.0,0.0,0.0,0.0,0.0,0.0,0.0,0.29016223954,-0.00663102602898
72.0,9.5,0.0,0.0,0.0,0.0,0.0,0.0,0.291627931054,-0.00645880627637
72,10.0,1.5766657324484463,0.051660580679759156,16.479922383777957,True,0.0620808752144571,0.22079109422218593,0.29150304020659956,-0.006473271643822814
72,10.5,1.7512933734836542,0.054649595448528474,16.547838375774695,True,0.07135581871069778,0.1634188929001515,0.2913688469061579,-0.0064888575010654355
72,11.0,1.7187082188865277,0.04752923698735087,16.68789249275054,False,0.0754404820504503,0.029099147169269285,0.2920291769197829,-0.006412592276594447
72.0,11.5,0.0,0.0,0.0,0.0,0.0,0.00236509792038,0.291900131506,-0.006427412137
72,12.0,1.862523968480948,0.054024471308963755,16.63356807132297,False,0.07937358138404411,0.08180031200056316,0.2917749574344569,-0.006441826409378881
72,12.5,1.7120974344226634,0.05149588252033273,16.58127876854597,True,0.07097458398860916,0.07778420836825507,0.29243715328664266,-0.006366006459802106
72,13.0,1.529460766826624,0.04419828564652452,16.656764943636546,True,0.06599999138828874,0.11817257126609816,0.2923048704004732,-0.006381067205747621
72,13.5,1.4463580824036149,0.03977100917529846,16.747095448425593,True,0.0656302135485858,0.15465522091461625,0.2929637330185922,-0.006306472319791761
72,14.0,1.3409620704280076,0.0353207949412208,16.80767111912249,True,0.06302574480484555,0.13566995018569875,0.29361791732319414,-0.006233432786054273
72,14.5,1.2865957107338455,0.032816358809678384,16.872658760927614,True,0.06288538553399799,0.1688787600148267,0.29347837821491596,-0.006248927370163593
72,15.0,1.182171171878776,0.03035116316836074,16.87121021761902,True,0.057730003802968104,0.20076281812004307,0.2941300021773084,-0.006176961154346943
72,15.5,0.9723115823128052,0.024830828943492814,16.82710394535129,True,0.04622987908541446,0.028718892577355045,0.29398593852023575,-0.006192786343757223
72.0,16.0,0.0,0.0,0.0,0.0,0.0,0.0389655929153,0.293849830918,-0.00620778196927
72.0,16.5,0.0,0.0,0.0,0.0,0.0,0.0110645464291,0.293715461795,-0.00622262851581
72.0,17.0,0.0,0.0,0.0,0.0,0.0,0.0,0.29358330534,-0.00623727186768
72.0,17.5,0.0,0.0,0.0,0.0,0.0,0.0,0.293452692645,-0.00625178452434
72.0,18.0,0.0,0.0,0.0,0.0,0.0,0.0,0.293323175017,-0.00626621525155
72.0,18.5,0.0,0.0,0.0,0.0,0.0,0.0,0.293194724768,-0.00628056626789
72.0,19.0,0.0,0.0,0.0,0.0,0.0,0.0,0.293067315261,-0.00629483971017
72.0,19.5,0.0,0.0,0.0,0.0,0.0,0.0,0.292940920856,-0.00630903763737
72.0,20.0,0.0,0.0,0.0,0.0,0.0,0.0,0.292815516867,-0.00632316203433
72.0,20.5,0.0,0.0,0.0,0.0,0.0,0.0,0.29269107951,-0.00633721481522
72.0,21.0,0.0,0.0,0.0,0.0,0.0,0.0,0.292567585863,-0.00635119782667
72.0,21.5,0.0,0.0,0.0,0.0,0.0,0.0,0.292445013838,-0.00636511284979
72.0,22.0,0.0,0.0,0.0,0.0,0.0,0.0,0.292323342144,-0.00637896160227
72.0,22.5,0.0,0.0,0.0,0.0,0.0,0.0,0.29220255026,-0.00639274574057
72.0,23.0,0.0,0.0,0.0,0.0,0.0,0.0,0.292082618404,-0.00640646686207
72.0,23.5,0.0,0.0,0.0,0.0,0.0,0.0,0.291963527502,-0.00642012650725
72.0,24.0,0.0,0.0,0.0,0.0,0.0,0.0,0.291845259158,-0.00643372616177
73.0,0.5,0.0,0.0,0.0,0.0,0.0,0.0,0.29172779563,-0.00644726725854
73.0,1.0,0.0,0.0,0.0,0.0,0.0,0.0,0.291611119798,-0.00646075117976
73.0,1.5,0.0,0.0,0.0,0.0,0.0,0.0,0.291495215144,-0.00647417925884
73.0,2.0,0.0,0.0,0.0,0.0,0.0,0.0,0.291380065721,-0.00648755278229
73.0,2.5,0.0,0.0,0.0,0.0,0.0,0.0,0.291265656136,-0.00650087299153
73.0,3.0,0.0,0.0,0.0,0.0,0.0,0.0,0.29115197152,-0.00651414108465
73.0,3.5,0.0,0.0,0.0,0.0,0.0,0.0,0.291038997513,-0.00652735821809
73.0,4.0,0.0,0.0,0.0,0.0,0.0,0.0,0.290926720238,-0.00654052550823
73.0,4.5,0.0,0.0,0.0,0.0,0.0,0.0,0.290815126286,-0.006553644033
73.0,5.0,0.0,0.0,0.0,0.0,0.0,0.0,0.290704202692,-0.00656671483332
73.0,5.5,0.0,0.0,0.0,0.0,0.0,0.0,0.29059393692,-0.00657973891456
73.0,6.0,0.0,0.0,0.0,0.0,0.0,0.0,0.290484316845,-0.00659271724788
73.0,6.5,0.0,0.0,0.0,0.0,0.0,0.0,0.290375330737,-0.00660565077159
73.0,7.0,0.0,0.0,0.0,0.0,0.0,0.0,0.290266967244,-0.00661854039237
73,7.5,0.5217627629963708,0.014752183396249724,33.424065203224814,True,0.023211311593964473,0.303407731026695,0.2901592153761796,-0.0066313869865223815
73,8.0,0.7888530257818571,0.026150290942038978,32.93169254820182,True,0.03084597812227552,0.36823431592922135,0.290831956671916,-0.006551663516081985
73,8.5,1.1485280316784114,0.042187381663159405,32.64802468341385,True,0.04198280072747193,0.7399928921493755,0.29070663474903247,-0.006566427916428999
73,9.0,1.782470752039004,0.07297291431790606,32.29540490678189,True,0.06027211113251924,1.058173437477906,0.29056723618906266,-0.006582897308200571
73,9.5,2.3787573717083825,0.10886051713132028,31.814825982874005,True,0.07297986534841526,0.9962183402402252,0.29041522310301676,-0.006600913187887271
73,10.0,2.8730339049040037,0.1502796101524434,31.263629288596317,True,0.07967458127401363,1.203663359130184,0.2902648168895808,-0.0066187964757723665
73,10.5,2.7785462349151815,0.14397392155162056,31.225893626248983,True,0.07655068743399596,0.6342106610431446,0.2901055731532964,-0.006637793495567719
73,11.0,2.8611397135063696,0.16391492327988935,30.845732511173082,True,0.07395694175123535,1.195060539517009,0.2899687758605636,-0.006654164654370072
73,11.5,2.9442577590864714,0.1767777649914913,30.620575470075856,True,0.07341935605082497,1.1545907083365532,0.28981052393837914,-0.006673163443423923
73,12.0,3.029333956625889,0.18789217418177717,30.490162364346183,True,0.07402752730710224,1.311268580140555,0.28965389628454674,-0.006692030905875736
73,12.5,3.5398077035148705,0.23755547675346886,30.11780740104824,True,0.08182181266707766,1.3733392556573687,0.2894914680416893,-0.006711664284044398
73,13.0,3.914469132666774,0.2929369961813063,29.578552471099304,True,0.08390744574142281,1.477339937366545,0.28932535744914667,-0.006731813786951248
73,13.5,4.363357942874899,0.3560051567907447,29.13496136118135,True,0.08825437238090852,1.5658324426445043,0.289153747373018,-0.006752706127099788
73,14.0,4.027417044143004,0.3057065217866222,29.48876162447825,True,0.0852965191082558,1.2491877352307614,0.2889769260279116,-0.006774313764189861
73,14.5,4.1001983182821675,0.3086447090357322,29.548694001551667,True,0.08753640652813124,1.4621942181935186,0.2888145622664375,-0.006794227266207946
73,15.0,3.992621661310879,0.2861954640503881,29.74888683812596,True,0.08759306541793718,0.8879918034336483,0.28864452742487107,-0.006815156419254429
73,15.5,3.5776593947348596,0.23427974445797048,30.149114802639964,True,0.08307465563844488,0.4164833891247959,0.28849765164461566,-0.00683329684137191
73,16.0,3.540723129218035,0.24239969450865484,29.920866459263365,True,0.07956610677724839,0.24404024359778478,0.2883711483332653,-0.006848967218706109
73,16.5,2.4827420275254584,0.17880135855261106,14.828592621871689,False,0.05378798518675188,0.11147802257786887,0.2882513822445647,-0.006863842506300737
73.0,17.0,0.0,0.0,0.0,0.0,0.0,0.0,0.28813955444,-0.00687776659978
73.0,17.5,0.0,0.0,0.0,0.0,0.0,0.0,0.288039229769,-0.00689028704413
73.0,18.0,0.0,0.0,0.0,0.0,0.0,0.0,0.287939385391,-0.00690277451938
73.0,18.5,0.0,0.0,0.0,0.0,0.0,0.0,0.287840014749,-0.00691522952709
73.0,19.0,0.0,0.0,0.0,0.0,0.0,0.0,0.287741111472,-0.00692765255246
73.0,19.5,0.0,0.0,0.0,0.0,0.0,0.0,0.287642669367,-0.00694004406505
73.0,20.0,0.0,0.0,0.0,0.0,0.0,0.0,0.287544682416,-0.0069524045193
73.0,20.5,0.0,0.0,0.0,0.0,0.0,0.0,0.287447144765,-0.0069647343552
73.0,21.0,0.0,0.0,0.0,0.0,0.0,0.0,0.287350050722,-0.00697703399877
73.0,21.5,0.0,0.0,0.0,0.0,0.0,0.0,0.287253394747,-0.00698930386265
73.0,22.0,0.0,0.0,0.0,0.0,0.0,0.0,0.287949502768,-0.00690150791826
73.0,22.5,0.0,0.0,0.0,0.0,0.0,0.0,0.289434603591,-0.006718553941
73.0,23.0,0.0,0.0,0.0,0.0,0.0,0.0,0.290120639982,-0.00663599331461
73.0,23.5,0.0,0.0,0.0,0.0,0.0,0.0,0.291595148147,-0.00646259959525
73.0,24.0,0.0,0.0,0.0,0.0,0.0,0.0,0.292270418883,-0.0063849965649
74.0,0.5,0.0,0.0,0.0,0.0,0.0,0.0,0.292942223331,-0.0063088911355
74.0,1.0,0.0,0.0,0.0,0.0,0.0,0.0,0.292819074616,-0.00632276080206
74.0,1.5,0.0,0.0,0.0,0.0,0.0,0.0,0.293488241803,-0.00624783059982
74.0,2.0,0.0,0.0,0.0,0.0,0.0,0.0,0.29494505837,-0.00608833042243
74.0,2.5,0.0,0.0,0.0,0.0,0.0,0.0,0.294811306738,-0.00610277038291
74.0,3.0,0.0,0.0,0.0,0.0,0.0,0.0,0.295469728913,-0.00603207808982
74.0,3.5,0.0,0.0,0.0,0.0,0.0,0.0,0.296124458141,-0.00596274765227
74.0,4.0,0.0,0.0,0.0,0.0,0.0,0.0,0.296775451874,-0.00589475205606
74.0,4.5,0.0,0.0,0.0,0.0,0.0,0.0,0.297422669255,-0.00582806474763
74.0,5.0,0.0,0.0,0.0,0.0,0.0,0.0,0.29727542201,-0.0058431573302
74.0,5.5,0.0,0.0,0.0,0.0,0.0,0.0,0.297129493789,-0.00585816068139
74.0,6.0,0.0,0.0,0.0,0.0,0.0,0.0,0.296984847347,-0.00587307756755
74.0,6.5,0.0,0.0,0.0,0.0,0.0,0.0,0.296841446984,-0.00588791064436
74.0,7.0,0.0,0.0,0.0,0.0,0.0,0.0,0.296699258462,-0.00590266246264
74.0,7.5,0.0,0.0,0.0,0.0,0.0,0.0,0.296558248928,-0.00591733547374
74,8.0,0.29223784062869873,0.008529724725235378,16.65553452683115,True,0.012602367401530623,0.10774435909368586,0.29641838684177607,-0.005931932034529312
74,8.5,0.38325412876711995,0.012066669675902614,16.547838526526643,True,0.015615551652567413,0.1861439073665228,0.29627522931050937,-0.005946916971384619
74,9.0,0.4921639035144933,0.016502208462445066,16.46476892900698,True,0.019234560562467137,0.3091139135708935,0.2961300503297773,-0.0059621595873422
74,9.5,1.382126452821233,0.05020442947879915,32.6441005205357,True,0.05047614375659797,0.6305189800633046,0.2959810963590315,-0.005977846952225155
74,10.0,1.6845584140743024,0.06650738376354132,32.368285795402485,True,0.05785761981193676,0.7951791044621862,0.29581969920339485,-0.005994900340937554
74,10.5,2.01310100186326,0.08767100898372128,32.03355969007888,True,0.06448171638461961,1.1133635702499856,0.29565244171654403,-0.006012634134052465
74,11.0,2.386087708888657,0.11122941206964554,31.779930534268384,True,0.0727153950384055,1.2453756445717221,0.29547328825187164,-0.006031698596738675
74,11.5,2.4933562104831655,0.11896585312994419,31.664109961214997,True,0.0743350612799793,1.1387360971908675,0.29528918916616465,-0.006051364424268117
74,12.0,2.669839367252525,0.13057329694700187,31.515338027674236,True,0.07743753388003138,0.8440529469386933,0.29510977865222654,-0.006070602954346737
74,12.5,2.765225832144064,0.13572860017209273,31.47215971209436,True,0.07957769707877749,0.6288483312530107,0.2949420238875472,-0.0060886575765637194
74,13.0,2.9876862764146486,0.15324258445732641,31.307043561965795,True,0.0834859475416257,0.8134917394264906,0.2947831322370457,-0.0061058173313243225
74,13.5,3.2425194604855214,0.16911527326530737,31.2129697180996,True,0.08913393638492476,0.6395155124505478,0.29461744003559465,-0.006123772932377327
74,14.0,3.239203187394528,0.16911839149839658,31.18725588405598,True,0.08864887653263093,0.46958930127413095,0.2944585995375784,-0.006141045127737768
74,14.5,1.3980537462559723,0.07153202390455864,15.644281564557101,True,0.03893989128809137,0.26616174465402315,0.29430704044293143,-0.00615757968888957
74,15.0,3.2233102111453196,0.1652772842324946,15.624635225487882,True,0.08916520614691681,0.315199554993648,0.29416771953592485,-0.00617282591753784
74,15.5,3.4108054317515326,0.17653621249648996,31.209101304260756,True,0.09369733277196877,0.3259268726576427,0.2940237773502539,-0.006188625128667817
74,16.0,3.6834436116234093,0.1978665914171242,31.09112579260002,True,0.09916662441443362,0.6822598867679708,0.2938797814075391,-0.006204478471248315
74,16.5,4.0817441920841775,0.22818251042052265,30.907103630115003,True,0.1065708029661369,0.6868609705077275,0.2937222177162744,-0.006221881039622801
74,17.0,4.136778355144049,0.2321246630285687,30.85159111224531,False,0.10703251855274805,0.43126221915180724,0.29356407804284795,-0.006239405732347464
74,17.5,2.2760655330855855,0.11768134322194318,15.561867845405589,False,0.061616878658013546,0.0,0.29341622299131437,-0.006255843928679462
74.0,18.0,0.0,0.0,0.0,0.0,0.0,0.0,0.293289797421,-0.00626994058019
74.0,18.5,0.0,0.0,0.0,0.0,0.0,0.0,0.293168544092,-0.00628349608826
74.0,19.0,0.0,0.0,0.0,0.0,0.0,0.0,0.293047983781,-0.00629700875415
74.0,19.5,0.0,0.0,0.0,0.0,0.0,0.0,0.292928103753,-0.0063104795167
74.0,20.0,0.0,0.0,0.0,0.0,0.0,0.0,0.292808891746,-0.0063239092766
74.0,20.5,0.0,0.0,0.0,0.0,0.0,0.0,0.292690335946,-0.00633729889805
74.0,21.0,0.0,0.0,0.0,0.0,0.0,0.0,0.292572424965,-0.00635064921047
74.0,21.5,0.0,0.0,0.0,0.0,0.0,0.0,0.292455147821,-0.00636396101005
74.0,22.0,0.0,0.0,0.0,0.0,0.0,0.0,0.292338493922,-0.00637723506123
74.0,22.5,0.0,0.0,0.0,0.0,0.0,0.0,0.292222453049,-0.00639047209815
74.0,23.0,0.0,0.0,0.0,0.0,0.0,0.0,0.292107015334,-0.00640367282595
74.0,23.5,0.0,0.0,0.0,0.0,0.0,0.0,0.29199217125,-0.0064168379221
74.0,24.0,0.0,0.0,0.0,0.0,0.0,0.0,0.291877911591,-0.00642996803758
75.0,0.5,0.0,0.0,0.0,0.0,0.0,0.0,0.291764227462,-0.00644306379806
75.0,1.0,0.0,0.0,0.0,0.0,0.0,0.0,0.291651110263,-0.00645612580502
75.0,1.5,0.0,0.0,0.0,0.0,0.0,0.0,0.291538551676,-0.00646915463675
75.0,2.0,0.0,0.0,0.0,0.0,0.0,0.0,0.291426543653,-0.00648215084943
75.0,2.5,0.0,0.0,0.0,0.0,0.0,0.0,0.291315078407,-0.00649511497802
75.0,3.0,0.0,0.0,0.0,0.0,0.0,0.0,0.291204148395,-0.00650804753719
75.0,3.5,0.0,0.0,0.0,0.0,0.0,0.0,0.291093746313,-0.00652094902221
75.0,4.0,0.0,0.0,0.0,0.0,0.0,0.0,0.290983865083,-0.00653381990976
75.0,4.5,0.0,0.0,0.0,0.0,0.0,0.0,0.290874497845,-0.00654666065871
75.0,5.0,0.0,0.0,0.0,0.0,0.0,0.0,0.290765637947,-0.0065594717109
75.0,5.5,0.0,0.0,0.0,0.0,0.0,0.0,0.290657278935,-0.00657225349186
75.0,6.0,0.0,0.0,0.0,0.0,0.0,0.0,0.290549414548,-0.00658500641147
75.0,6.5,0.0,0.0,0.0,0.0,0.0,0.0,0.290442038707,-0.00659773086463
75.0,7.0,0.0,0.0,0.0,0.0,0.0,0.0,0.290335145509,-0.00661042723193
75.0,7.5,0.0,0.0,0.0,0.0,0.0,0.00984200998544,0.290228729221,-0.00662309588016
75,8.0,2.0218974244911823,0.0720932925225583,16.340790114617832,True,0.07448186110547109,0.19674832235931256,0.29012241076539547,-0.006635781780032892
75,8.5,6.383030871091289,0.2732776175303342,32.01896578333081,False,0.20385608444585615,0.6151700177995398,0.29000672920728043,-0.006649617786120231
75,9.0,8.060245147834543,0.45964484633344443,30.90591369469295,False,0.21040492878465905,1.1819179650333889,0.289867994283088,-0.006666256429570967
75,9.5,8.87226112828897,0.5968796346702574,30.163873173491698,False,0.20646215814775637,1.5426755264373688,0.28970113420175375,-0.006686333911456763
75,10.0,9.082154571595641,0.6716062250596302,29.733759420736604,False,0.1988361632316561,1.8959555672024746,0.2895158258736326,-0.006708715681563709
75,10.5,9.225800507340281,0.7367743301952949,29.361592271145184,False,0.19213986473785105,2.197403692225848,0.28931472039796763,-0.006733106533392961
75,11.0,9.286423484570674,0.8065227652163086,28.915550604747654,False,0.18370930921640674,2.4858362870483655,0.2891001428105486,-0.006759247940411646
75,11.5,9.764306331874108,0.8993810753585578,28.549653261625828,False,0.1838159207913589,2.0122885627976244,0.288872408624376,-0.006787124570057394
75,12.0,9.46369516105515,0.8441184755356199,28.628089837460045,False,0.17982598207524417,1.2451872917898412,0.2886595534531433,-0.006813303812730448
75,12.5,9.690327055991652,0.8738667335427535,28.617780508188673,False,0.1839059007075372,1.5678411272708488,0.28847833445452403,-0.006835686958951901
75,13.0,9.559990440687349,0.9788359289066502,28.02790587456125,False,0.17029596858199286,2.836185204401525,0.2882841650672799,-0.006859766963856908
75,13.5,9.509557223748695,1.0499344820788654,27.566210778349934,False,0.1610731906542542,2.5114277098442725,0.2880382976200456,-0.0068904035028444785
75,14.0,9.439573133709796,1.0974446257214476,27.25798978672301,False,0.15491014094177416,2.167830069314336,0.2878024715857177,-0.006919942114154478
75,14.5,9.113292039457672,1.067395988289289,27.180232561287106,False,0.1483710267672313,1.6783573205255715,0.2875782931867674,-0.006948161773001035
75,15.0,8.586762511896847,1.002455960689125,27.192377080348486,False,0.13927781571948478,1.1917533368021893,0.28737423788575583,-0.006973967607271341
75,15.5,8.626945667566558,1.0234368647396657,27.087841848345263,False,0.13845386873275461,1.0894790224855218,0.2871915171907675,-0.0069971723247185735
75,16.0,8.698324294608645,1.0682399382020342,26.850208915472265,False,0.1363310396275721,1.0004787227450576,0.2870122814562317,-0.0070200239001947185
75,16.5,7.736476198969211,0.9422569379835992,26.844125670975984,False,0.12118311934667202,0.6239088713510084,0.28683511931080896,-0.007042698539161252
75,17.0,5.495130900918834,0.6254545471863832,27.186843805889396,False,0.08908110061213652,0.23545267099577946,0.28667742183689876,-0.007062955373673672
75,17.5,3.874391932791139,0.4172372211618534,13.71835137499123,False,0.06444840165759792,0.049751310498873685,0.28654687829639996,-0.007079776719440098
75.0,18.0,0.0,0.0,0.0,0.0,0.0,0.0,0.286431670022,-0.00709466168532
75.0,18.5,0.0,0.0,0.0,0.0,0.0,0.0,0.28633456675,-0.00710723644129
75.0,19.0,0.0,0.0,0.0,0.0,0.0,0.0,0.286237843099,-0.00711978844536
75.0,19.5,0.0,0.0,0.0,0.0,0.0,0.0,0.286141495948,-0.00713231785756
75.0,20.0,0.0,0.0,0.0,0.0,0.0,0.0,0.286045522242,-0.0071448248327
75.0,20.5,0.0,0.0,0.0,0.0,0.0,0.0,0.285949918986,-0.00715730952054
75.0,21.0,0.0,0.0,0.0,0.0,0.0,0.0,0.285854683249,-0.00716977206605
75.0,21.5,0.0,0.0,0.0,0.0,0.0,0.0,0.285759812156,-0.00718221260959
75.0,22.0,0.0,0.0,0.0,0.0,0.0,0.0,0.285665302888,-0.00719463128714
75.0,22.5,0.0,0.0,0.0,0.0,0.0,0.0,0.285571152683,-0.00720702823048
75.0,23.0,0.0,0.0,0.0,0.0,0.0,0.0,0.285477358829,-0.00721940356736
75.0,23.5,0.0,0.0,0.0,0.0,0.0,0.0,0.285383918664,-0.0072317574217
75.0,24.0,0.0,0.0,0.0,0.0,0.0,0.0,0.285290829574,-0.00724408991376
76.0,0.5,0.0,0.0,0.0,0.0,0.0,0.0,0.285198088995,-0.00725640116026
76.0,1.0,0.0,0.0,0.0,0.0,0.0,0.0,0.285105694405,-0.00726869127461
76.0,1.5,0.0,0.0,0.0,0.0,0.0,0.0,0.285013643325,-0.00728096036697
76.0,2.0,0.0,0.0,0.0,0.0,0.0,0.0,0.284921933321,-0.00729320854447
76.0,2.5,0.0,0.0,0.0,0.0,0.0,0.0,0.284830561998,-0.00730543591128
76.0,3.0,0.0,0.0,0.0,0.0,0.0,0.0,0.284739526998,-0.0073176425688
76.0,3.5,0.0,0.0,0.0,0.0,0.0,0.0,0.284648826005,-0.00732982861574
76.0,4.0,0.0,0.0,0.0,0.0,0.0,0.0,0.284558456736,-0.00734199414823
76.0,4.5,0.0,0.0,0.0,0.0,0.0,0.0,0.284468416945,-0.00735413926
76.0,5.0,0.0,0.0,0.0,0.0,0.0,0.0,0.284378704421,-0.00736626404241
76.0,5.5,0.0,0.0,0.0,0.0,0.0,0.0,0.284289316983,-0.0073783685846
76.0,6.0,0.0,0.0,0.0,0.0,0.0,0.0,0.284200252486,-0.00739045297358
76.0,6.5,0.0,0.0,0.0,0.0,0.0,0.0,0.284111508813,-0.0074025172943
76.0,7.0,0.0,0.0,0.0,0.0,0.0,0.0,0.284023083878,-0.00741456162979
76,7.5,1.9842009012907427,0.10128557809616362,15.631160851948657,False,0.05501304718406704,0.06024455231484652,0.28393497562391584,-0.007426586061216394
76,8.0,5.618356608839941,0.2975961737921989,15.527541748304312,False,0.15034181964391355,0.17640319770903323,0.2838410519620479,-0.00743942973529951
76,8.5,7.882157091743876,0.46229198761384394,30.693064270041738,False,0.19881215781592892,0.4382429949881564,0.28373558275919675,-0.007453883772942638
76,9.0,8.574325064376872,0.5955330338600293,29.913440745888536,False,0.19247785911175083,0.5530324832814341,0.2836142372274077,-0.007470554998549755
76,9.5,8.807933210202448,0.6738545298999626,29.428834615464492,False,0.18506638320575997,0.562382002825174,0.2834837876758904,-0.007488526568219662
76,10.0,9.539796432498692,0.8372686287519747,28.789946642567752,False,0.18484571426458418,0.902918593599705,0.2833503178158003,-0.00750696757506094
76,10.5,9.726127967058801,0.9074708846873151,28.45995822945356,False,0.18117415400627418,0.9510243986189013,0.2831980279545335,-0.007528074998799462
76,11.0,9.876107853146186,0.9661563798439969,28.217414882682213,False,0.17888738439060528,0.9938909997558976,0.28304155133349773,-0.007549836405201795
76,11.5,10.027917919988688,1.035788176907198,27.916064231151644,False,0.17561150835697423,0.9893010242767577,0.2828815219868662,-0.007572169461227839
76,12.0,10.008632596179472,1.0327854775572138,27.900801549506568,False,0.17497978055378244,0.8382292394835686,0.2827193236460883,-0.007594885580138685
76,12.5,9.973926835175407,1.0181968599376623,27.960377395307766,False,0.17552223323178476,0.7670371357846334,0.2825632699537846,-0.007616817811624513
76,13.0,10.0433082825304,1.1224367345904167,27.479851133750373,False,0.16782216181538395,0.8750089599458829,0.2824107673761488,-0.007638323903113738
76,13.5,9.735821199502045,1.1639093269538927,27.01456511566655,False,0.1551035941949112,0.5433197438636058,0.2822505053474963,-0.007661002253251503
76,14.0,4.485217121884569,0.43463909106978443,14.080617885711185,False,0.08072502323085753,0.15275129557322736,0.2821015492484188,-0.007682152693513764
76,14.5,4.201753266081186,0.3741128491816455,14.310263677546311,False,0.07976825937204926,0.13900031215041855,0.28199538146456393,-0.007697270046069979
76.0,15.0,0.0,0.0,0.0,0.0,0.0,0.0,0.28347773216,-0.00748936206545
76.0,15.5,0.0,0.0,0.0,0.0,0.0,0.0,0.284180828098,-0.00739309163169
76.0,16.0,0.0,0.0,0.0,0.0,0.0,0.0,0.284088498036,-0.00740564934054
76.0,16.5,0.0,0.0,0.0,0.0,0.0,0.0,0.284789035956,-0.00731100102357
76.0,17.0,0.0,0.0,0.0,0.0,0.0,0.0,0.287070965545,-0.00701253222282
76.0,17.5,0.0,0.0,0.0,0.0,0.0,0.0,0.287758047577,-0.00692552335946
76.0,18.0,0.0,0.0,0.0,0.0,0.0,0.0,0.288441873107,-0.00684020103954
76.0,18.5,0.0,0.0,0.0,0.0,0.0,0.0,0.28991408521,-0.00666072319356
76.0,19.0,0.0,0.0,0.0,0.0,0.0,0.0,0.289795467542,-0.0066749743902
76.0,19.5,0.0,0.0,0.0,0.0,0.0,0.0,0.289677649659,-0.00668916547525
76.0,20.0,0.0,0.0,0.0,0.0,0.0,0.0,0.28956061658,-0.00670329763431
76.0,20.5,0.0,0.0,0.0,0.0,0.0,0.0,0.289444353821,-0.00671737201163
76.0,21.0,0.0,0.0,0.0,0.0,0.0,0.0,0.289328847377,-0.00673138971199
76.0,21.5,0.0,0.0,0.0,0.0,0.0,0.0,0.289214083699,-0.00674535180237
76.0,22.0,0.0,0.0,0.0,0.0,0.0,0.0,0.289100049671,-0.00675925931361
76.0,22.5,0.0,0.0,0.0,0.0,0.0,0.0,0.288986732597,-0.00677311324198
76.0,23.0,0.0,0.0,0.0,0.0,0.0,0.0,0.28887412018,-0.00678691455063
76.0,23.5,0.0,0.0,0.0,0.0,0.0,0.0,0.288762200504,-0.006800664171
76.0,24.0,0.0,0.0,0.0,0.0,0.0,0.0,0.28865096202,-0.00681436300418
77.0,0.5,0.0,0.0,0.0,0.0,0.0,0.0,0.288540393532,-0.0068280119221
77.0,1.0,0.0,0.0,0.0,0.0,0.0,0.0,0.288430484177,-0.00684161176882
77.0,1.5,0.0,0.0,0.0,0.0,0.0,0.0,0.288321223417,-0.00685516336161
77.0,2.0,0.0,0.0,0.0,0.0,0.0,0.0,0.288212601023,-0.00686866749206
77.0,2.5,0.0,0.0,0.0,0.0,0.0,0.0,0.288104607065,-0.00688212492713
77.0,3.0,0.0,0.0,0.0,0.0,0.0,0.0,0.287997231894,-0.0068955364101
77.0,3.5,0.0,0.0,0.0,0.0,0.0,0.0,0.287890466141,-0.00690890266155
77.0,4.0,0.0,0.0,0.0,0.0,0.0,0.0,0.28857629982,-0.00682357596986
77.0,4.5,0.0,0.0,0.0,0.0,0.0,0.0,0.288466963349,-0.00683709437252
77.0,5.0,0.0,0.0,0.0,0.0,0.0,0.0,0.288358268926,-0.00685056503316
77.0,5.5,0.0,0.0,0.0,0.0,0.0,0.0,0.288250206515,-0.00686398872592
77.0,6.0,0.0,0.0,0.0,0.0,0.0,0.0,0.28814276637,-0.00687736620132
77.0,6.5,0.0,0.0,0.0,0.0,0.0,0.0,0.288035939018,-0.00689069818716
77.0,7.0,0.0,0.0,0.0,0.0,0.0,0.0,0.287929715252,-0.00690398538942
77,7.5,1.9301233860845832,0.06429939779796562,16.44338529655562,False,0.074648037879208,0.0805480333039187,0.28782408612129673,-0.0069172284930870895
77,8.0,2.6574890689052304,0.09757632778150055,16.29580206274302,False,0.09589747175775334,0.18199483472834574,0.2877135459653543,-0.006931119732898617
77,8.5,3.4005046564395394,0.14259145631484735,16.07127625284831,False,0.11136571714383948,0.30881342467331535,0.28759847050733556,-0.006945616236445239
77,9.0,4.013032138380944,0.19030915835696505,15.831324593920849,False,0.11960880413923615,0.38159399448122117,0.287477443181146,-0.00696090151342353
77,9.5,3.1249552366914566,0.16116400433046477,15.607129932518154,False,0.08592135833319234,0.105627620323136,0.28735240413902297,-0.006976735567576828
77,10.0,2.766626614731875,0.11368177901648595,16.051254385327276,False,0.08986553019168454,0.0663636704608372,0.29119878194079113,-0.006508673952411934
77,10.5,4.210907166359981,0.14100128768401796,16.49084245807194,False,0.1667047368758729,0.3643025005962226,0.29344423998200336,-0.006252725103145564
77,11.0,4.709203853844542,0.15273236546865307,16.594170751507527,False,0.19653946473145445,0.5257865195282545,0.29329102311033317,-0.006269803732276562
77,11.5,8.892852051661775,0.3294838180486139,32.67959614395546,False,0.32744094340702234,0.9804064381513864,0.2939234577682305,-0.006199664782036503
77,12.0,5.022197594693034,0.2526181684192238,15.733312769037951,False,0.1443843076798477,0.6565047652132056,0.2937372939658879,-0.006220213386595691
77,12.5,8.281445876389196,0.5044130726407883,15.277415087195006,False,0.20440337589940147,0.700011487143087,0.29356749475040506,-0.00623902647917408
77,13.0,9.471348342650337,0.7115473480074901,29.611210269868522,False,0.20391762321879087,1.4475518516907262,0.29338761634401955,-0.006259030306875384
77,13.5,8.991512370911977,0.7532209743475806,29.001161137566058,False,0.17882245614457476,0.9553668866274324,0.2931726086220692,-0.006283041129148581
77,14.0,8.675575865954901,0.7565214494082381,28.784954230113662,False,0.1679981818035085,0.8242689105815941,0.29297577236168065,-0.00630511894923937
77,14.5,7.8095549147269345,0.7160986414740805,28.501905002120424,False,0.14619110783294376,0.588212809617816,0.2927848355757191,-0.006326623438268194
77,15.0,3.412365832381292,0.29049149529177265,14.447691538280502,False,0.06697910616700485,0.18578695356964006,0.2926054166232646,-0.006346910400842312
77,15.5,2.147568266058675,0.13660933531720273,15.160316532559833,False,0.051147914111759944,0.01558080888075643,0.29483171165216127,-0.006100564812279444
77.0,16.0,0.0,0.0,0.0,0.0,0.0,0.0,0.301795279494,-0.00540033623612
77.0,16.5,0.0,0.0,0.0,0.0,0.0,0.0,0.330767055001,-0.00334584102044
77.0,17.0,0.0,0.0,0.0,0.0,0.0,0.0,0.33089098767,-0.00333930129435
77.0,17.5,0.0,0.0,0.0,0.0,0.0,0.0,0.331026550506,-0.00333216529602
77.0,18.0,0.0,0.0,0.0,0.0,0.0,0.0,0.330303309479,-0.00337044788981
77.0,18.5,0.0,0.0,0.0,0.0,0.0,0.0,0.333101416248,-0.00322517954155
77.0,19.0,0.0,0.0,0.0,0.0,0.0,0.0,0.333101144762,-0.00322519327009
77.0,19.5,0.0,0.0,0.0,0.0,0.0,0.0,0.333956249764,-0.00318229550432
77.0,20.0,0.0,0.0,0.0,0.0,0.0,0.0,0.333261570445,-0.00321709299378
77.0,20.5,0.0,0.0,0.0,0.0,0.0,0.0,0.332602230667,-0.0032505403937
77.0,21.0,0.0,0.0,0.0,0.0,0.0,0.0,0.331973066862,-0.00328284401158
77.0,21.5,0.0,0.0,0.0,0.0,0.0,0.0,0.331369919617,-0.00331417155904
77.0,22.0,0.0,0.0,0.0,0.0,0.0,0.0,0.330789388621,-0.00334466138509
77.0,22.5,0.0,0.0,0.0,0.0,0.0,0.0,0.3302286581,-0.00337442909723
77.0,23.0,0.0,0.0,0.0,0.0,0.0,0.0,0.329685373004,-0.00340357223618
77.0,23.5,0.0,0.0,0.0,0.0,0.0,0.0,0.329157545316,-0.00343217385363
77.0,24.0,0.0,0.0,0.0,0.0,0.0,0.0,0.3286434828,-0.00346030525395
78.0,0.5,0.0,0.0,0.0,0.0,0.0,0.0,0.330479554005,-0.00336107083449
78.0,1.0,0.0,0.0,0.0,0.0,0.0,0.0,0.332277161145,-0.00326718314919
78.0,1.5,0.0,0.0,0.0,0.0,0.0,0.0,0.333258698881,-0.00321723777268
78.0,2.0,0.0,0.0,0.0,0.0,0.0,0.0,0.333443157092,-0.00320795347789
78.0,2.5,0.0,0.0,0.0,0.0,0.0,0.0,0.332848609102,-0.0032379936909
78.0,3.0,0.0,0.0,0.0,0.0,0.0,0.0,0.333046345389,-0.00322796578801
78.0,3.5,0.0,0.0,0.0,0.0,0.0,0.0,0.33556873542,-0.00310323748237
78.0,4.0,0.0,0.0,0.0,0.0,0.0,0.0,0.33492628187,-0.00313445247936
78.0,4.5,0.0,0.0,0.0,0.0,0.0,0.0,0.334299964918,-0.00316524422682
78.0,5.0,0.0,0.0,0.0,0.0,0.0,0.0,0.333687835007,-0.00319568736564
78.0,5.5,0.0,0.0,0.0,0.0,0.0,0.0,0.334641437025,-0.0031484119092
78.0,6.0,0.0,0.0,0.0,0.0,0.0,0.0,0.334017058741,-0.00317927089389
78.0,6.5,0.0,0.0,0.0,0.0,0.0,0.0,0.333404754637,-0.00320988374629
78.0,7.0,0.0,0.0,0.0,0.0,0.0,0.0,0.332803167636,-0.00324030342994
78.0,7.5,0.0,0.0,0.0,0.0,0.0,0.0,0.332211185526,-0.00327057332039
78.0,8.0,0.0,0.0,0.0,0.0,0.0,0.0,0.331627955886,-0.00330072571805
78,8.5,2.6057581037177564,0.1349993548728698,15.632468715871811,False,0.07227900957562396,0.19912127188746392,0.3310528324272913,-0.003330783924909123
78,9.0,6.487866891856723,0.3836114918662624,30.699823731330486,False,0.16381945912912815,0.6437857430223766,0.3304726510575438,-0.0033614375191006237
78,9.5,7.0756888713627015,0.4450246655983126,30.47096581414487,True,0.17239951628385175,1.1144954765312163,0.3298734238151108,-0.003393450920739931
78,10.0,6.689482918986584,0.40720496828115205,15.28013350523239,False,0.16524980264305106,0.5797386522338537,0.32926100572290945,-0.0034265451048665933
78,10.5,6.970864853592303,0.426319055126761,30.552657405343343,False,0.17199751502301985,0.7576463515811359,0.3286771335404862,-0.003458455378470712
78,11.0,7.8854962521015075,0.5626834613117507,29.898629367641853,True,0.17664571518913458,1.5525865748665792,0.3280924706271567,-0.0034907642919451112
78,11.5,8.671460387102673,0.687462256830828,29.439592537993278,False,0.18245816380709573,2.3390741409292266,0.3274790622184197,-0.00352504905564477
78,12.0,8.911838607182773,0.7464315029791463,29.15352943397009,False,0.1806796415648711,2.4254433045901926,0.3268376097049047,-0.00356133130088761
78,12.5,9.120442400146715,0.8314510995682595,28.697435125218,False,0.17475108637858838,2.371394478260704,0.32619714127953,-0.0035980026781756327
78,13.0,9.179765550901887,0.822074459444952,28.6946404608096,False,0.17582855590134583,1.5396036036371692,0.3255619716675268,-0.0036348158623034
78,13.5,8.961665771707349,0.8093364516739361,28.61229179911536,False,0.16996585628525546,1.1145453374087053,0.3249651807268078,-0.0036698142993882798
78,14.0,9.033086029816875,0.8538512560347269,28.3895998595365,False,0.16688952137489288,1.4395980859030286,0.32439144629769456,-0.003703839778669583
78,14.5,8.860544483275664,0.8370893446326884,28.372668028811667,False,0.16338047622349905,1.1854776794011104,0.3238101149452449,-0.0037386998761559293
78,15.0,8.509681674284282,0.7900300380489069,28.471903101969943,False,0.15873673562219098,1.2120481573451836,0.323245475412381,-0.0037729339059299517
78,15.5,7.817004011870864,0.7130715017260064,28.516646058922113,False,0.14658482191276337,0.6528231583766454,0.32268800492286864,-0.0038071003078496927
78,16.0,6.673478176976114,0.5573276231379702,28.959433182804087,False,0.1320328000442283,0.3910391968976726,0.3221610434906867,-0.0038397363033264363
78,16.5,6.1547522470766225,0.4900916326985535,29.218364189132473,False,0.1258218097201898,0.4891552128012574,0.32165626166182415,-0.0038713117106803007
78,17.0,5.564664751212032,0.40111116071731445,29.692218801390233,False,0.12113502078280289,0.3575606136188481,0.3211566046499946,-0.003902871691849599
78,17.5,3.325153756688584,0.21521837314105857,15.077505835292568,False,0.07727789365957836,0.10719715378444258,0.3206715711075955,-0.00393380165433489
78.0,18.0,0.0,0.0,0.0,0.0,0.0,0.0,0.320209295872,-0.00396355253226
78.0,18.5,0.0,0.0,0.0,0.0,0.0,0.0,0.319765402527,-0.00399237303395
78.0,19.0,0.0,0.0,0.0,0.0,0.0,0.0,0.319327593731,-0.00402104339602
78.0,19.5,0.0,0.0,0.0,0.0,0.0,0.0,0.318895802719,-0.00404956027437
78.0,20.0,0.0,0.0,0.0,0.0,0.0,0.0,0.31846995814,-0.00407792074842
78.0,20.5,0.0,0.0,0.0,0.0,0.0,0.0,0.318049984566,-0.00410612230142
78.0,21.0,0.0,0.0,0.0,0.0,0.0,0.0,0.317635803005,-0.00413416279848
78.0,21.5,0.0,0.0,0.0,0.0,0.0,0.0,0.317227331403,-0.00416204046352
78.0,22.0,0.0,0.0,0.0,0.0,0.0,0.0,0.316824485125,-0.00418975385552
78.0,22.5,0.0,0.0,0.0,0.0,0.0,0.0,0.316427177417,-0.00421730184483
78.0,23.0,0.0,0.0,0.0,0.0,0.0,0.0,0.31603531983,-0.0042446835898
78.0,23.5,0.0,0.0,0.0,0.0,0.0,0.0,0.315648822618,-0.00427189851408
78.0,24.0,0.0,0.0,0.0,0.0,0.0,0.0,0.315267595104,-0.00429894628482
79.0,0.5,0.0,0.0,0.0,0.0,0.0,0.0,0.31489154601,-0.00432582679181
79.0,1.0,0.0,0.0,0.0,0.0,0.0,0.0,0.3153042514,-0.00429633670259
79.0,1.5,0.0,0.0,0.0,0.0,0.0,0.0,0.315710130256,-0.00426756773771
79.0,2.0,0.0,0.0,0.0,0.0,0.0,0.0,0.31767482521,-0.00413151124272
79.0,2.5,0.0,0.0,0.0,0.0,0.0,0.0,0.319605556309,-0.00400281241113
79.0,3.0,0.0,0.0,0.0,0.0,0.0,0.0,0.321501371229,-0.00388106247139
79.0,3.5,0.0,0.0,0.0,0.0,0.0,0.0,0.322582034128,-0.00381363670436
79.0,4.0,0.0,0.0,0.0,0.0,0.0,0.0,0.325978848126,-0.00361060420163
79.0,4.5,0.0,0.0,0.0,0.0,0.0,0.0,0.32697052687,-0.00355377674537
79.0,5.0,0.0,0.0,0.0,0.0,0.0,0.0,0.326390515095,-0.00358688343594
79.0,5.5,0.0,0.0,0.0,0.0,0.0,0.0,0.325828602331,-0.00361930807688
79.0,6.0,0.0,0.0,0.0,0.0,0.0,0.0,0.325283188558,-0.00365111520024
79.0,6.5,0.0,0.0,0.0,0.0,0.0,0.0,0.324752884022,-0.0036823610304
79.0,7.0,0.0,0.0,0.0,0.0,0.0,0.0,0.324236473737,-0.00371309485981
79,7.5,2.2623957859142423,0.0803557649674243,16.331885084986208,False,0.08299894024916632,0.09089711019585993,0.3237328893208853,-0.00374336014286426
79,8.0,2.9081328304366423,0.114262259041418,16.156515453757216,False,0.09870483065232268,0.15397932895622626,0.32323468836677194,-0.0037735915504078367
79,8.5,6.861059626228268,0.311270910442743,15.87568218320289,False,0.2079510083586991,0.4117333433763853,0.3227438581097752,-0.0038036605930645284
79,9.0,8.292849836172197,0.4188355492250493,31.353655173352053,False,0.23364294044468348,0.7101375875514032,0.32224608801853427,-0.0038344467992834875
79,9.5,8.889746157071368,0.5060147924444409,30.85745857843389,False,0.23022767381046932,0.9534229545735529,0.3217425817572605,-0.00386589029971627
79,10.0,9.191643085318379,0.5888411323766558,30.325759585325883,False,0.2190824377307316,1.124843080446155,0.32123563007490463,-0.003897859835010297
79,10.5,9.251000444017667,0.6112801173472892,30.176707342521368,False,0.21568053971436124,1.1544116237607254,0.3207276143648376,-0.0039302129632662235
79,11.0,9.453955058821302,0.6823111865124241,29.756024346920313,False,0.20761217108495394,1.325302809821428,0.3202257535987387,-0.0039624887618087985
79,11.5,8.526485519660351,0.6106146146239594,29.73287111166109,False,0.18664804856493328,0.7581258585228827,0.31972243236187275,-0.0039951761759147875
79,12.0,9.612311754643372,0.7195630722794288,29.60517534921238,False,0.20678366385605068,1.6048218284829074,0.3192507102095842,-0.0040261034809824705
79,12.5,9.599880709004935,0.7636296964178987,29.275404307086255,False,0.19769984874371702,1.52042585705124,0.3187497448070388,-0.004059260908097287
79,13.0,4.884351985385134,0.3532258306134914,14.850511374004618,False,0.10645380816403575,0.5505729004841127,0.31825703433059166,-0.004092189806341661
79,13.5,8.373903454751035,0.5976393804233123,29.73731387963622,False,0.18342010254671665,0.7222222274130874,0.3178231573827829,-0.004121450555732489
79,14.0,7.797858227769588,0.5470883510520146,29.808139957517636,False,0.1724846155268549,0.5748455191437959,0.3173796961160885,-0.0041516156526461715
79,14.5,7.389709391872425,0.5427747923363553,14.778601682549088,False,0.15794557660625316,0.4813079159569772,0.3169497248298844,-0.004181114632844552
79,15.0,7.6664112686662715,0.5443749077293218,29.74710393009616,False,0.16815001720966233,0.5510841636300206,0.31652923736721644,-0.004210204802820959
79,15.5,8.147350143351508,0.6238578864284129,29.40328914668642,False,0.170611005196868,0.8618998179257814,0.31611161941497534,-0.004239335452585092
79,16.0,6.357287514625595,0.49491009329531593,29.271419131372994,False,0.13085440638120938,0.3355874564024135,0.3156845899397061,-0.004269371271695038
79,16.5,5.630797305941053,0.4257916323175139,29.412336185484982,False,0.1180532821533751,0.26307441970832723,0.31528766241787654,-0.004297517447635959
79,17.0,4.42685768162991,0.3206892427873152,29.620711341845116,False,0.09543272152683303,0.19551382003381232,0.3149011903333883,-0.004325134904541602
79.0,17.5,0.0,0.0,0.0,0.0,0.0,0.0145976918222,0.314526206858,-0.00435213373841
79.0,18.0,0.0,0.0,0.0,0.0,0.0,0.0,0.314175059651,-0.00437759860767
79.0,18.5,0.0,0.0,0.0,0.0,0.0,0.0,0.31382913896,-0.00440285822563
79.0,19.0,0.0,0.0,0.0,0.0,0.0,0.0,0.31348777,-0.00442795589986
79.0,19.5,0.0,0.0,0.0,0.0,0.0,0.0,0.313150838296,-0.00445289466921
79.0,20.0,0.0,0.0,0.0,0.0,0.0,0.0,0.312818235075,-0.00447767736832
79.0,20.5,0.0,0.0,0.0,0.0,0.0,0.0,0.312489856732,-0.00450230665308
79.0,21.0,0.0,0.0,0.0,0.0,0.0,0.0,0.312165604358,-0.00452678502259
79.0,21.5,0.0,0.0,0.0,0.0,0.0,0.0,0.311845383334,-0.00455111483822
79.0,22.0,0.0,0.0,0.0,0.0,0.0,0.0,0.311529102965,-0.00457529833996
79.0,22.5,0.0,0.0,0.0,0.0,0.0,0.0,0.312002128192,-0.00453918623183
79.0,23.0,0.0,0.0,0.0,0.0,0.0,0.0,0.312468760553,-0.00450389443551
79.0,23.5,0.0,0.0,0.0,0.0,0.0,0.0,0.315282347865,-0.00429789580047
79.0,24.0,0.0,0.0,0.0,0.0,0.0,0.0,0.318052371828,-0.00410596133948
80.0,0.5,0.0,0.0,0.0,0.0,0.0,0.0,0.319212668635,-0.00402860999077
80.0,1.0,0.0,0.0,0.0,0.0,0.0,0.0,0.32113619765,-0.00390416716759
80.0,1.5,0.0,0.0,0.0,0.0,0.0,0.0,0.321465189656,-0.003883344411
80.0,2.0,0.0,0.0,0.0,0.0,0.0,0.0,0.322572023235,-0.00381425487836
80.0,2.5,0.0,0.0,0.0,0.0,0.0,0.0,0.32210014749,-0.00384352918619
80.0,3.0,0.0,0.0,0.0,0.0,0.0,0.0,0.32164021459,-0.00387232055966
80.0,3.5,0.0,0.0,0.0,0.0,0.0,0.0,0.32119134472,-0.00390066750312
80.0,4.0,0.0,0.0,0.0,0.0,0.0,0.0,0.321534386813,-0.00387898160178
80.0,4.5,0.0,0.0,0.0,0.0,0.0,0.0,0.321092041239,-0.00390697205576
80.0,5.0,0.0,0.0,0.0,0.0,0.0,0.0,0.320659405416,-0.0039345811916
80.0,5.5,0.0,0.0,0.0,0.0,0.0,0.0,0.32023582955,-0.00396183765513
80.0,6.0,0.0,0.0,0.0,0.0,0.0,0.0,0.319820729433,-0.00398876725508
80.0,6.5,0.0,0.0,0.0,0.0,0.0,0.0,0.319413581342,-0.00401539309949
80.0,7.0,0.0,0.0,0.0,0.0,0.0,0.0,0.319013915772,-0.00404173583071
80,7.5,1.9027730838102652,0.04675755199784371,16.890172949718224,False,0.0940143268666188,0.07394662016928233,0.31862131132722,-0.00406781387595252
80,8.0,2.6167551153334756,0.06558714432772626,16.890172942513818,False,0.12929154444954785,0.16456690507825028,0.31823080837746387,-0.004093951446580969
80,8.5,2.6609994026816026,0.06497637159946384,16.89017294270709,False,0.13147761536263744,0.0904860545405304,0.3178424925743717,-0.004120141290420623
80,9.0,3.5570701615532347,0.0892397655612057,16.890172937847577,False,0.1757516751215031,0.2082035856057948,0.31746304365351774,-0.004145926169355758
80,9.5,4.262222664724803,0.11532352345629591,16.817351065444132,False,0.20147858179120226,0.3383938781000025,0.31708395962390673,-0.004171878470711905
80,10.0,9.287319911839745,0.3692053914030914,32.38992962195245,False,0.32047865615663573,1.056419397639436,0.3167044445417544,-0.004198054404775849
80,10.5,9.764996903446795,0.5321077588970328,31.121217082902916,False,0.26424145150160916,1.4625380255889726,0.316293314415946,-0.004226632027311446
80,11.0,9.996702239331114,0.649081924019544,30.331919727410742,False,0.23849111084053465,1.7661907477179364,0.31586564819147867,-0.004256605382451485
80,11.5,10.050304575784226,0.7953987495071028,29.36647662934407,False,0.2094452146869722,2.219443941575194,0.3154268847528436,-0.00428762007406991
80,12.0,10.061199711635009,0.8632756811219469,28.9298688322301,False,0.19832864020020657,2.251200885142897,0.31497005655014976,-0.00432019824751117
80,12.5,9.34706943928677,0.7769338534622114,28.969827805222863,False,0.1851683977137899,1.0248320793320769,0.314513973786052,-0.0043530178972798796
80,13.0,8.427976246233715,0.6764019734317079,29.127247843879566,False,0.17029934606489328,0.7018731249849872,0.3141120853363405,-0.004382184199601533
80,13.5,9.322550155824402,0.8002353958494627,28.80137913161136,False,0.1808881772345321,1.0451892026916365,0.3137305073192923,-0.00441009223900544
80,14.0,9.31599397911128,0.8154669321225052,28.703029713454534,False,0.17861828778687694,1.0893033623324893,0.31333531222748656,-0.004439219740630172
80,14.5,8.20559874642063,0.6810952100589335,28.949802791472983,False,0.16215114259215246,0.6520028115715137,0.3129418576082669,-0.004468446950026047
80,15.0,8.81913674241378,0.752169416862605,28.840184034860435,False,0.1719340803073,0.9523901962619922,0.31257398014676635,-0.004495981818220105
80,15.5,8.268444842316033,0.6950540074180511,28.900502122282884,False,0.16239849285399188,0.7938198738302715,0.31219578485184946,-0.004524499963916258
80,16.0,7.419776092492193,0.6086308921803244,29.014658407607364,False,0.14781331485314395,0.5949781741673712,0.3118294573669035,-0.004552328926099351
80,16.5,6.728601339870822,0.5813219479070996,28.74662825969935,False,0.12969094206750517,0.6078797869750303,0.31147754750702406,-0.004579254883270581
80,17.0,4.108635639214091,0.3394129611230699,28.952023849918668,False,0.08121330686090042,0.14934085932094238,0.3111296908008828,-0.004606057412630542
80,17.5,3.4445033938399177,0.2718364704526669,14.579091979813324,False,0.0698757081208954,0.12352424519307037,0.31081184174574905,-0.004630711405842689
80.0,18.0,0.0,0.0,0.0,0.0,0.0,0.0,0.310500886203,-0.00465498300063
80.0,18.5,0.0,0.0,0.0,0.0,0.0,0.0,0.310208211242,-0.00467796629848
80.0,19.0,0.0,0.0,0.0,0.0,0.0,0.0,0.309918743847,-0.00470083082342
80.0,19.5,0.0,0.0,0.0,0.0,0.0,0.0,0.309632418083,-0.00472357830897
80.0,20.0,0.0,0.0,0.0,0.0,0.0,0.0,0.309349170889,-0.00474621037502
80.0,20.5,0.0,0.0,0.0,0.0,0.0,0.0,0.309068941826,-0.00476872854141
80.0,21.0,0.0,0.0,0.0,0.0,0.0,0.0,0.308791672849,-0.00479113423984
80.0,21.5,0.0,0.0,0.0,0.0,0.0,0.0,0.308517308112,-0.00481342882437
80.0,22.0,0.0,0.0,0.0,0.0,0.0,0.0,0.308245793792,-0.00483561358056
80.0,22.5,0.0,0.0,0.0,0.0,0.0,0.0,0.30797707793,-0.00485768973357
80.0,23.0,0.0,0.0,0.0,0.0,0.0,0.0,0.307711110294,-0.00487965845523
80.0,23.5,0.0,0.0,0.0,0.0,0.0,0.0,0.30744784226,-0.00490152087022
80.0,24.0,0.0,0.0,0.0,0.0,0.0,0.0,0.307187226693,-0.00492327806153
81.0,0.5,0.0,0.0,0.0,0.0,0.0,0.0,0.306929217858,-0.00494493107521
81.0,1.0,0.0,0.0,0.0,0.0,0.0,0.0,0.306673771327,-0.00496648092456
81.0,1.5,0.0,0.0,0.0,0.0,0.0,0.0,0.306420843902,-0.00498792859378
81.0,2.0,0.0,0.0,0.0,0.0,0.0,0.0,0.306170393543,-0.00500927504115
81.0,2.5,0.0,0.0,0.0,0.0,0.0,0.0,0.305922379306,-0.00503052120183
81.0,3.0,0.0,0.0,0.0,0.0,0.0,0.0,0.305676761283,-0.00505166799029
81.0,3.5,0.0,0.0,0.0,0.0,0.0,0.0,0.305433500552,-0.00507271630243
81.0,4.0,0.0,0.0,0.0,0.0,0.0,0.0,0.30519255913,-0.00509366701743
81.0,4.5,0.0,0.0,0.0,0.0,0.0,0.0,0.304953899928,-0.00511452099935
81.0,5.0,0.0,0.0,0.0,0.0,0.0,0.0,0.305505294924,-0.00506649339165
81.0,5.5,0.0,0.0,0.0,0.0,0.0,0.0,0.306838328496,-0.00495258584492
81.0,6.0,0.0,0.0,0.0,0.0,0.0,0.0,0.308156792289,-0.00484291216854
81.0,6.5,0.0,0.0,0.0,0.0,0.0,0.0,0.308673843294,-0.00480069383723
81.0,7.0,0.0,0.0,0.0,0.0,0.0,0.0,0.30918536355,-0.00475935790126
81.0,7.5,0.0,0.0,0.0,0.0,0.0,0.0,0.308904976926,-0.0047819631812
81.0,8.0,0.0,0.0,0.0,0.0,0.0,0.0,0.308628371688,-0.00480438905793
81.0,8.5,0.0,0.0,0.0,0.0,0.0,0.0,0.308355421498,-0.00482664154151
81,9.0,2.0274257496623194,0.04840487823923493,16.890172948420336,False,0.10017330429378689,0.031801085302871776,0.3080860073367596,-0.004848726276132897
81,9.5,2.181668378085243,0.05219215384007571,16.890172946552667,False,0.10779429547171607,0.05288358908493459,0.3078169731338675,-0.004870900113736713
81,10.0,2.188235944669783,0.05258306514820577,16.890172946350184,False,0.10811879309933692,0.06108488836840209,0.30755031288784285,-0.004892997616892581
81,10.5,2.2867371834392616,0.057698232237637655,16.890172944747327,True,0.1129856517580145,0.23886863745133266,0.3072865441111496,-0.0049149731175821
81,11.0,2.271273814546255,0.061247978313122294,16.890172945346507,True,0.11222162044501367,0.4904465174186718,0.3070189570158472,-0.004937387002767043
81,11.5,2.4414448391669508,0.06485429093661128,16.885771425028263,True,0.12030069861691464,0.37444128272844585,0.3067447206448238,-0.004960484330706872
81,12.0,4.575486943173193,0.1470713213747062,16.613134755044733,True,0.1928780031286891,0.6208367022335692,0.3064776973521598,-0.004983097951249722
81,12.5,5.090334801546,0.21323531119593908,32.15600759435754,True,0.16717031130521046,0.8792131343062568,0.3062010698194036,-0.005006654591777453
81,13.0,5.934727143008196,0.33175594111900186,31.119958494774004,True,0.1605597272435165,2.0705650200761765,0.30591491562977874,-0.005031162240626746
81,13.5,6.235961009097409,0.37878799364050214,30.4933706633691,True,0.1524626909157772,0.7830131402132305,0.30558176826871225,-0.005059874923486938
81,14.0,6.743121096792784,0.4649895709903704,29.965702055529604,True,0.1524952991371415,1.3850526055458754,0.3052983452766533,-0.0050844558642839845
81,14.5,6.833808358936737,0.5551220943074147,29.167507690819384,True,0.13879667874733678,1.8948527309612477,0.3057791814057524,-0.005042837153126221
81,15.0,6.655534170005645,0.5250314306854686,29.25075312259374,True,0.13662798889718342,1.1735847539309907,0.3054441988947787,-0.005071788426472337
81,15.5,7.1892342032412655,0.6302123307260995,28.75653312149754,True,0.13873594271539302,1.9661801629918527,0.30514042755822524,-0.005098213600186602
81,16.0,6.66825841194262,0.581222071670016,28.70302979168254,False,0.1278524763683086,1.1153034650003495,0.30480521229084173,-0.005127564722366759
81,16.5,6.1594276833460055,0.5096941016551333,28.953504501279113,False,0.1217726728167606,0.9068137570297853,0.3045067064488727,-0.005153871208921574
81,17.0,6.0329084081764,0.5045194940078699,28.880061672736566,False,0.11819258866358862,0.7682196685447558,0.3042213228494527,-0.00517917175745373
81,17.5,5.1447578406411445,0.4192609827835962,28.977268997576303,False,0.10201379527709858,0.4044450476329911,0.3039438298931082,-0.005203914790794884
81.0,18.0,0.0,0.0,0.0,0.0,0.0,0.0,0.303685754173,-0.0052270529593
81.0,18.5,0.0,0.0,0.0,0.0,0.0,0.0,0.30346125893,-0.00524728016861
81.0,19.0,0.0,0.0,0.0,0.0,0.0,0.0,0.303239031415,-0.00526739497251
81.0,19.5,0.0,0.0,0.0,0.0,0.0,0.0,0.303019020753,-0.00528739968534
81.0,20.0,0.0,0.0,0.0,0.0,0.0,0.0,0.302801178196,-0.00530729651214
81.0,20.5,0.0,0.0,0.0,0.0,0.0,0.0,0.302585456985,-0.00532708755618
81.0,21.0,0.0,0.0,0.0,0.0,0.0,0.0,0.302371812227,-0.00534677482597
81.0,21.5,0.0,0.0,0.0,0.0,0.0,0.0,0.302160200781,-0.00536636024158
81.0,22.0,0.0,0.0,0.0,0.0,0.0,0.0,0.301950581151,-0.00538584564055
81.0,22.5,0.0,0.0,0.0,0.0,0.0,0.0,0.301742913391,-0.00540523278324
81.0,23.0,0.0,0.0,0.0,0.0,0.0,0.0,0.301537159014,-0.00542452335785
81.0,23.5,0.0,0.0,0.0,0.0,0.0,0.0,0.301333280908,-0.00544371898497
81.0,24.0,0.0,0.0,0.0,0.0,0.0,0.0,0.301131243262,-0.00546282122181
82.0,0.5,0.0,0.0,0.0,0.0,0.0,0.0,0.300931011491,-0.0054818315661
82.0,1.0,0.0,0.0,0.0,0.0,0.0,0.0,0.300732552173,-0.00550075145974
82.0,1.5,0.0,0.0,0.0,0.0,0.0,0.0,0.300535832986,-0.00551958229207
82.0,2.0,0.0,0.0,0.0,0.0,0.0,0.0,0.300340822654,-0.00553832540305
82.0,2.5,0.0,0.0,0.0,0.0,0.0,0.0,0.300147490888,-0.00555698208603
82.0,3.0,0.0,0.0,0.0,0.0,0.0,0.0,0.299955808343,-0.00557555359048
82.0,3.5,0.0,0.0,0.0,0.0,0.0,0.0,0.299765746567,-0.00559404112443
82.0,4.0,0.0,0.0,0.0,0.0,0.0,0.0,0.29957727796,-0.00561244585678
82.0,4.5,0.0,0.0,0.0,0.0,0.0,0.0,0.299390375735,-0.0056307689194
82.0,5.0,0.0,0.0,0.0,0.0,0.0,0.0,0.299205013876,-0.00564901140915
82.0,5.5,0.0,0.0,0.0,0.0,0.0,0.0,0.299021167109,-0.0056671743897
82.0,6.0,0.0,0.0,0.0,0.0,0.0,0.0,0.298838810863,-0.00568525889326
82.0,6.5,0.0,0.0,0.0,0.0,0.0,0.0,0.298657921243,-0.0057032659222
82,7.0,0.5183294412218037,0.015732501894539893,16.580112639013993,True,0.02147416898993746,0.1053816797946089,0.29847847499829955,-0.005721196450529155
82,7.5,2.5024932410489757,0.08219891334618543,32.91664300909655,True,0.09749263586100766,0.35343481916309155,0.29829585321901064,-0.005739513284995101
82,8.0,3.1153521851483843,0.12016956432275247,32.422670243421955,True,0.1082707639949623,0.6632128199416214,0.29810269414118745,-0.005758963090861262
82,8.5,3.7712272055361584,0.18149122765451042,31.588949891934686,True,0.11087085465598137,0.9667118937592154,0.29789771524966574,-0.0057796890213926136
82,9.0,4.192710124581083,0.23346534123476406,30.86804294015511,True,0.1087707154381742,0.6802009038606369,0.2976802477323271,-0.005801774944500259
82,9.5,4.25438055801556,0.2788255474496963,30.142245681713717,True,0.09868943545850391,1.0208194785033862,0.29747301677676274,-0.0058229148746504
82,10.0,4.9422749326017135,0.3781838248125035,29.364848107536393,True,0.10297349942587636,1.1305487615912897,0.2972524539466675,-0.005845515712374277
82,10.5,4.8586522867780335,0.3692392914026628,29.38443460999899,True,0.10149155815262133,0.9269265366890621,0.29702525284233683,-0.005868906138231327
82,11.0,5.403724967483619,0.4407555062986285,29.10648984125464,True,0.10890286802076707,1.7961934976389782,0.29680739627972,-0.005891439343335248
82,11.5,6.17407863390914,0.5733292845082579,28.487879206460022,True,0.11538533946238679,2.675161629648763,0.29655509619565484,-0.005917664033620927
82,12.0,6.274515197951308,0.5967546682434971,28.365524094401074,True,0.11560069556336355,2.4898220876033736,0.29626564924400556,-0.005947921368776074
82,12.5,6.750460346056853,0.6446261625133677,28.3344804681124,True,0.12392389048839736,2.471752413465769,0.29598357038786777,-0.0059775859939301635
82,13.0,7.147817142266961,0.7247037304255659,27.900215828066454,True,0.1249564263978554,1.665794282323967,0.2957015667875115,-0.006007419079736212
82,13.5,7.633128171591191,0.837116862009634,27.520701702345182,True,0.12809807977290577,2.3430792583116355,0.2954482997160992,-0.006034363450163251
82,14.0,8.098569868762468,0.8940100031565916,27.454157774209467,True,0.13540363385740176,2.3337179802627666,0.29516623658582614,-0.006064541015283851
82,14.5,7.424784903800335,0.7373850348027765,27.933148331430118,False,0.13026976233056425,0.7370492588211546,0.29488352648072447,-0.006094968405089353
82,15.0,7.072674567055966,0.7029708440587122,27.974052923391838,False,0.12465426636472307,0.9939573342955572,0.2946684949065655,-0.0061182335606422495
82,15.5,6.877778968091193,0.6750434731256565,27.96334692697438,False,0.12107566391506724,0.3856165207066254,0.2944461454366391,-0.006142401829556185
82,16.0,6.507981008971414,0.6253463689218157,28.111874517629396,False,0.11648026565143219,0.5778063074340314,0.2942490529903847,-0.006163919941001638
82,16.5,5.467564889949896,0.5112023598483881,28.21427551509305,False,0.09899941217606621,0.194025258051274,0.29404764889598317,-0.00618600163879361
82,17.0,6.385522148880922,0.5928928697587124,28.255257272943556,False,0.11616241278736975,0.4244662250179354,0.2938662225475687,-0.006205973735399098
82.0,17.5,0.0,0.0,0.0,0.0,0.0,0.0,0.293674018215,-0.00622721618243
82.0,18.0,0.0,0.0,0.0,0.0,0.0,0.0,0.29352147616,-0.00624413683148
82.0,18.5,0.0,0.0,0.0,0.0,0.0,0.0,0.293369974105,-0.00626099636823
82.0,19.0,0.0,0.0,0.0,0.0,0.0,0.0,0.293219498766,-0.00627779536438
82.0,19.5,0.0,0.0,0.0,0.0,0.0,0.0,0.293070037126,-0.00629453438111
82.0,20.0,0.0,0.0,0.0,0.0,0.0,0.0,0.292921576422,-0.00631121396943
82.0,20.5,0.0,0.0,0.0,0.0,0.0,0.0,0.292774104144,-0.00632783467057
82.0,21.0,0.0,0.0,0.0,0.0,0.0,0.0,0.292627608017,-0.0063443970163
82.0,21.5,0.0,0.0,0.0,0.0,0.0,0.0,0.292482076005,-0.00636090152921
82.0,22.0,0.0,0.0,0.0,0.0,0.0,0.0,0.292337496299,-0.00637734872307
82.0,22.5,0.0,0.0,0.0,0.0,0.0,0.0,0.292193857308,-0.00639373910307
82.0,23.0,0.0,0.0,0.0,0.0,0.0,0.0,0.292051147659,-0.00641007316609
82.0,23.5,0.0,0.0,0.0,0.0,0.0,0.0,0.291909356187,-0.00642635140099
82.0,24.0,0.0,0.0,0.0,0.0,0.0,0.0,0.29176847193,-0.00644257428882
83.0,0.5,0.0,0.0,0.0,0.0,0.0,0.0,0.291628484126,-0.00645874230308
83.0,1.0,0.0,0.0,0.0,0.0,0.0,0.0,0.291489382202,-0.0064748559099
83.0,1.5,0.0,0.0,0.0,0.0,0.0,0.0,0.291351155777,-0.00649091556831
83.0,2.0,0.0,0.0,0.0,0.0,0.0,0.0,0.291213794648,-0.00650692173039
83.0,2.5,0.0,0.0,0.0,0.0,0.0,0.0,0.291077288794,-0.00652287484147
83.0,3.0,0.0,0.0,0.0,0.0,0.0,0.0,0.290941628366,-0.00653877534035
83.0,3.5,0.0,0.0,0.0,0.0,0.0,0.0,0.290806803684,-0.00655462365943
83.0,4.0,0.0,0.0,0.0,0.0,0.0,0.0,0.290672805235,-0.00657042022488
83.0,4.5,0.0,0.0,0.0,0.0,0.0,0.0,0.290539623664,-0.00658616545686
83.0,5.0,0.0,0.0,0.0,0.0,0.0,0.0,0.290407249777,-0.00660185976959
83.0,5.5,0.0,0.0,0.0,0.0,0.0,0.0,0.29027567453,-0.00661750357156
83.0,6.0,0.0,0.0,0.0,0.0,0.0,0.0,0.29014488903,-0.00663309726561
83.0,6.5,0.0,0.0,0.0,0.0,0.0,0.0,0.290014884532,-0.00664864124915
83,7.0,0.0,0.0,0.0,True,0.0,0.11805404562541834,0.289885652431323,-0.006664135914205241
83,7.5,0.47521608667592546,0.011801258614615357,33.780346330641436,True,0.023480004465672208,0.18608836959339595,0.28975270411952364,-0.006680121064853703
83,8.0,0.9784412059167991,0.027941330921890634,33.45241438913381,True,0.04387509625052534,0.35405806513920335,0.2896174816578423,-0.006696426536045747
83,8.5,1.835805294523455,0.07420746321929338,32.35393635418167,True,0.06285758719815261,0.7163675599741374,0.28947601965226377,-0.0067135351669309765
83,9.0,2.8045540865257608,0.14872858489979626,31.21555093377568,True,0.07712906492836974,0.8992903693396369,0.28931979157129634,-0.0067324901845980814
83,9.5,3.3926881128940725,0.2125613263727616,30.37634794618594,True,0.08148218667696366,0.8117716860254176,0.28915452491906335,-0.006752611292168367
83,10.0,3.3642087811456345,0.2192137698286502,30.096422220523195,True,0.07752199950100058,0.36734852642304816,0.2889908807486221,-0.006772605500668457
83,10.5,3.5609520586856833,0.23939836225428907,29.949767199073186,True,0.08034871166166208,0.3897314496107669,0.28884456586681445,-0.006790542153125466
83,11.0,3.735128447694297,0.25371301220653586,29.91900884081178,True,0.08391270832562608,0.4651043333886594,0.28869734389245383,-0.006808647161572391
83,11.5,3.9451894253012165,0.2754644791212988,14.900005157601322,True,0.08716702895103051,0.3695479269650806,0.28854741917036897,-0.006827143686911815
83,12.0,2.1062114627853363,0.1499474128146411,14.856689862030631,True,0.04598244760386725,0.3376174980062854,0.28840098889312216,-0.006845266915946362
83,12.5,3.97949722655723,0.2924794144136552,29.513139047786716,True,0.08455605028036915,0.3851411142739491,0.2882612200650033,-0.006862619170984935
83,13.0,4.1013897738937235,0.3146470403547043,29.338061907917513,True,0.0851547062373415,0.5606496466785643,0.2881149178438464,-0.006880838715863445
83,13.5,4.552649065931297,0.3621247070266681,29.19090601965322,True,0.09274270868356521,0.7070621655656117,0.28796178602120925,-0.006899970541659642
83,14.0,4.527508033929589,0.3639144034767955,29.16439779407143,True,0.09191853638021416,0.8507205003334855,0.28780196137046415,-0.006920006185021696
83,14.5,4.595086972053363,0.37093807154416714,29.129560536292683,True,0.09287760410922355,0.7599299366754941,0.2876372754678705,-0.006940723791079814
83,15.0,4.983454935049663,0.42501976900636956,28.890270012814213,True,0.09775531780015995,1.0333820687206392,0.28747642030817516,-0.006961030868969207
83,15.5,5.044145470605146,0.4305856909038164,28.82289543988434,True,0.0981305657531539,0.7489977628200004,0.28730378044876315,-0.006982904511909114
83,16.0,4.951189140056208,0.40982690483795875,28.94758384392376,True,0.09781367027222732,0.5422293793365027,0.28714236042113644,-0.007003430712097432
83,16.5,4.7474068629327535,0.3876431534359753,28.991438904580274,True,0.09430141435124048,0.4330942152641111,0.28699020731731467,-0.007022844377689335
83,17.0,4.225789215940775,0.3335547666430941,29.110326526282478,False,0.08520499152739981,0.19132822337407984,0.2868436637231576,-0.00704160295549362
83,17.5,2.92569620806808,0.21669071762615438,14.69139947231669,False,0.06110124561271834,0.04924943281927054,0.2867089675266799,-0.007058897662314837
83.0,18.0,0.0,0.0,0.0,0.0,0.0,0.0,0.286584711802,-0.00707489672978
83.0,18.5,0.0,0.0,0.0,0.0,0.0,0.0,0.28647115605,-0.00708955587498
83.0,19.0,0.0,0.0,0.0,0.0,0.0,0.0,0.286358201894,-0.00710417327519
83.0,19.5,0.0,0.0,0.0,0.0,0.0,0.0,0.286245843459,-0.00711874922263
83.0,20.0,0.0,0.0,0.0,0.0,0.0,0.0,0.286134074951,-0.00713328400633
83.0,20.5,0.0,0.0,0.0,0.0,0.0,0.0,0.286022890658,-0.0071477779121
83.0,21.0,0.0,0.0,0.0,0.0,0.0,0.0,0.285912284948,-0.00716223122266
83.0,21.5,0.0,0.0,0.0,0.0,0.0,0.0,0.285802252268,-0.00717664421761
83.0,22.0,0.0,0.0,0.0,0.0,0.0,0.0,0.28569278714,-0.00719101717352
83.0,22.5,0.0,0.0,0.0,0.0,0.0,0.0,0.285583884164,-0.00720535036402
83.0,23.0,0.0,0.0,0.0,0.0,0.0,0.0,0.285475538012,-0.00721964405975
83.0,23.5,0.0,0.0,0.0,0.0,0.0,0.0,0.28536774343,-0.0072338985285
83.0,24.0,0.0,0.0,0.0,0.0,0.0,0.0,0.285260495235,-0.0072481140352
84.0,0.5,0.0,0.0,0.0,0.0,0.0,0.0,0.285153788314,-0.00726229084198
84.0,1.0,0.0,0.0,0.0,0.0,0.0,0.0,0.285047617623,-0.00727642920823
84.0,1.5,0.0,0.0,0.0,0.0,0.0,0.0,0.284941978186,-0.00729052939059
84.0,2.0,0.0,0.0,0.0,0.0,0.0,0.0,0.284836865094,-0.00730459164307
84.0,2.5,0.0,0.0,0.0,0.0,0.0,0.0,0.284732273502,-0.00731861621701
84.0,3.0,0.0,0.0,0.0,0.0,0.0,0.0,0.284628198629,-0.00733260336118
84.0,3.5,0.0,0.0,0.0,0.0,0.0,0.0,0.284524635759,-0.00734655332177
84.0,4.0,0.0,0.0,0.0,0.0,0.0,0.0,0.284421580237,-0.00736046634248
84.0,4.5,0.0,0.0,0.0,0.0,0.0,0.0,0.284319027467,-0.00737434266451
84.0,5.0,0.0,0.0,0.0,0.0,0.0,0.0,0.284216972916,-0.0073881825266
84.0,5.5,0.0,0.0,0.0,0.0,0.0,0.0,0.284115412107,-0.00740198616512
84.0,6.0,0.0,0.0,0.0,0.0,0.0,0.0,0.284014340624,-0.00741575381402
84.0,6.5,0.0,0.0,0.0,0.0,0.0,0.00480454989381,0.283913754104,-0.00742948570492
84.0,7.0,0.0,0.0,0.0,0.0,0.0,0.0956145863805,0.283813465911,-0.00744320704108
84,7.5,0.11729544263463101,0.004272154295108847,32.58390474608296,True,0.004225310342351212,0.19636995844921673,0.2837102078893637,-0.007457366266452769
84,8.0,0.6486847780610383,0.02736391669967412,32.06785867470137,True,0.020922539292973157,0.2981374094749386,0.2836034362911547,-0.007472041052339774
84,8.5,1.2004449771266104,0.05917633613569585,31.494381110967943,True,0.03468584981005591,0.45135818716480397,0.2834923943613435,-0.007487339269820566
84,9.0,2.19842075460831,0.13081628072528667,30.70207975783918,True,0.05553028468793331,0.5909098888481885,0.2833747944094813,-0.007503581692233239
84,9.5,3.213485716357366,0.2321870176046515,29.747995540121124,True,0.07049114379108055,0.6338929977120566,0.28324963968430533,-0.007520913684542566
84,10.0,3.829347135366728,0.3108201827625136,29.208145272755353,True,0.07818080514477033,0.863977626372461,0.2831194626880274,-0.007538991817058175
84,10.5,4.280864231340772,0.3647813550851334,28.969827958020403,True,0.08480527246496322,0.8878851709975836,0.2829780218780065,-0.007558692915940772
84,11.0,4.670319748910632,0.41180467605436544,28.770010198736912,True,0.09027418336935002,0.8645608494347939,0.2828340740746532,-0.007578806224949418
84,11.5,4.9740627919139335,0.45140435048921457,28.62396351130688,True,0.09446892074993415,0.9295216407672178,0.2826896711738194,-0.007599047226878696
84,12.0,5.235442347632372,0.49064643687998877,28.439460778796462,True,0.09729006904551063,0.8459524972132263,0.2825417406921558,-0.00761984951553188
84,12.5,5.613746597233989,0.5494062456566785,28.202365744732255,True,0.10150867380697154,0.856682197199388,0.2823959291553241,-0.007640420266063128
84,13.0,5.7676327635080336,0.5760736123496141,28.07215812278853,True,0.10277023809906262,0.7978767690433857,0.28224791352804895,-0.007661369674983908
84,13.5,6.706162093856021,0.7131476270133057,27.702762572054617,True,0.11521584534060751,0.7201215133948028,0.2821015469141444,-0.007682153025504685
84,14.0,6.7277449313433735,0.714409116813074,27.699566435679458,True,0.11552584981454556,0.6313427464967337,0.2819533549190375,-0.007703264044892216
84,14.5,6.960202329827105,0.7384917990135211,27.707415691344153,True,0.11915207464658409,0.5922022570448712,0.2818089063936038,-0.007723908338220895
84,15.0,7.188214724365821,0.770309298455028,27.62166514128204,True,0.12193027701726257,0.4992644323788745,0.281665447978456,-0.007744476402427518
84,15.5,7.190016184730505,0.7725450406928646,27.579922666105702,True,0.12142039841138806,0.3793439553317194,0.28152472425993164,-0.007764715819607616
84,16.0,7.055458872240187,0.7539111627525572,27.569545656333972,False,0.11901697299588096,0.2643756833865902,0.28138887841228993,-0.007784313492819465
84,16.5,6.479799489319478,0.669941509076951,27.714727778455423,False,0.11101538680332709,0.17101279014194362,0.28125851109944366,-0.007803176251489163
84,17.0,5.574045442527248,0.5616242866601071,27.820053305672133,False,0.09659320763316463,0.08555293444700728,0.2811352785269392,-0.007821056779924979
84,17.5,2.9734305708250592,0.2792535287942821,14.081238387427334,False,0.0535233744550051,0.010513660451017018,0.2810198014428693,-0.007837856341567619
84.0,18.0,0.0,0.0,0.0,0.0,0.0,0.0,0.280918286428,-0.00785266022848
84.0,18.5,0.0,0.0,0.0,0.0,0.0,0.0,0.280828163195,-0.00786583078123
84.0,19.0,0.0,0.0,0.0,0.0,0.0,0.0,0.280738431891,-0.00787897021412
84.0,19.5,0.0,0.0,0.0,0.0,0.0,0.0,0.280649089346,-0.00789207871034
84.0,20.0,0.0,0.0,0.0,0.0,0.0,0.0,0.28056013243,-0.00790515645143
84.0,20.5,0.0,0.0,0.0,0.0,0.0,0.0,0.280471558047,-0.00791820361728
84.0,21.0,0.0,0.0,0.0,0.0,0.0,0.0,0.280383363139,-0.00793122038617
84.0,21.5,0.0,0.0,0.0,0.0,0.0,0.0,0.280295544681,-0.00794420693475
84.0,22.0,0.0,0.0,0.0,0.0,0.0,0.0,0.280208099684,-0.00795716343809
84.0,22.5,0.0,0.0,0.0,0.0,0.0,0.0,0.280121025194,-0.00797009006972
84.0,23.0,0.0,0.0,0.0,0.0,0.0,0.0,0.280034318287,-0.00798298700159
84.0,23.5,0.0,0.0,0.0,0.0,0.0,0.0,0.279947976077,-0.00799585440415
84.0,24.0,0.0,0.0,0.0,0.0,0.0,0.0,0.279861995707,-0.00800869244631
85.0,0.5,0.0,0.0,0.0,0.0,0.0,0.0,0.279776374354,-0.00802150129552
85.0,1.0,0.0,0.0,0.0,0.0,0.0,0.0,0.279691109226,-0.00803428111772
85.0,1.5,0.0,0.0,0.0,0.0,0.0,0.0,0.279606197561,-0.00804703207743
85.0,2.0,0.0,0.0,0.0,0.0,0.0,0.0,0.279521636632,-0.00805975433769
85.0,2.5,0.0,0.0,0.0,0.0,0.0,0.0,0.279437423737,-0.00807244806016
85.0,3.0,0.0,0.0,0.0,0.0,0.0,0.0,0.279353556207,-0.00808511340506
85.0,3.5,0.0,0.0,0.0,0.0,0.0,0.0,0.279270031403,-0.00809775053124
85.0,4.0,0.0,0.0,0.0,0.0,0.0,0.0,0.279186846712,-0.00811035959615
85.0,4.5,0.0,0.0,0.0,0.0,0.0,0.0,0.279103999554,-0.00812294075592
85.0,5.0,0.0,0.0,0.0,0.0,0.0,0.0,0.279021487373,-0.00813549416531
85.0,5.5,0.0,0.0,0.0,0.0,0.0,0.0,0.278939307643,-0.00814801997776
85.0,6.0,0.0,0.0,0.0,0.0,0.0,0.0,0.278857457865,-0.00816051834539
85.0,6.5,0.0,0.0,0.0,0.0,0.0,0.0,0.278775935568,-0.00817298941905
85.0,7.0,0.0,0.0,0.0,0.0,0.0,0.0,0.278694738306,-0.00818543334827
85,7.5,0.17835268472630117,0.008767563606834684,15.69839900622746,True,0.005063601338830124,0.02147482744199142,0.27861386366042623,-0.008197850281337103
85,8.0,0.383082058405335,0.019913152321552587,15.600045626609793,True,0.010507196475167494,0.039406039446618524,0.278532161541058,-0.008210417053853362
85,8.5,1.7090601073033325,0.09635804385931014,30.842221773856654,True,0.04415191324510109,0.08274472362286181,0.2784496738146446,-0.008223127953879488
85,9.0,3.317814277280551,0.2393469302908232,29.72843340827955,True,0.07258390553771367,0.1611039055759076,0.2783629558215543,-0.00823651600345003
85,9.5,4.251440542320859,0.34458467954637434,29.101890412066425,True,0.08563064276126908,0.14521138943113127,0.2782681508771958,-0.008251182293265097
85,10.0,4.854821398792751,0.4170359495847129,28.82505282831145,True,0.0944723141413121,0.18062000189673086,0.27817026618969226,-0.008266357678588236
85,10.5,5.75472537645194,0.5327480999252989,28.427601665474157,True,0.10679194902055897,0.19279258044313624,0.2780685968604931,-0.008282155030630782
85,11.0,5.920618916804061,0.5698825218556715,28.22684583705272,True,0.10735631605428284,0.20442285452822914,0.2779623807030118,-0.00829869730186751
85,11.5,6.253489314265153,0.587990212228368,28.352563314202044,True,0.11504063616862004,0.2021073898850195,0.27785461809731116,-0.008315520666047467
85,12.0,6.889331818117467,0.6865489006716904,28.061220484550944,True,0.12260696210796089,0.20873492032568935,0.277746558149025,-0.00833243126907007
85,12.5,7.055976039555302,0.7350451691091775,27.75713834541294,True,0.12144143739255227,0.16504660625787398,0.2776348061856428,-0.008349962762209511
85,13.0,7.411346856108664,0.7667069798251657,27.75941119149399,True,0.12758915131370183,0.10720453007954073,0.2775231694047495,-0.008367520084452755
85,13.5,7.607281115363021,0.791100575595014,27.749759010044237,True,0.13082558128694605,0.10483956038480974,0.27741282167756265,-0.008384917918955603
85,14.0,8.06589863476945,0.9150093511096897,27.223181693878,True,0.13124158620217857,0.08079335908711609,0.27730193137095294,-0.008402444734440526
85,14.5,8.02169566140049,0.8842506447342711,27.434582234989442,False,0.13340696181687922,0.08974746149894165,0.2771875426041002,-0.008420570258341666
85,15.0,7.884328357988753,0.8772252984096328,27.298255210491305,False,0.12927993103746352,0.03620560115720293,0.2770742705751624,-0.008438564753941669
85,15.5,8.259176223935544,0.9157645250249622,27.39552543599204,False,0.13679788312311242,0.05136880901986566,0.2769635842790079,-0.008456192754400224
85,16.0,8.041473767184456,0.8869165220795712,27.387647960509074,False,0.1330828938091853,0.02288002682043261,0.2768511451654984,-0.008474144851911782
85,16.5,7.742554453783654,0.8796042455526748,27.184330258847943,False,0.12548175457879557,0.004119256727122663,0.2767411651648387,-0.008491748272766546
85,17.0,7.324796896144973,0.8632962412568096,26.942405701599817,False,0.1158557838526918,0.0,0.27663245583752544,-0.008509191143198789
85,17.5,6.586591548388834,0.7184796172706224,27.359921161340626,False,0.10869169739122504,0.0,0.27652480096409193,-0.008526506908730275
85.0,18.0,0.0,0.0,0.0,0.0,0.0,0.0,0.276422919172,-0.00854293278193
85.0,18.5,0.0,0.0,0.0,0.0,0.0,0.0,0.27634857902,-0.0085549420543
85.0,19.0,0.0,0.0,0.0,0.0,0.0,0.0,0.276274512339,-0.00856692715777
85.0,19.5,0.0,0.0,0.0,0.0,0.0,0.0,0.276200717245,-0.00857888821534
85.0,20.0,0.0,0.0,0.0,0.0,0.0,0.0,0.276127191872,-0.00859082534904
85.0,20.5,0.0,0.0,0.0,0.0,0.0,0.0,0.276053934372,-0.00860273867991
85.0,21.0,0.0,0.0,0.0,0.0,0.0,0.0,0.275980942917,-0.00861462832808
85.0,21.5,0.0,0.0,0.0,0.0,0.0,0.0,0.275908215695,-0.00862649441269
85.0,22.0,0.0,0.0,0.0,0.0,0.0,0.0,0.275835750912,-0.00863833705199
85.0,22.5,0.0,0.0,0.0,0.0,0.0,0.0,0.275763546795,-0.00865015636327
85.0,23.0,0.0,0.0,0.0,0.0,0.0,0.0,0.275691601583,-0.00866195246294
85.0,23.5,0.0,0.0,0.0,0.0,0.0,0.0,0.275619913537,-0.0086737254665
85.0,24.0,0.0,0.0,0.0,0.0,0.0,0.0,0.275548480931,-0.00868547548852
86.0,0.5,0.0,0.0,0.0,0.0,0.0,0.0,0.275477302058,-0.00869720264274
86.0,1.0,0.0,0.0,0.0,0.0,0.0,0.0,0.275406375228,-0.00870890704197
86.0,1.5,0.0,0.0,0.0,0.0,0.0,0.0,0.275335698765,-0.00872058879821
86.0,2.0,0.0,0.0,0.0,0.0,0.0,0.0,0.275265271011,-0.00873224802255
86.0,2.5,0.0,0.0,0.0,0.0,0.0,0.0,0.275195090323,-0.00874388482526
86.0,3.0,0.0,0.0,0.0,0.0,0.0,0.0,0.275125155074,-0.00875549931575
86.0,3.5,0.0,0.0,0.0,0.0,0.0,0.0,0.275055463653,-0.00876709160263
86.0,4.0,0.0,0.0,0.0,0.0,0.0,0.0,0.274986014463,-0.00877866179365
86.0,4.5,0.0,0.0,0.0,0.0,0.0,0.0,0.274916805924,-0.00879020999577
86.0,5.0,0.0,0.0,0.0,0.0,0.0,0.0,0.274847836469,-0.00880173631512
86.0,5.5,0.0,0.0,0.0,0.0,0.0,0.0,0.274779104546,-0.00881324085706
86.0,6.0,0.0,0.0,0.0,0.0,0.0,0.0,0.274710608619,-0.00882472372613
86.0,6.5,0.0,0.0,0.0,0.0,0.0,0.0,0.274642347166,-0.00883618502611
86.0,7.0,0.0,0.0,0.0,0.0,0.0,0.0,0.274574318678,-0.00884762485999
86,7.5,0.4908656946826704,0.015618844396452274,33.04371629829795,True,0.019737468201460686,0.0,0.2745065216603629,-0.008859043329991557
86,8.0,1.3280623844203703,0.055361577611013,32.12748014621596,True,0.04335918309570379,0.0,0.2744383618993277,-0.008870540597307361
86,8.5,2.4902197775518475,0.13756508305098286,30.975525791836453,True,0.06575590706583566,0.0,0.27436892242760674,-0.008882272014389039
86,9.0,3.810260601114046,0.27355363704375396,29.7578108227423,True,0.08369529878975593,0.0,0.2742965904079918,-0.008894511773736631
86,9.5,4.89214710002518,0.41741877455983156,28.86479273165542,True,0.09566369161816635,0.0,0.27421932326094706,-0.008907608843324973
86,10.0,5.2639121541183975,0.4843254055782426,28.45465950115623,True,0.09799310349703057,0.0,0.2741368206440645,-0.008921618718910215
86,10.5,5.4717145270413035,0.5203874074649988,28.28066193080035,True,0.09982887254826028,0.0,0.2740520017153399,-0.008936049308898322
86,11.0,5.61022985499859,0.5413347232460072,28.21929919605741,True,0.10164071884001658,0.0,0.27396603562638283,-0.008950703456198517
86,11.5,6.13815117096903,0.6053102250657043,28.129706034559238,True,0.1100818755547544,0.0,0.2738794945910225,-0.008965484540920925
86,12.0,6.446271033139393,0.6415854937962754,28.07215809866713,True,0.11486251571327231,0.0,0.27379074431665956,-0.008980673176751379
86,12.5,6.781065069490909,0.6858719691195501,27.983590105973345,True,0.11964113345416749,0.0,0.27370083466304934,-0.008996091499693515
86,13.0,7.203968166979461,0.7687886712010052,27.671586427685977,True,0.12285143878316779,0.0,0.27360946025494154,-0.009011793333785646
86,13.5,7.180077778058736,0.7572608204680089,27.722051076964032,True,0.12311002676550466,0.0,0.2735151537389968,-0.009028033277498213
86,14.0,7.5014517939823175,0.8216402233012223,27.508301480978538,True,0.12572384132143688,0.0,0.27342149795499665,-0.009044195683458012
86,14.5,7.918947247535664,0.8802849832974597,27.39168541775204,True,0.131615337189272,0.0,0.27332561091223984,-0.009060778872733025
86,15.0,7.928043706945008,0.8675233995007474,27.47236487222589,True,0.13237231793168677,0.0,0.27322770893757387,-0.00907774792667147
86,15.5,8.093699339071552,0.9041242028201573,27.333393182087043,False,0.133195412695957,0.0,0.2731305006071561,-0.009094634229679573
86,16.0,7.8518921461916085,0.8691591886456288,27.35054077672706,False,0.129445692766628,0.0,0.27303211134143757,-0.009111763800761737
86,16.5,7.552806108688575,0.8364458071510449,27.316824955420852,False,0.1240814342710157,0.0,0.2729352557914082,-0.009128663911511148
86,17.0,7.059815492318262,0.7698531394728612,27.372979279379198,False,0.11665885004585341,0.0,0.27283984725079796,-0.009145348063892004
86,17.5,6.08743669953384,0.6506489856139145,27.457961438385663,False,0.10148679017957851,0.0,0.2727471701909463,-0.009161589358097147
86.0,18.0,0.0,0.0,0.0,0.0,0.0,0.0,0.27265921998,-0.00917703408107
86.0,18.5,0.0,0.0,0.0,0.0,0.0,0.0,0.272596163699,-0.00918812633735
86.0,19.0,0.0,0.0,0.0,0.0,0.0,0.0,0.272533308037,-0.00919919920424
86.0,19.5,0.0,0.0,0.0,0.0,0.0,0.0,0.272470651793,-0.00921025276838
86.0,20.0,0.0,0.0,0.0,0.0,0.0,0.0,0.272408193774,-0.00922128711583
86.0,20.5,0.0,0.0,0.0,0.0,0.0,0.0,0.272345932798,-0.00923230233203
86.0,21.0,0.0,0.0,0.0,0.0,0.0,0.0,0.272283867694,-0.00924329850185
86.0,21.5,0.0,0.0,0.0,0.0,0.0,0.0,0.272221997299,-0.00925427570954
86.0,22.0,0.0,0.0,0.0,0.0,0.0,0.0,0.272160320462,-0.00926523403878
86.0,22.5,0.0,0.0,0.0,0.0,0.0,0.0,0.272098836042,-0.00927617357267
86.0,23.0,0.0,0.0,0.0,0.0,0.0,0.0,0.272037542906,-0.00928709439374
86.0,23.5,0.0,0.0,0.0,0.0,0.0,0.0,0.271976439932,-0.00929799658394
86.0,24.0,0.0,0.0,0.0,0.0,0.0,0.0,0.271915526008,-0.00930888022467
87.0,0.5,0.0,0.0,0.0,0.0,0.0,0.0,0.271854800029,-0.00931974539676
87.0,1.0,0.0,0.0,0.0,0.0,0.0,0.0,0.271794260903,-0.00933059218048
87.0,1.5,0.0,0.0,0.0,0.0,0.0,0.0,0.271733907545,-0.00934142065558
87.0,2.0,0.0,0.0,0.0,0.0,0.0,0.0,0.271673738879,-0.00935223090125
87.0,2.5,0.0,0.0,0.0,0.0,0.0,0.0,0.271613753838,-0.00936302299614
87.0,3.0,0.0,0.0,0.0,0.0,0.0,0.0,0.271553951365,-0.00937379701836
87.0,3.5,0.0,0.0,0.0,0.0,0.0,0.0,0.271494330411,-0.0093845530455
87.0,4.0,0.0,0.0,0.0,0.0,0.0,0.0,0.271434889937,-0.00939529115465
87.0,4.5,0.0,0.0,0.0,0.0,0.0,0.0,0.271375628912,-0.00940601142233
87.0,5.0,0.0,0.0,0.0,0.0,0.0,0.0,0.271316546311,-0.00941671392459
87.0,5.5,0.0,0.0,0.0,0.0,0.0,0.0,0.271257641122,-0.00942739873695
87.0,6.0,0.0,0.0,0.0,0.0,0.0,0.0,0.271198912338,-0.00943806593443
87.0,6.5,0.0,0.0,0.0,0.0,0.0,0.0,0.271140358962,-0.00944871559155
87.0,7.0,0.0,0.0,0.0,0.0,0.0,0.0,0.271081980005,-0.00945934778234
87,7.5,0.19172138443318884,0.016042902544383734,28.860447496833416,True,0.0037470189908813565,0.0,0.2710237744844091,-0.00946996258031456
87,8.0,1.015786593150709,0.08518911628264046,28.86842450010282,True,0.01987210953909624,0.0,0.27096513260070143,-0.009480671312014265
87,8.5,1.8177888581460915,0.17167378417967671,28.25145923496936,True,0.03305400141758454,0.0,0.2709040381203981,-0.009491843267720507
87,9.0,3.0618567311419564,0.30484269627216976,28.01292325926105,True,0.05419792452449855,0.0,0.27083983209262225,-0.009503601120748117
87,9.5,4.066838515361345,0.4395464111034633,27.580469870679757,True,0.0686821582847035,0.0,0.27077074190303535,-0.009516272784715058
87,10.0,5.437852938015753,0.6100686941791209,27.391847797023303,True,0.09003343805403144,0.0,0.27069670836399073,-0.009529873446017656
87,10.5,6.213336196692424,0.8202595016895954,26.382433369484975,True,0.09346789236425918,0.0,0.27061637122829924,-0.009544658348063216
87,11.0,7.454909909033829,0.9612216420243829,26.549901243123774,True,0.11410588478177106,0.0,0.2705282241506605,-0.009560912013867943
87,11.5,8.679200200634451,1.1201696212353067,26.567969996245203,True,0.1333017782797071,0.0,0.2704348934360938,-0.00957815746130072
87,12.0,9.05185737938534,1.178191493255076,26.48250065842914,False,0.13760710642440305,0.0,0.27033569561093357,-0.009596527667300242
87,12.5,9.18481587512252,1.2006369451240932,26.459132058398836,False,0.13930334076431972,0.0,0.2702344599110999,-0.009615318560284606
87,13.0,9.421729401114877,1.2232908093363701,26.511977902952445,False,0.14361851704352702,0.0,0.2701325355624419,-0.009634281581592397
87,13.5,9.487987919367253,1.2377125005506184,26.473055153641454,False,0.14402001301718387,0.0,0.2700299137653851,-0.009653419397782161
87,14.0,9.534198942372466,1.2510693591446038,26.430744411432407,False,0.14410960563354347,0.0,0.26992690604720904,-0.009672674752111544
87,14.5,9.570579381184952,1.2267168265228208,26.56361542225521,False,0.14646844634961304,0.0,0.26982355194198876,-0.009692040867817078
87,15.0,9.587423056309836,1.2455436403915923,26.46465962217623,False,0.14528952449130567,0.0,0.2697212816498545,-0.009711249393308337
87,15.5,9.611832452300636,1.1239278241191077,27.101646806055754,False,0.1544754616670297,0.0,0.26961845565431963,-0.009730608037860225
87,16.0,9.485339745678884,1.0565082976906306,27.358355861585228,False,0.1565013358538222,0.0,0.26952040289033,-0.009749110886328325
87,16.5,9.237990126166174,0.9381221185908246,27.847198513905482,False,0.16056086750124243,0.0,0.2694250657624578,-0.00976714149436002
87,17.0,8.61041036023235,0.7713636693558111,28.49856172187094,False,0.16111934841725362,0.0,0.2693343776102261,-0.00978432975061076
87,17.5,7.499328979983848,0.6647213468547473,28.510609958610768,False,0.14052777177512382,0.0,0.2692501733230503,-0.009800321386215644
87.0,18.0,0.0,0.0,0.0,0.0,0.0,0.0,0.269170170668,-0.00981554392726
87.0,18.5,0.0,0.0,0.0,0.0,0.0,0.0,0.269115547892,-0.00982595348526
87.0,19.0,0.0,0.0,0.0,0.0,0.0,0.0,0.269061078038,-0.0098363470014
87.0,19.5,0.0,0.0,0.0,0.0,0.0,0.0,0.269006760296,-0.00984672453942
87.0,20.0,0.0,0.0,0.0,0.0,0.0,0.0,0.268952593862,-0.00985708616267
87.0,20.5,0.0,0.0,0.0,0.0,0.0,0.0,0.268898577938,-0.0098674319341
87.0,21.0,0.0,0.0,0.0,0.0,0.0,0.0,0.268844711733,-0.00987776191627
87.0,21.5,0.0,0.0,0.0,0.0,0.0,0.0,0.268790994461,-0.00988807617135
87.0,22.0,0.0,0.0,0.0,0.0,0.0,0.0,0.268737425342,-0.00989837476112
87.0,22.5,0.0,0.0,0.0,0.0,0.0,0.0,0.268684003604,-0.00990865774699
87.0,23.0,0.0,0.0,0.0,0.0,0.0,0.0,0.268630728478,-0.00991892518996
87.0,23.5,0.0,0.0,0.0,0.0,0.0,0.0,0.268577599203,-0.00992917715068
87.0,24.0,0.0,0.0,0.0,0.0,0.0,0.0,0.268524615023,-0.00993941368941
88.0,0.5,0.0,0.0,0.0,0.0,0.0,0.0,0.268471775186,-0.00994963486606
88.0,1.0,0.0,0.0,0.0,0.0,0.0,0.0,0.26841907895,-0.00995984074015
88.0,1.5,0.0,0.0,0.0,0.0,0.0,0.0,0.268366525573,-0.00997003137085
88.0,2.0,0.0,0.0,0.0,0.0,0.0,0.0,0.268314114324,-0.00998020681695
88.0,2.5,0.0,0.0,0.0,0.0,0.0,0.0,0.268261844474,-0.00999036713691
88.0,3.0,0.0,0.0,0.0,0.0,0.0,0.0,0.268209715299,-0.0100005123888
88.0,3.5,0.0,0.0,0.0,0.0,0.0,0.0,0.268157726084,-0.0100106426304
88.0,4.0,0.0,0.0,0.0,0.0,0.0,0.0,0.268105876116,-0.010020757919
88.0,4.5,0.0,0.0,0.0,0.0,0.0,0.0,0.268054164688,-0.0100308583117
88.0,5.0,0.0,0.0,0.0,0.0,0.0,0.0,0.268002591099,-0.0100409438652
88.0,5.5,0.0,0.0,0.0,0.0,0.0,0.0,0.267951154654,-0.0100510146359
88.0,6.0,0.0,0.0,0.0,0.0,0.0,0.0,0.267899854659,-0.0100610706797
88.0,6.5,0.0,0.0,0.0,0.0,0.0,0.0,0.267848690431,-0.0100711120523
88,7.0,1.0556444091013069,0.09458939425858348,14.249281073278196,True,0.019753383664530662,0.0,0.26779766128735066,-0.010081138809110752
88,7.5,2.622703477044071,0.24257605290162695,28.34545108990378,True,0.04820820818708113,0.0,0.26774317688973864,-0.01009185762368963
88,8.0,4.940654962928111,0.4607922258203175,28.319680484382303,True,0.09054512319266143,0.0,0.2676832101436562,-0.010103670691874928
88,8.5,6.113355461291855,0.5993001711238792,28.066078190479157,True,0.108856346560881,0.0,0.26761509517644033,-0.010117108899396907
88,9.0,7.215314375402832,0.8367013766856217,27.135342222878265,True,0.11635618907017582,0.0,0.26754185624992777,-0.010131581764019529
88,9.5,8.79013344593634,1.0269299745437928,27.113511860513498,False,0.14143916187357314,0.0,0.2674597397133935,-0.01014783829267006
88,10.0,9.201085811705346,1.1789262203931017,26.579439675442195,False,0.14046375182168297,0.0,0.2673705351131026,-0.010165533269624374
88,10.5,9.338247820183515,1.2257274407279484,26.45282497647072,False,0.14084631776603607,0.0,0.26727569271777757,-0.010184386918893744
88,11.0,9.467467086354873,1.2344687379597648,26.48746287056694,False,0.14390101042406414,0.0,0.2671792040308459,-0.01020361060251054
88,11.5,9.523411455411761,1.2805280741305884,26.314654730799784,False,0.1424250827623449,0.0,0.2670825127866391,-0.010222918027757799
88,12.0,9.656103430657732,1.3017397654496043,26.30859739954598,False,0.14433276544344467,0.0,0.26698420213424606,-0.010242593463847883
88,12.5,9.94396081154962,1.3381940770359793,26.342406672767655,False,0.14917183571598258,0.0,0.2668852144118163,-0.010262450008617207
88,13.0,10.067717192403087,1.3508888428508163,26.360748242391217,False,0.15124436477496836,0.0,0.2667849705384702,-0.01028260529184614
88,13.5,10.106674336827979,1.3690096826476863,26.299196864104527,False,0.15092926336909068,0.0,0.2666843715679871,-0.010302879404639094
88,14.0,10.097684106926058,1.33284187062902,26.45069394052581,False,0.15295116593150546,0.0,0.26658321096576965,-0.0103233147514843
88,14.5,10.007975187181703,1.3160266176110487,26.45290351336211,False,0.15155400952567039,0.0,0.2664835483723834,-0.010343494730550103
88,15.0,10.046817163894175,1.207428356376432,26.989899135897993,False,0.16034171557762728,0.0,0.26638464875252243,-0.01036356670004048
88,15.5,10.025980511019323,1.1366664376909301,27.317408962788534,False,0.16539684933185633,0.0,0.2662899946642729,-0.010382820503665473
88,16.0,9.844147533624538,1.0405936170041277,27.710226675819833,False,0.1685734804659137,0.0,0.2661981496222132,-0.010401543667214836
88,16.5,9.39711705741982,0.936604814387885,28.003923614387375,False,0.16617196616184585,0.0,0.26611007357983757,-0.010419536294786164
88,17.0,8.498967855016671,0.8524354003844475,27.910188258451136,False,0.14873992257992985,0.0,0.26602606635847664,-0.010436732285722373
88,17.5,7.022965083514162,0.6759429648979914,28.089834953073964,False,0.12538656467467832,0.0,0.2659453752276916,-0.010453281331038953
88.0,18.0,0.0,0.0,0.0,0.0,0.0,0.0,0.26587150326,-0.0104684592461
88.0,18.5,0.0,0.0,0.0,0.0,0.0,0.0,0.265823404,-0.0104783559526
88.0,19.0,0.0,0.0,0.0,0.0,0.0,0.0,0.265775424872,-0.010488239049
88.0,19.5,0.0,0.0,0.0,0.0,0.0,0.0,0.265727565309,-0.0104981085837
88.0,20.0,0.0,0.0,0.0,0.0,0.0,0.0,0.265679824743,-0.0105079646052
88.0,20.5,0.0,0.0,0.0,0.0,0.0,0.0,0.265632202614,-0.0105178071614
88.0,21.0,0.0,0.0,0.0,0.0,0.0,0.0,0.265584698363,-0.0105276363002
88.0,21.5,0.0,0.0,0.0,0.0,0.0,0.0,0.265537311437,-0.010537452069
88.0,22.0,0.0,0.0,0.0,0.0,0.0,0.0,0.265490041285,-0.0105472545152
88.0,22.5,0.0,0.0,0.0,0.0,0.0,0.0,0.265442887361,-0.0105570436855
88.0,23.0,0.0,0.0,0.0,0.0,0.0,0.0,0.265395849122,-0.0105668196269
88.0,23.5,0.0,0.0,0.0,0.0,0.0,0.0,0.26534892603,-0.0105765823857
88.0,24.0,0.0,0.0,0.0,0.0,0.0,0.0,0.265302117549,-0.0105863320081
89.0,0.5,0.0,0.0,0.0,0.0,0.0,0.0,0.265255423148,-0.01059606854
89.0,1.0,0.0,0.0,0.0,0.0,0.0,0.0,0.265208842298,-0.0106057920272
89.0,1.5,0.0,0.0,0.0,0.0,0.0,0.0,0.265162374476,-0.010615502515
89.0,2.0,0.0,0.0,0.0,0.0,0.0,0.0,0.265116019159,-0.0106252000486
89.0,2.5,0.0,0.0,0.0,0.0,0.0,0.0,0.265069775831,-0.010634884673
89.0,3.0,0.0,0.0,0.0,0.0,0.0,0.0,0.265023643978,-0.0106445564328
89.0,3.5,0.0,0.0,0.0,0.0,0.0,0.0,0.264977623089,-0.0106542153725
89.0,4.0,0.0,0.0,0.0,0.0,0.0,0.0,0.264931712657,-0.0106638615362
89.0,4.5,0.0,0.0,0.0,0.0,0.0,0.0,0.264885912179,-0.0106734949678
89.0,5.0,0.0,0.0,0.0,0.0,0.0,0.0,0.264840221154,-0.0106831157112
89.0,5.5,0.0,0.0,0.0,0.0,0.0,0.0,0.264794639086,-0.0106927238097
89.0,6.0,0.0,0.0,0.0,0.0,0.0,0.0,0.264749165479,-0.0107023193066
89,6.5,2.8394621958402166,0.2529289651528971,14.241273781065239,False,0.053032564189294876,0.0,0.26470379984536885,-0.010711902244873481
89,7.0,2.5527511236913556,0.25640500933414023,13.928818619872278,False,0.044418744272299145,0.0,0.2646489430548512,-0.010723503733694132
89,7.5,3.9285085664648616,0.37928241262033024,14.022129129937264,False,0.06978183719038165,0.0,0.264594061349569,-0.010735125475747962
89,8.0,4.191588206151746,0.4006729002912664,14.061159544958224,True,0.07510958026412866,0.0,0.26453462297324987,-0.010747729069551324
89,8.5,5.044525602651879,0.49920008922282105,27.966318384539278,True,0.08883248288401337,0.0,0.26447447887154213,-0.010760500258608141
89,9.0,6.097323268976984,0.6187570370844598,27.81832581126245,False,0.10564126577748056,0.0,0.26441070123607424,-0.01077406276170929
89,9.5,7.01362207839755,0.644119240367796,28.368770280441204,False,0.12926648514854533,0.0,0.2643424915171803,-0.010788590306237893
89,10.0,7.67806908796553,0.7292339234713947,28.181754245493444,False,0.13851157677340048,0.0,0.2642734239323049,-0.010803324349873574
89,10.5,8.370893790357389,0.8279292335087333,27.95740988318412,False,0.14726354202927566,0.0,0.2642012304126296,-0.010818750877510337
89,11.0,8.832993886239443,0.9198737310100937,27.673259719992604,False,0.15065873018728665,0.0,0.26412539511182453,-0.010834983865828589
89,11.5,9.406637954180237,1.020008581953186,27.4696940632411,False,0.15701597606591627,0.0,0.26404617376365114,-0.010851972660158226
89,12.0,10.005342102065914,1.0796462543830918,27.566818546946095,False,0.16872910826262869,0.0,0.26396325508835894,-0.010869788341685536
89,12.5,10.287811412529342,1.1799716013051975,27.23637300580279,False,0.1676208629156352,0.0,0.2638781754985017,-0.01088810454578345
89,13.0,10.5005560803886,1.2447516203337146,27.05448217304849,False,0.1679581782811207,0.0,0.2637893904485267,-0.010907257697694336
89,13.5,10.541786101056948,1.2167195592392186,27.211542860884315,False,0.17132321416848956,0.0,0.26369824843433376,-0.010926961076431683
89,14.0,10.47944749319626,1.1146549805224155,27.66545612804375,False,0.17859181145276792,0.0,0.26360827122502534,-0.010946454256431181
89,14.5,10.052746012842892,1.1245251968230148,27.32199594160435,False,0.1652399927048403,0.0,0.2635222679091158,-0.01096512524995927
89,15.0,9.72809662122319,1.0264501839971452,27.64766801904919,False,0.16547188633897417,0.0,0.2634359901279157,-0.010983893967397773
89,15.5,8.702746465430735,0.8302615245793623,28.16930776368517,False,0.1567753715425419,0.0,0.2633535339612425,-0.01100186711944881
89,16.0,6.86075350947464,0.6518128291222748,28.163717999441044,False,0.12351465865063316,0.0,0.2632786223836384,-0.011018226146586176
89,16.5,5.544181765505518,0.5447049609675289,27.95207309794068,False,0.09747755475706818,0.0,0.26321058173378975,-0.011033109837816272
89,17.0,2.912725377097075,0.26635421027602796,14.15855575029329,False,0.053364392233345305,0.0,0.2631467042031592,-0.011047104664949488
89.0,17.5,0.0,0.0,0.0,0.0,0.0,0.0,0.263093488027,-0.0110587798651
89.0,18.0,0.0,0.0,0.0,0.0,0.0,0.0,0.263050477518,-0.011068226768
89.0,18.5,0.0,0.0,0.0,0.0,0.0,0.0,0.263007564133,-0.0110776619228
89.0,19.0,0.0,0.0,0.0,0.0,0.0,0.0,0.262964747456,-0.0110870853669
89.0,19.5,0.0,0.0,0.0,0.0,0.0,0.0,0.262922027078,-0.0110964971371
89.0,20.0,0.0,0.0,0.0,0.0,0.0,0.0,0.262879402591,-0.0111058972706
89.0,20.5,0.0,0.0,0.0,0.0,0.0,0.0,0.262836873588,-0.011115285804
89.0,21.0,0.0,0.0,0.0,0.0,0.0,0.0,0.262794439667,-0.0111246627739
89.0,21.5,0.0,0.0,0.0,0.0,0.0,0.0,0.262752100426,-0.0111340282166
89.0,22.0,0.0,0.0,0.0,0.0,0.0,0.0,0.262709855466,-0.0111433821683
89.0,22.5,0.0,0.0,0.0,0.0,0.0,0.0,0.262667704392,-0.0111527246652
89.0,23.0,0.0,0.0,0.0,0.0,0.0,0.0,0.262625646811,-0.0111620557431
89.0,23.5,0.0,0.0,0.0,0.0,0.0,0.0,0.26258368233,-0.0111713754376
89.0,24.0,0.0,0.0,0.0,0.0,0.0,0.0,0.26254181056,-0.0111806837843
90.0,0.5,0.0,0.0,0.0,0.0,0.0,0.0,0.262500031116,-0.0111899808186
90.0,1.0,0.0,0.0,0.0,0.0,0.0,0.0,0.262458343613,-0.0111992665757
90.0,1.5,0.0,0.0,0.0,0.0,0.0,0.0,0.262416747668,-0.0112085410905
90.0,2.0,0.0,0.0,0.0,0.0,0.0,0.0,0.262375242902,-0.011217804398
90.0,2.5,0.0,0.0,0.0,0.0,0.0,0.0,0.262333828938,-0.0112270565329
90.0,3.0,0.0,0.0,0.0,0.0,0.0,0.0,0.262292505399,-0.0112362975296
90.0,3.5,0.0,0.0,0.0,0.0,0.0,0.0,0.262251271915,-0.0112455274226
90.0,4.0,0.0,0.0,0.0,0.0,0.0,0.0,0.262210128112,-0.0112547462461
90.0,4.5,0.0,0.0,0.0,0.0,0.0,0.0,0.262169073623,-0.0112639540342
90.0,5.0,0.0,0.0,0.0,0.0,0.0,0.0,0.262128108082,-0.0112731508207
90.0,5.5,0.0,0.0,0.0,0.0,0.0,0.0,0.262087231124,-0.0112823366393
90.0,6.0,0.0,0.0,0.0,0.0,0.0,0.0,0.262046442386,-0.0112915115237
90.0,6.5,0.0,0.0,0.0,0.0,0.0,0.0,0.26200574151,-0.0113006755073
90,7.0,1.3159303989938929,0.12729923812880248,14.061467183549082,True,0.023581950653146562,0.0,0.26196512813704786,-0.011309828623284335
90,7.5,4.934849613956846,0.48472292365750397,28.017729954993367,False,0.08739851710022464,0.0,0.2619197709117678,-0.011320061313774775
90,8.0,6.40518674177231,0.6163608913758132,28.153797457146077,False,0.1151837386169966,0.0,0.26186093626955,-0.011333350978561111
90,8.5,7.820837656326081,0.850931174213384,27.49324951638927,False,0.1308691948394597,0.0,0.2617971924155432,-0.011347770530425091
90,9.0,8.53939040014659,0.8764321344675355,27.79134913003242,False,0.14751871384633253,0.0,0.2617246327254463,-0.011364210931402571
90,9.5,8.889816849622022,0.9338534331924514,27.650998087045142,False,0.15126687020505947,0.0,0.2616511910245745,-0.01138088008311382
90,10.0,9.750015053061144,1.077570447717168,27.426109805271416,False,0.1620067467009318,0.0,0.2615756555967252,-0.011398054849368443
90,10.5,9.926372575923356,1.1109136228439382,27.350019954065893,False,0.1636365872998123,0.0,0.2614947511867011,-0.011416484643646918
90,11.0,9.597166697253481,1.0801705098930947,27.29465291368974,False,0.15730706331476643,0.0,0.26141266614273906,-0.01143521968092338
90,11.5,9.66163903548748,1.3247649771412304,26.265024865057185,False,0.14413631132695504,0.0,0.2613318322069243,-0.01145370497565031
90,12.0,10.297595934550262,1.363864905018111,26.43098844216014,False,0.15592807729877345,0.0,0.26124180000688346,-0.011474335678636975
90,12.5,9.991543931387643,1.3306458122733293,26.448408686635602,False,0.151512671475731,0.0,0.26115036772853273,-0.011495332536908456
90,13.0,10.441907776044147,1.3525222307348737,26.579131474043777,False,0.16027404379812143,0.0,0.2610602795579193,-0.011516065518574427
90,13.5,10.772795715933388,1.2294978018305138,27.286429527578875,False,0.17642729944550312,0.0,0.26096944431034613,-0.011537015558789459
90,14.0,10.132978917367259,1.3573963351315683,26.34694331444472,False,0.1520231926123886,0.0,0.26088336065678647,-0.011556911623451923
90,14.5,9.935533590664098,1.2268141009205695,26.860569488975713,False,0.1565900690073937,0.0,0.26079250577882157,-0.01157795479571731
90,15.0,9.711698245469984,1.1691964919184388,26.989281573580723,False,0.15503240571245272,0.0,0.260706688707251,-0.011597873084685543
90,15.5,9.389385983703855,1.1038274595235342,27.137829087521077,False,0.15145406151876556,0.0,0.26062314014092497,-0.011617304084975449
90,16.0,8.532635391725501,0.8956056338901184,27.688346958510962,False,0.14577151199629007,0.0,0.26054215395207875,-0.011636176182432303
90,16.5,7.252085034733595,0.7709545924744008,27.59525771307719,False,0.12266827052597294,0.0,0.26046915110630736,-0.011653219243865018
90,17.0,5.282254028062233,0.5327337668832417,27.860541089946594,False,0.09194223301068202,0.0,0.2604009598090531,-0.01166916588566997
90.0,17.5,0.0,0.0,0.0,0.0,0.0,0.0,0.260341889743,-0.0116830005331
90.0,18.0,0.0,0.0,0.0,0.0,0.0,0.0,0.260303117376,-0.0116920919327
90.0,18.5,0.0,0.0,0.0,0.0,0.0,0.0,0.260264425209,-0.0117011729313
90.0,19.0,0.0,0.0,0.0,0.0,0.0,0.0,0.260225812962,-0.0117102435515
90.0,19.5,0.0,0.0,0.0,0.0,0.0,0.0,0.260187280356,-0.011719303816
90.0,20.0,0.0,0.0,0.0,0.0,0.0,0.0,0.260148827113,-0.0117283537472
90.0,20.5,0.0,0.0,0.0,0.0,0.0,0.0,0.260110452956,-0.0117373933678
90.0,21.0,0.0,0.0,0.0,0.0,0.0,0.0,0.260072157609,-0.0117464227004
90.0,21.5,0.0,0.0,0.0,0.0,0.0,0.0,0.260033940797,-0.0117554417678
90.0,22.0,0.0,0.0,0.0,0.0,0.0,0.0,0.259995802246,-0.0117644505927
90.0,22.5,0.0,0.0,0.0,0.0,0.0,0.0,0.259957741683,-0.0117734491976
90.0,23.0,0.0,0.0,0.0,0.0,0.0,0.0,0.259919758835,-0.0117824376054
90.0,23.5,0.0,0.0,0.0,0.0,0.0,0.0,0.259881853431,-0.0117914158387
90.0,24.0,0.0,0.0,0.0,0.0,0.0,0.0,0.259844025201,-0.0118003839204
91.0,0.5,0.0,0.0,0.0,0.0,0.0,0.0,0.259806273876,-0.0118093418732
91.0,1.0,0.0,0.0,0.0,0.0,0.0,0.0,0.259768599188,-0.0118182897198
91.0,1.5,0.0,0.0,0.0,0.0,0.0,0.0,0.259731000868,-0.011827227483
91.0,2.0,0.0,0.0,0.0,0.0,0.0,0.0,0.25969347865,-0.0118361551857
91.0,2.5,0.0,0.0,0.0,0.0,0.0,0.0,0.25965603227,-0.0118450728505
91.0,3.0,0.0,0.0,0.0,0.0,0.0,0.0,0.259618661462,-0.0118539805003
91.0,3.5,0.0,0.0,0.0,0.0,0.0,0.0,0.259581365963,-0.0118628781578
91.0,4.0,0.0,0.0,0.0,0.0,0.0,0.0,0.25954414551,-0.0118717658459
91.0,4.5,0.0,0.0,0.0,0.0,0.0,0.0,0.259506999843,-0.0118806435872
91.0,5.0,0.0,0.0,0.0,0.0,0.0,0.0,0.2594699287,-0.0118895114046
91.0,5.5,0.0,0.0,0.0,0.0,0.0,0.0,0.259432931822,-0.0118983693209
91.0,6.0,0.0,0.0,0.0,0.0,0.0,0.0,0.259396008951,-0.0119072173588
91.0,6.5,0.0,0.0,0.0,0.0,0.0,0.0,0.259359159828,-0.011916055541
91,7.0,1.5026191391686456,0.14853121053227886,14.008564498460002,True,0.02661031366519965,0.0,0.2593223841971294,-0.011924883890293147
91,7.5,5.397030554170616,0.6130519090070377,27.200941669082447,False,0.0876166780917613,0.0,0.2592800450508275,-0.011935057468384667
91,8.0,6.672439108465692,0.7588860059584033,27.22825081728104,True,0.10862469267885995,0.0,0.25922015034945267,-0.011949467099262541
91,8.5,8.334036095751724,0.9037216750804884,27.498082121187675,False,0.13952767582947528,0.0,0.2591547939798186,-0.011965214369667736
91,9.0,9.39079087361802,1.163559738639579,26.778753368979267,False,0.14719958198446306,0.0,0.25908401358063715,-0.011982296428342625
91,9.5,9.783878087760037,1.2169145357725548,26.782331497098347,False,0.1523265059043401,0.0,0.25900344456740343,-0.012001776234511161
91,10.0,10.176591090603704,1.1862782243768124,27.146793774228723,False,0.16430130337880866,0.0,0.25892092272229494,-0.01202176732030766
91,10.5,10.320977854079812,1.2391439077610225,26.964417762833076,False,0.1636042302681299,0.0,0.25883963525891795,-0.012041498175215465
91,11.0,10.373679649590624,1.369847571186342,26.469658907171983,False,0.15671358648566946,0.0,0.25875641303874003,-0.012061738638146082
91,11.5,10.235463489413986,1.3880885057919687,26.312591022987316,False,0.15323889466467222,0.0,0.2586683018747857,-0.012083212334766736
91,12.0,10.271588593291641,1.4194282205600104,26.22126212012771,False,0.15250924967021331,0.0,0.2585795694847775,-0.012104883479963423
91,12.5,10.244838509768336,1.4230959178558664,26.200981093046384,False,0.15176569876139398,0.0,0.25848971853619457,-0.012126875016115814
91,13.0,10.227901124102193,1.430496515350689,26.15361171176685,False,0.1508288979554905,0.0,0.2583997989487838,-0.012148931026156232
91,13.5,10.335731099046573,1.4557699925571643,26.119818116584042,False,0.15195269168768538,0.0,0.2583096688298209,-0.012171086657079765
91,14.0,10.357776746029955,1.4610239410129127,26.11231201772342,False,0.15220086265750876,0.0,0.258218649677572,-0.012193509701573556
91,14.5,10.468747004885582,1.4181726840882294,26.34064520841513,False,0.15696303536299044,0.0,0.25812750100770876,-0.012216013996173095
91,15.0,10.22566302251283,1.1273950887711859,27.479851128018016,False,0.17086928192961615,0.0,0.2580380481883043,-0.01223814772121214
91,15.5,9.574582001123407,1.0496491869175328,27.46916008862086,False,0.15981035081621195,0.0,0.2579596997915889,-0.0122575730898667
91,16.0,9.260230818568964,1.012662052181662,27.543431943529903,False,0.15577742331736125,0.0,0.2578843710582265,-0.012276284426220177
91,16.5,9.524539207175431,1.039029417882844,27.54343195226457,False,0.16022367099141677,0.0,0.25781051497947904,-0.012294663011264884
91,17.0,8.168780692580372,0.9551722102872291,27.062800285082897,False,0.1307704057312814,0.0,0.2577357270413778,-0.012313306898508722
91,17.5,6.5812025412062365,0.7041756441438223,27.503996163967898,False,0.11025051345868014,0.0,0.25766419004856794,-0.012331171886391898
91,18.0,4.833713281581927,0.47561009218195976,13.940751326858003,False,0.0843284012525907,0.0,0.2576022467205083,-0.012346665993678134
91.0,18.5,0.0,0.0,0.0,0.0,0.0,0.0,0.257549045592,-0.0123599919025
91.0,19.0,0.0,0.0,0.0,0.0,0.0,0.0,0.257513961783,-0.0123687891315
91.0,19.5,0.0,0.0,0.0,0.0,0.0,0.0,0.257478945708,-0.012377576816
91.0,20.0,0.0,0.0,0.0,0.0,0.0,0.0,0.257443997159,-0.0123863549723
91.0,20.5,0.0,0.0,0.0,0.0,0.0,0.0,0.257409115931,-0.0123951236166
91.0,21.0,0.0,0.0,0.0,0.0,0.0,0.0,0.257374301817,-0.012403882765
91.0,21.5,0.0,0.0,0.0,0.0,0.0,0.0,0.257339554612,-0.0124126324339
91.0,22.0,0.0,0.0,0.0,0.0,0.0,0.0,0.257304874111,-0.0124213726399
91.0,22.5,0.0,0.0,0.0,0.0,0.0,0.0,0.257270260108,-0.0124301033994
91.0,23.0,0.0,0.0,0.0,0.0,0.0,0.0,0.2572357124,-0.0124388247289
91.0,23.5,0.0,0.0,0.0,0.0,0.0,0.0,0.257201230782,-0.0124475366453
91.0,24.0,0.0,0.0,0.0,0.0,0.0,0.0,0.257166815051,-0.0124562391653
92.0,0.5,0.0,0.0,0.0,0.0,0.0,0.0,0.257132465004,-0.0124649323055
92.0,1.0,0.0,0.0,0.0,0.0,0.0,0.0,0.257098180437,-0.012473616083
92.0,1.5,0.0,0.0,0.0,0.0,0.0,0.0,0.257063961149,-0.0124822905147
92.0,2.0,0.0,0.0,0.0,0.0,0.0,0.0,0.257029806939,-0.0124909556175
92.0,2.5,0.0,0.0,0.0,0.0,0.0,0.0,0.256995717604,-0.0124996114085
92.0,3.0,0.0,0.0,0.0,0.0,0.0,0.0,0.256961692944,-0.0125082579049
92.0,3.5,0.0,0.0,0.0,0.0,0.0,0.0,0.256927732758,-0.0125168951238
92.0,4.0,0.0,0.0,0.0,0.0,0.0,0.0,0.256893836847,-0.0125255230825
92.0,4.5,0.0,0.0,0.0,0.0,0.0,0.0,0.256860005011,-0.0125341417982
92.0,5.0,0.0,0.0,0.0,0.0,0.0,0.0,0.256826237051,-0.0125427512882
92.0,5.5,0.0,0.0,0.0,0.0,0.0,0.0,0.256792532769,-0.01255135157
92.0,6.0,0.0,0.0,0.0,0.0,0.0,0.0,0.256758891966,-0.0125599426609
92.0,6.5,0.0,0.0,0.0,0.0,0.0,0.0,0.256725314446,-0.0125685245784
92,7.0,5.882612909171797,0.6023473117014514,27.784486793643243,False,0.10154697628599875,0.0,0.2566918000114598,-0.012577097339991652
92,7.5,7.742416727882984,0.8611190722296812,27.326655268166697,False,0.12732571747845534,0.0,0.2566354894160734,-0.012591516894771662
92,8.0,8.979182665427246,1.0542648604833706,27.03496832048394,False,0.14334230329873754,0.0,0.2565694211386777,-0.012608460237282326
92,8.5,9.927283104933927,1.1189983504959249,27.320961431482246,False,0.1631602806720929,0.0,0.2564960854867883,-0.012627299133993169
92,9.0,10.435890524492239,1.2336169032494753,27.083904927164912,False,0.16741913341126374,0.0,0.25642035550714193,-0.01264678830862119
92,9.5,10.820461730636385,1.32290697633547,26.883427469883458,False,0.1712244359357758,0.0,0.25634033787223354,-0.012667419868540105
92,10.0,11.07758598180336,1.4294513574495273,26.607292170236065,False,0.17072238630724762,0.0,0.2562569936062044,-0.012688951811477275
92,10.5,11.056129558751238,1.5715121514167925,26.032138797405885,False,0.1613027909112998,0.0,0.25616966772019745,-0.012711559202842754
92,11.0,11.043081521455807,1.5516245980674284,26.120924910905714,False,0.162352918594742,0.0,0.2560770121810796,-0.012735598857487962
92,11.5,11.01217676339814,1.546471957842402,26.16479831384816,False,0.16267501940832266,0.0,0.25598517273502613,-0.012759480248438341
92,12.0,10.76332014238314,1.510553181339678,26.165179134530092,False,0.15884028387618593,0.0,0.25589359000930456,-0.012783348034792794
92,12.5,10.779321118220029,1.51570219682835,26.152022970284996,False,0.15884320043850206,0.0,0.25580343139543915,-0.012806896655999489
92,13.0,10.749621693002727,1.5127794161962183,26.1391757881832,False,0.15825303154787446,0.0,0.2557131381927431,-0.012830532250369803
92,13.5,9.963359782648018,2.099299965583467,23.556650391199746,False,0.11842080309417126,0.0,0.25562301654702363,-0.012854174779731116
92,14.0,10.174607930344518,2.1263340142880103,23.62621322651747,False,0.12148519817505904,0.0,0.25551069693711587,-0.012883713427627659
92,14.5,10.043018592862168,2.122261164336106,23.546468499569883,False,0.11918793898422737,0.0,0.25539741167189345,-0.01291358798969137
92,15.0,9.838935772026286,2.0784236494198636,23.53942967494183,False,0.11666736141804727,0.0,0.25528434108327036,-0.012943488277515845
92,15.5,9.64148027463088,2.046611380540329,23.494760103332023,False,0.113910768376527,0.0,0.25517299406690275,-0.012973013430686067
92,16.0,9.233191045835671,1.9236068085008793,23.61944254238369,False,0.10977257889346084,0.0,0.2550629140958544,-0.013002281523564207
92,16.5,8.831296968753158,1.8248639259943242,23.649514275428935,False,0.10523099427318436,0.0,0.2549575617457145,-0.013030366342205545
92,17.0,7.118194251588273,1.4392352136456368,23.762942298193927,False,0.08554499809575894,0.0,0.2548560161206547,-0.013057504798194178
92,17.5,5.578135237737042,1.1070832535851103,23.855389039256945,False,0.06750835711355772,0.0,0.2547691643589158,-0.013080769708604058
92,18.0,3.482394918326854,0.6700044685248602,12.006004861633205,False,0.04265326829726855,0.0,0.25469497685756093,-0.013100681373816932
92.0,18.5,0.0,0.0,0.0,0.0,0.0,0.0,0.254637435422,-0.0131161501643
92.0,19.0,0.0,0.0,0.0,0.0,0.0,0.0,0.254605379411,-0.0131247771796
92.0,19.5,0.0,0.0,0.0,0.0,0.0,0.0,0.254573382026,-0.0131333951601
92.0,20.0,0.0,0.0,0.0,0.0,0.0,0.0,0.254541443109,-0.0131420041179
92.0,20.5,0.0,0.0,0.0,0.0,0.0,0.0,0.254509562499,-0.0131506040655
92.0,21.0,0.0,0.0,0.0,0.0,0.0,0.0,0.254477740036,-0.0131591950154
92.0,21.5,0.0,0.0,0.0,0.0,0.0,0.0,0.25444597556,-0.0131677769802
92.0,22.0,0.0,0.0,0.0,0.0,0.0,0.0,0.254414268911,-0.0131763499725
92.0,22.5,0.0,0.0,0.0,0.0,0.0,0.0,0.254382619931,-0.0131849140054
92.0,23.0,0.0,0.0,0.0,0.0,0.0,0.0,0.254351028458,-0.0131934690915
92.0,23.5,0.0,0.0,0.0,0.0,0.0,0.0,0.254319494335,-0.013202015244
92.0,24.0,0.0,0.0,0.0,0.0,0.0,0.0,0.254288017401,-0.013210552476
93.0,0.5,0.0,0.0,0.0,0.0,0.0,0.0,0.254256597498,-0.0132190808007
93.0,1.0,0.0,0.0,0.0,0.0,0.0,0.0,0.254225234468,-0.0132276002313
93.0,1.5,0.0,0.0,0.0,0.0,0.0,0.0,0.25419392815,-0.0132361107813
93.0,2.0,0.0,0.0,0.0,0.0,0.0,0.0,0.254162678388,-0.0132446124642
93.0,2.5,0.0,0.0,0.0,0.0,0.0,0.0,0.254131485023,-0.0132531052934
93.0,3.0,0.0,0.0,0.0,0.0,0.0,0.0,0.254100347896,-0.0132615892827
93.0,3.5,0.0,0.0,0.0,0.0,0.0,0.0,0.25406926685,-0.0132700644457
93.0,4.0,0.0,0.0,0.0,0.0,0.0,0.0,0.254038241728,-0.0132785307963
93.0,4.5,0.0,0.0,0.0,0.0,0.0,0.0,0.254007272372,-0.0132869883482
93.0,5.0,0.0,0.0,0.0,0.0,0.0,0.0,0.253976358625,-0.0132954371155
93.0,5.5,0.0,0.0,0.0,0.0,0.0,0.0,0.25394550033,-0.0133038771122
93.0,6.0,0.0,0.0,0.0,0.0,0.0,0.0,0.253914697331,-0.0133123083522
93,6.5,1.7769964705933707,0.1551804965315145,14.350115776192753,False,0.03405938757466843,0.0,0.25388394947060855,-0.0133207308498962
93,7.0,6.693215703331672,0.601976477920991,28.526051994639573,False,0.12565080628849162,0.0,0.2538473675015924,-0.013330759706822293
93,7.5,8.371762094280582,0.819977179416296,28.084951760645296,False,0.14938584110486425,0.0,0.2537938844751403,-0.013345438142771096
93,8.0,9.239507693150717,0.978807696589891,27.67102850823568,False,0.15755468513666293,0.0,0.25373218300499717,-0.013362396063480116
93,8.5,9.833017957149902,1.1263325054912923,27.252659469198306,False,0.1604785347309272,0.0,0.25366450844182714,-0.01338102514972487
93,9.0,10.244658239307109,1.2662002851696017,26.836648883607463,False,0.16035289391654106,0.0,0.25359128968264344,-0.013401215274191126
93,9.5,10.507973860468265,1.3779428721244542,26.50917027813876,False,0.1593402162800894,0.0,0.2535128171581355,-0.013422894439076502
93,10.0,10.662405235071052,1.483427814710043,26.180185541242047,False,0.15676590975048219,0.0,0.25343015806568914,-0.013445775408214015
93,10.5,10.711117497984752,1.5604111780437906,25.91671537445142,False,0.15373846941895236,0.0,0.2533435497313462,-0.013469799445116077
93,11.0,10.616568731206604,1.6088732193267434,25.65410518943758,False,0.14947012206706353,0.0,0.2532540736383905,-0.013494672692796425
93,11.5,10.457268258172029,1.6897632507526008,25.27314517863713,False,0.14246559249245538,0.0,0.2531628120204294,-0.013520098689435218
93,12.0,10.387671603253297,1.7573572116629992,24.991610080964115,False,0.13815087308327298,0.0,0.2530685340888865,-0.01354642501132301
93,12.5,10.453087434361063,1.8381707069120985,24.75479673333919,False,0.136338169224197,0.0,0.25297174428206337,-0.013573516319079278
93,13.0,10.395133512903813,1.847321303619808,24.682921506795168,False,0.13476363282184442,0.0,0.25287194077353536,-0.013601518784409123
93,13.5,10.393563631597546,1.8784927160737876,24.57541830500918,False,0.13356223748812687,0.0,0.2527718430220128,-0.013629672970387835
93,14.0,10.388257292725743,1.9236303359284526,24.418675778727838,False,0.13179945634804785,0.0,0.252670615195176,-0.013658215653785704
93,14.5,10.295320462196594,1.9581322757206316,24.24813730054746,False,0.12885369264583635,0.0,0.2525677271338068,-0.013687299474589689
93,15.0,10.154709449862196,1.9465893784828856,24.18552384628443,False,0.12642658056505326,0.0,0.2524635823201748,-0.013716813725251558
93,15.5,9.867876881634878,1.9359322471395197,24.051423550484706,False,0.12123219014847061,0.0,0.2523599280133568,-0.013746264291932197
93,16.0,9.63774291311686,1.8997072903543184,24.00155221720845,False,0.11795058440303743,0.0,0.25225673045953667,-0.013775659956422343
93,16.5,9.16932724457181,1.797218551230834,24.01646107098786,False,0.11234678283109188,0.0,0.2521549598184,-0.013804722546990143
93,17.0,8.36834266415871,1.6193966712442336,24.074958748823505,False,0.10299680825678655,0.0,0.2520571306601485,-0.013832728459653438
93,17.5,6.982954805452696,1.3163023361957251,24.214475752024207,False,0.08688342464954085,0.0,0.2519661017376602,-0.01385884846350937
93,18.0,4.448664668560432,0.7955556621882247,12.262511891204042,False,0.056729139666327394,0.0,0.25188662699915193,-0.013881701151262147
93.0,18.5,0.0,0.0,0.0,0.0,0.0,0.0,0.251826966206,-0.0138988859143
93.0,19.0,0.0,0.0,0.0,0.0,0.0,0.0,0.25179754821,-0.0139073688372
93.0,19.5,0.0,0.0,0.0,0.0,0.0,0.0,0.251768181583,-0.0139158431009
93.0,20.0,0.0,0.0,0.0,0.0,0.0,0.0,0.251738866192,-0.0139243087168
93.0,20.5,0.0,0.0,0.0,0.0,0.0,0.0,0.251709601903,-0.0139327656963
93.0,21.0,0.0,0.0,0.0,0.0,0.0,0.0,0.251680388583,-0.0139412140509
93.0,21.5,0.0,0.0,0.0,0.0,0.0,0.0,0.251651226099,-0.0139496537922
93.0,22.0,0.0,0.0,0.0,0.0,0.0,0.0,0.251622114319,-0.0139580849321
93.0,22.5,0.0,0.0,0.0,0.0,0.0,0.0,0.251593053111,-0.0139665074823
93.0,23.0,0.0,0.0,0.0,0.0,0.0,0.0,0.25156404234,-0.0139749214547
93.0,23.5,0.0,0.0,0.0,0.0,0.0,0.0,0.251535081876,-0.0139833268612
93.0,24.0,0.0,0.0,0.0,0.0,0.0,0.0,0.251506171586,-0.0139917237141
94.0,0.5,0.0,0.0,0.0,0.0,0.0,0.0,0.251477311338,-0.0140001120253
94.0,1.0,0.0,0.0,0.0,0.0,0.0,0.0,0.251448500999,-0.0140084918072
94.0,1.5,0.0,0.0,0.0,0.0,0.0,0.0,0.251419740438,-0.0140168630719
94.0,2.0,0.0,0.0,0.0,0.0,0.0,0.0,0.251391029523,-0.0140252258319
94.0,2.5,0.0,0.0,0.0,0.0,0.0,0.0,0.251362368123,-0.0140335800997
94.0,3.0,0.0,0.0,0.0,0.0,0.0,0.0,0.251333756106,-0.0140419258876
94.0,3.5,0.0,0.0,0.0,0.0,0.0,0.0,0.251305193341,-0.0140502632084
94.0,4.0,0.0,0.0,0.0,0.0,0.0,0.0,0.251276679696,-0.0140585920745
94.0,4.5,0.0,0.0,0.0,0.0,0.0,0.0,0.251248215042,-0.0140669124988
94.0,5.0,0.0,0.0,0.0,0.0,0.0,0.0,0.251219799246,-0.014075224494
94.0,5.5,0.0,0.0,0.0,0.0,0.0,0.0,0.251191432179,-0.0140835280729
94.0,6.0,0.0,0.0,0.0,0.0,0.0,0.0,0.251163113711,-0.0140918232485
94,6.5,1.2197578003373648,0.09342940724852816,14.691808460193027,False,0.025476576331259323,0.0,0.25113484371048134,-0.014100110033569663
94,7.0,5.187075301727192,0.4105418943658022,29.20500570781629,False,0.10585783372909696,0.0,0.2511030764069833,-0.014109428912115104
94,7.5,6.22638587580804,0.5178161205381526,28.972802637185417,False,0.12339238115816578,0.0,0.2510593229091701,-0.014122275934755405
94,8.0,7.089210614761568,0.6275314913228696,28.67651770117576,True,0.13549057129033876,0.0,0.2510115464388282,-0.01413632011552273
94,8.5,7.981927772444369,0.7546705408813125,28.348682273279657,True,0.14677151850248288,0.0,0.2509596542254982,-0.014151593000764857
94,9.0,8.894915776613383,0.8955336373975666,28.027961206452396,False,0.1577128043355175,0.0,0.25090298491272456,-0.014168294343139083
94,9.5,9.671600381862682,1.0528746520814054,27.610093392390766,False,0.16385259647560824,0.0,0.2508410175453429,-0.014186583993890655
94,10.0,9.924023829132,1.1645322687202677,27.200941507830482,False,0.16110896399133834,0.0,0.2507731266594148,-0.014206654271769197
94,10.5,10.160177532944559,1.2699576931873378,26.84365779857542,False,0.15914032025227803,0.0,0.2507010458103294,-0.014228000248274598
94,11.0,10.206108786537781,1.3247255401154852,26.629249180700647,False,0.15655475027434884,0.0,0.25062501138282467,-0.014250558464066523
94,11.5,10.485237020365455,1.416839762393532,26.347435609809324,False,0.15730934360151086,0.0,0.25054694570338093,-0.01427376367113558
94,12.0,10.218450698701464,1.480606196278859,25.959076700827822,False,0.1479500198154292,0.0,0.2504654313536163,-0.014298042069211382
94,12.5,10.246118241618076,1.5719998233301875,25.60917082939163,False,0.14375292967276007,0.0,0.2503815440059844,-0.0143230786352878
94,13.0,10.369626123620428,1.6572072524867818,25.344547487781632,False,0.1422116869831649,0.0,0.250294235085936,-0.014349191879485895
94,13.5,10.384381222106018,1.7179404654410289,25.147567456932435,False,0.14002734827786248,0.0,0.25020373923609135,-0.01437631819380753
94,14.0,10.53162036452758,1.8072619044165357,24.91650829444678,False,0.13921238547970463,0.0,0.2501109851291541,-0.01440418485516359
94,14.5,10.41966479196695,1.8100400175180231,24.826204794475895,False,0.13669099990310282,0.0,0.25001488772158775,-0.014433123871315613
94,15.0,9.689199833468837,1.6950519961113857,24.768103904461885,False,0.12601155884050957,0.0,0.24991873120712077,-0.014462150050448418
94,15.5,9.48308368526613,1.6125154335755345,24.89507338036426,False,0.12462457104518693,0.0,0.2498269846842322,-0.014489909873988396
94,16.0,8.562166723372702,1.4469701083332795,24.937818511231008,False,0.11292083343281326,0.0,0.24973841650213272,-0.014516768270498
94,16.5,7.064213507335073,1.1483340526101702,25.14576272998181,False,0.09479958831923876,0.0,0.24965617672024173,-0.014541760699215173
94,17.0,7.782254823435,1.2365972683349649,25.29250350508798,False,0.1057444690993963,0.0,0.24958531600675044,-0.014563336188175012
94,17.5,5.944450140951695,0.9096658202035507,25.50009068422276,False,0.08223061053298455,0.0,0.24951115143637967,-0.01458595848946606
94,18.0,5.11262871420537,0.7456377035710854,12.87907094672628,False,0.07234731383338988,0.0,0.2494494395082785,-0.01460481430108932
94.0,18.5,0.0,0.0,0.0,0.0,0.0,0.0,0.249393997933,-0.0146217790047
94.0,19.0,0.0,0.0,0.0,0.0,0.0,0.0,0.249366898647,-0.0146300797239
94.0,19.5,0.0,0.0,0.0,0.0,0.0,0.0,0.249339844624,-0.0146383721802
94.0,20.0,0.0,0.0,0.0,0.0,0.0,0.0,0.249312835746,-0.0146466563854
94.0,20.5,0.0,0.0,0.0,0.0,0.0,0.0,0.249285871899,-0.0146549323513
94.0,21.0,0.0,0.0,0.0,0.0,0.0,0.0,0.249258952966,-0.01466320009
94.0,21.5,0.0,0.0,0.0,0.0,0.0,0.0,0.249232078833,-0.0146714596134
94.0,22.0,0.0,0.0,0.0,0.0,0.0,0.0,0.249205249384,-0.0146797109335
94.0,22.5,0.0,0.0,0.0,0.0,0.0,0.0,0.249178464504,-0.0146879540624
94.0,23.0,0.0,0.0,0.0,0.0,0.0,0.0,0.249151724078,-0.0146961890123
94.0,23.5,0.0,0.0,0.0,0.0,0.0,0.0,0.249125027993,-0.0147044157954
94.0,24.0,0.0,0.0,0.0,0.0,0.0,0.0,0.249098376132,-0.0147126344238
95.0,0.5,0.0,0.0,0.0,0.0,0.0,0.0,0.249071768382,-0.01472084491
95.0,1.0,0.0,0.0,0.0,0.0,0.0,0.0,0.249045204628,-0.0147290472662
95.0,1.5,0.0,0.0,0.0,0.0,0.0,0.0,0.249018684757,-0.0147372415048
95.0,2.0,0.0,0.0,0.0,0.0,0.0,0.0,0.248992208655,-0.0147454276383
95.0,2.5,0.0,0.0,0.0,0.0,0.0,0.0,0.248965776208,-0.0147536056791
95.0,3.0,0.0,0.0,0.0,0.0,0.0,0.0,0.248939387302,-0.0147617756398
95.0,3.5,0.0,0.0,0.0,0.0,0.0,0.0,0.248913041825,-0.0147699375328
95.0,4.0,0.0,0.0,0.0,0.0,0.0,0.0,0.248886739663,-0.0147780913708
95.0,4.5,0.0,0.0,0.0,0.0,0.0,0.0,0.248860480703,-0.0147862371665
95.0,5.0,0.0,0.0,0.0,0.0,0.0,0.0,0.248834264833,-0.0147943749324
95.0,5.5,0.0,0.0,0.0,0.0,0.0,0.0,0.24880809194,-0.0148025046813
95.0,6.0,0.0,0.0,0.0,0.0,0.0,0.0,0.248781961912,-0.014810626426
95,6.5,0.7154914672320266,0.054870101657140576,14.697541002762627,True,0.01496670313621109,0.0,0.2487558746361987,-0.014818740179185722
95,7.0,3.5524752333014353,0.28457145936068834,29.165175264400425,True,0.07213034622399837,0.0,0.24872774768420916,-0.014827494253652582
95,7.5,4.549149993938946,0.4002305354785003,28.693243954138797,True,0.08711943480022995,0.0,0.248690946106684,-0.014838957476718772
95,8.0,5.630607307832696,0.5426185878672537,28.221813712984897,True,0.10203911859049442,0.0,0.24864979769096696,-0.014851787190555863
95,8.5,6.332055183017129,0.6372824286484384,28.002724797101656,True,0.11195666156644354,0.0,0.2486032879626357,-0.01486630442953874
95,9.0,6.955519618413886,0.7178011480588634,27.87975224519633,True,0.12132189856592372,0.0,0.2485532279422723,-0.014881948729790834
95,9.5,7.968819658257846,0.8831212164482881,27.493249512124066,True,0.13334543668139034,0.0,0.24850015432605493,-0.014898556238418178
95,10.0,9.233117287253226,1.1188809547504368,26.984605899370592,True,0.14665489557635342,0.0,0.2484408487970387,-0.014917139933808719
95,10.5,9.611942687610787,1.2346776285632102,26.650755416659536,False,0.147747036172339,0.0,0.24837263806366663,-0.014938548283161998
95,11.0,9.59296754762648,1.26573863431889,26.499588052369194,False,0.14533254984779764,0.0,0.24830007460888126,-0.014961362958623695
95,11.5,9.57848148866625,1.290348560901261,26.3864966430664,False,0.1435668454348368,0.0,0.24822637403822054,-0.014984577663396127
95,12.0,9.742036845220746,1.3680195368401655,26.14165730234231,False,0.14272579760512563,0.0,0.24815178106158223,-0.015008117178186987
95,12.5,9.87404519388052,1.4359224004401017,25.931391122654176,False,0.14191173979009492,0.0,0.24807428190713843,-0.015032620486224287
95,13.0,9.936695303234828,1.5001129885783024,25.69915468535004,False,0.13987731833322195,0.0,0.24799424716705906,-0.015057975530905886
95,13.5,10.019739059072048,1.5474303578812965,25.534805062287703,False,0.1394745495428396,0.0,0.24791181761534048,-0.015084142535230135
95,14.0,10.031515757774784,1.5399437954375537,25.593733125338495,False,0.13990694914902868,0.0,0.2478276334836444,-0.015110922465424859
95,14.5,10.03397940809888,1.5086048768433282,25.690650235507302,False,0.14159508179676916,0.0,0.24774377447279486,-0.015137655309842504
95,15.0,9.914221798190116,1.4533197777815194,25.851978948996248,False,0.14147415415390674,0.0,0.24766114567344452,-0.01516405111618606
95,15.5,9.814790486843322,1.4178352384497277,25.924047316658797,False,0.14096659090888256,0.0,0.24758065573740776,-0.015189816406942468
95,16.0,9.642532058029055,1.3630003998889655,26.036964315050945,False,0.13991894401565552,0.0,0.2475015531304574,-0.01521518844083115
95,16.5,9.311993769560654,1.2865797446396472,26.1509573662413,False,0.136542394604811,0.0,0.2474245720919659,-0.015239928480507479
95,17.0,8.681812921938072,1.168378797816407,26.283485496702625,False,0.12887631771325117,0.0,0.2473505316995624,-0.015263768691519996
95,17.5,7.65360800214574,1.0022370670147818,26.415483161662664,False,0.11503007975366068,0.0,0.24728101741063352,-0.015286191999298586
95,18.0,5.3432718718626235,0.6811255255024472,13.275384255367443,False,0.08134655738315087,0.0,0.24721784847338152,-0.015306602524707875
95.0,18.5,0.0,0.0,0.0,0.0,0.0,0.0,0.247166905883,-0.0153230862485
95.0,19.0,0.0,0.0,0.0,0.0,0.0,0.0,0.247141852049,-0.0153312007887
95.0,19.5,0.0,0.0,0.0,0.0,0.0,0.0,0.247116838193,-0.0153393074891
95.0,20.0,0.0,0.0,0.0,0.0,0.0,0.0,0.247091864214,-0.0153474063615
95.0,20.5,0.0,0.0,0.0,0.0,0.0,0.0,0.24706693001,-0.0153554974181
95.0,21.0,0.0,0.0,0.0,0.0,0.0,0.0,0.247042035482,-0.0153635806708
95.0,21.5,0.0,0.0,0.0,0.0,0.0,0.0,0.24701718053,-0.0153716561317
95.0,22.0,0.0,0.0,0.0,0.0,0.0,0.0,0.246992365052,-0.0153797238129
95.0,22.5,0.0,0.0,0.0,0.0,0.0,0.0,0.246967588949,-0.0153877837264
95.0,23.0,0.0,0.0,0.0,0.0,0.0,0.0,0.246942852122,-0.0153958358844
95.0,23.5,0.0,0.0,0.0,0.0,0.0,0.0,0.24691815447,-0.0154038802992
95.0,24.0,0.0,0.0,0.0,0.0,0.0,0.0,0.246893495895,-0.0154119169828
96.0,0.5,0.0,0.0,0.0,0.0,0.0,0.0,0.246868876297,-0.0154199459475
96.0,1.0,0.0,0.0,0.0,0.0,0.0,0.0,0.246844295577,-0.0154279672056
96.0,1.5,0.0,0.0,0.0,0.0,0.0,0.0,0.246819753637,-0.0154359807693
96.0,2.0,0.0,0.0,0.0,0.0,0.0,0.0,0.246795250377,-0.0154439866508
96.0,2.5,0.0,0.0,0.0,0.0,0.0,0.0,0.2467707857,-0.0154519848626
96.0,3.0,0.0,0.0,0.0,0.0,0.0,0.0,0.246746359507,-0.0154599754168
96.0,3.5,0.0,0.0,0.0,0.0,0.0,0.0,0.2467219717,-0.015467958326
96.0,4.0,0.0,0.0,0.0,0.0,0.0,0.0,0.246697622181,-0.0154759336024
96.0,4.5,0.0,0.0,0.0,0.0,0.0,0.0,0.246673310853,-0.0154839012584
96.0,5.0,0.0,0.0,0.0,0.0,0.0,0.0,0.246649037618,-0.0154918613064
96.0,5.5,0.0,0.0,0.0,0.0,0.0,0.0,0.24662480238,-0.0154998137589
96.0,6.0,0.0,0.0,0.0,0.0,0.0,0.0,0.24660060504,-0.0155077586283
96.0,6.5,0.0,0.0,0.0,0.0,0.0,0.0,0.246576445503,-0.015515695927
96.0,7.0,0.0,0.0,0.0,0.0,0.0,0.0,0.246552323671,-0.0155236256675
96,7.5,0.0523632982178377,0.002880331786493814,30.96103274392592,True,0.0013793661285784013,0.0,0.24652823944942498,-0.015531547862320713
96,8.0,0.5140383853919538,0.03116247902771215,30.549402062029834,True,0.012676861160119457,0.0,0.24650408343219765,-0.015539498512304595
96,8.5,0.9933292384109712,0.06628751915518645,30.110991484460342,True,0.022937849752974693,0.0,0.2464788915262412,-0.015547795278254811
96,9.0,1.743327119220418,0.13138340872786128,29.5266490718167,True,0.03710904168061624,0.0,0.24645240394840134,-0.015556524456810692
96,9.5,2.585217884069017,0.21108969844890774,29.12956074100932,True,0.052253383805998255,0.0,0.24642348321097354,-0.015566062170654095
96,10.0,3.5963866947402128,0.3286584891544518,28.540872709097055,True,0.06763275325249507,0.0,0.24639157475474968,-0.015576593283706789
96,10.5,4.2465204047994085,0.4055302873076092,28.315827917445986,True,0.07778951117823027,0.0,0.24635524160472197,-0.015588595067163414
96,11.0,4.86492472198991,0.48369100607417104,28.096558119513382,True,0.08692294783434108,0.0,0.24631602811491235,-0.015601560666667307
96,11.5,5.553611124305923,0.5835625851105318,27.794784062804936,True,0.09597491514158749,0.0,0.24627388527635624,-0.015615509156941092
96,12.0,5.9105495579784915,0.6404174306465926,27.61064387213034,True,0.10014016514346843,0.0,0.246227989068811,-0.015630716847814655
96,12.5,7.008312659157626,0.8016453819376591,27.30546789975893,True,0.11500133160440794,0.0,0.24617997188121993,-0.015646646216906153
96,13.0,7.6717305422629,0.914044657986388,27.06573944933625,True,0.12284968533242457,0.0,0.24612587266596275,-0.015664616434480066
96,13.5,7.994024987622225,0.9734758358492115,26.93143746381746,True,0.12630317969569896,0.0,0.2460675443755234,-0.015684018986696004
96,14.0,8.503353716339973,1.0476525530493896,26.864277077333842,True,0.13346019962595795,0.0,0.24600699705362908,-0.01570418998281847
96,14.5,8.608672375831734,1.0460442924095754,26.939541814543464,True,0.1361239914111208,0.0,0.2459436710152866,-0.015725319770585777
96,15.0,8.722723464048197,1.0590371672555872,26.928104369042252,True,0.13777078813860055,0.0,0.24588044220438995,-0.015746450920856934
96,15.5,8.925936524414421,1.0930121462730362,26.861929294451226,False,0.1400601972595093,0.0,0.24581675641682754,-0.01576776900213765
96,16.0,9.01886723821852,1.1097295380469043,26.812895676145295,False,0.14083723666101405,0.0,0.24575181729143372,-0.01578954204237558
96,16.5,8.98580475185427,1.0879044529013526,26.88215675587712,False,0.14128149614276994,0.0,0.24568627966176246,-0.015811552080128934
96,17.0,8.513237147370008,1.0178571475281446,26.92762821306419,False,0.1344557052195133,0.0,0.24562160612222758,-0.015833307768645992
96,17.5,7.768637963081634,0.9150021695953017,26.985569655200134,False,0.12340560243570241,0.0,0.24555962661338893,-0.01585419068200828
96,18.0,6.208241160696562,0.7113204754235564,27.117475051443314,False,0.09993482290699822,0.0,0.24550158609488235,-0.015873776182224828
96.0,18.5,0.0,0.0,0.0,0.0,0.0,0.0,0.245451310846,-0.0158907646328
96.0,19.0,0.0,0.0,0.0,0.0,0.0,0.0,0.245428065643,-0.015898626715
96.0,19.5,0.0,0.0,0.0,0.0,0.0,0.0,0.245404855822,-0.0159064814548
96.0,20.0,0.0,0.0,0.0,0.0,0.0,0.0,0.245381681294,-0.0159143288642
96.0,20.5,0.0,0.0,0.0,0.0,0.0,0.0,0.245358541971,-0.0159221689553
96.0,21.0,0.0,0.0,0.0,0.0,0.0,0.0,0.245335437763,-0.0159300017401
96.0,21.5,0.0,0.0,0.0,0.0,0.0,0.0,0.245312368584,-0.0159378272307
96.0,22.0,0.0,0.0,0.0,0.0,0.0,0.0,0.245289334346,-0.0159456454392
96.0,22.5,0.0,0.0,0.0,0.0,0.0,0.0,0.24526633496,-0.0159534563776
96.0,23.0,0.0,0.0,0.0,0.0,0.0,0.0,0.245243370339,-0.0159612600581
96.0,23.5,0.0,0.0,0.0,0.0,0.0,0.0,0.245220440396,-0.0159690564928
96.0,24.0,0.0,0.0,0.0,0.0,0.0,0.0,0.245197545044,-0.0159768456937
97.0,0.5,0.0,0.0,0.0,0.0,0.0,0.0,0.245174684197,-0.015984627673
97.0,1.0,0.0,0.0,0.0,0.0,0.0,0.0,0.245151857766,-0.0159924024428
97.0,1.5,0.0,0.0,0.0,0.0,0.0,0.0,0.245129065667,-0.0160001700152
97.0,2.0,0.0,0.0,0.0,0.0,0.0,0.0,0.245106307813,-0.0160079304022
97.0,2.5,0.0,0.0,0.0,0.0,0.0,0.0,0.245083584118,-0.0160156836161
97.0,3.0,0.0,0.0,0.0,0.0,0.0,0.0,0.245060894496,-0.0160234296689
97.0,3.5,0.0,0.0,0.0,0.0,0.0,0.0,0.245038238861,-0.0160311685728
97.0,4.0,0.0,0.0,0.0,0.0,0.0,0.0,0.245015617129,-0.0160389003399
97.0,4.5,0.0,0.0,0.0,0.0,0.0,0.0,0.244993029213,-0.0160466249823
97.0,5.0,0.0,0.0,0.0,0.0,0.0,0.0,0.24497047503,-0.0160543425121
97.0,5.5,0.0,0.0,0.0,0.0,0.0,0.0,0.244947954494,-0.0160620529415
97.0,6.0,0.0,0.0,0.0,0.0,0.0,0.0,0.24492546752,-0.0160697562826
97,6.5,0.08419600918192936,0.0022101309830467883,16.809050196708625,True,0.003960471500727313,0.0,0.24490301402554035,-0.01607745254743097
97,7.0,1.041788599699618,0.03218793300835437,33.1532393975285,True,0.043082477491993815,0.0,0.2448805100505687,-0.01608517052200837
97,7.5,1.9798794312997294,0.07883310985354848,32.34500006022604,True,0.06766051637529291,0.0,0.24485690172998678,-0.016093271988672924
97,8.0,3.597374030821306,0.18567831162730622,31.354995633325842,True,0.10137656332607764,0.0,0.24483155645409194,-0.0161019749235014
97,8.5,5.09701569562429,0.3286915913174311,30.31653658695312,True,0.12131951069651564,0.0,0.2448021895515477,-0.016112065798254062
97,9.0,6.300422709570958,0.49056098630189393,29.395901330652926,True,0.13180691636088673,0.0,0.24476742836240567,-0.016124019964084992
97,9.5,6.639097818515191,0.5735567314581907,28.856816367312625,True,0.12969734742910322,0.0,0.2447265572150554,-0.016138088827735913
97,10.0,7.284482725820299,0.6576963673475713,28.650854786043435,True,0.13879472433606183,0.0,0.24468256927774754,-0.016153246912776982
97,10.5,7.668420211792304,0.7148475000814714,28.480549488701293,True,0.14318930278035055,0.0,0.2446354210574286,-0.01616951285953113
97,11.0,8.187186820889186,0.819416084672354,28.107580663707175,True,0.14646404423438544,0.0,0.2445861366842484,-0.01618653663685678
97,11.5,8.782564552284832,0.937145226559787,27.72669800627998,True,0.15140000902375922,0.0,0.24453291658645768,-0.016204943876540864
97,12.0,9.350298573148457,1.0528942101484589,27.408643078562278,False,0.15585300816141323,0.0,0.24447526124001404,-0.01622491328836053
97,12.5,9.583390482909676,1.1229596427050514,27.178184458126676,False,0.15604029821628423,0.0,0.24441324571057693,-0.016246425625205695
97,13.0,9.733563102642078,1.180943859707305,26.975407932781067,False,0.155291618665024,0.0,0.24434860360566102,-0.01626888526883547
97,13.5,9.836052070048524,1.2455910379792723,26.719854157721578,False,0.15300736602263543,0.0,0.24428179332620528,-0.016292137123309427
97,14.0,9.886712593683555,1.2678262925229573,26.63242359350891,False,0.15245510471149293,0.0,0.24421256193294164,-0.016316273379203203
97,14.5,9.928667028444977,1.2719741418650756,26.624220730026188,False,0.152943587665764,0.0,0.2441425188763362,-0.016340735974931846
97,15.0,9.930047434884843,1.28183109352246,26.565798640915546,False,0.15206410892440453,0.0,0.24407235049297343,-0.01636528616973133
97,15.5,9.88159375994525,1.286094340276564,26.49046505795382,False,0.15014336599710443,0.0,0.24400184004354544,-0.01639000032605588
97,16.0,9.497916601818904,1.2163194398073789,26.580767248013117,False,0.14501364458474328,0.0,0.24393119973005292,-0.016414804604461007
97,16.5,9.32169702623279,1.1520508829188787,26.760224907443217,False,0.1448174247599949,0.0,0.24386323921794073,-0.01643871013510965
97,17.0,8.815636412959847,1.083365657261864,26.75609161178594,False,0.1369002485653599,0.0,0.24379774946362917,-0.016461785817282745
97,17.5,7.880082373662037,0.9528676435419452,26.81707925334284,False,0.12310470161570947,0.0,0.24373489800168438,-0.016483968184725258
97,18.0,6.161468749479776,0.7262168850033424,26.935250541875646,False,0.09738621515496458,0.0,0.24367703054679524,-0.016504423027095934
97.0,18.5,0.0,0.0,0.0,0.0,0.0,0.0,0.243627796014,-0.0165218501409
97.0,19.0,0.0,0.0,0.0,0.0,0.0,0.0,0.243606152834,-0.0165295179233
97.0,19.5,0.0,0.0,0.0,0.0,0.0,0.0,0.243584541038,-0.0165371788182
97.0,20.0,0.0,0.0,0.0,0.0,0.0,0.0,0.243562960549,-0.0165448328371
97.0,20.5,0.0,0.0,0.0,0.0,0.0,0.0,0.243541411291,-0.0165524799912
97.0,21.0,0.0,0.0,0.0,0.0,0.0,0.0,0.243519893188,-0.0165601202922
97.0,21.5,0.0,0.0,0.0,0.0,0.0,0.0,0.243498406164,-0.0165677537512
97.0,22.0,0.0,0.0,0.0,0.0,0.0,0.0,0.243476950143,-0.0165753803797
97.0,22.5,0.0,0.0,0.0,0.0,0.0,0.0,0.24345552505,-0.0165830001891
97.0,23.0,0.0,0.0,0.0,0.0,0.0,0.0,0.24343413081,-0.0165906131907
97.0,23.5,0.0,0.0,0.0,0.0,0.0,0.0,0.243412767346,-0.016598219396
97.0,24.0,0.0,0.0,0.0,0.0,0.0,0.0,0.243391434586,-0.0166058188163
98.0,0.5,0.0,0.0,0.0,0.0,0.0,0.0,0.243370132453,-0.016613411463
98.0,1.0,0.0,0.0,0.0,0.0,0.0,0.0,0.243348860874,-0.0166209973474
98.0,1.5,0.0,0.0,0.0,0.0,0.0,0.0,0.243327619773,-0.0166285764809
98.0,2.0,0.0,0.0,0.0,0.0,0.0,0.0,0.243306409077,-0.0166361488749
98.0,2.5,0.0,0.0,0.0,0.0,0.0,0.0,0.243285228712,-0.0166437145407
98.0,3.0,0.0,0.0,0.0,0.0,0.0,0.0,0.243264078604,-0.0166512734897
98.0,3.5,0.0,0.0,0.0,0.0,0.0,0.0,0.24324295868,-0.0166588257331
98.0,4.0,0.0,0.0,0.0,0.0,0.0,0.0,0.243221868865,-0.0166663712824
98.0,4.5,0.0,0.0,0.0,0.0,0.0,0.0,0.243200809087,-0.0166739101489
98.0,5.0,0.0,0.0,0.0,0.0,0.0,0.0,0.243179779273,-0.0166814423438
98.0,5.5,0.0,0.0,0.0,0.0,0.0,0.0,0.24315877935,-0.0166889678786
98.0,6.0,0.0,0.0,0.0,0.0,0.0,0.0,0.243137809245,-0.0166964867645
98,6.5,0.32567480694806356,0.017276306889483038,15.53746367714279,True,0.008743930032264199,0.0,0.2431168688864851,-0.01670399901273316
98,7.0,2.278769490418435,0.14061640328789493,30.39404948226324,True,0.054875857138818776,0.0,0.24309530256608017,-0.01671174003142569
98,7.5,3.6698536086095137,0.2668233345520001,29.63370149610016,True,0.0792529932741019,0.0,0.2430690850967786,-0.016721156291433458
98,8.0,5.0316565178558985,0.42290021836815944,28.913692985905353,True,0.0989867377842161,0.0,0.24303810761045452,-0.016732290306531367
98,8.5,6.2905677198304435,0.5843537700596755,28.398089549352996,True,0.11633521015454172,0.0,0.24300123647224653,-0.016745554150670857
98,9.0,7.658341452471115,0.7942702855414266,27.802809295831626,True,0.13246336679504828,0.0,0.2429582675664139,-0.01676102738608385
98,9.5,8.782306992961683,0.9940499968405537,27.318892704601133,True,0.14431113306088722,0.0,0.24290736165471455,-0.016779380813161195
98,10.0,9.485347550080567,1.1608093377876587,26.869916001775273,True,0.14895547056177155,0.0,0.24284890335735945,-0.016800486694924704
98,10.5,9.766301812528608,1.2363139658817202,26.68772122233841,False,0.15065784542000604,0.0,0.24278414572499488,-0.016823903837886914
98,11.0,9.786268055963417,1.2489947649596418,26.65030655324717,False,0.15042010127468622,0.0,0.24271655179887933,-0.016848388112690682
98,11.5,9.804414967420612,1.2818385817002287,26.491543837037486,False,0.1490808101841948,0.0,0.2426485056699774,-0.0168730790814465
98,12.0,9.830155165299235,1.2971153976906116,26.433976008386978,False,0.14861004905830605,0.0,0.24257924208295617,-0.016898256101799347
98,12.5,9.91472396859777,1.3227842076067653,26.370719933044576,False,0.1489928805989791,0.0,0.24250942763505764,-0.016923678667133242
98,13.0,10.037027562580555,1.3767538523271599,26.20708784814128,False,0.14857050711517117,0.0,0.24243866788140192,-0.016949491974302983
98,13.5,10.097068221904415,1.4085187069357743,26.0998714723067,False,0.14795159854100526,0.0,0.24236588873780945,-0.01697609091287375
98,14.0,10.075767583464117,1.4053228473976804,26.09660930329416,False,0.147598461782612,0.0,0.24229193280628844,-0.017003170900600873
98,14.5,9.82496021864742,1.3805150424097898,26.057167038038884,False,0.14282929291141083,0.0,0.24221812677581275,-0.017030247327853472
98,15.0,10.116136597952451,1.507439451340881,25.671500361131088,False,0.1425967603199101,0.0,0.24214529075056412,-0.017057018279391257
98,15.5,9.993952787446508,1.396234413188295,26.071478544843032,False,0.14547626423081167,0.0,0.24206766643301095,-0.017085604385092493
98,16.0,9.819568673312352,1.3775392360365022,26.02236034384384,False,0.14229829492046073,0.0,0.24199429075606535,-0.01711267837147797
98,16.5,9.46791885222301,1.315515813851996,26.050027044282587,False,0.13754909420123312,0.0,0.24192165290805615,-0.017139530478040916
98,17.0,8.828293020168267,1.2112578475607545,26.101430650070398,False,0.12886159404501385,0.0,0.2418513971267936,-0.01716554977646635
98,17.5,7.758112282006776,1.0418056326687535,26.194866579167403,False,0.1142200044268924,0.0,0.24178512614447362,-0.01719013644577664
98,18.0,3.221013119626471,0.41514390855764605,13.206245518094951,False,0.04839661128310598,0.0,0.2417253140131787,-0.017212362899994005
98.0,18.5,0.0,0.0,0.0,0.0,0.0,0.0,0.241689311744,-0.0172257580116
98.0,19.0,0.0,0.0,0.0,0.0,0.0,0.0,0.241669092182,-0.0172332864088
98.0,19.5,0.0,0.0,0.0,0.0,0.0,0.0,0.24164890057,-0.0172408083116
98.0,20.0,0.0,0.0,0.0,0.0,0.0,0.0,0.241628736844,-0.0172483237304
98.0,20.5,0.0,0.0,0.0,0.0,0.0,0.0,0.241608600937,-0.0172558326757
98.0,21.0,0.0,0.0,0.0,0.0,0.0,0.0,0.241588492785,-0.0172633351582
98.0,21.5,0.0,0.0,0.0,0.0,0.0,0.0,0.241568412322,-0.0172708311882
98.0,22.0,0.0,0.0,0.0,0.0,0.0,0.0,0.241548359485,-0.0172783207763
98.0,22.5,0.0,0.0,0.0,0.0,0.0,0.0,0.241528334207,-0.0172858039329
98.0,23.0,0.0,0.0,0.0,0.0,0.0,0.0,0.241508336426,-0.0172932806687
98.0,23.5,0.0,0.0,0.0,0.0,0.0,0.0,0.241488366075,-0.017300750994
98.0,24.0,0.0,0.0,0.0,0.0,0.0,0.0,0.241468423092,-0.0173082149193
99.0,0.5,0.0,0.0,0.0,0.0,0.0,0.0,0.241448507412,-0.0173156724552
99.0,1.0,0.0,0.0,0.0,0.0,0.0,0.0,0.241428618972,-0.0173231236121
99.0,1.5,0.0,0.0,0.0,0.0,0.0,0.0,0.241408757707,-0.0173305684003
99.0,2.0,0.0,0.0,0.0,0.0,0.0,0.0,0.241388923554,-0.0173380068305
99.0,2.5,0.0,0.0,0.0,0.0,0.0,0.0,0.24136911645,-0.0173454389131
99.0,3.0,0.0,0.0,0.0,0.0,0.0,0.0,0.241349336332,-0.0173528646583
99.0,3.5,0.0,0.0,0.0,0.0,0.0,0.0,0.241329583136,-0.0173602840768
99.0,4.0,0.0,0.0,0.0,0.0,0.0,0.0,0.2413098568,-0.017367697179
99.0,4.5,0.0,0.0,0.0,0.0,0.0,0.0,0.24129015726,-0.0173751039751
99.0,5.0,0.0,0.0,0.0,0.0,0.0,0.0,0.241270484455,-0.0173825044757
99.0,5.5,0.0,0.0,0.0,0.0,0.0,0.0,0.241250838322,-0.0173898986911
99.0,6.0,0.0,0.0,0.0,0.0,0.0,0.0,0.241231218799,-0.0173972866317
99.0,6.5,0.0,0.0,0.0,0.0,0.0,0.0,0.241211625823,-0.0174046683079
99,7.0,0.8240279201094406,0.022829761583563306,33.49156096744862,True,0.03736321305868225,0.0,0.24119205933303006,-0.017412043730104704
99,7.5,1.1607520552282224,0.0345308152664782,33.31845901866254,True,0.05015636550786079,0.0,0.241171652878682,-0.01741973973711325
99,8.0,1.4914383637057536,0.042458715291301276,33.504738021603316,True,0.06787999820097175,0.0,0.24115082873231677,-0.01742759744933067
99,8.5,1.8007707092035106,0.05427844570079574,16.712032334625665,True,0.0801096839501707,0.0,0.24112973002349342,-0.01743556307140664
99,9.0,2.5426626482506682,0.08861444123595028,32.95332440476454,True,0.09995547899358564,0.0,0.2411082089961806,-0.017443692605398582
99,9.5,3.709968176308715,0.1619981030490762,32.072786380306184,True,0.11978020350885475,0.0,0.24108541109816198,-0.017452309401921818
99,10.0,4.54427730454589,0.21104259336660677,31.819403295153087,True,0.13954082806811074,0.0,0.24105985441155492,-0.01746197495257432
99,10.5,5.339692051124736,0.275542919009909,31.314992312147798,True,0.14941748121099058,0.0,0.2410324625459047,-0.01747234165108847
99,11.0,6.409497314616596,0.3832804498785606,30.67845862526136,True,0.161293639613796,0.0,0.24100264889244855,-0.01748363323213303
99,11.5,7.407851853987221,0.500265357114725,30.12365912811358,True,0.17137645245212085,0.0,0.24096877254102764,-0.01749647406776244
99,12.0,7.9025359916255695,0.5883232491108732,29.615526230448353,True,0.17024061816566308,0.0,0.2409304824939342,-0.017511001445915348
99,12.5,8.934729135535466,0.7806914712863169,28.842349890773754,True,0.1742338665207928,0.0,0.24088887646986112,-0.01752680321297783
99,13.0,9.60690183405871,0.8772462029135215,28.52269026399022,True,0.18027751349443424,0.0,0.24083999583723117,-0.01754538955172551
99,13.5,9.233484246523485,0.8313356789578213,28.556419597722986,True,0.17396233439739184,0.0,0.24078747665345704,-0.017565385587951225
99,14.0,9.332876964092378,0.8489401230780855,28.542897415488525,True,0.17555378580425346,0.0,0.24073672540826702,-0.017584734305134186
99,14.5,9.32314561078961,0.8846020223973949,28.314544170313024,False,0.1707599851749015,0.0,0.24068533165262213,-0.017604353860794373
99,15.0,9.459062055709683,0.9233484813535807,28.145752822824612,False,0.16994668208301056,0.0,0.24063261004799097,-0.0176245074292728
99,15.5,9.203317863984072,0.9090810176981062,28.03157775335803,False,0.16324678292291112,0.0,0.24057844347667687,-0.017645241993087632
99,16.0,7.426372779940088,0.6745733800469813,28.43286820700252,False,0.13789786825217937,0.0,0.2405248437557368,-0.017665788186468388
99,16.5,6.149366243537438,0.5461044538654649,28.544923110972732,False,0.11569885212147468,0.0,0.2404801689301538,-0.017682935014348866
99,17.0,6.179612451639844,0.5436088858915701,28.60065095830975,False,0.11703933960482156,0.0,0.24044039477805765,-0.017698217583146485
99,17.5,4.309129068758285,0.3599438034488541,28.865519008040287,False,0.08427056370110363,0.0,0.24040074055894592,-0.01771346973811614
99,18.0,2.727944850061629,0.19137903505157366,14.85934330792784,False,0.05959943137553991,0.0,0.24036808158885734,-0.01772604308046828
99.0,18.5,0.0,0.0,0.0,0.0,0.0,0.0,0.240341844754,-0.017736151675
99.0,19.0,0.0,0.0,0.0,0.0,0.0,0.0,0.240322895797,-0.017743456649
99.0,19.5,0.0,0.0,0.0,0.0,0.0,0.0,0.240303971837,-0.0177507555648
99.0,20.0,0.0,0.0,0.0,0.0,0.0,0.0,0.240285072815,-0.0177580484322
99.0,20.5,0.0,0.0,0.0,0.0,0.0,0.0,0.240266198676,-0.0177653352612
99.0,21.0,0.0,0.0,0.0,0.0,0.0,0.0,0.240247349362,-0.0177726160616
99.0,21.5,0.0,0.0,0.0,0.0,0.0,0.0,0.240228524816,-0.0177798908433
99.0,22.0,0.0,0.0,0.0,0.0,0.0,0.0,0.240209724982,-0.0177871596162
99.0,22.5,0.0,0.0,0.0,0.0,0.0,0.0,0.240190949804,-0.0177944223902
99.0,23.0,0.0,0.0,0.0,0.0,0.0,0.0,0.240172199226,-0.017801679175
99.0,23.5,0.0,0.0,0.0,0.0,0.0,0.0,0.24015347319,-0.0178089299806
99.0,24.0,0.0,0.0,0.0,0.0,0.0,0.0,0.240134771642,-0.0178161748168
100.0,0.5,0.0,0.0,0.0,0.0,0.0,0.0,0.240116094526,-0.0178234136933
100.0,1.0,0.0,0.0,0.0,0.0,0.0,0.0,0.240097441786,-0.0178306466201
100.0,1.5,0.0,0.0,0.0,0.0,0.0,0.0,0.240078813366,-0.0178378736067
100.0,2.0,0.0,0.0,0.0,0.0,0.0,0.0,0.240060209211,-0.0178450946632
100.0,2.5,0.0,0.0,0.0,0.0,0.0,0.0,0.240041629265,-0.0178523097991
100.0,3.0,0.0,0.0,0.0,0.0,0.0,0.0,0.240023073475,-0.0178595190244
100.0,3.5,0.0,0.0,0.0,0.0,0.0,0.0,0.240004541785,-0.0178667223486
100.0,4.0,0.0,0.0,0.0,0.0,0.0,0.0,0.239986034139,-0.0178739197816
100.0,4.5,0.0,0.0,0.0,0.0,0.0,0.0,0.239967550484,-0.017881111333
100.0,5.0,0.0,0.0,0.0,0.0,0.0,0.0,0.239949090766,-0.0178882970126
100.0,5.5,0.0,0.0,0.0,0.0,0.0,0.0,0.239930654928,-0.0178954768301
100.0,6.0,0.0,0.0,0.0,0.0,0.0,0.0,0.239912242919,-0.0179026507952
100,6.5,0.36578766120960193,0.020371283845834462,15.430492171035445,True,0.009478650398790749,0.0,0.23989385468250615,-0.017909818917429692
100,7.0,1.8168797906657357,0.10716798199526655,30.60183613836027,True,0.045173845984604964,0.0,0.23987471707667463,-0.01791728279156168
100,7.5,2.3311334202889302,0.14786656191503364,30.297135458799282,True,0.05532519167836425,0.0,0.23985230920638792,-0.017926026815088255
100,8.0,3.2132523665680566,0.22334665971315618,29.898629555280074,True,0.0719811720440961,0.0,0.23982838043927784,-0.01793536993891873
100,8.5,4.628787574724962,0.3635663521620964,29.30099990549058,True,0.09564211615353709,0.0,0.23980161076506107,-0.0179458291882776
100,9.0,5.787776835284792,0.4995358349685026,28.777831557130707,True,0.11198030882405498,0.0,0.23976954326612096,-0.0179583679331352
100,9.5,6.737878659270941,0.6276222568626002,28.41708638457204,True,0.12488339557161858,0.0,0.23973233918455242,-0.01797292822090944
100,10.0,7.847075194056784,0.7892906399197143,27.99913102686037,True,0.1386882378609958,0.0,0.23969029762913488,-0.017989398646457228
100,10.5,9.041341637674785,0.9832876848845703,27.570090955944018,True,0.15252521025645602,0.0,0.2396421441133461,-0.01800828562684192
100,11.0,9.176219540439597,0.9971527965373229,27.585393850248177,True,0.15505218664125875,0.0,0.23958665171348456,-0.0180300804057744
100,11.5,9.791862778987246,1.0602682564555248,27.60624261080042,True,0.16582203325703376,0.0,0.23953065637478899,-0.018052104579235805
100,12.0,9.974870364546764,1.1064851070200306,27.491639645075974,False,0.16688522336509792,0.0,0.23947228899680542,-0.018075095855425084
100,12.5,10.20593484932352,1.1120818134617414,27.532053090623116,True,0.1714799052511662,0.0,0.23941219082884327,-0.018098805365808237
100,13.0,9.68381327026152,1.0226572429284178,27.663228577753948,False,0.1649931586340453,0.0,0.23935190335144396,-0.018122626801030172
100,13.5,9.490377217727152,1.002399729665396,27.684430713145403,True,0.1620654096772257,0.0,0.23929503256556434,-0.018145132444949363
100,14.0,9.46992431654472,1.0415142480239936,27.435112233264093,False,0.15750084437092166,0.0,0.23923895353344624,-0.018167357381210957
100,14.5,9.622616286596942,1.1468518348138153,27.059862635676964,False,0.1539986942224805,0.0,0.23918141303824564,-0.018190195238156563
100,15.0,9.162894471975452,1.070732773502417,27.135839492533606,False,0.14777086325744293,0.0,0.2391198978668089,-0.018214648488947372
100,15.5,8.916567953162872,0.994609205652793,27.345337870221922,False,0.14691864003292787,0.0,0.23906129423878283,-0.018237980793724483
100,16.0,8.686909521421523,1.003479878016276,27.170782791711552,False,0.1405926513575879,0.0,0.2390056022744877,-0.018260186863506476
100,16.5,8.477946784069022,0.9812743772244605,27.140815602521762,False,0.13679365425121018,0.0,0.238949596396326,-0.01828255059520413
100,17.0,8.528231453120519,0.9904705338808989,27.111037583370596,False,0.13719064716512946,0.0,0.23889445589315036,-0.01830460066211072
100,17.5,6.40571927625362,0.7342900414833925,27.15677459492285,False,0.10352535257970186,0.0,0.23883898902350917,-0.018326813214589923
100,18.0,5.0599015656791995,0.571527683513884,27.226223377773003,False,0.08235612013056196,0.0,0.23879326676772686,-0.018345147539494795
100.0,18.5,0.0,0.0,0.0,0.0,0.0,0.0,0.238753743863,-0.0183610135777
100.0,19.0,0.0,0.0,0.0,0.0,0.0,0.0,0.238735932882,-0.0183681689451
100.0,19.5,0.0,0.0,0.0,0.0,0.0,0.0,0.238718144329,-0.0183753186184
100.0,20.0,0.0,0.0,0.0,0.0,0.0,0.0,0.238700378155,-0.0183824626069
100.0,20.5,0.0,0.0,0.0,0.0,0.0,0.0,0.238682634312,-0.0183896009196
100.0,21.0,0.0,0.0,0.0,0.0,0.0,0.0,0.238664912749,-0.0183967335656
100.0,21.5,0.0,0.0,0.0,0.0,0.0,0.0,0.238647213417,-0.0184038605539
100.0,22.0,0.0,0.0,0.0,0.0,0.0,0.0,0.238629536268,-0.0184109818936
100.0,22.5,0.0,0.0,0.0,0.0,0.0,0.0,0.238611881254,-0.0184180975937
100.0,23.0,0.0,0.0,0.0,0.0,0.0,0.0,0.238594248325,-0.0184252076632
100.0,23.5,0.0,0.0,0.0,0.0,0.0,0.0,0.238576637433,-0.0184323121112
100.0,24.0,0.0,0.0,0.0,0.0,0.0,0.0,0.23855904853,-0.0184394109466
101.0,0.5,0.0,0.0,0.0,0.0,0.0,0.0,0.238541481568,-0.0184465041785
101.0,1.0,0.0,0.0,0.0,0.0,0.0,0.0,0.238523936498,-0.0184535918157
101.0,1.5,0.0,0.0,0.0,0.0,0.0,0.0,0.238506413273,-0.0184606738674
101.0,2.0,0.0,0.0,0.0,0.0,0.0,0.0,0.238488911844,-0.0184677503424
101.0,2.5,0.0,0.0,0.0,0.0,0.0,0.0,0.238471432164,-0.0184748212497
101.0,3.0,0.0,0.0,0.0,0.0,0.0,0.0,0.238453974186,-0.0184818865981
101.0,3.5,0.0,0.0,0.0,0.0,0.0,0.0,0.238436537862,-0.0184889463967
101.0,4.0,0.0,0.0,0.0,0.0,0.0,0.0,0.238419123144,-0.0184960006543
101.0,4.5,0.0,0.0,0.0,0.0,0.0,0.0,0.238401729986,-0.0185030493798
101.0,5.0,0.0,0.0,0.0,0.0,0.0,0.0,0.238384358341,-0.0185100925821
101.0,5.5,0.0,0.0,0.0,0.0,0.0,0.0,0.23836700816,-0.0185171302701
101.0,6.0,0.0,0.0,0.0,0.0,0.0,0.0,0.238349679399,-0.0185241624526
101.0,6.5,0.0,0.0,0.0,0.0,0.0,0.0,0.238332372009,-0.0185311891384
101,7.0,1.518054663976527,0.08797882698248109,15.365193965248551,True,0.03851793435185123,0.0,0.23831508594423387,-0.018538210336398596
101,7.5,5.20961390956864,0.3234309440358158,30.40554471891847,True,0.1256732554107041,0.0,0.23829448236655867,-0.018546583172051545
101,8.0,6.192743097018103,0.4257888882974864,29.98924821959823,True,0.1405188958215951,0.0,0.23826496462555694,-0.018558586378249968
101,8.5,6.796347299120567,0.5007899381065932,29.665916392044217,True,0.14741645495726627,0.0,0.23823158359208949,-0.0185721717223547
101,9.0,7.849099650110306,0.6393570515547012,29.174514053382687,True,0.1595602778123155,0.0,0.23819537741283278,-0.01858692023633185
101,9.5,9.034004709738198,0.8193841706241971,28.61778051680062,True,0.17145002057626813,0.0,0.23815393371298135,-0.01860381937583025
101,10.0,9.87319516433984,0.9827603750285621,28.119244815529818,True,0.17685774415377986,0.0,0.23810567904164767,-0.018623518838464973
101,10.5,10.356761933600435,1.0793146560460254,27.850095712973776,True,0.18006267589202907,0.0,0.2380512452545547,-0.0186457706993692
101,11.0,10.277150608573765,1.1352830770539237,27.563547911824536,False,0.1732527907306648,0.0,0.23799316819480376,-0.018669546823504492
101,11.5,10.554981045954543,1.1866309271396818,27.43352229680005,True,0.17551799591823675,0.0,0.2379329880483908,-0.018694222047778323
101,12.0,10.329031796254348,1.2283442484020084,27.157273945785487,False,0.16694002458509755,0.0,0.2378708801205897,-0.018719728461507688
101,12.5,10.726973977482285,1.2667170501630014,27.12987508985755,False,0.17289038263248252,0.0,0.23780720999628693,-0.01874591949015757
101,13.0,10.587930769278213,1.24160486015001,27.132359130558896,False,0.17069233331939385,0.0,0.2377421044032028,-0.018772746167076425
101,13.5,10.084417569055201,1.183574893851686,27.096711564938445,False,0.16198979247763973,0.0,0.23767797254888026,-0.018799216348432263
101,14.0,9.923117641024712,1.166783764951195,27.078988441036365,False,0.1591140173645833,0.0,0.23761606361676044,-0.018824811222295817
101,14.5,10.035371711220968,1.1613944612897646,27.183827936804754,False,0.16263258237004785,0.0,0.2375548125507415,-0.01885017498622257
101,15.0,4.2335375855773485,0.47220738278007035,13.681786605953558,False,0.06988816682842551,0.0,0.23749378660797263,-0.018875486031296258
101,15.5,8.815489785836439,1.0144929639074365,27.19288045100525,False,0.14299512532891706,0.0,0.23745893583513367,-0.018889958860698247
101,16.0,8.692261474539713,1.0055980009880623,27.170281573477265,False,0.14067209640870343,0.0,0.23740352586374303,-0.01891299674628462
101,16.5,6.64995533983277,0.7478446852261791,27.315791072448274,False,0.10923726795328856,0.0,0.23734847392362282,-0.018935918932862932
101,17.0,6.185375431358912,0.6996509357908496,27.28181037143935,False,0.10125044618561149,0.0,0.23730322413300617,-0.018954784549075263
101,17.5,4.766502502594314,0.5290096227172323,27.392898391093127,False,0.07892665312903377,0.0,0.23725982367362,-0.018972900182944834
101.0,18.0,0.0,0.0,0.0,0.0,0.0,0.0,0.237222919381,-0.0189883205047
101.0,18.5,0.0,0.0,0.0,0.0,0.0,0.0,0.237206111271,-0.0189953486602
101.0,19.0,0.0,0.0,0.0,0.0,0.0,0.0,0.237189323413,-0.0190023714418
101.0,19.5,0.0,0.0,0.0,0.0,0.0,0.0,0.237172555763,-0.0190093888577
101.0,20.0,0.0,0.0,0.0,0.0,0.0,0.0,0.237155808278,-0.0190164009165
101.0,20.5,0.0,0.0,0.0,0.0,0.0,0.0,0.237139080917,-0.0190234076263
101.0,21.0,0.0,0.0,0.0,0.0,0.0,0.0,0.237122373637,-0.0190304089955
101.0,21.5,0.0,0.0,0.0,0.0,0.0,0.0,0.237105686394,-0.0190374050324
101.0,22.0,0.0,0.0,0.0,0.0,0.0,0.0,0.237089019147,-0.0190443957453
101.0,22.5,0.0,0.0,0.0,0.0,0.0,0.0,0.237072371854,-0.0190513811424
101.0,23.0,0.0,0.0,0.0,0.0,0.0,0.0,0.237055744472,-0.0190583612321
101.0,23.5,0.0,0.0,0.0,0.0,0.0,0.0,0.237039136959,-0.0190653360226
101.0,24.0,0.0,0.0,0.0,0.0,0.0,0.0,0.237022549273,-0.0190723055221
102.0,0.5,0.0,0.0,0.0,0.0,0.0,0.0,0.237005981373,-0.0190792697389
102.0,1.0,0.0,0.0,0.0,0.0,0.0,0.0,0.236989433217,-0.0190862286811
102.0,1.5,0.0,0.0,0.0,0.0,0.0,0.0,0.236972904763,-0.0190931823571
102.0,2.0,0.0,0.0,0.0,0.0,0.0,0.0,0.236956395969,-0.0191001307749
102.0,2.5,0.0,0.0,0.0,0.0,0.0,0.0,0.236939906795,-0.0191070739429
102.0,3.0,0.0,0.0,0.0,0.0,0.0,0.0,0.236923437199,-0.019114011869
102.0,3.5,0.0,0.0,0.0,0.0,0.0,0.0,0.23690698714,-0.0191209445616
102.0,4.0,0.0,0.0,0.0,0.0,0.0,0.0,0.236890556577,-0.0191278720287
102.0,4.5,0.0,0.0,0.0,0.0,0.0,0.0,0.236874145468,-0.0191347942786
102.0,5.0,0.0,0.0,0.0,0.0,0.0,0.0,0.236857753774,-0.0191417113192
102.0,5.5,0.0,0.0,0.0,0.0,0.0,0.0,0.236841381452,-0.0191486231588
102.0,6.0,0.0,0.0,0.0,0.0,0.0,0.0,0.236825028464,-0.0191555298054
102,6.5,0.2677199629224071,0.006792828381793182,16.89017310998614,True,0.013227805415717147,0.0,0.2368086947670073,-0.019162431267090867
102,7.0,1.7526991952635758,0.04488315883126612,33.780345976832486,True,0.0865993094207551,0.0,0.23679212253442555,-0.019169436545176437
102,7.5,2.583160016535312,0.06930241267400022,33.7803459289062,True,0.12763164047760273,0.0,0.23677412398702305,-0.019177048200157393
102,8.0,4.199627445973277,0.14627301851921626,32.9904663942455,True,0.16662231506385655,0.0,0.23675521790123527,-0.019185047534964854
102,8.5,6.2891176709941625,0.3193682163931232,31.49995739951083,True,0.1819030265353363,0.0,0.23673340991581493,-0.019194279627958822
102,9.0,8.061682875912307,0.519756172891623,30.420223567568915,True,0.19490852328778147,0.0,0.23670505206738435,-0.019206292427961534
102,9.5,9.397865774890104,0.7171855603742591,29.56317026351433,True,0.20102851186855877,0.0,0.23666910855724238,-0.019221531500462546
102,10.0,10.168443631014402,0.8345020597936065,29.151979026568824,False,0.20611547002356118,0.0,0.23662569162314345,-0.01923995831718265
102,10.5,10.367434875289417,0.9173459038565911,28.721963500928386,False,0.19923252422158458,0.0,0.23657784150543598,-0.019260291031630305
102,11.0,10.54820830897405,0.96063646064976,28.58563129055417,False,0.1994221607969892,0.0,0.2365268664000912,-0.019281979802621925
102,11.5,10.74067727998299,1.0466078117619828,28.226845726488946,False,0.194756588949545,0.0,0.23647426731293222,-0.01930439005396872
102,12.0,10.960123339632448,1.1526858402879374,27.879752169684124,False,0.19117234154018847,0.0,0.2364184244707109,-0.01932821630395654
102,12.5,10.963984584918386,1.1346421071525414,27.927839453429094,False,0.19225336373863292,0.0,0.23635857478689692,-0.019353791047591315
102,13.0,10.829401974270125,1.1860285794570835,27.64766800530932,False,0.18420474655813723,0.0,0.23629942863700193,-0.01937910478076444
102,13.5,10.925756895239171,1.1928325212068416,27.61119418091114,False,0.18512174430972522,0.0,0.23623835110939276,-0.019405286529758477
102,14.0,10.716688126370318,1.1940612746118304,27.453701173028975,False,0.1785837033804599,0.0,0.23617703407008808,-0.01943161335324111
102,14.5,9.154617542568888,0.9447168972633745,27.833317002346295,False,0.1588708608967445,0.0,0.2361156890585944,-0.01945799478290242
102,15.0,9.687026149149151,1.010920323212724,27.784486652337915,False,0.1672196062936241,0.0,0.2360638252739736,-0.01948033210625309
102,15.5,8.710756664254301,0.8627010263299961,28.061220444880856,False,0.15502220541290884,0.0,0.23600946765484346,-0.01950377630405339
102,16.0,8.081417829597092,0.7997765327167821,28.06425605992024,False,0.14387094674246187,0.0,0.23596075349438778,-0.019524815071211073
102,16.5,8.150510360320244,0.8275310964561913,27.929018678611072,False,0.14293769893539332,0.0,0.23591444582108556,-0.0195448395937873
102,17.0,6.359527366589187,0.581476503166054,28.48321368234909,False,0.11878602279280356,0.0,0.23586710333136926,-0.01956533689603346
102,17.5,6.40723911465524,0.5741272099624153,28.58767662024018,False,0.1211633362649947,0.0,0.235829117030939,-0.01958180188444779
102,18.0,5.186899436863115,0.43753022292553684,28.87787737690189,False,0.10159083290470093,0.0,0.23579142802810224,-0.019598154328788153
102.0,18.5,0.0,0.0,0.0,0.0,0.0,0.0,0.235758941229,-0.0196122627075
102.0,19.0,0.0,0.0,0.0,0.0,0.0,0.0,0.235743076996,-0.0196191566293
102.0,19.5,0.0,0.0,0.0,0.0,0.0,0.0,0.235727231043,-0.0196260454901
102.0,20.0,0.0,0.0,0.0,0.0,0.0,0.0,0.235711403333,-0.0196329292973
102.0,20.5,0.0,0.0,0.0,0.0,0.0,0.0,0.235695593828,-0.0196398080587
102.0,21.0,0.0,0.0,0.0,0.0,0.0,0.0,0.235679802491,-0.019646681782
102.0,21.5,0.0,0.0,0.0,0.0,0.0,0.0,0.235664029285,-0.0196535504746
102.0,22.0,0.0,0.0,0.0,0.0,0.0,0.0,0.235648274173,-0.0196604141443
102.0,22.5,0.0,0.0,0.0,0.0,0.0,0.0,0.235632537119,-0.0196672727986
102.0,23.0,0.0,0.0,0.0,0.0,0.0,0.0,0.235616818085,-0.0196741264451
102.0,23.5,0.0,0.0,0.0,0.0,0.0,0.0,0.235601117035,-0.0196809750914
102.0,24.0,0.0,0.0,0.0,0.0,0.0,0.0,0.235585433933,-0.019687818745
103.0,0.5,0.0,0.0,0.0,0.0,0.0,0.0,0.235569768741,-0.0196946574136
103.0,1.0,0.0,0.0,0.0,0.0,0.0,0.0,0.235554121424,-0.0197014911046
103.0,1.5,0.0,0.0,0.0,0.0,0.0,0.0,0.235538491946,-0.0197083198256
103.0,2.0,0.0,0.0,0.0,0.0,0.0,0.0,0.235522880269,-0.0197151435841
103.0,2.5,0.0,0.0,0.0,0.0,0.0,0.0,0.235507286359,-0.0197219623876
103.0,3.0,0.0,0.0,0.0,0.0,0.0,0.0,0.235491710178,-0.0197287762435
103.0,3.5,0.0,0.0,0.0,0.0,0.0,0.0,0.235476151692,-0.0197355851595
103.0,4.0,0.0,0.0,0.0,0.0,0.0,0.0,0.235460610864,-0.0197423891429
103.0,4.5,0.0,0.0,0.0,0.0,0.0,0.0,0.235445087658,-0.0197491882013
103.0,5.0,0.0,0.0,0.0,0.0,0.0,0.0,0.235429582039,-0.0197559823419
103.0,5.5,0.0,0.0,0.0,0.0,0.0,0.0,0.235414093972,-0.0197627715724
103.0,6.0,0.0,0.0,0.0,0.0,0.0,0.0,0.23539862342,-0.0197695559002
103.0,6.5,0.0,0.0,0.0,0.0,0.0,0.0,0.235383170349,-0.0197763353325
103,7.0,1.800963070188405,0.08168143402511673,15.883185114843398,False,0.05474167270385877,0.0,0.2353677347235751,-0.01978310987693205
103,7.5,5.54878799588314,0.2658639731522009,15.773855401325525,False,0.16189577287439635,0.0,0.2353492167014958,-0.01979124090347062
103,8.0,2.7894155928319813,0.15254810497294835,15.534357052620104,True,0.07481361191709776,0.0,0.23532372633637144,-0.019802439910463546
103,8.5,3.094800393959761,0.18360589380326797,15.344844450805654,True,0.07801859581894559,0.0,0.2353025536425779,-0.019811747720577134
103,9.0,6.683117554251107,0.4066067946182416,15.27415774588801,False,0.16478673137934743,0.0,0.23528021961227966,-0.01982157172029947
103,9.5,3.7950571960133654,0.24359303219324932,15.175744948873307,True,0.09080510196169492,0.0,0.23524943997934347,-0.019835120173805097
103,10.0,7.3146672385008635,0.48536630169386136,30.142245591281338,False,0.16967931535282832,0.0,0.2352248639458261,-0.01984594587483876
103,10.5,7.929508488629152,0.5554824817466957,29.914368224297164,True,0.17802621022089798,0.0,0.2351911298298787,-0.019860817161495004
103,11.0,7.94198527073031,0.5834468792862381,29.645861714120127,False,0.1717961957696918,0.0,0.23515475197475683,-0.019876868790735705
103,11.5,8.166345275527288,0.6196373975253779,29.497151559178477,False,0.17314813649372843,0.0,0.23511733000402216,-0.01989339726462274
103,12.0,4.6268253029076725,0.3722275394352127,14.609575675846122,True,0.09459591720843238,0.0,0.23507855170247993,-0.01991054208022914
103,12.5,8.256420718214821,0.6873637834329397,29.011655363363843,False,0.16441872605546526,0.0,0.23504917965571773,-0.019923539883680282
103,13.0,8.203351724189279,0.7054428225998052,28.82937052272461,False,0.15971734156306505,0.0,0.23500786523371858,-0.019941839577121433
103,13.5,4.490076688142941,0.3828766762098643,14.453179818786458,True,0.08825231642592801,0.0,0.23496588170822325,-0.019960456160737192
103,14.0,8.29828791442208,0.7116762661232744,28.848130721283866,False,0.16193754427536033,0.0,0.23493615651272123,-0.019973649604362893
103,14.5,8.461247550887949,0.7306016166667838,28.80997304830835,False,0.16434834217090538,0.0,0.2348939703169081,-0.019992391668976126
103,15.0,8.585301543621874,0.7542233364651516,28.741684324024575,False,0.1653789882853397,0.0,0.2348510827986324,-0.02001146679331223
103,15.5,8.201327057153785,0.7286617775609701,28.65085476685974,False,0.15626379674877489,0.0,0.23480731569728897,-0.020030955491338796
103,16.0,7.601044479188301,0.6815011247925972,28.584949828782896,False,0.14369207613928142,0.0,0.23476453548226744,-0.02005002660512192
103,16.5,6.524105254331893,0.5921133619673463,28.502573847867488,False,0.12213772122409344,0.0,0.23472356180465148,-0.02006831266357977
103,17.0,6.984948142981528,0.6494366892174597,28.403322323621076,False,0.12925542952547037,0.0,0.23468599714778862,-0.020085094779030227
103,17.5,8.135254840750815,0.827094161973876,27.90960095728252,False,0.14236540340273315,0.0,0.23464627380006575,-0.020102859489074396
103,18.0,6.77492506195254,0.6399624629815732,28.271754655022143,False,0.12347919268088124,0.0,0.23459982505366803,-0.020123655619194273
103.0,18.5,0.0,0.0,0.0,0.0,0.0,0.0,0.234560494606,-0.0201412847734
103.0,19.0,0.0,0.0,0.0,0.0,0.0,0.0,0.234545467329,-0.0201480253338
103.0,19.5,0.0,0.0,0.0,0.0,0.0,0.0,0.234530456646,-0.0201547611341
103.0,20.0,0.0,0.0,0.0,0.0,0.0,0.0,0.234515462525,-0.0201614921813
103.0,20.5,0.0,0.0,0.0,0.0,0.0,0.0,0.234500484933,-0.0201682184825
103.0,21.0,0.0,0.0,0.0,0.0,0.0,0.0,0.234485523837,-0.0201749400447
103.0,21.5,0.0,0.0,0.0,0.0,0.0,0.0,0.234470579206,-0.020181656875
103.0,22.0,0.0,0.0,0.0,0.0,0.0,0.0,0.234455651007,-0.0201883689802
103.0,22.5,0.0,0.0,0.0,0.0,0.0,0.0,0.234440739206,-0.0201950763675
103.0,23.0,0.0,0.0,0.0,0.0,0.0,0.0,0.234425843773,-0.0202017790438
103.0,23.5,0.0,0.0,0.0,0.0,0.0,0.0,0.234410964674,-0.0202084770161
103.0,24.0,0.0,0.0,0.0,0.0,0.0,0.0,0.234396101878,-0.0202151702912
104.0,0.5,0.0,0.0,0.0,0.0,0.0,0.0,0.234381255353,-0.0202218588763
104.0,1.0,0.0,0.0,0.0,0.0,0.0,0.0,0.234366425067,-0.0202285427782
104.0,1.5,0.0,0.0,0.0,0.0,0.0,0.0,0.234351610987,-0.0202352220038
104.0,2.0,0.0,0.0,0.0,0.0,0.0,0.0,0.234336813083,-0.0202418965601
104.0,2.5,0.0,0.0,0.0,0.0,0.0,0.0,0.234322031322,-0.0202485664539
104.0,3.0,0.0,0.0,0.0,0.0,0.0,0.0,0.234307265673,-0.0202552316922
104.0,3.5,0.0,0.0,0.0,0.0,0.0,0.0,0.234292516104,-0.0202618922819
104.0,4.0,0.0,0.0,0.0,0.0,0.0,0.0,0.234277782584,-0.0202685482297
104.0,4.5,0.0,0.0,0.0,0.0,0.0,0.0,0.234263065081,-0.0202751995426
104.0,5.0,0.0,0.0,0.0,0.0,0.0,0.0,0.234248363565,-0.0202818462274
104.0,5.5,0.0,0.0,0.0,0.0,0.0,0.0,0.234233678003,-0.0202884882909
104.0,6.0,0.0,0.0,0.0,0.0,0.0,0.0,0.234219008365,-0.0202951257401
104.0,6.5,0.0,0.0,0.0,0.0,0.0,0.0,0.23420435462,-0.0203017585816
104.0,7.0,0.0,0.0,0.0,0.0,0.0,0.0,0.234189716736,-0.0203083868222
104,7.5,0.3366667824564414,0.008994178131181795,33.78034647491823,True,0.016634406488245684,0.0,0.23417509468306869,-0.020315010468910277
104,8.0,1.2903163929998076,0.036401590787441505,33.7803460054691,True,0.06375338613153134,0.0,0.234160147101371,-0.02032178423762416
104,8.5,3.478632744569923,0.09744212095933565,33.78034590458587,True,0.1718761520643472,0.0,0.2341441751788897,-0.020329025179257693
104,9.0,5.267660371766949,0.18655608820434977,33.14859132825022,True,0.2175777199388813,0.0,0.23412590250984577,-0.02033731294503199
104,9.5,6.851852214479814,0.3871708741576619,31.050139098513622,True,0.18319660975510976,0.0,0.2341042636781271,-0.020347132677142322
104,10.0,7.022391239425536,0.41285438746405484,30.762339401992797,True,0.1790933825525623,0.0,0.2340750272028217,-0.020360409204784068
104,10.5,7.533772329275198,0.464007175038798,30.55374360883605,True,0.18591788690887018,0.0,0.23404483168635842,-0.020374132077564402
104,11.0,7.830822680806413,0.5002162105223708,30.356656093241966,True,0.18751538800245615,0.0,0.23401271054071474,-0.020388742184221435
104,11.5,8.567066256518546,0.6282219929242098,29.652826588460506,False,0.18549324261289038,0.0,0.23397923085024194,-0.020403983504563437
104,12.0,2.351827388331933,0.13142553343642271,15.405383168136028,False,0.06044840114622053,0.0,0.23394090890288288,-0.020421445882920657
104,12.5,3.6922717108210477,0.16020945965774214,15.992577633509987,False,0.117125759785926,0.0,0.23392145588174817,-0.020430316964412203
104,13.0,4.010831126820819,0.19455617626030267,15.872690007006199,True,0.12142533854706787,0.0,0.23390092600798326,-0.020439684098802886
104,13.5,8.031995739484055,0.4757401448356248,30.67958006346099,False,0.20215933188472845,0.0,0.23387910814403545,-0.02044964451178379
104,14.0,9.99991348194553,0.7889110274392998,29.438763844693916,False,0.21038738661204817,0.0,0.23384663479891651,-0.020464480136078714
104,14.5,4.5435362927742915,0.3638595138498598,14.588815680324416,False,0.09240000199570181,0.0,0.23380229204108524,-0.02048475908248584
104,15.0,7.770563195231961,0.5225853797468789,15.00361680433376,False,0.1767745490149854,0.0,0.23377409534313043,-0.02049766652360603
104,15.5,7.628223429246498,0.5850592964536261,29.365662353732283,False,0.15895284213729768,0.0,0.23373989035365897,-0.020513337355789606
104,16.0,8.593123470941295,0.6731892744869395,29.315464135601616,False,0.1778892350187275,0.0,0.23370332979970385,-0.020530103162857367
104,16.5,8.428636865320634,0.7342268714501808,28.774274740215226,False,0.16300442711080054,0.0,0.23366344000559938,-0.020548414308808844
104,17.0,7.124826015069547,0.5752157933012042,29.129560470266604,False,0.14400962897967134,0.0,0.2336212490964635,-0.020567802945813764
104,17.5,5.9463960715376825,0.44858771077777443,29.443737612503213,False,0.12518810144887804,0.0,0.23358510787901915,-0.020584428810092346
104,18.0,4.788236969567882,0.35079519912795704,29.562317739637393,False,0.10241280218992013,0.0,0.23355378739104438,-0.020598849970890377
104.0,18.5,0.0,0.0,0.0,0.0,0.0,0.0,0.233526193295,-0.0206115653327
104.0,19.0,0.0,0.0,0.0,0.0,0.0,0.0,0.233511927001,-0.0206181429095
104.0,19.5,0.0,0.0,0.0,0.0,0.0,0.0,0.23349767582,-0.0206247160154
104.0,20.0,0.0,0.0,0.0,0.0,0.0,0.0,0.233483439723,-0.0206312846569
104.0,20.5,0.0,0.0,0.0,0.0,0.0,0.0,0.233469218682,-0.0206378488405
104.0,21.0,0.0,0.0,0.0,0.0,0.0,0.0,0.233455012667,-0.0206444085726
104.0,21.5,0.0,0.0,0.0,0.0,0.0,0.0,0.233440821651,-0.0206509638597
104.0,22.0,0.0,0.0,0.0,0.0,0.0,0.0,0.234221873552,-0.0202938291496
104.0,22.5,0.0,0.0,0.0,0.0,0.0,0.0,0.235002325091,-0.0199442950346
104.0,23.0,0.0,0.0,0.0,0.0,0.0,0.0,0.234986972464,-0.0199511013859
104.0,23.5,0.0,0.0,0.0,0.0,0.0,0.0,0.235766821341,-0.0196088394182
104.0,24.0,0.0,0.0,0.0,0.0,0.0,0.0,0.236546027297,-0.0192738238566
105.0,0.5,0.0,0.0,0.0,0.0,0.0,0.0,0.236529433062,-0.0192808870498
105.0,1.0,0.0,0.0,0.0,0.0,0.0,0.0,0.236512861106,-0.0192879438383
105.0,1.5,0.0,0.0,0.0,0.0,0.0,0.0,0.238086558095,-0.0186313316389
105.0,2.0,0.0,0.0,0.0,0.0,0.0,0.0,0.239658777186,-0.0180017590613
105.0,2.5,0.0,0.0,0.0,0.0,0.0,0.0,0.240434412153,-0.0177005176707
105.0,3.0,0.0,0.0,0.0,0.0,0.0,0.0,0.241209260015,-0.0174055598814
105.0,3.5,0.0,0.0,0.0,0.0,0.0,0.0,0.241983294654,-0.0171167400903
105.0,4.0,0.0,0.0,0.0,0.0,0.0,0.0,0.243551395839,-0.0165489362656
105.0,4.5,0.0,0.0,0.0,0.0,0.0,0.0,0.245912418906,-0.0157357600403
105.0,5.0,0.0,0.0,0.0,0.0,0.0,0.0,0.247475536883,-0.0152235441427
105.0,5.5,0.0,0.0,0.0,0.0,0.0,0.0,0.248241780611,-0.0149797212506
105.0,6.0,0.0,0.0,0.0,0.0,0.0,0.0,0.249006941078,-0.014740871859
105.0,6.5,0.0,0.0,0.0,0.0,0.0,0.0,0.250565554964,-0.0142682279402
105.0,7.0,0.0,0.0,0.0,0.0,0.0,0.0,0.251327162293,-0.0140438500634
105.0,7.5,0.0,0.0,0.0,0.0,0.0,0.0,0.252087551978,-0.0138240123911
105.0,8.0,0.0,0.0,0.0,0.0,0.0,0.0,0.252846689939,-0.0136086144683
105,8.5,1.9435668275770677,0.04664077014282786,16.89017294956087,False,0.09602990948823406,0.008399890129550438,0.25360454166820434,-0.013397558341033658
105,9.0,2.0750631118127916,0.04974523729230735,16.890172947884423,False,0.10252702401706029,0.020318031023431667,0.2543589834553002,-0.013191314226346871
105,9.5,2.5860205638717173,0.06326128053827221,16.890172942575184,False,0.1277729775790104,0.10253535512856084,0.2559057470543912,-0.012780176672437329
105,10.0,2.888721638933824,0.07219929406979962,16.89017294013356,False,0.14272916865397492,0.18670766168936262,0.25744576350881154,-0.012385911133849306
105,10.5,2.9386938626650276,0.07316632093829505,16.890172939963882,False,0.14519825181270307,0.18207466713447254,0.25897894121662635,-0.012007708084172527
105,11.0,3.0280236447615314,0.07569679182270954,16.89017293940507,False,0.14961195694885476,0.20574851652016118,0.260508754119431,-0.01164396993557802
105,11.5,2.8679650040592866,0.07373606996842291,16.82850327462105,False,0.13647546477158487,0.14950182490267266,0.26203386254892763,-0.011294342984416264
105,12.0,2.7815117732309615,0.06972084153258666,16.8582471049227,False,0.1347594953943853,0.13034732700295398,0.26355725671418745,-0.010957524738382846
105,12.5,2.764269046960205,0.06878458947324695,16.87846972274437,False,0.13559432484995418,0.1525440774702906,0.26507738694088845,-0.010633289974479815
105,13.0,2.6942709614884404,0.06883572642878252,16.841166067604828,False,0.12918872857947458,0.14544315400296756,0.26579897636638306,-0.010483386350417456
105,13.5,2.7437867063812993,0.07294041534236854,16.79669587692837,False,0.12812810830735008,0.17622193508149184,0.2665188862070799,-0.010336334046855496
105,14.0,2.5730050560142446,0.06821836787167938,16.78445795834541,False,0.11929590549649788,0.12192413467899517,0.2672354898026604,-0.010192391397991473
105,14.5,2.53329188394449,0.0680669359251204,16.784457958228426,True,0.11745462702286032,0.16370271321126617,0.26874547573502033,-0.009896826268417246
105,15.0,2.450324975410484,0.0612182270329648,16.890172942850626,False,0.12106837916078689,0.14912965885744295,0.26945596552810913,-0.009761293236174756
105,15.5,2.2266401643644547,0.05507044815179029,16.890172945036955,False,0.11001631146038199,0.1070072453711485,0.2701651415164845,-0.009628210401788634
105,16.0,1.831232951230543,0.044603990089027254,16.89017295039198,False,0.09047959250146634,0.03767626679582138,0.27087399038349547,-0.009497343658731247
105.0,16.5,0.0,0.0,0.0,0.0,0.0,0.0138048237418,0.271583677113,-0.00936843977791
105.0,17.0,0.0,0.0,0.0,0.0,0.0,0.0,0.271500937504,-0.00938336035664
105.0,17.5,0.0,0.0,0.0,0.0,0.0,0.0,0.272212332094,-0.00925599193792
105.0,18.0,0.0,0.0,0.0,0.0,0.0,0.0,0.272128727459,-0.00927085326078
105.0,18.5,0.0,0.0,0.0,0.0,0.0,0.0,0.273631392842,-0.00900802144841
105.0,19.0,0.0,0.0,0.0,0.0,0.0,0.0,0.273543329157,-0.00902317771252
105.0,19.5,0.0,0.0,0.0,0.0,0.0,0.0,0.273456159855,-0.00903820997987
105.0,20.0,0.0,0.0,0.0,0.0,0.0,0.0,0.27416252972,-0.00891725021359
105.0,20.5,0.0,0.0,0.0,0.0,0.0,0.0,0.275812719496,-0.0086421050433
105.0,21.0,0.0,0.0,0.0,0.0,0.0,0.0,0.277472427404,-0.00837551491063
105.0,21.5,0.0,0.0,0.0,0.0,0.0,0.0,0.279119244589,-0.00812062390189
105.0,22.0,0.0,0.0,0.0,0.0,0.0,0.0,0.280752213225,-0.00787695050253
105.0,22.5,0.0,0.0,0.0,0.0,0.0,0.0,0.281778283838,-0.00772829331707
105.0,23.0,0.0,0.0,0.0,0.0,0.0,0.0,0.282795054303,-0.00758426929875
105.0,23.5,0.0,0.0,0.0,0.0,0.0,0.0,0.284393816586,-0.00736421994336
105.0,24.0,0.0,0.0,0.0,0.0,0.0,0.0,0.285975492465,-0.00715396737304
106.0,0.5,0.0,0.0,0.0,0.0,0.0,0.0,0.28753905846,-0.00695311474243
106.0,1.0,0.0,0.0,0.0,0.0,0.0,0.0,0.288493174708,-0.00683385068449
106.0,1.5,0.0,0.0,0.0,0.0,0.0,0.0,0.290615965622,-0.00657713452818
106.0,2.0,0.0,0.0,0.0,0.0,0.0,0.0,0.292708061784,-0.00633529480637
106.0,2.5,0.0,0.0,0.0,0.0,0.0,0.0,0.293590084306,-0.00623651973854
106.0,3.0,0.0,0.0,0.0,0.0,0.0,0.0,0.294459849806,-0.00614090894808
106.0,3.5,0.0,0.0,0.0,0.0,0.0,0.0,0.294728768472,-0.00611170165792
106.0,4.0,0.0,0.0,0.0,0.0,0.0,0.0,0.294486422859,-0.00613801545182
106.0,4.5,0.0,0.0,0.0,0.0,0.0,0.0,0.2946818484,-0.00611678571304
106.0,5.0,0.0,0.0,0.0,0.0,0.0,0.0,0.294448194381,-0.0061421786009
106.0,5.5,0.0,0.0,0.0,0.0,0.0,0.0,0.29523701527,-0.00605695162974
106.0,6.0,0.0,0.0,0.0,0.0,0.0,0.0,0.295506996149,-0.00602810610521
106.0,6.5,0.0,0.0,0.0,0.0,0.0,0.0,0.295274025302,-0.00605298766102
106,7.0,2.206296464237769,0.05591881896109277,16.89017294520717,False,0.10901114731881406,0.13484850370893328,0.29504712476677597,-0.006077338611830136
106,7.5,2.702118336340193,0.06990022255824953,16.890172941151885,False,0.13350926532777382,0.20648041641100612,0.2948186967007984,-0.006101971490873288
106,8.0,6.801996840273837,0.17818488385049877,33.78034587600765,False,0.3360806181926099,0.5203718791473005,0.29459240439924156,-0.006126491442291192
106,8.5,7.123541144775846,0.19043393402392367,33.78034587439509,False,0.3519678364861423,0.6592118463853379,0.294355175504915,-0.006152322582327096
106,9.0,3.796371964752838,0.11453862274992826,16.804918624977628,True,0.1781412400599576,0.5536053724858722,0.294117022432125,-0.006178384984443095
106,9.5,3.9355567617723697,0.11161513688197477,16.779055312114107,False,0.18189699905723758,0.32273262995392826,0.29389031355130696,-0.0062033172880212135
106,10.0,4.395073611119558,0.14393488304667867,16.657996610938067,True,0.189785048074568,0.6208569920169689,0.29367679963467386,-0.006226908162341995
106,10.5,4.757313918009345,0.17840397716348844,16.326959804271684,False,0.17413269267028503,0.49677942370583317,0.29345485164966084,-0.006251544305849846
106,11.0,3.7662539836782227,0.1294545705928042,16.364791061576625,False,0.14029929530189517,0.16716889348155786,0.2940295160271623,-0.006187994325375294
106,11.5,4.487154758108349,0.1426213808566666,16.60006963798143,False,0.18785364702335472,0.426364125307435,0.2938267218820334,-0.006210332296651091
106,12.0,3.7256615029111644,0.11324574119071204,16.56850227475023,False,0.15342476194778606,0.1652437728142831,0.29361739693994066,-0.00623349048491795
106,12.5,4.232620779437315,0.13362251585624618,16.56158128036407,False,0.17367928796093215,0.3024243038918497,0.29342272294161115,-0.006255120195118998
106,13.0,4.58626370138516,0.15609879735267643,16.496333021668285,False,0.18206218355169773,0.4493127219225814,0.293225529988526,-0.006277121009184082
106,13.5,4.35818911714066,0.1563724477075182,16.376933612544057,False,0.16327841000191126,0.40406310545932106,0.29302521496631456,-0.0062995646184561835
106,14.0,3.997051550272109,0.14333222505958676,16.33781605714345,False,0.14703928303519426,0.28219844106509023,0.29282976734586774,-0.006321555090324822
106,14.5,4.063894040852361,0.1616764538315534,16.199495458782202,True,0.14050945387276628,0.4342551693180165,0.29264246456789067,-0.006342715034566271
106,15.0,3.717454346727442,0.1566440654151875,16.038861019103315,False,0.12014225206613244,0.2700085440556339,0.292451593528328,-0.0063643649665743925
106,15.5,3.369231892260739,0.13169027084888102,16.18864318347355,False,0.11594450522812608,0.25488473067213807,0.2922699261838293,-0.006385052780477592
106,16.0,2.656848053792592,0.10581537527519226,16.103476898262507,False,0.08818025685113536,0.08496688691345275,0.29209244770839876,-0.006405340995326808
106,16.5,2.1291904242576947,0.08181075017756577,16.16537637532726,False,0.07254105849904355,0.04609373947364512,0.29192496250922806,-0.00642455732176606
106,17.0,1.8218318424339712,0.07089805813195924,16.15474905202021,False,0.061788154941243435,0.06657802939857672,0.29176232764076687,-0.006443282916385169
106.0,17.5,0.0,0.0,0.0,0.0,0.0,0.0,0.291601700498,-0.00646184120876
106.0,18.0,0.0,0.0,0.0,0.0,0.0,0.0,0.291448573625,-0.00647959227142
106.0,18.5,0.0,0.0,0.0,0.0,0.0,0.0,0.291297646766,-0.00649714518279
106.0,19.0,0.0,0.0,0.0,0.0,0.0,0.0,0.29114884138,-0.0065145068584
106.0,19.5,0.0,0.0,0.0,0.0,0.0,0.0,0.291002083117,-0.00653168385692
106.0,20.0,0.0,0.0,0.0,0.0,0.0,0.0,0.290857301521,-0.00654868240443
106.0,20.5,0.0,0.0,0.0,0.0,0.0,0.0,0.290714429761,-0.00656550841671
106.0,21.0,0.0,0.0,0.0,0.0,0.0,0.0,0.290573404389,-0.00658216751965
106.0,21.5,0.0,0.0,0.0,0.0,0.0,0.0,0.291225074874,-0.00650560551809
106.0,22.0,0.0,0.0,0.0,0.0,0.0,0.0,0.291082791359,-0.0065222308691
106.0,22.5,0.0,0.0,0.0,0.0,0.0,0.0,0.290942314934,-0.00653869475282
106.0,23.0,0.0,0.0,0.0,0.0,0.0,0.0,0.291594513625,-0.00646267304213
106.0,23.5,0.0,0.0,0.0,0.0,0.0,0.0,0.29145272043,-0.00647911079289
106.0,24.0,0.0,0.0,0.0,0.0,0.0,0.0,0.292103582471,-0.00640406588374
107.0,0.5,0.0,0.0,0.0,0.0,0.0,0.0,0.291960475689,-0.00642047700389
107.0,1.0,0.0,0.0,0.0,0.0,0.0,0.0,0.291819161764,-0.00643673171717
107.0,1.5,0.0,0.0,0.0,0.0,0.0,0.0,0.291679582828,-0.0064528350173
107.0,2.0,0.0,0.0,0.0,0.0,0.0,0.0,0.291541683802,-0.00646879166475
107.0,2.5,0.0,0.0,0.0,0.0,0.0,0.0,0.291405412223,-0.00648460620122
107.0,3.0,0.0,0.0,0.0,0.0,0.0,0.0,0.29127071808,-0.0065002829629
107.0,3.5,0.0,0.0,0.0,0.0,0.0,0.0,0.291137553658,-0.00651582609284
107.0,4.0,0.0,0.0,0.0,0.0,0.0,0.0,0.291005873408,-0.00653123955233
107.0,4.5,0.0,0.0,0.0,0.0,0.0,0.0,0.290875633808,-0.00654652713146
107.0,5.0,0.0,0.0,0.0,0.0,0.0,0.0,0.290746793252,-0.00656169245897
107.0,5.5,0.0,0.0,0.0,0.0,0.0,0.0,0.290619311934,-0.00657673901132
107.0,6.0,0.0,0.0,0.0,0.0,0.0,0.0,0.290493151747,-0.00659167012123
107.0,6.5,0.0,0.0,0.0,0.0,0.0,0.0,0.290368276187,-0.00660648898549
107.0,7.0,0.0,0.0,0.0,0.0,0.0,0.0,0.290244650265,-0.00662119867241
107.0,7.5,0.0,0.0,0.0,0.0,0.0,0.0,0.290913701717,-0.00654205429876
107,8.0,2.133866435729117,0.04986651097717299,16.89017294725417,False,0.10543244398676191,0.02469252739604663,0.29078821574301106,-0.006556812215519325
107,8.5,2.58462986173111,0.06133846678399857,16.89017294302035,False,0.12770426422231348,0.06989250196848638,0.29066115025293976,-0.00657179632916571
107,9.0,2.919986234164872,0.0717219055020719,16.890172940631917,False,0.1442739245160446,0.1177888650058338,0.2905331503894848,-0.0065869318969918565
107,9.5,3.2603814900599395,0.08386448528824852,16.890172938651315,False,0.16109255156298694,0.18431778483743802,0.2904041228214503,-0.006602231041325745
107,10.0,3.792968353608877,0.11465774653924725,16.89017293612235,False,0.1874071951222133,0.36780975920208675,0.2902732626595577,-0.006617790745810666
107,10.5,3.9993038132282135,0.126139523973539,16.890172935711462,True,0.19760204678890875,0.5296290780245277,0.290135393563563,-0.006634231123958504
107,11.0,4.1725080279959625,0.13629073654142643,16.89017293506143,True,0.20615991309488124,0.47464325316691375,0.2899920422298371,-0.006651376868980281
107,11.5,4.490647910789959,0.14373295586107113,16.890172934355874,True,0.22187892193770603,0.6181703142576547,0.2898514593448437,-0.006668242790830531
107,12.0,4.778819704075306,0.17260560591685517,16.628733334274752,True,0.20312867262420234,0.6229495062383279,0.2897061876499881,-0.006685724796949887
107,12.5,4.589165738521602,0.1759675316602707,16.303533413905576,False,0.16618637204856623,0.39563248414300706,0.2895606538150518,-0.006703293132331052
107,13.0,4.708425715081504,0.20445308769774537,16.034750052004732,False,0.15191513000781484,0.44986037819432273,0.28942460943034165,-0.006719765696981834
107,13.5,9.062344560235797,0.43313487637242704,31.705249733358123,False,0.2722772463263883,0.8191396653519911,0.2892863927557749,-0.006736550702958994
107,14.0,4.506523627787413,0.2130233073215114,15.802358659751695,False,0.13287513180070462,0.2998773056206672,0.2891264273384211,-0.006756039276466374
107,14.5,4.203403463822737,0.1921127529297101,15.863000374855861,False,0.12678774383956398,0.2504779820937193,0.28899544295387236,-0.006772047130824433
107,15.0,8.498213317299221,0.4004316583721627,31.620554684724613,False,0.25130804451367095,0.5232951335695573,0.2888680274100509,-0.006787662210063074
107,15.5,4.128252221816009,0.21381522548911785,15.64230737106636,False,0.11490448281852182,0.3649377252697894,0.2887232328548908,-0.006805459234717766
107,16.0,3.448137757121367,0.161329854355718,15.824038792184894,False,0.1024922571537669,0.2314847650936144,0.288592390314671,-0.006821589224334555
107,16.5,2.849685462809023,0.12860505521684926,15.894500050619607,False,0.0869945647515041,0.18720083002682508,0.2884694452705426,-0.006836787153082438
107,17.0,2.115348896078233,0.10091333941274433,15.761175419160354,False,0.061433328979524505,0.09761091900927381,0.28835024536338677,-0.006851560657808853
107.0,17.5,0.0,0.0,0.0,0.0,0.0,0.0,0.288236301075,-0.00686571835776
107.0,18.0,0.0,0.0,0.0,0.0,0.0,0.0279263696849,0.288922695469,-0.00678095726003
107.0,18.5,0.0,0.0,0.0,0.0,0.0,0.0,0.288813048807,-0.00679441321598
107.0,19.0,0.0,0.0,0.0,0.0,0.0,0.0,0.28870528464,-0.00680766916107
107.0,19.5,0.0,0.0,0.0,0.0,0.0,0.0,0.288598325193,-0.00682085659967
107.0,20.0,0.0,0.0,0.0,0.0,0.0,0.0,0.288492153089,-0.00683397707678
107.0,20.5,0.0,0.0,0.0,0.0,0.0,0.0,0.288386751516,-0.00684703208844
107.0,21.0,0.0,0.0,0.0,0.0,0.0,0.0,0.288282104208,-0.00686002308382
107.0,21.5,0.0,0.0,0.0,0.0,0.0,0.0,0.288178195414,-0.00687295146714
107.0,22.0,0.0,0.0,0.0,0.0,0.0,0.0,0.288075009882,-0.00688581859949
107.0,22.5,0.0,0.0,0.0,0.0,0.0,0.0,0.287972532839,-0.00689862580059
107.0,23.0,0.0,0.0,0.0,0.0,0.0,0.0,0.287870749967,-0.00691137435047
107.0,23.5,0.0,0.0,0.0,0.0,0.0,0.0,0.288561815368,-0.0068253650018
107.0,24.0,0.0,0.0,0.0,0.0,0.0,0.0,0.28845778781,-0.00683823029029
108.0,0.5,0.0,0.0,0.0,0.0,0.0,0.0,0.288354474754,-0.00685103582141
108.0,1.0,0.0,0.0,0.0,0.0,0.0,0.0,0.288251861599,-0.00686378289247
108.0,1.5,0.0,0.0,0.0,0.0,0.0,0.0,0.288149934196,-0.00687647276187
108.0,2.0,0.0,0.0,0.0,0.0,0.0,0.0,0.288048678829,-0.00688910665063
108.0,2.5,0.0,0.0,0.0,0.0,0.0,0.0,0.287948082196,-0.00690168574383
108.0,3.0,0.0,0.0,0.0,0.0,0.0,0.0,0.287848131394,-0.00691421119199
108.0,3.5,0.0,0.0,0.0,0.0,0.0,0.0,0.287748813904,-0.00692668411242
108.0,4.0,0.0,0.0,0.0,0.0,0.0,0.0,0.287650117574,-0.00693910559046
108.0,4.5,0.0,0.0,0.0,0.0,0.0,0.0,0.28755203061,-0.00695147668036
108.0,5.0,0.0,0.0,0.0,0.0,0.0,0.0,0.287454541561,-0.00696379840613
108.0,5.5,0.0,0.0,0.0,0.0,0.0,0.0,0.287357639312,-0.00697607176239
108.0,6.0,0.0,0.0,0.0,0.0,0.0,0.034700788396,0.287261313072,-0.00698829771514
108,6.5,1.2545746787271095,0.03166559535835385,16.890172962427975,True,0.061987419796923564,0.10984146307767308,0.2871642354687665,-0.007000644870172332
108,7.0,4.980306225572131,0.13255681121875257,33.78034588997237,True,0.2460725040577058,0.4665055152735885,0.2870636599284889,-0.007013464346812576
108,7.5,6.541669399183387,0.18996407278453153,33.780345878191284,True,0.3232180707100598,0.90178314077786,0.2869462656614846,-0.007028462952015639
108,8.0,7.332631205968262,0.20516325491809062,33.634702134229244,False,0.3466191826164922,0.5818434038490139,0.28681070990098034,-0.007045829487332335
108,8.5,3.8384558277681977,0.12256720727623627,16.61432851630406,False,0.16191115804724945,0.33437284967708697,0.286687245576176,-0.007061691451527456
108,9.0,8.862122740658423,0.30712232723204697,33.03924082771181,False,0.3559390076573611,0.7151998066788819,0.28657682474916346,-0.007075913717833007
108,9.5,9.435741516599638,0.4275759339078168,31.850074328493506,False,0.2914683045373032,0.7558754484776642,0.2864454563861242,-0.007092878517574581
108,10.0,11.079034596584565,0.6317321197610353,30.997390639917548,False,0.2936149047660783,1.3664166972817249,0.28630847330915177,-0.007110620035719632
108,10.5,11.463247598349644,0.8229911685664142,29.895857893657578,False,0.2566919756370061,1.780345639419284,0.2861410643285474,-0.007132374046415256
108,11.0,10.302563444564516,0.7151215122692574,14.945621698523373,False,0.23055148026918254,0.763687946973031,0.28595117224100103,-0.007157145691804189
108,11.5,11.098398491109734,0.7617618515149787,30.003440587538353,False,0.2523434564521795,1.12402791192353,0.2858044318065908,-0.007176358388222765
108,12.0,11.736898561119187,0.9061576380805627,29.513138871067703,False,0.24938471579942786,1.695800707510642,0.2856427147597882,-0.007197603192515679
108,12.5,11.851606700052336,1.0706632111268428,28.666095976105805,False,0.22622729110318643,1.9242523184805935,0.28545428000742545,-0.0072224525106728355
108,13.0,11.23291257812754,1.0291764141796882,28.46858199597044,False,0.20945340088585118,1.0973812108985859,0.28525138619926926,-0.0072493229501879655
108,13.5,3.6099957440183603,0.229392866858147,15.10872600609546,False,0.0846700997872985,0.09710214695079855,0.28825154972492906,-0.006863821677903611
108,14.0,9.955179101678635,0.3875785285531393,32.487304263896604,False,0.35093710265855094,0.8381943250779793,0.2881373791691886,-0.006878037784272927
108,14.5,9.258046978851034,0.4235592084819528,15.899046597835829,False,0.2831216466194989,0.5806588720137523,0.28798971237884663,-0.0068964767864922675
108,15.0,4.975974232611272,0.23811448519977607,15.83717500376223,False,0.14863523104965579,0.49189842743472756,0.28785107284411077,-0.006913842194280191
108.0,15.5,0.0,0.0,0.0,0.0,0.0,0.0,0.289307741135,-0.00673395490078
108,16.0,3.2818477249071303,0.14361598666814251,15.931982719931243,False,0.10164985118642346,0.14421806053805705,0.28920118609970036,-0.006746923073476281
108,16.5,2.7705669899672856,0.10264096404189207,16.244585167453895,False,0.09770763146383465,0.11025832999797588,0.2906683030993013,-0.006570951751527153
108.0,17.0,0.0,0.0,0.0,0.0,0.0,0.0,0.300828895432,-0.00549155698397
108.0,17.5,0.0,0.0,0.0,0.0,0.0,0.0,0.304255758972,-0.00517611100083
108.0,18.0,0.0,0.0,0.0,0.0,0.0,0.0,0.304392376459,-0.00516398936076
108.0,18.5,0.0,0.0,0.0,0.0,0.0,0.0,0.304192325271,-0.00518175079715
108.0,19.0,0.0,0.0,0.0,0.0,0.0,0.0,0.303995406628,-0.0051993052437
108.0,19.5,0.0,0.0,0.0,0.0,0.0,0.0,0.303801476665,-0.00521666255746
108.0,20.0,0.0,0.0,0.0,0.0,0.0,0.0,0.303610400691,-0.00523383199608
108.0,20.5,0.0,0.0,0.0,0.0,0.0,0.0,0.303422052423,-0.00525082226666
108.0,21.0,0.0,0.0,0.0,0.0,0.0,0.0,0.303236313299,-0.0052676415695
108.0,21.5,0.0,0.0,0.0,0.0,0.0,0.0,0.303053071859,-0.00528429763767
108.0,22.0,0.0,0.0,0.0,0.0,0.0,0.0,0.302872223192,-0.00530079777254
108.0,22.5,0.0,0.0,0.0,0.0,0.0,0.0,0.302693668428,-0.00531714887609
108.0,23.0,0.0,0.0,0.0,0.0,0.0,0.0,0.303307024645,-0.00526123086278
108.0,23.5,0.0,0.0,0.0,0.0,0.0,0.0,0.30312685463,-0.00527758348127
108.0,24.0,0.0,0.0,0.0,0.0,0.0,0.0,0.30294888657,-0.00529379573208
109.0,0.5,0.0,0.0,0.0,0.0,0.0,0.0,0.302773031376,-0.00530987382756
109.0,1.0,0.0,0.0,0.0,0.0,0.0,0.0,0.302599204827,-0.00532582365897
109.0,1.5,0.0,0.0,0.0,0.0,0.0,0.0,0.302427327231,-0.00534165081857
109.0,2.0,0.0,0.0,0.0,0.0,0.0,0.0,0.302257323109,-0.00535736061965
109.0,2.5,0.0,0.0,0.0,0.0,0.0,0.0,0.302089120905,-0.00537295811497
109.0,3.0,0.0,0.0,0.0,0.0,0.0,0.0,0.30192265273,-0.0053884481135
109.0,3.5,0.0,0.0,0.0,0.0,0.0,0.0,0.301757854118,-0.00540383519585
109.0,4.0,0.0,0.0,0.0,0.0,0.0,0.0,0.301594663806,-0.0054191237284
109.0,4.5,0.0,0.0,0.0,0.0,0.0,0.0,0.301433023533,-0.00543431787627
109.0,5.0,0.0,0.0,0.0,0.0,0.0,0.0,0.301272877856,-0.00544942161528
109.0,5.5,0.0,0.0,0.0,0.0,0.0,0.0,0.301114173975,-0.00546443874295
109.0,6.0,0.0,0.0,0.0,0.0,0.0,0.0286898957046,0.30095686158,-0.00547937288866
109,6.5,2.427634706740063,0.0615930229131736,33.780345947713464,True,0.11994727315312745,0.25689133615572946,0.3007998039215009,-0.005494331388078692
109,7.0,3.257537757794052,0.08843700514323438,33.780345914379716,True,0.16095204527926815,0.40026484923278505,0.3006330463328117,-0.005510267016448752
109,7.5,4.987995583794404,0.14535889155633414,33.78034588831924,True,0.24645242841308698,0.7528374687532341,0.3004610830751745,-0.005526757815965169
109,8.0,5.8731588983485326,0.16883128879754444,33.69935598598552,True,0.2830670535976392,0.7112171060091143,0.30027479188697204,-0.005544689025448048
109,8.5,7.688066898327841,0.28206545046447407,33.216739636465306,True,0.32327132567332983,1.4372124193678255,0.30009036196983346,-0.005562509402622015
109,9.0,9.750759800536505,0.502634643640815,31.626331266337015,False,0.2886581528736226,1.7658448139367624,0.29987521797125305,-0.005583383808100647
109,9.5,10.320590673797227,0.7078822614076072,30.215881982550925,False,0.24369938558778453,2.3239360260075017,0.29964033036220544,-0.005606280511418469
109,10.0,11.050045134849874,0.8585283600804459,29.416454812459463,False,0.23179711817452858,1.5625867030854084,0.29937753836583625,-0.005632030051715744
109,10.5,10.693656151321235,1.0130072481592947,28.47207891054071,False,0.20072384931272005,2.857754522306511,0.2991389542676374,-0.005655529715930863
109,11.0,11.386110155093153,1.1288244233714262,28.103290851586223,False,0.20359272097947373,1.824089990987255,0.29884635703233176,-0.0056845091674282
109,11.5,11.061134175858301,1.0396600683860133,28.374618741075036,False,0.20400349983765814,1.4241782318644083,0.29858956369688733,-0.0057100884012784535
109,12.0,11.490972103288957,1.208327082542966,27.814537549646683,False,0.20055643731302186,2.4629447216149694,0.298352274716614,-0.005733846799996798
109,12.5,11.339315828718398,1.162978201018086,27.966608849122636,False,0.20114304516864867,2.5207537368420483,0.29807008141615343,-0.005762254714334326
109,13.0,11.064999858267658,1.1106996521035488,27.93550945422291,False,0.19418884135039033,1.085466010216016,0.2977883081523783,-0.005790787821785424
109,13.5,5.8057271761461875,0.5564345843540981,14.088385753367435,False,0.10467557520572501,0.5704392328905732,0.29756385735346025,-0.005813636817490515
109,14.0,5.698115069239345,0.5713558695925548,13.966869154466284,False,0.09998140219180077,0.577174201328951,0.2973808332820156,-0.005832348132479161
109,14.5,10.326061166798787,0.9819863944384043,28.204869969568584,False,0.18677067420696952,0.7936515703626256,0.29719781345370105,-0.005851130809099382
109,15.0,10.517008349556964,1.0091659229596772,28.28703500366818,False,0.19201825004761292,1.7409132522106887,0.2969918010657857,-0.005872359419863441
109,15.5,10.391758887736643,0.9891885730062453,28.22999376990663,False,0.18849742319752638,0.9976476409048463,0.29674959594240863,-0.005897435004431127
109,16.0,8.191400767043847,0.7448724355707876,28.413805375579916,False,0.15176572531070126,0.3951957033434907,0.29653712520274844,-0.005919537283447916
109,16.5,8.89231919613399,0.8003755838344232,28.54559846409522,False,0.1673202211556996,0.977448796597071,0.29635754164425776,-0.0059382954689777305
109,17.0,10.522255640339747,1.0135171138536316,28.19423484419761,False,0.19008944660683919,1.4983565763742825,0.29615449154521295,-0.0059595902021105365
109,17.5,8.474795326230442,0.7055036845100785,28.902697889096707,False,0.1664965079962372,0.6811482538094616,0.29592430531470315,-0.005983840953208664
109,18.0,8.514918611175696,0.5645193889749585,30.030065248671566,False,0.19434261282248277,0.603007291137333,0.29573752769812406,-0.006003604932098704
109,18.5,5.398910634679671,0.35076528013627817,15.00266836276355,False,0.12278790399249503,0.13603037095194037,0.2955597586152861,-0.0060224879490086815
109.0,19.0,0.0,0.0,0.0,0.0,0.0,0.0,0.295408502907,-0.0060386103995
109.0,19.5,0.0,0.0,0.0,0.0,0.0,0.0,0.295276388311,-0.00605273467535
109.0,20.0,0.0,0.0,0.0,0.0,0.0,0.0,0.295144929144,-0.00606682796677
109.0,20.5,0.0,0.0,0.0,0.0,0.0,0.0,0.295014114169,-0.00608089102491
109.0,21.0,0.0,0.0,0.0,0.0,0.0,0.0,0.294883932692,-0.00609492455525
109.0,21.5,0.0,0.0,0.0,0.0,0.0,0.0,0.294754374531,-0.00610892922023
109.0,22.0,0.0,0.0,0.0,0.0,0.0,0.0,0.294625429982,-0.00612290564166
109.0,22.5,0.0,0.0,0.0,0.0,0.0,0.0,0.2944970898,-0.00613685440303
109.0,23.0,0.0,0.0,0.0,0.0,0.0,0.0,0.294369345162,-0.00615077605167
109.0,23.5,0.0,0.0,0.0,0.0,0.0,0.0,0.29424218765,-0.00616467110083
109.0,24.0,0.0,0.0,0.0,0.0,0.0,0.0,0.294115609226,-0.00617854003156
110.0,0.5,0.0,0.0,0.0,0.0,0.0,0.0,0.293989602209,-0.00619238329457
110.0,1.0,0.0,0.0,0.0,0.0,0.0,0.0,0.293864159254,-0.00620620131196
110.0,1.5,0.0,0.0,0.0,0.0,0.0,0.0,0.293739273337,-0.00621999447885
110.0,2.0,0.0,0.0,0.0,0.0,0.0,0.0,0.29361493773,-0.00623376316489
110.0,2.5,0.0,0.0,0.0,0.0,0.0,0.0,0.29349114599,-0.00624750771577
110.0,3.0,0.0,0.0,0.0,0.0,0.0,0.0,0.293367891939,-0.00626122845455
110.0,3.5,0.0,0.0,0.0,0.0,0.0,0.0,0.293245169651,-0.006274925683
110.0,4.0,0.0,0.0,0.0,0.0,0.0,0.0,0.293122973435,-0.00628859968281
110.0,4.5,0.0,0.0,0.0,0.0,0.0,0.0,0.293001297827,-0.00630225071678
110.0,5.0,0.0,0.0,0.0,0.0,0.0,0.0,0.292880137569,-0.0063158790299
110.0,5.5,0.0,0.0,0.0,0.0,0.0,0.0,0.292759487605,-0.00632948485041
110.0,6.0,0.0,0.0,0.0,0.0,0.0,0.0,0.292639343066,-0.00634306839078
110.0,6.5,0.0,0.0,0.0,0.0,0.0,0.0,0.292519699257,-0.00635662984865
110,7.0,1.57539673015022,0.03750202911484712,16.890172954439592,False,0.0778389522077736,0.016968647406080613,0.2924005516517143,-0.006370169407739663
110,7.5,1.9720698062770357,0.04850512476109271,16.890172947615785,True,0.09743821633205647,0.09089196768028268,0.292279828721554,-0.006383923042020673
110,8.0,2.6988976577746553,0.07045063995023347,16.890172941305536,True,0.1333501344624231,0.19901429740493046,0.2921563704510185,-0.006398024914483421
110,8.5,8.249516286375364,0.23911096123081246,33.780345870825485,False,0.40760126745419356,0.7817504288797764,0.2920284596433834,-0.0064126745376105855
110,9.0,4.481000654222718,0.2000154469082619,15.89904661189907,False,0.137034116010074,0.29699629774565095,0.2918725129596529,-0.006430589211270589
110,9.5,4.1262592690685045,0.19429498857197505,15.754169235888709,False,0.11952782311535927,0.17683548062540042,0.29173692209852276,-0.006446213951025106
110,10.0,9.281686725425793,0.4908447456704484,15.587871066451967,False,0.25351436521726534,0.6105358479212171,0.2916065804722331,-0.006461276456501076
110,10.5,5.081315117784848,0.30068224486384915,15.270364361308115,False,0.12514366325204376,0.3003847025450147,0.29144899434016197,-0.006479543420990275
110,11.0,9.893831852959702,0.6591087911115071,15.022199585978866,False,0.22627998258848883,0.6363980496380368,0.29131086004151624,-0.006495606207537063
110,11.5,10.41084109337242,0.8175891938044345,29.192470246601793,False,0.21212332611940687,0.7050591899023395,0.29114683334589,-0.006514741520899313
110,12.0,5.983837426875733,0.4533163210647171,14.69303536513781,False,0.12502222032419213,0.48494387800894867,0.2909746449004816,-0.006534901287482642
110,12.5,5.628564142284321,0.39252738440631446,14.90000513809684,False,0.12436036921237825,0.43215629741917533,0.2908250890036065,-0.006552471583332925
110,13.0,10.371630307806434,0.801924292133658,29.272215706393958,False,0.21350512078955097,0.6846955974283744,0.2906802952460604,-0.006569536060050242
110,13.5,10.675828511235462,0.8684970837426623,29.02142284576286,False,0.2128591867806882,0.7348400735960364,0.2905108299074674,-0.006589575472336695
110,14.0,10.970241547165031,0.9325471247273258,28.822895289830598,False,0.21341890628362653,0.8969333721198599,0.2903373810408221,-0.0066101614061233665
110,14.5,10.844419756873206,0.9588782566121927,28.595183327741005,False,0.20525527784934078,0.790296316470064,0.29015579302419786,-0.006631795499109226
110,15.0,10.29040373464383,0.9705311144190288,28.196109553627018,False,0.18594052053991678,0.5577448397625253,0.289977692749431,-0.006653096064785517
110,15.5,8.694170615812048,0.7819085016164338,28.40856075444633,False,0.16098243485204342,0.31021686402573234,0.2898084129223984,-0.0066734173160058865
110,16.0,3.9679152404545537,0.3430964077211581,14.329580757696446,False,0.07567787545806315,0.18327008822884908,0.28965611962352467,-0.006691762636746658
110,16.5,3.2688827027174945,0.27758381738427407,14.372960886395449,False,0.06300093734404343,0.1235550106703811,0.28952572881524263,-0.006707517336463886
110,17.0,5.349523286349699,0.4278063811562918,14.47453149567181,False,0.10570241554704257,0.08863747799514989,0.2894005197482078,-0.006722687554583897
110,17.5,3.7015973116900462,0.2949428192690522,14.500206081080336,False,0.0736101690730429,0.07649145945605715,0.289271361655659,-0.006738379086837662
110,18.0,2.8998280806175116,0.2283221135504779,14.506953641484134,False,0.0577635872606426,0.05300865628959385,0.2891481309475622,-0.006753391192599623
110,18.5,3.623013642610736,0.277685027460296,14.54979607572811,False,0.07295191776449142,0.046554553124110096,0.28902874146926427,-0.006767973374974663
110.0,19.0,0.0,0.0,0.0,0.0,0.0,0.0,0.28890814298,-0.00678274132854
110.0,19.5,0.0,0.0,0.0,0.0,0.0,0.0,0.288800266351,-0.00679598396243
110.0,20.0,0.0,0.0,0.0,0.0,0.0,0.0,0.288692804354,-0.00680920633667
110.0,20.5,0.0,0.0,0.0,0.0,0.0,0.0,0.28858575467,-0.00682240846535
110.0,21.0,0.0,0.0,0.0,0.0,0.0,0.0,0.288479115015,-0.00683559036079
110.0,21.5,0.0,0.0,0.0,0.0,0.0,0.0,0.288372883136,-0.00684875203371
110.0,22.0,0.0,0.0,0.0,0.0,0.0,0.0,0.288267056808,-0.00686189349343
110.0,22.5,0.0,0.0,0.0,0.0,0.0,0.0,0.288161633836,-0.00687501474797
110.0,23.0,0.0,0.0,0.0,0.0,0.0,0.0,0.288056612053,-0.00688811580425
110.0,23.5,0.0,0.0,0.0,0.0,0.0,0.0,0.287951989314,-0.00690119666819
110.0,24.0,0.0,0.0,0.0,0.0,0.0,0.0,0.287847763502,-0.00691425734489
111.0,0.5,0.0,0.0,0.0,0.0,0.0,0.0,0.287743932519,-0.00692729783868
111.0,1.0,0.0,0.0,0.0,0.0,0.0,0.0,0.287640494291,-0.00694031815332
111.0,1.5,0.0,0.0,0.0,0.0,0.0,0.0,0.287537446764,-0.00695331829203
111.0,2.0,0.0,0.0,0.0,0.0,0.0,0.0,0.287434787903,-0.00696629825765
111.0,2.5,0.0,0.0,0.0,0.0,0.0,0.0,0.287332515694,-0.0069792580527
111.0,3.0,0.0,0.0,0.0,0.0,0.0,0.0,0.287230628137,-0.00699219767946
111.0,3.5,0.0,0.0,0.0,0.0,0.0,0.0,0.287129123252,-0.0070051171401
111.0,4.0,0.0,0.0,0.0,0.0,0.0,0.0,0.287027999074,-0.00701801643669
111.0,4.5,0.0,0.0,0.0,0.0,0.0,0.0,0.287719433569,-0.00693037901837
111.0,5.0,0.0,0.0,0.0,0.0,0.0,0.0,0.287615469013,-0.00694347259609
111.0,5.5,0.0,0.0,0.0,0.0,0.0,0.0,0.287511925039,-0.00695654251071
111,6.0,0.8412134158538499,0.020789173120250064,16.890172982099774,True,0.04156360719813232,0.07820620536994594,0.2874087987915951,-0.006969588843199051
111,6.5,3.784198195225296,0.09539080062284756,33.78034590970384,True,0.18697386939148827,0.2397041737748372,0.2873023305857964,-0.006983088557477653
111,7.0,4.5804520556244555,0.12427659193131155,33.78034589424866,True,0.2263160649151234,0.43608395263853417,0.2871873145470399,-0.006997707123164832
111,7.5,6.772690218108282,0.1978096940319135,33.78034587704033,True,0.3346326040394395,0.660247416935284,0.28706415908679644,-0.007013400654479714
111,8.0,9.217291901289268,0.3847227582348366,32.47241496956525,False,0.323856774994577,0.9384056833475781,0.2869301127492169,-0.007030529680913256
111,8.5,11.039238019150247,0.7415532186583091,30.110990635808193,False,0.2549168727537554,0.9270645124916461,0.28677882100206387,-0.007049922314130474
111,9.0,11.311037548263922,1.0035417045754462,28.66186546833289,False,0.21751920027281085,1.2646512596733839,0.28661481934280664,-0.007071016144322632
111,9.5,11.618838713363907,1.1455335654948722,28.08149716135143,False,0.20889286576349292,1.3377955261656247,0.28642846262041444,-0.007095076616353578
111,10.0,11.794232856988257,1.175336702925753,28.00465151914989,False,0.21003855897774282,1.3121624425340628,0.2862343377083118,-0.007120243842007727
111,10.5,11.649572674789137,1.2615753778268328,27.59991188288236,False,0.19850694764601468,1.5500839564748667,0.28604044821759556,-0.007145486789693527
111,11.0,11.702079621254175,1.370596700643433,27.15895877434741,False,0.19048298969441296,1.5589524588411998,0.28583464802775993,-0.007172397165224716
111,11.5,11.658258467948723,1.414620320301415,26.954475405790078,False,0.1858001941912245,1.516565275915017,0.2856247626059177,-0.007199966188940007
111,12.0,11.725161895880115,1.472329473407422,26.741800214620728,False,0.18292809538415922,1.4210902351822876,0.28541520130722353,-0.007227618697165981
111,12.5,11.790334826207047,1.5281794219612357,26.558969045225783,False,0.18076022705071196,1.3080011155937035,0.28520745701970124,-0.007255156430334035
111,13.0,11.77133486643827,1.535715943789944,26.51527610424011,False,0.1796773505718971,1.1726637549364058,0.2850022663513293,-0.007282478467559459
111,13.5,11.690260269038562,1.5522783172870593,26.40304621347451,False,0.17657003821839057,1.0083401809960977,0.2848023047369574,-0.007309222259011755
111,14.0,11.60368233881694,1.5751116822285467,26.251543191586727,False,0.17273023694803324,0.8583701395537661,0.2846083273190171,-0.007335277586166786
111,14.5,11.50152754366517,1.6140351755644975,26.04959135241749,False,0.1681240993454894,0.7091934828026352,0.2844195490694896,-0.007360740875707935
111,15.0,11.351097311390244,1.6159945695732292,25.936082026276743,False,0.16416581254269746,0.5656053640866437,0.2842353269547634,-0.007385691210528654
111,15.5,11.213885112717728,1.6377663438940013,25.75689654812713,False,0.15958687911816868,0.44296434687374997,0.2840568493932541,-0.007409959684770072
111,16.0,10.871034019815514,1.5680435659047565,25.790060351417885,False,0.15501550814949935,0.31578973664079824,0.28388256730419575,-0.007433749422209468
111,16.5,9.886646419223805,1.4148044286715713,25.785938289347214,False,0.1408977489994559,0.18440641641025682,0.2837161227117607,-0.007456554332175344
111,17.0,9.774960851724407,1.3949617376041774,25.80992422074393,False,0.13896270318985265,0.13884813848663083,0.2835608425597361,-0.00747790477257506
111,17.5,8.173957955961882,1.1480008213598971,25.86112001183293,False,0.1167366230866613,0.06678255906724524,0.2834084052061163,-0.007498935226104341
111,18.0,5.962522626718689,0.8135787102957971,25.995634891193852,False,0.08619484471537384,0.023754900034125247,0.28326843354894216,-0.007518307983973758
111,18.5,4.133955066396604,0.5413499722226727,13.081962895034732,False,0.06068900745623792,0.00736162175156161,0.28314314259020945,-0.0075356994574300815
111.0,19.0,0.0,0.0,0.0,0.0,0.0,0.0,0.283029159182,-0.0075515629985
111.0,19.5,0.0,0.0,0.0,0.0,0.0,0.0,0.28293635159,-0.00756450880792
111.0,20.0,0.0,0.0,0.0,0.0,0.0,0.0,0.282843894134,-0.00757743207825
111.0,20.5,0.0,0.0,0.0,0.0,0.0,0.0,0.28275178473,-0.0075903328652
111.0,21.0,0.0,0.0,0.0,0.0,0.0,0.0,0.282660021312,-0.00760321122426
111.0,21.5,0.0,0.0,0.0,0.0,0.0,0.0,0.282568601828,-0.00761606721078
111.0,22.0,0.0,0.0,0.0,0.0,0.0,0.0,0.282477524245,-0.00762890087994
111.0,22.5,0.0,0.0,0.0,0.0,0.0,0.0,0.282386786548,-0.00764171228676
111.0,23.0,0.0,0.0,0.0,0.0,0.0,0.0,0.282296386735,-0.00765450148619
111.0,23.5,0.0,0.0,0.0,0.0,0.0,0.0,0.282206322821,-0.00766726853304
111.0,24.0,0.0,0.0,0.0,0.0,0.0,0.0,0.282116592838,-0.00768001348208
112.0,0.5,0.0,0.0,0.0,0.0,0.0,0.0,0.282027194832,-0.00769273638796
112.0,1.0,0.0,0.0,0.0,0.0,0.0,0.0,0.281938126864,-0.00770543730533
112.0,1.5,0.0,0.0,0.0,0.0,0.0,0.0,0.28184938701,-0.00771811628876
112.0,2.0,0.0,0.0,0.0,0.0,0.0,0.0,0.281760973361,-0.0077307733928
112.0,2.5,0.0,0.0,0.0,0.0,0.0,0.0,0.281672884023,-0.00774340867199
112.0,3.0,0.0,0.0,0.0,0.0,0.0,0.0,0.281585117114,-0.00775602218084
112.0,3.5,0.0,0.0,0.0,0.0,0.0,0.0,0.281497670769,-0.00776861397389
112.0,4.0,0.0,0.0,0.0,0.0,0.0,0.0,0.281410543134,-0.00778118410566
112.0,4.5,0.0,0.0,0.0,0.0,0.0,0.0,0.281323732369,-0.00779373263068
112.0,5.0,0.0,0.0,0.0,0.0,0.0,0.0,0.28123723665,-0.00780625960352
112.0,5.5,0.0,0.0,0.0,0.0,0.0,0.0,0.281151054163,-0.00781876507876
112.0,6.0,0.0,0.0,0.0,0.0,0.0,0.0,0.281065183109,-0.00783124911102
112,6.5,2.535961262539537,0.14844078482511827,15.273073225435835,False,0.06250859873834991,0.004883928477294877,0.28097962170158913,-0.00784371175495455
112,7.0,7.8437389179692065,0.4766208948435003,30.37115639335319,False,0.18823553562732487,0.022007973805708084,0.2808885495010591,-0.007857003057719868
112,7.5,10.099481534171826,0.7157846127508669,29.694857756363007,False,0.21993110765273255,0.04039563927986811,0.280784679136412,-0.007872194926728271
112,8.0,9.117043960245423,0.7718557235156598,28.735336117807705,False,0.17548706490089286,0.022963146247440717,0.2806713390720047,-0.0078888117629093
112,8.5,9.894202113480258,0.8470054834810152,28.688359026384564,False,0.1893695992617139,0.021895176723599842,0.2805568352995789,-0.007905641665393988
112,9.0,11.423371424457823,1.0984176851991012,28.116786367133145,False,0.20456929556791814,0.023845809787348352,0.28043982102816384,-0.007922884779692314
112,9.5,12.321391305789223,1.4208181568142944,27.17883273895921,False,0.2012182658041638,0.017956420771921295,0.28031349083894186,-0.007941551007586095
112,10.0,12.588895265181584,1.6869192561604442,26.255970442901333,False,0.18766012681482563,0.0,0.280175446558721,-0.007962008023933856
112,10.5,12.669819388861448,1.6684787508919439,26.362755860461064,False,0.18947746025442433,0.0,0.28002828100043686,-0.007983885923441807
112,11.0,12.516819405201362,1.6466565321481887,26.338711229401678,False,0.18676716956723927,0.0,0.279882109381289,-0.008005687001097573
112,11.5,12.194047294899898,1.8088192216909929,25.72013139903285,False,0.17306013577853582,0.0,0.27973705837176116,-0.008027391094672058
112,12.0,12.600909463624806,1.940855478622086,25.45029154268586,False,0.1746773167887769,0.0,0.2795861441000464,-0.008050046971307782
112,12.5,11.932257461650645,1.9299728594679397,25.199508789864108,False,0.16180016761232147,0.0,0.27943050822014776,-0.008073491519642267
112,13.0,12.443274640472573,2.060679028049148,24.993358377584745,False,0.16593836162865935,0.0,0.279275572864782,-0.008096911391211648
112,13.5,11.742495988126235,2.0183438225076027,24.812064056225218,False,0.15416020654349813,0.0,0.279115963126465,-0.008121122533433186
112,14.0,11.630748127060194,2.043207264103006,24.660562445178016,False,0.15071913984701305,0.0,0.2789582443073429,-0.008145131620233496
112,14.5,11.330453618663434,2.0489976184963647,24.463976258982772,False,0.14449567691045617,0.0,0.27879986462394085,-0.008169326459950617
112,15.0,11.095133911476776,1.9998962924758996,24.461660318291976,False,0.1413616203841729,0.0,0.27864154631154203,-0.008193597554197228
112,15.5,11.0786633470717,1.913208633225667,24.678645688161737,False,0.14303594018320684,0.0,0.27848537092996156,-0.008217624351208418
112,16.0,10.268331793017218,1.8120900864988243,24.583431498996475,False,0.13155718113099168,0.0,0.27833276331262713,-0.008241183400127155
112,16.5,9.138558654231911,1.5786468795610646,24.666680649553,False,0.11787290324675546,0.0,0.2781842695555473,-0.008264184653560417
112,17.0,6.828413850664108,1.0975918861068905,25.074492432961613,False,0.09108758993950203,0.0,0.27804490982787394,-0.008285840679924213
112,17.5,5.241949705195627,0.7988532633892963,25.391906244835063,False,0.07183699982467838,0.0,0.2779240794497178,-0.008304672054464524
112,18.0,3.6532979848393565,0.530422285420867,25.685897813581434,False,0.05136664917881162,0.0,0.27781485799985783,-0.008321738075611113
112.0,18.5,0.0,0.0,0.0,0.0,0.0,0.0,0.277716093791,-0.00833720612354
112.0,19.0,0.0,0.0,0.0,0.0,0.0,0.0,0.277637727875,-0.00834950385245
112.0,19.5,0.0,0.0,0.0,0.0,0.0,0.0,0.277559629261,-0.00836178114305
112.0,20.0,0.0,0.0,0.0,0.0,0.0,0.0,0.277481796464,-0.0083740380522
112.0,20.5,0.0,0.0,0.0,0.0,0.0,0.0,0.27740422801,-0.00838627463678
112.0,21.0,0.0,0.0,0.0,0.0,0.0,0.0,0.277326922436,-0.00839849095367
112.0,21.5,0.0,0.0,0.0,0.0,0.0,0.0,0.277249878286,-0.0084106870598
112.0,22.0,0.0,0.0,0.0,0.0,0.0,0.0,0.277173094118,-0.0084228630121
112.0,22.5,0.0,0.0,0.0,0.0,0.0,0.0,0.277096568495,-0.00843501886752
112.0,23.0,0.0,0.0,0.0,0.0,0.0,0.0,0.277020299992,-0.00844715468301
112.0,23.5,0.0,0.0,0.0,0.0,0.0,0.0,0.276944287193,-0.00845927051552
112.0,24.0,0.0,0.0,0.0,0.0,0.0,0.0,0.276868528693,-0.00847136642203
113.0,0.5,0.0,0.0,0.0,0.0,0.0,0.0,0.276793023093,-0.00848344245948
113.0,1.0,0.0,0.0,0.0,0.0,0.0,0.0,0.276717769005,-0.00849549868484
113.0,1.5,0.0,0.0,0.0,0.0,0.0,0.0,0.276642765053,-0.00850753515506
113.0,2.0,0.0,0.0,0.0,0.0,0.0,0.0,0.276568009865,-0.00851955192707
113.0,2.5,0.0,0.0,0.0,0.0,0.0,0.0,0.276493502081,-0.0085315490578
113.0,3.0,0.0,0.0,0.0,0.0,0.0,0.0,0.276419240351,-0.00854352660415
113.0,3.5,0.0,0.0,0.0,0.0,0.0,0.0,0.276345223331,-0.00855548462301
113.0,4.0,0.0,0.0,0.0,0.0,0.0,0.0,0.276271449689,-0.00856742317125
113.0,4.5,0.0,0.0,0.0,0.0,0.0,0.0,0.276197918099,-0.0085793423057
113.0,5.0,0.0,0.0,0.0,0.0,0.0,0.0,0.276124627246,-0.00859124208317
113.0,5.5,0.0,0.0,0.0,0.0,0.0,0.0,0.276051575823,-0.00860312256042
113.0,6.0,0.0,0.0,0.0,0.0,0.0,0.0,0.275978762531,-0.00861498379419
113,6.5,3.264048805963261,0.1479483398329893,15.871942839451687,False,0.09878888861028012,0.0,0.27590618608098605,-0.00862682584117794
113,7.0,9.139445998620541,0.4745037368889848,31.140147401016186,False,0.2481129535770596,0.0,0.2758282305587945,-0.008639567183438711
113,7.5,10.174972221714087,0.6136888660928259,30.490162176804375,False,0.24864476639970773,0.0,0.2757381165632691,-0.008654323702554896
113,8.0,10.469619323140204,0.6650994786860899,30.24853285398649,False,0.24668854973020823,0.0,0.27564295352213986,-0.008669939636023576
113,8.5,11.840135709161668,0.8325051203644452,29.859999154539317,False,0.26379993059494067,0.0,0.2755460712178293,-0.008685872195197647
113,9.0,12.235559763538625,0.9424445466352532,29.456196506534734,False,0.2580178401023761,0.0,0.27544306639720817,-0.008702849895889785
113,9.5,12.544469404439816,1.0732395412711124,28.890999942410232,False,0.24609412880345205,0.0,0.27533611866079005,-0.008720519340587783
113,10.0,12.571317388083461,1.198226094889321,28.316541196858868,False,0.23173140678574367,0.0,0.2752244353095927,-0.008739016826979069
113,10.5,12.799360368009474,1.2812072961568464,28.00446665742299,False,0.22768883154902209,0.0,0.27510823555057856,-0.008758311985082584
113,11.0,12.94864569074588,1.3745048791561159,27.674933374336973,False,0.22089641264346316,0.0,0.27498911226974343,-0.00877814531356915
113,11.5,12.968872895065344,1.3558593750541414,27.761116484664306,False,0.22330528475782624,0.0,0.2748666727539814,-0.00879858656924573
113,12.0,12.007432274579433,1.4761104836025263,26.88196405827998,False,0.18974337841003808,0.0,0.2747451640387791,-0.008818928522122686
113,12.5,12.855410282007213,1.5809894664222224,26.830583031047322,False,0.20109725624943847,0.0,0.2746193138137396,-0.008840056395451296
113,13.0,11.907150053849884,1.502059352710049,26.707589160162676,False,0.18491905229973193,0.0,0.274489704267098,-0.008861878456564725
113,13.5,11.982808664650742,1.5755687700635497,26.468574493166262,False,0.18182218288059593,0.0,0.2743633097693656,-0.008883221049365723
113,14.0,11.562632266230896,1.489786578003902,26.567838914017592,False,0.17715911081034524,0.0,0.2742343440805544,-0.008905060960058962
113,14.5,11.805297258973651,1.4796732820798668,26.738356269114075,False,0.18377732718677475,0.0,0.2741088511492792,-0.008926374212620802
113,15.0,11.613313045340002,1.3614277340871368,27.083904910529363,False,0.18630808760607878,0.0,0.2739839581926172,-0.008947645937852904
113,15.5,11.279222235353313,1.2428548233073091,27.41342990673224,False,0.18716824130163418,0.0,0.2738637676794614,-0.008968173796728644
113,16.0,10.396130575195322,1.1563735626258111,27.3824038428772,False,0.17195762798751094,0.0,0.27374829089621644,-0.008987949453213134
113,16.5,9.741188028526139,1.0713876162665656,27.40446889256836,False,0.16149503144728355,0.0,0.27363630883691253,-0.009007176271745717
113,17.0,8.324271324982423,0.8826980632126162,27.569545598518065,False,0.14042028923077707,0.0,0.2735277636324227,-0.00902585978719716
113,17.5,8.52054106801273,0.8903878401978531,27.629948033145926,False,0.14465765765435323,0.0,0.2734265897147174,-0.009043316100398381
113,18.0,6.685633043117503,0.6706204189328067,27.823509683971217,False,0.11589966298853605,0.0,0.27332533339097986,-0.009060826921213863
113,18.5,2.7813507711109025,0.2572514458228354,14.110278162444587,False,0.0503970386551206,0.0,0.27323262555033756,-0.009076894842479677
113.0,19.0,0.0,0.0,0.0,0.0,0.0,0.0,0.273155812269,-0.00909023367612
113.0,19.5,0.0,0.0,0.0,0.0,0.0,0.0,0.27308896781,-0.00910186040589
113.0,20.0,0.0,0.0,0.0,0.0,0.0,0.0,0.273022328414,-0.00911346910859
113.0,20.5,0.0,0.0,0.0,0.0,0.0,0.0,0.272955893012,-0.00912505983958
113.0,21.0,0.0,0.0,0.0,0.0,0.0,0.0,0.272889660539,-0.00913663265412
113.0,21.5,0.0,0.0,0.0,0.0,0.0,0.0,0.272823629937,-0.00914818760731
113.0,22.0,0.0,0.0,0.0,0.0,0.0,0.0,0.272757800157,-0.00915972475418
113.0,22.5,0.0,0.0,0.0,0.0,0.0,0.0,0.272692170155,-0.0091712441496
113.0,23.0,0.0,0.0,0.0,0.0,0.0,0.0,0.272626738895,-0.00918274584836
113.0,23.5,0.0,0.0,0.0,0.0,0.0,0.0,0.272561505347,-0.00919422990509
113.0,24.0,0.0,0.0,0.0,0.0,0.0,0.0,0.272496468489,-0.00920569637432
114.0,0.5,0.0,0.0,0.0,0.0,0.0,0.0,0.272431627304,-0.00921714531045
114.0,1.0,0.0,0.0,0.0,0.0,0.0,0.0,0.272366980784,-0.00922857676773
114.0,1.5,0.0,0.0,0.0,0.0,0.0,0.0,0.272302527925,-0.00923999080031
114.0,2.0,0.0,0.0,0.0,0.0,0.0,0.0,0.272238267731,-0.0092513874622
114.0,2.5,0.0,0.0,0.0,0.0,0.0,0.0,0.272174199214,-0.00926276680727
114.0,3.0,0.0,0.0,0.0,0.0,0.0,0.0,0.272110321388,-0.00927412888926
114.0,3.5,0.0,0.0,0.0,0.0,0.0,0.0,0.272046633279,-0.00928547376177
114.0,4.0,0.0,0.0,0.0,0.0,0.0,0.0,0.271983133916,-0.00929680147828
114.0,4.5,0.0,0.0,0.0,0.0,0.0,0.0,0.271919822334,-0.00930811209212
114.0,5.0,0.0,0.0,0.0,0.0,0.0,0.0,0.271856697577,-0.00931940565648
114.0,5.5,0.0,0.0,0.0,0.0,0.0,0.0,0.271793758692,-0.00933068222441
114.0,6.0,0.0,0.0,0.0,0.0,0.0,0.0,0.271731004736,-0.00934194184882
114,6.5,6.679139643751995,0.2373552957541906,16.25864648581329,False,0.23702624120223492,0.0,0.2716684347692762,-0.009353184582480339
114,7.0,7.878858756489006,0.32288193301782203,16.037215416881327,False,0.2544621282869269,0.0,0.2715970402373468,-0.00936603263457788
114,7.5,10.490154082623015,0.5320354068466833,31.324287502382166,False,0.29402058637937667,0.0,0.27152258210374336,-0.009379454415191559
114,8.0,11.68574240536731,0.7266462121490319,30.51267597242728,False,0.28655433211632186,0.0,0.27144036781577024,-0.009394300946468674
114,8.5,12.251718780660044,0.9279850439178394,29.561464734872036,False,0.26201481808284566,0.0,0.2713509483524194,-0.009410480412309864
114,9.0,12.665900416435527,1.06248650268389,29.037246968032044,False,0.25303994393331775,0.0,0.271254067476865,-0.009428047425089738
114,9.5,12.528305082472706,1.1360571685460916,28.52806973070377,False,0.23524814479784673,0.0,0.2711522607613696,-0.00944654973973729
114,10.0,12.29034835057558,1.1879206596596645,28.137105279227903,False,0.22059967114900558,0.0,0.27104783962967105,-0.009465572158833554
114,10.5,13.283144713218988,1.5175747132504278,27.22423365332619,False,0.21793613926506583,0.0,0.2709416269770447,-0.009484967779317836
114,11.0,13.336135246022417,1.6362066438957943,26.811405766769326,False,0.20975305331015714,0.0,0.2708230797807165,-0.009506671774331767
114,11.5,13.039189321807687,1.6048932626144803,26.774029399506993,False,0.2028440669895465,0.0,0.270700205440161,-0.009529230479111207
114,12.0,13.33905137874007,1.682440722417946,26.683617346113103,False,0.20708482940176998,0.0,0.27057869349871205,-0.00955160180949983
114,12.5,12.94940487946916,1.7770744931770734,26.20448807426793,False,0.1919762443986978,0.0,0.2704544118250772,-0.009574547832677008
114,13.0,13.15886827431088,1.8043765856117162,26.157774039808928,False,0.19426086200728887,0.0,0.2703267111323439,-0.009598193553532152
114,13.5,12.230145617176563,1.7236022259328123,26.12072161471861,False,0.17983443413782904,0.0,0.27019814579758966,-0.009622069695754685
114,14.0,12.012791974711007,1.7265513237493697,25.98320962193587,False,0.17442385653472303,0.0,0.2700728164705396,-0.009645413018843894
114,14.5,11.765881096347009,1.6907325323037812,25.924188743165626,False,0.16997088248465297,0.0,0.2699475450233541,-0.009668813020636935
114,15.0,11.825505626177042,1.6255309159860631,26.145166674963935,False,0.17426928010892612,0.0,0.2698238018863558,-0.009691993978456551
114,15.5,11.184382456495188,1.484927106945208,26.34593188211492,False,0.167864494640949,0.0,0.26970270134422836,-0.00971474403505928
114,16.0,10.500330633049188,1.3685118124909554,26.456750036198002,False,0.15910795348423204,0.0,0.26958710413041914,-0.009736519609865
114,16.5,10.572223205213515,1.4085789585902928,26.308514021657235,False,0.15789575795935268,0.0,0.26947609153107965,-0.009757486322794018
114,17.0,10.204353945161468,1.3331658203327916,26.420616288016184,False,0.15344099305894948,0.0,0.2693637242979942,-0.009778763689241967
114,17.5,9.170019071345191,1.0827392777957907,26.97834823562618,False,0.14556172220177288,0.0,0.2692543841665436,-0.00979952094559386
114,18.0,7.718660179520016,0.8651666825394551,27.235865149190136,False,0.1257547508354155,0.0,0.2691547121628395,-0.009818488547961125
114,18.5,4.625651664253234,0.4825530006816888,13.798177619139842,False,0.07825155321408377,0.0,0.2690634607685138,-0.009835892073333406
114.0,19.0,0.0,0.0,0.0,0.0,0.0,0.0,0.268986892581,-0.00985052357321
114.0,19.5,0.0,0.0,0.0,0.0,0.0,0.0,0.268928799594,-0.00986164193002
114.0,20.0,0.0,0.0,0.0,0.0,0.0,0.0,0.268870868256,-0.00987274424226
114.0,20.5,0.0,0.0,0.0,0.0,0.0,0.0,0.268813097875,-0.00988383054115
114.0,21.0,0.0,0.0,0.0,0.0,0.0,0.0,0.268755487761,-0.00989490085828
114.0,21.5,0.0,0.0,0.0,0.0,0.0,0.0,0.268698037229,-0.00990595522566
114.0,22.0,0.0,0.0,0.0,0.0,0.0,0.0,0.268640745591,-0.00991699367568
114.0,22.5,0.0,0.0,0.0,0.0,0.0,0.0,0.268583612163,-0.00992801624111
114.0,23.0,0.0,0.0,0.0,0.0,0.0,0.0,0.268526636264,-0.00993902295505
114.0,23.5,0.0,0.0,0.0,0.0,0.0,0.0,0.268469817213,-0.00995001385098
114.0,24.0,0.0,0.0,0.0,0.0,0.0,0.0,0.268413154331,-0.00996098896268
115.0,0.5,0.0,0.0,0.0,0.0,0.0,0.0,0.268356646941,-0.00997194832425
115.0,1.0,0.0,0.0,0.0,0.0,0.0,0.0,0.26830029437,-0.0099828919701
115.0,1.5,0.0,0.0,0.0,0.0,0.0,0.0,0.268244095943,-0.00999381993493
115.0,2.0,0.0,0.0,0.0,0.0,0.0,0.0,0.268188050991,-0.0100047322537
115.0,2.5,0.0,0.0,0.0,0.0,0.0,0.0,0.268132158846,-0.0100156289617
115.0,3.0,0.0,0.0,0.0,0.0,0.0,0.0,0.26807641884,-0.0100265100944
115.0,3.5,0.0,0.0,0.0,0.0,0.0,0.0,0.268020830311,-0.0100373756876
115.0,4.0,0.0,0.0,0.0,0.0,0.0,0.0,0.267965392595,-0.0100482257771
115.0,4.5,0.0,0.0,0.0,0.0,0.0,0.0,0.267910105035,-0.0100590603994
115.0,5.0,0.0,0.0,0.0,0.0,0.0,0.0,0.267854966972,-0.0100698795906
115.0,5.5,0.0,0.0,0.0,0.0,0.0,0.0,0.267799977752,-0.0100806833876
115,6.0,5.283511581312965,0.14261148740192536,16.706914482043175,False,0.2343731877959645,0.0,0.2677451367215824,-0.010091471827043359
115,6.5,7.612079042008569,0.2171014539365251,33.44982450474349,False,0.34109058185511276,0.0,0.26768503113322084,-0.010103311726018386
115,7.0,9.431711657998575,0.3250779750989339,32.95549625249212,False,0.37097234414160296,0.0,0.26762224554709074,-0.010115697223186636
115,7.5,10.72999404494827,0.4873837621280143,31.95167695262701,False,0.33811824322467854,0.0,0.26755550850576776,-0.010128882049681107
115,8.0,11.522509442677773,0.6577240534368934,30.953785800756595,False,0.30316551883999865,0.0,0.2674827575755929,-0.010143278336678491
115,8.5,12.12951542457833,0.7796251485731521,30.503011534714886,False,0.2969939591490492,0.0,0.26740368721087554,-0.010158952799313288
115,9.0,12.238469116572091,0.7599295455686313,30.651264985083976,False,0.30922321017433074,0.0,0.2673201350448828,-0.010175547079139936
115,9.5,12.522092959408777,0.7858222340789625,30.63001457681312,False,0.31547820510886004,0.0,0.26723747403900905,-0.01019199615684212
115,10.0,12.396569787474697,0.6998548809929774,31.012037314430557,False,0.3293356198901194,0.0,0.2671539734999961,-0.010208644473159466
115,10.5,6.055948430410098,0.23326490782226414,16.2287975779432,False,0.21208628832300927,0.0,0.26707387789671105,-0.010224644369392032
115,11.0,6.333070963393455,0.22933761087153814,16.38917339279107,False,0.23864264890084771,0.0,0.26701163123006616,-0.010237099397767166
115,11.5,11.024365869769314,0.4803073652342576,32.00282369201791,False,0.35094996756127583,0.0,0.2669496748723257,-0.010249514292607946
115,12.0,6.35699593637963,0.2984451502988491,15.84819680696139,False,0.1906763853223326,0.0,0.26687833489364315,-0.01026383171645355
115,12.5,10.91427654445976,0.5397318577895013,15.769618815464462,False,0.3179493476610296,0.0,0.2668140366484216,-0.010276756336041666
115,13.0,12.184090607510246,0.8033827368980925,30.489096583151486,False,0.2999331998440706,0.0,0.26674072106401725,-0.010291517204080771
115,13.5,12.437024375662503,0.9988737357984395,29.37608278065828,False,0.26130556428819185,0.0,0.2666575388318849,-0.010308295157094883
115,14.0,12.594385895804724,1.182289072018886,28.46985160000525,False,0.23649100336307988,0.0,0.26656707603094787,-0.010326578616612478
115,14.5,12.600217250487198,1.246354618077501,28.15317802527195,False,0.2265723996097801,0.0,0.2664697903523629,-0.010346284185960454
115,15.0,12.190946142174957,1.236182705043759,27.931967848559125,False,0.21386544516923656,0.0,0.26637021054112003,-0.010366500858185298
115,15.5,11.511232064450073,1.2175030868795886,27.661559224249462,False,0.19609372598077346,0.0,0.26627115333834234,-0.010386658145138335
115,16.0,10.699835664446237,1.1227325089699418,27.746924200020253,False,0.1839531569526702,0.0,0.2661729410512065,-0.01040668961991005
115,16.5,9.861991354265186,0.8997219057788571,28.475891567228945,False,0.1840483420456323,0.0,0.2660784607745625,-0.010426003363540232
115,17.0,8.970885538742762,0.754055132162364,28.906359647101468,False,0.17632247379573135,0.0,0.26599257866396236,-0.010443596527008882
115,17.5,6.384454410440872,0.4961565766137964,29.24045722695896,False,0.13088922974620268,0.0,0.2659123589838924,-0.010460061686401036
115.0,18.0,0.0,0.0,0.0,0.0,0.0,0.0,0.265842060388,-0.0104745159678
115.0,18.5,0.0,0.0,0.0,0.0,0.0,0.0,0.265790724224,-0.0104850863693
115.0,19.0,0.0,0.0,0.0,0.0,0.0,0.0,0.265739520846,-0.0104956420924
115.0,19.5,0.0,0.0,0.0,0.0,0.0,0.0,0.265688449724,-0.0105061831654
115.0,20.0,0.0,0.0,0.0,0.0,0.0,0.0,0.265637510332,-0.0105167096169
115.0,20.5,0.0,0.0,0.0,0.0,0.0,0.0,0.265586702141,-0.010527221476
115.0,21.0,0.0,0.0,0.0,0.0,0.0,0.0,0.265536024627,-0.0105377187718
115.0,21.5,0.0,0.0,0.0,0.0,0.0,0.0,0.265485477266,-0.0105482015341
115.0,22.0,0.0,0.0,0.0,0.0,0.0,0.0,0.265435059533,-0.0105586697928
115.0,22.5,0.0,0.0,0.0,0.0,0.0,0.0,0.265384770906,-0.0105691235779
115.0,23.0,0.0,0.0,0.0,0.0,0.0,0.0,0.265334610865,-0.0105795629199
115.0,23.5,0.0,0.0,0.0,0.0,0.0,0.0,0.26528457889,-0.0105899878495
115.0,24.0,0.0,0.0,0.0,0.0,0.0,0.0,0.265234674462,-0.0106003983977
116.0,0.5,0.0,0.0,0.0,0.0,0.0,0.0,0.265184897064,-0.0106107945955
116.0,1.0,0.0,0.0,0.0,0.0,0.0,0.0,0.265135246181,-0.0106211764744
116.0,1.5,0.0,0.0,0.0,0.0,0.0,0.0,0.265085721299,-0.010631544066
116.0,2.0,0.0,0.0,0.0,0.0,0.0,0.0,0.265036321904,-0.0106418974021
116.0,2.5,0.0,0.0,0.0,0.0,0.0,0.0,0.264987047485,-0.0106522365148
116.0,3.0,0.0,0.0,0.0,0.0,0.0,0.0,0.264937897533,-0.0106625614361
116.0,3.5,0.0,0.0,0.0,0.0,0.0,0.0,0.264888871538,-0.0106728721986
116.0,4.0,0.0,0.0,0.0,0.0,0.0,0.0,0.264839968995,-0.0106831688348
116.0,4.5,0.0,0.0,0.0,0.0,0.0,0.0,0.264791189398,-0.0106934513773
116.0,5.0,0.0,0.0,0.0,0.0,0.0,0.0,0.264742532244,-0.0107037198592
116.0,5.5,0.0,0.0,0.0,0.0,0.0,0.0,0.26469399703,-0.0107139743135
116.0,6.0,0.0,0.0,0.0,0.0,0.0,0.0,0.264645583256,-0.0107242147732
116,6.5,1.860115777091382,0.04587576789544491,16.89017294972821,False,0.0919066672558953,0.0,0.2645972904248648,-0.010734441271855593
116,7.0,2.339887280918206,0.05812010260921401,16.890172944443155,False,0.1156117508340914,0.0,0.26454737705519776,-0.010745023148804619
116,7.5,2.9117600785998556,0.07374498364418942,16.890172940317854,False,0.14386747748106948,0.0,0.2644971189634362,-0.010755690668784913
116,8.0,3.556331630929278,0.09574673959851698,16.89017293701677,True,0.17571518497978708,0.0,0.26444638736475073,-0.010766471492609928
116,8.5,8.540824029928945,0.2279633204970161,33.78034587016945,False,0.4219945241458331,0.0,0.26439493976573664,-0.010777417623088134
116,9.0,10.098104285267144,0.4223752782364834,32.25348457018928,False,0.33843963305682556,0.0,0.2643385930300831,-0.010789421324519268
116,9.5,11.407481587815898,0.6801821148202618,30.7122467257596,False,0.28860944840490765,0.0,0.2642749863591667,-0.010802990775669766
116,10.0,11.760752678970515,0.8331113521012707,29.893088673045533,False,0.2632512731753033,0.0,0.2642017134358293,-0.010818647576485294
116,10.5,11.608627525896088,0.8756363675761621,29.541049640748042,False,0.24758220091043798,0.0,0.2641227538779832,-0.010835549760104599
116,11.0,5.724462396440483,0.4284488569125909,14.75783425044058,False,0.12167404635490324,0.0,0.2640422970424539,-0.010852804826309587
116,11.5,6.186286067638967,0.471693402657383,14.724358354237843,False,0.13032432831086277,0.0,0.26397892702114467,-0.010866418443519913
116,12.0,3.307336820716106,0.1733395473201561,15.561867822483965,False,0.08953510722820725,0.0,0.26788348648008353,-0.010064281762333363
116,12.5,4.402619603413451,0.16167743241985794,16.2690380295228,False,0.1569658805383198,0.0,0.2702012930770696,-0.009621484363399461
116,13.0,4.299182550097933,0.15514353260161928,16.315202618573824,False,0.15651680884785613,0.0,0.2733057063989383,-0.009064225799065502
116,13.5,3.7778068820799398,0.10972056852000639,16.672863296096708,False,0.1644579895045456,0.034094351189921206,0.27639944310890036,-0.00854672304892519
116,14.0,3.08575451829047,0.09188122812362823,16.607181149209577,False,0.1296697235944062,0.020880403452420516,0.27710361395878186,-0.00843389884438389
116,14.5,3.874581033004049,0.13112292483929613,16.45617853605086,False,0.1507884431800556,0.06508834670877982,0.27701370121356717,-0.008448205655608535
116,15.0,3.5767141446854285,0.13525400310078992,16.238995220698882,False,0.12582560168601284,0.043445187145007495,0.2769211726213117,-0.00846295889816546
116,15.5,3.588933481576995,0.12776256902778305,16.401512331228812,False,0.1360333057910912,0.0802645371579251,0.27682985052585835,-0.008477549879393566
116,16.0,3.1765874981333115,0.1005014164721766,16.560430963488823,False,0.13026922942051353,0.043241104969471006,0.27673794844877136,-0.00849226379643301
116,16.5,2.0979437236951024,0.07336236483284012,16.35474518425855,False,0.07778595880386002,0.00503417939659635,0.27664901031337913,-0.0085065321541433
116,17.0,2.0318502167002714,0.06418249996724922,16.543286381809843,False,0.08259441534892141,0.02650958654795084,0.2773558463156786,-0.008393917737921787
116.0,17.5,0.0,0.0,0.0,0.0,0.0,0.0,0.279644708855,-0.00804124595288
116.0,18.0,0.0,0.0,0.0,0.0,0.0,0.0,0.282719108591,-0.00759491575277
116.0,18.5,0.0,0.0,0.0,0.0,0.0,0.0,0.284194938185,-0.00739117477013
116.0,19.0,0.0,0.0,0.0,0.0,0.0,0.0,0.285663532299,-0.00719486418962
116.0,19.5,0.0,0.0,0.0,0.0,0.0,0.0,0.290288421696,-0.00661598605065
116.0,20.0,0.0,0.0,0.0,0.0,0.0,0.0,0.290930996341,-0.00654002345001
116.0,20.5,0.0,0.0,0.0,0.0,0.0,0.0,0.297098910162,-0.00586131089804
116.0,21.0,0.0,0.0,0.0,0.0,0.0,0.0,0.298984844641,-0.0056707710629
116.0,21.5,0.0,0.0,0.0,0.0,0.0,0.0,0.305122532607,-0.00509977539821
116.0,22.0,0.0,0.0,0.0,0.0,0.0,0.0,0.306409784908,-0.0049888688867
116.0,22.5,0.0,0.0,0.0,0.0,0.0,0.0,0.30707718527,-0.00493249928254
116.0,23.0,0.0,0.0,0.0,0.0,0.0,0.0,0.307728228279,-0.00487824096352
116.0,23.5,0.0,0.0,0.0,0.0,0.0,0.0,0.307775859947,-0.00487429930129
116.0,24.0,0.0,0.0,0.0,0.0,0.0,0.0,0.307488525664,-0.00489813480957
117.0,0.5,0.0,0.0,0.0,0.0,0.0,0.0,0.307208870707,-0.00492146676047
117.0,1.0,0.0,0.0,0.0,0.0,0.0,0.0,0.306936376145,-0.00494432879803
117.0,1.5,0.0,0.0,0.0,0.0,0.0,0.0,0.30667057315,-0.00496675143599
117.0,2.0,0.0,0.0,0.0,0.0,0.0,0.0,0.309870500478,-0.00470465441591
117.0,2.5,0.0,0.0,0.0,0.0,0.0,0.0,0.309574760599,-0.00472817482593
117.0,3.0,0.0,0.0,0.0,0.0,0.0,0.0,0.309286763251,-0.00475121423611
117.0,3.5,0.0,0.0,0.0,0.0,0.0,0.0,0.309005976397,-0.00477380570968
117.0,4.0,0.0,0.0,0.0,0.0,0.0,0.0,0.310304905672,-0.00467035811454
117.0,4.5,0.0,0.0,0.0,0.0,0.0,0.0,0.310477527953,-0.00465681233892
117.0,5.0,0.0,0.0,0.0,0.0,0.0,0.0,0.310197528859,-0.00467880772326
117.0,5.5,0.0,0.0,0.0,0.0,0.0,0.0,0.309923956699,-0.00470041789353
117,6.0,1.5411193233209306,0.06985661687928013,15.892987187466895,True,0.047019646107173727,0.0984236782869331,0.30965639994716154,-0.0047216680167072745
117,6.5,6.440073149594054,0.31204283318489906,31.527970965737854,False,0.18722276911039346,0.41871724921419345,0.3093880975618014,-0.0047430924036314034
117,7.0,7.422216301683158,0.40930874156971897,31.009592413050054,False,0.19710311676274844,0.6574177338960471,0.30910374734715995,-0.004765924786454532
117,7.5,7.543538387218754,0.46669421417508267,30.453979846650675,False,0.18332176267485883,0.5096018395754222,0.30881163194770195,-0.004789517190839786
117,8.0,8.576389936524663,0.5684633303255353,30.173742019981887,False,0.1998656129047022,0.9021510738851186,0.308527645246776,-0.004812586602074619
117,8.5,8.652867745721958,0.62445652757269,29.74621320309793,False,0.18976299987115602,0.8670886948414086,0.3082293311581797,-0.004836962614108246
117,9.0,9.187703413080389,0.7090207555352658,29.44373747656946,True,0.19342659539015233,1.2124746694088038,0.3079344104064388,-0.004861206089804487
117,9.5,9.385674708576882,0.7441303432890178,29.30019761827373,True,0.19391088011418348,1.1700652967292609,0.30762713494826127,-0.004886619328434054
117,10.0,9.610635056544137,0.7691926934275768,29.265845272149434,True,0.19767670270031623,1.3488219974762614,0.30968711697870716,-0.004719222574355035
117,10.5,6.888378335543885,0.30973930784728537,32.069500123242875,True,0.22225027083581167,1.3801194692186576,0.3101438047326265,-0.0046830421742686534
117,11.0,9.390547395273089,0.6725796067319387,30.005336735955268,True,0.21357005329949846,2.597954220557726,0.30982555173550436,-0.004708220223440664
117,11.5,10.201862537559823,0.8679323786951918,28.929132261769873,True,0.2010830646388707,1.2677520987178443,0.30945167724471245,-0.0047380050077625
117,12.0,11.209720259991915,1.069596966864981,28.438141420877194,False,0.20827780072531515,2.670712992050152,0.3091249880072235,-0.00476421471246731
117,12.5,10.109397015807788,0.8503180114152674,28.962400745974872,False,0.20008529040654327,0.9980950413871735,0.3095289337996191,-0.004731831989482519
117,13.0,8.590139371649649,0.5930365718522617,29.97416316250879,True,0.19449946389235212,0.9902295719762166,0.3100003611906247,-0.0046943705590579326
117,13.5,10.172886246057253,0.8751911003688667,29.03649215559539,False,0.2032151275982201,2.6615199188769547,0.30969013086687197,-0.004718982714188634
117,14.0,10.674660160678972,1.0139032670727652,28.40659556652336,False,0.1976082464495097,2.129721301473142,0.3093096395360631,-0.004749379280049619
117,14.5,10.513799000453742,0.9868190100670191,28.51127980086618,False,0.1970306133807555,2.3913345054760136,0.3089477250393512,-0.00477850849881459
117,15.0,10.924276070587538,1.0191117805752334,28.415773888754142,False,0.2024453364188908,1.1213806964646404,0.30858037227469814,-0.004808293376591707
117,15.5,10.353884452399786,1.0422283620304196,28.033386841759537,False,0.18369237872687172,1.5028663446138142,0.3082632679895263,-0.004834182144698232
117,16.0,10.175839766534924,0.9701215353998868,28.271754117868,False,0.18546396716299823,0.8581081395882433,0.3079339197879077,-0.004861246540755653
117,16.5,9.129779477727402,0.8947249244936012,28.143898413009502,False,0.16399626406526013,0.9989609810513251,0.3076347320683076,-0.0048859891024378285
117,17.0,8.187361001452544,0.7424338310303905,28.503912280530994,False,0.15329966570310544,0.40544181265344587,0.3073358727798647,-0.004910854448126981
117,17.5,6.972063626977084,0.6190775180248037,28.621214387848035,False,0.13237211773514046,0.4233734166377971,0.3070679976345389,-0.004933270115859726
117,18.0,6.959621270958666,0.6347689304224037,28.45929592981157,False,0.12963079409873868,0.372844898560021,0.3068066824339533,-0.004955254412956494
117,18.5,2.8224735850401603,0.22274217615761188,14.58725706139953,False,0.05737660233942897,0.02704652666882597,0.3065491361054204,-0.004977035945650112
117.0,19.0,0.0,0.0,0.0,0.0,0.0,0.0,0.306322692234,-0.00499628134182
117.0,19.5,0.0,0.0,0.0,0.0,0.0,0.0,0.306107974851,-0.00501461205959
117.0,20.0,0.0,0.0,0.0,0.0,0.0,0.0,0.30589541557,-0.00503283751747
117.0,20.5,0.0,0.0,0.0,0.0,0.0,0.0,0.305684931948,-0.00505096282565
117.0,21.0,0.0,0.0,0.0,0.0,0.0,0.0,0.305476447468,-0.00506899270485
117.0,21.5,0.0,0.0,0.0,0.0,0.0,0.0,0.305269891028,-0.00508693151821
117.0,22.0,0.0,0.0,0.0,0.0,0.0,0.0,0.305065196492,-0.00510478330015
117.0,22.5,0.0,0.0,0.0,0.0,0.0,0.0,0.304862302277,-0.00512255178269
117.0,23.0,0.0,0.0,0.0,0.0,0.0,0.0,0.30466115098,-0.00514024041943
117.0,23.5,0.0,0.0,0.0,0.0,0.0,0.0,0.304461689038,-0.00515785240736
117.0,24.0,0.0,0.0,0.0,0.0,0.0,0.0,0.30426386642,-0.00517539070692
118.0,0.5,0.0,0.0,0.0,0.0,0.0,0.0,0.304067636343,-0.00519285806024
118.0,1.0,0.0,0.0,0.0,0.0,0.0,0.0,0.303872955022,-0.00521025700789
118.0,1.5,0.0,0.0,0.0,0.0,0.0,0.0,0.303679781429,-0.00522758990429
118.0,2.0,0.0,0.0,0.0,0.0,0.0,0.0,0.303488077082,-0.00524485893183
118.0,2.5,0.0,0.0,0.0,0.0,0.0,0.0,0.303297805849,-0.00526206611379
118.0,3.0,0.0,0.0,0.0,0.0,0.0,0.0,0.303108933767,-0.00527921332638
118.0,3.5,0.0,0.0,0.0,0.0,0.0,0.0,0.302921428878,-0.00529630230964
118.0,4.0,0.0,0.0,0.0,0.0,0.0,0.0,0.303524657653,-0.00524155845545
118.0,4.5,0.0,0.0,0.0,0.0,0.0,0.0,0.304122759797,-0.00518794417989
118.0,5.0,0.0,0.0,0.0,0.0,0.0,0.0,0.303926622538,-0.00520545374005
118.0,5.5,0.0,0.0,0.0,0.0,0.0,0.0,0.303732029416,-0.00522289507749
118.0,6.0,0.0,0.0,0.0,0.0,0.0,0.0,0.304328119753,-0.00516968643854
118.0,6.5,0.0,0.0,0.0,0.0,0.0,0.0,0.304919039863,-0.00511757557068
118.0,7.0,0.0,0.0,0.0,0.0,0.0,0.00465250848659,0.307081808646,-0.00493211144019
118.0,7.5,0.0,0.0,0.0,0.0,0.0,0.00509817983213,0.311585035698,-0.00457101047511
118,8.0,2.7083227519934274,0.07259681200715615,16.77636235139214,False,0.12498005470709682,0.0734994249678511,0.3136768836877225,-0.004414031139069488
118,8.5,2.8274647507086144,0.07197026926329474,16.843997040872846,False,0.13580706237764903,0.06848813271611273,0.31730831007326904,-0.004156496015580173
118,9.0,2.9552788090244437,0.07639578339350465,16.821521868434548,False,0.14004546075451882,0.07407258177211545,0.3201047980263427,-0.0039703148556506215
118,9.5,3.648620886009227,0.09849074405401785,16.78581209117976,False,0.16929985170490633,0.16324257248466076,0.3209401949319259,-0.003916635926101799
118,10.0,3.975991246077915,0.10980201527930447,16.764311301017646,False,0.18220481488896012,0.21297925734291118,0.3211536008970944,-0.003903062343725908
118,10.5,2.9311984615991244,0.07520740327623066,16.824309898669398,False,0.13913544590314517,0.0653501576008666,0.3215445639169177,-0.003878340438607893
118,11.0,4.604806944823845,0.13635950370423136,16.691675613406623,False,0.20254491950353126,0.3417740323823801,0.3211557578824308,-0.0039029254361010964
118,11.5,5.066259355662921,0.1788621398251738,16.405647701030485,False,0.192408363924335,0.3926353842223672,0.32076255387038854,-0.00392797761023147
118,12.0,11.0539395060939,0.47697943817801236,32.26565628509485,False,0.3714270766908935,1.3404682119923357,0.32037356974867726,-0.003952949670416947
118,12.5,11.978399320909656,0.6481598012011399,31.289879933471624,False,0.33371045080727746,1.5265945932849339,0.31994448014217647,-0.003980716178975065
118,13.0,11.1450872232372,0.6386644780827906,30.89641101892807,False,0.2904788065973581,0.8888881870520519,0.31950848114318176,-0.004009168155348231
118,13.5,5.942811106663325,0.3402904651738246,15.440509444048864,False,0.15450021010369203,0.4875516371247282,0.3198876022627549,-0.00398441418034522
118,14.0,11.150055856304832,0.6356714106486349,30.915440443947745,False,0.29151718188261844,0.8774116690658976,0.31950373233729723,-0.004009479379440346
118,14.5,5.7027053515986275,0.2659213632968778,15.911993335944867,False,0.17526766796444995,0.5383801789951881,0.3230181483425529,-0.0037868220936014517
118,15.0,11.72420009404193,0.5979330459470068,31.52235075156141,False,0.3404907071048068,1.3057446864439477,0.3225888123148269,-0.0038132182181908
118,15.5,10.940474891610858,0.6359429548840148,30.830541407469966,False,0.2821014901287364,0.8401160885611584,0.32212551861798044,-0.003841948413484216
118,16.0,10.943245261175026,0.7025244054353892,30.417073725250837,False,0.2644498965356873,1.0459670059714032,0.3216855929614367,-0.0038694685166501324
118,16.5,3.7880724192306285,0.2603880064740894,15.00409122761133,False,0.08618753179435949,0.26388695711274074,0.32124190966204097,-0.003897461907456575
118,17.0,8.844213059881458,0.6781043673203768,29.47119560605696,False,0.18687424022839025,0.6177398085302545,0.32085076403742596,-0.003922340853346626
118,17.5,6.948722748602124,0.6329676204739887,28.546273938294092,False,0.13075944447154073,0.3230427655697675,0.3204359632959529,-0.003948931410796536
118,18.0,4.858478157216022,0.4444759998862714,28.51463289389387,False,0.09108479106417998,0.16927253432857894,0.32003927612404076,-0.0039745619579556555
118,18.5,3.85241633430585,0.3397454141683934,14.33652054834211,False,0.07359749791810208,0.13032028555091943,0.31966043001134453,-0.00399922500917358
118.0,19.0,0.0,0.0,0.0,0.0,0.0,0.0,0.319291569909,-0.00402341335799
118.0,19.5,0.0,0.0,0.0,0.0,0.0,0.0,0.318944803315,-0.00404631202286
118.0,20.0,0.0,0.0,0.0,0.0,0.0,0.0,0.318602047826,-0.00406909857086
118.0,20.5,0.0,0.0,0.0,0.0,0.0,0.0,0.318263090841,-0.00409178310899
118.0,21.0,0.0,0.0,0.0,0.0,0.0,0.0,0.317927746596,-0.00411437429646
118.0,21.5,0.0,0.0,0.0,0.0,0.0,0.0,0.317595852685,-0.00413687952039
118.0,22.0,0.0,0.0,0.0,0.0,0.0,0.0,0.317267267023,-0.00415930505079
118.0,22.5,0.0,0.0,0.0,0.0,0.0,0.0,0.316941865197,-0.00418165617753
118.0,23.0,0.0,0.0,0.0,0.0,0.0,0.0,0.316619538155,-0.00420393733142
118.0,23.5,0.0,0.0,0.0,0.0,0.0,0.0,0.316300190179,-0.00422615219135
118.0,24.0,0.0,0.0,0.0,0.0,0.0,0.0,0.315983737116,-0.00424830377921
119.0,0.5,0.0,0.0,0.0,0.0,0.0,0.0,0.319593900309,-0.00400357492293
119.0,1.0,0.0,0.0,0.0,0.0,0.0,0.0,0.320013649459,-0.00397622454014
119.0,1.5,0.0,0.0,0.0,0.0,0.0,0.0,0.319642692733,-0.00400038417549
119.0,2.0,0.0,0.0,0.0,0.0,0.0,0.0,0.319276614482,-0.00402439774563
119.0,2.5,0.0,0.0,0.0,0.0,0.0,0.0,0.318915196348,-0.00404827429856
119.0,3.0,0.0,0.0,0.0,0.0,0.0,0.0,0.318558239708,-0.00407202196179
119.0,3.5,0.0,0.0,0.0,0.0,0.0,0.0,0.318205564564,-0.00409564796837
119.0,4.0,0.0,0.0,0.0,0.0,0.0,0.0,0.317857008075,-0.00411915871185
119.0,4.5,0.0,0.0,0.0,0.0,0.0,0.0,0.317512422966,-0.00414255981285
119.0,5.0,0.0,0.0,0.0,0.0,0.0,0.0,0.317171675978,-0.00416585618909
119.0,5.5,0.0,0.0,0.0,0.0,0.0,0.00717253327568,0.316834646384,-0.00418905212434
119,6.0,5.5472781738427654,0.33235228022179936,30.602935557811037,False,0.13794802027271644,0.19799246972415993,0.31650095242869564,-0.00421217025378199
119,6.5,6.973952982942129,0.44682247259600144,30.328838212981946,False,0.16630059312714487,0.46411784144549245,0.31615091230504194,-0.004236584391841624
119,7.0,7.904300930722417,0.5279131088907136,30.16781785592364,False,0.18404341691630538,0.7586697962802884,0.3157898459281406,-0.004261944436708759
119,7.5,8.893189494776042,0.6560296680469128,29.71072864181342,False,0.1940839785739299,1.0418872485633077,0.3154178581661417,-0.004288260953957691
119,8.0,9.526055564738584,0.7368584117251868,29.490438195581916,False,0.20179703129123688,1.2162496759882473,0.3150335183393149,-0.004315654948327679
119,8.5,10.151894185698193,0.8423312538317508,29.1838732051557,False,0.20661970872948418,1.7464833923990968,0.3146426820198324,-0.004343726075158496
119,9.0,11.039648406304266,0.9678261744109035,28.86479258901303,False,0.2158752586790036,1.629306984099914,0.31423084411121527,-0.004373541333081245
119,9.5,5.30654063486937,0.4586417741223703,14.419370347877988,False,0.10343572814202556,0.35126680349872214,0.3138217542887842,-0.004403399355113416
119,10.0,4.06708516870518,0.324358857630797,14.615882173739246,False,0.08328698335233338,0.12516242080351983,0.3134834979963402,-0.004428271058751054
119,10.5,3.397623053430038,0.1883989005980301,15.47028051402237,False,0.08919880502616888,0.09134740694191844,0.3194382079492229,-0.004013776613536838
119,11.0,3.970039380600353,0.16234028798379627,16.15034129980148,True,0.1343928908171755,0.49240460703480643,0.32138768629785414,-0.0038882378609573017
119,11.5,7.762187915702968,0.3566149676448274,31.89815758797117,True,0.24203232467875904,1.0095350395183806,0.321725991484845,-0.0038669315640810008
119,12.0,8.29995858635034,0.41812387730308964,31.51673936547646,True,0.24079823280748514,1.0634044937040676,0.3212500263709105,-0.003896947636101564
119,12.5,10.127598730063692,0.630448584018621,30.845732330330456,True,0.26178596795655507,2.727607732103402,0.3207777018236611,-0.00392700894811719
119,13.0,11.882358037593084,0.9039788679429701,29.636304323129885,False,0.2566983411796151,1.8376744275267145,0.3202417004719911,-0.003961458335667038
119,13.5,11.745606692450467,1.2054951867204031,28.038215495270777,False,0.20849575448232466,2.3130734784968814,0.31973619053599117,-0.0039942784116584005
119,14.0,11.657900074405942,1.2161997914419291,27.846040058587192,False,0.20259446656849422,1.2509737191129502,0.3192079002199542,-0.004028924306517701
119,14.5,11.380682342550141,1.1606448129252447,27.957409832031523,False,0.2002127412492728,1.0370118301262423,0.31872585904586204,-0.004060849946144093
119,15.0,5.171553512428946,0.5343604229947536,13.930270453897649,False,0.09001539409898127,0.3560408516650377,0.31826007677490753,-0.004091985498843884
119,15.5,4.71144111694337,0.4490034880715109,14.151504245079197,False,0.08617890645375656,0.2992040868780118,0.31784965043686425,-0.00411965672781151
119,16.0,10.632975535547398,0.9821577996320784,28.509939314826788,False,0.19923254304415589,1.081617530147913,0.3174501099200791,-0.004146808444762237
119,16.5,8.942623572885259,0.6984742076410971,29.329977598797615,False,0.1854746563542985,0.45721512825845256,0.3209212729454941,-0.003917842162182769
119,17.0,9.602416466461506,0.663663236203301,30.006285088935954,False,0.21841822386535342,1.0203320048802709,0.3204559378368923,-0.003947646042021508
119,17.5,7.159363470529918,0.5925540309494988,29.029704308117843,False,0.14289473673429015,0.40685564622829673,0.31997823308417006,-0.00397852361379564
119,18.0,3.288441020384323,0.2751687534961978,14.465302795201966,False,0.06482840972513829,0.07320051957819385,0.3195337624288126,-0.004007511771632888
119.0,18.5,0.0,0.0,0.0,0.0,0.0,0.0,0.31990367098,-0.00398336903373
119.0,19.0,0.0,0.0,0.0,0.0,0.0,0.0,0.319498154911,-0.00400984494586
119.0,19.5,0.0,0.0,0.0,0.0,0.0,0.0,0.319099445989,-0.00403608109257
119.0,20.0,0.0,0.0,0.0,0.0,0.0,0.0,0.318707210556,-0.00406209108168
119.0,20.5,0.0,0.0,0.0,0.0,0.0,0.0,0.318321147135,-0.00408788704561
119.0,21.0,0.0,0.0,0.0,0.0,0.0,0.0,0.317940982615,-0.00411347981099
119.0,21.5,0.0,0.0,0.0,0.0,0.0,0.0,0.31756646889,-0.00413887904978
119.0,22.0,0.0,0.0,0.0,0.0,0.0,0.0,0.317197379925,-0.0041640934135
119.0,22.5,0.0,0.0,0.0,0.0,0.0,0.0,0.316833509183,-0.00418913065192
119.0,23.0,0.0,0.0,0.0,0.0,0.0,0.0,0.316474667371,-0.00421399771798
119.0,23.5,0.0,0.0,0.0,0.0,0.0,0.0,0.316120680482,-0.00423870086033
119.0,24.0,0.0,0.0,0.0,0.0,0.0,0.0,0.315771388064,-0.0042632457051
120.0,0.5,0.0,0.0,0.0,0.0,0.0,0.0,0.315426641717,-0.0042876373279
120.0,1.0,0.0,0.0,0.0,0.0,0.0,0.0,0.315086303771,-0.0043118803175
120.0,1.5,0.0,0.0,0.0,0.0,0.0,0.0,0.314750246127,-0.0043359788319
120.0,2.0,0.0,0.0,0.0,0.0,0.0,0.0,0.314418349236,-0.00435993664791
120.0,2.5,0.0,0.0,0.0,0.0,0.0,0.0,0.314090501207,-0.00438375720492
120.0,3.0,0.0,0.0,0.0,0.0,0.0,0.0,0.313766597022,-0.00440744364354
120.0,3.5,0.0,0.0,0.0,0.0,0.0,0.0,0.313446537837,-0.00443099883976
120.0,4.0,0.0,0.0,0.0,0.0,0.0,0.0,0.315485256727,-0.00428347846812
120.0,4.5,0.0,0.0,0.0,0.0,0.0,0.0,0.31514146352,-0.00430794010398
120.0,5.0,0.0,0.0,0.0,0.0,0.0,0.0,0.317938925821,-0.00411361879315
120.0,5.5,0.0,0.0,0.0,0.0,0.0,0.0,0.317559847984,-0.00413932975286
120.0,6.0,0.0,0.0,0.0,0.0,0.0,0.0,0.317970812848,-0.00411146474361
120,6.5,2.3937633140169408,0.08487025136748735,16.3397980882762,False,0.08814001551823394,0.10709830549496976,0.3175926725815118,-0.004137095866794141
120,7.0,2.942312524397443,0.10803561676497436,16.291950582421936,False,0.10599033739521832,0.17511997257396772,0.3172136341008195,-0.004162979161553506
120,7.5,8.28856138300246,0.36293819788042825,31.950090897923868,False,0.2611029971341855,0.5620987371330076,0.31683721666681663,-0.0041888746441718205
120,8.0,8.698169125089434,0.46463936732072786,15.55746406141411,False,0.23512149706143132,0.49162537453065785,0.31644224021088735,-0.004216253512604052
120,8.5,4.690374907127867,0.2784780748940469,15.32916242368519,False,0.1176575566605865,0.3799976010785957,0.316835792694343,-0.004188972969559595
120,9.0,10.518713807535248,0.6919381383932844,30.234466677156036,False,0.24733003630122039,1.1200315316204557,0.31645065397297517,-0.004215668071255648
120,9.5,10.461379092441241,0.7524670613971581,29.73642496044603,False,0.2291156586548124,0.7141714795651397,0.3160273082096699,-0.00424524562193253
120,10.0,6.077258361217239,0.4504723252937965,14.800434968477736,False,0.13066019387868077,0.5533437465518835,0.3156223948452198,-0.004273766989074072
120,10.5,5.9987408178092165,0.40328959654716195,15.037573848462571,False,0.13780527540538937,0.5138362141521376,0.3152401512701939,-0.004300901263070559
120,11.0,6.122452970354266,0.36051887854891934,15.384610256220345,False,0.1563145256719416,0.7030394951240343,0.31486609974126134,-0.00432765294942679
120,11.5,6.487191961501867,0.48742134290244915,14.776898751516066,False,0.13859200156690765,0.6623735205458139,0.3152759813494976,-0.004298349096748175
120,12.0,6.0645491297206275,0.48993428282801366,14.569797787191796,False,0.12273541253320239,0.4377841958173933,0.3148917731708885,-0.004325810493677011
120,12.5,4.916254740200951,0.4100368939384964,14.475271478026166,False,0.09715922657542983,0.2114092315410172,0.3145208035791208,-0.004352524240010785
120,13.0,4.385187080058157,0.36698325520627284,14.46272565796369,False,0.08639450597168438,0.1481670414957287,0.31416608826490344,-0.004378251526521798
120,13.5,4.385933339091021,0.3847090994938612,14.342784902451506,False,0.08391619664170115,0.14663984042321102,0.3138198722121864,-0.004403537281466571
120,14.0,3.9984556880010973,0.3511373029870188,14.339302668243102,False,0.07643854705785531,0.10653777023689125,0.31347735313403835,-0.004428724431050261
120,14.5,5.399484912144985,0.4784973237009294,14.329927351526985,False,0.10298997997185773,0.34191202978990576,0.3131417991278798,-0.004453566025628973
120,15.0,5.133460603656542,0.4520212677462536,14.350815196271869,False,0.09840875043017498,0.32231419561010155,0.31279651593988145,-0.004479301397826298
120,15.5,4.910784547101093,0.43215050073968153,14.356769298681172,False,0.09427532249212058,0.3439512367904287,0.3124568942304138,-0.004504787835410238
120,16.0,4.050986112084593,0.3597766662176005,14.324044533113296,False,0.07715981119429058,0.18937917090296602,0.3121210030051777,-0.004530164447242888
120,16.5,3.6845545058580838,0.3309735644923949,14.297591694605885,False,0.0697385637780771,0.2013835575779337,0.311797413780402,-0.004554772881670713
120,17.0,2.89380416810032,0.2608814688695374,14.28567065291681,False,0.05461688441986639,0.12235178840785184,0.3114780500597726,-0.0045792162959725526
120,17.5,2.0395687044906188,0.18061930038336782,14.33443658874317,False,0.038944922287576275,0.050391416830176665,0.3111678382183215,-0.004603109027587446
120,18.0,2.652985471325784,0.2258048470341937,14.41001027050287,False,0.05159396564990555,0.01462287872167168,0.3108668060007317,-0.004626436875431446
120.0,18.5,0.0,0.0,0.0,0.0,0.0,0.0,0.310568734355,-0.00464967421852
120.0,19.0,0.0,0.0,0.0,0.0,0.0,0.0,0.310283024601,-0.00467207848605
120.0,19.5,0.0,0.0,0.0,0.0,0.0,0.0,0.310000476403,-0.00469436144713
120.0,20.0,0.0,0.0,0.0,0.0,0.0,0.0,0.309721017448,-0.0047165254439
120.0,20.5,0.0,0.0,0.0,0.0,0.0,0.0,0.309444578899,-0.00473857266694
120.0,21.0,0.0,0.0,0.0,0.0,0.0,0.0,0.309171095105,-0.00476050517035
120.0,21.5,0.0,0.0,0.0,0.0,0.0,0.0,0.308900503342,-0.0047823248852
120.0,22.0,0.0,0.0,0.0,0.0,0.0,0.0,0.308632743582,-0.00480403363159
120.0,22.5,0.0,0.0,0.0,0.0,0.0,0.0,0.308367758279,-0.00482563312934
120.0,23.0,0.0,0.0,0.0,0.0,0.0,0.0,0.308105492189,-0.00484712500759
120.0,23.5,0.0,0.0,0.0,0.0,0.0,0.0,0.307845892195,-0.0048685108134
120.0,24.0,0.0,0.0,0.0,0.0,0.0,0.0,0.307588907163,-0.00488979201938
121.0,0.5,0.0,0.0,0.0,0.0,0.0,0.0,0.307334487794,-0.00491097003062
121.0,1.0,0.0,0.0,0.0,0.0,0.0,0.0,0.307869910508,-0.00486652747569
121.0,1.5,0.0,0.0,0.0,0.0,0.0,0.0,0.313901404054,-0.00439756700649
121.0,2.0,0.0,0.0,0.0,0.0,0.0,0.0,0.317493255526,-0.00414386613588
121.0,2.5,0.0,0.0,0.0,0.0,0.0,0.0,0.317897769159,-0.00411640101818
121.0,3.0,0.0,0.0,0.0,0.0,0.0,0.0,0.318298293643,-0.00408942017853
121.0,3.5,0.0,0.0,0.0,0.0,0.0,0.0,0.317911685494,-0.00411546001139
121.0,4.0,0.0,0.0,0.0,0.0,0.0,0.0,0.317533215453,-0.00414114329244
121.0,4.5,0.0,0.0,0.0,0.0,0.0,0.0,0.317162383789,-0.00416649366581
121.0,5.0,0.0,0.0,0.0,0.0,0.0,0.0,0.31679873645,-0.00419153267272
121.0,5.5,0.0,0.0,0.0,0.0,0.0,0.0,0.316441859647,-0.00421627999508
121.0,6.0,0.0,0.0,0.0,0.0,0.0,0.0,0.316091375236,-0.00424075366362
121,6.5,3.0521720653389077,0.13024843298617547,16.029830097960943,False,0.09828074731578622,0.20855355558629543,0.3157469367582056,-0.004264970236501796
121,7.0,9.016090143580763,0.4152342695723617,31.763363704711857,False,0.27389373195479616,0.5333315352801422,0.3153953685095114,-0.004289858196722657
121,7.5,10.622779209636192,0.6001690815513525,30.974314660113947,False,0.2804451708131973,0.9839621215433925,0.3150260946356424,-0.004316186125310082
121,8.0,11.030389295954137,0.6827251475506183,30.510526285928307,False,0.27039435627928854,0.8749282457587498,0.31463786644050895,-0.004344073300043575
121,8.5,11.740836445944106,0.8016559304039883,30.107100537445053,False,0.2709650977568552,1.3102729618620101,0.31425556090973816,-0.0043717450814001815
121,9.0,11.991934820047685,0.989037401258746,29.239665978517618,False,0.24582446587066503,2.065627450934848,0.31385691140954936,-0.00440082384184613
121,9.5,12.367565705319176,1.137522124027565,28.591769340575944,False,0.23398923018306741,1.7731006200130048,0.31342696764991756,-0.004432443994450316
121,10.0,12.380546340736661,1.1980057753534783,28.27175409091484,False,0.22564675669812018,1.4247490172782424,0.313006781764617,-0.0044636083936465945
121,10.5,11.171823043865963,0.9927695470510906,14.332354161846432,False,0.2132158608472525,0.7717187294076845,0.31260163656377005,-0.004493904777954751
121,11.0,6.488677455061162,0.5128193409071227,14.646492432607175,False,0.13393257988737978,0.5750319073460619,0.31380427493111035,-0.00440468051281008
121,11.5,6.260517445146979,0.2790083561949053,15.972668458540014,False,0.19703087157926172,0.5260009152897058,0.31815233302859486,-0.004099228163946965
121,12.0,5.214427996988328,0.21808933883515305,16.04545948219836,False,0.16897510874821325,0.271536665408946,0.3200930220675327,-0.0039710777696427635
121,12.5,5.368558374692334,0.18481556558022116,16.4810108263522,False,0.21149979742831443,0.48606447825224725,0.32357625480734536,-0.0037528337011737346
121.0,13.0,0.0,0.0,0.0,0.0,0.0,0.0,0.323086495009,-0.00378264016815
121,13.5,12.376931542351315,0.6929905877237191,31.119958438830356,False,0.33484888263023194,1.49721671327151,0.32263409085492156,-0.0038104241180880617
121,14.0,11.770033926699892,1.0770625784376957,28.6798537749099,False,0.226125046684314,2.5161955128536766,0.3228910394679691,-0.003794614158800946
121,14.5,11.880770293936077,1.3480222628596528,27.468169496069542,False,0.1990965955404282,2.8947514369025193,0.32230987020742785,-0.0038304854430308917
121,15.0,11.51742489269898,1.3143829204255995,27.40282369986199,False,0.1917412517037218,2.4119963195226357,0.3217141320799191,-0.003867676107232458
121,15.5,11.14808569388718,1.2435601426088059,27.4937861880137,False,0.18655589551596505,1.6419696556784351,0.32114729915333406,-0.003903462359183317
121,16.0,10.722935067726647,1.1641710738276283,27.66489882895904,False,0.1827304420068217,1.6535331047008877,0.32062099685247897,-0.003937043493456088
121,16.5,11.129873110017279,1.2878659764615834,27.274121252318132,False,0.18204452392882198,1.7201039017360473,0.3201052814087506,-0.003970283543103879
121,17.0,9.711931891193657,1.0965780721550682,27.355749210752407,False,0.16019663486368427,1.0296391343611322,0.31958982296171534,-0.004003841695547254
121,17.5,10.599836706485455,1.1881963445083779,27.388697642608577,False,0.17544184677185368,1.1862417027231382,0.31911483262214185,-0.0040350648225840995
121,18.0,10.0383302617888,1.1295124277106852,27.323031226095402,False,0.16502068720058197,0.8966832817112812,0.31863701121929,-0.0040667671977818835
121,18.5,7.4193603163349575,0.8110395887913701,27.416597145760413,False,0.12315809244994573,0.3817787758494155,0.318178625735993,-0.00409745932841968
121.0,19.0,0.0,0.0,0.0,0.0,0.0,0.0,0.317757759795,-0.00412588257054
121.0,19.5,0.0,0.0,0.0,0.0,0.0,0.0,0.317387762963,-0.00415106458575
121.0,20.0,0.0,0.0,0.0,0.0,0.0,0.0,0.31702310789,-0.00417606242103
121.0,20.5,0.0,0.0,0.0,0.0,0.0,0.0,0.316663561713,-0.00420088583663
121.0,21.0,0.0,0.0,0.0,0.0,0.0,0.0,0.316308915049,-0.00422554340603
121.0,21.5,0.0,0.0,0.0,0.0,0.0,0.0,0.315958978905,-0.00425004267199
121.0,22.0,0.0,0.0,0.0,0.0,0.0,0.0,0.315613582044,-0.00427439028106
121.0,22.5,0.0,0.0,0.0,0.0,0.0,0.0,0.315272568719,-0.00429859209968
121.0,23.0,0.0,0.0,0.0,0.0,0.0,0.0,0.314935796722,-0.00432265331482
121.0,23.5,0.0,0.0,0.0,0.0,0.0,0.0,0.314603135711,-0.00434657852114
121.0,24.0,0.0,0.0,0.0,0.0,0.0,0.0,0.314274465755,-0.00437037179683
122.0,0.5,0.0,0.0,0.0,0.0,0.0,0.0,0.313949676087,-0.00439403676956
122.0,1.0,0.0,0.0,0.0,0.0,0.0,0.0,0.313628664009,-0.00441757667394
122.0,1.5,0.0,0.0,0.0,0.0,0.0,0.0,0.313311333956,-0.00444099440165
122.0,2.0,0.0,0.0,0.0,0.0,0.0,0.0,0.312997596673,-0.00446429254521
122.0,2.5,0.0,0.0,0.0,0.0,0.0,0.0,0.312687368502,-0.00448747343619
122.0,3.0,0.0,0.0,0.0,0.0,0.0,0.0,0.312380570762,-0.00451053917867
122.0,3.5,0.0,0.0,0.0,0.0,0.0,0.0,0.312077129209,-0.00453349167844
122.0,4.0,0.0,0.0,0.0,0.0,0.0,0.0,0.311776973557,-0.0045563326686
122.0,4.5,0.0,0.0,0.0,0.0,0.0,0.0,0.31226596535,-0.00451919169241
122.0,5.0,0.0,0.0,0.0,0.0,0.0,0.0,0.311962639549,-0.00454218788501
122.0,5.5,0.0,0.0,0.0,0.0,0.0,0.0,0.314019318413,-0.00438894962529
122.0,6.0,0.0,0.0,0.0,0.0,0.0,0.0,0.313693053813,-0.00441284292843
122,6.5,2.7370620374499413,0.0698412918870516,16.872658740441523,False,0.13378033209619167,0.11710837941977809,0.31337116241976803,-0.004436568000082728
122,7.0,3.6232818196508245,0.09502132990876791,16.874109048789876,False,0.17725437624686363,0.20174291653052673,0.3130464082363073,-0.004460658247568826
122,7.5,3.2064963490808536,0.08148086805207004,16.841166065615216,False,0.15374963856776877,0.08528545319758254,0.3142921017824969,-0.0043690911450874
122,8.0,9.864913908319952,0.28718773083158877,16.821521855514597,False,0.46748090548193744,0.540996429533328,0.3139559109081336,-0.004393581050036805
122,8.5,4.7759475755814815,0.13328328343135423,16.76297898325792,False,0.2186959517690241,0.23825528495131862,0.3135992695049609,-0.004419739681157209
122,9.0,6.129074827153765,0.20679234256080054,16.602436191257436,False,0.2569122433966343,0.6160886089124562,0.3132644426139848,-0.004444467330358663
122,9.5,11.028872694497572,0.44402532287313223,32.36828558874062,False,0.3787961984465477,0.754965619136769,0.3129168174530618,-0.004470314769592838
122,10.0,12.097703829467388,0.641512499707491,31.309691202631104,False,0.3382076089351766,1.1128399521964412,0.3125591043657068,-0.0044970994857589375
122,10.5,12.441507031196629,0.8045628405906965,30.382586159482816,False,0.2990893537311631,1.2636913782234351,0.31218436521884896,-0.004525364418049682
122,11.0,13.007818346985424,1.021958402411379,29.50976814270002,False,0.27626474205561513,2.0380683249915017,0.31180163631812036,-0.004554450740463057
122,11.5,13.021279664864021,1.1649005949987445,28.743096480549692,False,0.2508723027574169,1.7095524024428261,0.31138507324439796,-0.004586361895221847
122,12.0,13.110485635393779,1.3127228414054428,28.119859315660662,False,0.23486331803978275,1.7666401596062582,0.31097924419998546,-0.00461770727406277
122,12.5,12.43412631773041,1.254853999997822,27.9907564501586,False,0.21955493651263197,1.1465444290006395,0.3105692249995118,-0.004649635854314375
122,13.0,4.939965722037793,0.4108602208107013,14.47342188984514,False,0.09758297841651123,0.21707765506612817,0.3164688063780554,-0.004214405331352316
122,13.5,5.670654497433168,0.23305658805532764,16.109477279927876,False,0.18868030835525262,0.3819742800726367,0.31999116491087787,-0.003977683953537146
122,14.0,12.16246283576341,0.5502519729829554,32.13584520828779,False,0.3977685121076546,1.3189312282258518,0.31954524494740405,-0.0040067597272336886
122,14.5,10.71862268503154,0.5337003631285929,31.49020393271016,False,0.3094708295411852,0.685951186464785,0.3190613601931,-0.004038597928996146
122.0,15.0,0.0,0.0,0.0,0.0,0.0,0.0,0.320176062009,-0.00396570169145
122,15.5,10.886561720536541,0.46669485227094143,32.26739865104389,False,0.365937635234296,0.9511482459921542,0.3228815398780232,-0.0037951972722664296
122,16.0,11.086298687929967,0.48981347919053236,32.2708862950973,False,0.3729263584598609,1.1215804449807771,0.3231436719385641,-0.003779145911617202
122,16.5,10.14230152262538,0.619523392316347,30.72470952378891,False,0.257109985412736,1.2136605625296897,0.322615497791239,-0.0038115711849154073
122,17.0,10.31275166217144,0.7518993606337375,29.76496339208152,False,0.22675145656093282,1.181580493508838,0.32209071452838983,-0.0038441171136450528
122,17.5,10.273303296922673,0.7429696746862937,29.76675354779747,False,0.2259399897875906,1.056794423827442,0.32157300362487273,-0.003876549390668099
122,18.0,7.788599319914255,0.5812252802940094,29.516512114221076,False,0.16556615232761324,0.4965390448727619,0.32107042255206936,-0.003908346185962665
122,18.5,3.759339604528785,0.24675442243095963,15.033719511817063,False,0.08626489912274352,0.13243987918589434,0.32060456421900996,-0.003938097519895588
122.0,19.0,0.0,0.0,0.0,0.0,0.0,0.0,0.320173887285,-0.00396584237437
122.0,19.5,0.0,0.0,0.0,0.0,0.0,0.0,0.319765692858,-0.00399235410229
122.0,20.0,0.0,0.0,0.0,0.0,0.0,0.0,0.319365077011,-0.00401857918371
122.0,20.5,0.0,0.0,0.0,0.0,0.0,0.0,0.318971583073,-0.00404453810354
122.0,21.0,0.0,0.0,0.0,0.0,0.0,0.0,0.318584803887,-0.00407024898995
122.0,21.5,0.0,0.0,0.0,0.0,0.0,0.0,0.318204375458,-0.00409572790348
122.0,22.0,0.0,0.0,0.0,0.0,0.0,0.0,0.317829971462,-0.00412098908986
122.0,22.5,0.0,0.0,0.0,0.0,0.0,0.0,0.31746129852,-0.00414604520066
122.0,23.0,0.0,0.0,0.0,0.0,0.0,0.0,0.317098092105,-0.00417090748597
122.0,23.5,0.0,0.0,0.0,0.0,0.0,0.0,0.316740113005,-0.00419558596262
122.0,24.0,0.0,0.0,0.0,0.0,0.0,0.0,0.316387144258,-0.00422008956115
123.0,0.5,0.0,0.0,0.0,0.0,0.0,0.0,0.316038988498,-0.00424442625455
123.0,1.0,0.0,0.0,0.0,0.0,0.0,0.0,0.315695465643,-0.00426860317099
123.0,1.5,0.0,0.0,0.0,0.0,0.0,0.0,0.315356410881,-0.00429262669267
123.0,2.0,0.0,0.0,0.0,0.0,0.0,0.0,0.315021672917,-0.00431650254281
123.0,2.5,0.0,0.0,0.0,0.0,0.0,0.0,0.314691112446,-0.00434023586197
123.0,3.0,0.0,0.0,0.0,0.0,0.0,0.0,0.314364600806,-0.00436383127542
123.0,3.5,0.0,0.0,0.0,0.0,0.0,0.0,0.314042018807,-0.00438729295238
123.0,4.0,0.0,0.0,0.0,0.0,0.0,0.0,0.313723255702,-0.00441062465839
123.0,4.5,0.0,0.0,0.0,0.0,0.0,0.0,0.313408208284,-0.00443382980149
123.0,5.0,0.0,0.0,0.0,0.0,0.0,0.0,0.313096780087,-0.00445691147303
123.0,5.5,0.0,0.0,0.0,0.0,0.0,0.0,0.312788880689,-0.00447987248384
123,6.0,1.8116313818283645,0.057773886494535194,16.501844129040574,False,0.07211518666073827,0.06122275875331246,0.3124844250928476,-0.004502715396097757
123,6.5,7.106141403952416,0.2851160931397247,32.21723745223615,False,0.23635853214859667,0.3297771701412619,0.3121788172678969,-0.004525784463090713
123,7.0,7.90949287935056,0.3775511503901833,15.7632825204333,False,0.2298819855628246,0.3593033166526251,0.31185767816425325,-0.004550177827476363
123,7.5,4.273612440770831,0.21884202062982583,15.674818311224055,False,0.12031922231598977,0.41092546484046627,0.31153512687219687,-0.004574836310429628
123,8.0,10.071595272918877,0.5880397636617312,30.71450961780778,False,0.2549032418761669,0.7116188744419768,0.3112197876213539,-0.004599097512885871
123,8.5,11.035390760983304,0.7274006592965924,30.174730199685122,False,0.25720781044815044,0.9445264460124152,0.3108821092787964,-0.0046252475873417385
123,9.0,11.264394864180403,0.8212420786111395,29.657185127197877,False,0.24404029793467802,0.8838931140756676,0.31053332476038126,-0.004652443943542969
123,9.5,11.644883198296203,0.8704457661524473,29.558055105543254,False,0.2489229542367258,1.0630838638693403,0.31018624228569824,-0.004679696934527292
123,10.0,11.732790957427829,0.9857813254175508,28.941670451354916,False,0.23161813914294732,1.0483199051364958,0.30983339796520226,-0.00470759754595695
123,10.5,12.312661706077193,1.0762885572352647,28.812841501474864,False,0.2392406691845472,1.7029715239974044,0.30947958842424106,-0.00473577371876576
123,11.0,12.371572475775748,1.048901882397265,28.998167026079066,False,0.24595274917226845,1.8247323843202645,0.30910029951820506,-0.0047662024382749135
123,11.5,12.544695222103783,1.2560338549362544,28.111260745701628,False,0.22451026720997236,2.2641426970324066,0.3087201783914707,-0.004796931928303892
123,12.0,12.48443640031067,1.2882668088514149,27.933738301794982,False,0.21905690596101723,2.1830926897962017,0.30831822203405146,-0.004829683757139803
123,12.5,12.515805418458267,1.3616823191414222,27.60789251588323,False,0.21198835617855127,2.0453090839511106,0.3079207727482143,-0.004862330648907156
123,13.0,12.5185691340596,1.4414863511297005,27.280271412647537,False,0.20488813656709176,2.052248121987659,0.3075283757326379,-0.004894820808670696
123,13.5,12.371629933526542,1.3555606447429154,27.50883986093153,False,0.20735947194701582,1.341138637717184,0.307135252838656,-0.004927630790396705
123,14.0,12.433081801313925,1.314991873561697,27.734470868580186,False,0.2134640888409164,1.4968639202517093,0.30677490128922585,-0.004957936096262635
123,14.5,11.879260198829233,1.2224605620137792,27.958003184465845,False,0.2089976023450053,1.8744565282375603,0.30641266261325595,-0.004988624188964569
123,15.0,11.57340563551583,1.1464980113874614,28.155036239588533,False,0.20815237745315618,1.5899406707136643,0.3060420492769439,-0.005020256287094323
123,15.5,10.978310021555522,1.0496831911472249,28.370069080230962,False,0.20236920701045463,1.5309763176444129,0.30568752092926227,-0.0050507394095944385
123,16.0,10.381980950249496,0.989630476308742,28.320965601841017,False,0.1902939916052083,1.1277430500832948,0.305341271728238,-0.005080723776259039
123,16.5,9.802255873480181,0.9048877638987347,28.45664584315939,False,0.18252143833495854,0.8125448457817994,0.30501493499346793,-0.005109178104659394
123,17.0,8.050715599626884,0.6535689248018245,29.041023189376816,False,0.1609138779980267,0.2377579346597888,0.30470607114431014,-0.005136283972850704
123,17.5,4.33393489447416,0.3355883793643733,14.630139432122247,False,0.0890785885360556,0.11773056805077407,0.30443081833240215,-0.005160584633657257
123,18.0,2.942780852273516,0.2166071326681182,14.751096941325628,False,0.062436704100280134,0.019808439919517654,0.3041744142913992,-0.005183344561125418
123.0,18.5,0.0,0.0,0.0,0.0,0.0,0.0,0.303928434908,-0.00520529162417
123.0,19.0,0.0,0.0,0.0,0.0,0.0,0.0,0.30369358819,-0.00522634878702
123.0,19.5,0.0,0.0,0.0,0.0,0.0,0.0,0.303460870389,-0.00524731525723
123.0,20.0,0.0,0.0,0.0,0.0,0.0,0.0,0.303230250381,-0.00526819166811
123.0,20.5,0.0,0.0,0.0,0.0,0.0,0.0,0.303001697669,-0.00528897864687
123.0,21.0,0.0,0.0,0.0,0.0,0.0,0.0,0.302775182367,-0.0053096768155
123.0,21.5,0.0,0.0,0.0,0.0,0.0,0.0,0.302550675169,-0.00533028679157
123.0,22.0,0.0,0.0,0.0,0.0,0.0,0.0,0.302328147335,-0.0053508091889
123.0,22.5,0.0,0.0,0.0,0.0,0.0,0.0,0.302107570662,-0.00537124461804
123.0,23.0,0.0,0.0,0.0,0.0,0.0,0.0,0.301888917477,-0.00539159368674
123.0,23.5,0.0,0.0,0.0,0.0,0.0,0.0,0.301672160612,-0.00541185700033
123.0,24.0,0.0,0.0,0.0,0.0,0.0,0.0,0.301457273393,-0.00543203516193
124.0,0.5,0.0,0.0,0.0,0.0,0.0,0.0,0.301244229624,-0.00545212877275
124.0,1.0,0.0,0.0,0.0,0.0,0.0,0.0,0.301033003578,-0.00547213843215
124.0,1.5,0.0,0.0,0.0,0.0,0.0,0.0,0.300823569979,-0.00549206473785
124.0,2.0,0.0,0.0,0.0,0.0,0.0,0.0,0.300615903994,-0.00551190828592
124.0,2.5,0.0,0.0,0.0,0.0,0.0,0.0,0.300409981222,-0.00553166967089
124.0,3.0,0.0,0.0,0.0,0.0,0.0,0.0,0.300205777686,-0.00555134948568
124.0,3.5,0.0,0.0,0.0,0.0,0.0,0.0,0.300003269817,-0.00557094832165
124.0,4.0,0.0,0.0,0.0,0.0,0.0,0.0,0.299802434452,-0.00559046676852
124.0,4.5,0.0,0.0,0.0,0.0,0.0,0.0,0.299603248823,-0.00560990541434
124.0,5.0,0.0,0.0,0.0,0.0,0.0,0.0,0.299405690545,-0.0056292648454
124.0,5.5,0.0,0.0,0.0,0.0,0.0,0.0,0.299209737615,-0.00564854564617
124.0,6.0,0.0,0.0,0.0,0.0,0.0,0.0,0.299015368399,-0.0056677483992
124.0,6.5,0.0,0.0,0.0,0.0,0.0,0.0,0.298822561626,-0.00568687368504
124.0,7.0,0.0,0.0,0.0,0.0,0.0,0.0,0.298631296383,-0.00570592208212
124.0,7.5,0.0,0.0,0.0,0.0,0.0,0.0,0.298441552105,-0.00572489416666
124,8.0,2.422969387364216,0.10409379933064264,15.937404017027301,False,0.07520626944419911,0.008341217050513852,0.29825330857075355,-0.005743790512579825
124,8.5,3.1874804162688934,0.11843081423185854,16.217746498619302,False,0.11108870556929164,0.07049722524219273,0.2996408288366705,-0.00560623180210022
124,9.0,3.6979733121344527,0.12193407988692107,16.44020407333196,False,0.1427992222764014,0.12707639855467556,0.299435590455925,-0.005626329741891267
124,9.5,4.054252436108052,0.1325508779196874,16.468002980168134,False,0.15869892492408255,0.1699067325588211,0.2992298288779012,-0.0056465651488831385
124,10.0,4.152719570064841,0.13685834058827803,16.450834695227066,False,0.1611914030709328,0.18412236951674021,0.2998128929327304,-0.00558944833848386
124,10.5,4.646528837469712,0.1622201448632752,16.382021595034903,False,0.17449917361388903,0.2902269903039711,0.3003902774581629,-0.005533564964663653
124,11.0,4.9852137727903205,0.17836671155566286,16.355746800264512,False,0.18492430069289764,0.3514910773213692,0.3001688708236358,-0.0055549152251349486
124,11.5,5.1590254019884325,0.21476462684583178,16.055405980683375,False,0.16785998757260448,0.3316233071843985,0.2999465028539131,-0.005576457049946034
124,12.0,5.585036864332499,0.2677754222294716,15.787337828002661,False,0.16376330635985334,0.43290215230756207,0.29972544157569647,-0.005597971019990065
124,12.5,4.110630741241287,0.20972292862827427,15.598117713198304,False,0.11267172345340962,0.1299248363841755,0.2995004182712013,-0.005619972225570008
124,13.0,4.940507111859544,0.2779260165899437,15.40016895488703,False,0.12677095712708036,0.2253698834866461,0.29929095007517725,-0.005640545208667802
124,13.5,4.754847376452612,0.2858975312613526,15.246685312595416,False,0.11625101966644848,0.1916931615785757,0.2990770877273332,-0.005661642407483461
124,14.0,4.453643530431325,0.27650698552320946,15.168015947720068,False,0.10631604246666262,0.1512242783304754,0.29886598079086846,-0.005682560062147827
124,14.5,4.131678883729517,0.26188265720150855,15.119240412192358,False,0.09720722255766497,0.1176018382919522,0.2986585108284342,-0.005703207120443197
124,15.0,4.975718717157897,0.31617505066519874,15.141449485345971,False,0.11783931252220618,0.28342936387842915,0.29845458277888126,-0.005723588859016242
124,15.5,4.462845532402574,0.2859591445269539,15.117734849863886,False,0.10495193921511756,0.2263150906677843,0.298243979442646,-0.005744728924405513
124,16.0,3.510735191633398,0.2188314679437167,15.170589021050812,False,0.08387198596875348,0.10353817719733209,0.2980383369407596,-0.005765460857913055
124,16.5,3.2598347913915675,0.1977247133559629,15.24134296219482,False,0.07956887113179757,0.13274349456965268,0.29784151741898446,-0.0057853868401170835
124,17.0,2.573055824803727,0.1543384863417949,15.265497853024081,False,0.06327439828156856,0.09062354486867301,0.2976459771140119,-0.005805264621286136
124,17.5,1.8395923836770032,0.11122117756844214,15.246150493997105,False,0.04496870644541644,0.04248036635625463,0.2974552397122342,-0.005824732609332059
124.0,18.0,0.0,0.0,0.0,0.0,0.0,0.00197699674495,0.29726949588,-0.00584376572223
124.0,18.5,0.0,0.0,0.0,0.0,0.0,0.0,0.297091013371,-0.00586212462195
124.0,19.0,0.0,0.0,0.0,0.0,0.0,0.0,0.296914083237,-0.00588039170896
124.0,19.5,0.0,0.0,0.0,0.0,0.0,0.0,0.296738605191,-0.0058985759037
124.0,20.0,0.0,0.0,0.0,0.0,0.0,0.0,0.296564554714,-0.00591667838579
124.0,20.5,0.0,0.0,0.0,0.0,0.0,0.0,0.296391908,-0.00593470029881
124.0,21.0,0.0,0.0,0.0,0.0,0.0,0.0,0.296220641918,-0.00595264275208
124.0,21.5,0.0,0.0,0.0,0.0,0.0,0.0,0.296050733985,-0.00597050682233
124.0,22.0,0.0,0.0,0.0,0.0,0.0,0.0,0.29588216234,-0.00598829355522
124.0,22.5,0.0,0.0,0.0,0.0,0.0,0.0,0.295714905715,-0.00600600396687
124.0,23.0,0.0,0.0,0.0,0.0,0.0,0.0,0.295548943412,-0.00602363904512
124.0,23.5,0.0,0.0,0.0,0.0,0.0,0.0,0.295384255281,-0.00604119975092
124.0,24.0,0.0,0.0,0.0,0.0,0.0,0.0,0.295220821693,-0.00605868701948
125.0,0.5,0.0,0.0,0.0,0.0,0.0,0.0,0.295058623525,-0.00607610176143
125.0,1.0,0.0,0.0,0.0,0.0,0.0,0.0,0.294897642138,-0.00609344486388
125.0,1.5,0.0,0.0,0.0,0.0,0.0,0.0,0.294737859357,-0.00611071719145
125.0,2.0,0.0,0.0,0.0,0.0,0.0,0.0,0.295369538832,-0.0060427719337
125.0,2.5,0.0,0.0,0.0,0.0,0.0,0.0,0.297576559294,-0.00581234090118
125.0,3.0,0.0,0.0,0.0,0.0,0.0,0.0,0.301343927435,-0.00544271458745
125.0,3.5,0.0,0.0,0.0,0.0,0.0,0.0,0.303500092065,-0.00524377460883
125.0,4.0,0.0,0.0,0.0,0.0,0.0,0.0,0.306422840244,-0.00498775887702
125.0,4.5,0.0,0.0,0.0,0.0,0.0,0.0,0.31167110187,-0.00456442189572
125.0,5.0,0.0,0.0,0.0,0.0,0.0,0.0,0.315279461004,-0.00429810133806
125.0,5.5,0.0,0.0,0.0,0.0,0.0,0.0,0.317823703716,-0.00412141355443
125.0,6.0,0.0,0.0,0.0,0.0,0.0,0.0,0.318796474931,-0.00405615425469
125.0,6.5,0.0,0.0,0.0,0.0,0.0,0.0,0.319146739679,-0.00403295836845
125,7.0,2.1509336601781595,0.051906978502478746,16.890172947161016,False,0.10627572037726304,0.01956015115210338,0.319513416006256,-0.004008844768059928
125,7.5,2.2749088551059495,0.054627402432157586,16.890172946006736,False,0.11240122456820642,0.017610472937131114,0.31987721465902386,-0.003985089988064579
125,8.0,2.9114845610459357,0.07058296831899316,16.890172941051624,False,0.14385386440361317,0.06779600883825954,0.3202406062093786,-0.003961529032541503
125,8.5,3.8701794752000276,0.09704954733065521,16.89017293652742,False,0.1912221280139866,0.19000113741922023,0.31981861559344005,-0.003988904947468196
125,9.0,4.125450157774921,0.10331322436163268,16.890172935805225,False,0.20383482555278257,0.20291812366306,0.3201854640610546,-0.003965093541061904
125,9.5,3.6635020932447286,0.08927063522037379,16.89017293756608,False,0.18101038226857535,0.11991751598815201,0.31976748979954606,-0.003992236931241004
125,10.0,3.8542926824033485,0.09408066747503718,16.89017293689447,False,0.19043717570224886,0.1353850087398623,0.32014687800290714,-0.003967590100578478
125,10.5,4.502999212342616,0.11214137487349538,16.89017293493222,False,0.22248918876945795,0.21215899501230118,0.32130570308711526,-0.003893422160742624
125,11.0,5.653196299595703,0.15273999514224462,16.89017293237298,False,0.27931940454353565,0.4917935874102356,0.32088080333013697,-0.003920423499435279
125,11.5,5.979687382468417,0.16829100655061807,16.890172931794574,False,0.29545103875961665,0.6386388199664458,0.32123703055730507,-0.003897771084450819
125,12.0,5.77690692563737,0.15957083334776004,16.839752837726994,False,0.2767635487979606,0.4688022988608998,0.3208017729900402,-0.003925470261100985
125,12.5,4.947057224244339,0.13023895293859156,16.82850326742562,False,0.23541149664475333,0.2626026639498573,0.32038293319495137,-0.003952346336608352
125,13.0,5.080529805378362,0.1341094899844257,16.84258078423701,False,0.24381639203258085,0.2912883863909915,0.3207651191482222,-0.003927813549074729
125,13.5,4.340651400371239,0.10979794479485154,16.85968087059784,False,0.21048096450172973,0.17895053730628346,0.32035915487445504,-0.003953878707583116
125,14.0,4.713288971841439,0.12139087818318271,16.872658732854152,False,0.23037306253596293,0.2376602422461958,0.31996659214515866,-0.003979279637660491
125,14.5,5.117260716992898,0.13702338402376044,16.89017293336834,False,0.25283930375223385,0.365013263875687,0.32036253300243867,-0.003953660964243262
125,15.0,4.685870766858988,0.12231197014407283,16.890172934352655,False,0.23152470973997807,0.2767599777575017,0.31996490277047906,-0.0039793893687686535
125,15.5,4.368180547023575,0.11376043455879165,16.890172935147604,False,0.21582791834427173,0.24108852940017597,0.3195782863728887,-0.00400459662605527
125,16.0,3.6408664015038488,0.09163002475910252,16.890172937545383,False,0.179891972858496,0.15008236479549167,0.31919994047759004,-0.004029449047530689
125,16.5,3.198463359255742,0.08014451244976874,16.890172939453905,False,0.1580332317534282,0.12420350584987029,0.3188320166482884,-0.004053793311393309
125.0,17.0,0.0,0.0,0.0,0.0,0.0,0.0227226815027,0.318471224449,-0.00407783606443
125.0,17.5,0.0,0.0,0.0,0.0,0.0,0.0,0.318122668474,-0.00410122493205
125.0,18.0,0.0,0.0,0.0,0.0,0.0,0.0,0.317779988529,-0.0041243754856
125.0,18.5,0.0,0.0,0.0,0.0,0.0,0.0,0.317442028312,-0.0041473598457
125.0,19.0,0.0,0.0,0.0,0.0,0.0,0.0,0.317108525652,-0.0041701908126
125.0,19.5,0.0,0.0,0.0,0.0,0.0,0.0,0.316779246526,-0.00419287970973
125.0,20.0,0.0,0.0,0.0,0.0,0.0,0.0,0.318808161852,-0.00405537774236
125.0,20.5,0.0,0.0,0.0,0.0,0.0,0.0,0.319238992315,-0.0040268753597
125.0,21.0,0.0,0.0,0.0,0.0,0.0,0.0,0.318879403171,-0.00405064809498
125.0,21.5,0.0,0.0,0.0,0.0,0.0,0.0,0.318524914789,-0.00407424746674
125.0,22.0,0.0,0.0,0.0,0.0,0.0,0.0,0.318175253891,-0.0040976861176
125.0,22.5,0.0,0.0,0.0,0.0,0.0,0.0,0.317830174174,-0.00412097536266
125.0,23.0,0.0,0.0,0.0,0.0,0.0,0.0,0.317489453975,-0.00414412528224
125.0,23.5,0.0,0.0,0.0,0.0,0.0,0.0,0.317152893896,-0.00416714482568
125.0,24.0,0.0,0.0,0.0,0.0,0.0,0.0,0.316820314522,-0.00419004191574
126.0,0.5,0.0,0.0,0.0,0.0,0.0,0.0,0.316491554296,-0.0042128235489
126.0,1.0,0.0,0.0,0.0,0.0,0.0,0.0,0.316166467581,-0.00423549588921
126.0,1.5,0.0,0.0,0.0,0.0,0.0,0.0,0.3158449229,-0.00425806435504
126.0,2.0,0.0,0.0,0.0,0.0,0.0,0.0,0.315526801358,-0.00428053369838
126.0,2.5,0.0,0.0,0.0,0.0,0.0,0.0,0.315211995226,-0.004302908077
126.0,3.0,0.0,0.0,0.0,0.0,0.0,0.0,0.314900406672,-0.00432519111976
126.0,3.5,0.0,0.0,0.0,0.0,0.0,0.0,0.314591946639,-0.00434738598564
126.0,4.0,0.0,0.0,0.0,0.0,0.0,0.0,0.314286533836,-0.00436949541687
126.0,4.5,0.0,0.0,0.0,0.0,0.0,0.0,0.313984093852,-0.00439152178679
126.0,5.0,0.0,0.0,0.0,0.0,0.0,0.0,0.313684558356,-0.00441346714278
126,5.5,1.0513182501501939,0.025872370023142202,16.890172969374014,True,0.05194470031735941,0.06147625424995558,0.3133878644003021,-0.004435333244785143
126,6.0,5.640158091853531,0.14727683527249935,33.665420710360664,False,0.26907074904543454,0.3121379338520912,0.313090638918612,-0.004457368066532975
126,6.5,6.908991520890525,0.22147973297212914,33.164891868036214,False,0.2865849013645951,0.609743760090227,0.312782022909577,-0.004480385492014003
126,7.0,8.072370228107308,0.31571067645150486,32.51917689751298,False,0.28658901069744275,0.8446690930253805,0.31246197587247065,-0.004504405219388978
126,7.5,9.315255031337202,0.4321409074083683,31.890356661879686,False,0.29001497477399074,1.1164321073838817,0.3121320694826904,-0.004529325664865089
126,8.0,10.697686792756482,0.599118253134235,31.13888226055046,False,0.29035258249364304,1.460903231939382,0.31179001922930233,-0.004555337084039317
126,8.5,11.918859801211699,0.7716497832693532,30.459280132445862,False,0.28988478574452115,1.6508248716805909,0.31143110612966063,-0.0045828224449090925
126,9.0,12.261916670018975,0.8832699263417734,29.84994079826393,False,0.2728129506415173,1.6787953000574054,0.311060945428026,-0.0046113763736470425
126,9.5,12.446510317842602,0.9971252567416415,29.321437863480654,False,0.25990294723694424,2.1288743703077158,0.3106879577212171,-0.004640363044549541
126,10.0,12.268279207828257,1.120416619641624,28.68158287406947,False,0.2362888327444987,2.7225992786006645,0.31029600403555707,-0.004671057903371116
126,10.5,12.877231785498338,1.2330183522646654,28.386900660983386,False,0.23982438450729512,2.5464575518151897,0.3098792414628319,-0.004703961362713561
126,11.0,12.998039462914122,1.3093963899718895,28.115680774642207,False,0.23468460561141974,2.7148178137115617,0.30946726012375003,-0.0047367591193141064
126,11.5,13.270773574954127,1.338202818091595,27.982397024087604,False,0.23411076718562393,1.6083904951705172,0.3090483302718511,-0.004770389829342376
126,12.0,13.347272898808974,1.3867418463274732,27.832161808330106,False,0.2316017623403832,1.7210177149744867,0.30867260597391416,-0.004800794342422787
126,12.5,13.09824142811884,1.3459946160861913,27.841409401909104,False,0.22751005964069554,1.320999286910593,0.30829304699172644,-0.004831743897820361
126,13.0,7.0513645903156466,0.7158197212909878,13.935213785027429,False,0.12286805728970651,0.6925001469263505,0.3079324692243632,-0.0048613661404492215
126,13.5,6.594348137947882,0.6292035849098673,14.092123776031901,False,0.1189950084650931,0.5174991515754366,0.3076218856952493,-0.004887054841568922
126,14.0,5.426261566001245,0.4914317970828433,14.207230666819848,False,0.10054244315852778,0.25348024325087076,0.3073234323152232,-0.0049118927698334645
126,14.5,4.83955650132371,0.40511946810710153,14.413605645902685,False,0.09420014061812133,0.18273399035503418,0.30704240347128914,-0.0049354181972617785
126,15.0,3.5327593097436356,0.281703480695748,14.52770128521953,False,0.07073891746439898,0.05969391797736173,0.30676948695854733,-0.0049583931282019015
126,15.5,4.202872862667123,0.3429444875120576,14.45831470047092,False,0.08271228506676388,0.1322375657530509,0.30650805126408887,-0.004980521165997441
126,16.0,4.3137581433689505,0.34817691714645693,14.515605977623261,False,0.08611519191018746,0.18764306024884211,0.3062436425621853,-0.005003020620124612
126,16.5,3.995347275538482,0.3205991853445687,14.543678603591408,False,0.08032472185650565,0.20641238543940071,0.3059790134404554,-0.005025660189543984
126.0,17.0,0.0,0.0,0.0,0.0,0.0,0.0,0.305716776397,-0.0050482156277
126.0,17.5,0.0,0.0,0.0,0.0,0.0,0.0,0.305476574535,-0.00506898169262
126.0,18.0,0.0,0.0,0.0,0.0,0.0,0.0,0.306026137956,-0.00502161967082
126.0,18.5,0.0,0.0,0.0,0.0,0.0,0.0,0.30735697964,-0.00490909339901
126.0,19.0,0.0,0.0,0.0,0.0,0.0,0.0,0.307886003705,-0.0048651991014
126.0,19.5,0.0,0.0,0.0,0.0,0.0,0.0,0.309195753237,-0.00475852271504
126.0,20.0,0.0,0.0,0.0,0.0,0.0,0.0,0.310490040934,-0.00465583225851
126.0,20.5,0.0,0.0,0.0,0.0,0.0,0.0,0.310982799064,-0.00461743159784
126.0,21.0,0.0,0.0,0.0,0.0,0.0,0.0,0.310684050506,-0.00464066784014
126.0,21.5,0.0,0.0,0.0,0.0,0.0,0.0,0.311175458526,-0.0046025203293
126.0,22.0,0.0,0.0,0.0,0.0,0.0,0.0,0.310875440384,-0.00462576581304
126.0,22.5,0.0,0.0,0.0,0.0,0.0,0.0,0.310579652444,-0.00464882060607
126.0,23.0,0.0,0.0,0.0,0.0,0.0,0.0,0.31028793982,-0.00467169196742
126.0,23.5,0.0,0.0,0.0,0.0,0.0,0.0,0.310000157895,-0.00469438663735
126.0,24.0,0.0,0.0,0.0,0.0,0.0,0.0,0.309716171416,-0.004716910883
127.0,0.5,0.0,0.0,0.0,0.0,0.0,0.0,0.309435853675,-0.00473927053955
127.0,1.0,0.0,0.0,0.0,0.0,0.0,0.0,0.309159085787,-0.00476147104735
127.0,1.5,0.0,0.0,0.0,0.0,0.0,0.0,0.308885756022,-0.00478351748553
127.0,2.0,0.0,0.0,0.0,0.0,0.0,0.0,0.30861575922,-0.0048054146023
127.0,2.5,0.0,0.0,0.0,0.0,0.0,0.0,0.308348996253,-0.00482716684241
127.0,3.0,0.0,0.0,0.0,0.0,0.0,0.0,0.308085373542,-0.00484877837209
127.0,3.5,0.0,0.0,0.0,0.0,0.0,0.0,0.307824802621,-0.00487025310158
127.0,4.0,0.0,0.0,0.0,0.0,0.0,0.0,0.307567199741,-0.00489159470566
127.0,4.5,0.0,0.0,0.0,0.0,0.0,0.0,0.307312485509,-0.00491280664228
127.0,5.0,0.0,0.0,0.0,0.0,0.0,0.0,0.307060584565,-0.00493389216952
127.0,5.5,0.0,0.0,0.0,0.0,0.0,0.00568471664565,0.306811425282,-0.00495485436107
127,6.0,2.478155276566038,0.062156407621708515,16.890172943380232,False,0.12244344960502258,0.1395668792578759,0.30656472376401783,-0.004975714407557334
127,6.5,7.53419824690887,0.1899900483144504,16.890172930543184,False,0.37225803890624465,0.298934407496132,0.3063131911468013,-0.004997090772663216
127,7.0,10.0667720108238,0.30073407983304395,33.46800421261993,False,0.4534050134546751,0.7867979564058183,0.30605330586326407,-0.005019292017171154
127,7.5,9.186916599523467,0.3184053242572055,32.77425299410463,False,0.3458458290046219,0.47037070338272946,0.30577319089177174,-0.005043353158726561
127,8.0,11.341775053056173,0.47716429478141154,32.2586955186661,False,0.38053923852682214,1.0231018561512977,0.30550684457226923,-0.005066359173278854
127,8.5,11.82554096202362,0.615500003529937,31.292515294020887,False,0.3296040362231162,1.0082912310925705,0.30521587398768324,-0.005091635207915872
127,9.0,12.411062550228177,0.7078698461176031,31.055083488819292,False,0.33210809804773134,1.7113686195685094,0.30492254053989004,-0.005117268729942436
127,9.5,12.544452162505024,0.8286298612062128,30.44090576421591,False,0.30686682724901077,2.296904575005718,0.3046012951211761,-0.0051455180060352435
127,10.0,12.679186406515374,0.9539226976660946,29.751935225374037,False,0.280554363516987,2.4792274695971668,0.30425547333999353,-0.005176136379568495
127,10.5,12.537334387393017,1.1277368188608183,28.830988218271017,False,0.24605598697109107,2.9168661175145623,0.30390015931504194,-0.005207821551247206
127,11.0,13.328755798277005,1.309689401915559,28.249174969579855,False,0.24445402153482348,2.586414298139804,0.3035237784646443,-0.005241637751051791
127,11.5,12.970972358093544,1.398282237520933,27.757933772696497,False,0.22501010324134568,3.022722339530055,0.3031551286421684,-0.005275013269278221
127,12.0,13.37418540609059,1.4931420225829424,27.500171007402518,False,0.22577177205767068,2.7451566680476827,0.30276861366116004,-0.0053102784791041625
127,12.5,12.945342378774694,1.6217991486384473,26.913977262617877,False,0.20583217313027866,3.1591890412926715,0.3023910479856152,-0.005344998712187893
127,13.0,12.962639378052254,1.7631138880937798,26.387196757907244,False,0.19572705864653817,2.9846464307250757,0.30199486514424756,-0.005381722164398918
127,13.5,12.978250335173225,1.7205127593280043,26.549629934181272,False,0.19896873227634326,2.7202506666332438,0.3016018847600935,-0.005418446142310546
127,14.0,12.753117395706054,1.7193797734721301,26.40282540740039,False,0.19264248318140664,2.3315236083413757,0.3012224612061216,-0.005454186883385595
127,14.5,12.644011575043002,1.7621972418139942,26.1917158763209,False,0.187211739115179,2.088164181790176,0.3008597051794639,-0.005488620534452852
127,15.0,12.500536290927837,1.798296332729697,25.97794926030857,False,0.1814601540852248,1.8028982767997481,0.3005063992378935,-0.005522406422172623
127,15.5,12.355795330264716,1.8546657021464934,25.694502264001244,False,0.17484071198269768,1.5358100303635767,0.3001643569234782,-0.005555351520781063
127,16.0,11.995123387737475,1.8397067167848289,25.52945993305702,False,0.1672452347786037,1.207159620840136,0.2998320883735427,-0.00558757969242551
127,16.5,10.939020987536672,1.548442461879689,25.96261368586984,False,0.15833095926259552,0.771445576989959,0.2995146069601057,-0.005618581915024742
127,17.0,11.519415577996158,1.6624341849314486,25.83689827124486,False,0.16472915613912897,0.7745163037299108,0.2992264325959348,-0.005646899879441034
127,17.5,10.608951215871537,1.485191554640431,26.006228257784635,False,0.15351188044294473,0.5237880014385674,0.298935505912213,-0.005675660971432705
127,18.0,6.94757488937138,0.9336555055638428,26.204678506942646,False,0.10237971269327842,0.16862194080063314,0.29866248364140924,-0.005702810914285276
127,18.5,6.082153368143382,0.7468122909120546,26.704949772878237,False,0.09398209888457679,0.11379111296942011,0.2984255071193468,-0.005726501910962608
127,19.0,2.951212626166978,0.3144753348863618,13.738320688651529,False,0.04929769486451071,0.0,0.2981993128081694,-0.0057492244482738215
127.0,19.5,0.0,0.0,0.0,0.0,0.0,0.0,0.297995429663,-0.00576979780622
127.0,20.0,0.0,0.0,0.0,0.0,0.0,0.0,0.297805042077,-0.00578908860524
127.0,20.5,0.0,0.0,0.0,0.0,0.0,0.0,0.297616191968,-0.00580829958704
127.0,21.0,0.0,0.0,0.0,0.0,0.0,0.0,0.297428856178,-0.00582743161642
127.0,21.5,0.0,0.0,0.0,0.0,0.0,0.0,0.297243012132,-0.00584648553564
127.0,22.0,0.0,0.0,0.0,0.0,0.0,0.0,0.297058637808,-0.0058654621656
127.0,22.5,0.0,0.0,0.0,0.0,0.0,0.0,0.296875711718,-0.00588436230704
127.0,23.0,0.0,0.0,0.0,0.0,0.0,0.0,0.296694212881,-0.00590318674163
127.0,23.5,0.0,0.0,0.0,0.0,0.0,0.0,0.296514120811,-0.00592193623295
127.0,24.0,0.0,0.0,0.0,0.0,0.0,0.0,0.296335415488,-0.00594061152741
128.0,0.5,0.0,0.0,0.0,0.0,0.0,0.0,0.296158077349,-0.00595921335514
128.0,1.0,0.0,0.0,0.0,0.0,0.0,0.0,0.295982087265,-0.00597774243074
128.0,1.5,0.0,0.0,0.0,0.0,0.0,0.0,0.295807426529,-0.00599619945406
128.0,2.0,0.0,0.0,0.0,0.0,0.0,0.0,0.295634076839,-0.00601458511088
128.0,2.5,0.0,0.0,0.0,0.0,0.0,0.0,0.295462020283,-0.00603290007353
128.0,3.0,0.0,0.0,0.0,0.0,0.0,0.0,0.29529123933,-0.0060511450015
128.0,3.5,0.0,0.0,0.0,0.0,0.0,0.0,0.29512171681,-0.00606932054199
128.0,4.0,0.0,0.0,0.0,0.0,0.0,0.0,0.294953435909,-0.00608742733044
128.0,4.5,0.0,0.0,0.0,0.0,0.0,0.0,0.294786380154,-0.00610546599098
128.0,5.0,0.0,0.0,0.0,0.0,0.0,0.0,0.294620533403,-0.00612343713692
128.0,5.5,0.0,0.0,0.0,0.0,0.0,0.0,0.294455879835,-0.00614134137115
128,6.0,2.106961332454892,0.050972003145514456,16.89017294779877,False,0.10410308674751723,0.0117581952124973,0.2942924039397877,-0.006159179286509732
128,6.5,2.878818734588045,0.07045877178405775,16.890172941303366,False,0.14223987495205404,0.03143157488467749,0.29412770989947257,-0.006177212580329712
128,7.0,3.7374556203985367,0.09363161042863248,16.89017293719984,False,0.18466436031458328,0.060179642405589054,0.29396267728023806,-0.006195346085492915
128,7.5,4.627770559538244,0.12026450258523878,16.890172934510144,False,0.2286540301363268,0.10290911396939077,0.2937968071796453,-0.006213635555787245
128,8.0,5.501177433155604,0.15058310512112505,16.890172932681995,False,0.2718082874686751,0.1672571726821743,0.29362942333894954,-0.006232157188822322
128,8.5,10.812222996222527,0.30446045999609983,16.890172928487964,False,0.534222328227446,0.22875311624811698,0.2934595513732896,-0.006251021436089971
128,9.0,11.484579510012505,0.3722234549860217,33.13007530217516,False,0.4720943972939996,0.27853580731350647,0.2932825966447236,-0.006270744616697699
128,9.5,11.563528785731494,0.4703754420644755,16.186841555509954,False,0.397622793081494,0.26540685122167623,0.29310225813268176,-0.0062909212844310496
128,10.0,12.489568246107822,0.5695895586261114,31.862418903688162,False,0.3867274474275226,0.35469642722819184,0.29291975674373516,-0.006311418737141944
128,10.5,12.83032517093205,0.6792456036927468,31.23886245408696,False,0.3542792203620333,0.3744956179007038,0.29273115230593866,-0.006332685313432666
128,11.0,13.699421644970025,0.8243511293706308,30.79686790272965,False,0.35132371312982563,0.577872047465184,0.29253867285325463,-0.006354476914979215
128,11.5,13.679750818893517,0.9760099993282016,30.04133978984322,False,0.31475779487759514,0.8407017757331061,0.2923339937090189,-0.006377747801183316
128,12.0,13.24826187047132,1.1168728320997234,29.253203821952283,False,0.27373304559745115,0.9324360511744493,0.292114597523019,-0.006402804778448857
128,12.5,13.32830666598985,1.2971777012835481,28.42408446122819,False,0.2487281341341071,0.8555176772400855,0.29188737488333477,-0.006428879350998162
128,13.0,13.25359315270754,1.4261406395771596,27.82273385454902,False,0.23110851125031973,0.7432254131096697,0.29165721735287864,-0.006455419794412441
128,13.5,13.141006022964984,1.453193857347214,27.651806769006434,False,0.22492409100126246,0.6273111369582135,0.29142740402564865,-0.006482050902528835
128,14.0,12.966307458936882,1.3531348859235852,28.0009454210293,False,0.23061529511860646,0.5082980105755077,0.29120192825981867,-0.00650830668030565
128,14.5,12.928879635203769,1.3762728802667585,27.870650428224984,False,0.22653675782111293,0.4257746834023903,0.2909857201884973,-0.006533602361782572
128,15.0,12.850309678188864,1.346154023003405,27.93530642630385,False,0.2266338841759171,0.3384367185248812,0.29077270852976517,-0.006558638710955294
128,15.5,12.628781595148132,1.3272457732698268,27.90308771369805,False,0.22195757828164814,0.24830911766650532,0.2905650861037401,-0.0065831517174854935
128,16.0,12.444933701554321,1.310693047926358,27.852187604627808,False,0.2174090643078041,0.1762023948804048,0.29036252252811073,-0.006607172722803782
128,16.5,11.3151641713489,1.1781194395703358,27.876253237589758,False,0.19728946503497205,0.09326742833464688,0.2901642338914621,-0.006630788000467903
128,17.0,10.09891678737965,1.0008366350749938,28.08983466083658,False,0.18030396959788897,0.046353431317473784,0.28997502365855293,-0.006653415904087677
128,17.5,9.680167391572674,0.9492482757858809,28.11740097670529,False,0.17336405886986475,0.0263172602865515,0.2897952112649409,-0.0066750052196206285
128,18.0,5.53601396242779,0.5066365046671253,28.413149387034075,False,0.10256035587953533,0.003123182644388768,0.289618996485661,-0.006696243611760588
128.0,18.5,0.0,0.0,0.0,0.0,0.0,0.0,0.28946132853,-0.00671531491714
128.0,19.0,0.0,0.0,0.0,0.0,0.0,0.0,0.289323865652,-0.00673199507077
128.0,19.5,0.0,0.0,0.0,0.0,0.0,0.0,0.289187252863,-0.00674862100285
128.0,20.0,0.0,0.0,0.0,0.0,0.0,0.0,0.289051480681,-0.00676519312696
128.0,20.5,0.0,0.0,0.0,0.0,0.0,0.0,0.288916539773,-0.00678171185195
128.0,21.0,0.0,0.0,0.0,0.0,0.0,0.0,0.288782420954,-0.00679817758197
128.0,21.5,0.0,0.0,0.0,0.0,0.0,0.0,0.288649115181,-0.00681459071661
128.0,22.0,0.0,0.0,0.0,0.0,0.0,0.0,0.288516613555,-0.00683095165093
128.0,22.5,0.0,0.0,0.0,0.0,0.0,0.0,0.288384907311,-0.00684726077558
128.0,23.0,0.0,0.0,0.0,0.0,0.0,0.0,0.288253987822,-0.00686351847685
128.0,23.5,0.0,0.0,0.0,0.0,0.0,0.0,0.28812384659,-0.00687972513675
128.0,24.0,0.0,0.0,0.0,0.0,0.0,0.0,0.28799447525,-0.00689588113306
129.0,0.5,0.0,0.0,0.0,0.0,0.0,0.0,0.287865865562,-0.00691198683944
129.0,1.0,0.0,0.0,0.0,0.0,0.0,0.0,0.287738009411,-0.00692804262545
129.0,1.5,0.0,0.0,0.0,0.0,0.0,0.0,0.287610898804,-0.00694404885664
129.0,2.0,0.0,0.0,0.0,0.0,0.0,0.0,0.287484525867,-0.00696000589461
129.0,2.5,0.0,0.0,0.0,0.0,0.0,0.0,0.287358882844,-0.00697591409706
129.0,3.0,0.0,0.0,0.0,0.0,0.0,0.0,0.287233962094,-0.00699177381788
129.0,3.5,0.0,0.0,0.0,0.0,0.0,0.0,0.287109756089,-0.00700758540714
129.0,4.0,0.0,0.0,0.0,0.0,0.0,0.0,0.286986257411,-0.00702334921122
129.0,4.5,0.0,0.0,0.0,0.0,0.0,0.0,0.286863458751,-0.00703906557282
129.0,5.0,0.0,0.0,0.0,0.0,0.0,0.0,0.286741352906,-0.00705473483104
129.0,5.5,0.0,0.0,0.0,0.0,0.0,0.0,0.286619932779,-0.00707035732139
129.0,6.0,0.0,0.0,0.0,0.0,0.0,0.000182427402323,0.286499191372,-0.0070859333759
129,6.5,2.74017172173527,0.06721985808802573,16.890172942334406,False,0.13538944927790106,0.0006030274901093553,0.28637911486976847,-0.007101464219720504
129,7.0,3.771029747491618,0.09500092308923501,16.890172937212306,False,0.18632322809322013,0.0011850750825993244,0.2862571364454529,-0.007117282605246589
129,7.5,4.319534769203561,0.1104418668849162,16.890172935504268,False,0.21342437369905662,0.001260642937267922,0.28613473997344074,-0.007133197419871815
129,8.0,4.914135062866434,0.12793263748903813,16.890172934070478,False,0.24280304572203282,0.0012649971068126107,0.28601240637743663,-0.0071491464450348105
129,8.5,11.365882777856294,0.3438859696666682,16.890172928281768,False,0.5615781659394157,0.0022193273576210214,0.2858900540584499,-0.0071651404272564615
129,9.0,11.77252586305886,0.3311833888701646,33.76277068612037,False,0.5785121058383134,0.0,0.28576010890184816,-0.0071821736568614064
129,9.5,12.103347759442267,0.4689172838124272,16.411872130935723,False,0.46103584209178583,0.0,0.2856313624990833,-0.007199097354335648
129,10.0,14.228754722646395,0.8304263433072478,31.074926365536932,False,0.3820229047096964,0.0,0.28549801532973024,-0.007216675937328356
129,10.5,14.352377288310636,1.0807664710669025,29.916117493951276,False,0.32514527327361376,0.0,0.285351568984087,-0.0072360402863262735
129,11.0,14.639009441826289,1.1851433071611575,29.359851712653363,False,0.30802747828370275,0.0,0.2851962362491399,-0.007256647364874081
129,11.5,14.546478318427795,1.3749979217706256,28.66380042482798,False,0.2801273951077672,0.0,0.28503755043986073,-0.007277771520057893
129,12.0,14.040984711696236,1.7335771864453853,27.214629465795262,False,0.2301327890444579,0.0,0.28487226177673014,-0.007299852593727788
129,12.5,13.407248463731971,1.9993056566933314,25.956852337212084,False,0.194635881945131,0.0,0.2846939613465702,-0.007323761479390013
129,13.0,13.188495435111921,2.216702422175814,25.179365769923265,False,0.17863317760086506,0.0,0.28450616709043686,-0.007349044380086873
129,13.5,12.630285624799225,2.2304671404606364,24.843216355612974,False,0.1663972968037597,0.0,0.2843107075302725,-0.007375469793898193
129,14.0,12.318704627100718,2.1908705495635417,24.783197939093462,False,0.1613836470741829,0.0,0.2841153049048076,-0.007402000751758908
129,14.5,12.045213185774585,2.2550155229496474,24.48061244558036,False,0.15403642112709603,0.0,0.2839219787613135,-0.00742836175278945
129,15.0,11.49138483386237,2.1872811832241927,24.318634655955076,False,0.14490610709905014,0.0,0.2837267866751115,-0.0074550907441304345
129,15.5,11.397733992103486,2.0530728502230495,24.660208701761597,False,0.14767323739084687,0.0,0.2835347280946199,-0.00748150256485764
129,16.0,11.37631046087807,2.092250186625263,24.510596097863612,False,0.1455298625043485,0.0,0.2833483204112752,-0.007507243959263954
129,16.5,10.055592583570364,1.7883787551310018,24.665813276025137,False,0.13025655154191768,0.0,0.2831609784248995,-0.007533220764816496
129,17.0,9.195640087004957,1.579093156426447,24.882259074467786,False,0.12071925753545587,0.0,0.28298571566503383,-0.007557619682381407
129,17.5,7.306851493589363,1.1799232574617968,25.20040233249228,False,0.09850977625457952,0.0,0.28281893751843207,-0.007580924904607971
129,18.0,5.043808077127355,0.7786332472791744,25.455336461743613,False,0.06950139427821159,0.0,0.2826678450657375,-0.00760211219996675
129,18.5,2.066271458275204,0.3000154066546095,12.894798117160603,False,0.0293212420776195,0.0,0.28253251381192146,-0.007621149264903981
129,19.0,1.7078034958076604,0.22981965935720022,13.108485983084453,False,0.02519494425163106,0.0,0.28241587345569336,-0.007637602668117668
129.0,19.5,0.0,0.0,0.0,0.0,0.0,0.0,0.282302419574,-0.00765364720401
129.0,20.0,0.0,0.0,0.0,0.0,0.0,0.0,0.282198205125,-0.00766842050632
129.0,20.5,0.0,0.0,0.0,0.0,0.0,0.0,0.282094503762,-0.00768315481183
129.0,21.0,0.0,0.0,0.0,0.0,0.0,0.0,0.281991310846,-0.00769785037138
129.0,21.5,0.0,0.0,0.0,0.0,0.0,0.0,0.281888621794,-0.00771250743347
129.0,22.0,0.0,0.0,0.0,0.0,0.0,0.0,0.281786432084,-0.00772712624418
129.0,22.5,0.0,0.0,0.0,0.0,0.0,0.0,0.281684737252,-0.00774170704728
129.0,23.0,0.0,0.0,0.0,0.0,0.0,0.0,0.281583532889,-0.00775625008425
129.0,23.5,0.0,0.0,0.0,0.0,0.0,0.0,0.281482814642,-0.00777075559426
129.0,24.0,0.0,0.0,0.0,0.0,0.0,0.0,0.281382578213,-0.00778522381423
130.0,0.5,0.0,0.0,0.0,0.0,0.0,0.0,0.281282819358,-0.00779965497888
130.0,1.0,0.0,0.0,0.0,0.0,0.0,0.0,0.281183533887,-0.00781404932069
130.0,1.5,0.0,0.0,0.0,0.0,0.0,0.0,0.28108471766,-0.00782840707001
130.0,2.0,0.0,0.0,0.0,0.0,0.0,0.0,0.280986366591,-0.007842728455
130.0,2.5,0.0,0.0,0.0,0.0,0.0,0.0,0.280888476642,-0.00785701370173
130.0,3.0,0.0,0.0,0.0,0.0,0.0,0.0,0.280791043826,-0.00787126303416
130.0,3.5,0.0,0.0,0.0,0.0,0.0,0.0,0.280694064205,-0.00788547667417
130.0,4.0,0.0,0.0,0.0,0.0,0.0,0.0,0.28059753389,-0.0078996548416
130.0,4.5,0.0,0.0,0.0,0.0,0.0,0.0,0.280501449038,-0.00791379775427
130.0,5.0,0.0,0.0,0.0,0.0,0.0,0.0,0.280405805854,-0.00792790562798
130.0,5.5,0.0,0.0,0.0,0.0,0.0,0.0,0.280310600587,-0.00794197867657
130,6.0,2.1289945563151833,0.052020851723322055,16.89017294767216,False,0.10519172875509639,0.0,0.28021582953408813,-0.007956017111925272
130,6.5,2.889137541076195,0.07153584335507987,16.890172941371965,False,0.14274971800917133,0.0,0.28011951484604686,-0.007970314508816242
130,7.0,3.8483667133074744,0.09817476306446407,16.89017293694672,False,0.1901443788362845,0.0,0.28002288650298096,-0.007984689239185331
130,7.5,4.550113621872116,0.11805006693620641,16.89017293489322,False,0.2248170698685348,0.0,0.27992567057957507,-0.007999182562318815
130,8.0,5.676480949899474,0.15963974012286689,16.890172932602763,False,0.28046987841940635,0.0,0.27982812022467163,-0.008013757261260931
130,8.5,6.361359661859774,0.18775431074905372,16.890172931617453,False,0.3143091268500642,0.0,0.27972940789095563,-0.008028537787062971
130,9.0,6.601278697094412,0.19311842347247563,16.890172931367196,False,0.32616331313848146,0.0,0.2796300415110657,-0.008043449061501569
130,9.5,6.961150223676507,0.23653901661256993,16.625118228355586,False,0.2953203580471062,0.0,0.27953088105756907,-0.008058362340188103
130,10.0,7.283057668129772,0.28169880856452084,16.375918038784693,False,0.27272738278535397,0.0,0.2794304789228781,-0.008073495940552424
130,10.5,7.562711392158754,0.34184883107613373,16.049596696895048,False,0.24548571454725035,0.0,0.27932876577784177,-0.008088861690947658
130,11.0,7.420607044805816,0.34805807699926594,15.93043669831971,False,0.22970284781619038,0.0,0.2792251694561907,-0.00810454776323611
130,11.5,6.96206287637798,0.34729858103774996,15.752771337725068,False,0.2015716255655672,0.0,0.2791217337581422,-0.008120245686810393
130,12.0,12.888667001535559,0.7365606658407936,30.929774873040742,False,0.33776874941379764,0.0,0.27901871993530303,-0.008135915603927154
130,12.5,12.890747933404516,0.7988122423461579,30.552657359052784,False,0.3180633476477636,0.0,0.2789013235139311,-0.008153817272607963
130,13.0,12.898732874697847,0.8692233719143775,30.137346151046295,False,0.29900001868478243,0.0,0.2787819513881013,-0.008172068358532776
130,13.5,12.567609020395807,0.8303615325582665,30.218450860615505,False,0.2948085050725917,0.0,0.2786602908012138,-0.008190719438089316
130,14.0,12.239809762094225,0.8241321451851616,30.10807251944722,False,0.28252067090368604,0.0,0.27854048559042216,-0.008209135664945614
130,14.5,6.200358732518602,0.44358587624261386,14.890102103017542,False,0.13661807541205465,0.0,0.27842129432440427,-0.008227506495493538
130,15.0,3.980608057995876,0.2743963637421207,14.934582068810657,False,0.08880250873328807,0.0,0.27831691931279384,-0.008243633951583292
130,15.5,4.392991677434234,0.2602107225625071,15.305321553487136,False,0.10937535907268019,0.0,0.2782193366145263,-0.00825874597616853
130,16.0,4.3702369771695055,0.2665944246375366,15.24829072952625,False,0.10690045189315969,0.0,0.2781226609111573,-0.00827375009982325
130,16.5,4.055665318464918,0.2425864108446841,15.301467742885437,False,0.10085504711284185,0.0,0.2780261087007462,-0.008288767484444447
130,17.0,2.9725696208667003,0.17554109503259008,15.313605299752334,False,0.07420253186963023,0.0,0.2779308304834895,-0.008303618564032247
130,17.5,2.6815149392970383,0.16163167289449717,15.27904569267558,False,0.06621889296717645,0.0,0.27783845669100765,-0.008318047207348144
130,18.0,3.1888790736862145,0.1925896235002609,15.229109677567404,False,0.07754580863620503,0.0,0.2777469680186629,-0.00833236705005589
130.0,18.5,0.0,0.0,0.0,0.0,0.0,0.0,0.277654658983,-0.00834684507498
130,19.0,3.0623581756297025,0.18350789678294796,15.228049580337851,False,0.07444499937973942,0.0,0.27757001046453444,-0.008360147953832067
130.0,19.5,0.0,0.0,0.0,0.0,0.0,0.0,0.277478746874,-0.00837451872942
130.0,20.0,0.0,0.0,0.0,0.0,0.0,0.0,0.277394793763,-0.00838776436148
130.0,20.5,0.0,0.0,0.0,0.0,0.0,0.0,0.277311184368,-0.00840098057979
130.0,21.0,0.0,0.0,0.0,0.0,0.0,0.0,0.278020684214,-0.00828961215285
130.0,21.5,0.0,0.0,0.0,0.0,0.0,0.0,0.277934737164,-0.00830300900419
130.0,22.0,0.0,0.0,0.0,0.0,0.0,0.0,0.277849162469,-0.00831637345188
130.0,22.5,0.0,0.0,0.0,0.0,0.0,0.0,0.277763956894,-0.00832970572525
130.0,23.0,0.0,0.0,0.0,0.0,0.0,0.0,0.27767911725,-0.00834300605049
130.0,23.5,0.0,0.0,0.0,0.0,0.0,0.0,0.277594640391,-0.00835627465081
130.0,24.0,0.0,0.0,0.0,0.0,0.0,0.0,0.277510523215,-0.00836951174641
131.0,0.5,0.0,0.0,0.0,0.0,0.0,0.0,0.27742676266,-0.00838271755464
131.0,1.0,0.0,0.0,0.0,0.0,0.0,0.0,0.277343355709,-0.00839589228997
131.0,1.5,0.0,0.0,0.0,0.0,0.0,0.0,0.277260299384,-0.00840903616412
131.0,2.0,0.0,0.0,0.0,0.0,0.0,0.0,0.277177590747,-0.00842214938606
131.0,2.5,0.0,0.0,0.0,0.0,0.0,0.0,0.277095226899,-0.0084352321621
131.0,3.0,0.0,0.0,0.0,0.0,0.0,0.0,0.27701320498,-0.00844828469595
131.0,3.5,0.0,0.0,0.0,0.0,0.0,0.0,0.276931522166,-0.00846130718874
131.0,4.0,0.0,0.0,0.0,0.0,0.0,0.0,0.276850175672,-0.00847429983911
131.0,4.5,0.0,0.0,0.0,0.0,0.0,0.0,0.276769162749,-0.0084872628432
131.0,5.0,0.0,0.0,0.0,0.0,0.0,0.0,0.276688480682,-0.00850019639478
131.0,5.5,0.0,0.0,0.0,0.0,0.0,0.0,0.276608126792,-0.00851310068524
131.0,6.0,0.0,0.0,0.0,0.0,0.0,0.0,0.276528098435,-0.00852597590363
131,6.5,2.75069244381518,0.09497832530417111,16.353744184371184,False,0.10194051235433454,0.0,0.2764483929979589,-0.008538822236739302
131,7.0,2.5695670223659484,0.09224093666058183,16.27093476243465,False,0.09169030822424834,0.0,0.27636540348136757,-0.008552222388299294
131,7.5,2.3633418874604804,0.08012927295970304,16.359759920572163,False,0.08783150433171379,0.0,0.2762828356453341,-0.008565579324288466
131,8.0,4.387644538415065,0.14999977282245064,16.402545210777138,False,0.1663891844519072,0.0,0.2762010427290638,-0.0085788354157012
131,8.5,6.357695129627486,0.2869017691253545,16.014343965775392,False,0.20344402228246544,0.0,0.2761169110308251,-0.008592496060676875
131,9.0,5.8060878707036006,0.3038479742096507,15.601974695673817,False,0.15935573436100747,0.0,0.2760278942566346,-0.008606978134576705
131,9.5,6.398322492961698,0.3720724188749683,15.38174262746911,False,0.16320762058618202,0.0,0.2759385423006901,-0.008621543995034937
131,10.0,5.270671256726922,0.3013739182762623,15.376591723822013,False,0.13422191679816423,0.0,0.27584690676407153,-0.008636512633352633
131,10.5,4.863394870523836,0.28052346415469703,15.349348145972932,False,0.12277936407074803,0.0,0.27575825740222537,-0.008651022957204149
131,11.0,5.211579716752844,0.30827786860622175,15.29433062848421,False,0.12931143206619133,0.0,0.2756707001496827,-0.008665383043398934
131,11.5,6.399254105796602,0.3877234663916057,15.269822980420264,False,0.15757571905697076,0.0,0.2755823881479929,-0.008679895692846462
131,12.0,4.550904316044939,0.2713457409887207,15.26928187674595,False,0.11204304409602708,0.0,0.27549135744007647,-0.008694885438519762
131,12.5,7.21290413138508,0.44152208340309296,15.29378268001483,False,0.178938366973745,0.0,0.2754050372592799,-0.008709128014806446
131,13.0,12.334127290390644,0.8422060658142219,15.028911591903116,False,0.28263700194391705,0.0,0.2753125506682453,-0.008724418888433701
131,13.5,6.51232672018213,0.4390782380641832,15.027471662570266,False,0.14916833665393656,0.0,0.2752051477149272,-0.008742216054915524
131,14.0,5.9301085739053185,0.350248945875438,15.32916241711592,False,0.1487561440935949,0.0,0.2751133308434632,-0.008757464840041465
131,14.5,4.164421767280388,0.2394146583492395,15.353297447076601,False,0.10526531105748663,0.0,0.275025170292753,-0.008772136221725716
131,15.0,3.3689655799752853,0.1967408090985654,15.315820203888798,False,0.08415603249667365,0.0,0.2749414990284876,-0.008786087605340196
131,15.5,4.100347300038615,0.23983100094995893,15.324705005525727,False,0.10271238812293634,0.0,0.27485972826728255,-0.008799747648706656
131,16.0,4.756176891157703,0.29131679045969755,15.249361901568792,False,0.1163792732492589,0.0,0.2747766011940536,-0.008813660213194751
131,16.5,3.2906040016591604,0.20157921413944596,15.219588196442647,False,0.07978725361855672,0.0,0.27469179714593606,-0.008827880459209344
131,17.0,3.1025606163475303,0.1833330919149586,15.31194575271598,False,0.07740710640343505,0.0,0.2746106735154507,-0.008841509149302058
131,17.5,3.9171373351409358,0.24366212566886128,15.170074140119123,False,0.09356652405710904,0.0,0.27453051520152466,-0.008855000297455154
131.0,18.0,0.0,0.0,0.0,0.0,0.0,0.0,0.2744483383,-0.00886885665643
131.0,18.5,0.0,0.0,0.0,0.0,0.0,0.0,0.274375677299,-0.00888113000461
131.0,19.0,0.0,0.0,0.0,0.0,0.0,0.0,0.274303283298,-0.00889337838399
131.0,19.5,0.0,0.0,0.0,0.0,0.0,0.0,0.274231154381,-0.00890560193528
131.0,20.0,0.0,0.0,0.0,0.0,0.0,0.0,0.274159288653,-0.00891780079777
131.0,20.5,0.0,0.0,0.0,0.0,0.0,0.0,0.274087684239,-0.00892997510937
131.0,21.0,0.0,0.0,0.0,0.0,0.0,0.0,0.274016339288,-0.00894212500658
131.0,21.5,0.0,0.0,0.0,0.0,0.0,0.0,0.273945251967,-0.00895425062458
131.0,22.0,0.0,0.0,0.0,0.0,0.0,0.0,0.273874420462,-0.00896635209718
131.0,22.5,0.0,0.0,0.0,0.0,0.0,0.0,0.273803842979,-0.0089784295569
131.0,23.0,0.0,0.0,0.0,0.0,0.0,0.0,0.273733517746,-0.00899048313493
131.0,23.5,0.0,0.0,0.0,0.0,0.0,0.0,0.273663443007,-0.00900251296123
131.0,24.0,0.0,0.0,0.0,0.0,0.0,0.0,0.273593617026,-0.00901451916447
132.0,0.5,0.0,0.0,0.0,0.0,0.0,0.0,0.273524038085,-0.0090265018721
132.0,1.0,0.0,0.0,0.0,0.0,0.0,0.0,0.273454704485,-0.00903846121032
132.0,1.5,0.0,0.0,0.0,0.0,0.0,0.0,0.273385614543,-0.00905039730417
132.0,2.0,0.0,0.0,0.0,0.0,0.0,0.0,0.273316766597,-0.00906231027749
132.0,2.5,0.0,0.0,0.0,0.0,0.0,0.0,0.273248158998,-0.00907420025294
132.0,3.0,0.0,0.0,0.0,0.0,0.0,0.0,0.273179790118,-0.00908606735204
132.0,3.5,0.0,0.0,0.0,0.0,0.0,0.0,0.273111658345,-0.00909791169519
132.0,4.0,0.0,0.0,0.0,0.0,0.0,0.0,0.273043762082,-0.00910973340167
132.0,4.5,0.0,0.0,0.0,0.0,0.0,0.0,0.272976099749,-0.00912153258963
132.0,5.0,0.0,0.0,0.0,0.0,0.0,0.0,0.272908669784,-0.00913330937618
132.0,5.5,0.0,0.0,0.0,0.0,0.0,0.0,0.272841470639,-0.00914506387734
132.0,6.0,0.0,0.0,0.0,0.0,0.0,0.0,0.272774500782,-0.00915679620806
132.0,6.5,0.0,0.0,0.0,0.0,0.0,0.0,0.272707758697,-0.00916850648228
132.0,7.0,0.0,0.0,0.0,0.0,0.0,0.0,0.272641242883,-0.0091801948129
132,7.5,3.4339529297146014,0.10948599595299861,16.469082617782547,False,0.13448948958697324,0.0,0.2725749518540638,-0.009191861311806066
132,8.0,4.691136804027861,0.17222875179665414,16.291950572020856,False,0.1689878857202173,0.0,0.27250472915154106,-0.009204239015406368
132,8.5,4.342160566186626,0.17619759789769324,16.067085253773442,False,0.14195975875503491,0.0,0.27243234722240256,-0.009217018102203128
132,9.0,3.6914045685329278,0.15185334681993753,16.018405560329796,False,0.11831698695679552,0.0,0.27236003509157736,-0.009229805980610862
132,9.5,4.40839929811434,0.18543166372775852,15.983789097722491,False,0.13935422782212892,0.0,0.2722888658119538,-0.00924241240008061
132,10.0,4.633380336944879,0.2184747640872955,15.756968466733312,False,0.1343548706814065,0.0,0.27221663981137223,-0.009255226979571443
132,10.5,3.95669056018657,0.19669445723275036,15.63902203546192,False,0.1100028246274776,0.0,0.272143376001471,-0.009268247324391257
132,11.0,5.707410593973045,0.2916352970735477,15.616834709254109,False,0.1574547769079261,0.0,0.2720711535416237,-0.009281103968702811
132,11.5,4.754135404118316,0.24233114448328258,15.59619217037297,False,0.13022367250178543,0.0,0.27199554149761407,-0.009294586783285914
132,12.0,3.8580377937523544,0.20071461426712586,15.542443480744904,False,0.10375754504470104,0.0,0.27192201260019944,-0.00930772052737574
132,12.5,5.901463157917574,0.3562340938441619,15.248290717224188,False,0.14435580535058767,0.0,0.2718502737582766,-0.009320555848082198
132,13.0,5.6718037919952415,0.37637701348815517,15.020764264177437,False,0.12966525165395804,0.0,0.271772842337049,-0.00933443334264468
132,13.5,13.369763779346792,1.0349435128732434,29.445396550621684,False,0.28153236050490216,0.0,0.27169485454956144,-0.009348435442676514
132,14.0,13.627277240765672,1.2229764074799643,28.72126091372394,False,0.26185517179615525,0.0,0.2715920809456251,-0.009366925882037087
132,14.5,13.05662214678405,1.2313095731136898,28.34093021481882,False,0.23986995610092665,0.0,0.2714823769560935,-0.009386711299808956
132,15.0,12.409124847991606,1.2135645933247208,28.101453608221725,False,0.22183922735872147,0.0,0.271372560893343,-0.00940656682083333
132,15.5,5.58047143874844,0.5643368598869501,13.945132318281141,False,0.097449897552258,0.0,0.27126362115060526,-0.009426313361012621
132,16.0,9.89009548383475,1.076052575427989,27.442538822351437,False,0.16461681644182358,0.0,0.27117952120708183,-0.009441591198518316
132,16.5,9.57598808753043,1.0350693301301193,27.46969407072855,False,0.159842775249046,0.0,0.2710762020707947,-0.009460400855984593
132,17.0,8.695615743122776,0.9702359667494729,27.295681887813522,False,0.14254486286001342,0.0,0.27097463740348354,-0.009478934638346875
132,17.5,4.062643678085309,0.43729353889176403,13.730312438010596,False,0.06774933878541925,0.0,0.2708757310917771,-0.009497024909617534
132,18.0,3.834021399716204,0.4046715613274968,13.766297187353965,False,0.06442283050974677,0.0,0.2707972466380205,-0.009511409236980932
132.0,18.5,0.0,0.0,0.0,0.0,0.0,0.0,0.270720195705,-0.00952555609256
132.0,19.0,0.0,0.0,0.0,0.0,0.0,0.0,0.270658696365,-0.00953686560768
132.0,19.5,0.0,0.0,0.0,0.0,0.0,0.0,0.270597390174,-0.00954815553036
132.0,20.0,0.0,0.0,0.0,0.0,0.0,0.0,0.270536275962,-0.00955942595191
132.0,20.5,0.0,0.0,0.0,0.0,0.0,0.0,0.270475352571,-0.00957067696291
132.0,21.0,0.0,0.0,0.0,0.0,0.0,0.0,0.270414618854,-0.00958190865324
132.0,21.5,0.0,0.0,0.0,0.0,0.0,0.0,0.270354073674,-0.00959312111204
132.0,22.0,0.0,0.0,0.0,0.0,0.0,0.0,0.270293715904,-0.00960431442777
132.0,22.5,0.0,0.0,0.0,0.0,0.0,0.0,0.270233544426,-0.00961548868818
132.0,23.0,0.0,0.0,0.0,0.0,0.0,0.0,0.270173558135,-0.00962664398035
132.0,23.5,0.0,0.0,0.0,0.0,0.0,0.0,0.270113755932,-0.00963778039067
132.0,24.0,0.0,0.0,0.0,0.0,0.0,0.0,0.270054136732,-0.00964889800486
133.0,0.5,0.0,0.0,0.0,0.0,0.0,0.0,0.269994699456,-0.009659996908
133.0,1.0,0.0,0.0,0.0,0.0,0.0,0.0,0.269935443037,-0.00967107718449
133.0,1.5,0.0,0.0,0.0,0.0,0.0,0.0,0.269876366415,-0.00968213891809
133.0,2.0,0.0,0.0,0.0,0.0,0.0,0.0,0.269817468543,-0.00969318219192
133.0,2.5,0.0,0.0,0.0,0.0,0.0,0.0,0.269758748379,-0.00970420708849
133.0,3.0,0.0,0.0,0.0,0.0,0.0,0.0,0.269700204893,-0.00971521368964
133.0,3.5,0.0,0.0,0.0,0.0,0.0,0.0,0.269641837062,-0.00972620207664
133.0,4.0,0.0,0.0,0.0,0.0,0.0,0.0,0.269583643874,-0.00973717233013
133.0,4.5,0.0,0.0,0.0,0.0,0.0,0.0,0.269525624324,-0.00974812453012
133.0,5.0,0.0,0.0,0.0,0.0,0.0,0.0,0.269467777417,-0.00975905875607
133,5.5,2.1447319551227553,0.053855314670186644,16.89017294655651,False,0.10596929964261528,0.0,0.26941010216458533,-0.00976997508681224
133,6.0,8.052936784547011,0.20291087260766363,33.78034587546844,False,0.39788844899075415,0.0,0.2693505537826631,-0.009781261218067735
133,6.5,10.49680599489497,0.28441664001930983,33.78034586735015,False,0.5186378545377527,0.0,0.26928551845618226,-0.009793605034777636
133,7.0,11.91662522932153,0.43562930438379804,32.86350719387652,False,0.4582867170160344,0.0,0.26921755873416797,-0.00980652374315905
133,7.5,12.77698866072282,0.7473321707273382,30.855110328023315,False,0.33077347853412764,0.0,0.26914402828952066,-0.00982052428578052
133,8.0,13.435685643103444,1.0293801050117057,29.561464726907047,False,0.2873350909060285,0.0,0.26905883558141636,-0.00983677517029535
133,8.5,13.790994975893618,1.340002035054675,28.25484404194179,False,0.252825407347442,0.0,0.26896310507515003,-0.00985507443270874
133,9.0,13.968913793808454,1.5151239780774386,27.650036624381155,False,0.23938804708840172,0.0,0.26885575145906304,-0.00987564376628734
133,9.5,14.022772915838306,1.6454927976875937,27.222686923218276,False,0.2297358922601354,0.0,0.26874191602857334,-0.00989751094219406
133,10.0,14.201244027331722,1.891407783949703,26.447607167331654,False,0.2155610210068044,0.0,0.26862329624796155,-0.00992035857309133
133,10.5,13.883725031570378,2.0036607412958127,25.9941403534084,False,0.2019921371005188,0.0,0.2684955062392459,-0.009945042855161311
133,11.0,14.655598356201079,2.0995062163887503,25.95696526921747,False,0.21244848138626737,0.0,0.26836361757029326,-0.009970595624686496
133,11.5,14.144052541913641,2.0594460989953904,25.942379996054694,False,0.2047769942158822,0.0,0.2682282520123541,-0.009996903413447923
133,12.0,14.570434089608032,2.132638559011543,25.86530083915042,False,0.20948721288929298,0.0,0.26809456629123524,-0.010022965943750538
133,12.5,14.679773001197045,2.1883855892932034,25.7060491857287,False,0.20805585521269387,0.0,0.26795826160018565,-0.0100496224464943
133,13.0,14.551464709343641,2.243550330063455,25.496990888404987,False,0.20250009440904507,0.0,0.26781999912236343,-0.01007674816722433
133,13.5,14.152962813906084,2.2782003878738037,25.258464344008615,False,0.19286912664504008,0.0,0.267679800092738,-0.010104342945193814
133,14.0,14.090507364505708,2.30664632147468,25.158292726738114,False,0.18929039087569766,0.0,0.26753844219761075,-0.010132257022052149
133,14.5,12.549670608676097,2.1756272348875014,24.860972516886253,False,0.16530423731412694,0.0,0.2673961600568251,-0.010160446443726918
133,15.0,11.945788807860296,2.138165564343093,24.63651293543812,False,0.15444460591326112,0.0,0.26725900455137247,-0.010187708655925429
133,15.5,12.010170132194396,2.2256088205804136,24.415507475593017,False,0.15247025310775825,0.0,0.2671234243910785,-0.01021474344102054
133,16.0,11.610517995706369,2.093673087130806,24.542764747113257,False,0.14826757546821412,0.0,0.2669846786653746,-0.010242497984364336
133,16.5,10.528420115893894,1.8715853928053365,24.585488345233458,False,0.13491176398589133,0.0,0.266851092035997,-0.010269305449809836
133,17.0,9.53788415918659,1.6514435555554454,24.754702672539636,False,0.12390789041623645,0.0,0.26672608502058026,-0.010294466950929204
133,17.5,7.543358417820583,1.2734690077184996,24.889755996203533,False,0.09908960579060913,0.0,0.2666095830431109,-0.010317982705591658
133,18.0,5.592387219965641,0.9275156256639636,25.002641223477386,False,0.07415284765366652,0.0,0.26650757512838125,-0.010338625424892429
133,18.5,1.5189609750304043,0.2450550841299008,12.577661311757184,False,0.02040044362680528,0.0,0.2664188453671474,-0.010356621151530037
133,19.0,1.4429412887061455,0.22384068170662416,12.69335766162704,False,0.01976559165990993,0.0,0.26635616349019126,-0.01036935647400052
133.0,19.5,0.0,0.0,0.0,0.0,0.0,0.0,0.266294434549,-0.0103819164245
133.0,20.0,0.0,0.0,0.0,0.0,0.0,0.0,0.266241347512,-0.0103927325115
133.0,20.5,0.0,0.0,0.0,0.0,0.0,0.0,0.266188406954,-0.0104035321277
133.0,21.0,0.0,0.0,0.0,0.0,0.0,0.0,0.266135612194,-0.0104143153204
133.0,21.5,0.0,0.0,0.0,0.0,0.0,0.0,0.266082962554,-0.0104250821372
133.0,22.0,0.0,0.0,0.0,0.0,0.0,0.0,0.266030457361,-0.0104358326254
133.0,22.5,0.0,0.0,0.0,0.0,0.0,0.0,0.265978095942,-0.0104465668329
133.0,23.0,0.0,0.0,0.0,0.0,0.0,0.0,0.265925877629,-0.0104572848071
133.0,23.5,0.0,0.0,0.0,0.0,0.0,0.0,0.265873801756,-0.0104679865958
133.0,24.0,0.0,0.0,0.0,0.0,0.0,0.0,0.265821867661,-0.0104786722469
134.0,0.5,0.0,0.0,0.0,0.0,0.0,0.0,0.265770074686,-0.0104893418081
134.0,1.0,0.0,0.0,0.0,0.0,0.0,0.0,0.265718422174,-0.0104999953274
134.0,1.5,0.0,0.0,0.0,0.0,0.0,0.0,0.265666909472,-0.0105106328525
134.0,2.0,0.0,0.0,0.0,0.0,0.0,0.0,0.26561553593,-0.0105212544313
134.0,2.5,0.0,0.0,0.0,0.0,0.0,0.0,0.267945711772,-0.0100520810047
134.0,3.0,0.0,0.0,0.0,0.0,0.0,0.0,0.271062817486,-0.00946284083785
134.0,3.5,0.0,0.0,0.0,0.0,0.0,0.0,0.27099691074,-0.00947486644184
134.0,4.0,0.0,0.0,0.0,0.0,0.0,0.0,0.270931278892,-0.00948685998593
134.0,4.5,0.0,0.0,0.0,0.0,0.0,0.0,0.270865919223,-0.0094988217727
134.0,5.0,0.0,0.0,0.0,0.0,0.0,0.0,0.270800829059,-0.00951075209963
134.0,5.5,0.0,0.0,0.0,0.0,0.0,0.0,0.270736005769,-0.00952265125922
134,6.0,3.1022792701531676,0.21704369364290255,14.915857419251225,False,0.06884650091929312,0.0,0.2706714467664734,-0.009534519539089722
134.0,6.5,0.0,0.0,0.0,0.0,0.0,0.0,0.271392330161,-0.00940298870667
134.0,7.0,0.0,0.0,0.0,0.0,0.0,0.0,0.272912516282,-0.00913263709006
134,7.5,2.4495241984734895,0.0762646472577798,16.512928971681788,False,0.09805158198411743,0.0,0.2728413982367764,-0.009145076551623763
134,8.0,4.770179056374107,0.14572162184811469,16.595348520228416,False,0.19920738231297586,0.0,0.2751470319555243,-0.008751864139964916
134,8.5,5.24884847178577,0.16227040663952824,16.588296241367768,False,0.21838847088526095,0.029606437472132124,0.2766487623561949,-0.00850657197385949
134,9.0,5.410283645191788,0.17934247914107856,16.466924127566017,False,0.21166678536022906,0.02984843663654667,0.2765576127034281,-0.008521224854940071
134,9.5,12.415085817976916,0.536791649984574,32.058022954296135,False,0.3996366074486179,0.09167325653448517,0.2764663144516902,-0.00853593178068278
134,10.0,13.741026517735552,0.7728049401074224,31.037806198900988,False,0.36663114093580484,0.1353010629762473,0.27635960532311127,-0.00855315954140994
134,10.5,13.560414838604014,0.9250279636079826,30.045356789545707,False,0.3101804213594753,0.10155448462360818,0.2762427766610792,-0.008572068589755826
134,11.0,12.990611228853226,0.9890663409936165,29.45203944262795,False,0.27378914382046515,0.07083127633930379,0.27612193713280886,-0.008591679234095572
134,11.5,6.854475517686403,0.5204874328727188,14.713590777082427,False,0.14399020328612197,0.029437011944246205,0.27600031126944596,-0.008611471491221006
134,12.0,13.284015339220275,1.1355903339878282,28.85391893473055,False,0.259416084751011,0.05423486642086444,0.2758985096827522,-0.00862807950620793
134,12.5,6.472308030781765,0.5398886099006746,14.46419789941067,False,0.1275603141102486,0.10154851153934003,0.27815117285244434,-0.008269321656141883
134,13.0,13.288501318193045,0.633029543097934,31.77691254385787,False,0.4047295998643841,0.6361121709632542,0.2812073947845231,-0.00781058709635235
134,13.5,14.160921872887219,0.8476019869349187,30.857458548917307,False,0.3667411919532997,0.8450617302801491,0.2810573303650482,-0.007832391936792133
134,14.0,11.956210362138723,0.8623822248813529,29.693977968050994,False,0.26033276421100016,0.35662362294291333,0.2808920011432378,-0.007856498827493648
134,14.5,6.53650475578812,0.44307210721871176,15.019329681621077,False,0.14937191764266566,0.29806745626555003,0.2815376330835466,-0.007762856600559532
134,15.0,13.29579393511604,0.9440223533774584,30.003440572647136,False,0.3023054723211356,0.9278712628713083,0.2814064207874543,-0.007781779447514829
134,15.5,12.34550413839279,1.1158632647948257,28.675179050970314,False,0.2372162075373551,0.9313523741699284,0.2812331218405053,-0.007806856139320437
134,16.0,11.86062542348291,1.097055303771975,28.545116164620502,False,0.22438782887465458,0.8139279113309347,0.28105397755583833,-0.007832879938432097
134,16.5,11.10691762452565,1.1172214237018352,28.02434747741294,False,0.19685378875685916,0.5636667688411023,0.28088079470065036,-0.007858136051807988
134,17.0,10.120352313129997,1.2217534913964885,26.911473983471943,False,0.15958209781986968,0.3595332621647011,0.2807171191978395,-0.007882094892573112
134,17.5,11.233033441553669,1.395757783743489,26.753796525538892,False,0.17440154661052532,0.4875315289017521,0.2805579831909318,-0.007905472734782771
134,18.0,10.260628018315973,1.342635937945793,26.40864690004483,False,0.15411281373859637,0.3284857860275063,0.28038813070070656,-0.007930516085684895
134,18.5,7.4621591688274265,0.8917073911852642,26.90673334642323,False,0.11761128872123186,0.13618916970711215,0.28022705981228785,-0.007954352027601422
134,19.0,5.065653131360818,0.57827976238071,13.569163430617554,False,0.08171487128119673,0.0608930147993895,0.2800911149547646,-0.007974536162512931
134.0,19.5,0.0,0.0,0.0,0.0,0.0,0.0,0.279970624073,-0.00799247683048
134.0,20.0,0.0,0.0,0.0,0.0,0.0,0.0,0.279875078375,-0.00800673744223
134.0,20.5,0.0,0.0,0.0,0.0,0.0,0.0,0.279780208378,-0.00802092720842
134.0,21.0,0.0,0.0,0.0,0.0,0.0,0.0,0.279686001563,-0.00803504744115
134.0,21.5,0.0,0.0,0.0,0.0,0.0,0.0,0.279592445783,-0.00804909941349
134.0,22.0,0.0,0.0,0.0,0.0,0.0,0.0,0.279499529256,-0.00806308436096
134.0,22.5,0.0,0.0,0.0,0.0,0.0,0.0,0.279407240542,-0.00807700348302
134.0,23.0,0.0,0.0,0.0,0.0,0.0,0.0,0.279315568533,-0.00809085794439
134.0,23.5,0.0,0.0,0.0,0.0,0.0,0.0,0.279224502444,-0.00810464887642
134.0,24.0,0.0,0.0,0.0,0.0,0.0,0.0,0.279134031795,-0.00811837737832
135.0,0.5,0.0,0.0,0.0,0.0,0.0,0.0,0.2790441464,-0.00813204451834
135.0,1.0,0.0,0.0,0.0,0.0,0.0,0.0,0.278954836361,-0.00814565133496
135.0,1.5,0.0,0.0,0.0,0.0,0.0,0.0,0.278866092051,-0.00815919883792
135.0,2.0,0.0,0.0,0.0,0.0,0.0,0.0,0.278777904108,-0.0081726880093
135.0,2.5,0.0,0.0,0.0,0.0,0.0,0.0,0.278690263426,-0.0081861198045
135.0,3.0,0.0,0.0,0.0,0.0,0.0,0.0,0.27860316114,-0.00819949515319
135.0,3.5,0.0,0.0,0.0,0.0,0.0,0.0,0.278516588624,-0.00821281496022
135.0,4.0,0.0,0.0,0.0,0.0,0.0,0.0,0.278430537479,-0.00822608010649
135.0,4.5,0.0,0.0,0.0,0.0,0.0,0.0,0.278344999526,-0.00823929144981
135.0,5.0,0.0,0.0,0.0,0.0,0.0,0.0,0.278259966798,-0.00825244982562
135,5.5,2.2069392959753267,0.09895892235224667,15.882433368375262,False,0.06706237063345812,0.040683328638588596,0.2781754315323579,-0.008265556047853485
135,6.0,8.697686342270517,0.4220872077210638,31.426754473953892,False,0.2482629004078218,0.11954657767904055,0.2780860867473156,-0.008279434896938168
135,6.5,4.059741682427155,0.2049031312067457,15.656833147532454,False,0.11357488794228464,0.08550988587685909,0.27798196892719007,-0.008295643642605086
135,7.0,4.302629103029424,0.2187747065894746,15.619431238942843,False,0.11880697206191893,0.06437810336410761,0.27788786025590045,-0.008310326734444545
135,7.5,5.143525581058473,0.27658850950689573,15.519518845718087,False,0.13726530785679478,0.10372622415828384,0.2777944954311465,-0.008324924378145946
135,8.0,12.259469538835454,0.7071463481082467,30.77036856232862,False,0.3130585621192819,0.26388052401937706,0.2776979047992215,-0.008340058543331072
135,8.5,13.203865524270428,0.8643118743830742,30.251553591023082,False,0.31125300273654055,0.3694432729974284,0.2775793514820637,-0.008358678733387548
135,9.0,13.583618695194247,0.9671756850370857,29.83808472866,False,0.3017189333839697,0.3783110213275005,0.27745127593910024,-0.008378850188171565
135,9.5,14.022049032393905,1.1561129123710512,29.12015490176983,False,0.28509573844758374,0.5298848943672181,0.27731940213244244,-0.008399680490897997
135,10.0,14.078638709458602,1.3607629732057922,28.184247545536707,False,0.2540490276466284,0.3474271890093475,0.2771750416854454,-0.00842255391951738
135,10.5,13.132785938451127,1.2687864862966238,28.12293392556871,False,0.23534429341830929,0.21110416390064843,0.2770302687195557,-0.008445567281482406
135,11.0,14.252771350079511,1.5127438518357568,27.649332527917537,False,0.24247834798519413,0.2892529360215656,0.2768945834710689,-0.008467204087918751
135,11.5,14.490576332362256,1.640510862111093,27.29516729272152,False,0.23752748200064502,0.28618332021653475,0.27674709229327604,-0.008490798465318078
135,12.0,14.509588918109058,1.7830042239835526,26.815684163638153,False,0.22664153771231804,0.253111491193896,0.2765952811901904,-0.008515165765225978
135,12.5,14.553465684546946,1.9322290399908766,26.362333131564398,False,0.21763878828338362,0.22215021886139624,0.27643972436078684,-0.008540220773631492
135,13.0,14.234793270760242,2.0155829781861914,25.99835693884694,False,0.2070488839861037,0.23767258148944373,0.27628008085658023,-0.00856602539266697
135,13.5,13.34901988310408,1.9468352051296964,25.87697993902461,False,0.19196104400180267,0.18686873019032807,0.27611708114858263,-0.008592468412151165
135,14.0,13.924552400296802,2.028900860865776,25.808476779629665,False,0.19903706528663284,0.07667127722598376,0.2759590094086447,-0.008618204923139174
135,14.5,13.207388835076102,2.0188329083564374,25.59218819100021,False,0.18516702062837972,0.012251966182777574,0.27580239121578426,-0.008643795409121009
135,15.0,12.777771184978914,1.9627545214418443,25.526467275972365,False,0.17801656433214907,0.0,0.27564898082454903,-0.008668949580751041
135,15.5,12.71636394093897,1.9790090465938655,25.441061664406877,False,0.17584646220718161,0.0,0.27549853975436456,-0.008693701628832902
135,16.0,11.426961404771147,1.7412751425603117,25.51017131453966,False,0.15891731171791468,0.0,0.27534785329102546,-0.008718578509177845
135,16.5,11.995776758582242,1.8461557166721787,25.454662442167283,False,0.16596371323304066,0.0,0.2752065556607887,-0.008741982472120298
135,17.0,11.285697678915996,1.7051771017042867,25.533524204786296,False,0.15713746921976846,0.0,0.2750616401377874,-0.00876606348425497
135,17.5,10.44297034990544,1.5336098297986887,25.7072739775732,False,0.14710976729500716,0.0,0.2749224326367799,-0.00878927044148249
135,18.0,9.39786421877167,1.3644688024578162,25.741374476087692,False,0.13278837147327066,0.0,0.2747900896590512,-0.008811400935662968
135,18.5,7.198349570696332,1.0058129525016792,25.93061781785522,False,0.10344888117695093,0.0,0.27466451488167726,-0.008832461057503089
135,19.0,4.1044049891183665,0.5413853397092356,13.114647954906815,False,0.06062089808281994,0.0,0.27455289622253365,-0.00885123096430638
135.0,19.5,0.0,0.0,0.0,0.0,0.0,0.0,0.274459243639,-0.00886701635329
135.0,20.0,0.0,0.0,0.0,0.0,0.0,0.0,0.274386473681,-0.00887930508184
135.0,20.5,0.0,0.0,0.0,0.0,0.0,0.0,0.274314036888,-0.00889155770633
135.0,21.0,0.0,0.0,0.0,0.0,0.0,0.0,0.274241929425,-0.0089037746377
135.0,21.5,0.0,0.0,0.0,0.0,0.0,0.0,0.274170147533,-0.00891595627858
135.0,22.0,0.0,0.0,0.0,0.0,0.0,0.0,0.274098687527,-0.00892810302353
135.0,22.5,0.0,0.0,0.0,0.0,0.0,0.0,0.27402754579,-0.00894021525923
135.0,23.0,0.0,0.0,0.0,0.0,0.0,0.0,0.273956718781,-0.00895229336471
135.0,23.5,0.0,0.0,0.0,0.0,0.0,0.0,0.27388620302,-0.00896433771154
135.0,24.0,0.0,0.0,0.0,0.0,0.0,0.0,0.273815995099,-0.00897634866403
136.0,0.5,0.0,0.0,0.0,0.0,0.0,0.0,0.27374609167,-0.00898832657944
136.0,1.0,0.0,0.0,0.0,0.0,0.0,0.0,0.273676489451,-0.00900027180814
136.0,1.5,0.0,0.0,0.0,0.0,0.0,0.0,0.273607185219,-0.0090121846938
136.0,2.0,0.0,0.0,0.0,0.0,0.0,0.0,0.273538175811,-0.00902406557355
136.0,2.5,0.0,0.0,0.0,0.0,0.0,0.0,0.273469458122,-0.00903591477816
136.0,3.0,0.0,0.0,0.0,0.0,0.0,0.0,0.273401029103,-0.00904773263222
136.0,3.5,0.0,0.0,0.0,0.0,0.0,0.0,0.273332885761,-0.00905951945425
136.0,4.0,0.0,0.0,0.0,0.0,0.0,0.0,0.273265025157,-0.00907127555688
136.0,4.5,0.0,0.0,0.0,0.0,0.0,0.0,0.273197444404,-0.009083001247
136.0,5.0,0.0,0.0,0.0,0.0,0.0,0.0,0.273130140663,-0.00909469682592
136,5.5,2.3462461266666246,0.07419317956183047,16.52409862875053,False,0.09444839198083016,0.0,0.27306311115068693,-0.009106362589443036
136,6.0,8.16737487021631,0.26603619143814916,32.9338482691289,False,0.31953259699183884,0.0,0.2729935374999801,-0.009118489994457229
136,6.5,11.138478717174744,0.5052487831885539,31.843918395614054,False,0.34365475546784213,0.0,0.2729169522157024,-0.009131861856349597
136,7.0,12.378241647867853,0.8515508244875594,29.99586523960148,False,0.28113875905679175,0.0,0.27283155498048567,-0.009146799853846805
136,7.5,13.208000185612239,1.2243190497938976,28.48054941258159,False,0.24662763456705838,0.0,0.27273327915610573,-0.009164026668361266
136,8.0,13.744167834760098,1.4569193116097863,27.70695279563374,False,0.23724378309701538,0.0,0.27262111779722975,-0.009183734742742302
136,8.5,14.143191457576009,1.6302052252433434,27.257861496630987,False,0.2329960606570931,0.0,0.27250038775895574,-0.009205004896340532
136,9.0,14.209316933804814,1.799909544945037,26.745039286398246,False,0.22226930695593697,0.0,0.2723733375478215,-0.009227451951324293
136,9.5,14.571052826734709,1.9802819381022971,26.304084147281635,False,0.21859934502450265,0.0,0.27224010065621623,-0.009251062157705133
136,10.0,14.445401021599015,2.1130837536195206,25.876726735080318,False,0.20824259786363164,0.0,0.27210026984245694,-0.00927591829041245
136,10.5,14.75682615496294,2.1575396936993827,25.858575286407145,False,0.21230220989157086,0.0,0.2719556480578507,-0.009301709814108917
136,11.0,14.675343984663536,2.22240074670532,25.66315429603379,False,0.20750664084271714,0.0,0.2718095857124275,-0.009327845016164172
136,11.5,13.86566024243622,2.2679829233962936,25.252680741770426,False,0.18910991810594857,0.0,0.2716613061591308,-0.009354466492295571
136,12.0,13.748207035484711,2.2753214391345495,25.170566357754044,False,0.18616293280850948,0.0,0.2715115387927986,-0.009381447027040616
136,12.5,13.810988059833853,2.380630328953359,24.93996950988428,False,0.18345395743788964,0.0,0.2713617327565805,-0.009408527333664289
136,13.0,13.476368986051824,2.3471418610224997,24.844680016731,False,0.17755742310437286,0.0,0.2712081679128422,-0.009436383844702197
136,13.5,13.23413544870908,2.4060228146670224,24.574277224379514,False,0.17057466460612647,0.0,0.2710561094814186,-0.00946406397512766
136,14.0,12.87283866891933,2.4079128776571066,24.400342443542094,False,0.16373194966533317,0.0,0.27090204994802064,-0.009492207095502216
136,14.5,12.532661677336725,2.419732110510599,24.179368264755297,False,0.1565678422283765,0.0,0.27074815004721786,-0.009520420668992599
136,15.0,12.066786231303233,2.3851344430811126,23.998259703018807,False,0.14857051310563862,0.0,0.2705940309326063,-0.009548774615869313
136,15.5,11.639849667094317,2.260222939782848,24.090532786906834,False,0.14440643991414479,0.0,0.2704414521194849,-0.009576944351899538
136,16.0,11.406047873728024,2.1934642036393006,24.127335287187808,False,0.14167720972209888,0.0,0.2702938390401567,-0.009604291576358587
136,16.5,10.270217354530988,1.916014474446869,24.271312456769728,False,0.1290531374229694,0.0,0.2701489828567894,-0.009631218550089063
136,17.0,10.684659697617029,2.0238772383296344,24.168205976383774,False,0.1331467697032487,0.0,0.27001487736777835,-0.009656227320632996
136,17.5,9.85419357236775,1.7284701934375115,24.652062477123998,False,0.12695298586716836,0.0,0.2698768980982281,-0.00968203929655098
136,18.0,8.734896089111015,1.4315793209913716,25.045044595664628,False,0.11623208663059612,0.0,0.26975034725939173,-0.009705785646639414
136,18.5,7.024162108592083,1.0576487820745812,25.53562069218162,False,0.0974675896191105,0.0,0.26963527933244086,-0.009727437566544735
136,19.0,4.04109525222975,0.5559958090221288,13.018877713041007,False,0.05864295596816365,0.0,0.2695346161656232,-0.00974642620277892
136.0,19.5,0.0,0.0,0.0,0.0,0.0,0.0,0.269453203042,-0.00976181590952
136.0,20.0,0.0,0.0,0.0,0.0,0.0,0.0,0.269393100518,-0.00977319580456
136.0,20.5,0.0,0.0,0.0,0.0,0.0,0.0,0.269333206855,-0.00978455188098
136.0,21.0,0.0,0.0,0.0,0.0,0.0,0.0,0.269273520353,-0.00979588432285
136.0,21.5,0.0,0.0,0.0,0.0,0.0,0.0,0.269214039333,-0.00980719331154
136.0,22.0,0.0,0.0,0.0,0.0,0.0,0.0,0.269154762143,-0.00981847902573
136.0,22.5,0.0,0.0,0.0,0.0,0.0,0.0,0.269095687153,-0.00982974164148
136.0,23.0,0.0,0.0,0.0,0.0,0.0,0.0,0.269036812754,-0.0098409813323
136.0,23.5,0.0,0.0,0.0,0.0,0.0,0.0,0.268978137363,-0.00985219826916
136.0,24.0,0.0,0.0,0.0,0.0,0.0,0.0,0.268919659415,-0.00986339262061
137.0,0.5,0.0,0.0,0.0,0.0,0.0,0.0,0.268861377369,-0.00987456455275
137.0,1.0,0.0,0.0,0.0,0.0,0.0,0.0,0.268803289704,-0.00988571422934
137.0,1.5,0.0,0.0,0.0,0.0,0.0,0.0,0.26874539492,-0.00989684181181
137.0,2.0,0.0,0.0,0.0,0.0,0.0,0.0,0.268687691536,-0.00990794745934
137.0,2.5,0.0,0.0,0.0,0.0,0.0,0.0,0.268630178094,-0.00991903132888
137.0,3.0,0.0,0.0,0.0,0.0,0.0,0.0,0.268572853151,-0.00993009357518
137.0,3.5,0.0,0.0,0.0,0.0,0.0,0.0,0.268515715286,-0.00994113435087
137.0,4.0,0.0,0.0,0.0,0.0,0.0,0.0,0.268458763096,-0.00995215380648
137.0,4.5,0.0,0.0,0.0,0.0,0.0,0.0,0.268401995197,-0.0099631520905
137.0,5.0,0.0,0.0,0.0,0.0,0.0,0.0,0.26834541022,-0.00997412934938
137,5.5,4.569655319926233,0.14577660810676704,16.477748127103244,False,0.17973574759514105,0.0,0.2682890068187926,-0.0099850857276058
137,6.0,9.637966577425386,0.44922452427429777,31.655355966930827,False,0.2868685183873888,0.0,0.26822725144500437,-0.0099970981776655
137,6.5,11.353450427960087,0.7419883495755887,30.217451966542903,False,0.2662877878064995,0.0,0.2681541591662221,-0.010011338102211062
137,7.0,12.346760410901785,1.0357501882452342,28.964627312137385,False,0.24443492353862573,0.0,0.2680701341450957,-0.01002773782732042
137,7.5,13.124306129812165,1.3624866374046924,27.825238325030757,False,0.22756099252402923,0.0,0.26797513722540117,-0.010046317577889426
137,8.0,13.596673149343207,1.5315691960086513,27.35106126437292,False,0.2241658066561905,0.0,0.2678679157567719,-0.010067337534726982
137,8.5,13.913362028252791,1.656696183615526,27.061496167282225,False,0.22432943363597807,0.0,0.26775445144653015,-0.01008963844583919
137,9.0,13.96877069450763,1.8706470759777583,26.415969901570847,False,0.21156106005907896,0.0,0.26763641117207976,-0.010112901239340812
137,9.5,14.112236346607157,1.97035757095407,26.181856231158584,False,0.20903462442495824,0.0,0.26751042285172266,-0.010137800934353024
137,10.0,14.429094759238378,2.0286231171249827,26.13848273802931,False,0.21283768376013998,0.0,0.267380820703732,-0.010163491105218607
137,10.5,14.720825404235205,2.102362366086915,26.031889126283094,False,0.21501328094353805,0.0,0.26724917638716844,-0.010189665530959497
137,11.0,13.95843151547714,2.09179905966817,25.807886715316002,False,0.19977009456400263,0.0,0.2671149015252413,-0.01021644576055225
137,11.5,13.87745921078836,2.204652082158928,25.457623549709517,False,0.19257087338584228,0.0,0.26698119426864286,-0.010243196155045093
137,12.0,13.828079410597006,2.3596186770426297,25.020365514936618,False,0.18496065966403483,0.0,0.26684336987015067,-0.010270857647888796
137,12.5,13.730715363457543,2.3545754589556345,24.97823379279567,False,0.18289818578315314,0.0,0.266699829040326,-0.010299761103607044
137,13.0,13.56824372544424,2.3835388193391953,24.815292491242303,False,0.17821805903788163,0.0,0.2665566430839974,-0.010328689706181438
137,13.5,13.430341015825027,2.3993105563391057,24.71102613451476,False,0.17486221513632447,0.0,0.2664125204158829,-0.010357905370964643
137,14.0,13.230019326397784,2.422510261730131,24.549955355226505,False,0.1699808412580144,0.0,0.26626796064130115,-0.010387308607927054
137,14.5,13.005881088963509,2.4080800682320267,24.47178795186919,False,0.16605146242373187,0.0,0.26612268087373697,-0.010416958539027346
137,15.0,12.595910690308987,2.3417840025098933,24.417223793921607,False,0.16002890350568896,0.0,0.2659781081903987,-0.010446564320304937
137,15.5,12.550307723461167,2.3159296512949896,24.462473174381195,False,0.15997143356419813,0.0,0.26583620994230184,-0.010475719965880776
137,16.0,12.211551271077095,2.18101860114142,24.642509040279922,False,0.15783055345974373,0.0,0.265695450430849,-0.010504737474702392
137,16.5,11.126579090255166,2.0019990610967846,24.555010561664815,False,0.14277013386393173,0.0,0.26555996743228233,-0.01053275772669865
137,17.0,10.27827850317694,1.7392393477550956,24.937502480526632,False,0.13554996175834105,0.0,0.26543143395857843,-0.010559423049451969
137,17.5,9.727445890550747,1.5164739916527865,25.4169010175179,False,0.13359503275630819,0.0,0.26531302705793547,-0.010584058736914885
137,18.0,7.672034663627985,1.133401978378449,25.710969132035896,False,0.10811106552201911,0.0,0.2652032280740899,-0.010606964682269755
137,18.5,5.565614934030078,0.7531448634880862,26.218202974028195,False,0.08211797847513722,0.0,0.26510811977729937,-0.01062685365192882
137,19.0,3.1684172854577457,0.3965328719149522,13.320891518655372,False,0.04866016993861539,0.0,0.2650275944951596,-0.010643727778107596
137.0,19.5,0.0,0.0,0.0,0.0,0.0,0.0,0.26496075406,-0.0106577584872
137.0,20.0,0.0,0.0,0.0,0.0,0.0,0.0,0.264909112638,-0.01066861381
137.0,20.5,0.0,0.0,0.0,0.0,0.0,0.0,0.264857621008,-0.0106794507647
137.0,21.0,0.0,0.0,0.0,0.0,0.0,0.0,0.264806278355,-0.0106902694269
137.0,21.5,0.0,0.0,0.0,0.0,0.0,0.0,0.264755083869,-0.0107010698722
137.0,22.0,0.0,0.0,0.0,0.0,0.0,0.0,0.264704036749,-0.0107118521754
137.0,22.5,0.0,0.0,0.0,0.0,0.0,0.0,0.264653136196,-0.0107226164112
137.0,23.0,0.0,0.0,0.0,0.0,0.0,0.0,0.264602381421,-0.0107333626538
137.0,23.5,0.0,0.0,0.0,0.0,0.0,0.0,0.264551771638,-0.0107440909771
137.0,24.0,0.0,0.0,0.0,0.0,0.0,0.0,0.264501306066,-0.0107548014545
138.0,0.5,0.0,0.0,0.0,0.0,0.0,0.0,0.264450983932,-0.0107654941592
138.0,1.0,0.0,0.0,0.0,0.0,0.0,0.0,0.264400804468,-0.0107761691638
138.0,1.5,0.0,0.0,0.0,0.0,0.0,0.0,0.264350766909,-0.0107868265408
138.0,2.0,0.0,0.0,0.0,0.0,0.0,0.0,0.2643008705,-0.010797466362
138.0,2.5,0.0,0.0,0.0,0.0,0.0,0.0,0.264251114488,-0.0108080886991
138.0,3.0,0.0,0.0,0.0,0.0,0.0,0.0,0.264201498126,-0.0108186936233
138.0,3.5,0.0,0.0,0.0,0.0,0.0,0.0,0.264152020673,-0.0108292812055
138.0,4.0,0.0,0.0,0.0,0.0,0.0,0.0,0.264102681394,-0.0108398515161
138.0,4.5,0.0,0.0,0.0,0.0,0.0,0.0,0.264053479559,-0.0108504046252
138.0,5.0,0.0,0.0,0.0,0.0,0.0,0.0,0.264004414442,-0.0108609406025
138,5.5,2.0018212172739274,0.10051106426480928,15.631814615046077,False,0.0555142307925759,0.0,0.2639554853222641,-0.010871459517563194
138,6.0,3.1793177887139725,0.16424802499594932,15.602618339364291,False,0.08727995118679904,0.0,0.2639028770966304,-0.010882782921518003
138,6.5,4.142730147945375,0.22291155690143583,15.53932922169302,False,0.11129682900187424,0.0,0.26384798463037057,-0.010894612969983153
138,7.0,4.88999040801949,0.27791570327434373,15.441691511028496,False,0.12717828993329877,0.0,0.2637909997556365,-0.010906910172926098
138,7.5,5.579140311292322,0.34400913596096,15.25902765592206,False,0.1369235728653805,0.0,0.26373206064724364,-0.01091964649751135
138,8.0,4.081161601078208,0.24781346818982264,15.213791608261477,False,0.09878134923540959,0.0,0.26367074577430943,-0.010932915018705058
138,8.5,3.396860013391857,0.20206228660022915,15.226989931849706,False,0.08254990340737584,0.0,0.2636132133126287,-0.010945382499337419
138,9.0,7.002994946956167,0.4659416730353668,15.120746816079992,False,0.16483496740120504,0.0,0.26355754821509125,-0.010957461442899776
138,9.5,7.081588247352923,0.5169576306669742,14.849630209856828,False,0.15430502695841544,0.0,0.2634919993415088,-0.010971705466635298
138,10.0,6.930531441480665,0.49725409846601987,14.865547761781034,False,0.1516749417788976,0.0,0.26342464417754574,-0.010986364992342162
138,10.5,7.7712762846838395,0.5613012278746783,14.890551215360649,False,0.17125281961999406,0.0,0.26335816585962607,-0.011000856565907149
138,11.0,15.65337879590967,1.4051949769826417,28.824688069154213,False,0.30735267769242314,0.0,0.2632893853958517,-0.011015873961421839
138,11.5,14.84726865115066,1.4367361495649924,28.247030984958258,False,0.26984068807427475,0.0,0.26318870699411584,-0.011037899960347007
138,12.0,15.415556786305284,1.620822191833199,27.77583318563255,False,0.2684383642809776,0.0,0.26308695874660215,-0.01106021334893057
138,12.5,8.107241679082048,0.8687589157753489,13.818292499755316,False,0.13773842331578706,0.0,0.2629783509447569,-0.011084090365084617
138,13.0,4.6383255930000145,0.4452901523255746,14.067627207880195,False,0.08323600199528304,0.0,0.26289840977696605,-0.011101704375064702
138,13.5,5.740593663038316,0.5581751211944035,14.041560922131795,False,0.10241421328672388,0.0,0.2628346644760221,-0.011115773737175285
138,14.0,5.755596753369554,0.48250179362148515,14.439666410536685,False,0.1127495731236527,0.0,0.2627667598290997,-0.011130784492826134
138,14.5,5.079847821221992,0.37188334744535595,14.776047725697348,False,0.10850077959062095,0.0,0.2627018510028991,-0.011145155585380335
138,15.0,13.408168232944309,1.0366636838626584,29.423052795202803,False,0.2815084589900555,0.0,0.26264126355707174,-0.011158589858563259
138,15.5,3.285341428447575,0.24707060629652047,14.69549166732151,False,0.06868600068983424,0.0,0.2625555705464979,-0.011177623837405781
138,16.0,2.845740001413515,0.19291022010348774,14.949776792600565,False,0.06375669829068613,0.0,0.2624999647718312,-0.01118999558931667
138,16.5,8.719992592317414,0.6647741305280656,29.355088051878283,False,0.18145121704745643,0.0,0.26244653600986295,-0.01120189834943365
138,17.0,8.588722642662441,0.9152775748640537,27.573366112804834,False,0.1449399786360532,0.0,0.26237532107945494,-0.01121778694127945
138,17.5,8.812863030885769,0.9306292694670077,27.635478258316446,False,0.14970891866947542,0.0,0.2622947200171022,-0.011235802054869317
138,18.0,7.59510407962528,0.804335261306113,27.621113083818592,False,0.1288245647763376,0.0,0.26221365624288234,-0.01125395536797625
138,18.5,5.390551877401834,0.5908137402918533,27.40446910291636,False,0.08936767696197917,0.0,0.2621375046327298,-0.011271040499352868
138,19.0,3.2568172981444388,0.4016169844891722,13.35429222274072,False,0.050342471465091486,0.0,0.26206957490055083,-0.011286307081339294
138.0,19.5,0.0,0.0,0.0,0.0,0.0,0.0,0.262008943362,-0.011299954275
138.0,20.0,0.0,0.0,0.0,0.0,0.0,0.0,0.261963670798,-0.0113101572308
138.0,20.5,0.0,0.0,0.0,0.0,0.0,0.0,0.261918515313,-0.0113203447366
138.0,21.0,0.0,0.0,0.0,0.0,0.0,0.0,0.261873476357,-0.0113305168451
138.0,21.5,0.0,0.0,0.0,0.0,0.0,0.0,0.261828553384,-0.0113406736088
138.0,22.0,0.0,0.0,0.0,0.0,0.0,0.0,0.261783745854,-0.01135081508
138.0,22.5,0.0,0.0,0.0,0.0,0.0,0.0,0.261739053225,-0.0113609413108
138.0,23.0,0.0,0.0,0.0,0.0,0.0,0.0,0.261694474961,-0.0113710523533
138.0,23.5,0.0,0.0,0.0,0.0,0.0,0.0,0.26165001053,-0.0113811482593
138.0,24.0,0.0,0.0,0.0,0.0,0.0,0.0,0.2616056594,-0.0113912290805
139.0,0.5,0.0,0.0,0.0,0.0,0.0,0.0,0.261561421046,-0.0114012948684
139.0,1.0,0.0,0.0,0.0,0.0,0.0,0.0,0.261517294942,-0.0114113456743
139.0,1.5,0.0,0.0,0.0,0.0,0.0,0.0,0.261473280568,-0.0114213815496
139.0,2.0,0.0,0.0,0.0,0.0,0.0,0.0,0.261429377406,-0.011431402545
139.0,2.5,0.0,0.0,0.0,0.0,0.0,0.0,0.261385584941,-0.0114414087117
139.0,3.0,0.0,0.0,0.0,0.0,0.0,0.0,0.261341902661,-0.0114514001001
139.0,3.5,0.0,0.0,0.0,0.0,0.0,0.0,0.261298330056,-0.0114613767609
139.0,4.0,0.0,0.0,0.0,0.0,0.0,0.0,0.261254866622,-0.0114713387443
139.0,4.5,0.0,0.0,0.0,0.0,0.0,0.0,0.261211511854,-0.0114812861006
139.0,5.0,0.0,0.0,0.0,0.0,0.0,0.0,0.261168265253,-0.0114912188798
139,5.5,2.113134290226826,0.07430106386782076,16.32597663797162,False,0.07731239931155964,0.0,0.2611251263217598,-0.01150113713152023
139,6.0,8.851496589515166,0.336043122851553,32.41901584445201,False,0.3073789882411037,0.0,0.26107927484396065,-0.011511690220162064
139,6.5,10.222981289704618,0.4638101831713901,31.75585922134055,False,0.31011265165909424,0.0,0.26102359695223715,-0.011524520452611212
139,7.0,12.18420230467316,0.6566931165532695,31.14647879632175,False,0.33112819849122077,0.0,0.2609631765026104,-0.01153846282613711
139,7.5,13.03146882957354,0.8497066110344204,30.346330710325866,False,0.3115648237539905,0.0,0.26089554186618075,-0.01155409376251412
139,8.0,13.567125149061368,1.0646502391911106,29.396961847625604,False,0.28611820214911315,0.0,0.26082068760703636,-0.0115714226370301
139,8.5,13.956035926153604,1.3210670493028072,28.38082110113011,False,0.2593874598822903,0.0,0.2607377810006258,-0.011590651797348214
139,9.0,14.12301185156565,1.3403440307437402,28.291501773488093,False,0.25798848107423666,0.0,0.2606452476690372,-0.011612158736607012
139,9.5,7.244876393905458,0.6322835027375786,14.353264933281514,False,0.13896676746582437,0.0,0.26055208658854817,-0.011633859629947582
139,10.0,12.778767136728366,1.0325957008098219,29.098826602004863,False,0.25728449990387386,0.0,0.26048589971743896,-0.011649306527511375
139,10.5,14.135105972973038,1.1805567409110107,28.988451511514878,False,0.28067185397891864,0.0,0.26040462390910313,-0.011668308369397829
139,11.0,14.599964817054643,1.4055730412262706,28.428943857955474,False,0.2731010451030565,0.0,0.2603178354225373,-0.011688639832077767
139,11.5,15.146706161161026,1.5557459423195286,27.89380797340263,False,0.266788960523222,0.0,0.2602226095642029,-0.011710996456083887
139,12.0,15.163528534910764,1.7113030936650149,27.41597310807495,False,0.2536485095496974,0.0,0.26012178619135123,-0.01173472278703382
139,12.5,15.064794569885812,1.8783124052656002,26.810346494567092,False,0.23687258967672983,0.0,0.26001516053072615,-0.01175987688493054
139,13.0,13.819179268701511,1.9568594702580036,26.13792067234749,False,0.20375707539002733,0.0,0.25990229753703853,-0.01178657245746956
139,13.5,14.087017669804933,1.8838680914721913,26.46246652117607,False,0.21412027633007563,0.0,0.259786553916623,-0.01181402441300066
139,14.0,12.80786274808769,1.2194398953129217,28.230623619065447,False,0.2323401222889554,0.0,0.2596736801193991,-0.01184086910792554
139,14.5,6.183506116831577,0.5049991721886113,14.515605956874964,False,0.1234408138405514,0.0,0.25958612072123616,-0.011861743363645533
139,15.0,5.737917022900774,0.4348437082098929,14.708227406117436,False,0.12036445227162774,0.0,0.25952577327864546,-0.011876155784847317
139,15.5,5.662497096042195,0.4218999082361914,14.759522037626855,False,0.12041127514135584,0.0,0.2594681867862866,-0.011889928283256888
139,16.0,5.503369237243909,0.45027864725532657,14.525049504172259,False,0.11012430757206738,0.0,0.2594111896544056,-0.011903578571728685
139,16.5,4.587314486083338,0.40182686026550907,14.33166048250941,False,0.08753499078416839,0.0,0.25935321328719313,-0.011917482538251709
139,17.0,7.91380139206211,0.7359022227346477,28.30941361584772,False,0.1448612808950047,0.0,0.25929717299405225,-0.011930940588423365
139,17.5,8.2012437483195,0.827067287665504,27.864609392846944,False,0.1428133652733164,0.0,0.25922855148647034,-0.011947444681448278
139,18.0,6.905338253267101,0.760318596804406,27.375071915381014,False,0.11413102461314267,0.0,0.2591565667975063,-0.01196478689252719
139,18.5,5.288104492181087,0.5957509423019995,27.230280311043593,False,0.08610615016904075,0.0,0.25908721134860535,-0.01198152405631034
139,19.0,3.0919366411616105,0.3505598681109108,13.5669253192046,False,0.0498539014960775,0.0,0.2590241969698183,-0.011996755156926454
139.0,19.5,0.0,0.0,0.0,0.0,0.0,0.0,0.258970582924,-0.0120097322854
139.0,20.0,0.0,0.0,0.0,0.0,0.0,0.0,0.258930367562,-0.0120194772791
139.0,20.5,0.0,0.0,0.0,0.0,0.0,0.0,0.258890246768,-0.0120292087467
139.0,21.0,0.0,0.0,0.0,0.0,0.0,0.0,0.258850220155,-0.0120389267261
139.0,21.5,0.0,0.0,0.0,0.0,0.0,0.0,0.258810287341,-0.0120486312551
139.0,22.0,0.0,0.0,0.0,0.0,0.0,0.0,0.258770447943,-0.0120583223714
139.0,22.5,0.0,0.0,0.0,0.0,0.0,0.0,0.25873070158,-0.0120680001126
139.0,23.0,0.0,0.0,0.0,0.0,0.0,0.0,0.258691047873,-0.0120776645166
139.0,23.5,0.0,0.0,0.0,0.0,0.0,0.0,0.258651486446,-0.012087315621
139.0,24.0,0.0,0.0,0.0,0.0,0.0,0.0,0.258612016922,-0.0120969534634
140.0,0.5,0.0,0.0,0.0,0.0,0.0,0.0,0.258572638928,-0.0121065780814
140.0,1.0,0.0,0.0,0.0,0.0,0.0,0.0,0.258533352091,-0.0121161895125
140.0,1.5,0.0,0.0,0.0,0.0,0.0,0.0,0.258494156042,-0.0121257877943
140.0,2.0,0.0,0.0,0.0,0.0,0.0,0.0,0.25845505041,-0.0121353729642
140.0,2.5,0.0,0.0,0.0,0.0,0.0,0.0,0.258416034828,-0.0121449450596
140.0,3.0,0.0,0.0,0.0,0.0,0.0,0.0,0.258377108932,-0.0121545041179
140.0,3.5,0.0,0.0,0.0,0.0,0.0,0.0,0.258338272357,-0.0121640501764
140.0,4.0,0.0,0.0,0.0,0.0,0.0,0.0,0.258299524741,-0.0121735832724
140.0,4.5,0.0,0.0,0.0,0.0,0.0,0.0,0.258260865723,-0.012183103443
140.0,5.0,0.0,0.0,0.0,0.0,0.0,0.0,0.258222294944,-0.0121926107254
140,5.5,2.828674516220812,0.11238307836684287,16.140685912523686,False,0.0953637848457826,0.0,0.25818381204786545,-0.01220210515659554
140,6.0,8.9147983657866,0.37456077549435957,32.03843792199258,False,0.2858310172812188,0.0,0.25814115174557706,-0.012212640527027632
140,6.5,11.348484551685777,0.5500205655856373,31.56329730588273,False,0.3320615167162049,0.0,0.258088628985454,-0.0122256264157478
140,7.0,12.871445327546013,0.7537827649678372,30.88101888443956,False,0.3346296847992186,0.0,0.258029534355446,-0.012240256827536721
140,7.5,13.759296187500286,0.964611981613746,30.05398348567007,False,0.31512050856697227,0.0,0.2579627934304584,-0.01225680536984708
140,8.0,14.37662833182797,1.1385145892173665,29.39590123630132,False,0.3007637956110796,0.0,0.2578881376697271,-0.01227534800803789
140,8.5,14.740978234859973,1.254005818363509,28.9817378884307,False,0.29245719907571804,0.0,0.25780696809086545,-0.012295546455151535
140,9.0,14.770853121128734,1.2960853139153656,28.776408465347032,False,0.2857329394642776,0.0,0.2577215010601049,-0.012316857105915372
140,9.5,14.624623249644639,1.2977594114182716,28.69324374010577,False,0.28007186251780525,0.0,0.2576345222092609,-0.012338589917167065
140,10.0,15.15457737590823,1.349542528764732,28.705129242956538,False,0.29063670823731463,0.0,0.2575475645843504,-0.01236036311293701
140,10.5,15.462787419107347,1.4083687467962491,28.629466163257597,False,0.2938670472534024,0.0,0.2574587262167902,-0.012382654516442423
140,11.0,15.95660183671755,1.539837433907371,28.29684894734101,False,0.29410149304267924,0.0,0.25736773949032266,-0.012405534656831623
140,11.5,15.99814757874692,1.688593878364941,27.832410274116686,False,0.27985148234947055,0.0,0.2572718472988948,-0.012429702899151568
140,12.0,15.70467892400086,1.8423567596680182,27.265247246700334,False,0.25858849444010623,0.0,0.25717039324783814,-0.012455334028357037
140,12.5,15.615776421386302,1.9086615876375985,27.013977875425013,False,0.25067391817746587,0.0,0.2570631870209483,-0.012482486835805131
140,13.0,15.092618616596392,1.9367115927158731,26.756342567789915,False,0.23607934594226376,0.0,0.25695354732777526,-0.012510328961828581
140,13.5,14.293445449726203,1.9363862096403095,26.45881997635088,False,0.2172193640643893,0.0,0.256842925620937,-0.012538495484593654
140,14.0,7.301121761529071,0.564647643178706,14.713177805302367,False,0.1533560600161284,0.0,0.2567323984321513,-0.012566713434951532
140,14.5,5.613723091990691,0.3628585842459569,15.127792262977495,False,0.13241065380708086,0.0,0.2566740105120709,-0.012581650601885933
140,15.0,5.39889339599585,0.3243287153161653,15.305872707534052,False,0.13444318629651103,0.0,0.256623362029843,-0.012594624953600435
140,15.5,5.1968339056555015,0.30533009004428574,15.35951972337898,False,0.1316221651450462,0.0,0.25657425700247793,-0.012607219149279043
140,16.0,5.117426316386834,0.3235525970492763,15.195981278627638,False,0.1231956469129404,0.0,0.2565259539166671,-0.012619622309488796
140,16.5,4.613900707260634,0.30944692820809766,15.051607084308642,False,0.10642355516255726,0.0,0.25647703993013543,-0.01263219715410725
140,17.0,7.24079986063533,0.5076287097475505,29.828987996489424,False,0.1606284061500564,0.0,0.25642874159468615,-0.012644628378113724
140,17.5,7.237406614227522,0.5445874983273079,29.4745357792033,False,0.15299101752083918,0.0,0.25637300231297583,-0.012658992905267931
140,18.0,6.194507154709024,0.5009166434978984,29.094999904640314,False,0.12465828067414095,0.0,0.25631594019131465,-0.01267371848559273
140,18.5,4.398804124288525,0.36196033378502473,28.99368054579326,False,0.08740131318431452,0.0,0.2562606148240582,-0.012688015366195057
140,19.0,2.001702933372903,0.16432869876319772,14.469727737453349,False,0.03950494776768,0.0,0.2562106419944333,-0.012700945593132496
140.0,19.5,0.0,0.0,0.0,0.0,0.0,0.0,0.256168248135,-0.012711927109
140.0,20.0,0.0,0.0,0.0,0.0,0.0,0.0,0.256132169108,-0.0127212817703
140.0,20.5,0.0,0.0,0.0,0.0,0.0,0.0,0.256096168358,-0.0127306243125
140.0,21.0,0.0,0.0,0.0,0.0,0.0,0.0,0.256060245594,-0.0127399547659
140.0,21.5,0.0,0.0,0.0,0.0,0.0,0.0,0.256024400529,-0.0127492731608
140.0,22.0,0.0,0.0,0.0,0.0,0.0,0.0,0.255988632874,-0.0127585795273
140.0,22.5,0.0,0.0,0.0,0.0,0.0,0.0,0.255952942344,-0.0127678738959
140.0,23.0,0.0,0.0,0.0,0.0,0.0,0.0,0.255917328652,-0.0127771562968
140.0,23.5,0.0,0.0,0.0,0.0,0.0,0.0,0.255881791514,-0.0127864267603
140.0,24.0,0.0,0.0,0.0,0.0,0.0,0.0,0.255846330647,-0.0127956853165
141.0,0.5,0.0,0.0,0.0,0.0,0.0,0.0,0.255810945769,-0.0128049319958
141.0,1.0,0.0,0.0,0.0,0.0,0.0,0.0,0.255775636598,-0.0128141668284
141.0,1.5,0.0,0.0,0.0,0.0,0.0,0.0,0.255740402856,-0.0128233898445
141.0,2.0,0.0,0.0,0.0,0.0,0.0,0.0,0.255705244261,-0.0128326010742
141.0,2.5,0.0,0.0,0.0,0.0,0.0,0.0,0.255670160538,-0.0128418005479
141.0,3.0,0.0,0.0,0.0,0.0,0.0,0.0,0.255635151409,-0.0128509882955
141.0,3.5,0.0,0.0,0.0,0.0,0.0,0.0,0.255600216598,-0.0128601643473
141.0,4.0,0.0,0.0,0.0,0.0,0.0,0.0,0.255565355832,-0.0128693287334
141.0,4.5,0.0,0.0,0.0,0.0,0.0,0.0,0.255530568835,-0.0128784814838
141.0,5.0,0.0,0.0,0.0,0.0,0.0,0.0,0.255495855337,-0.0128876226287
141,5.5,4.192614311376468,0.17810434720570179,15.994180596545919,False,0.13308264036411724,0.0,0.2554612150660329,-0.012896752197888982
141,6.0,8.526946689255777,0.3918613709801232,31.723028957608115,False,0.2570544318958392,0.0,0.25541988870047094,-0.012907653993724672
141,6.5,11.024952463281771,0.557923814572468,31.384611369741606,False,0.3123296163120606,0.0,0.255370522954316,-0.012920690953876617
141,7.0,12.659697148309226,0.7261275906197854,30.8928534950787,False,0.32976247857548796,0.0,0.25531492756660334,-0.01293539188321099
141,7.5,13.567409916474752,0.9519410107016653,29.95444738635888,False,0.3063360758578553,0.0,0.25525302100742164,-0.01295178511507909
141,8.0,10.988155755427238,1.2508871328853968,13.611084184738596,False,0.17877159431131517,0.0,0.2551826167287795,-0.012970458687462234
141,8.5,6.7802126713155175,0.7872668444630986,13.582637223610584,False,0.10967239564554856,0.0,0.2551009390850543,-0.012992162543177402
141,9.0,6.891180928118575,0.7562685421135358,13.742067186460789,False,0.11520242227958374,0.0,0.2550369271711177,-0.01300920240876726
141,9.5,7.164369117969866,0.738619686953557,13.92302001882918,False,0.12450454459988679,0.0,0.2549741627451185,-0.013025936055725393
141,10.0,7.725728352720676,0.7438314464727674,14.127628488228147,False,0.14054281311186176,0.0,0.25491213893828363,-0.013042497445489217
141,10.5,8.210738543196818,0.7459796858562308,14.308546937112315,False,0.15581306862052755,0.0,0.2548499879350854,-0.01305911797030619
141,11.0,8.156754216661723,0.668557143963053,14.587256990715568,False,0.16581442800755244,0.0,0.25478782574112757,-0.013075766736270818
141,11.5,7.9915709313388446,0.6181846346939556,14.749415766926719,False,0.16948040774126683,0.0,0.2547286718101967,-0.013091633293701468
141,12.0,7.470413769829225,0.5624537134227082,14.802587656417575,False,0.16070634924005245,0.0,0.2546714993431384,-0.013106990177494367
141,12.5,5.980120650229066,0.420146906817414,14.941935238038873,False,0.13368490186171292,0.0,0.25461651144105785,-0.013121780526308666
141,13.0,4.693255711849409,0.2865158265284524,15.262799349963505,False,0.11531634312958451,0.0,0.25456699340542144,-0.013135116639577988
141,13.5,4.972048957599989,0.27035421069129956,15.548062145669599,False,0.13397212628420857,0.0,0.2545226157452299,-0.013147082079195231
141,14.0,4.886893505995935,0.24130297289231115,15.770324246166942,False,0.14239937308983866,0.0,0.2544789202539007,-0.013158876278452762
141,14.5,4.852116702332751,0.2144919495345382,16.016779752428047,False,0.15541833856091244,0.0,0.2544363958466654,-0.013170366487118857
141,15.0,4.993229083489566,0.2052693478996984,16.176968083169086,False,0.17096711369779036,0.0,0.2543949572633527,-0.013181574805296368
141,15.5,4.557279943432312,0.18103052858725643,16.23899521568094,False,0.16032102866984962,0.0,0.25435393678120055,-0.01319268123064968
141,16.0,4.468794779846019,0.17948028974029637,16.224183805161775,False,0.1561850612829318,0.0,0.25431390402292053,-0.013203530978538323
141,16.5,4.639910753058146,0.19363764268452782,16.187742099722986,False,0.15960982452476022,0.0,0.2542739977171191,-0.013214357037772335
141,17.0,6.767125915422029,0.27963852924034455,32.28312264960197,False,0.22822642758979272,0.0,0.25423362152160905,-0.013225321337526774
141,17.5,6.332753355899028,0.27048628533046076,32.13919720438152,False,0.20725300180386405,0.0,0.2541900487391122,-0.01323716584460481
141,18.0,5.364178493617123,0.2331743607710639,32.0351849655943,False,0.1718764611913344,0.0,0.2541468901882803,-0.01324891021135635
141,18.5,2.4687366153304184,0.10494693223854379,16.028193218902114,False,0.07944132875087177,0.0,0.25410521429085786,-0.013260262900773671
141,19.0,1.12639324846376,0.04563985243923667,16.065411785951213,False,0.036800250428903586,0.0,0.25406847104997005,-0.013270281528890397
141.0,19.5,0.0,0.0,0.0,0.0,0.0,0.0,0.254034044707,-0.0132796766026
141.0,20.0,0.0,0.0,0.0,0.0,0.0,0.0,0.254001416359,-0.0132885883131
141.0,20.5,0.0,0.0,0.0,0.0,0.0,0.0,0.253968853742,-0.0132974891754
141.0,21.0,0.0,0.0,0.0,0.0,0.0,0.0,0.253936356624,-0.0133063792166
141.0,21.5,0.0,0.0,0.0,0.0,0.0,0.0,0.253903924775,-0.0133152584637
141.0,22.0,0.0,0.0,0.0,0.0,0.0,0.0,0.253871557965,-0.0133241269435
141.0,22.5,0.0,0.0,0.0,0.0,0.0,0.0,0.253839255965,-0.013332984683
141.0,23.0,0.0,0.0,0.0,0.0,0.0,0.0,0.253807018547,-0.013341831709
141.0,23.5,0.0,0.0,0.0,0.0,0.0,0.0,0.253774845483,-0.0133506680483
141.0,24.0,0.0,0.0,0.0,0.0,0.0,0.0,0.253742736547,-0.0133594937278
142.0,0.5,0.0,0.0,0.0,0.0,0.0,0.0,0.253710691513,-0.0133683087742
142.0,1.0,0.0,0.0,0.0,0.0,0.0,0.0,0.253678710158,-0.0133771132142
142.0,1.5,0.0,0.0,0.0,0.0,0.0,0.0,0.253646792257,-0.0133859070744
142.0,2.0,0.0,0.0,0.0,0.0,0.0,0.0,0.253614937589,-0.0133946903816
142.0,2.5,0.0,0.0,0.0,0.0,0.0,0.0,0.253583145929,-0.0134034631622
142.0,3.0,0.0,0.0,0.0,0.0,0.0,0.0,0.253551417059,-0.0134122254429
142.0,3.5,0.0,0.0,0.0,0.0,0.0,0.0,0.253519750758,-0.0134209772502
142.0,4.0,0.0,0.0,0.0,0.0,0.0,0.0,0.253488146806,-0.0134297186105
142.0,4.5,0.0,0.0,0.0,0.0,0.0,0.0,0.253456604986,-0.0134384495502
142.0,5.0,0.0,0.0,0.0,0.0,0.0,0.0,0.25342512508,-0.0134471700956
142,5.5,6.455246618887015,0.2975618423267415,31.71857576502407,False,0.1944366105268154,0.0,0.25339370687185175,-0.01345588027323598
142,6.0,8.046196808886457,0.40061470447102376,31.43359765038151,False,0.22994941812706995,0.0,0.25335105768855876,-0.013467714810959177
142,6.5,10.212619639703213,0.5416854843630887,31.21555077090373,False,0.28086097788728737,0.0,0.25330455892161097,-0.013480631687006198
142,7.0,11.59390670688747,0.6657983540258039,30.905913671341864,False,0.30264775701692026,0.0,0.2532527675792896,-0.013495036166118364
142,7.5,12.342562006745608,0.879674616852922,29.87375442881096,False,0.2755248620167968,0.0,0.2531963270008475,-0.013510754602244057
142,8.0,10.96358200573527,1.2532411882081944,13.611084184859699,False,0.1783717921508416,0.0,0.2531318304586906,-0.013528743300597204
142,8.5,11.703558137090432,1.3169318585895413,13.668512581948496,False,0.19267409581437933,0.0,0.25305321750358584,-0.013550707804620412
142,9.0,6.902475271097172,0.813476061694582,13.55477665550174,False,0.11102101969784944,0.0,0.2529722477013435,-0.013573375245938386
142,9.5,6.343053233392913,0.7513711368700856,13.526996755872364,False,0.10145322949788069,0.0,0.2529104440241695,-0.013590707550414428
142,10.0,6.835483333951068,0.6154434245347258,14.298958196868625,False,0.12941913407486522,0.0,0.2528510570232043,-0.013607386967895815
142,10.5,7.859700818497027,0.5842443556167973,14.840400373135038,False,0.17082786199512623,0.0,0.2535914920365109,-0.013401159424971592
142,11.0,14.8466164572089,1.142464237591252,29.551244889641094,False,0.31707357801596536,0.0,0.2535373544056956,-0.013416111183988293
142,11.5,14.26364480116679,1.2718909366474698,28.717046915926794,False,0.2739438618099608,0.0,0.2534620979892931,-0.01343692857219247
142,12.0,4.697193397057333,0.3556271632565842,14.72021059935944,False,0.09884554520664497,0.0,0.25417656188762006,-0.013240834573034505
142,12.5,5.108816753724262,0.3279104212548192,15.122757480058231,False,0.12032180560056667,0.0,0.2541300475568473,-0.013253496819968234
142,13.0,4.406704361372538,0.2806923708412645,15.134356439594876,False,0.10414347336956874,0.0,0.2540846569049264,-0.013265867087509141
142,13.5,4.32017512448746,0.22507452429872238,15.580222878999045,False,0.11768955322254687,0.0,0.25563014027888914,-0.012852304050294435
142,14.0,6.560695989610741,0.29475761160239344,15.994982473026894,False,0.208317334964278,0.0,0.2571749990100626,-0.012454169074965389
142,14.5,5.998516167324891,0.24786024040871532,16.145945416803613,False,0.2026812485764926,0.0,0.2587142969044834,-0.012071997143359449
142,15.0,4.648105490516639,0.17652668927550208,16.23713624954282,False,0.16338185988643653,0.0,0.2618404464393683,-0.011337983618483614
142,15.5,4.130180129565842,0.15761744141737982,16.215912079028495,False,0.14382766846059944,0.00847989501003823,0.2641680080537129,-0.010825858748053259
142,16.0,4.729805063828922,0.17565311790478746,16.311303183016484,False,0.17188734397091185,0.046400290960609346,0.2656962866814348,-0.010504564799452276
142,16.5,4.4486587909774515,0.1668672235899972,16.292912592358043,False,0.16032299930769117,0.06395020004865747,0.26642475270862415,-0.01035542189500593
142,17.0,8.530210966790918,0.35404702446239866,32.154322713616274,False,0.2800409513241628,0.09322054366544419,0.2663573627311462,-0.010369112644500618
142,17.5,9.395995492827987,0.39997711385075685,32.120802842664716,False,0.30634492677711744,0.11857773134396989,0.26628205389622495,-0.010384437690246101
142,18.0,7.747597730677878,0.3375680637502917,31.983553758940943,False,0.24568981859741734,0.09146973822119878,0.26620433149422,-0.010400282193457105
142,18.5,3.0381077988922622,0.1305330218269973,15.945957873358262,False,0.09461530315735585,0.021944914452751017,0.2661302944788444,-0.010415402187979842
142.0,19.0,0.0,0.0,0.0,0.0,0.0,0.0,0.266067037623,-0.0104283413873
142.0,19.5,0.0,0.0,0.0,0.0,0.0,0.0,0.266009848598,-0.0104400558987
142.0,20.0,0.0,0.0,0.0,0.0,0.0,0.0,0.265952937513,-0.0104517290452
142.0,20.5,0.0,0.0,0.0,0.0,0.0,0.0,0.265896301074,-0.0104633613006
142.0,21.0,0.0,0.0,0.0,0.0,0.0,0.0,0.266633629102,-0.0103131238062
142.0,21.5,0.0,0.0,0.0,0.0,0.0,0.0,0.266575427167,-0.0103248891486
142.0,22.0,0.0,0.0,0.0,0.0,0.0,0.0,0.266517514222,-0.010336611949
142.0,22.5,0.0,0.0,0.0,0.0,0.0,0.0,0.266459886757,-0.0103482927068
142.0,23.0,0.0,0.0,0.0,0.0,0.0,0.0,0.266402541333,-0.010359931912
142.0,23.5,0.0,0.0,0.0,0.0,0.0,0.0,0.266345474572,-0.0103715300451
142.0,24.0,0.0,0.0,0.0,0.0,0.0,0.0,0.266288683165,-0.010383087578
143.0,0.5,0.0,0.0,0.0,0.0,0.0,0.0,0.266232163863,-0.0103946049734
143.0,1.0,0.0,0.0,0.0,0.0,0.0,0.0,0.266175913478,-0.0104060826857
143.0,1.5,0.0,0.0,0.0,0.0,0.0,0.0,0.266119928884,-0.0104175211609
143.0,2.0,0.0,0.0,0.0,0.0,0.0,0.0,0.266064207011,-0.010428920837
143.0,2.5,0.0,0.0,0.0,0.0,0.0,0.0,0.266008744846,-0.0104402821438
143.0,3.0,0.0,0.0,0.0,0.0,0.0,0.0,0.266747273013,-0.0102901970512
143.0,3.5,0.0,0.0,0.0,0.0,0.0,0.0,0.266690255686,-0.0103016922442
143.0,4.0,0.0,0.0,0.0,0.0,0.0,0.0,0.266633512113,-0.0103131474391
143.0,4.5,0.0,0.0,0.0,0.0,0.0,0.0,0.266577039074,-0.0103245630912
143.0,5.0,0.0,0.0,0.0,0.0,0.0,0.0,0.26652083341,-0.0103359396471
143,5.5,6.934652342745531,0.30104653873528925,31.901282707954532,False,0.216361517324162,0.08098970280676646,0.2664648920191268,-0.010347277545383159
143,6.0,3.625787378769448,0.17504853441665355,15.778810908387094,False,0.10598145424235686,0.07181888394077861,0.26639471360283434,-0.010361521889161448
143,6.5,11.940537298455983,0.6445785290422801,31.18469409411014,False,0.3266386448781997,0.29127708466307545,0.2663299230794429,-0.010374693381062894
143,7.0,5.302724755049043,0.31061355363925275,15.38863194689669,False,0.13556074948131988,0.13602508577613778,0.26623924079941513,-0.010393162015341949
143,7.5,12.698586119509873,0.7460252479234298,30.7841717330621,False,0.32499196387481283,0.27520661809929625,0.2661673767094267,-0.010407825905688183
143,8.0,13.231709974574816,0.8563461653025431,30.335003429569504,False,0.31581467270592745,0.29621018377219227,0.2660739564391538,-0.010426925209941453
143,8.5,12.533836597558338,0.8367652817676738,30.140285081346747,False,0.2906659915251947,0.23434571380065952,0.2659757992380787,-0.010447037963291812
143,9.0,13.593177074875493,0.9927335328422499,29.737313833387613,False,0.29774190095238784,0.2861809643984377,0.2658809769834099,-0.010466511284594115
143,9.5,14.807004925355505,1.2081824202940898,29.276201982839282,False,0.30496680736573467,0.4066839443929654,0.2657785100169106,-0.010487603213995651
143,10.0,14.904596954011557,1.3121718970418748,28.83946211755603,False,0.29054788042819013,0.3736040724460005,0.26566353248285385,-0.010511330659007199
143,10.5,15.118034558068604,1.4111157972386563,28.53749956905918,False,0.28419268169941936,0.3672765902135038,0.26554610013584473,-0.010535630746886761
143,11.0,13.665232364928798,1.2910572004741518,28.345450591572735,False,0.25118217615504257,0.2073057006534725,0.26542538666263354,-0.01056067959047358
143,11.5,13.263065737719918,1.3616034400338448,13.923309456146967,False,0.2305040923260573,0.16584665131821202,0.2653155314593835,-0.010583536963816137
143,12.0,15.026644287525457,1.6206455847965258,27.667684212882698,False,0.2561467438503507,0.25386783290562887,0.2652048011099547,-0.010606636103308165
143,12.5,14.812289135347218,1.6627896452389916,27.423465271881597,False,0.24605378629513253,0.20132577810164717,0.26508112602404826,-0.01063250665691117
143,13.0,15.218675436706008,1.945039197361266,26.695420952170707,False,0.23494318892303623,0.21600824287324372,0.26495806946932393,-0.010658322479122887
143,13.5,14.960285112866886,1.976001684722597,26.475283575466946,False,0.2261235142159749,0.15209310450771826,0.26482396595627344,-0.010686540911886576
143,14.0,14.953065225547391,2.054458448061129,26.221226787240347,False,0.22236116533396588,0.13315729699248469,0.2646913322990363,-0.010714537653046176
143,14.5,14.152701768429644,2.0761668940531006,25.885393786546224,False,0.20395450198700737,0.09649347838207091,0.2645566568749492,-0.010743054841678888
143,15.0,13.060700432566254,1.9795107028211387,25.71730643165572,False,0.18543364640305687,0.031345844443985076,0.26442276384020413,-0.01077149605212459
143,15.5,13.622627647149285,2.0693294984465793,25.629227032508137,False,0.19058431508773305,0.0,0.2642952239059023,-0.010798671219073512
143,16.0,12.806552273417697,1.867027908042107,25.828822714809988,False,0.18236837995271574,0.0,0.264165675435108,-0.01082635801708405
143,16.5,11.76071572568959,1.7916181642689755,25.611934444372267,False,0.16515206907990704,0.0,0.26404401269875855,-0.010852436538937865
143,17.0,10.6781507655126,1.607367192616167,25.64087262283351,False,0.1495434290717898,0.0,0.2639254180822488,-0.010877929475956985
143,17.5,10.191812180470336,1.5042923069052228,25.769352138952584,False,0.1443653130762078,0.0,0.2638140200625042,-0.010901940454460664
143,18.0,7.356236839101528,1.0414502798706238,25.964380042448852,False,0.10604134296974392,0.0,0.263706736001729,-0.010925124416624719
143,18.5,8.977603345394384,1.2652890977049174,25.960876514018686,False,0.1293725302044171,0.0,0.26361721706705765,-0.010944514323881063
143,19.0,5.132471122363207,0.644249235417839,26.6552488034254,False,0.07892647398854497,0.0,0.2635194018091667,-0.010965748122422583
143.0,19.5,0.0,0.0,0.0,0.0,0.0,0.0,0.263445351415,-0.0109818556791
143.0,20.0,0.0,0.0,0.0,0.0,0.0,0.0,0.263395944794,-0.0109926183641
143.0,20.5,0.0,0.0,0.0,0.0,0.0,0.0,0.263346730863,-0.0110033515699
143.0,21.0,0.0,0.0,0.0,0.0,0.0,0.0,0.263297707795,-0.0110140555662
143.0,21.5,0.0,0.0,0.0,0.0,0.0,0.0,0.263248873791,-0.0110247306184
143.0,22.0,0.0,0.0,0.0,0.0,0.0,0.0,0.263200227077,-0.0110353769881
143.0,22.5,0.0,0.0,0.0,0.0,0.0,0.0,0.263151765908,-0.0110459949327
143.0,23.0,0.0,0.0,0.0,0.0,0.0,0.0,0.263103488567,-0.0110565847059
143.0,23.5,0.0,0.0,0.0,0.0,0.0,0.0,0.263055393359,-0.0110671465576
143.0,24.0,0.0,0.0,0.0,0.0,0.0,0.0,0.263007478617,-0.0110776807342
144.0,0.5,0.0,0.0,0.0,0.0,0.0,0.0,0.262959742698,-0.0110881874782
144.0,1.0,0.0,0.0,0.0,0.0,0.0,0.0,0.262912183984,-0.0110986670286
144.0,1.5,0.0,0.0,0.0,0.0,0.0,0.0,0.262864800879,-0.0111091196211
144.0,2.0,0.0,0.0,0.0,0.0,0.0,0.0,0.262817591811,-0.0111195454879
144.0,2.5,0.0,0.0,0.0,0.0,0.0,0.0,0.262770555233,-0.0111299448577
144.0,3.0,0.0,0.0,0.0,0.0,0.0,0.0,0.262723689617,-0.0111403179561
144.0,3.5,0.0,0.0,0.0,0.0,0.0,0.0,0.26267699346,-0.0111506650056
144.0,4.0,0.0,0.0,0.0,0.0,0.0,0.0,0.262630465279,-0.0111609862252
144.0,4.5,0.0,0.0,0.0,0.0,0.0,0.0,0.262584103611,-0.0111712818311
144,5.0,1.6820247351816033,0.06033983679848361,16.316179034917525,False,0.061263471945601174,0.0,0.26253790701691776,-0.011181552036401064
144,5.5,8.461686865785698,0.3042875587246084,32.64998825862658,False,0.309444508830916,0.0,0.2624895841813249,-0.011192306978031146
144,6.0,10.708022911996776,0.4825517260684041,31.916951606500305,False,0.3351207413287752,0.0,0.2624321657938118,-0.011205102293289006
144,6.5,11.880059967762609,0.7553592012117653,30.38050575821122,False,0.2855026109675789,0.0,0.26236814316072915,-0.011219389878577898
144,7.0,12.941251026889534,1.0151446312541408,29.37626255026684,False,0.2700378179729177,0.0,0.26229392700633714,-0.011235979471580997
144,7.5,13.731634050097394,1.3185893690137096,28.32803970526578,False,0.2518959586495465,0.0,0.2622100101733568,-0.011254772684809261
144,8.0,14.272709065872382,1.5558591867374103,27.61064370707068,False,0.24181701360947128,0.0,0.26211473446850947,-0.011276155141122336
144,8.5,14.637349343756885,1.6923787433327762,27.257760517823588,False,0.2390121047769286,0.0,0.2620106099199624,-0.011299578896659139
144,9.0,14.964259188092223,1.7428968244843137,27.24094761505723,False,0.24392922280678803,0.0,0.26190145870608,-0.01132419571346557
144,9.5,15.011306690492596,1.883994137674335,26.77771730819702,False,0.23360754760296354,0.0,0.2617905433069983,-0.011349275889583087
144,10.0,14.990703628661088,1.8730183922085626,26.798515293416084,False,0.23376252758884355,0.0,0.2616744249911233,-0.011375603493246563
144,10.5,14.493101565012598,1.7944833297654104,26.82173101169682,False,0.2265184965956234,0.0,0.26155887368571806,-0.011401874805335034
144,11.0,14.607803750276883,1.9306136247779915,26.43948560659606,False,0.2200473342324486,0.0,0.26144645204235084,-0.01142750397656286
144,11.5,14.891345390412202,1.981189781710969,26.414200301363223,False,0.22378270729489685,0.0,0.26132901231677885,-0.011454350477180086
144,12.0,14.568228577102428,1.948738606481083,26.36571696706286,False,0.21792888194559606,0.0,0.2612098000952032,-0.011481679058984859
144,12.5,13.038314518181334,1.6876520813846654,13.250446838365804,False,0.19755379679396526,0.0,0.2610919650872808,-0.011508768303702852
144,13.0,7.557957848829155,0.9155303648404005,13.463576199342356,False,0.1193626526088232,0.0,0.26098418283484565,-0.01153361321384591
144,13.5,6.909699315169092,0.6101841212922606,14.337215747223574,False,0.132026621505977,0.0,0.2616999892179447,-0.0113698010532628
144,14.0,6.656136356131619,0.4693178115488881,14.919042365622312,False,0.1478459022514233,0.0,0.26242580619148903,-0.011206520561250908
144,14.5,6.400843140650916,0.31401390753278624,15.771029929438114,False,0.18656263946761448,0.0,0.26315534994570916,-0.011045209245796581
144,15.0,5.848329161721498,0.25757924188642356,15.980604408532505,False,0.18463826415735068,0.0,0.2638891262259999,-0.010885744977585331
144,15.5,5.245416127251657,0.21900918351469048,16.070437202654187,False,0.17172680252715944,0.0,0.2646233404761348,-0.010728923465703654
144,16.0,4.0038634963662405,0.15835426731239216,16.1398109527617,False,0.13493317398032142,0.0,0.26535727199364084,-0.010574845149670662
144,16.5,3.963583745552518,0.1522914494294244,16.20494908739319,False,0.13736686245612387,0.020038868298566773,0.2676790985103989,-0.01010448126089876
144,17.0,3.6475080541293092,0.13372042880163382,16.299662869427785,False,0.13185399599394282,0.02128328298873277,0.2676132285983061,-0.010117477450947817
144,17.5,2.3786262353638143,0.09563572108999847,16.105189052826855,False,0.07900257204298276,0.006765186565039396,0.26754831396523393,-0.010130304653082562
144.0,18.0,0.0,0.0,0.0,0.0,0.0,0.0010172409888,0.267485689598,-0.0101426976634
144.0,18.5,0.0,0.0,0.0,0.0,0.0,0.0,0.267427203059,-0.0101542881371
144.0,19.0,0.0,0.0,0.0,0.0,0.0,0.0,0.268162672256,-0.0100096783291
144.0,19.5,0.0,0.0,0.0,0.0,0.0,0.0,0.268102627805,-0.0100213920295
144.0,20.0,0.0,0.0,0.0,0.0,0.0,0.0,0.268042888271,-0.0100330624577
144.0,20.5,0.0,0.0,0.0,0.0,0.0,0.0,0.267983449765,-0.0100446901527
144.0,21.0,0.0,0.0,0.0,0.0,0.0,0.0,0.26792430848,-0.010056275643
144.0,21.5,0.0,0.0,0.0,0.0,0.0,0.0,0.267865460683,-0.0100678194466
144.0,22.0,0.0,0.0,0.0,0.0,0.0,0.0,0.267806902718,-0.0100793220714
144.0,22.5,0.0,0.0,0.0,0.0,0.0,0.0,0.267748631001,-0.0100907840151
144.0,23.0,0.0,0.0,0.0,0.0,0.0,0.0,0.267690642016,-0.0101022057662
144.0,23.5,0.0,0.0,0.0,0.0,0.0,0.0,0.267632932318,-0.0101135878036
144.0,24.0,0.0,0.0,0.0,0.0,0.0,0.0,0.26757549853,-0.0101249305968
145.0,0.5,0.0,0.0,0.0,0.0,0.0,0.0,0.267518337337,-0.0101362346069
145.0,1.0,0.0,0.0,0.0,0.0,0.0,0.0,0.26746144549,-0.0101475002858
145.0,1.5,0.0,0.0,0.0,0.0,0.0,0.0,0.267404819802,-0.0101587280773
145.0,2.0,0.0,0.0,0.0,0.0,0.0,0.0,0.267348457144,-0.0101699184166
145.0,2.5,0.0,0.0,0.0,0.0,0.0,0.0,0.267292354448,-0.0101810717311
145.0,3.0,0.0,0.0,0.0,0.0,0.0,0.0,0.267236508703,-0.0101921884403
145.0,3.5,0.0,0.0,0.0,0.0,0.0,0.0,0.267180916953,-0.0102032689559
145.0,4.0,0.0,0.0,0.0,0.0,0.0,0.0,0.267125576297,-0.0102143136822
145.0,4.5,0.0,0.0,0.0,0.0,0.0,0.0,0.267070483888,-0.0102253230162
145.0,5.0,0.0,0.0,0.0,0.0,0.0,0.0,0.267015636928,-0.0102362973477
145,5.5,2.47036589432144,0.15775815007589006,15.131324211768693,False,0.05832950964102496,0.011422777974142357,0.2669610326728959,-0.010247237059625915
145,6.0,3.2495953623008056,0.215447451821521,15.043369063152902,False,0.07477605239399558,0.02039257354829751,0.2669002480186744,-0.010259431374727348
145,6.5,4.244132882603641,0.28632919471963775,15.013602111718182,False,0.09682740340198692,0.04023525178907608,0.26683717101558524,-0.010272103854231973
145,7.0,4.96159967842145,0.35202564041098894,14.89729965726594,False,0.10954179245425459,0.05233222939308091,0.2667708857848386,-0.010285440984956672
145,7.5,3.928975906681633,0.27717420540336746,14.8820344073901,False,0.0863776122645316,0.016252598007400684,0.2667018805020491,-0.010299347338117637
145,8.0,5.363105297535394,0.367400324647658,14.96648069829145,False,0.1207244177697867,0.04276310299253091,0.26663731474168034,-0.010312379303367878
145,8.5,6.46735632528777,0.45857070665458693,14.917221866700531,False,0.14357973229271667,0.08460491255654697,0.2665685460599299,-0.010326281200002492
145,9.0,12.124071013986619,0.8826513222092618,14.829901332515846,False,0.2627586355950891,0.0987634112494359,0.26649495437601334,-0.010341182828698297
145,9.5,13.788004582926138,1.062211825403215,29.452870523158527,False,0.2906269463501949,0.16057103448401092,0.2664049539616716,-0.010359441914679034
145,10.0,14.42127983428584,1.1772415716475828,29.246789992763766,False,0.2958956066090801,0.22901342722912668,0.26630601371950446,-0.010379559037029635
145,10.5,14.585554483856654,1.4313584634561587,28.23327107866431,False,0.2662476317921,0.25275390401217895,0.26620032849775643,-0.010401099024731828
145,11.0,14.748356255315043,1.5887996823181514,27.65710909875535,False,0.2511184382992982,0.1449200408640489,0.2660843141191629,-0.010424805577257121
145,11.5,14.397711284726823,1.7432146049643278,27.05174989590465,False,0.2314764341314709,0.18166810049954335,0.26596663043548474,-0.010448919042490377
145,12.0,14.816821020315164,1.856074631600222,26.75976529920355,False,0.23017671277159768,0.059492090798733084,0.26584190323049117,-0.01047454830804942
145,12.5,14.966246673555979,1.8379109064485226,26.90768067197532,False,0.23590555894955367,0.024175990594531797,0.2657177385196032,-0.010500136419987906
145,13.0,6.234763859362544,0.6199509580036733,13.989409543639542,False,0.10994433979745048,0.0,0.26559581020281164,-0.01052533616113301
145.0,13.5,0.0,0.0,0.0,0.0,0.0,0.0,0.265521225638,-0.010540786574
145.0,14.0,0.0,0.0,0.0,0.0,0.0,0.0,0.26547037089,-0.0105513367802
145,14.5,13.621223415448114,1.8697551517908784,26.305935772780238,False,0.20359097187944075,0.0,0.2654197168388819,-0.010561857860032747
145,15.0,13.943038161011895,1.8257773935056412,26.4700915755773,False,0.21064399382767884,0.0,0.2652983043894768,-0.01058712671329483
145,15.5,13.22094493103991,1.823020772621601,26.21574073665711,False,0.1950241682028404,0.0,0.26517875765922794,-0.01061207767488191
145,16.0,5.391245008173464,0.6155260420904783,13.61514004156112,False,0.08778558611280535,0.0,0.26505951038976366,-0.010637035964966688
145,16.5,3.2124638153942002,0.26353402254545655,14.494599106020594,False,0.06379380591246814,0.015708420261468254,0.2697487575702702,-0.009706084381341653
145,17.0,9.654195598649299,0.419040405409826,31.942171549580067,False,0.303646485384734,0.22992191052653724,0.272849651275466,-0.009143631953940887
145,17.5,9.47313202771035,0.40032885603715235,32.081016423231425,False,0.3063617048518306,0.24346593590238644,0.2727536759473787,-0.009160448128662927
145,18.0,11.70509906756734,0.6845518423686602,30.876295268415742,False,0.3040724762029218,0.5963552085941574,0.2726583414295065,-0.009177188517638754
145,18.5,9.721128277256366,0.7108921437703162,29.612936175209896,False,0.20934426973356568,0.34716858764128194,0.272539266179053,-0.009198148915885412
145,19.0,7.480099772749303,0.5903310730637396,29.147331575386126,False,0.15153270518490186,0.18091030781086717,0.27242907869776284,-0.009217595661487445
145,19.5,4.712478982019131,0.36530030971178573,14.594280200305368,False,0.0959698033673501,0.04261571051768851,0.2723302000460067,-0.009235088252544914
145.0,20.0,0.0,0.0,0.0,0.0,0.0,0.0,0.272245527074,-0.00925009916581
145.0,20.5,0.0,0.0,0.0,0.0,0.0,0.0,0.272176745605,-0.00926231421914
145.0,21.0,0.0,0.0,0.0,0.0,0.0,0.0,0.272108369011,-0.00927447642419
145.0,21.5,0.0,0.0,0.0,0.0,0.0,0.0,0.272040391203,-0.00928658656305
145.0,22.0,0.0,0.0,0.0,0.0,0.0,0.0,0.271972806238,-0.00929864539966
145.0,22.5,0.0,0.0,0.0,0.0,0.0,0.0,0.271905608312,-0.00931065368036
145.0,23.0,0.0,0.0,0.0,0.0,0.0,0.0,0.271838791755,-0.00932261213441
145.0,23.5,0.0,0.0,0.0,0.0,0.0,0.0,0.271772351031,-0.00933452147454
145.0,24.0,0.0,0.0,0.0,0.0,0.0,0.0,0.271706280728,-0.00934638239743
146.0,0.5,0.0,0.0,0.0,0.0,0.0,0.0,0.271640575558,-0.00935819558416
146.0,1.0,0.0,0.0,0.0,0.0,0.0,0.0,0.271575230353,-0.00936996170071
146.0,1.5,0.0,0.0,0.0,0.0,0.0,0.0,0.27151024006,-0.00938168139838
146.0,2.0,0.0,0.0,0.0,0.0,0.0,0.0,0.27144559974,-0.00939335531421
146.0,2.5,0.0,0.0,0.0,0.0,0.0,0.0,0.271381304561,-0.00940498407142
146.0,3.0,0.0,0.0,0.0,0.0,0.0,0.0,0.271317349799,-0.00941656827978
146.0,3.5,0.0,0.0,0.0,0.0,0.0,0.0,0.27125373083,-0.00942810853599
146.0,4.0,0.0,0.0,0.0,0.0,0.0,0.0,0.271190443133,-0.00943960542407
146.0,4.5,0.0,0.0,0.0,0.0,0.0,0.0,0.271127482281,-0.0094510595157
146,5.0,4.332062734810901,0.2505147812312053,15.333071123138112,False,0.10880345593196164,0.06436820181626168,0.27106484394416513,-0.009462471370589866
146.0,5.5,0.0,0.0,0.0,0.0,0.0,0.0,0.270990574089,-0.00947602361129
146,6.0,2.5319710929977575,0.15854976928224598,15.166987682932925,False,0.06042380673056157,0.012468456940035707,0.27092856815047156,-0.009487355734854692
146,6.5,9.071838770600458,0.5653133749280898,15.172649655406214,False,0.2168617999045969,0.16329573100180833,0.2708603821387067,-0.009499835966515198
146,7.0,11.387514446667414,0.7822447827355938,29.947896350370122,False,0.25687776487164615,0.28875375648951473,0.2707713416607312,-0.009516162698025963
146,7.5,12.34008496477689,0.9185734548859313,29.569999812288202,False,0.2642077697123265,0.35032653647271367,0.2706696097019382,-0.009534857515803756
146,8.0,11.455373137691126,0.9154314859026738,29.184653883900253,False,0.2331724752230162,0.27070284961352153,0.2705606657548465,-0.009554926190971742
146,8.5,13.657443920667168,1.1470270504117244,28.983974624492397,False,0.2710357649047225,0.45229569126301655,0.2704551573802577,-0.00957440998574762
146,9.0,14.365682591411503,1.3447732287657814,28.42694333547469,False,0.2665672748778368,0.5498288183675806,0.27033425948045314,-0.009596793928956788
146,9.5,7.44795202697007,0.7131137141789743,14.137784700551508,False,0.13580508710795802,0.27332419041184475,0.2702024431066926,-0.009621270490992196
146,10.0,7.1808377711797675,0.5928189102876624,14.522401148419402,False,0.14359535720726968,0.24560834707486312,0.2708989545493729,-0.009492773574441367
146,10.5,13.264925747302678,1.3480052687644952,27.924892837130663,False,0.23252482182138343,0.38761423286420243,0.2708055667699164,-0.009509883125900459
146,11.0,14.12451471332154,1.5607331602768102,27.47076186479944,False,0.23579338354439175,0.45829389907483115,0.270678433001336,-0.009533234366362622
146,11.5,14.143390503005918,1.631255999198136,27.223688281568002,False,0.23014140013629547,0.43249121845401306,0.2705408425190574,-0.009558583259167787
146,12.0,14.264943067467094,1.6390704840851533,27.249091931542903,False,0.23272403591934773,0.4199530060323739,0.27040184975309994,-0.00958427208367801
146,12.5,13.586040951650837,1.614708595573877,27.038377320873,False,0.21695970928108793,0.32611025058352716,0.27026332742721076,-0.009609955843531288
146,13.0,14.062565134919652,1.628094296036497,27.208006410612263,False,0.2284597438827239,0.3491879334646155,0.2701295785405759,-0.009634832400188689
146,13.5,14.467847895921,1.877342973268387,26.553407507700236,False,0.22031574702073892,0.37466355987605376,0.26999472992507767,-0.009659991214545048
146,14.0,13.575583396028971,1.7189478418224262,26.673712846230273,False,0.20913685015104339,0.25482905480650286,0.269849736136116,-0.009687130202870075
146,14.5,14.53636784383972,1.8472545614741525,26.756091456608857,False,0.22573893452928936,0.47576236610700157,0.2697155783604103,-0.009712321926409346
146,15.0,14.251464678041213,1.9700818019431072,26.226828562681924,False,0.21044188751338988,0.36072896618608963,0.2695684408349086,-0.00974004075024199
146,15.5,3.5188471884468253,0.3399941840247982,14.082169369162035,False,0.06335451984204703,0.028799126183682678,0.2741817430316141,-0.008913987137385676
146,16.0,11.115513138526971,0.5515504140967689,31.448697975879227,False,0.3185304247622043,0.389566730377158,0.27568118210871506,-0.008663662423019445
146,16.5,9.722227356959625,0.5475677466169765,30.858633051436144,False,0.2518355199855218,0.2857831890429339,0.2755677820654614,-0.00868229875632882
146,17.0,11.038625459602901,0.6530657696371285,30.69982369095399,False,0.27872668821102353,0.4314889642949198,0.2754589882108438,-0.008700223011820165
146,17.5,7.275156468036034,0.4184715551540395,30.73379843806214,False,0.1846946154037841,0.16536305145053815,0.2753411687635674,-0.00871968402338975
146.0,18.0,0.0,0.0,0.0,0.0,0.0,0.0,0.283960162289,-0.00742314638187
146,18.5,7.514342009970884,0.2659693912429667,32.72152966070425,False,0.27939503880350414,0.36694579527533566,0.28384846329807356,-0.007438415304357015
146,19.0,8.767383392576322,0.29768205133040965,32.897405079055375,False,0.3399598389642544,0.4252158233711526,0.2837139117297625,-0.0074568578238161775
146,19.5,6.870294089781608,0.2228639002364219,16.458321443576374,False,0.2676543013048653,0.186507843488319,0.28357708083773125,-0.007475668662932169
146.0,20.0,0.0,0.0,0.0,0.0,0.0,0.0,0.283453253992,-0.00749274052162
146.0,20.5,0.0,0.0,0.0,0.0,0.0,0.0,0.283346039935,-0.00750755952736
146.0,21.0,0.0,0.0,0.0,0.0,0.0,0.0,0.28323987555,-0.00752226787082
146.0,21.5,0.0,0.0,0.0,0.0,0.0,0.0,0.283134734413,-0.00753686830078
146.0,22.0,0.0,0.0,0.0,0.0,0.0,0.0,0.28303059111,-0.00755136346452
146.0,22.5,0.0,0.0,0.0,0.0,0.0,0.0,0.282927421178,-0.00756575591274
146.0,23.0,0.0,0.0,0.0,0.0,0.0,0.0,0.282825201063,-0.00758004810407
146.0,23.5,0.0,0.0,0.0,0.0,0.0,0.0,0.282723908078,-0.00759424240951
146.0,24.0,0.0,0.0,0.0,0.0,0.0,0.0,0.282623520357,-0.00760834111638
147.0,0.5,0.0,0.0,0.0,0.0,0.0,0.0,0.282524016817,-0.00762234643228
147.0,1.0,0.0,0.0,0.0,0.0,0.0,0.0,0.282425377124,-0.00763626048862
147.0,1.5,0.0,0.0,0.0,0.0,0.0,0.0,0.282327581658,-0.00765008534409
147.0,2.0,0.0,0.0,0.0,0.0,0.0,0.0,0.282230611477,-0.00766382298787
147.0,2.5,0.0,0.0,0.0,0.0,0.0,0.0,0.282134448288,-0.0076774753427
147.0,3.0,0.0,0.0,0.0,0.0,0.0,0.0,0.282039074421,-0.00769104426776
147.0,3.5,0.0,0.0,0.0,0.0,0.0,0.0,0.281944472798,-0.00770453156139
147.0,4.0,0.0,0.0,0.0,0.0,0.0,0.0,0.281850626905,-0.00771793896371
147.0,4.5,0.0,0.0,0.0,0.0,0.0,0.0,0.282549956772,-0.00761869237542
147,5.0,4.030365729780841,0.09748211765127834,16.890172936483168,False,0.19913678847762056,0.11450782389350424,0.28245425093272375,-0.007632184436011781
147,5.5,8.624331391549745,0.22499695483633145,33.780345873956975,False,0.426120548661308,0.3982883679270956,0.28235126991961323,-0.007646733918187041
147,6.0,9.64743538711667,0.27278255546734687,33.53128970057475,False,0.4424458341018894,0.4153552767409507,0.2822334336702157,-0.007663422756187194
147,6.5,11.732102211717274,0.42967173847163653,32.79889780929377,False,0.44425145001730587,0.7234558831668378,0.282113873780371,-0.007680400081865445
147,7.0,12.547176244659122,0.5695696873341122,31.959618324676132,False,0.3960033281500125,0.8687809043605349,0.2819773896818684,-0.007699835427623981
147,7.5,12.059231720072145,0.5945838661711046,31.51113666736339,False,0.3495050730544088,0.6468493499550421,0.28183078863076283,-0.007720776740075363
147,8.0,12.596484582724122,0.6559152164561759,31.296471866201017,False,0.3513354983522823,0.7302374890712685,0.2816923534159948,-0.007740613921866997
147,8.5,14.141353344326621,0.8970154374554151,30.523441951169705,False,0.34734653642549485,1.3167693107808178,0.2815491049772578,-0.00776120478333038
147,9.0,14.464869686268546,1.10812391241563,29.634869836323467,False,0.3146698134580618,1.9945267583669786,0.28137511329505377,-0.007786302591062607
147,9.5,13.781705616933833,1.2238187112806083,28.950995265407027,False,0.2741316806980634,2.670001033266816,0.2811680414422573,-0.007816298258799653
147,10.0,14.719522641109975,1.4653655211470449,28.26255600348499,False,0.269898236460109,2.5760246442373775,0.28093158430668863,-0.007850719110019016
147,10.5,15.209844567152622,1.6196620375113946,27.81303665231291,False,0.26524675964880273,2.3433307060151205,0.2806901541081236,-0.00788605039144513
147,11.0,15.113191019870806,1.629241320437775,27.678841503104678,False,0.25793040408567375,1.5025417689479506,0.2804523143699491,-0.007921041637198693
147,11.5,15.514697284659906,1.8658793384831096,27.060874402383597,False,0.25016459706894634,2.1325730238685336,0.28024662269072576,-0.007951452481664543
147,12.0,15.398151280974998,1.9896082744813182,26.647286448372427,False,0.23825151601143785,2.199434254034684,0.2800086334083524,-0.007986812186742819
147,12.5,14.89766583168528,2.044159102303005,26.34732599835529,False,0.22402544592266843,2.475619785206323,0.2797639927778377,-0.008023355583493591
147,13.0,15.173418333402207,2.0747597190085294,26.273096580193453,False,0.22502217602550728,1.2716964199688512,0.2795073716638869,-0.008061902875293615
147,13.5,15.050333543550721,2.1013061903313948,26.185141088184128,False,0.22293628551462952,1.8133649001189023,0.27929583874469127,-0.008093843424253613
147,14.0,14.956638282648942,2.015157203713214,26.362755832669276,False,0.22367689299753182,1.1288143594716211,0.27906329275979636,-0.008129131003985868
147,14.5,13.937073226293892,2.271544702938976,25.31450900611953,False,0.19088257379793236,2.0748346645844262,0.27886053573553843,-0.00816004794495768
147,15.0,13.922605137962464,2.121790668350933,25.56674323115324,False,0.19371658631297234,0.6972849787257895,0.27861267891261593,-0.008198032346035684
147,15.5,13.164999217071113,1.9189714101369424,25.821254465606987,False,0.18734582752738665,0.5292535703465466,0.2784233055306172,-0.008227196104255511
147,16.0,12.909620347663614,1.779389424161205,26.162708400769247,False,0.1894998930997524,0.5088520641665519,0.27824851933504285,-0.008254223173095177
147,16.5,12.272671275615608,1.70639525371716,26.12029560409331,False,0.1794478517867254,0.49042568228645367,0.27808030925160754,-0.008280333330498919
147,17.0,10.762449278403523,1.4874108638415258,26.119089169122333,False,0.15734832445546643,0.291130704216077,0.2779160648799968,-0.00830592292486559
147,17.5,9.491651063909815,1.3055883025959092,26.174081718097185,False,0.13947400598461313,0.32610068493331884,0.27776818228247524,-0.008329043971129048
147,18.0,10.47469942765607,1.4922910417009994,25.95815315184833,False,0.1509093349259119,0.39462861287918466,0.2776263528322705,-0.008351290699666367
147,18.5,9.793935991100408,1.4422878594875839,25.727260461080725,False,0.13821145519803082,0.2887476541176776,0.27747530970801293,-0.008375060535870862
147,19.0,7.397034719694782,1.06144372666649,25.84703478406734,False,0.10550755273078301,0.1342717378680501,0.27733064711711947,-0.008397901869896859
147,19.5,4.4142290312700405,0.5945176488763216,13.082977629813609,False,0.06481574128042142,0.014544007557250221,0.27720675725137295,-0.008417522339663802
147.0,20.0,0.0,0.0,0.0,0.0,0.0,0.0,0.277105581033,-0.00843358616865
147.0,20.5,0.0,0.0,0.0,0.0,0.0,0.0,0.277027961831,-0.00844593459446
147.0,21.0,0.0,0.0,0.0,0.0,0.0,0.0,0.276950778957,-0.00845823497196
147.0,21.5,0.0,0.0,0.0,0.0,0.0,0.0,0.276874025753,-0.00847048804623
147.0,22.0,0.0,0.0,0.0,0.0,0.0,0.0,0.276797695725,-0.00848269454378
147.0,22.5,0.0,0.0,0.0,0.0,0.0,0.0,0.276721782544,-0.00849485517313
147.0,23.0,0.0,0.0,0.0,0.0,0.0,0.0,0.276646280031,-0.00850697062544
147.0,23.5,0.0,0.0,0.0,0.0,0.0,0.0,0.276571182161,-0.00851904157503
147.0,24.0,0.0,0.0,0.0,0.0,0.0,0.0,0.276496483053,-0.00853106867988
148.0,0.5,0.0,0.0,0.0,0.0,0.0,0.0,0.276422176966,-0.00854305258223
148.0,1.0,0.0,0.0,0.0,0.0,0.0,0.0,0.276348258297,-0.00855499390896
148.0,1.5,0.0,0.0,0.0,0.0,0.0,0.0,0.276274721575,-0.00856689327213
148.0,2.0,0.0,0.0,0.0,0.0,0.0,0.0,0.276201561454,-0.00857875126945
148.0,2.5,0.0,0.0,0.0,0.0,0.0,0.0,0.276128772716,-0.00859056848466
148.0,3.0,0.0,0.0,0.0,0.0,0.0,0.0,0.27605635026,-0.00860234548797
148.0,3.5,0.0,0.0,0.0,0.0,0.0,0.0,0.275984289103,-0.0086140828365
148.0,4.0,0.0,0.0,0.0,0.0,0.0,0.0,0.275912584375,-0.00862578107463
148.0,4.5,0.0,0.0,0.0,0.0,0.0,0.0,0.275841231314,-0.0086374407344
148.0,5.0,0.0,0.0,0.0,0.0,0.0,0.0,0.275770225265,-0.00864906233585
148,5.5,2.86802880107996,0.18090369704192588,15.170074157297062,False,0.06850704043622065,0.052587027617455935,0.27569956167766074,-0.008660646387406096
148,6.0,3.5416964303348895,0.2025986828974311,15.397278274814914,False,0.09079350231116028,0.06414838265923126,0.27562037513850857,-0.008673649598728328
148,6.5,4.428709829125086,0.2677897497498796,15.293234857179833,False,0.10984905751818465,0.09992712857549908,0.275540260177814,-0.00868682894504399
148,7.0,11.451557674685827,0.6785058220813017,30.661673345017572,False,0.2874128673450841,0.20411691930342107,0.2754566428125641,-0.008700609911500463
148,7.5,12.540714780557671,0.9517419596420501,29.483735226973955,False,0.26542173270644026,0.25400373672304805,0.27535381002211773,-0.008717593501587052
148,8.0,14.153775328753168,1.3440754602794174,28.398333344238218,False,0.26454137203131955,0.509176038722803,0.275239035878355,-0.008736595962341906
148,8.5,14.459231312993907,1.667199036050232,27.35119163458379,False,0.24085490623429484,0.6167848168013185,0.275100006075453,-0.008759680426482964
148,9.0,14.564812804338246,1.9242286481121378,26.533643684916033,False,0.22312640661820304,0.6427806563040794,0.2749449432454012,-0.00878551279360308
148,9.5,14.972750888939762,2.0416594361239357,26.331131452263886,False,0.22501517836104062,0.577187057348629,0.274779449029869,-0.008813183151742912
148,10.0,15.074764264632709,2.137435415840261,26.100357782745178,False,0.22162152542686206,0.5348367939193021,0.27461229326320713,-0.008841236788107302
148,10.5,15.442448057008779,2.2068807061215923,26.032465149782816,False,0.2257803004145844,0.4212712155185864,0.27444341198958255,-0.00886968813267262
148,11.0,15.278511274378765,2.170242532038992,26.017633219792685,False,0.22131016095271314,0.20951808617746784,0.2742765034785722,-0.008897914374881886
148,11.5,15.672291202015831,2.2919423109525545,25.845487557778476,False,0.2251288486293433,0.22965597654025585,0.274119316281409,-0.008924594532353745
148,12.0,14.550630146130105,2.3262221333773874,25.425857445347383,False,0.20125251236223246,0.2529566246325647,0.2739570377760469,-0.00895223892294364
148,12.5,14.328895257202714,2.4368952941673925,25.034547202975226,False,0.1918603107186937,0.1326916988530985,0.2737928621354801,-0.008980310378398115
148,13.0,15.302767050449063,2.538646985196709,25.09444438254785,False,0.20578353008684228,0.019547369966231895,0.2736293352263925,-0.009008375229525774
148,13.5,15.139756757106495,2.5306496254950184,25.039638921589795,False,0.20269822610341265,0.0,0.2734665221409691,-0.009036421451221617
148,14.0,14.979287688597516,2.4253090327841473,25.22142641924274,False,0.20230877522429228,0.0,0.2733050326630657,-0.009064342499331282
148,14.5,14.3085670689517,2.3032199082763825,25.22577593940718,False,0.1933214774282534,0.0,0.2731478160164775,-0.009091623588719608
148,15.0,13.673136764810607,2.2556612442903603,25.065736298847575,False,0.18225891711768988,0.0,0.27299550474223183,-0.009118146819575958
148,15.5,12.623258248360337,2.3090719010841703,24.51349829308682,False,0.16164559069614257,0.0,0.2728452674070198,-0.009144399264869393
148,16.0,11.904874862085409,2.125170319325622,24.63517479668518,False,0.15386363064756847,0.0,0.2726932692813795,-0.009171051088514204
148,16.5,12.1468244002799,2.00005864586599,25.09367924010371,False,0.16229361409733023,0.0,0.27254851345954606,-0.009196519108186795
148,17.0,10.579829165641332,1.7729283234236315,25.003920555560896,False,0.14029932366155726,0.0,0.2724087660287262,-0.009221185945189109
148,17.5,9.086527825162626,1.4173101903774943,25.386022601504123,False,0.12446098620991256,0.0,0.2722778958056368,-0.009244357373206884
148,18.0,10.533001213644507,1.6479397893638406,25.394676899565958,False,0.14438136798970755,0.0,0.27216077616195167,-0.009265153016421479
148,18.5,9.234941920067364,1.4599776960884394,25.301673849887564,False,0.12558179705427489,0.0,0.2720351563422751,-0.00928751992622721
148,19.0,7.289561367407048,1.1338495530797685,25.377384617977306,False,0.09977316983287775,0.0,0.27191691924518935,-0.009308631121939784
148,19.5,3.981573729241544,0.5793749638046463,12.871989453882845,False,0.05627119223090496,0.0,0.27181130567829254,-0.009327536750853025
148.0,20.0,0.0,0.0,0.0,0.0,0.0,0.0,0.271726978837,-0.00934266474793
148.0,20.5,0.0,0.0,0.0,0.0,0.0,0.0,0.271664881195,-0.00935382358147
148.0,21.0,0.0,0.0,0.0,0.0,0.0,0.0,0.271603023052,-0.00936495516941
148.0,21.5,0.0,0.0,0.0,0.0,0.0,0.0,0.271541402,-0.00937605978853
148.0,22.0,0.0,0.0,0.0,0.0,0.0,0.0,0.271480015674,-0.0093871377106
148.0,22.5,0.0,0.0,0.0,0.0,0.0,0.0,0.271418861752,-0.00939818920245
148.0,23.0,0.0,0.0,0.0,0.0,0.0,0.0,0.27135793795,-0.00940921452612
148.0,23.5,0.0,0.0,0.0,0.0,0.0,0.0,0.271297242024,-0.009420213939
148.0,24.0,0.0,0.0,0.0,0.0,0.0,0.0,0.271236771769,-0.00943118769385
149.0,0.5,0.0,0.0,0.0,0.0,0.0,0.0,0.271176525017,-0.00944213603901
149.0,1.0,0.0,0.0,0.0,0.0,0.0,0.0,0.271116499637,-0.00945305921843
149.0,1.5,0.0,0.0,0.0,0.0,0.0,0.0,0.271056693532,-0.00946395747181
149.0,2.0,0.0,0.0,0.0,0.0,0.0,0.0,0.270997104644,-0.00947483103468
149.0,2.5,0.0,0.0,0.0,0.0,0.0,0.0,0.270937730944,-0.00948568013851
149.0,3.0,0.0,0.0,0.0,0.0,0.0,0.0,0.27087857044,-0.0094965050108
149.0,3.5,0.0,0.0,0.0,0.0,0.0,0.0,0.270819621172,-0.00950730587515
149.0,4.0,0.0,0.0,0.0,0.0,0.0,0.0,0.270760881211,-0.00951808295138
149.0,4.5,0.0,0.0,0.0,0.0,0.0,0.0,0.27070234866,-0.00952883645558
149.0,5.0,0.0,0.0,0.0,0.0,0.0,0.0,0.270644021652,-0.00953956660023
149,5.5,2.4136895828465375,0.15905020431853495,15.048211071631892,False,0.05561903401645617,0.0,0.2705858983496143,-0.009550273594262138
149,6.0,10.15906444676548,0.684579221851162,29.99965123889638,False,0.23086085338786005,0.0,0.270521940997733,-0.009562071839174208
149,6.5,11.98588298574094,0.9150158526026586,29.447886432698898,False,0.2524746512072322,0.0,0.27043823996469124,-0.009577538456679054
149,7.0,12.797100414419337,1.0302869775039307,29.2112866943038,False,0.26137384057774027,0.0,0.2703459922398967,-0.009594618908071898
149,7.5,13.402915989972598,1.2209707875643823,28.588358374394268,False,0.25347480269020417,0.0,0.2702495666240652,-0.009612511742510684
149,8.0,13.95952114596659,1.3520420465510736,28.243239398289504,False,0.25359652831207313,0.0,0.27014609951195656,-0.009631755440607712
149,8.5,14.175637438598823,1.3748343475702836,28.20424399667001,False,0.2563809092423919,0.0,0.2700378515252606,-0.009651937479144074
149,9.0,14.624445652627909,1.5247098257268141,27.83967409357841,False,0.25397136162130424,0.0,0.2699289301988688,-0.009672295934509741
149,9.5,14.751183403469224,1.6268890632230193,27.4948598038127,False,0.2468792534240375,0.0,0.26981451111164556,-0.009693737101973809
149,10.0,15.072453059688494,1.7327611459202161,27.305467764396283,False,0.24732803125502278,0.0,0.2696964027369165,-0.009715929036784551
149,10.5,13.4179460381971,1.5989520294134252,26.98171671642853,False,0.21306346795644057,0.0,0.2695744633587719,-0.009738904335406076
149,11.0,7.832996458730884,0.9116108197949339,13.560967023136643,False,0.12614564693529529,0.0,0.2694577873173274,-0.009760948564674453
149,11.5,7.078672896883666,0.7668503025258466,13.74877251386563,False,0.1185038016988154,0.0,0.26936737960107876,-0.009778070667713688
149,12.0,14.649676928551713,1.6736208975054503,27.2557194124892,False,0.23916329355991492,0.0,0.2692826477966952,-0.009794150318455515
149,12.5,7.527177433687542,0.8544180930356446,13.625310256719011,False,0.12282066309481701,0.0,0.2691636848703856,-0.009816779249330745
149,13.0,4.135909857608857,0.4528376899533108,13.703024609122153,False,0.06857879242557224,0.0,0.26907598996450716,-0.009833500321363231
149,13.5,15.106357015931685,1.693117627432168,27.42716795310217,False,0.2510357447387014,0.0,0.26900371289121566,-0.009847307139949836
149,14.0,4.964681591244224,0.40788006081252476,14.483799286224569,False,0.09832461480112134,0.0,0.2688845437160038,-0.00987012205207034
149,14.5,5.5128268207761195,0.40747472588764316,14.757412620822436,False,0.11716250931967846,0.0,0.2688143243013322,-0.009883595032335499
149,15.0,13.988349123815224,1.1574277295447146,29.07820312051827,False,0.28090470965081143,0.0,0.2687442939513687,-0.00989705356637359
149,15.5,13.593023148508708,1.3225478602188352,28.23188361051541,False,0.24661870332453673,0.0,0.268645975246742,-0.009915985463844328
149,16.0,13.153928661537668,1.4885002693295983,27.402664277918603,False,0.21906332388726968,0.0,0.2685415612255564,-0.00993613831747897
149,16.5,4.878147560038672,0.4588551695776067,14.147986517132855,False,0.08915607952229153,0.0,0.2692247928783965,-0.009805147613410656
149,17.0,10.796506649481923,0.761597204211494,29.769440348926548,False,0.23753499544267384,0.0,0.2691514632764105,-0.00981910754748836
149,17.5,11.731815834816713,1.1409726009117043,28.173660120669094,False,0.21144666896104258,0.0,0.2690668293728666,-0.009835248957879853
149,18.0,9.448049727855828,0.9507601166746353,27.91782877571917,False,0.165488851125752,0.0,0.26896798140453143,-0.00985414132331733
149,18.5,6.59635156779675,0.5520173923901741,28.873511229143233,False,0.1291270137618183,0.0,0.2688765336940376,-0.009871657826641641
149,19.0,7.788750867521774,0.6651757917192951,28.739567579553647,False,0.14999655238344464,0.0,0.2688003984671379,-0.00988626958149861
149,19.5,2.6087738403453664,0.23639746268958953,14.19545262871362,False,0.04820534488718235,0.0,0.26872014763779645,-0.009901699101500764
149.0,20.0,0.0,0.0,0.0,0.0,0.0,0.0,0.268656346234,-0.00991398642926
149.0,20.5,0.0,0.0,0.0,0.0,0.0,0.0,0.268601691989,-0.00992452658137
149.0,21.0,0.0,0.0,0.0,0.0,0.0,0.0,0.26854721223,-0.00993504637398
149.0,21.5,0.0,0.0,0.0,0.0,0.0,0.0,0.268492905574,-0.0099455459663
149.0,22.0,0.0,0.0,0.0,0.0,0.0,0.0,0.26843877066,-0.00995602551516
149.0,22.5,0.0,0.0,0.0,0.0,0.0,0.0,0.268384806144,-0.00996648517506
149.0,23.0,0.0,0.0,0.0,0.0,0.0,0.0,0.268331010701,-0.00997692509821
149.0,23.5,0.0,0.0,0.0,0.0,0.0,0.0,0.268277383027,-0.00998734543455
149.0,24.0,0.0,0.0,0.0,0.0,0.0,0.0,0.268223921833,-0.00999774633183
150.0,0.5,0.0,0.0,0.0,0.0,0.0,0.0,0.268170625849,-0.0100081279357
150.0,1.0,0.0,0.0,0.0,0.0,0.0,0.0,0.268117493823,-0.0100184903895
150.0,1.5,0.0,0.0,0.0,0.0,0.0,0.0,0.26806452452,-0.0100288338348
150.0,2.0,0.0,0.0,0.0,0.0,0.0,0.0,0.268011716719,-0.0100391584109
150.0,2.5,0.0,0.0,0.0,0.0,0.0,0.0,0.267959069221,-0.0100494642552
150.0,3.0,0.0,0.0,0.0,0.0,0.0,0.0,0.267906580837,-0.0100597515031
150.0,3.5,0.0,0.0,0.0,0.0,0.0,0.0,0.267854250397,-0.0100700202881
150.0,4.0,0.0,0.0,0.0,0.0,0.0,0.0,0.267802076747,-0.0100802707419
150.0,4.5,0.0,0.0,0.0,0.0,0.0,0.0,0.267750058747,-0.0100905029943
150,5.0,3.911980453741331,0.1459935615836892,16.182346146079645,False,0.13425620488899173,0.0,0.26769819527240035,-0.01010071717323907
150,5.5,7.476556483178396,0.3005504176646439,32.15095557445811,False,0.24527976078489827,0.0,0.26764094476389305,-0.010112006602205828
150,6.0,9.117138332319023,0.3905690764984798,31.93742871217756,False,0.28648616398730625,0.0,0.26757798114952736,-0.010124439982481874
150,6.5,11.247660695901216,0.5310473082971184,31.61334708126717,False,0.332169286834043,0.0,0.26751175256887627,-0.010137537754625945
150,7.0,12.688834608668799,0.6693671326647825,31.263629119307367,False,0.35188501694158697,0.0,0.2674403430158413,-0.010151682773872584
150,7.5,12.592674732688465,0.6887654664758291,31.012037314167813,False,0.3345454759069629,0.0,0.2673638333475874,-0.010166864142414226
150,8.0,13.984878267176367,0.8850204349730233,30.494440439640442,False,0.3419717998286581,0.0,0.26728673558767263,-0.010182189573227127
150,8.5,14.483364601388153,1.0492668426852,29.846289224457877,False,0.3220730209458642,0.0,0.26720233700798646,-0.010198997824079719
150,9.0,14.802008109035985,1.170026437247403,29.36647659135629,False,0.3084692352175243,0.0,0.26711185131680026,-0.010217055077828446
150,9.5,14.492938862374437,1.205663543224169,28.992185747424266,False,0.28791131270616166,0.0,0.26701692783411063,-0.010236038888981997
150,10.0,15.045998595655414,1.3838432564927807,28.57948343216385,False,0.2863408057002054,0.0,0.2669207959640817,-0.010255307214583908
150,10.5,15.208341529256355,1.5060395918473892,28.17273545270492,False,0.27608974625464,0.0,0.2668180452442856,-0.010275949999789761
150,11.0,15.451528955914064,1.638970968808514,27.705168036662762,False,0.26445158675036384,0.0,0.26671079927528063,-0.010297548714097486
150,11.5,15.625545219815347,1.8834068694234263,26.949193558622305,False,0.24909474450369892,0.0,0.26659864970876634,-0.010320192866586912
150,12.0,15.562537393731578,1.897017654662955,26.886872770095707,False,0.2447998776721018,0.0,0.26647736401129113,-0.010344748506456527
150,12.5,15.42539797628858,2.1114616673628515,26.196563933825047,False,0.22855495873203718,0.0,0.26635570105309936,-0.010369450498469117
150,13.0,15.432648251094658,2.161673733611922,26.057960804645447,False,0.2243667259108846,0.0,0.2662260383034914,-0.01039585414212768
150,13.5,14.63826987126444,2.208835615197108,25.622259424768053,False,0.20581138642286922,0.0,0.2660946074474626,-0.010422699622333907
150,14.0,12.94275081603573,1.8349662603165626,25.887495905960186,False,0.1852810117241932,0.0,0.26596152334114054,-0.010449966993226773
150,14.5,14.793017179677722,2.1293218823959634,25.882898756018456,False,0.21168079576967408,0.0,0.2658427632108413,-0.01047437134082081
150,15.0,12.653543145181224,1.7220917341625335,26.129957112582225,False,0.1851813092677559,0.0,0.26571296708362163,-0.010501121212155679
150,15.5,13.422475000567372,1.783724778086052,26.353021063871218,False,0.20163597508783881,0.0,0.26559875925215926,-0.010524725811597682
150,16.0,12.799540906092606,1.6914163369831037,26.315204206730083,False,0.19056556382900205,0.0,0.2654823455489552,-0.010548851413718861
150,16.5,12.42170868225729,1.678369587852759,26.20754392239912,False,0.183095346974893,0.0,0.26536956722829097,-0.010572286480929042
150,17.0,9.9701866266036,1.333756603304551,26.21410032767038,False,0.14704936951276643,0.0,0.26525741551157145,-0.010595652882412574
150,17.5,1.962071355284562,0.24079463548644198,13.366824848504402,False,0.030402896504933455,0.0,0.26515847253405933,-0.01061631839468564
150,18.0,8.078505760042745,0.955026152213349,26.953398974542985,False,0.12791696223819457,0.0,0.26510113732951324,-0.010628315565787881
150,18.5,7.095090690563374,0.8655503794228808,26.752879159050647,False,0.11014691654925063,0.0,0.26501682623812567,-0.010645986692682383
150,19.0,3.1641800372849014,0.3593343186974815,13.553046332074363,False,0.05087560645196122,0.0,0.2649360391597531,-0.010662952058031626
150,19.5,2.521354278256533,0.2685628590335297,13.714377848033275,False,0.041906531815083845,0.0,0.2648745906271533,-0.010675877881676333
150.0,20.0,0.0,0.0,0.0,0.0,0.0,0.0,0.264816713809,-0.0106880694642
150.0,20.5,0.0,0.0,0.0,0.0,0.0,0.0,0.264769155159,-0.0106980999722
150.0,21.0,0.0,0.0,0.0,0.0,0.0,0.0,0.264721722017,-0.010708115183
150.0,21.5,0.0,0.0,0.0,0.0,0.0,0.0,0.264674413676,-0.010718115172
150.0,22.0,0.0,0.0,0.0,0.0,0.0,0.0,0.264627229435,-0.0107281000137
150.0,22.5,0.0,0.0,0.0,0.0,0.0,0.0,0.264580168601,-0.010738069782
150.0,23.0,0.0,0.0,0.0,0.0,0.0,0.0,0.264533230488,-0.0107480245501
150.0,23.5,0.0,0.0,0.0,0.0,0.0,0.0,0.264486414413,-0.0107579643904
150.0,24.0,0.0,0.0,0.0,0.0,0.0,0.0,0.264439719704,-0.0107678893747
151.0,0.5,0.0,0.0,0.0,0.0,0.0,0.0,0.264393145692,-0.0107777995743
151.0,1.0,0.0,0.0,0.0,0.0,0.0,0.0,0.264346691714,-0.0107876950595
151.0,1.5,0.0,0.0,0.0,0.0,0.0,0.0,0.264300357116,-0.0107975759001
151.0,2.0,0.0,0.0,0.0,0.0,0.0,0.0,0.264254141246,-0.0108074421655
151.0,2.5,0.0,0.0,0.0,0.0,0.0,0.0,0.26420804346,-0.010817293924
151.0,3.0,0.0,0.0,0.0,0.0,0.0,0.0,0.264162063121,-0.0108271312437
151.0,3.5,0.0,0.0,0.0,0.0,0.0,0.0,0.264116199596,-0.0108369541919
151.0,4.0,0.0,0.0,0.0,0.0,0.0,0.0,0.264070452257,-0.0108467628352
151.0,4.5,0.0,0.0,0.0,0.0,0.0,0.0,0.264024820484,-0.0108565572397
151.0,5.0,0.0,0.0,0.0,0.0,0.0,0.0,0.26397930366,-0.0108663374711
151,5.5,2.848705236648238,0.16557627918880485,15.32303600559906,False,0.07132166628533164,0.0,0.2639339011755466,-0.010876103594156637
151,6.0,10.573025889589552,0.6185794306625471,30.630532221619728,False,0.2640659533409207,0.0,0.263882328813972,-0.010887209553506071
151,6.5,10.896191258351479,0.6281190252536686,30.69531590673616,False,0.27493349130777356,0.0,0.2638136781404114,-0.01090201425026562
151,7.0,12.416710480199978,0.7321037437449993,30.649409978072566,False,0.31103462529635495,0.0,0.26374477798027424,-0.01091689687315382
151,7.5,13.57710131758129,0.8635825672175107,30.35872410548359,False,0.32521592029745205,0.0,0.2636720435589934,-0.01093263397954119
151,8.0,14.06250098539246,1.0337075888945724,29.627634148697137,False,0.3034393836970043,0.0,0.26359443089667445,-0.010949456380259502
151,8.5,13.301190617570525,1.1099159037746442,28.90929165854351,False,0.26152922770623327,0.0,0.26351047279914425,-0.010967688881353743
151,9.0,7.227415331396488,0.6390471557008464,14.30854694194005,False,0.13715279752915882,0.0,0.26342373283504245,-0.010986563501591712
151,9.5,13.729939696355,1.2236327019706101,28.56590931782899,False,0.25896831038841495,0.0,0.26335497199307395,-0.011001553368395865
151,10.0,15.278426954032774,1.4994392798692988,28.132171175161446,False,0.27408016109520633,0.0,0.26326413528635145,-0.011021393150825903
151,10.5,14.398154864437469,1.5368713312484596,27.569545512130475,False,0.24287928534790976,0.0,0.2631629403169299,-0.011043545516696894
151,11.0,14.888817689957985,1.5070450532296835,27.890264602559498,False,0.25999842029225684,0.0,0.2630604328495791,-0.011066039306823065
151,11.5,15.554265066953581,1.6757602406349072,27.61978692058925,False,0.26546367482900063,0.0,0.2629591648063662,-0.011088314745769524
151,12.0,15.536214727843245,1.9705250359557174,26.64532477275095,False,0.2400705926740112,0.0,0.26285160102882654,-0.011112033562929167
151,12.5,14.828664535416348,1.9843852188900293,26.371482350094038,False,0.22318647475393513,0.0,0.26273295742861524,-0.011138265732382451
151,13.0,15.433553247124134,2.1591625513722033,26.050026926612773,False,0.2242173071593223,0.0,0.26261389381734235,-0.011164664975965832
151,13.5,14.654435794679772,2.144140450463563,25.792082559801123,False,0.20908486602136464,0.0,0.26248830290184716,-0.011192592312889145
151,14.0,14.595024021550888,2.105511919141428,25.864949123067134,False,0.20963674973652463,0.0,0.2623633870737373,-0.011220452134716407
151,14.5,14.668611961749145,1.9752330486691818,26.256814769976813,False,0.21835928169339902,0.0,0.2622400417171277,-0.011248042806706235
151,15.0,13.532515439643625,1.8523833773453209,26.236749370832037,False,0.20099933921127577,0.0,0.2621217444871808,-0.011274580253856631
151,15.5,13.056260479023042,1.64557460890871,26.67415384419191,False,0.2021217569305972,0.0,0.2620082129834561,-0.011300118791401944
151,16.0,12.966966023738564,1.7263222394628526,26.355724958358614,False,0.1946362263510858,0.0,0.26190263299396827,-0.011323930537109464
151,16.5,13.28344212870615,1.827973611662047,26.14435098356067,False,0.19539019787254625,0.0,0.2617940913193697,-0.011348472589452303
151,17.0,12.849994005144332,1.710944991859855,26.309752808467742,False,0.19183781265264563,0.0,0.2616817942211708,-0.011373930500510733
151,17.5,12.254993528263183,1.5691215099946474,26.537592880844777,False,0.1863364116008132,0.0,0.26157404015747027,-0.011398422494842029
151,18.0,11.494517892728398,1.4009467912099853,26.790647683378847,False,0.17910545987670096,0.0,0.2614717696617267,-0.011421726243386913
151,18.5,8.939592015353195,1.0250419249484322,27.102140477592265,False,0.14367879125486677,0.0,0.2613759823374719,-0.01144360421112191
151,19.0,7.897479371966665,0.8918894065978944,27.155275899020502,False,0.12761484442956172,0.0,0.26129456111391625,-0.011462240208473801
151,19.5,4.671410682204917,0.49673220552828196,13.736984022455152,False,0.07801035812101363,0.0,0.26121829313733214,-0.01147972951917773
151.0,20.0,0.0,0.0,0.0,0.0,0.0,0.0,0.261157121061,-0.0114937801108
151.0,20.5,0.0,0.0,0.0,0.0,0.0,0.0,0.261114899246,-0.0115034899767
151.0,21.0,0.0,0.0,0.0,0.0,0.0,0.0,0.261072776324,-0.0115131868405
151.0,21.5,0.0,0.0,0.0,0.0,0.0,0.0,0.261030751893,-0.0115228707377
151.0,22.0,0.0,0.0,0.0,0.0,0.0,0.0,0.260988825553,-0.0115325417037
151.0,22.5,0.0,0.0,0.0,0.0,0.0,0.0,0.260946996904,-0.0115421997743
151.0,23.0,0.0,0.0,0.0,0.0,0.0,0.0,0.260905265549,-0.0115518449849
151.0,23.5,0.0,0.0,0.0,0.0,0.0,0.0,0.260863631094,-0.0115614773711
151.0,24.0,0.0,0.0,0.0,0.0,0.0,0.0,0.260822093143,-0.0115710969682
152.0,0.5,0.0,0.0,0.0,0.0,0.0,0.0,0.260780651305,-0.0115807038118
152.0,1.0,0.0,0.0,0.0,0.0,0.0,0.0,0.26073930519,-0.0115902979372
152.0,1.5,0.0,0.0,0.0,0.0,0.0,0.0,0.260698054409,-0.0115998793799
152.0,2.0,0.0,0.0,0.0,0.0,0.0,0.0,0.260656898575,-0.0116094481751
152.0,2.5,0.0,0.0,0.0,0.0,0.0,0.0,0.260615837303,-0.0116190043582
152.0,3.0,0.0,0.0,0.0,0.0,0.0,0.0,0.260574870211,-0.0116285479645
152.0,3.5,0.0,0.0,0.0,0.0,0.0,0.0,0.260533996916,-0.0116380790291
152.0,4.0,0.0,0.0,0.0,0.0,0.0,0.0,0.260493217039,-0.0116475975873
152.0,4.5,0.0,0.0,0.0,0.0,0.0,0.0,0.260452530202,-0.0116571036741
152,5.0,1.160171540892353,0.028893027012904346,16.89017296497702,True,0.057323044662996,0.0,0.26041193602844437,-0.011666597324672364
152,5.5,5.252891862662345,0.1331742800107717,33.780345898288004,False,0.2595407181093926,0.0,0.260370337654933,-0.0116763353831196
152,6.0,7.288474780183215,0.2399481790706346,33.29634718332343,False,0.31305644305303354,0.0,0.2603248737294099,-0.011686989434629176
152,6.5,11.733755476437413,0.7175295779662783,30.550485728520194,False,0.28941849824528987,0.0,0.260275449285087,-0.011698584740021434
152,7.0,12.7646818168522,1.0429728118226147,29.114166347785336,False,0.2575008350991015,0.0,0.2602079918272229,-0.011714432840175582
152,7.5,13.349894163432172,1.2396859505185713,28.432868113386164,False,0.24788978429714098,0.0,0.26012827462452814,-0.011733194168696661
152,8.0,13.726143662097513,1.364759080948618,28.024179754152193,False,0.2451340911368888,0.0,0.2600411826135896,-0.011753732084734049
152,8.5,13.96181199431507,1.5301165973246436,27.49665152157182,False,0.2353521934331111,0.0,0.2599494341685415,-0.011775414421596029
152,9.0,14.112951872721634,1.600153526016033,27.3300177270553,False,0.23380431051484685,0.0,0.2598515001421555,-0.011798611163806259
152,9.5,14.168596335436195,1.6847350219113202,27.08221010886465,False,0.2288512843938247,0.0,0.25975099759284925,-0.011822472917441066
152,10.0,14.078709321445473,1.7526778814761168,26.842825557558697,False,0.22209918164306025,0.0,0.2596473742060018,-0.011847135863527496
152,10.5,14.282531780010903,1.8654478738231834,26.567901041967996,False,0.21932322018258488,0.0,0.2595412610719725,-0.011872454937869087
152,11.0,14.413142971384737,1.9500942980164062,26.36767149841708,False,0.21725487635989799,0.0,0.259430956662341,-0.0118988424414219
152,11.5,14.533644863001864,2.027998445634388,26.17171460714859,False,0.21501725514191866,0.0,0.2593175279280868,-0.011926050267498371
152,12.0,14.561531867770594,2.1312168398504525,25.89242009668213,False,0.210162257285673,0.0,0.25920123040534215,-0.011954023218547383
152,12.5,14.572463979536138,2.251010772738645,25.566590729475706,False,0.20439491323830805,0.0,0.25908110309090504,-0.011982999464271804
152,13.0,14.504050656036814,2.265905771820052,25.473751860173177,False,0.20154490366542163,0.0,0.2589565166191718,-0.012013139764012902
152,13.5,14.382515591715823,2.2708090377931516,25.393268993848082,False,0.1983220870863994,0.0,0.2588314515786757,-0.012043486731768681
152,14.0,14.142644312667004,2.2649702723300016,25.31076890686873,False,0.1936975618200743,0.0,0.2587062868386622,-0.012073949384421261
152,14.5,13.887516929747633,2.2383363045720004,25.261648624047588,False,0.18939538270287049,0.0,0.2585814297461866,-0.012104428672600101
152,15.0,13.60223456959196,2.2698189054393527,25.027715701799067,False,0.18185007091215968,0.0,0.2584576691695285,-0.012134730798794822
152,15.5,13.384494565431606,2.2483619920024167,24.97053321551877,False,0.17805716843104546,0.0,0.25833279928305525,-0.012165396180081728
152,16.0,13.110052071286525,2.1934663699217483,24.96496422405194,False,0.17417785373960654,0.0,0.2582088288374329,-0.012195932057656398
152,16.5,12.808830765071642,2.1178970536736292,25.017965945901523,False,0.17083650546971932,0.0,0.2580870265322858,-0.012226022869755394
152,17.0,12.434778963222321,2.0202903583454623,25.096542742852346,False,0.16682363276766235,0.0,0.2579681766389885,-0.012255469604874602
152,17.5,11.826075042511572,1.8970997071895086,25.143532914782448,False,0.15920559349262042,0.0,0.257853115183914,-0.012284058240963002
152,18.0,10.937036198049384,1.690085885614642,25.371518611477907,False,0.14962112018358809,0.0,0.2577428127888782,-0.012311539048437431
152,18.5,9.59885553464849,1.4594826986240335,25.436430369621846,False,0.1320516362421829,0.0,0.25764045025375354,-0.012337107267093134
152,19.0,7.6639248470539005,1.1386924341191125,25.55527308041649,False,0.10652757618370587,0.0,0.2575469225111963,-0.012360524050895756
152,19.5,4.484174788540048,0.6377507897702824,12.891794303256557,False,0.06359820479517142,0.0,0.25746565187595266,-0.01238091500322621
152.0,20.0,0.0,0.0,0.0,0.0,0.0,0.0,0.257403474805,-0.0123965424099
152.0,20.5,0.0,0.0,0.0,0.0,0.0,0.0,0.257365582923,-0.0124060775727
152.0,21.0,0.0,0.0,0.0,0.0,0.0,0.0,0.257327773344,-0.012415600736
152.0,21.5,0.0,0.0,0.0,0.0,0.0,0.0,0.257290045792,-0.0124251119218
152.0,22.0,0.0,0.0,0.0,0.0,0.0,0.0,0.257252399992,-0.0124346111519
152.0,22.5,0.0,0.0,0.0,0.0,0.0,0.0,0.257214835672,-0.0124440984484
152.0,23.0,0.0,0.0,0.0,0.0,0.0,0.0,0.257177352555,-0.0124535738337
152.0,23.5,0.0,0.0,0.0,0.0,0.0,0.0,0.25713995037,-0.0124630373301
152.0,24.0,0.0,0.0,0.0,0.0,0.0,0.0,0.257102628844,-0.0124724889601
153.0,0.5,0.0,0.0,0.0,0.0,0.0,0.0,0.257065387702,-0.0124819287465
153.0,1.0,0.0,0.0,0.0,0.0,0.0,0.0,0.257028226675,-0.0124913567121
153.0,1.5,0.0,0.0,0.0,0.0,0.0,0.0,0.25699114549,-0.0125007728799
153.0,2.0,0.0,0.0,0.0,0.0,0.0,0.0,0.256954143877,-0.0125101772728
153.0,2.5,0.0,0.0,0.0,0.0,0.0,0.0,0.256917221565,-0.0125195699142
153.0,3.0,0.0,0.0,0.0,0.0,0.0,0.0,0.256880378284,-0.0125289508273
153.0,3.5,0.0,0.0,0.0,0.0,0.0,0.0,0.256843613766,-0.0125383200356
153.0,4.0,0.0,0.0,0.0,0.0,0.0,0.0,0.256806927741,-0.0125476775626
153.0,4.5,0.0,0.0,0.0,0.0,0.0,0.0,0.256770319942,-0.0125570234319
153,5.0,5.1232680491350475,0.29115855922768863,15.326932440841944,False,0.1284263156976967,0.0,0.2567337901012546,-0.012566357667247731
153,5.5,8.475856186977994,0.5332292048054665,30.256592924881424,False,0.19994956293140592,0.0,0.25668628849959774,-0.012578507813757927
153,6.0,10.776899714609009,0.7362465830276376,29.903252218225926,False,0.24157430006804337,0.0,0.2566296777547468,-0.012593006218344471
153,6.5,12.104652463102553,0.9384794115039944,29.317879741714528,False,0.2506614127202822,0.0,0.2565654396710252,-0.01260948216021648
153,7.0,13.021017308468693,1.1383917128344831,28.7093318846777,False,0.24984556553336215,0.0,0.2564936037580309,-0.012627937241627881
153,7.5,13.709637988581205,1.3338459086057999,28.18424754710697,False,0.24739040984455166,0.0,0.2564142578169662,-0.012648359112860856
153,8.0,14.232250943723958,1.540238312892503,27.575401257328892,False,0.2418734786235705,0.0,0.25632757077153956,-0.012670715416416711
153,8.5,14.516819089591442,1.7928912121374698,26.82563118634902,False,0.22845782662930425,0.0,0.2562331272578018,-0.01269512569854852
153,9.0,14.793251316888757,2.022205362836621,26.227680999879084,False,0.21990283730068777,0.0,0.2561291714346594,-0.012722059383587486
153,9.5,14.554038283917617,2.20668068374712,25.63875494883704,False,0.20515179406537426,0.0,0.25601658875073335,-0.01275130501261344
153,10.0,14.704944127932912,2.381468113105311,25.23222388351696,False,0.20013227853951615,0.0,0.25589708058378136,-0.012782437365884932
153,10.5,15.159655705153286,2.598337265803279,24.848161000569828,False,0.199721583640684,0.0,0.25577101433754057,-0.012815376331231167
153,11.0,15.523104696891721,2.72349118236344,24.672238037558586,False,0.20155933004206494,0.0,0.255636792763888,-0.012850557365662534
153,11.5,14.474914854469807,2.736232939610636,24.26360003099332,False,0.18194301478881034,0.0,0.2554978962049498,-0.012887084990829727
153,12.0,14.386595035770998,2.8410280205620277,24.012760650289867,False,0.1772583489916839,0.0,0.2553585904525887,-0.012923844552710501
153,12.5,14.07255769127027,2.867189860015287,23.813403917507905,False,0.17089286086618302,0.0,0.25521538184658554,-0.012961764293224156
153,13.0,13.910722639651182,2.9130004835857894,23.635037266145147,False,0.16658072876636726,0.0,0.25507125427566196,-0.013000061281607618
153,13.5,13.728679972299613,3.000894629610613,23.363957246213033,False,0.16102356679397925,0.0,0.25492546183316783,-0.013038937895867492
153,14.0,13.287760805944922,2.9173173101064247,23.32550527994711,False,0.15542534471597563,0.0,0.25477640721769823,-0.013078827683376154
153,14.5,12.580086368421075,2.783340876420746,23.257496342936882,False,0.14645242895781418,0.0,0.254630597531121,-0.01311798983218559
153,15.0,12.457961642156619,2.820345284185572,23.116456710094383,False,0.14348574967890765,0.0,0.25448994518808904,-0.013155899261666115
153,15.5,12.030882212304755,2.693548814192546,23.143060635712338,False,0.13880323896353564,0.0,0.2543479612474335,-0.013194300055571173
153,16.0,11.412329181167983,2.5667250538431925,23.11578069283712,False,0.1313240850571359,0.0,0.25421086171919705,-0.013231506620025136
153,16.5,11.991428847357714,2.755550485643256,22.987369778575157,False,0.13662703445990476,0.0,0.2540786474161262,-0.013267505878308957
153,17.0,11.396284676023527,2.572729244404223,23.07497674358073,False,0.13060618542238955,0.0,0.2539393392464021,-0.013305562983490548
153,17.5,10.797213057816215,2.4387632567800357,23.04813632823179,False,0.12344372015288649,0.0,0.2538070409629516,-0.013341825554786545
153,18.0,8.84025673530641,1.9711827664656125,23.133205874491477,False,0.10141566922377268,0.0,0.25367989829379656,-0.013376785997884376
153,18.5,6.2244539720469785,1.3293176285087598,23.385678888080268,False,0.07273132766248033,0.0,0.2535705716763106,-0.013406934866077568
153,19.0,3.9256514462846757,0.786966799053414,23.778397420019843,False,0.047232819352793526,0.0,0.2534856749894724,-0.013430402578142455
153,19.5,2.166724067379283,0.40410117845346333,12.097577790815032,False,0.026918170577603446,0.0,0.2534214314570159,-0.013448193742961781
153.0,20.0,0.0,0.0,0.0,0.0,0.0,0.0,0.253371788411,-0.013461960784
153.0,20.5,0.0,0.0,0.0,0.0,0.0,0.0,0.253337551527,-0.0134714651625
153.0,21.0,0.0,0.0,0.0,0.0,0.0,0.0,0.253303384976,-0.013480957988
153.0,21.5,0.0,0.0,0.0,0.0,0.0,0.0,0.253269288544,-0.0134904392779
153.0,22.0,0.0,0.0,0.0,0.0,0.0,0.0,0.253235262021,-0.0134999090499
153.0,22.5,0.0,0.0,0.0,0.0,0.0,0.0,0.253201305196,-0.0135093673216
153.0,23.0,0.0,0.0,0.0,0.0,0.0,0.0,0.253167417856,-0.013518814111
153.0,23.5,0.0,0.0,0.0,0.0,0.0,0.0,0.253133599791,-0.0135282494363
153.0,24.0,0.0,0.0,0.0,0.0,0.0,0.0,0.253099850791,-0.0135376733158
154.0,0.5,0.0,0.0,0.0,0.0,0.0,0.0,0.253066170644,-0.0135470857678
154.0,1.0,0.0,0.0,0.0,0.0,0.0,0.0,0.25303255914,-0.013556486811
154.0,1.5,0.0,0.0,0.0,0.0,0.0,0.0,0.252999016069,-0.0135658764641
154.0,2.0,0.0,0.0,0.0,0.0,0.0,0.0,0.25296554122,-0.0135752547459
154.0,2.5,0.0,0.0,0.0,0.0,0.0,0.0,0.252932134385,-0.0135846216755
154.0,3.0,0.0,0.0,0.0,0.0,0.0,0.0,0.252898795352,-0.0135939772721
154.0,3.5,0.0,0.0,0.0,0.0,0.0,0.0,0.252865523914,-0.0136033215548
154.0,4.0,0.0,0.0,0.0,0.0,0.0,0.0,0.252832319861,-0.0136126545431
154.0,4.5,0.0,0.0,0.0,0.0,0.0,0.0,0.252799182984,-0.0136219762565
154.0,5.0,0.0,0.0,0.0,0.0,0.0,0.0,0.252766113076,-0.0136312867147
154,5.5,8.571025282250545,0.8328951374251663,28.08739274539324,False,0.1529833835469784,0.0,0.252733109927393,-0.013640585937508604
154,6.0,9.99497698210633,1.0666560115257588,27.58484645500108,False,0.16887705535874598,0.0,0.25266856500322504,-0.01365879447113825
154,6.5,12.255052019914839,1.4630616314609994,26.98412418289763,False,0.1946446565554691,0.0,0.25259521521071365,-0.013679522081525093
154,7.0,13.125341963601475,1.6737399864502176,26.607393339517458,False,0.20091038925278462,0.0,0.2525068879834024,-0.013704531861577851
154,7.5,13.871418948361477,1.915649266606268,26.20099620295865,False,0.20434003019648472,0.0,0.2524106314557351,-0.013731848877769081
154,8.0,12.772729696375926,1.726699993634812,26.23423465534658,False,0.1887361404665701,0.0,0.25230526021094013,-0.01376182701203652
154,8.5,14.750033068592794,2.2116557206186145,25.699445052904245,False,0.20894315394878293,0.0,0.25220712510549953,-0.013789816616153512
154,9.0,15.207036963557147,2.3757096033557303,25.43398474962378,False,0.20915926140407268,0.0,0.25209065127660063,-0.013823124772432699
154,9.5,15.527431596687421,2.4932357525514424,25.243311153108817,False,0.21154115786543856,0.0,0.25196801673153674,-0.013858298366890794
154,10.0,15.179344832992744,2.730892572918093,24.60780793550235,False,0.1962028459780812,0.0,0.25184098699538193,-0.013894845072601582
154,10.5,14.576050667098688,2.9256643482462823,23.94207537397409,False,0.17874170291700053,0.0,0.2517050029165805,-0.013934095296717922
154,11.0,14.670930515108669,3.093017641584822,23.61294834802479,False,0.17543413218471474,0.0,0.2515616917830392,-0.013975603449559004
154,11.5,13.708918304884302,3.038932376275594,23.332442755790026,False,0.1605085648177994,0.0,0.2514120939287927,-0.01401908972528055
154,12.0,14.518092776764767,3.326851637827045,23.05555964677858,False,0.16671368240060824,0.0,0.25126461274133394,-0.014062118616489207
154,12.5,14.336284572903612,3.1207630614895505,23.34479297350176,False,0.16701465512045327,0.0,0.25110626897325783,-0.014108492047210765
154,13.0,13.963836892691422,2.9239199814768844,23.576351149762907,False,0.16548187808986048,0.0,0.25095581000516587,-0.014152725211371068
154,13.5,13.358635702157585,2.773236604015397,23.619683976758687,False,0.1588224868694052,0.0,0.2508128847807477,-0.01419489665508952
154,14.0,12.403258442804194,2.6322069809375543,23.470821086913556,False,0.14584132745926803,0.0,0.2506757413527852,-0.014235502955092849
154,14.5,6.68356326847488,1.4209828322459843,11.723122568670348,False,0.07844489634431383,0.0,0.2505440131741578,-0.014274636249378143
154,15.0,5.746847324277262,1.1847432443463326,11.811293433918875,False,0.06833981126459363,0.0,0.25045831388604356,-0.014300164284794688
154,15.5,10.219872799300536,2.0024815010339534,23.95321195687778,False,0.12461150393949888,0.0,0.25038164268864793,-0.014323049152318534
154,16.0,11.377421595872805,2.3208395147260434,23.73168145302151,False,0.1364093743320776,0.0,0.250274000991732,-0.014355251793112443
154,16.5,3.6605667497551817,0.6817590261506231,12.14612062935157,False,0.04582427679969263,0.0,0.25015434006583365,-0.014391151473664234
154,17.0,1.9818623509497852,0.3457653415520581,12.35058006374962,False,0.025634542961444774,0.0,0.25009694441889635,-0.014408408794602924
154.0,17.5,0.0,0.0,0.0,0.0,0.0,0.0,0.250052361791,-0.0144218306032
154.0,18.0,0.0,0.0,0.0,0.0,0.0,0.0,0.250020962833,-0.0144312923469
154.0,18.5,0.0,0.0,0.0,0.0,0.0,0.0,0.249989625587,-0.0144407428698
154.0,19.0,0.0,0.0,0.0,0.0,0.0,0.0,0.251547478957,-0.013979728029
154,19.5,4.185034125333916,0.1921446525618771,15.76750425555232,False,0.12182201339533136,0.0,0.25151376260557773,-0.013989518358056428
154.0,20.0,0.0,0.0,0.0,0.0,0.0,0.0,0.251472829424,-0.0140014152435
154.0,20.5,0.0,0.0,0.0,0.0,0.0,0.0,0.251439262882,-0.0140111800732
154.0,21.0,0.0,0.0,0.0,0.0,0.0,0.0,0.251405770813,-0.0140209313266
154.0,21.5,0.0,0.0,0.0,0.0,0.0,0.0,0.251372352928,-0.0140306690412
154.0,22.0,0.0,0.0,0.0,0.0,0.0,0.0,0.251339008941,-0.0140403932544
154.0,22.5,0.0,0.0,0.0,0.0,0.0,0.0,0.25130573857,-0.0140501040037
154.0,23.0,0.0,0.0,0.0,0.0,0.0,0.0,0.251272541529,-0.0140598013263
154.0,23.5,0.0,0.0,0.0,0.0,0.0,0.0,0.251239417538,-0.0140694852597
154.0,24.0,0.0,0.0,0.0,0.0,0.0,0.0,0.251206366315,-0.0140791558408
155.0,0.5,0.0,0.0,0.0,0.0,0.0,0.0,0.25117338758,-0.0140888131069
155.0,1.0,0.0,0.0,0.0,0.0,0.0,0.0,0.251140481056,-0.0140984570951
155.0,1.5,0.0,0.0,0.0,0.0,0.0,0.0,0.251107646466,-0.0141080878422
155.0,2.0,0.0,0.0,0.0,0.0,0.0,0.0,0.251074883533,-0.0141177053852
155.0,2.5,0.0,0.0,0.0,0.0,0.0,0.0,0.251042191983,-0.0141273097609
155.0,3.0,0.0,0.0,0.0,0.0,0.0,0.0,0.251009571543,-0.014136901006
155.0,3.5,0.0,0.0,0.0,0.0,0.0,0.0,0.250977021941,-0.0141464791572
155.0,4.0,0.0,0.0,0.0,0.0,0.0,0.0,0.250944542906,-0.014156044251
155.0,4.5,0.0,0.0,0.0,0.0,0.0,0.0,0.250912134168,-0.014165596324
155.0,5.0,0.0,0.0,0.0,0.0,0.0,0.0,0.250879795458,-0.0141751354126
155,5.5,3.0978174008119375,0.12941202411596003,16.070437217215623,False,0.10141774535115113,0.0,0.2508475265104785,-0.01418466155302707
155,6.0,8.569495802840816,0.36859244775129896,31.958028439443755,False,0.27037786735261893,0.0,0.2508104158787273,-0.014195626442512039
155,6.5,11.801566735276992,0.6134568278021838,31.293833552085594,False,0.32901181306689364,0.0,0.2507642975930205,-0.014209266854195476
155,7.0,13.150881994516038,0.8315929565177226,30.43390246677224,False,0.31861323484461773,0.0,0.2507089556839639,-0.014225655957610345
155,7.5,13.70984491304823,0.9805176838696061,29.8308057312433,False,0.3042134796110912,0.0,0.250645404225002,-0.014244504050013629
155,8.0,14.683054809736833,1.1959746606425699,29.253925952395463,False,0.30154423937078967,0.0,0.2505762695241596,-0.014265041820624677
155,8.5,14.834467493428562,1.2841285515973395,28.89903907303792,False,0.2913075120836058,0.0,0.25049902642603694,-0.014288030089482703
155,9.0,15.29505418782928,1.5859204710652424,27.983586411320022,False,0.2723276122388682,0.0,0.25041850581751746,-0.014312040780177594
155,9.5,15.67873567833038,1.7085854565728718,27.656568290746655,False,0.2691949836756038,0.0,0.2503265998887747,-0.014339505272448799
155,10.0,15.275584245735496,1.8100292505924755,27.27627978756422,False,0.2519573164724145,0.0,0.25023010624146724,-0.014368408327735161
155,10.5,15.07726963389851,1.9705669975117341,26.721170154880262,False,0.23526180148069264,0.0,0.25012982996356387,-0.014398517984940672
155,11.0,15.313405378441125,2.031756540022514,26.600011569448405,False,0.2359909105653027,0.0,0.2500235281885801,-0.014430519026754818
155,11.5,14.971976434677021,2.142183085633977,26.18633012731443,False,0.2219863471841353,0.0,0.24991497092306478,-0.01446328655679813
155,12.0,15.103311587343654,2.223202948677885,26.015126707561365,False,0.22068267143396536,0.0,0.2498022893742944,-0.014497392796136535
155,12.5,14.80926151913064,2.390127197604856,25.461976175509037,False,0.20588823135220713,0.0,0.24968659927517223,-0.014532509403878284
155,13.0,14.746003017535026,2.5731418701560465,24.976661854883037,False,0.19658296542747275,0.0,0.24956464031120437,-0.014569638657558538
155,13.5,15.562756311319609,2.5913879566261415,25.07317542547125,False,0.20925048467857502,0.0,0.24943580160596923,-0.014608985220389802
155,14.0,15.160574545371487,2.630612464630867,24.81416413944779,False,0.1993919099441792,0.0,0.2493063358750222,-0.014648650869814367
155,14.5,13.212528915571976,2.447836650829728,24.501189664164848,False,0.16913181020392348,0.0,0.2491754467462519,-0.014688883132252693
155,15.0,13.108450060632563,2.565647300058254,24.157920275021624,False,0.16329486764154608,0.0,0.24905155888023686,-0.014727084704836722
155,15.5,12.552897025438032,2.480002300886162,24.0783507438888,False,0.15535876485591413,0.0,0.24892326479746876,-0.014766769792757596
155,16.0,12.080201471015293,2.361085927712475,24.06623646873923,False,0.14940929193978367,0.0,0.24879828539253276,-0.01480555213362461
155,16.5,11.682398438395012,2.3562571850262217,23.903097404829445,False,0.142533645928167,0.0,0.24867788307714783,-0.014843028983206464
155,17.0,10.9610155381077,2.2653851233061992,23.716143416510576,False,0.13175658897764386,0.0,0.24855772799794484,-0.014880541611380199
155,17.5,10.061827308131504,2.12088942004294,23.6015826641436,False,0.11946470407801901,0.0,0.2484410852624449,-0.014917065781322984
155,18.0,8.923684798429257,1.8715133842114309,23.6037516479454,False,0.10596862106382082,0.0,0.24832998965459602,-0.014951952343211077
155,18.5,7.315912486931953,1.5102593104381266,23.67683411284237,False,0.08735289726923849,0.0,0.24822842114864616,-0.01498393227145768
155,19.0,5.342109611944074,1.0683211712508955,23.851586892544987,False,0.06463320502641012,0.0,0.248140625282839,-0.01501164142472604
155,19.5,2.2317773121011966,0.4231038856423099,12.074466026864723,False,0.027626627929005356,0.0,0.24806966378711098,-0.015034082125310358
155.0,20.0,0.0,0.0,0.0,0.0,0.0,0.0,0.24802325087,-0.0150487812613
155.0,20.5,0.0,0.0,0.0,0.0,0.0,0.0,0.247992957115,-0.0150583846372
155.0,21.0,0.0,0.0,0.0,0.0,0.0,0.0,0.247962725528,-0.0150679755854
155.0,21.5,0.0,0.0,0.0,0.0,0.0,0.0,0.247932555889,-0.0150775541377
155.0,22.0,0.0,0.0,0.0,0.0,0.0,0.0,0.247902447975,-0.0150871203263
155.0,22.5,0.0,0.0,0.0,0.0,0.0,0.0,0.247872401567,-0.0150966741828
155.0,23.0,0.0,0.0,0.0,0.0,0.0,0.0,0.247842416446,-0.0151062157392
155.0,23.5,0.0,0.0,0.0,0.0,0.0,0.0,0.247812492393,-0.0151157450272
155.0,24.0,0.0,0.0,0.0,0.0,0.0,0.0,0.247782629191,-0.0151252620784
156.0,0.5,0.0,0.0,0.0,0.0,0.0,0.0,0.247752826624,-0.0151347669245
156.0,1.0,0.0,0.0,0.0,0.0,0.0,0.0,0.247723084477,-0.0151442595971
156.0,1.5,0.0,0.0,0.0,0.0,0.0,0.0,0.248488047903,-0.014902347607
156.0,2.0,0.0,0.0,0.0,0.0,0.0,0.0,0.248457255138,-0.0149119961598
156.0,2.5,0.0,0.0,0.0,0.0,0.0,0.0,0.248426528448,-0.0149216314283
156.0,3.0,0.0,0.0,0.0,0.0,0.0,0.0,0.248395867575,-0.0149312534532
156.0,3.5,0.0,0.0,0.0,0.0,0.0,0.0,0.248365272257,-0.0149408622752
156.0,4.0,0.0,0.0,0.0,0.0,0.0,0.0,0.248334742237,-0.0149504579345
156.0,4.5,0.0,0.0,0.0,0.0,0.0,0.0,0.248304277259,-0.0149600404713
156.0,5.0,0.0,0.0,0.0,0.0,0.0,0.0,0.248273877066,-0.0149696099258
156.0,5.5,0.0,0.0,0.0,0.0,0.0,0.0,0.248243541406,-0.0149791663378
156.0,6.0,0.0,0.0,0.0,0.0,0.0,0.0,0.248213270024,-0.0149887097471
156,6.5,3.0240771379647304,0.27543044016545914,14.261009178428429,False,0.05674356871590133,0.0,0.24818306266965173,-0.014998240193185903
156,7.0,5.456286811855354,0.573021751349422,13.89338638046811,False,0.09421101135375293,0.0,0.24814246652180733,-0.015011059686948366
156,7.5,13.803603892126802,1.6607282061625057,27.051550310077552,False,0.22072592175349676,0.0,0.24809064032762954,-0.01502744439352157
156,8.0,14.684674956827799,2.043735721337145,26.21771588851854,False,0.21797435803274795,0.0,0.24799759901024326,-0.015056912643561718
156,8.5,14.95812563125975,2.2515258000491496,25.76486485955933,False,0.21179472265251875,0.0,0.24789008561230283,-0.01509105031432628
156,9.0,15.001313557729715,2.3920636727384523,25.39952969881002,False,0.20571689025519155,0.0,0.24777474938170815,-0.0151277744713513
156,9.5,15.20550981386814,2.6455897708334235,24.884444354525336,False,0.1996521114357805,0.0,0.24765414229265234,-0.015166290869256551
156,10.0,14.871765093882663,2.7006810731151893,24.583137942003212,False,0.19053155781473868,0.0,0.24752397620574423,-0.01520799115090069
156,10.5,6.869721314971339,1.2484451498010791,12.258160719907988,False,0.08754126116458474,0.0,0.24739178147111202,-0.01525048123087782
156,11.0,13.872372843561848,1.9062002414352255,26.244952411101796,False,0.20518928326581504,0.0,0.2489040114572146,-0.014772736399978158
156,11.5,16.093851475686154,2.5039112056073205,25.553221948183747,False,0.22538374482220608,0.0,0.2487997096537851,-0.014805109488204501
156,12.0,15.480299804517369,2.8345733914997853,24.568916694452312,False,0.19943141952287932,0.0,0.24867279944793677,-0.014844613816879463
156,12.5,15.27347767500205,2.8072152063084097,24.53170551188147,False,0.19487096740895626,0.0,0.24853341498261164,-0.014888145912455414
156,13.0,13.988693165246097,2.531171355542066,24.57902706970189,False,0.17915865205678766,0.0,0.24839514277042934,-0.014931481001430004
156,13.5,12.147141577122706,2.1254120716945133,24.76292189938927,False,0.15791108503446494,0.0,0.248267420079859,-0.014971643412406418
156,14.0,6.651968500496537,1.0803450091298852,12.599868272727917,False,0.08967569224948149,0.0,0.24815516926743994,-0.015007046997815746
156,14.5,5.808578584429625,0.8955677850315564,12.749337222481424,False,0.08034118425998575,0.0,0.24808265169601304,-0.01502997187209511
156,15.0,5.0534919670123575,0.7540732947151185,12.849024273915182,False,0.07113026024061463,0.0,0.24801721907805666,-0.015050692808192585
156,15.5,10.140215715830358,1.4050755520340767,13.054122626320444,False,0.14810359502688286,0.0,0.24795722850648477,-0.015069720293354011
156,16.0,5.681885093200232,0.8292869513168643,12.933230215418604,False,0.0811849348140929,0.0,0.24787260444300166,-0.015096609650160646
156,16.5,8.12614363564147,1.269077290380293,25.439925919962008,False,0.11182531494311974,0.0,0.24780990321332771,-0.015116569885696114
156,17.0,6.867799530459446,1.082641488902843,12.655770866498946,False,0.09347094570392618,0.0,0.24773058332617012,-0.015141865553075905
156,17.5,5.6065725366242205,0.8166035495526537,12.896113110642442,False,0.07957824282325378,0.0,0.2476584097116284,-0.015164926057951113
156.0,18.0,0.0,0.0,0.0,0.0,0.0,0.0,0.247596402949,-0.0151847715324
156.0,18.5,0.0,0.0,0.0,0.0,0.0,0.0,0.248360055757,-0.0149425013138
156.0,19.0,0.0,0.0,0.0,0.0,0.0,0.0,0.248327963296,-0.0149525895684
156.0,19.5,0.0,0.0,0.0,0.0,0.0,0.0,0.260512684567,-0.0116430524544
156.0,20.0,0.0,0.0,0.0,0.0,0.0,0.0,0.261064897455,-0.0115150016683
156.0,20.5,0.0,0.0,0.0,0.0,0.0,0.0,0.261027491232,-0.0115236225134
156.0,21.0,0.0,0.0,0.0,0.0,0.0,0.0,0.260990197351,-0.0115322251239
156.0,21.5,0.0,0.0,0.0,0.0,0.0,0.0,0.260953015077,-0.0115408096084
156.0,22.0,0.0,0.0,0.0,0.0,0.0,0.0,0.260915943683,-0.0115493760742
156.0,22.5,0.0,0.0,0.0,0.0,0.0,0.0,0.260878982449,-0.0115579246277
156.0,23.0,0.0,0.0,0.0,0.0,0.0,0.0,0.260842130663,-0.0115664553741
156.0,23.5,0.0,0.0,0.0,0.0,0.0,0.0,0.260805387621,-0.0115749684175
156.0,24.0,0.0,0.0,0.0,0.0,0.0,0.0,0.260768752625,-0.0115834638612
157.0,0.5,0.0,0.0,0.0,0.0,0.0,0.0,0.260732224984,-0.0115919418073
157.0,1.0,0.0,0.0,0.0,0.0,0.0,0.0,0.260695804015,-0.0116004023569
157.0,1.5,0.0,0.0,0.0,0.0,0.0,0.0,0.260659489042,-0.0116088456102
157.0,2.0,0.0,0.0,0.0,0.0,0.0,0.0,0.260623279395,-0.0116172716663
157.0,2.5,0.0,0.0,0.0,0.0,0.0,0.0,0.26058717441,-0.0116256806235
157.0,3.0,0.0,0.0,0.0,0.0,0.0,0.0,0.260551173433,-0.011634072579
157.0,3.5,0.0,0.0,0.0,0.0,0.0,0.0,0.260515275812,-0.0116424476292
157.0,4.0,0.0,0.0,0.0,0.0,0.0,0.0,0.260479480905,-0.0116508058694
157.0,4.5,0.0,0.0,0.0,0.0,0.0,0.0,0.260443788075,-0.0116591473941
157.0,5.0,0.0,0.0,0.0,0.0,0.0,0.0,0.26040819669,-0.0116674722969
157.0,5.5,0.0,0.0,0.0,0.0,0.0,0.0,0.260372706128,-0.0116757806706
157,6.0,2.983191256404612,0.1248034556463897,16.036393167676827,False,0.09631545038036102,0.08574656376989497,0.2603373157682983,-0.011684072606856548
157,6.5,4.249873122375203,0.20819735445004878,15.753470192796907,False,0.12307728620971073,0.19204079687148257,0.2602940346373015,-0.011694222884656153
157,7.0,4.7052481941963595,0.249164243140176,15.584043000998694,False,0.12834758028400656,0.21106434024130483,0.2602436538358966,-0.011706051410719197
157,7.5,5.198885497133386,0.2909993759999247,15.46369103844898,False,0.13619167313597022,0.2446639900893759,0.26019109478465435,-0.01171840654780908
157,8.0,5.944625651743813,0.35269407355036286,15.346532119413732,False,0.1499416770656661,0.3255902176152351,0.2601357707765156,-0.011731428435959715
157,8.5,6.895157399859222,0.44360177439819426,15.185578170962389,False,0.16547129627476834,0.4830234614639499,0.2600751315117717,-0.01174572121303219
157,9.0,6.362798267075151,0.4384740957033785,14.976287301286382,False,0.14362628493742524,0.3504095024322684,0.2607996231874477,-0.011576304664074558
157,9.5,5.858827917302795,0.40153975631617217,14.97207868025173,False,0.13209248654109546,0.27852096048866276,0.2607336250476187,-0.0115916167208549
157,10.0,6.564001616427882,0.47241455853724634,14.863773172574316,False,0.1435833154140384,0.3645800844757283,0.26067186148507693,-0.011605968187548311
157,10.5,7.422815814950009,0.5642149324565809,14.749415769441999,False,0.15741859287924662,0.5094640078020534,0.26060424637624985,-0.01162170360882512
157,11.0,14.719450874456367,1.258665616528872,28.944625934830356,False,0.29068468839765793,1.0440343255223652,0.26052775253909943,-0.011639535947522355
157,11.5,15.820721451020532,1.5247804418158741,28.3590386603947,False,0.2912597566660423,1.414255640787846,0.26040472019342825,-0.01166828583680734
157,12.0,16.21570150869171,1.7320049950725207,27.74775831365693,False,0.28171311741728966,1.7315098361190355,0.2602576410531991,-0.011702766029229286
157,12.5,16.28394805056376,1.9773264440778802,27.061755760197528,False,0.26302090612081297,2.240982303481506,0.26009075946091115,-0.01174203569547218
157,13.0,15.990575525424514,1.9772255747125536,26.93048479934373,False,0.25262236274378125,1.678704857001205,0.2598953343342567,-0.01178822183275866
157,13.5,15.338428305715896,1.9518401351530192,26.70722062500156,False,0.23706337124575871,1.3286638884567181,0.25972135166514126,-0.011829522561841438
157,14.0,15.515609950910578,2.1010087868034395,26.36868016146736,False,0.23216563091486625,1.5296464078599026,0.259561716017274,-0.011867569283038969
157,14.5,15.147427955190041,2.0699398521500276,26.296815265827753,False,0.22513454205869216,1.408837873721222,0.2593888911437286,-0.01190892394060229
157,15.0,14.609915208510737,2.1359696754458595,25.936382368802477,False,0.2122387399291742,1.9996579869977285,0.2592219283970312,-0.011949039033281284
157,15.5,13.303101286382157,2.0171404211499038,25.786331489496256,False,0.19009471488824575,2.340413408243476,0.2590301360105966,-0.011995318656989055
157,16.0,11.732176398151552,1.630067637840774,26.085832264129884,False,0.17100319199065434,0.6683129743841413,0.2588300187223916,-0.012043834942482871
157,16.5,12.631428013903896,1.8273395612444006,25.910549326399746,False,0.181200201168064,1.01238203897628,0.25870814354660915,-0.012073496827623162
157,17.0,11.509379538835972,1.6068332392431273,26.107844386912724,False,0.1680948203799429,0.8580004347913983,0.2585658205163926,-0.012108245537917823
157,17.5,9.936021930910417,1.4121287189616936,26.008978633609075,False,0.14381054925188624,0.7649591287688371,0.25843781989257575,-0.01213959919619195
157,18.0,8.883675628640107,1.250176916552034,26.05954905929893,False,0.12917358832830853,0.6763358977000213,0.25832083406274875,-0.012168339427831834
157,18.5,9.44441986250701,1.3211320909761688,26.06391991122033,False,0.13738200700524067,0.7196229957998175,0.25821345182855554,-0.012194791703888918
157,19.0,5.612477702613559,0.7445312957466761,26.33786976679683,False,0.08373883024396468,0.24179620145503525,0.2581018278286001,-0.012222361546122681
157,19.5,2.559757858109989,0.3082566777818444,13.437074896160423,False,0.04021458897766636,0.04001396994289595,0.25803031246666996,-0.012240064050392201
157.0,20.0,0.0,0.0,0.0,0.0,0.0,0.0,0.257983103942,-0.0122517665188
157.0,20.5,0.0,0.0,0.0,0.0,0.0,0.0,0.257949204335,-0.0122601780781
157.0,21.0,0.0,0.0,0.0,0.0,0.0,0.0,0.257915396251,-0.0122685737816
157.0,21.5,0.0,0.0,0.0,0.0,0.0,0.0,0.257881679152,-0.0122769537138
157.0,22.0,0.0,0.0,0.0,0.0,0.0,0.0,0.257848052507,-0.0122853179583
157.0,22.5,0.0,0.0,0.0,0.0,0.0,0.0,0.257814515787,-0.0122936665979
157.0,23.0,0.0,0.0,0.0,0.0,0.0,0.0,0.257781068471,-0.012301999715
157.0,23.5,0.0,0.0,0.0,0.0,0.0,0.0,0.257747710042,-0.0123103173909
157.0,24.0,0.0,0.0,0.0,0.0,0.0,0.0,0.257714439986,-0.0123186197063
158.0,0.5,0.0,0.0,0.0,0.0,0.0,0.0,0.257681257796,-0.0123269067412
158.0,1.0,0.0,0.0,0.0,0.0,0.0,0.0,0.259237157289,-0.011945373417
158.0,1.5,0.0,0.0,0.0,0.0,0.0,0.0,0.259201516399,-0.0119539543329
158.0,2.0,0.0,0.0,0.0,0.0,0.0,0.0,0.259960411752,-0.0117728176495
158.0,2.5,0.0,0.0,0.0,0.0,0.0,0.0,0.259923597854,-0.0117815287538
158.0,3.0,0.0,0.0,0.0,0.0,0.0,0.0,0.259886896454,-0.0117902208837
158.0,3.5,0.0,0.0,0.0,0.0,0.0,0.0,0.259850306781,-0.01179889416
158.0,4.0,0.0,0.0,0.0,0.0,0.0,0.0,0.259813828071,-0.011807548702
158.0,4.5,0.0,0.0,0.0,0.0,0.0,0.0,0.259777459567,-0.0118161846279
158.0,5.0,0.0,0.0,0.0,0.0,0.0,0.0,0.259741200524,-0.0118248020545
158.0,5.5,0.0,0.0,0.0,0.0,0.0,0.0,0.259705050202,-0.0118334010975
158.0,6.0,0.0,0.0,0.0,0.0,0.0,0.0,0.259669007869,-0.0118419818714
158,6.5,2.5983380548584556,0.11734473485553487,15.875682215674939,False,0.07875270701613632,0.041112106971487095,0.25963307280309184,-0.0118505444893731
158,7.0,3.6415852682331273,0.19351132122261175,15.548687492424316,False,0.0981435012749658,0.10483288536675894,0.25959123085876407,-0.011860523897157542
158,7.5,5.797443677328543,0.3669888315646333,15.19493837005696,False,0.13952217578957612,0.33930475290478523,0.25954418603913676,-0.011871756163908882
158,8.0,6.753735034627603,0.49390219523972245,14.863329668775691,False,0.14771559543573162,0.5067023688957244,0.25948176470413675,-0.011886679248076591
158,8.5,13.40241284892171,1.0195128378806206,29.5097681415812,False,0.284645282541811,0.8016412824456718,0.2594082787322526,-0.011904276211800143
158,9.0,14.045347685222406,1.0372671585906228,29.694857729036833,False,0.30585816344403177,0.9045496044333605,0.25930375671072037,-0.011929358573587708
158,9.5,15.891205626350391,1.3899678347680609,28.920303063210895,False,0.31288016855407585,1.5914863310151,0.2591947586337984,-0.01195558216349723
158,10.0,16.18572717824236,1.7133120016485957,27.82780955055938,False,0.28284052945771676,1.969922337382911,0.2590464087848854,-0.011991383744851815
158,10.5,16.251935091421835,1.798424015860222,27.55559874921495,False,0.27594873663486763,1.8865663867421718,0.2588715281642878,-0.012033752234312115
158,11.0,15.144788790977787,1.6523011461147283,27.592515739798984,False,0.25609787817801066,1.1771817085721326,0.2586966819938414,-0.012076290806534721
158,11.5,15.246185873556225,1.6761104141183145,27.547773990382037,False,0.25659215391999307,1.2067871200692344,0.2585544027332541,-0.012111038392932798
158,12.0,14.214979171437282,1.6262179152870606,27.283862639196215,False,0.23273882676220045,0.970194972001122,0.2584101961864152,-0.012146378287687998
158,12.5,15.394641722065256,1.8998420707391899,26.879329056726952,False,0.2419783664945771,1.290201368169183,0.2582769608781037,-0.012179138772353406
158,13.0,13.425285076783988,1.6097139136116345,13.483408310843192,False,0.21286341636600098,0.81159088636401,0.2581212958506056,-0.012217547826554856
158,13.5,15.348936424682488,1.9890525887772057,26.593174284151893,False,0.23462606933341595,1.3305509519797551,0.25799490232083766,-0.012248840582790741
158,14.0,15.132636338180355,2.0578498741732796,26.29973602684285,False,0.2249760889408285,1.3012030213827117,0.257834515687192,-0.012288687004314422
158,14.5,6.868858382468134,0.9122339038288174,13.188790062103168,False,0.10286730380807782,0.46217870285376916,0.257672728628254,-0.01232903791805205
158,15.0,12.785057055592436,1.7334271938411143,26.263144353300902,False,0.18942697067297604,0.7764135701324724,0.2575863546371236,-0.012350644875868651
158,15.5,5.55484485809245,0.6803189750718569,13.422998251929476,False,0.08702637274897802,0.2758562085414367,0.2574569866757903,-0.012383091481555997
158,16.0,5.03805032814575,0.5291281109731968,13.859616365602053,False,0.08635646905425726,0.23420612068121854,0.25738667512086805,-0.012400768826628099
158,16.5,4.237645393916381,0.42004052948327536,14.017900348668421,False,0.07520199541397837,0.16260722988288207,0.25732377615941116,-0.012416608022625958
158,17.0,3.268677307770206,0.3159851786629155,14.08154854290568,False,0.05884210731431794,0.08310115375877603,0.25726782794766734,-0.012430717142991014
158,17.5,2.816491817112457,0.2704966958362259,14.103688284995423,False,0.05095728394971816,0.06915305031583843,0.25721893901389575,-0.012443061683159019
158.0,18.0,0.0,0.0,0.0,0.0,0.0,0.0,0.257172398256,-0.0124548268778
158.0,18.5,0.0,0.0,0.0,0.0,0.0,0.0205438014558,0.257138839185,-0.0124633186131
158.0,19.0,0.0,0.0,0.0,0.0,0.0,0.0,0.257104591914,-0.0124719916022
158.0,19.5,0.0,0.0,0.0,0.0,0.0,0.0,0.257071215162,-0.0124804510558
158.0,20.0,0.0,0.0,0.0,0.0,0.0,0.0,0.257037928744,-0.0124888944235
158.0,20.5,0.0,0.0,0.0,0.0,0.0,0.0,0.257004732117,-0.0124973217943
158.0,21.0,0.0,0.0,0.0,0.0,0.0,0.0,0.256971624742,-0.0125057332563
158.0,21.5,0.0,0.0,0.0,0.0,0.0,0.0,0.256938606088,-0.0125141288968
158.0,22.0,0.0,0.0,0.0,0.0,0.0,0.0,0.256905675625,-0.0125225088022
158.0,22.5,0.0,0.0,0.0,0.0,0.0,0.0,0.256872832832,-0.0125308730583
158.0,23.0,0.0,0.0,0.0,0.0,0.0,0.0,0.25684007719,-0.0125392217499
158.0,23.5,0.0,0.0,0.0,0.0,0.0,0.0,0.256807408187,-0.0125475549611
158.0,24.0,0.0,0.0,0.0,0.0,0.0,0.0,0.256774825315,-0.0125558727752
159.0,0.5,0.0,0.0,0.0,0.0,0.0,0.0,0.25674232807,-0.012564175275
159.0,1.0,0.0,0.0,0.0,0.0,0.0,0.0,0.256709915953,-0.0125724625421
159.0,1.5,0.0,0.0,0.0,0.0,0.0,0.0,0.256677588471,-0.0125807346576
159.0,2.0,0.0,0.0,0.0,0.0,0.0,0.0,0.256645345134,-0.012588991702
159.0,2.5,0.0,0.0,0.0,0.0,0.0,0.0,0.256613185457,-0.0125972337549
159.0,3.0,0.0,0.0,0.0,0.0,0.0,0.0,0.25658110896,-0.0126054608952
159.0,3.5,0.0,0.0,0.0,0.0,0.0,0.0,0.256549115167,-0.0126136732011
159.0,4.0,0.0,0.0,0.0,0.0,0.0,0.0,0.256517203606,-0.0126218707502
159.0,4.5,0.0,0.0,0.0,0.0,0.0,0.0,0.25648537381,-0.0126300536192
159.0,5.0,0.0,0.0,0.0,0.0,0.0,0.0311780569005,0.256453625315,-0.0126382218845
159,5.5,3.0648139633619604,0.11368189120092634,16.291950582467713,False,0.1104031823053313,0.14862134055380305,0.2564207744575787,-0.01264668039282551
159,6.0,9.24773466709827,0.3791137786594965,32.19670184198719,False,0.3062753712886358,0.35190814566879436,0.25637923279918845,-0.012657386286652061
159,6.5,9.869737540911247,0.5363071593102288,31.021833513043774,False,0.26263575959773017,0.4064110200771573,0.2563199832274397,-0.012672674458966464
159,7.0,11.957091433112701,0.7830851248023275,30.21146371865589,False,0.28019841015603547,0.6083120125231003,0.2562527792840348,-0.01269004173695064
159,7.5,13.403786627864449,1.0528740224825353,29.333209232092326,False,0.2781186768811529,0.8268501589180665,0.2561686270447733,-0.012711828907678854
159,8.0,14.73472670899738,1.2987579787925243,28.81499382830925,False,0.2863777906602546,1.2323966969480986,0.25606602142803164,-0.012738454021432475
159,8.5,15.236922836443561,1.4618982934965188,28.381126195759546,False,0.28123088042383926,1.4190412437360544,0.2559387722312991,-0.012771566250471874
159,9.0,15.61431768554877,1.7191050694465777,27.572609984063114,False,0.26603215379102385,1.7985872503232387,0.255798326459908,-0.012808231564792823
159,9.5,15.820938516279565,1.9828811078200361,26.819579992178017,False,0.2498815491211386,1.961946405777827,0.25563379326862856,-0.012851344881806484
159,10.0,15.108636988944419,2.1533261163905038,26.175763566232874,False,0.22412668727834983,2.834567929476311,0.25545312721074886,-0.012898884890975956
159,10.5,15.77404869104814,2.2681796147140516,25.974125308821925,False,0.2275864406303592,1.5770660890387678,0.2552329533035715,-0.012957104476383511
159,11.0,7.3990733761723835,1.0599264559167707,12.909681923287303,False,0.10527544311915006,0.4999898890556036,0.2550562188989618,-0.013004064181009597
159,11.5,7.838646395742751,1.1085946408527105,12.962989506779953,False,0.11260352613147322,0.6035916737410963,0.25496628827068724,-0.013028037282388997
159,12.0,15.810103485324795,2.4469209092121966,25.449947775226793,False,0.21992850206321468,1.668709139561034,0.2548706542395672,-0.013053588553732837
159,12.5,7.755433944881092,1.1824775805294865,12.752169940325187,False,0.1073219232826997,0.5937973749528741,0.25468388447058965,-0.013103661634091213
159,13.0,7.8389506945874015,1.180831368747412,12.794522195393627,False,0.10928289108590408,0.6349093669520709,0.25458596753543666,-0.013130004651525983
159,13.5,12.887537714846195,1.956068768071385,25.53704665044742,False,0.17885030352518735,0.7760747914376906,0.2544866269047512,-0.013156795199389166
159,14.0,12.440139089126763,1.9119227790660187,25.451128147201395,False,0.1713570317250645,0.7168531991668565,0.2543525824673372,-0.013193048105507428
159,14.5,13.173267943057871,2.182718069183268,25.004240463555245,False,0.17469562594615468,0.7994874464186236,0.25422253406632017,-0.013228334072219586
159,15.0,13.357676999034629,2.4080152677536413,24.638359008095023,False,0.17343040601389592,2.1236375091849014,0.25407914588592706,-0.013267369936154811
159,15.5,12.992343121379385,2.3368811094817716,24.67601967489783,False,0.1691244100083436,1.9981561956520006,0.25387702872940243,-0.013322627464448948
159,16.0,13.306177928740858,2.229831985415567,24.972143831632962,False,0.17732609219717355,1.1482495165534736,0.2536824452065622,-0.01337608460225618
159,16.5,11.427373398392401,1.822978892615831,25.24489258510718,False,0.15464506758799113,0.49091241835876687,0.2535242498155614,-0.013419733403853438
159,17.0,11.013725104449874,1.758958876874258,25.319382944708657,False,0.14999773554644502,0.8070839677062608,0.25340651172048734,-0.01345232952986751
159,17.5,9.7416383137503,1.578231792812862,25.207067081620227,False,0.1314093986312685,0.600541823476648,0.25327927544770423,-0.013487661369239953
159,18.0,7.118287395138428,1.0926399296960487,25.459196505501172,False,0.09811958928546652,0.158472991201744,0.2531668066133162,-0.013518984579670571
159,18.5,5.798990289739632,0.8917163410990343,25.448675647068974,False,0.07986138710991458,0.10705135470974289,0.2530896126798163,-0.013540533694082839
159,19.0,4.1424700285222755,0.5993668887016483,25.8178530767611,False,0.058931896817095784,0.0542569777048058,0.2530220650964593,-0.01355942355768851
159,19.5,2.305046228992426,0.3037236514597106,13.165571579956682,False,0.03436987853118703,0.0016840505591847643,0.25296768520546786,-0.013574653857591136
159.0,20.0,0.0,0.0,0.0,0.0,0.0,0.0,0.252926589245,-0.0135861772202
159.0,20.5,0.0,0.0,0.0,0.0,0.0,0.0,0.252897152281,-0.013594438549
159.0,21.0,0.0,0.0,0.0,0.0,0.0,0.0,0.252867783756,-0.0136026866359
159.0,21.5,0.0,0.0,0.0,0.0,0.0,0.0,0.252838483323,-0.0136109215421
159.0,22.0,0.0,0.0,0.0,0.0,0.0,0.0,0.252809250634,-0.0136191433284
159.0,22.5,0.0,0.0,0.0,0.0,0.0,0.0,0.252780085347,-0.0136273520552
159.0,23.0,0.0,0.0,0.0,0.0,0.0,0.0,0.252750987124,-0.0136355477823
159.0,23.5,0.0,0.0,0.0,0.0,0.0,0.0,0.252721955625,-0.0136437305691
159.0,24.0,0.0,0.0,0.0,0.0,0.0,0.0,0.252692990517,-0.0136519004744
160.0,0.5,0.0,0.0,0.0,0.0,0.0,0.0,0.252664091468,-0.0136600575568
160.0,1.0,0.0,0.0,0.0,0.0,0.0,0.0,0.252635258148,-0.0136682018742
160.0,1.5,0.0,0.0,0.0,0.0,0.0,0.0,0.252606490232,-0.0136763334842
160.0,2.0,0.0,0.0,0.0,0.0,0.0,0.0,0.252577787395,-0.0136844524438
160.0,2.5,0.0,0.0,0.0,0.0,0.0,0.0,0.252549149315,-0.0136925588099
160.0,3.0,0.0,0.0,0.0,0.0,0.0,0.0,0.252520575675,-0.0137006526385
160.0,3.5,0.0,0.0,0.0,0.0,0.0,0.0,0.252492066157,-0.0137087339855
160.0,4.0,0.0,0.0,0.0,0.0,0.0,0.0,0.252463620447,-0.0137168029063
160.0,4.5,0.0,0.0,0.0,0.0,0.0,0.0,0.252435238235,-0.0137248594558
160,5.0,1.9865238099696578,0.10748967785237276,15.500523396686999,False,0.052678639785118664,0.029701821828529304,0.25240691921177977,-0.01373290368859928
160,5.5,8.974857112011481,0.49258480912866165,30.952581567100722,False,0.2360879287789618,0.21655314285217675,0.2523734566594319,-0.01374241622142198
160,6.0,10.897668700804044,0.6914013163306411,30.355622340449145,False,0.2609128994136493,0.3260187056496065,0.2523183513459212,-0.013758098343237437
160,6.5,12.708842745986523,0.9980380470848297,29.373813849602794,False,0.2651031351668153,0.5080443987641332,0.25225160901926214,-0.013777120740492706
160,7.0,13.73367142002066,1.3187185270940502,28.32610929782728,False,0.25187726383422393,0.6729041486671087,0.25216638395470187,-0.013801456524639388
160,7.5,14.380882800129594,1.5659709177863899,27.59912637117451,False,0.2451897331731093,0.82030554399845,0.25206279434212087,-0.01383110525160658
160,8.0,14.813839660568348,1.7639300343376048,27.119082679423776,False,0.24037055803117385,0.9365038701743126,0.25194428902248567,-0.013865116168834991
160,8.5,15.002487500630675,1.9123902648812119,26.750165359841127,False,0.234579788472378,1.034405451585199,0.25181392253522783,-0.013902646403839468
160,9.0,15.291988273031002,2.1660258207712184,26.10635078913057,False,0.2249940724619021,1.0135423066026035,0.2516742674306151,-0.013942985032555906
160,9.5,15.80721248800641,2.2663668141884514,25.957053941919334,False,0.22942803212565804,0.7466807795182755,0.25152583913746673,-0.013986010716642587
160,10.0,14.753482675099189,2.391735814834551,25.334729964146085,False,0.20258059316361593,1.0705584968801114,0.2513837905165917,-0.014027335309040767
160,10.5,15.94412561803765,2.653544587267187,25.055959396413925,False,0.21391617939922103,0.6869089852430001,0.25122475294827373,-0.014073775049733677
160,11.0,15.154487091227097,2.455875240769947,25.189425778835968,False,0.20412043594459947,0.348158280455078,0.2510703988906117,-0.01411902245750264
160,11.5,15.96438886058419,2.7805908744298757,24.7752607407732,False,0.20925729889293448,0.5300503600523538,0.2509364613276922,-0.014158425477331907
160,12.0,8.231673629347283,1.3821511297872353,12.474439513709953,False,0.10866181526165532,0.14267302387392555,0.25078335713146716,-0.014203627719397835
160,12.5,15.913592455842094,2.7484142453234663,24.813836629542237,False,0.2095177424119103,0.3457977386563134,0.2506980834304665,-0.014228878342777996
160,13.0,15.33724876987327,2.7254766994712374,24.639269753679464,False,0.1973874748812196,0.18843541619963866,0.25055331009595877,-0.014271870155688848
160,13.5,15.430947389012267,2.859979514812398,24.40088790746435,False,0.1948358671968477,0.1535935574889062,0.25041543741545563,-0.014312956707036148
160,14.0,14.802893696487228,2.722841776953132,24.411374345287058,False,0.18706156306670063,0.06323376948151757,0.2502738406205092,-0.014355299834905794
160,14.5,14.284071130480323,2.6365810193082058,24.384776285513215,False,0.1801247143656936,0.0942620670965423,0.2509356726917315,-0.014158657873433875
160,15.0,13.13402815218181,2.4986685673698714,24.176451657553812,False,0.16293184905379493,0.039339932083557023,0.2508038415942661,-0.014197569965723515
160,15.5,13.78293430807477,2.67869145003665,24.082916866552843,False,0.16974363131313386,0.011967375514769422,0.2506793915406956,-0.014234420392838105
160,16.0,5.643775498949379,1.066825330282217,12.099887071476687,False,0.07014041845819437,0.0,0.25054921108629097,-0.01427308964673681
160,16.5,4.287734622560429,0.7735329652647681,12.241121128444862,False,0.05449010041964944,0.0,0.2504807173940303,-0.01429348549819654
160,17.0,4.3305337289426555,0.6054964776662815,13.032556173089132,False,0.063000406896167,0.0,0.25042341619083974,-0.014310575164887023
160,17.5,7.161105488027843,0.8471854186478821,27.01311153900346,False,0.1140686032337635,0.0,0.2503725537199198,-0.01432576492544009
160,18.0,2.1465735924885903,0.24505954057517063,13.613871854352949,False,0.034943562512133895,0.0,0.2503125806218775,-0.014343700204941554
160.0,18.5,0.0,0.0,0.0,0.0,0.0,0.0,0.250275519328,-0.0143547969604
160.0,19.0,0.0,0.0,0.0,0.0,0.0,0.0,0.250247818894,-0.0143630976019
160.0,19.5,0.0,0.0,0.0,0.0,0.0,0.0,0.250220179028,-0.0143713857942
160.0,20.0,0.0,0.0,0.0,0.0,0.0,0.0,0.250192599441,-0.0143796615918
160.0,20.5,0.0,0.0,0.0,0.0,0.0,0.0,0.250165079843,-0.0143879250487
160.0,21.0,0.0,0.0,0.0,0.0,0.0,0.0,0.250137619947,-0.0143961762185
160.0,21.5,0.0,0.0,0.0,0.0,0.0,0.0,0.250904948719,-0.0141677151858
160.0,22.0,0.0,0.0,0.0,0.0,0.0,0.0,0.267554173034,-0.0101291460995
160.0,22.5,0.0,0.0,0.0,0.0,0.0,0.0,0.271458065231,-0.00939110272454
160.0,23.0,0.0,0.0,0.0,0.0,0.0,0.0,0.271383439744,-0.00940459761604
160.0,23.5,0.0,0.0,0.0,0.0,0.0,0.0,0.271309398073,-0.00941800977395
160.0,24.0,0.0,0.0,0.0,0.0,0.0,0.0,0.271235929381,-0.0094313406726
161.0,0.5,0.0,0.0,0.0,0.0,0.0,0.0,0.27195614436,-0.00930162115864
161.0,1.0,0.0,0.0,0.0,0.0,0.0,0.0,0.272674183775,-0.00917440413672
161.0,1.5,0.0,0.0,0.0,0.0,0.0,0.0,0.27339001152,-0.00904963711579
161.0,2.0,0.0,0.0,0.0,0.0,0.0,0.0,0.273310689942,-0.00906336263682
161.0,2.5,0.0,0.0,0.0,0.0,0.0,0.0,0.273232028131,-0.0090769984959
161.0,3.0,0.0,0.0,0.0,0.0,0.0,0.0,0.273946959754,-0.00895395909157
161.0,3.5,0.0,0.0,0.0,0.0,0.0,0.0,0.274659626936,-0.00883328202579
161.0,4.0,0.0,0.0,0.0,0.0,0.0,0.0,0.274577198442,-0.0088471402344
161.0,4.5,0.0,0.0,0.0,0.0,0.0,0.0,0.274495481715,-0.0088609043552
161.0,5.0,0.0,0.0,0.0,0.0,0.0,0.0,0.274414462145,-0.00887457624466
161,5.5,3.080138522123803,0.09485651780308596,16.604806658747606,False,0.12927156024029396,0.15125109611543872,0.2743341255776272,-0.008888157703235824
161,6.0,3.865176152067755,0.12817018676762276,16.504054371343766,False,0.1540305441373471,0.2014104193649074,0.27424511852188754,-0.008903233896931975
161,6.5,4.448143630442264,0.16466850517807122,16.30062967801354,False,0.1608669051779703,0.22296171635178064,0.27415359965442493,-0.008918767328039853
161,7.0,11.41041850135725,0.5229437157712143,31.770884429098736,False,0.3471279582298099,0.5202935219936412,0.27406052089389965,-0.008934598650617197
161,7.5,12.457799964737529,0.6396457657244321,31.326947598337355,False,0.3493339696357174,0.6451491678463456,0.27394319245630255,-0.008954602214544282
161,8.0,13.239676586669535,0.7298785460914936,31.0353444504942,False,0.35310857864354284,0.762614371797609,0.2738173153519023,-0.00897612262240664
161,8.5,12.516810733286976,0.7448711610994917,30.64607193863771,False,0.31337738513322544,0.6450454370904631,0.2736841627709566,-0.008998953975150444
161,9.0,14.836786430560876,0.9785201224581416,30.30427211771434,False,0.3524993422768023,1.2372179563116383,0.273555498165849,-0.009021081548296091
161,9.5,15.146599883659063,1.179114727241656,29.448716692268633,False,0.319088130495174,1.3162103914810135,0.27339607777504543,-0.009048588452552315
161,10.0,15.719517727556353,1.4453780862037577,28.63497592690632,False,0.29894292749866647,1.8683751745269033,0.27322662037209533,-0.009077936817184317
161,10.5,6.550136916028941,0.5172818948781727,14.60839523931289,False,0.13387759937934446,0.3421085540866111,0.2730266664738324,-0.009112712874209858
161,11.0,14.283769926945574,1.1696464071390047,29.111094061976566,False,0.28803305356215914,0.9394575417379295,0.27292040813264634,-0.009131257946889716
161,11.5,15.178630036624458,1.3436931268438193,28.733221797636848,False,0.29208721663314796,1.196228976067917,0.27276726592654654,-0.009158064742566151
161,12.0,15.506353908845831,1.5511611610671563,28.064255962411913,False,0.2760547548004394,1.3509431492088495,0.27259830724949835,-0.009187749002260206
161,12.5,14.839827858630507,1.4498700871262244,28.161856121065686,False,0.26710625341605804,1.089048430945886,0.27241612745183225,-0.009219884614138373
161,13.0,7.44962192713365,0.6685094531919616,14.288389742960643,False,0.1406929456293474,0.5166939689628729,0.2722482450846549,-0.009249616862649497
161,13.5,6.54879863719414,0.5544872472811826,14.427321474184087,False,0.12789918297172645,0.35000343787819554,0.2745115250426376,-0.008858200053404873
161,14.0,14.824292866584921,0.9686752842171026,30.68825734146631,False,0.3765987987631748,2.4535287982686373,0.2743986226142288,-0.008877252070090687
161,14.5,15.301538701275062,1.4135026272246038,28.538848523319494,False,0.2876880981774268,1.4768175057109143,0.2741907930973593,-0.008912450620170561
161,15.0,6.786409738845874,0.5521974241516923,14.55977402768483,False,0.13699515631844514,0.49606188342186464,0.28430384881752385,-0.007376399120804952
161,15.5,4.846819389430364,0.19481552279116016,16.11119560271625,False,0.16138475668200347,0.18117871569149616,0.2848444647403976,-0.007303573863109049
161,16.0,11.02163713977896,0.47186347070721235,16.032288263125224,False,0.35525315979843036,0.4531414759511355,0.28521728562577986,-0.007253850776357704
161,16.5,10.463384050282235,0.4546810472314938,31.954851297301488,False,0.3299244150503187,0.4289883796171496,0.2850574660228251,-0.00727511635341261
161,17.0,3.5720465366348044,0.14911265721896105,16.0339289881924,False,0.11521202060955105,0.12216956183773252,0.2852462903669002,-0.007249999353589472
161,17.5,8.902453506168689,0.34428438176145415,32.37188283323206,False,0.30600014269435016,0.31965909713039203,0.2856284251418679,-0.00719948402359107
161.0,18.0,0.0,0.0,0.0,0.0,0.0,0.0,0.286554981374,-0.00707873119903
161,18.5,4.596004557262346,0.19685178246021418,15.952988016469778,False,0.1435277004466996,0.16356537247052463,0.28695458274203883,-0.007027399082530621
161,19.0,6.125743299954252,0.2584167078642446,31.986757745107823,False,0.19438213917639968,0.21988858626682503,0.28680822834593755,-0.007046147884499182
161,19.5,2.45346048915199,0.09328136648474647,16.13544317347411,False,0.08253070854393894,0.028879861517705527,0.28706107585741664,-0.00701379408391726
161.0,20.0,0.0,0.0,0.0,0.0,0.0,0.0,0.289810384987,-0.00667318015344
161.0,20.5,0.0,0.0,0.0,0.0,0.0,0.0,0.289657818399,-0.00669155767038
161.0,21.0,0.0,0.0,0.0,0.0,0.0,0.0,0.289507728272,-0.00670969575385
161.0,21.5,0.0,0.0,0.0,0.0,0.0,0.0,0.289360019457,-0.00672760328119
161.0,22.0,0.0,0.0,0.0,0.0,0.0,0.0,0.289214602213,-0.00674528864265
161.0,22.5,0.0,0.0,0.0,0.0,0.0,0.0,0.28907139181,-0.00676275977659
161.0,23.0,0.0,0.0,0.0,0.0,0.0,0.0,0.288930308162,-0.00678002420155
161.0,23.5,0.0,0.0,0.0,0.0,0.0,0.0,0.28879127549,-0.00679708904554
161.0,24.0,0.0,0.0,0.0,0.0,0.0,0.0,0.288654222024,-0.00681396107275
162.0,0.5,0.0,0.0,0.0,0.0,0.0,0.0,0.288519079724,-0.00683064670808
162.0,1.0,0.0,0.0,0.0,0.0,0.0,0.0,0.288385784022,-0.00684715205961
162.0,1.5,0.0,0.0,0.0,0.0,0.0,0.0,0.288254273595,-0.00686348293918
162.0,2.0,0.0,0.0,0.0,0.0,0.0,0.0,0.288124490149,-0.00687964488139
162.0,2.5,0.0,0.0,0.0,0.0,0.0,0.0,0.287996378222,-0.00689564316109
162.0,3.0,0.0,0.0,0.0,0.0,0.0,0.0,0.287869885003,-0.00691148280947
162.0,3.5,0.0,0.0,0.0,0.0,0.0,0.0,0.28774496017,-0.00692716862892
162.0,4.0,0.0,0.0,0.0,0.0,0.0,0.0,0.287621555729,-0.00694270520684
162.0,4.5,0.0,0.0,0.0,0.0,0.0,0.0,0.287499625878,-0.00695809692832
162,5.0,2.0142874252966836,0.07252207412950888,16.30062970311918,False,0.07284660999450734,0.06523398578326017,0.28737912687402234,-0.006973347987985839
162,5.5,8.124542753327127,0.2946237189714702,32.5723822823507,False,0.29190737747858114,0.2517457776221098,0.28725478907513907,-0.006989126678791279
162,6.0,10.613364303118642,0.4425705928879525,32.13249662074123,False,0.3468670690513968,0.4590779363623424,0.2871162934752207,-0.007006752127717613
162,6.5,12.343787933822792,0.6160515050376287,31.516739345554306,False,0.3581177291056695,0.8034965205427955,0.28696562584933155,-0.007025986813059192
162,7.0,12.800735589008937,0.7008009091157062,31.056320608993424,False,0.3426066692957068,0.7571858098423241,0.28679657811848464,-0.007047642901969241
162,7.5,13.752776227697417,0.8139942991980632,30.77151671376572,False,0.35125647148698425,1.0027560994814728,0.2866273106866906,-0.007069406869229977
162,8.0,14.37690310329829,1.0113991115725538,30.01700480562858,False,0.3301803494189609,1.5817712930994852,0.28644563357547137,-0.007092855602874242
162,8.5,14.609241508622947,1.2144239638518648,29.18684590597656,False,0.29975283913776596,1.954103736781985,0.28623566445590604,-0.00712007147584767
162,9.0,15.21316509691139,1.3442737813822094,28.79423022373617,False,0.29492834292407993,1.5156990563769412,0.2860050026506617,-0.007150113055538616
162,9.5,15.504380830904203,1.4295136462531324,28.560252435153295,False,0.29468841628414655,1.861347154498005,0.28578716281151,-0.007178623453394429
162,10.0,15.215508619873834,1.4552921270624548,28.293417780505585,False,0.27800655042409256,1.2632693449611494,0.28555405451483384,-0.0072092823099077896
162,10.5,14.879672466373401,1.3623041395353255,28.515303753208535,False,0.27898016866134134,1.097713093724316,0.2853437211649168,-0.007237079736528886
162,11.0,14.21372352135174,1.3005192780995243,28.485878968880584,False,0.265573234941406,0.9221621580687347,0.2851442293176909,-0.0072635624372555056
162,11.5,7.841381667918155,0.6358589150642942,14.56246813520765,False,0.15839985389725647,0.6012957570442897,0.2849547486549611,-0.007288823128553052
162,12.0,15.43368321049204,1.3568379825115056,28.77854328804071,False,0.29863249841744943,1.2859397854625474,0.2848036484731545,-0.007309042151371678
162,12.5,15.023232724558266,1.4159975337973965,28.359038665170097,False,0.2765779753621734,1.123519356164235,0.2846001611445084,-0.007336376903827283
162,13.0,13.84120528927215,1.3582864552886589,28.09350078862954,False,0.24721973447035483,0.8574696390992798,0.2844015259830429,-0.007363177416620654
162,13.5,15.044689789836418,1.4757888881060066,28.14575276695456,False,0.27030112475131834,1.1341661969089227,0.2842160890093052,-0.007388302530372969
162,14.0,6.222493501206851,0.5897846929038408,14.11436713674998,False,0.11285438603345965,0.3153831178515616,0.2840165825233205,-0.00741544809858044
162,14.5,5.665048336454856,0.2971617913965563,15.573239400792536,False,0.15395815032523816,0.25673156748527354,0.2941709606904042,-0.006172470719396338
162,15.0,15.217269660162204,0.643837473543328,32.64606183610513,False,0.5559948161154156,1.371385138538836,0.2975914766450353,-0.005810819397000828
162,15.5,14.751775997331615,0.7314691116335581,31.77540453554454,False,0.4491670625707263,1.212916445573841,0.2973310681582449,-0.005837448230653611
162,16.0,4.887402993937712,0.2639835195830109,15.511529839080568,False,0.13008148635551744,0.21561303568821205,0.2970766351512506,-0.005863606569678306
162,16.5,11.586557973973605,0.764393533474663,30.124635216237273,False,0.26808650529658,0.5648726089819364,0.29688093070822896,-0.005883822070054695
162,17.0,11.935952003017084,1.0080962095512358,28.89319078370935,False,0.23421967296718574,0.7208469571163411,0.29665598352239053,-0.005907160902275455
162,17.5,10.636277679419052,1.0418274927358722,28.084341687806607,False,0.1897809029007391,0.6478179591032226,0.29641874185173783,-0.005931894930012992
162,18.0,8.82960535507302,0.9879890608466254,27.320444194820226,False,0.14511159651512814,0.47967047584887124,0.2961857438816488,-0.0059563067188192625
162,18.5,6.755304815411094,0.7709780548888728,27.182321006186434,False,0.10945922616677614,0.23862793045044456,0.29596380913343967,-0.0059796707717826554
162,19.0,4.702851805205104,0.4975803722889185,27.588679807898046,False,0.07949265254495762,0.104573047666869,0.29576178968191413,-0.0060010332460123305
162,19.5,3.665106263525798,0.3688768288680508,13.920415587452013,False,0.06365708695629427,0.07223322316627404,0.29557766481632575,-0.0060205827117799085
162.0,20.0,0.0,0.0,0.0,0.0,0.0,0.0,0.295401988707,-0.00603930590689
162.0,20.5,0.0,0.0,0.0,0.0,0.0,0.0,0.295245300612,-0.0060560639574
162.0,21.0,0.0,0.0,0.0,0.0,0.0,0.0,0.295090776132,-0.00607264489573
162.0,21.5,0.0,0.0,0.0,0.0,0.0,0.0,0.294938335568,-0.00608905525056
162.0,22.0,0.0,0.0,0.0,0.0,0.0,0.0,0.294787903493,-0.00610530121352
162.0,22.5,0.0,0.0,0.0,0.0,0.0,0.0,0.294639408453,-0.00612138866216
162.0,23.0,0.0,0.0,0.0,0.0,0.0,0.0,0.294492782691,-0.00613732318107
162.0,23.5,0.0,0.0,0.0,0.0,0.0,0.0,0.294347961897,-0.00615311008114
162.0,24.0,0.0,0.0,0.0,0.0,0.0,0.0,0.29420488498,-0.00616875441731
163.0,0.5,0.0,0.0,0.0,0.0,0.0,0.0,0.294063493854,-0.00618426100492
163.0,1.0,0.0,0.0,0.0,0.0,0.0,0.0,0.293923733249,-0.0061996344347
163.0,1.5,0.0,0.0,0.0,0.0,0.0,0.0,0.293785550527,-0.00621487908662
163.0,2.0,0.0,0.0,0.0,0.0,0.0,0.0,0.294428025871,-0.00614437634307
163.0,2.5,0.0,0.0,0.0,0.0,0.0,0.0,0.298181760373,-0.00575099218005
163.0,3.0,0.0,0.0,0.0,0.0,0.0,0.0,0.299566642216,-0.00561348662968
163.0,3.5,0.0,0.0,0.0,0.0,0.0,0.0,0.303277207405,-0.00526393296645
163.0,4.0,0.0,0.0,0.0,0.0,0.0,0.0,0.306320338968,-0.00499648181023
163.0,4.5,0.0,0.0,0.0,0.0,0.0,0.0,0.30638380781,-0.00499107842475
163.0,5.0,0.0,0.0,0.0,0.0,0.0,0.0,0.306446313793,-0.00498576381501
163.0,5.5,0.0,0.0,0.0,0.0,0.0,0.0,0.306507776099,-0.00498054451798
163,6.0,2.4131353656454744,0.05833646642397706,16.89017294485175,False,0.11923087359680853,0.02876090432950356,0.3062789337063839,-0.005000010581449516
163,6.5,2.8761690765476047,0.06967574800819981,16.890172941474173,False,0.14210895770331944,0.04817026994080481,0.3060512046896578,-0.005019471992687506
163,7.0,3.528156429474689,0.08643772371289525,16.890172938201164,False,0.17432307331832705,0.0848421918144173,0.3066029795904042,-0.004972472810142208
163,7.5,4.312120780442495,0.10878976849324909,16.890172935569243,False,0.2130580551040024,0.13931880977129418,0.3073067128017399,-0.00491328864692739
163,8.0,4.076717144847673,0.10094933511092878,16.88284567895063,False,0.20051431366712313,0.11772578884896043,0.3136879035114481,-0.004413221340729252
163,8.5,4.042409386898901,0.1002866678233674,16.871210187989956,False,0.19740653031484845,0.11812850076117422,0.3163831337833617,-0.0042203689522255505
163,9.0,5.2206950288234255,0.13582942433224554,16.86111639048952,False,0.25337658527490575,0.2105005088371442,0.31781705145708145,-0.0041218641160480985
163,9.5,5.474833744408587,0.14649628616415863,16.834115765651557,False,0.2614040932892941,0.23278876156737685,0.3231908673624618,-0.0037762645524604273
163,10.0,8.02656866901972,0.2592448191426424,16.804918617916123,False,0.37663930442038956,0.642509821187051,0.32346296246915346,-0.0037597036466394526
163,10.5,14.771093529447878,0.4962010451335545,33.28413861865876,False,0.6323673029612826,0.9575074700980832,0.32295304357741234,-0.0037908107807535646
163,11.0,8.551384060027093,0.3953890815681248,15.989376599617758,False,0.27092002454728054,0.7706581667101273,0.32244140891774586,-0.003822331280801981
163,11.5,5.76353190017513,0.2577030770747033,15.90665067118927,False,0.1767721913382178,0.2799376649973469,0.33130562428346516,-0.003317532032041894
163,12.0,2.846647719416614,0.09250603276478374,16.416035912151234,False,0.10865000673275568,0.06375667620625512,0.35175788434423805,-0.0024263076698153394
163,12.5,5.955109304385142,0.18709319275342323,16.591818026035483,False,0.2482311131570756,0.29207101817805187,0.354599937334758,-0.002326448444533362
163,13.0,14.127515185451058,0.5088727407334843,16.63114859362214,False,0.601280720919458,0.8156959125256897,0.37827990074368356,-0.0016598451264807541
163,13.5,16.796202978982283,0.7381991171610743,32.86258972545353,False,0.6529088141671393,2.0889592389444167,0.37491009039421275,-0.0017392570714345424
163,14.0,16.432633585912214,0.9287224319913452,31.212969561772844,False,0.45171828096419764,1.6535419619139902,0.37219999173614626,-0.0018064226537512344
163,14.5,15.902367671322681,1.2970774909095546,29.29465581391441,False,0.33055198280127907,2.0564740675782476,0.36984270234662714,-0.001867370326598351
163,15.0,15.517443106232987,1.4383024994015794,28.572699948815526,False,0.2929192847557136,1.7401550719203618,0.3676511032824656,-0.0019262437256267395
163,15.5,14.922955868492437,1.474716961962084,28.166822476552596,False,0.26875351678895537,1.5092700903684724,0.3655858328053908,-0.001983758074728885
163,16.0,12.906341372715769,1.4335235293893904,27.54311650367596,False,0.21825030740127357,1.8469462854776655,0.36360455016638094,-0.002040866424745919
163,16.5,12.394725367014889,1.4110005139468875,27.339253324168993,False,0.20507410966508674,1.4872701064057694,0.3616623052445131,-0.0020987608775767247
163,17.0,11.229973969831853,1.24385806357423,27.39289812930062,False,0.18595275250198173,0.6078806854473506,0.359768295315603,-0.002157111691191573
163,17.5,9.243731302215114,0.9565559121367322,27.757138311968085,False,0.15909521374767618,0.3958132184762647,0.3579373242988165,-0.002215366916475543
163,18.0,2.7632366528420267,0.25737054244632346,14.172402350167173,False,0.05078757313555521,0.12562383055296011,0.35614231320201806,-0.0022743066330422343
163,18.5,1.8416186851231704,0.15703449596034771,14.40498662777053,False,0.03577096355952768,0.05803509139405518,0.35440775076654474,-0.002333044849730724
163,19.0,4.459219210908042,0.36905023586328994,28.928396027087732,False,0.08788509454813127,0.13129608615074861,0.35271457473289203,-0.0023921330475764843
163.0,19.5,0.0,0.0,0.0,0.0,0.0,0.0,0.351056067696,-0.00245174801966
163.0,20.0,0.0,0.0,0.0,0.0,0.0,0.0,0.34946969001,-0.00251043374432
163.0,20.5,0.0,0.0,0.0,0.0,0.0,0.0,0.347941047886,-0.00256857368611
163.0,21.0,0.0,0.0,0.0,0.0,0.0,0.0,0.346472167942,-0.0026259581785
163.0,21.5,0.0,0.0,0.0,0.0,0.0,0.0,0.345063163599,-0.00268244444199
163.0,22.0,0.0,0.0,0.0,0.0,0.0,0.0,0.343712835266,-0.00273794199454
163.0,22.5,0.0,0.0,0.0,0.0,0.0,0.0,0.342419145941,-0.00279239947988
163.0,23.0,0.0,0.0,0.0,0.0,0.0,0.0,0.341179569931,-0.00284579394173
163.0,23.5,0.0,0.0,0.0,0.0,0.0,0.0,0.339991336086,-0.0028981225515
163.0,24.0,0.0,0.0,0.0,0.0,0.0,0.0,0.338851591082,-0.00294939642682
164.0,0.5,0.0,0.0,0.0,0.0,0.0,0.0,0.337757505149,-0.00299963610236
164.0,1.0,0.0,0.0,0.0,0.0,0.0,0.0,0.336706337684,-0.00304886825465
164.0,1.5,0.0,0.0,0.0,0.0,0.0,0.0,0.335695475559,-0.00309712335696
164.0,2.0,0.0,0.0,0.0,0.0,0.0,0.0,0.334722453192,-0.00314443401449
164.0,2.5,0.0,0.0,0.0,0.0,0.0,0.0,0.333784960667,-0.00319083379319
164.0,3.0,0.0,0.0,0.0,0.0,0.0,0.0,0.332880844222,-0.00323635640501
164.0,3.5,0.0,0.0,0.0,0.0,0.0,0.0,0.333522333311,-0.00320397811252
164.0,4.0,0.0,0.0,0.0,0.0,0.0,0.0,0.332631135512,-0.00324906543293
164.0,4.5,0.0,0.0,0.0,0.0,0.0,0.0,0.331772403702,-0.00329322715995
164.0,5.0,0.0,0.0,0.0,0.0,0.0,0.0,0.330943831036,-0.0033365174676
164.0,5.5,0.0,0.0,0.0,0.0,0.0,0.0,0.330143368295,-0.0033789845187
164.0,6.0,0.0,0.0,0.0,0.0,0.0,0.0,0.329369182685,-0.00342067151063
164.0,6.5,0.0,0.0,0.0,0.0,0.0,0.0,0.328619625309,-0.00346161748126
164.0,7.0,0.0,0.0,0.0,0.0,0.0,0.0,0.329415782999,-0.00341814498963
164.0,7.5,0.0,0.0,0.0,0.0,0.0,0.0,0.330191497434,-0.00337641298882
164,8.0,3.4625303471592312,0.09988415404827224,16.628733340866354,False,0.14717843251957718,0.06877543086053339,0.33018841817527206,-0.0033765774431454595
164,8.5,4.878488604366723,0.146381218925273,16.609559540154756,False,0.20526200042953643,0.16966963864920184,0.3301841588758556,-0.003376804935762595
164,9.0,6.41830806217734,0.24935517663843326,16.218664544809954,False,0.2237781475405257,0.35259327787183736,0.3294187542579893,-0.0034179839727885163
164,9.5,5.709268963168066,0.250169123470736,15.939732639941903,False,0.17737052392656474,0.24187547242056742,0.3286684833034376,-0.0034589307936943614
164,10.0,5.652509042955405,0.24730249064477083,15.935078465925113,False,0.17528850918470684,0.23289341533085908,0.32794634188317134,-0.0034988955697183464
164,10.5,7.905698764515156,0.3923818220337167,15.814611602244314,False,0.23416361837414346,0.7138856992551225,0.32724684785696756,-0.0035381326259568604
164,11.0,15.750082002482948,1.0111491967266808,30.537054001960982,False,0.39184788711110696,1.773303307020827,0.3265442479169528,-0.0035780728058796975
164,11.5,14.54835719023454,0.8523713779580986,30.79918103252809,False,0.37323396990295565,0.9815150403836898,0.3257972499550959,-0.003621127499780561
164,12.0,7.431338208806822,0.4255483413373462,15.408867065169552,False,0.19122101113348167,0.492699571363308,0.32510440112501365,-0.0036616140271308753
164,12.5,5.741754827915455,0.2989445447879544,15.573239400471193,False,0.15604279088641698,0.24715491328519423,0.32446328958231135,-0.0036995585680095404
164,13.0,5.090000086591865,0.23985561236356565,15.772442150070619,False,0.14843286968868002,0.18881089524095013,0.3238523125361121,-0.003736156335950938
164,13.5,5.320070195590948,0.28432119073276224,15.508466033317813,False,0.14145219424069558,0.2100645471059885,0.32326091976823396,-0.0037719925609520735
164,14.0,3.7186290856908735,0.20238404475910235,15.449985937722026,False,0.09697667338974424,0.08787619999299062,0.3226813577005821,-0.003807509923330194
164,14.5,5.699737713904891,0.2912715892260248,15.62659053620634,False,0.1577769724484404,0.25716809372486005,0.3221231341784118,-0.0038420969453194335
164,15.0,12.361403760412484,0.6172052884508056,31.428121914684667,False,0.35292501976937474,0.6248230572622909,0.32156803338655465,-0.003876862330369721
164,15.5,5.997356209702695,0.3043811519697648,15.683541108012236,False,0.1693724199733481,0.34695096647102974,0.3209989141845089,-0.0039128955157462855
164,16.0,14.207238487675543,0.8620048503119782,30.821222922465612,False,0.36578290551730663,1.3543767268584523,0.3204639454611382,-0.00394713088855094
164,16.5,13.264757940032412,0.9614084871007428,29.821724607232852,False,0.2939648971828533,1.2046796124008365,0.3198807895455504,-0.003984857393900851
164,17.0,12.227787237323417,0.9744983042797538,29.25948420430052,False,0.2513010086747944,0.9362201078878373,0.3193102593117009,-0.004022183598022755
164,17.5,10.832047537795985,0.886928740648848,29.06071208172365,False,0.21704274025375322,0.6658918365795236,0.31875968209631644,-0.004058600032441688
164,18.0,8.800836469240698,0.6838280036491655,29.280192046918717,False,0.1813567446841357,0.3904611971756852,0.31823252422582127,-0.004093836162614724
164,18.5,4.0828412518226145,0.3085515194296577,14.68283117320115,False,0.08507606351492406,0.14836759495218316,0.3177329668872632,-0.004127564277907504
164,19.0,2.953320681128424,0.2484689947778073,14.407855847203498,False,0.057404500174948594,0.06345193451205024,0.3172659073409128,-0.004159398147717655
164.0,19.5,0.0,0.0,0.0,0.0,0.0,0.0,0.316813070351,-0.00419054232091
164.0,20.0,0.0,0.0,0.0,0.0,0.0,0.0,0.316380462782,-0.00422055504068
164.0,20.5,0.0,0.0,0.0,0.0,0.0,0.0,0.315955938523,-0.00425025627166
164.0,21.0,0.0,0.0,0.0,0.0,0.0,0.0,0.315539206373,-0.00427965487288
164.0,21.5,0.0,0.0,0.0,0.0,0.0,0.0,0.315129991249,-0.00430875924662
164.0,22.0,0.0,0.0,0.0,0.0,0.0,0.0,0.314728032918,-0.0043375773758
164.0,22.5,0.0,0.0,0.0,0.0,0.0,0.0,0.314333084875,-0.00436611685715
164.0,23.0,0.0,0.0,0.0,0.0,0.0,0.0,0.313944913322,-0.0043943849306
164.0,23.5,0.0,0.0,0.0,0.0,0.0,0.0,0.313563296253,-0.00442238850568
164.0,24.0,0.0,0.0,0.0,0.0,0.0,0.0,0.313188022632,-0.00445013418503
165.0,0.5,0.0,0.0,0.0,0.0,0.0,0.0,0.312818891634,-0.0044776282856
165.0,1.0,0.0,0.0,0.0,0.0,0.0,0.0,0.31245571197,-0.00450487685782
165.0,1.5,0.0,0.0,0.0,0.0,0.0,0.0,0.312098301258,-0.00453188570288
165.0,2.0,0.0,0.0,0.0,0.0,0.0,0.0,0.311746485457,-0.00455866038848
165.0,2.5,0.0,0.0,0.0,0.0,0.0,0.0,0.311400098347,-0.00458520626312
165.0,3.0,0.0,0.0,0.0,0.0,0.0,0.0,0.311058981046,-0.00461152846918
165.0,3.5,0.0,0.0,0.0,0.0,0.0,0.0,0.310722981572,-0.00463763195492
165.0,4.0,0.0,0.0,0.0,0.0,0.0,0.0,0.310391954439,-0.00466352148546
165.0,4.5,0.0,0.0,0.0,0.0,0.0,0.0,0.310065760275,-0.00468920165289
165.0,5.0,0.0,0.0,0.0,0.0,0.0,0.0,0.309744265482,-0.00471467688561
165.0,5.5,0.0,0.0,0.0,0.0,0.0,0.0,0.309427341911,-0.00473995145697
165,6.0,2.811781296577376,0.13078364452551636,15.795905746277342,False,0.08270770565698626,0.06404975049545548,0.30911486656321413,-0.004765029493219027
165,6.5,2.7948630318356282,0.12623486053010619,15.848196835386945,False,0.08383116580768696,0.049549275952425295,0.3087993273957578,-0.0047905140058252
165,7.0,4.1001014303776415,0.16274440016315425,16.121543880609888,False,0.13711523788183713,0.14240168756779698,0.3084887277339008,-0.004815758336682927
165,7.5,4.7142350987283494,0.18426196494165484,16.1618262056365,False,0.16036910785655442,0.1872669828781375,0.3081773262430351,-0.004841227112964268
165,8.0,5.041875515363045,0.20872919459385536,16.055405981998742,False,0.16404826404329403,0.20966089476068514,0.3078674079894484,-0.004866734078858562
165,8.5,6.4812047954386385,0.29701478054605307,15.915819595195634,False,0.19948910480791446,0.37908248448804,0.30755961277446286,-0.004892224949735713
165,9.0,7.839162104804689,0.4553617259937473,15.455932538432643,False,0.2048338077224756,0.6699722118907996,0.30724584169922464,-0.004918374641883841
165,9.5,14.854134289151748,0.9829005676433534,30.216453292608342,False,0.3483427589304837,1.0154181989598208,0.3069187324873682,-0.004945813441251848
165,10.0,16.074682141403784,1.2314238217996907,29.5580550833675,False,0.343615071007326,1.3835970391560761,0.3065621135651317,-0.004975935673818297
165,10.5,14.206488905595405,1.120840236022402,29.283386646962686,False,0.2928709369277903,0.9091185330282116,0.30618562372423513,-0.005007973834250599
165,11.0,16.938815042092447,1.5676731216160633,28.600929156844554,False,0.32388527901332154,2.077439828018506,0.3058347858066253,-0.005038050550852749
165,11.5,16.768682248865712,1.664714866712246,28.1280592750777,False,0.3037771010144721,1.664161682107889,0.3054260206062097,-0.005073365164307988
165,12.0,16.91009728090634,1.789638054594673,27.79320558979252,False,0.29490950940438543,1.8065987939675556,0.30503254599072377,-0.00510763770753804
165,12.5,16.801998008086365,1.914702414698156,27.43052118684801,False,0.28191809829749426,2.0139220977974213,0.30463213886638896,-0.005142797657968369
165,13.0,16.642450332858942,1.980002238901882,27.095528942314793,False,0.2697312292688128,1.600153297624528,0.30422225837811756,-0.005179088577163132
165,13.5,16.392936471063145,2.0807734315910893,26.741159624107418,False,0.2565594159615633,1.5910144486040567,0.3038286723760291,-0.0052142243022699555
165,14.0,15.98727327844766,2.1325860125382703,26.43900119633812,False,0.24281844450127404,1.4968570744048295,0.3034346107503466,-0.005249687378966384
165,14.5,15.142194285333796,2.17445603393885,26.02038390385302,False,0.22106617450923188,1.482879655073875,0.30304509187468964,-0.005285024417761403
165,15.0,14.556014830577801,2.033341922854755,26.075859717098925,False,0.21196857465272928,0.7407228076798064,0.3026573863297268,-0.0053204787415951325
165,15.5,14.295946471822887,2.1584568800784947,25.59483764465257,False,0.20082637863000358,0.8582209492188939,0.30230601085848613,-0.005352855846255264
165,16.0,13.44893982968675,2.0919880047728663,25.409680610674435,False,0.18581162509305502,0.7264307789372584,0.30194817830974974,-0.0053860694872356245
165,16.5,12.126842524220537,1.827953454482108,25.584359936630484,False,0.16899105919520277,0.42329465360339885,0.30160056172666155,-0.0054185702830369
165,17.0,3.956469928828251,0.5604265284743565,12.962217184773248,False,0.056827455081173206,0.08427234447573839,0.3012771050526732,-0.005449022295602071
165,17.5,7.860566295271974,1.0747104587778027,26.12834542953474,False,0.11502028578247193,0.1625168225433753,0.3010171981410426,-0.005473639212885406
165,18.0,2.297684453390874,0.3014465643381438,13.194311142028003,False,0.03444568750979924,0.02757119304166812,0.30073733325100893,-0.005500294747337334
165.0,18.5,0.0,0.0,0.0,0.0,0.0,0.0,0.300494412041,-0.00552355707153
165,19.0,2.2146462977767687,0.23041611172344426,13.841656224132192,False,0.03781456340199132,0.02491138824463542,0.300266404468432,-0.0055454979745647795
165,19.5,1.3705043835690942,0.14824657734543664,13.731112241161552,False,0.022858596809822173,0.005556622838891742,0.30003108637785386,-0.0055682513391564666
165.0,20.0,0.0,0.0,0.0,0.0,0.0,0.0,0.299801953402,-0.00559051361774
165.0,20.5,0.0,0.0,0.0,0.0,0.0,0.0,0.300357413518,-0.00553672784995
165.0,21.0,0.0,0.0,0.0,0.0,0.0,0.0,0.300131453517,-0.00555853306711
165.0,21.5,0.0,0.0,0.0,0.0,0.0,0.0,0.299907905047,-0.00558020633028
165.0,22.0,0.0,0.0,0.0,0.0,0.0,0.0,0.299686716424,-0.00560174997393
165.0,22.5,0.0,0.0,0.0,0.0,0.0,0.0,0.299467837725,-0.00562316625507
165.0,23.0,0.0,0.0,0.0,0.0,0.0,0.0,0.321653139426,-0.0038715079752
165.0,23.5,0.0,0.0,0.0,0.0,0.0,0.0,0.330527431996,-0.00335852886648
165.0,24.0,0.0,0.0,0.0,0.0,0.0,0.0,0.331410776369,-0.00331203823919
166.0,0.5,0.0,0.0,0.0,0.0,0.0,0.0,0.330639969062,-0.00335256299276
166.0,1.0,0.0,0.0,0.0,0.0,0.0,0.0,0.329913924467,-0.00339127578079
166.0,1.5,0.0,0.0,0.0,0.0,0.0,0.0,0.329225910731,-0.00342845320941
166.0,2.0,0.0,0.0,0.0,0.0,0.0,0.0,0.328570603534,-0.00346431567445
166.0,2.5,0.0,0.0,0.0,0.0,0.0,0.0,0.327943717621,-0.00349904180194
166.0,3.0,0.0,0.0,0.0,0.0,0.0,0.0,0.327341752254,-0.0035327784823
166.0,3.5,0.0,0.0,0.0,0.0,0.0,0.0,0.326761810677,-0.00356564802461
166.0,4.0,0.0,0.0,0.0,0.0,0.0,0.0,0.326201469128,-0.00359775337244
166.0,4.5,0.0,0.0,0.0,0.0,0.0,0.0,0.325658679886,-0.00362918198131
166.0,5.0,0.0,0.0,0.0,0.0,0.0,0.0,0.325899023796,-0.00361522538844
166,5.5,2.256484831022547,0.11561692459968528,15.61488980909832,False,0.062209437129223916,0.07185381242292371,0.3253710141122452,-0.003645971011507188
166,6.0,2.1245712214980266,0.11215843228338408,15.541820254089558,False,0.05712589174056558,0.04101279859356956,0.32484997720406245,-0.0036766164934832805
166,6.5,8.941928607324353,0.4822713220137738,15.530017132951116,False,0.2394768409044769,0.39917433855080425,0.3243430920795702,-0.003706724576835906
166,7.0,4.7113299367729855,0.3021169995749197,15.12628048700414,False,0.11107614768556895,0.22767456850577517,0.32382035622508737,-0.0037380823739446775
166,7.5,4.1795513390715415,0.23768503319188916,15.385184296640128,False,0.1067292779975982,0.15419964166074138,0.323321836411821,-0.0037682823737573154
166,8.0,5.2148699946981125,0.3056794334622523,15.327489655390167,False,0.13074548583693987,0.23772439999983228,0.3228386275433864,-0.0037978326915255123
166,8.5,15.20998766580222,1.105267053898661,29.76585850682107,False,0.3344707344567984,1.1555119944597256,0.3223590565058032,-0.003827433931634983
166,9.0,15.33577323453368,1.2352775341260434,29.222301102971528,False,0.31366843184384446,1.170210706388894,0.3218230976144584,-0.00386084158124056
166,9.5,14.563980003951603,1.1997079683097644,29.067547997922667,False,0.2920712983795433,0.9735993338718073,0.3212899063693437,-0.0038944220299256017
166,10.0,16.6048636224888,1.583374011491213,28.388107337454063,False,0.30914552658282063,2.0031408604823557,0.32077332190286206,-0.0039272890004876755
166,10.5,13.764622996400444,1.2690866581353883,14.2147879113719,False,0.2554925647751798,0.8106762456675737,0.32021049223856135,-0.003963475191772756
166,11.0,14.98103292772828,1.4447418746808844,28.20925688542016,False,0.2711018175678236,1.0648374187555756,0.31971186668377294,-0.0039958657829499275
166,11.5,15.88792667124064,1.8011865506803015,27.54503620690695,False,0.2692413515193554,3.050085764010848,0.31920362949962594,-0.004029205840947621
166,12.0,16.570214145142465,2.038299997564345,26.917668476610558,False,0.26321568223491265,2.4237214694972837,0.3186129364166354,-0.0040683723445733575
166,12.5,16.25190337091762,2.0921225616800956,26.6559977204964,False,0.2515277496867413,2.6053046099654606,0.31804316753046713,-0.004106581983797501
166,13.0,15.834901402661249,2.188969881181041,26.23986530415018,False,0.2356411355410919,2.6962320541429365,0.3174703835344795,-0.004145425578409941
166,13.5,15.637378791027544,2.2221063352506087,26.056469099866327,False,0.2287177103843986,2.590801315376718,0.3168961804429367,-0.004184805605095793
166,14.0,15.634226039084549,2.2405958865669313,25.967825877519545,False,0.2268528408212544,2.2361332536365066,0.31633023535612426,-0.004224056202691855
166,14.5,15.4875344101075,2.24631773932437,25.85356535276236,False,0.2224026777432334,1.74791999323782,0.3157823866748913,-0.004262470252614093
166,15.0,15.097100479120723,2.1611484090891038,25.972174539621747,False,0.21778096635484356,1.5352907446594106,0.3152580252952419,-0.004299627875747301
166,15.5,14.430860915678917,1.9479154799185856,26.269776968617442,False,0.21394382233826345,0.9895666339143854,0.31474999290230576,-0.004335997050912015
166,16.0,13.870388331265062,1.9640494409366984,25.993283279938684,False,0.20046893788098666,0.9843584643324189,0.31427565203273894,-0.004370285640498112
166,16.5,12.930021719684213,1.8643255915820436,25.878688217408758,False,0.1849521976069167,0.8522450733489751,0.3138056567185604,-0.004404579217887342
166,17.0,12.377176154092684,1.887578711626365,25.557351224555376,False,0.17273189464050584,1.143563552890799,0.3133490991225705,-0.004438199738344234
166,17.5,10.188906254015828,1.4515322689948458,25.944559348424846,False,0.14661140808338768,0.6190032863019961,0.3128851296401853,-0.004472679791336139
166,18.0,11.354818707120542,1.6462767113517467,25.834885853060428,False,0.16178315215914102,0.7118350738203455,0.3124620342105146,-0.004504400827122148
166,18.5,8.00039459426101,1.0844818068161737,26.190783941692644,False,0.11774255680886983,0.2976898497115731,0.31203234300974925,-0.004536891106482539
166,19.0,4.606786394513642,0.5655560797230179,26.741423490411712,False,0.07143765950162642,0.08003472938651271,0.31164391011128867,-0.0045665022689929955
166,19.5,2.232663186434455,0.2631227309412551,13.465718835691998,False,0.03527540382633702,0.006968810932207381,0.31128756003013985,-0.004593870410995362
166.0,20.0,0.0,0.0,0.0,0.0,0.0,0.0,0.310949501957,-0.00462001452476
166.0,20.5,0.0,0.0,0.0,0.0,0.0,0.0,0.310625651522,-0.00464522629518
166.0,21.0,0.0,0.0,0.0,0.0,0.0,0.0,0.310305677901,-0.00467029741288
166.0,21.5,0.0,0.0,0.0,0.0,0.0,0.0,0.309989503214,-0.00469522939105
166.0,22.0,0.0,0.0,0.0,0.0,0.0,0.0,0.309677052317,-0.00472002367527
166.0,22.5,0.0,0.0,0.0,0.0,0.0,0.0,0.309368252572,-0.00474468165416
166.0,23.0,0.0,0.0,0.0,0.0,0.0,0.0,0.309063033655,-0.00476920466852
166.0,23.5,0.0,0.0,0.0,0.0,0.0,0.0,0.30876132739,-0.00479359401887
166.0,24.0,0.0,0.0,0.0,0.0,0.0,0.0,0.3084630676,-0.00481785097195
167.0,0.5,0.0,0.0,0.0,0.0,0.0,0.0,0.308168189978,-0.00484197676609
167.0,1.0,0.0,0.0,0.0,0.0,0.0,0.0,0.307876631976,-0.00486597261566
167.0,1.5,0.0,0.0,0.0,0.0,0.0,0.0,0.307588332705,-0.00488983971487
167.0,2.0,0.0,0.0,0.0,0.0,0.0,0.0,0.307303232843,-0.00491357924081
167.0,2.5,0.0,0.0,0.0,0.0,0.0,0.0,0.307021274563,-0.00493719235603
167.0,3.0,0.0,0.0,0.0,0.0,0.0,0.0,0.306742401458,-0.00496068021057
167.0,3.5,0.0,0.0,0.0,0.0,0.0,0.0,0.306466558481,-0.00498404394368
167.0,4.0,0.0,0.0,0.0,0.0,0.0,0.0,0.306193691889,-0.00500728468511
167.0,4.5,0.0,0.0,0.0,0.0,0.0,0.0242599578401,0.305923749188,-0.00503040355622
167.0,5.0,0.0,0.0,0.0,0.0,0.0,0.0,0.305655758429,-0.00505348116797
167,5.5,2.507602654532267,0.13898059633532514,15.424037398184224,False,0.06484312381145485,0.035631201165649724,0.3053915108148039,-0.005076360061647208
167,6.0,3.25410818161246,0.19504060107473783,15.250433516622847,False,0.07965129128113518,0.05947631258738566,0.3051234101740597,-0.005099698794464842
167,6.5,3.9435457760431305,0.25301491795889536,15.095783273246836,False,0.09214164193715452,0.08243346121597296,0.30485500270838606,-0.005123192415262297
167,7.0,5.274537063676008,0.34584580582491276,15.071122779434706,False,0.12235414251750543,0.1636609550041966,0.30458620261069375,-0.005146849755785785
167,7.5,5.511394788494503,0.3733571647415798,14.983790380473563,False,0.12467317721014944,0.15757736835132483,0.30431342988540255,-0.005170989911583513
167,8.0,4.095658360393831,0.22057559835227564,15.477495175413926,False,0.10778119214039084,0.09510984062731304,0.3063683023641901,-0.004992397829511545
167,8.5,6.3514576005893035,0.27950790994900276,15.980604407063746,False,0.20052258924096217,0.3524782228776866,0.3091808642738527,-0.004759719634675241
167,9.0,7.583019089699583,0.3306801106275521,16.120678988902824,False,0.2534984896338662,0.581636709020809,0.3111713268304973,-0.004602839507630759
167,9.5,15.80226152490711,0.7649844480123019,31.84699497898017,False,0.4878372305082424,1.2393774631362409,0.3115785773773213,-0.004571505332508629
167,10.0,16.26237043323507,0.9301640311225653,31.103634397385747,False,0.4387485631751683,1.3941854427825184,0.31116671145667374,-0.004603196081908816
167,10.5,16.22724551812089,1.0689148611223258,30.344268815595804,False,0.38785133922708265,1.3608040624772266,0.31074862075742715,-0.004635633876833049
167,11.0,15.567081577555385,1.038978421894539,30.22344905041509,False,0.36543888277741154,1.1427730579551953,0.3103321808942623,-0.004668214691496813
167,11.5,17.186563491704987,1.5620577496701944,28.75859578459058,False,0.3347125482349894,2.407106571966056,0.3099305531766098,-0.004699895423404389
167,12.0,16.985059933268513,1.7478358031547694,27.924566637147105,False,0.3001807197110467,1.984892142360894,0.3094662662883194,-0.0047368385671791545
167,12.5,16.446111841527937,1.7262191187134945,27.79879467422645,False,0.284337916862913,1.5696807006067675,0.30901591356508123,-0.00477300400601751
167,13.0,16.328363325079298,1.7740090813858937,27.59964845041843,False,0.276321590450868,1.5595412171401366,0.30858690359434127,-0.004807761890596942
167,13.5,8.152349616235613,0.908490271898863,13.689630038262445,False,0.13480021399466732,0.7120505904163718,0.3081610475259351,-0.00484256291824378
167,14.0,16.308376503487644,1.8945688932190383,27.207815803931044,False,0.26708709990833945,1.7710772203098903,0.30780461292341144,-0.0048719217436781585
167,14.5,15.59033507511966,1.9613573999345633,26.745086180682165,False,0.24184643712091056,1.3925036396706525,0.30737482097021845,-0.004907605395882645
167,15.0,5.919546443326136,0.6971372942840304,13.500264192009913,False,0.09417326723438857,0.3056223477766082,0.3069609672629086,-0.004942260439436925
167,15.5,12.689788863822663,1.4868963011683936,27.06280015863102,False,0.20314523070421608,0.7029010491791989,0.3066403048304092,-0.004969312490574428
167,16.0,5.775002176268944,0.6808031449600447,13.509950228220132,False,0.09205206528200041,0.32578269411861893,0.30627843107277664,-0.005000053436732181
167,16.5,5.120976376476042,0.5773322020082631,13.636292583007743,False,0.0837474499883098,0.2663906936584081,0.30596517420570235,-0.0050268475197083485
167,17.0,3.8553467510867088,0.42979808889724075,13.657120690475118,False,0.06332075102967673,0.14659798145007918,0.3056616965488099,-0.005052968451075852
167,17.5,7.695898051947951,0.8275613593535414,27.503458074515553,False,0.12891696409365455,0.2799114701993048,0.3053718535212551,-0.005078066941643517
167,18.0,8.099648497121468,0.8726740021309982,27.5083014826314,False,0.1357495789319625,0.32508413811993075,0.3050652427601955,-0.0051047792565629595
167,18.5,8.035820360568561,0.8679090434149567,27.528266377879973,False,0.13496370692479218,0.43475828272200073,0.3047584948051675,-0.00513167122571745
167,19.0,8.570906313482835,0.9319717530155935,27.463290332495795,False,0.14296984222103548,0.447406757571497,0.3044509622907437,-0.005158801587750683
167,19.5,2.47203607684472,0.2580015235624646,13.803396187873398,False,0.04186558182641914,0.07657456430288431,0.304143627634426,-0.005186085400183923
167.0,20.0,0.0,0.0,0.0,0.0,0.0,0.0,0.303878968869,-0.00520971850315
167.0,20.5,0.0,0.0,0.0,0.0,0.0,0.0,0.303629953615,-0.00523207194747
167.0,21.0,0.0,0.0,0.0,0.0,0.0,0.0,0.303383809139,-0.00525428008762
167.0,21.5,0.0,0.0,0.0,0.0,0.0,0.0,0.303140463327,-0.00527634621426
167.0,22.0,0.0,0.0,0.0,0.0,0.0,0.0,0.302899847301,-0.00529827345688
167.0,22.5,0.0,0.0,0.0,0.0,0.0,0.0,0.302661895199,-0.00532006479555
167.0,23.0,0.0,0.0,0.0,0.0,0.0,0.0,0.302426543979,-0.00534172307161
167.0,23.5,0.0,0.0,0.0,0.0,0.0,0.0,0.302193733238,-0.00536325099744
167.0,24.0,0.0,0.0,0.0,0.0,0.0,0.0,0.301963405038,-0.00538465116533
168.0,0.5,0.0,0.0,0.0,0.0,0.0,0.0,0.30173550376,-0.00540592605567
168.0,1.0,0.0,0.0,0.0,0.0,0.0,0.0,0.301509975961,-0.0054270780444
168.0,1.5,0.0,0.0,0.0,0.0,0.0,0.0,0.301286770245,-0.00544810940983
168.0,2.0,0.0,0.0,0.0,0.0,0.0,0.0,0.301065837141,-0.00546902233896
168.0,2.5,0.0,0.0,0.0,0.0,0.0,0.0,0.300847128996,-0.00548981893323
168.0,3.0,0.0,0.0,0.0,0.0,0.0,0.0,0.300630599872,-0.00551050121384
168.0,3.5,0.0,0.0,0.0,0.0,0.0,0.0,0.300416205451,-0.00553107112664
168.0,4.0,0.0,0.0,0.0,0.0,0.0,0.0,0.30020390295,-0.00555153054666
168.0,4.5,0.0,0.0,0.0,0.0,0.0,0.0,0.299993651036,-0.00557188128226
168.0,5.0,0.0,0.0,0.0,0.0,0.0,0.025265729997,0.299785409756,-0.00559212507899
168,5.5,9.180648623127498,0.5585674845156859,30.479485864060933,False,0.2239792485550165,0.29611628293756553,0.2995781816289269,-0.005612357437830919
168,6.0,11.594953407355547,0.9050253895242392,29.334826403713592,False,0.24063748064991453,0.5180221669702514,0.29934141171015377,-0.005635580910587907
168,6.5,12.434419404289894,1.1712727774762566,28.32353671514884,False,0.22798120106903727,0.5627691126636809,0.29908497077092444,-0.005660863089977992
168,7.0,13.577798306691637,1.454973133664469,27.65099802497067,False,0.23103637441260974,0.7110139978551037,0.29881859086899926,-0.00568726836793571
168,7.5,14.224545462119597,1.8033857863706388,26.7136452606386,False,0.22162407516241717,1.04896214182589,0.29853764789502785,-0.005715276396607562
168,8.0,14.711487514940446,2.0268988300296216,26.206727420285716,False,0.21850426128120592,1.0505058717777342,0.29823245378492813,-0.005745888536189661
168,8.5,14.66816636046348,2.2266533378362707,25.664856269185673,False,0.20730317909739243,1.2087524255122775,0.29792048297154744,-0.005777382537442557
168,9.0,14.43207223867089,2.3611704115757988,25.248982275641147,False,0.19673101561559117,1.2964986242241427,0.29759665912654043,-0.005810290917744668
168,9.5,14.090425441990229,2.516414088173734,24.728240410344824,False,0.18395318220162252,1.289376244448002,0.29726610328372866,-0.005844114049004786
168,10.0,13.922500827635865,2.6891622924399576,24.21948640486936,False,0.1744737176574076,1.1857821917497036,0.29693159977157624,-0.005878580198861503
168,10.5,13.518432800226467,2.8303536653051977,23.703210373304096,False,0.16277662901920176,1.0773821135403432,0.29659611684994863,-0.005913390792141912
168,11.0,12.874489899547378,2.955949693826056,23.120629429235976,False,0.14852742639525673,0.9504193457208889,0.29626100673053635,-0.005948408173845182
168,11.5,12.10965029309443,2.877516319357152,22.93781842135777,False,0.13783316998040945,0.8459960094079388,0.29592753870238675,-0.005983499493671918
168,12.0,11.594779119019465,2.8713384263671458,22.68921945750565,False,0.12968122469005358,0.6828477684630424,0.2956025740140318,-0.006017933543086876
168,12.5,11.490780693081941,2.835221240577569,22.712805800782146,False,0.12868610111776896,0.511604808625881,0.2952855735854867,-0.0060517514119921515
168,13.0,10.83464155152932,2.8050487536571596,22.413776724110647,False,0.11881649452324694,0.3513294947565802,0.2949779558745687,-0.006084785014801302
168,13.5,10.477120510555405,2.7529122341439907,22.309933328582918,False,0.1140497682235039,0.1912646918724596,0.2946790547663746,-0.006117088577998023
168,14.0,9.718717815832472,2.6296573842759834,22.102616776698504,False,0.10426335627282715,0.0490820156097357,0.2943896721281443,-0.006148558297371663
168,14.5,9.465660442392531,2.6173508228331968,21.965649809865084,False,0.1006036475148894,0.0,0.29411180518482916,-0.006178957407375711
168,15.0,9.114232935791442,2.5529326764406397,21.862774142590713,False,0.09616771052762046,0.0,0.2938376877727166,-0.006209121938612293
168,15.5,8.942275142512376,2.4697269100703214,21.93662434893353,False,0.09481048695903699,0.0,0.2935674128964159,-0.006239035564613035
168,16.0,8.430980617568977,2.378777021694359,21.771870301856808,False,0.08837360015041487,0.0,0.29330167210724317,-0.006268614924486261
168,16.5,7.9409482998722485,2.2655131595157223,21.67045760548098,False,0.08266642150857441,0.0,0.293040738367169,-0.006297821938405948
168,17.0,7.614989172563889,2.1957730076273325,21.585885962686344,False,0.07883802408490345,0.0,0.292785438056396,-0.006326555445836288
168,17.5,7.125111418628112,2.0258687350637268,21.639813445319547,False,0.07395187793433744,0.0,0.2925340994945837,-0.00635499577443201
168,18.0,6.207291433156105,1.728680144337771,21.76415731968756,False,0.06481147414844213,0.0,0.2922905044073714,-0.006382705365153296
168,18.5,5.197968131866365,1.3911314454739074,21.986923301025843,False,0.05507825183736265,0.0,0.2920594641752942,-0.006409119922538672
168,19.0,3.6725202474910605,0.928348958999966,22.315750858775033,False,0.03978585367745259,0.0,0.29184249183970046,-0.006434044785954138
168,19.5,1.3536279280885006,0.3168145214990566,11.386966799769844,False,0.015136682266368655,0.0,0.29164432180992844,-0.006456910692533473
168.0,20.0,0.0,0.0,0.0,0.0,0.0,0.0,0.291470581411,-0.0064770374715
168.0,20.5,0.0,0.0,0.0,0.0,0.0,0.0,0.291310068624,-0.00649569837317
168.0,21.0,0.0,0.0,0.0,0.0,0.0,0.0,0.291150743318,-0.0065142846037
168.0,21.5,0.0,0.0,0.0,0.0,0.0,0.0,0.290992588824,-0.00653279695287
168.0,22.0,0.0,0.0,0.0,0.0,0.0,0.0,0.290835588827,-0.00655123619554
168.0,22.5,0.0,0.0,0.0,0.0,0.0,0.0,0.290679727356,-0.0065696030921
168.0,23.0,0.0,0.0,0.0,0.0,0.0,0.0,0.290524988777,-0.00658789838895
168.0,23.5,0.0,0.0,0.0,0.0,0.0,0.0,0.290371357776,-0.00660612281892
168.0,24.0,0.0,0.0,0.0,0.0,0.0,0.0,0.290218819356,-0.00662427710161
169.0,0.5,0.0,0.0,0.0,0.0,0.0,0.0,0.290067358827,-0.00664236194387
169.0,1.0,0.0,0.0,0.0,0.0,0.0,0.0,0.289916961792,-0.00666037804011
169.0,1.5,0.0,0.0,0.0,0.0,0.0,0.0,0.289767614147,-0.00667832607266
169.0,2.0,0.0,0.0,0.0,0.0,0.0,0.0,0.289619302064,-0.00669620671212
169.0,2.5,0.0,0.0,0.0,0.0,0.0,0.0,0.289472011991,-0.00671402061768
169.0,3.0,0.0,0.0,0.0,0.0,0.0,0.0,0.289325730641,-0.00673176843743
169.0,3.5,0.0,0.0,0.0,0.0,0.0,0.0,0.289180444983,-0.00674945080867
169.0,4.0,0.0,0.0,0.0,0.0,0.0,0.0,0.289036142238,-0.00676706835817
169.0,4.5,0.0,0.0,0.0,0.0,0.0,0.0,0.288892809871,-0.00678462170246
169.0,5.0,0.0,0.0,0.0,0.0,0.0,0.0,0.288750435588,-0.00680211144811
169,5.5,2.7585573297384625,0.31164489554587177,13.641674742569782,False,0.04516288549924529,0.0,0.2886090073216513,-0.006819538191953647
169,6.0,8.799855382581582,1.0947362213084357,26.729082326062148,False,0.13629582146437796,0.0,0.28845668632613125,-0.006838366667444501
169,6.5,10.496112222919692,1.4562161328327987,26.10463641569654,False,0.15325088602238296,0.0,0.2882755696140443,-0.0068608352669162175
169,7.0,11.939530041918225,1.8291686275241874,25.53954420251643,False,0.16573017887273805,0.0,0.28808164591219726,-0.006884990230118565
169,7.5,12.512877062831203,2.1155927675054658,24.96091668581424,False,0.16534079243378988,0.0,0.2878744686406873,-0.006910908083852529
169,8.0,12.897462722015954,2.2982544627593877,24.619313978973175,False,0.16660276486992603,0.0,0.2876573105538851,-0.006938199418124176
169,8.5,13.020692766830617,2.440894969569066,24.318253184875655,False,0.16421593729482692,0.0,0.2874340986376224,-0.006966385504462361
169,9.0,13.032741803182194,2.5312710716807776,24.12133299458322,False,0.16178444128939362,0.0,0.2872063410940399,-0.006995286329373025
169,9.5,13.091373658012092,2.5942908925367605,23.983428902508876,False,0.16085517703886446,0.0,0.2869760109437148,-0.007024659003388519
169,10.0,12.564486867054017,2.617646278006124,23.733996475577726,False,0.1514449220943661,0.0,0.2867441361296351,-0.007054377210741962
169,10.5,11.326721134199717,2.536211929837654,23.33814425858578,False,0.1325051271184688,0.0,0.28651221186860365,-0.007084251722005582
169,11.0,10.923911837732746,2.51512106805681,23.167299444368084,False,0.12617220576741917,0.0,0.28628420505487057,-0.007113768676946403
169,11.5,10.277125806821829,2.48432101236291,22.87774260887204,False,0.11623919862732315,0.0,0.28605781595694846,-0.007143221298129364
169,12.0,9.370309229361503,2.4227199115714404,22.444511030716036,False,0.10277221045953508,0.0,0.28583340350650605,-0.007172560265421927
169,12.5,10.132335390285489,2.5374699016516877,22.553988832358932,True,0.11198791791555895,0.0,0.2856121272334944,-0.007201629905165708
169,13.0,8.599845504185264,2.2502746510759475,22.383592146434488,False,0.09388409738076026,0.0,0.2853872854146855,-0.007231311861650552
169,13.5,8.333642131790015,2.1462935810397004,22.497009799149197,False,0.09167863600277695,0.0,0.28517412279928717,-0.007259586708333164
169,14.0,9.056621721921466,2.1142800998410274,23.117095326922218,False,0.10410802020920246,0.0,0.2849656775188938,-0.007287363301069973
169,14.5,10.776897371562258,2.2405571227619814,23.74967349033368,False,0.12982643994882562,0.0,0.284759209656705,-0.00731500131204615
169,15.0,12.196426506907741,2.2578646629266843,24.425011642318513,False,0.15429123945679146,0.0,0.28454870349145395,-0.007343308570116225
169,15.5,13.043707753793667,2.2079189296257042,24.91954300999501,False,0.1717647151748244,0.0,0.28433828594725546,-0.0073717344415756255
169,16.0,13.791266265963397,1.8137332550333674,26.472686512922326,False,0.20840246246189353,0.0,0.2841305009595527,-0.00739993342130374
169,16.5,13.274269640523432,1.438727796667631,27.57937602255133,False,0.22415437762960289,0.0,0.2839384042299788,-0.007426117713482097
169,17.0,4.499837266315905,0.44918198362053563,13.985835803693288,False,0.07928768120972994,0.0,0.2837612598170063,-0.007450361778836516
169,17.5,7.498931635456327,0.5400971146466728,29.6476020793206,False,0.16225072517912212,0.0,0.2882978739094195,-0.0068580635431490285
169,18.0,7.958423846825403,0.4946230161424242,30.362864098818658,False,0.1907491500812355,0.0,0.28812897766346723,-0.006879085294592222
169.0,18.5,0.0,0.0,0.0,0.0,0.0,0.0,0.287963032583,-0.00689981454438
169,19.0,3.141792141222394,0.14737063740175496,15.741626472771944,False,0.09059633615646571,0.07466959411817314,0.3025821147879898,-0.005327394872454032
169,19.5,3.17774369564998,0.1270854356778487,16.04876837711007,False,0.10311474630592317,0.09814437875145879,0.30230461764436656,-0.005352984688916405
169.0,20.0,0.0,0.0,0.0,0.0,0.0,0.0,0.302032356393,-0.0053782341304
169.0,20.5,0.0,0.0,0.0,0.0,0.0,0.0,0.301773716719,-0.00540235184562
169.0,21.0,0.0,0.0,0.0,0.0,0.0,0.0,0.301519891509,-0.00542614600669
169.0,21.5,0.0,0.0,0.0,0.0,0.0,0.0,0.301270641823,-0.00544963285487
169.0,22.0,0.0,0.0,0.0,0.0,0.0,0.0,0.3010257473,-0.0054728273799
169.0,22.5,0.0,0.0,0.0,0.0,0.0,0.0,0.300785004285,-0.00549574344327
169.0,23.0,0.0,0.0,0.0,0.0,0.0,0.0,0.30054822419,-0.00551839388676
169.0,23.5,0.0,0.0,0.0,0.0,0.0,0.0,0.30031523205,-0.00554079062828
169.0,24.0,0.0,0.0,0.0,0.0,0.0,0.0,0.300085865238,-0.00556294474685
170.0,0.5,0.0,0.0,0.0,0.0,0.0,0.0,0.299859972336,-0.00558486655814
170.0,1.0,0.0,0.0,0.0,0.0,0.0,0.0,0.299637412131,-0.0056065656817
170.0,1.5,0.0,0.0,0.0,0.0,0.0,0.0,0.29941805271,-0.0056280511011
170.0,2.0,0.0,0.0,0.0,0.0,0.0,0.0,0.299201770666,-0.00564933121773
170.0,2.5,0.0,0.0,0.0,0.0,0.0,0.0,0.298988450376,-0.00567041389919
170.0,3.0,0.0,0.0,0.0,0.0,0.0,0.0,0.298777983357,-0.00569130652269
170.0,3.5,0.0,0.0,0.0,0.0,0.0,0.0,0.298570267688,-0.0057120160143
170.0,4.0,0.0,0.0,0.0,0.0,0.0,0.0,0.298365207485,-0.00573254888434
170.0,4.5,0.0,0.0,0.0,0.0,0.0,0.0,0.298162712429,-0.00575291125948
170,5.0,2.132301010105854,0.052769052628206095,16.890172947307786,False,0.10535509769808302,0.0570325461780573,0.29796269734378494,-0.005773108911781077
170,5.5,7.651274703755144,0.18986371787308695,33.780345878436364,False,0.3780426825802502,0.1762438228199367,0.29776091483560513,-0.005793570710027312
170,6.0,10.086181566480455,0.2676519039129876,33.780345869297435,False,0.49834926649704114,0.3003370051780595,0.2975517290445523,-0.005814874530257729
170,6.5,9.729689160240785,0.259048909922442,33.78034586928902,False,0.48073529355888617,0.2803324358514085,0.29733713343167845,-0.005836826356656074
170,7.0,14.155314698300185,0.48617678831301964,33.78034586182275,False,0.6994015178525343,0.7277112445311954,0.2971258068786538,-0.0058585403386187665
170,7.5,15.222921554712851,0.6639715370114982,33.60633456044644,False,0.7292999633299366,1.0640925159476062,0.2968910015947112,-0.005882779762419807
170,8.0,15.880051798208516,0.6352613056667266,33.414573371253,False,0.7194278574394861,0.954730692914128,0.2966387407567266,-0.005908954429543218
170,8.5,16.280493615160175,0.9282580743542865,31.43646094305117,False,0.471879592478489,1.2520571818461848,0.29639371883603827,-0.005934510933643834
170,9.0,16.354650942676063,1.4655221776889296,28.866206355469714,False,0.3234625170581571,1.4074459202754572,0.29612823780723446,-0.00596235018151991
170,9.5,16.482822229862933,1.887062175264358,27.3599783709874,False,0.274800810993611,1.3695087928550087,0.29583836146886394,-0.005992925505895553
170,10.0,15.009325340392845,1.8580616401881431,26.728625526389095,False,0.23246033935565746,0.6374441077778913,0.29553576794138314,-0.006025041706178529
170,10.5,7.300628579319409,0.8437388313579028,13.535320957616786,False,0.11696484248227618,0.26236680890519454,0.2952638493399145,-0.006054077251792776
170,11.0,7.334439010007364,0.7050478155029901,14.05747192439396,False,0.13131761441046552,0.28714550096576463,0.2958242992527443,-0.0059944134931711026
170,11.5,16.961003321871406,1.701613209421819,28.068960548768885,False,0.3064071400775157,1.0478638815751,0.29560704904327634,-0.0060174577573437965
170,12.0,16.69068506148256,2.0123792504692917,26.93878434291735,False,0.26750572784884263,0.9576402573660048,0.29532492299286806,-0.006047541298262766
170,12.5,16.508932508062415,2.1832383867228256,26.564658620231867,False,0.2544751760752944,1.3666527374412658,0.29503619349898763,-0.00607851469889083
170,13.0,16.2220398675451,2.239194326999659,26.29969009094495,False,0.24372968210426077,1.2480074003099253,0.29472717929376174,-0.0061118737719408804
170,13.5,15.953269671422161,2.3331288301694397,25.89863106045476,False,0.23085198838559307,1.0654773506940831,0.29442222277710817,-0.006145008873957337
170,14.0,15.215202472572791,2.3037299825217494,25.71008237981067,False,0.21642104121909778,0.9727992607328678,0.2941222661931343,-0.0061778097161587645
170,14.5,14.019646239024496,2.336965847437436,25.159405908965603,False,0.19003643586129243,0.9247208242202203,0.2938285410192445,-0.006210131490289693
170,15.0,13.545017523046825,2.471597033463492,24.5418598367964,False,0.17430137346693753,0.7662465195049288,0.2935369402269148,-0.006242418994777796
170,15.5,12.721203799175948,2.4845209510349666,24.06335457733652,False,0.15767025995310813,0.5540500871188484,0.2932477694506097,-0.00627463514527995
170,16.0,13.386158226708037,2.4116034482763196,24.46385613813913,False,0.16986669771719154,0.25042630611103484,0.29296765175601486,-0.006306031767414353
170,16.5,12.363411043911938,2.3110488124967947,24.23004039584721,False,0.15401571678350795,0.18900588024751055,0.2927032813950026,-0.00633583520509861
170,17.0,11.134809954336834,2.1701373207819974,23.93720286936464,False,0.13560099682460292,0.1141027029317268,0.29244648380654803,-0.006364945756097856
170,17.5,11.284607745421598,2.2889639726402926,23.69642941095701,False,0.13552753023385986,0.1378556077120684,0.2921992716504391,-0.0063931203727964
170,18.0,8.47037527472634,1.6807541899349592,23.82555691230241,False,0.10227903881209804,0.04507973054467556,0.29194801449989305,-0.006421908391399904
170,18.5,6.317061666650083,1.064214564402807,24.82855456669642,False,0.08256371166590293,0.014279316270193883,0.29172469733161555,-0.006447624887160115
170,19.0,5.399058092246633,0.650661097134934,26.835248774934264,False,0.08449626123172777,0.00717651880171621,0.2915272570624766,-0.006470463734499027
170,19.5,2.9054232964151376,0.3342993405383096,13.529442126314764,False,0.046493317302806425,0.00196572399159664,0.29134706481136186,-0.0064913915944454295
170.0,20.0,0.0,0.0,0.0,0.0,0.0,0.0,0.291180335053,-0.00651082776789
170.0,20.5,0.0,0.0,0.0,0.0,0.0,0.0,0.291027600957,-0.0065286933052
170.0,21.0,0.0,0.0,0.0,0.0,0.0,0.0,0.290876077719,-0.00654647495266
170.0,21.5,0.0,0.0,0.0,0.0,0.0,0.0,0.290725742581,-0.00656417422911
170.0,22.0,0.0,0.0,0.0,0.0,0.0,0.0,0.290576573552,-0.00658179259867
170.0,22.5,0.0,0.0,0.0,0.0,0.0,0.0,0.290428549373,-0.0065993314735
170.0,23.0,0.0,0.0,0.0,0.0,0.0,0.0,0.290281649475,-0.00661679221633
170.0,23.5,0.0,0.0,0.0,0.0,0.0,0.0,0.290135853957,-0.00663417614284
170.0,24.0,0.0,0.0,0.0,0.0,0.0,0.0,0.289991143544,-0.00665148452398
171.0,0.5,0.0,0.0,0.0,0.0,0.0,0.0,0.289847499568,-0.00666871858808
171.0,1.0,0.0,0.0,0.0,0.0,0.0,0.0,0.289704903933,-0.00668587952282
171.0,1.5,0.0,0.0,0.0,0.0,0.0,0.0,0.290342311726,-0.00660957514617
171.0,2.0,0.0,0.0,0.0,0.0,0.0,0.0,0.290196949274,-0.00662688482784
171.0,2.5,0.0,0.0,0.0,0.0,0.0,0.0,0.299387659763,-0.00563103570608
171.0,3.0,0.0,0.0,0.0,0.0,0.0,0.0,0.299951546611,-0.00557596733561
171.0,3.5,0.0,0.0,0.0,0.0,0.0,0.0,0.299734756328,-0.0055970625027
171.0,4.0,0.0,0.0,0.0,0.0,0.0,0.0,0.302626467358,-0.00532331835589
171.0,4.5,0.0,0.0,0.0,0.0,0.0,0.0,0.309053021833,-0.00477001162964
171.0,5.0,0.0,0.0,0.0,0.0,0.0,0.0,0.317774672133,-0.004124735872
171.0,5.5,0.0,0.0,0.0,0.0,0.0,0.0,0.332323571408,-0.0032648008564
171.0,6.0,0.0,0.0,0.0,0.0,0.0,0.0,0.337976586873,-0.00298949487413
171.0,6.5,0.0,0.0,0.0,0.0,0.0,0.0,0.338139840477,-0.00298196446843
171.0,7.0,0.0,0.0,0.0,0.0,0.0,0.0,0.338650747076,-0.00295854346807
171,7.5,3.049372213540487,0.08994667234215781,16.588296251506847,False,0.1268750161973224,0.06636774304583062,0.33848708751385026,-0.002966022018266106
171,8.0,3.2328108075424535,0.09687580203239461,16.562732485995603,False,0.1327324031668924,0.0768479246550696,0.3392281556659012,-0.0029323371858808703
171,8.5,3.166804307810538,0.09555981857256762,16.53309651552297,False,0.12806322700178163,0.0748051835929544,0.3415863250866486,-0.0028281400279629933
171,9.0,5.866000132692071,0.1914281888354023,16.581278741957792,False,0.24317361309249252,0.280802357354194,0.3414732975297771,-0.002833032505489977
171,9.5,7.135340409246241,0.2494195351154856,16.61432850909583,False,0.3009781225993989,0.43612414573375424,0.34208167492899344,-0.0028068168367378892
171,10.0,8.081883310752481,0.3145113067495075,16.620312554431617,False,0.34198983848103914,0.6056625836592688,0.34116838432857044,-0.0028462812692373065
171,10.5,4.372348695347334,0.12935689161604658,16.61313475660906,False,0.18431478350062921,0.16609434260757783,0.34029046414153236,-0.002884842036407521
171,11.0,5.019753770343101,0.15167715350185074,16.609559539850743,False,0.21120572048524533,0.21507309979802544,0.33947294264291455,-0.002921310812577665
171,11.5,4.697680713973014,0.140349686380923,16.61075019945099,False,0.19777909101697008,0.1911999337662808,0.3394436931116406,-0.0029226257490526423
171,12.0,7.879487765855914,0.2692426992613659,16.60599330784692,False,0.33090455357039655,0.5419963483452529,0.3386602240391732,-0.002958111099495766
171,12.5,7.979158229642094,0.2747822935279803,16.581278738636115,False,0.33077406959557926,0.5652290026965292,0.33788262589151524,-0.002993839289265463
171,13.0,7.081986811078844,0.23475672011296225,16.55583908476881,False,0.2897404781633957,0.42034610412651063,0.3378861758875712,-0.0029936750136425167
171,13.5,6.676917086760508,0.21987862291552557,16.55354861874443,False,0.27284669003564765,0.37141858946096173,0.3424493174298557,-0.0027911148026571017
171,14.0,5.84238969489457,0.18752049035213908,16.550119695643975,False,0.23832457949939084,0.2829436706860161,0.34307459083080166,-0.002764649017341467
171,14.5,6.620243313228879,0.2217501506594234,16.53196871058113,False,0.2675643321659917,0.3801695559394183,0.34216908361898457,-0.0028030740894409018
171,15.0,14.797467665142552,0.5483419446831138,32.88040812508987,False,0.5714121481917622,0.9321982673002945,0.3412856436325482,-0.0028411775251737884
171,15.5,14.811197828885813,0.6029621405407513,32.48730425189102,False,0.5221200743736854,0.9757851406741591,0.340391660024373,-0.002880365622923912
171,16.0,14.58339584989548,0.7457472100534376,31.47354423066769,False,0.41978626766308985,1.0357609680671456,0.33951333201056266,-0.0029194962342040326
171,16.5,13.764218854807217,0.8946238629087045,30.3001922921342,False,0.3268176418653132,0.9874296108131587,0.3386442128143775,-0.0029588416252947698
171,17.0,3.7509334465048623,0.24391879063618307,15.06916280473122,False,0.08696119719970749,0.14667389888691426,0.3377864841436075,-0.0029982923235833273
171.0,17.5,0.0,0.0,0.0,0.0,0.0,0.0,0.336999425304,-0.00303504512628
171.0,18.0,0.0,0.0,0.0,0.0,0.0,0.0,0.336240515943,-0.00307099286124
171,18.5,3.461367905674118,0.19133823377669792,15.410611490248288,False,0.08911719266908585,0.11700346675041921,0.33549446270970396,-0.003106827187313967
171.0,19.0,0.0,0.0,0.0,0.0,0.0,0.0,0.334749273482,-0.0031431184575
171.0,19.5,0.0,0.0,0.0,0.0,0.0,0.0,0.334028174064,-0.00317871839315
171.0,20.0,0.0,0.0,0.0,0.0,0.0,0.0,0.33331935194,-0.00321418140705
171.0,20.5,0.0,0.0,0.0,0.0,0.0,0.0,0.332622730169,-0.00324949425979
171.0,21.0,0.0,0.0,0.0,0.0,0.0,0.0,0.331938243656,-0.00328464310916
171.0,21.5,0.0,0.0,0.0,0.0,0.0,0.0,0.331265824666,-0.00331961424132
171.0,22.0,0.0,0.0,0.0,0.0,0.0,0.0,0.330605393885,-0.00335439456543
171.0,22.5,0.0,0.0,0.0,0.0,0.0,0.0,0.32995685541,-0.00338897193237
171.0,23.0,0.0,0.0,0.0,0.0,0.0,0.0,0.329320094485,-0.00342333532378
171.0,23.5,0.0,0.0,0.0,0.0,0.0,0.0,0.328694977081,-0.00345747494712
171.0,24.0,0.0,0.0,0.0,0.0,0.0,0.0,0.328081350706,-0.00349138226368
172.0,0.5,0.0,0.0,0.0,0.0,0.0,0.0,0.32747904595,-0.00352504997022
172.0,1.0,0.0,0.0,0.0,0.0,0.0,0.0,0.326887878466,-0.00355847194928
172.0,1.5,0.0,0.0,0.0,0.0,0.0,0.0,0.326307651129,-0.00359164319974
172.0,2.0,0.0,0.0,0.0,0.0,0.0,0.0,0.325738156236,-0.00362455975582
172.0,2.5,0.0,0.0,0.0,0.0,0.0,0.0,0.32517917764,-0.0036572186006
172.0,3.0,0.0,0.0,0.0,0.0,0.0,0.0,0.324630492745,-0.00368961757814
172.0,3.5,0.0,0.0,0.0,0.0,0.0,0.0,0.324091874338,-0.00372175530733
172.0,4.0,0.0,0.0,0.0,0.0,0.0,0.0,0.323563092239,-0.00375363109913
172.0,4.5,0.0,0.0,0.0,0.0,0.0,0.0,0.323043914748,-0.00378524487871
172.0,5.0,0.0,0.0,0.0,0.0,0.0,0.00579957083008,0.322534109925,-0.00381659711287
172,5.5,2.672137412264086,0.06624471123734907,16.88577142398653,False,0.1316679338147365,0.08128348881632763,0.322033226582254,-0.0038477024775075788
172,6.0,3.9008076571526145,0.10743227368427204,16.890172936489478,False,0.1927354392616182,0.20875031434313715,0.3215358769105405,-0.0038788877169101867
172,6.5,12.332767120303926,0.3755126662850222,33.75402898784998,False,0.6044107168865346,0.6148616650899414,0.32104081233628956,-0.003910229209506629
172,7.0,12.740115851957142,0.39153266832688155,33.66542068256818,False,0.6077830549046149,0.631177145134654,0.32052862422008954,-0.003942972853137007
172,7.5,14.645009703141088,0.6288086090354107,32.54564255412599,False,0.5309232545011469,1.2342117226706317,0.3200234512159463,-0.00397558853330681
172,8.0,14.20183675781961,0.8639744698671354,30.57771619466716,False,0.35178011294257494,0.8641566278864677,0.31949441516548804,-0.004010090085717468
172,8.5,14.273901152576862,0.9846336090098696,29.943223359644378,False,0.32177520390607467,0.8596339444971888,0.31897831390202447,-0.004044092392059022
172,9.0,15.04282762607052,1.1928374666863482,29.28258775306645,False,0.310080202988676,1.0289282534643254,0.3184654149506086,-0.004078224590044421
172,9.5,13.546872526883522,1.129614446005357,28.926923062535298,False,0.2669415713597557,0.7367265485707465,0.31794559870406924,-0.004113167911769012
172,10.0,15.500731653677594,1.3873020116387473,28.63084282794894,False,0.29463662714348554,1.139233866448808,0.3174464838651681,-0.004147055836465097
172,10.5,15.900201832504882,1.5129990328638296,28.317111336935803,False,0.2913095116522094,1.271312808657828,0.31692933737565776,-0.004182519542648393
172,11.0,7.652949965467738,0.7067174909900602,14.178871515487257,False,0.14086981964734424,0.5059083903726795,0.3164092460376082,-0.0042185502283317786
172,11.5,16.219015587166542,1.599918533678566,28.14142695217013,False,0.29125740832241875,1.3717639210192822,0.3159554582134672,-0.004250290016589904
172,12.0,16.723761760582946,1.7737914518720357,27.701159641067544,False,0.2893190559415777,1.7327864440606546,0.315441398079666,-0.004286589879587553
172,12.5,16.247024192379612,1.7266428908026008,27.701799090929335,False,0.27796566960949615,1.3691088714826523,0.31491335341656707,-0.004324262508535995
172,13.0,14.64440992572395,1.515967040032205,27.769083235222798,False,0.25237323906625525,0.9044179507676057,0.31440705037620975,-0.004360755022783629
172,13.5,16.01674117571761,1.6331449642803648,27.940235787868772,False,0.28123769042132674,1.1998191670364735,0.3139323693671597,-0.0043953020585545625
172,14.0,16.373450005338622,1.857362495643714,27.37723549578949,False,0.27306725376634855,1.8321631582679658,0.3134478689288295,-0.004430900566082374
172,14.5,15.951747026190121,1.7820814098302726,27.359909882791094,False,0.26579456479732244,1.2276008145741368,0.31293655078581134,-0.004468842724015912
172,15.0,15.54681795177602,1.8546851119472116,27.0454866061269,False,0.2503907994910704,1.4624685822275523,0.31245657693125406,-0.004504811727346659
172,15.5,14.752191291805396,1.761322887077365,26.974981779314696,False,0.23409256689595515,0.8705964439895078,0.3119703388555966,-0.00454160245150258
172,16.0,14.093794942851261,1.8318749035717212,26.48000908181384,False,0.21450726116191826,1.0438884104029722,0.311515374138489,-0.0045763515393543895
172,16.5,12.990456939274514,2.2492340058915468,24.76234523854773,False,0.16960198726214037,1.2990793126587536,0.31105629301628207,-0.004611736603965796
172,17.0,12.66888547886651,2.165815513895193,24.81648405069338,False,0.16605918402691255,1.0480174446631687,0.31057669896377194,-0.004649051500546504
172,17.5,12.192296786855604,2.0524172137272694,24.913571413223966,False,0.1604736724915458,0.8091261090155508,0.31011468557977784,-0.00468533920813645
172,18.0,11.411612253633823,1.811148350535901,25.246909222131357,False,0.15445827184336403,0.5882394880350463,0.30967080944413583,-0.004720520660794305
172,18.5,10.718356012342694,1.6599418851911374,25.368071563776912,False,0.1465860727807453,0.43413804459769945,0.3092491244220256,-0.004754235166138933
172,19.0,9.043225381240948,1.3739396027837465,25.452180306919896,False,0.12457749919149845,0.2586103430591626,0.30884356623580567,-0.00478693128664402
172,19.5,6.579242198824978,0.9839214775302144,25.521022532390226,False,0.091177756126688,0.11098652861646124,0.3084599550810086,-0.004818104877747914
172.0,20.0,0.0,0.0,0.0,0.0,0.0,0.0,0.308101074355,-0.00484748801067
172.0,20.5,0.0,0.0,0.0,0.0,0.0,0.0,0.307787970491,-0.00487329772286
172.0,21.0,0.0,0.0,0.0,0.0,0.0,0.0,0.307478993149,-0.00489892794621
172.0,21.5,0.0,0.0,0.0,0.0,0.0,0.0,0.307174046733,-0.00492438142884
172.0,22.0,0.0,0.0,0.0,0.0,0.0,0.0,0.306873038579,-0.00494966087068
172.0,22.5,0.0,0.0,0.0,0.0,0.0,0.0,0.30657587886,-0.00497476892343
172.0,23.0,0.0,0.0,0.0,0.0,0.0,0.0,0.306282480479,-0.00499970819081
172.0,23.5,0.0,0.0,0.0,0.0,0.0,0.0,0.305992758979,-0.00502448122873
172.0,24.0,0.0,0.0,0.0,0.0,0.0,0.0,0.305706632449,-0.00504909054565
173.0,0.5,0.0,0.0,0.0,0.0,0.0,0.0,0.305424021434,-0.005073538603
173.0,1.0,0.0,0.0,0.0,0.0,0.0,0.0,0.305144848851,-0.00509782781564
173.0,1.5,0.0,0.0,0.0,0.0,0.0,0.0,0.304869039906,-0.00512196055241
173.0,2.0,0.0,0.0,0.0,0.0,0.0,0.0,0.304596522011,-0.00514593913665
173.0,2.5,0.0,0.0,0.0,0.0,0.0,0.0,0.304327224711,-0.00516976584691
173.0,3.0,0.0,0.0,0.0,0.0,0.0,0.0,0.304061079608,-0.00519344291751
173.0,3.5,0.0,0.0,0.0,0.0,0.0,0.0,0.303798020287,-0.00521697253929
173.0,4.0,0.0,0.0,0.0,0.0,0.0,0.0,0.303537982254,-0.00524035686027
173.0,4.5,0.0,0.0,0.0,0.0,0.0,0.0,0.303280902861,-0.0052635979864
173,5.0,1.9030899418668843,0.15691940290671955,14.474901485593744,False,0.03760703125581882,0.007511152103751241,0.3030267212479047,-0.005286697982284805
173,5.5,2.6617846398925304,0.2158171214860177,14.512592579853747,False,0.053096825710850594,0.02711071157401091,0.3027691381490455,-0.005310230435410255
173,6.0,8.409492703799728,0.6777864022730288,29.05161380278679,False,0.16830890471828608,0.12723337195451742,0.30251135725821987,-0.005333906014496287
173,6.5,4.710210723781521,0.38560383000228765,14.50170375425736,False,0.09370259746150889,0.10482723890134965,0.30223497032193064,-0.005359430296227217
173,7.0,12.747468110894506,1.0809794145795986,28.836576808773657,False,0.24840931813859135,0.2895924282380711,0.3019731930192566,-0.005383739680518441
173,7.5,12.832701904729742,1.1270861544501487,28.64601568094358,False,0.2443659604136964,0.277570980809324,0.30168063262184297,-0.005411063300281432
173,8.0,15.414618694916845,1.5505603828785484,27.980064378004208,False,0.2742519323023812,0.5520211855627929,0.3013893455369883,-0.005438432305171354
173,8.5,15.436165357169994,1.8568425224206122,27.04888059279088,False,0.2488055087276846,0.7509640534131036,0.3010740891497071,-0.0054682395085524
173,9.0,16.074817057748238,2.1517605466386795,26.331744821822966,False,0.24142310129572678,0.623374139091565,0.300742127794585,-0.0054998367940585
173,9.5,16.28459221918736,2.3312797823269666,25.9029842920504,False,0.23515939589502713,0.5353926990259849,0.30040623735229094,-0.005532029732062924
173,10.0,16.45216988289125,2.3091268159893197,26.07028405649868,False,0.23945867198037335,0.4357219841858721,0.30006924803795615,-0.005564553867859228
173,10.5,16.687649922071394,2.36987401775613,26.013293730723667,False,0.24354337726267022,0.49922235597689274,0.2997392121093702,-0.00559662796883111
173,11.0,16.638085108207914,2.448733608085401,25.813188084508027,False,0.2383052288308471,0.4519880528861893,0.2994067475593427,-0.005629161053242238
173,11.5,16.430170533795753,2.2805054170355246,26.11225855648201,False,0.2400604033704063,0.2192076057477811,0.2990753269282532,-0.0056618164975041465
173,12.0,16.29991333597951,2.3149022041564415,25.965548435820487,False,0.23499076864554808,0.16266599360285722,0.298761327288463,-0.005692963849110293
173,12.5,15.62438675778448,2.205357129511953,25.97763831600745,False,0.22549898005466862,0.09422014339905391,0.29845033048620406,-0.005724014780360975
173,13.0,15.74297133668613,2.219511792702458,25.99054187571396,False,0.2274767526158995,0.05770338271906883,0.2981482116186998,-0.005754372727010222
173,13.5,15.189381005122684,2.0982653518916687,26.10583909586044,False,0.22180051455018474,0.01575654478711333,0.2978490263293109,-0.005784625135047601
173,14.0,13.80193966059127,1.7848782789676452,26.47009158347828,False,0.20851235283893038,0.0,0.2975580818752634,-0.005814226174861684
173,14.5,12.341574621918866,1.5163700276679157,13.362031710049335,False,0.1910580845942248,0.0,0.2972816397252977,-0.005842519084377655
173,15.0,15.53918765633708,2.007792308239846,26.568832989746838,False,0.23697998731311531,0.0,0.2970173633431933,-0.005869720366059758
173,15.5,15.02664471919382,1.9160555870140614,26.651653412707713,False,0.23099751708056535,0.0,0.29673637885920107,-0.005898807040926313
173,16.0,14.269279680903534,1.7226185260369389,26.993283963981234,False,0.22684370585454106,0.0,0.2964607834376125,-0.005927502831425332
173,16.5,11.268843903565685,1.251735160530041,27.343778102560336,False,0.18564719143798147,0.0,0.296194403739171,-0.005955397264334635
173,17.0,12.309047509781813,1.3603517985161602,27.418709001930942,False,0.20436977922153235,0.0,0.2959477367775098,-0.005981367016139835
173,17.5,10.519195557782398,1.2337427941679617,27.095725427345677,False,0.1689569707585144,0.0,0.2956987592753552,-0.006007716976376307
173,18.0,8.750128976899,0.9656341489278836,27.378736437174,False,0.14467670124800439,0.0,0.29545636750611365,-0.006033502923197728
173,18.5,6.885673898003197,0.7359736426068323,27.555382596456653,False,0.11597872605965989,0.0,0.2952259015772261,-0.006058142568329589
173,19.0,6.789556049323766,0.7188354511645536,27.59416102684297,False,0.11483124896485968,0.0,0.2950058732959404,-0.006081778246730664
173,19.5,2.5630891132981213,0.26278549481631974,13.861871336616597,False,0.04395488697923024,0.0,0.2947881890509321,-0.006105270325696073
173.0,20.0,0.0,0.0,0.0,0.0,0.0,0.0,0.294589477788,-0.00612680932403
173.0,20.5,0.0,0.0,0.0,0.0,0.0,0.0,0.294402378044,-0.00614717251442
173.0,21.0,0.0,0.0,0.0,0.0,0.0,0.0,0.298102745587,-0.00575895790013
173.0,21.5,0.0,0.0,0.0,0.0,0.0,0.0,0.300991269071,-0.00547610232982
173.0,22.0,0.0,0.0,0.0,0.0,0.0,0.0,0.301523516332,-0.00542580532967
173.0,22.5,0.0,0.0,0.0,0.0,0.0,0.0,0.301275544691,-0.00544916969018
173.0,23.0,0.0,0.0,0.0,0.0,0.0,0.0,0.301031103967,-0.00547231878082
173.0,23.5,0.0,0.0,0.0,0.0,0.0,0.0,0.300790067244,-0.00549526033022
173.0,24.0,0.0,0.0,0.0,0.0,0.0,0.0,0.300552315352,-0.00551800158204
174.0,0.5,0.0,0.0,0.0,0.0,0.0,0.0,0.300317736228,-0.00554054933509
174.0,1.0,0.0,0.0,0.0,0.0,0.0,0.0,0.300086224342,-0.00556290997928
174.0,1.5,0.0,0.0,0.0,0.0,0.0,0.0,0.299857680176,-0.0055850895282
174.0,2.0,0.0,0.0,0.0,0.0,0.0,0.0,0.299632009759,-0.00560709364844
174.0,2.5,0.0,0.0,0.0,0.0,0.0,0.0,0.299409124242,-0.00562892768624
174.0,3.0,0.0,0.0,0.0,0.0,0.0,0.0,0.299188939517,-0.00565059669166
174.0,3.5,0.0,0.0,0.0,0.0,0.0,0.0,0.298971375866,-0.00567210544048
174.0,4.0,0.0,0.0,0.0,0.0,0.0,0.0,0.298756357645,-0.0056934584542
174.0,4.5,0.0,0.0,0.0,0.0,0.0,0.0,0.298543812997,-0.00571466001829
174.0,5.0,0.0,0.0,0.0,0.0,0.0,0.0117782484464,0.298333673589,-0.00573571419878
174,5.5,3.2133449936355336,0.14963400947722355,15.826221420159897,False,0.09559125811647376,0.07660781992936025,0.2981254273849507,-0.005756669934914338
174,6.0,9.285149247397975,0.4525585162497764,31.439081329499803,False,0.2656186742645996,0.1620494250740089,0.29791132049647706,-0.005778310610044129
174,6.5,13.102564337080278,0.8199857720746716,30.448686316898637,False,0.31815896643045205,0.37699231741252165,0.2976846942022248,-0.005801322356683375
174,7.0,14.061572691817965,1.1303181496834018,29.205005543493584,False,0.2869685781281075,0.47183755303912567,0.2974381296041456,-0.005826482785150187
174,7.5,14.759761905259708,1.3336839808548453,28.59450045762824,False,0.27933932741124873,0.5299442251937759,0.2971782971995084,-0.005853137942452531
174,8.0,14.802582318251222,1.4863063633941587,28.064682912625692,False,0.26519369561963063,0.7266549985355804,0.2969105989870071,-0.005880752119486519
174,8.5,15.709385653314783,1.725623116856762,27.52826625292726,False,0.26384324513850876,0.5924289996339999,0.29663165125935814,-0.0059096920404644974
174,9.0,15.732016053947957,1.8988153576934845,26.98112522196117,False,0.2514003288815925,0.6901419332179228,0.2963506756726799,-0.005939014050346827
174,9.5,15.979625128137535,1.8876337212111902,27.052527296689945,False,0.25554659019184206,0.4087214451826443,0.2960613341937553,-0.005969390452918175
174,10.0,16.472504920800034,1.939793246466465,27.11747340920663,False,0.26515994135609705,0.4546632825620969,0.2957849683434185,-0.005998577614163351
174,10.5,15.87211663049466,2.1562847461770573,26.330259368603144,False,0.23821798207375966,0.6427208724905014,0.29550670911815347,-0.006028136685349334
174,11.0,16.64251980745678,2.2570884459306337,26.273926621832455,False,0.24682808759492408,0.36971189552596523,0.29521488664455336,-0.006059323199165535
174,11.5,16.20020472021621,2.301305069420868,26.035456336186606,False,0.23658168205703098,0.44037742183768,0.2949313500609475,-0.006089808511481672
174,12.0,16.590067669064517,2.404040506263644,25.865081564744624,False,0.238639378517865,0.2939151506507439,0.2946451672063867,-0.006120763837702378
174,12.5,15.703588936548098,2.3979425354643693,25.61417380958686,False,0.22090347676235556,0.25920865147290817,0.2943623214500665,-0.006151542588574693
174,13.0,16.477045469706454,2.439010454079602,25.700464788533715,False,0.23355632907207108,0.11164413798233051,0.2940826673555417,-0.006182155497112724
174,13.5,16.069877347125075,2.44800979719844,25.557059642943855,False,0.22481861929397112,0.05005977803118913,0.29380866463522787,-0.0062123259743677725
174,14.0,14.609187900385248,2.277899251888243,25.480635932486017,False,0.20298648433244604,0.0,0.2935382352158646,-0.006242275165572749
174,14.5,15.030576413362354,2.3559184421556414,25.401115104339446,False,0.2074740876464718,0.0,0.293277707928882,-0.00627129055927564
174,15.0,14.194858193378963,2.1979111913592217,25.484557663004203,False,0.19725375678413937,0.0,0.29301573652859614,-0.006300628964471634
174,15.5,14.677521545172098,2.2374989397811063,25.547402261649133,False,0.20387547139593976,0.0,0.2927612492390325,-0.006329285938097698
174,16.0,14.003118897111957,2.109241484364536,25.60131711979399,False,0.19542780902308465,0.0,0.2925067193253606,-0.006358103181899776
174,16.5,13.153104185109285,1.9558943503176374,25.660588685841546,False,0.18452448811759298,0.0,0.2922584893967807,-0.006386357851359248
174,17.0,11.496892816438628,1.6660724753359393,25.83943810832559,False,0.163874235702432,0.0,0.29201748536164673,-0.006413933282538249
174,17.5,10.675246500175684,1.4780230191920687,26.063124475509312,False,0.15527477157313313,0.0,0.2917888610095151,-0.006440223459553386
174,18.0,8.717697278811096,1.148538547899711,26.318136366335587,False,0.12982878969376782,0.0,0.2915687294482841,-0.006465658441390189
174,18.5,6.702106013245125,0.8202165575725601,26.738220703885677,False,0.10389744639088572,0.0,0.29136243424586433,-0.006489603417063465
174,19.0,4.987295596882603,0.5606188749509202,27.21457673472316,False,0.08107775966215053,0.0,0.2911699081192364,-0.006512045567983872
174,19.5,2.6518223079512775,0.2656975984998857,13.88568109026321,False,0.04571124682781909,0.0,0.2909885205027007,-0.006533273985631341
174.0,20.0,0.0,0.0,0.0,0.0,0.0,0.0,0.290819590099,-0.00655311868404
174.0,20.5,0.0,0.0,0.0,0.0,0.0,0.0,0.290661986671,-0.00657169756184
174.0,21.0,0.0,0.0,0.0,0.0,0.0,0.0,0.290505606411,-0.00659019431116
174.0,21.5,0.0,0.0,0.0,0.0,0.0,0.0,0.290350429297,-0.00660861009942
174.0,22.0,0.0,0.0,0.0,0.0,0.0,0.0,0.290196435858,-0.00662694606086
174.0,22.5,0.0,0.0,0.0,0.0,0.0,0.0,0.290043607153,-0.00664520329801
174.0,23.0,0.0,0.0,0.0,0.0,0.0,0.0,0.289891924752,-0.00666338288299
174.0,23.5,0.0,0.0,0.0,0.0,0.0,0.0,0.28974137071,-0.00668148585885
174.0,24.0,0.0,0.0,0.0,0.0,0.0,0.0,0.289591927552,-0.00669951324074
175.0,0.5,0.0,0.0,0.0,0.0,0.0,0.0,0.289443578256,-0.00671746601704
175.0,1.0,0.0,0.0,0.0,0.0,0.0,0.0,0.289296306233,-0.00673534515052
175.0,1.5,0.0,0.0,0.0,0.0,0.0,0.0,0.289150095311,-0.00675315157927
175.0,2.0,0.0,0.0,0.0,0.0,0.0,0.0,0.289004929721,-0.00677088621776
175.0,2.5,0.0,0.0,0.0,0.0,0.0,0.0,0.288860794083,-0.0067885499577
175.0,3.0,0.0,0.0,0.0,0.0,0.0,0.0,0.288717673388,-0.00680614366896
175.0,3.5,0.0,0.0,0.0,0.0,0.0,0.0,0.288575552988,-0.00682366820037
175.0,4.0,0.0,0.0,0.0,0.0,0.0,0.0,0.288434418585,-0.00684112438054
175.0,4.5,0.0,0.0,0.0,0.0,0.0,0.0,0.288294256213,-0.00685851301861
175,5.0,2.0917918028829483,0.0699154402513003,16.41603592198676,False,0.07983888976375775,0.0,0.28815505223129867,-0.006875834904929445
175,5.5,2.650681765469506,0.09469363034764167,16.297731330694855,False,0.09573561960031138,0.0,0.28801414002502385,-0.006893422469238043
175,6.0,3.6643029179250015,0.1381544085110856,16.241787682565814,False,0.12906630012005949,0.0,0.2878732195248107,-0.006911064700306016
175,6.5,4.117026678439993,0.16230593567952167,16.144190286312753,False,0.13900478086936482,0.0,0.2877315689941001,-0.006928852568294205
175,7.0,13.210119777036756,0.7192142085766166,31.073683010261426,False,0.354599516353509,0.0,0.28758990876735213,-0.006946696235311508
175,7.5,14.747858129570211,1.104751550928085,29.594849563942056,False,0.316819078319204,0.0,0.287428008576086,-0.006967156436960551
175,8.0,15.499487090012217,1.2039550525052503,29.457028386767252,False,0.32688208110178285,0.0,0.28725236002592563,-0.006989435352898506
175,8.5,15.845849559936378,1.4266384106871188,28.62396332792974,False,0.30094921775545425,0.0,0.2870738178153663,-0.007012168341561513
175,9.0,15.949227289058108,1.7638806118611265,27.492564300878257,False,0.26895282576578006,0.0,0.28688768448222673,-0.007035961732304193
175,9.5,16.049194100687327,2.0341003547659,26.683821032343225,False,0.24926289329106815,0.0,0.2866896013568666,-0.007061388396881467
175,10.0,16.336710802163942,2.2445502363192373,26.162274174605393,False,0.2415204845639773,0.0,0.28648210100390675,-0.0070881413934804115
175,10.5,16.502784770183048,2.3067420548080926,26.0362042764077,False,0.24113998763920824,0.0,0.2862674409783362,-0.0071159446721905635
175,11.0,15.772441387307664,2.3546815948462743,25.70427679942319,False,0.22354185422242046,0.0,0.28605123717713987,-0.007144079349995405
175,11.5,15.302133350237593,2.4379568556670805,25.338210132954064,False,0.2100508329749673,0.0,0.2858340201973393,-0.00717247944471791
175,12.0,15.474722085776124,2.516705928500584,25.188601259104686,False,0.2098642988964018,0.0,0.28561443898037897,-0.007201325480158121
175,12.5,15.32467010261479,2.5097567966784844,25.18310103636084,False,0.20769443808045218,0.0,0.2853926554255571,-0.007230601255377802
175,13.0,15.5773734968635,2.673632282494369,24.898607242142848,False,0.2060270293807449,0.0,0.2851719121007317,-0.007259880634743874
175,13.5,15.360191190439675,2.6021518115808386,24.964179656915526,False,0.20414909801759443,0.0,0.28494571673484526,-0.007290029833955994
175,14.0,15.083087703454925,2.6923694853299636,24.62607178574134,False,0.19496139940601354,0.0,0.28472299177268867,-0.007319862343262296
175,14.5,14.426192573229251,2.573656093894781,24.605411365753568,False,0.18617468514772367,0.0,0.28449759165477395,-0.00735020137895505
175,15.0,14.080462090497228,2.433755900265479,24.794072806129694,False,0.18450900796519662,0.0,0.28427743635489927,-0.007379979202473643
175,15.5,14.480530343564247,2.4185075562303435,24.946032737335926,False,0.1911044140810923,0.0,0.28406332113056315,-0.007409078032152671
175,16.0,12.923883787021644,2.1303560778608275,25.040482665721967,False,0.17275401861664325,0.0,0.28385050683418306,-0.007438135623147372
175,16.5,12.908298085324411,1.981369457754178,25.452530274296777,False,0.1778272903737328,0.0,0.2836493416694373,-0.007465727562753585
175,17.0,12.700598057905086,1.8714822279627805,25.700526128236106,False,0.1794864902287364,0.0,0.2834545360363302,-0.007492563529929297
175,17.5,12.748013703141345,1.8657199278380188,25.721835449016297,False,0.18037610204598697,0.0,0.28326459796579273,-0.007518839686172727
175,18.0,11.677152402387039,1.6526993242636654,25.915173137985306,False,0.1675808119226202,0.0,0.28307556792040917,-0.00754509930546903
175,18.5,10.024308902971757,1.3789978347479062,26.04448107101374,False,0.1455585568836339,0.0,0.28289530348431186,-0.007570243075942472
175,19.0,8.774799467793516,1.1950835886486102,26.075461331631605,False,0.1277763101797509,0.0,0.2827260997761502,-0.007593934949261915
175,19.5,6.2455936615172805,0.8290731633170718,26.200588194175452,False,0.09200042956705064,0.0,0.28256454179320895,-0.00761663875891917
175.0,20.0,0.0,0.0,0.0,0.0,0.0,0.0,0.282417532628,-0.00763736832711
175.0,20.5,0.0,0.0,0.0,0.0,0.0,0.0,0.282302638202,-0.00765361624733
175.0,21.0,0.0,0.0,0.0,0.0,0.0,0.0,0.282188388106,-0.00766981390426
175.0,21.5,0.0,0.0,0.0,0.0,0.0,0.0,0.282074775332,-0.00768596172402
175.0,22.0,0.0,0.0,0.0,0.0,0.0,0.0,0.28196179299,-0.00770206012641
175.0,22.5,0.0,0.0,0.0,0.0,0.0,0.0,0.281849434303,-0.00771810952499
175.0,23.0,0.0,0.0,0.0,0.0,0.0,0.0,0.281737692605,-0.00773411032729
175.0,23.5,0.0,0.0,0.0,0.0,0.0,0.0,0.281626561336,-0.00775006293491
175.0,24.0,0.0,0.0,0.0,0.0,0.0,0.0,0.281516034047,-0.00776596774365
176.0,0.5,0.0,0.0,0.0,0.0,0.0,0.0,0.281406104388,-0.00778182514366
176.0,1.0,0.0,0.0,0.0,0.0,0.0,0.0,0.281296766111,-0.00779763551954
176.0,1.5,0.0,0.0,0.0,0.0,0.0,0.0,0.281188013069,-0.00781339925046
176.0,2.0,0.0,0.0,0.0,0.0,0.0,0.0,0.281079839211,-0.00782911671031
176.0,2.5,0.0,0.0,0.0,0.0,0.0,0.0,0.280972238579,-0.00784478826778
176.0,3.0,0.0,0.0,0.0,0.0,0.0,0.0,0.28086520531,-0.00786041428646
176.0,3.5,0.0,0.0,0.0,0.0,0.0,0.0,0.280758733632,-0.00787599512498
176.0,4.0,0.0,0.0,0.0,0.0,0.0,0.0,0.280652817858,-0.00789153113712
176.0,4.5,0.0,0.0,0.0,0.0,0.0,0.0,0.280547452392,-0.00790702267184
176.0,5.0,0.0,0.0,0.0,0.0,0.0,0.0,0.280442631722,-0.00792247007348
176,5.5,2.0931401651824695,0.09708066401474148,15.775269955419857,False,0.061102796766214884,0.0,0.2803383504186665,-0.007937873681757659
176,6.0,2.7703522460672723,0.13013448808462125,15.747887044229406,False,0.08006726585271992,0.0,0.28023091892755175,-0.007953779942411088
176,6.5,3.966814573397064,0.19716636103093824,15.651537817830784,False,0.11076886490548062,0.0,0.2801227617966766,-0.007969832018121075
176,7.0,5.542106433387867,0.3282280824170736,15.324148401532847,False,0.13880366258567634,0.0,0.2800125843744565,-0.007986223637081749
176,7.5,14.787702327774518,1.2090147961273494,29.112271258493706,False,0.3010552803024186,0.0,0.2798979516255453,-0.008003320751691297
176,8.0,15.196731742043497,1.7872051752488012,27.0598851565411,False,0.2449817993707578,0.0,0.27975040649955174,-0.008025390877615612
176,8.5,15.386990834957892,2.1514059114766515,26.037403173597536,False,0.22480593592178227,0.0,0.27958142756946325,-0.008050756263283092
176,9.0,15.592892140188237,2.2837649048991198,25.773376586413093,False,0.22241015824076468,0.0,0.2793991308952292,-0.008078227959862773
176,9.5,15.767484807192332,2.2950788730632197,25.835709106873985,False,0.22615973845038925,0.0,0.2792123101417964,-0.008106497388283564
176,10.0,15.765984803612898,2.3711897752971973,25.658411533851755,False,0.22263862909612422,0.0,0.27902555436765963,-0.008134874871057485
176,10.5,15.784344086923568,2.418898960580311,25.561428630033255,False,0.22104146426000124,0.0,0.27883640005914,-0.008163737541802198
176,11.0,16.208964322757645,2.5560587767783907,25.356966733369298,False,0.2229702265889406,0.0,0.2786459207014088,-0.008192925782260111
176,11.5,16.733580651573615,2.651934000056157,25.22568523269359,False,0.22773939288986522,0.0,0.27845071739990496,-0.00822296699681863
176,12.0,6.88618145646237,0.9753684869396045,12.915547739077942,False,0.098080832217624,0.0,0.2782523527614492,-0.008253629279440126
176,12.5,5.043886514517564,0.6882564801073896,13.020063953494418,False,0.07321095573636707,0.0,0.27811808678430666,-0.008274460811216673
176,13.0,5.563063423739945,0.7001236336726098,13.26135237071472,False,0.08446583608985635,0.0,0.27799518584225347,-0.008293583979722094
176,13.5,7.350803113353779,0.9249446248773361,13.278024403965874,False,0.11196601358099328,0.0,0.27787229981202805,-0.008312757499583741
176,14.0,15.771187279487442,2.16020226216022,26.12150209311391,False,0.23062783149232446,0.0,0.27774134327606714,-0.008333248394984921
176,14.5,13.562330059051678,1.9224280016312405,25.865315200305925,False,0.19376379852010595,0.0,0.2775639664332212,-0.008361098765225738
176,15.0,5.148134591902755,0.6810584967172838,13.117529025651391,False,0.07607718881925908,0.0,0.2773960670391336,-0.008387563285070752
176,15.5,5.675136151863003,0.7241808212441123,13.228352263138081,False,0.08562807177991873,0.0,0.277275727829408,-0.008406592720468018
176,16.0,5.363728654307256,0.7033497349494591,13.151746994816367,False,0.07977027994227444,0.0,0.27715419882041137,-0.008425862529211145
176,16.5,5.464510167800801,0.7125345928361054,13.181589484933507,False,0.08172513432675811,0.0,0.27703390349719864,-0.008444988574731978
176,17.0,10.58453084310501,1.4072327944308873,26.209591457802397,False,0.156045044240039,0.0,0.2769136992533536,-0.008464151830276654
176,17.5,9.477324026823432,1.2649353380651394,26.189559612101874,False,0.13946286980700864,0.0,0.27676756742919856,-0.008487518349940614
176,18.0,7.415087217689509,0.9570975907881057,26.38224875365225,False,0.11109639547401773,0.0,0.276627268543153,-0.008510024533047533
176,18.5,3.7958751085937266,0.4740884022365571,13.277364035826716,False,0.057810725182576836,0.0,0.27649908146823027,-0.008530649976399487
176,19.0,4.347535451320474,0.5274977291179557,26.75700996099296,False,0.06752002964125356,0.0,0.27638965062633114,-0.008548304661012257
176,19.5,3.5576289277607716,0.413365163016054,13.478853868470555,False,0.056356503942903126,0.0,0.2762786156770597,-0.00856626265271556
176.0,20.0,0.0,0.0,0.0,0.0,0.0,0.0,0.276172331572,-0.00858349439748
176.0,20.5,0.0,0.0,0.0,0.0,0.0,0.0,0.276082150951,-0.0085981476949
176.0,21.0,0.0,0.0,0.0,0.0,0.0,0.0,0.275992383434,-0.008612763478
176.0,21.5,0.0,0.0,0.0,0.0,0.0,0.0,0.275903025848,-0.00862734192586
176.0,22.0,0.0,0.0,0.0,0.0,0.0,0.0,0.275814075046,-0.00864188321818
176.0,22.5,0.0,0.0,0.0,0.0,0.0,0.0,0.2757255279,-0.00865638753522
176.0,23.0,0.0,0.0,0.0,0.0,0.0,0.0,0.275637381307,-0.00867085505773
176.0,23.5,0.0,0.0,0.0,0.0,0.0,0.0,0.275549632187,-0.00868528596682
176.0,24.0,0.0,0.0,0.0,0.0,0.0,0.0,0.275462277484,-0.00869968044391
177.0,0.5,0.0,0.0,0.0,0.0,0.0,0.0,0.275375314164,-0.00871403867065
177.0,1.0,0.0,0.0,0.0,0.0,0.0,0.0,0.275288739218,-0.00872836082884
177.0,1.5,0.0,0.0,0.0,0.0,0.0,0.0,0.275202549659,-0.00874264710038
177.0,2.0,0.0,0.0,0.0,0.0,0.0,0.0,0.275116742526,-0.00875689766716
177.0,2.5,0.0,0.0,0.0,0.0,0.0,0.0,0.275031314881,-0.00877111271108
177.0,3.0,0.0,0.0,0.0,0.0,0.0,0.0,0.274946263811,-0.0087852924139
177.0,3.5,0.0,0.0,0.0,0.0,0.0,0.0,0.274861586425,-0.00879943695725
177.0,4.0,0.0,0.0,0.0,0.0,0.0,0.0,0.274777279858,-0.00881354652254
177.0,4.5,0.0,0.0,0.0,0.0,0.0,0.0,0.274693341269,-0.00882762129094
177,5.0,2.0112210649197735,0.049974218165649016,16.868318022443734,False,0.09804163716247431,0.0,0.2746097678402264,-0.008841661443289388
177,5.5,8.800966400604434,0.2249925294334614,33.73663602148379,False,0.42902352684020173,0.0,0.27452466026011013,-0.008855986681761269
177,6.0,11.232072647698054,0.3121337673834432,33.75985326752979,False,0.5514567893661614,0.0,0.2744332703425613,-0.008871400160391427
177,6.5,12.474999335971951,0.4275709295066799,33.10938679444526,False,0.5100805183999157,0.0,0.2743389302738676,-0.00888734473979811
177,7.0,14.135347279911091,0.8812779258947268,30.568981894034977,False,0.3496576315900785,0.0,0.27424056350803283,-0.00890400625350867
177,7.5,14.969240761261595,1.285613845841345,28.9085583749832,False,0.2942999095582338,0.0,0.2741253300329445,-0.008923572036589607
177,8.0,15.451072031666461,1.6145082617045228,27.77821304599862,False,0.26862865255938934,0.0,0.2739951008184474,-0.008945745677634452
177,8.5,15.708499579968198,1.8760770417582573,27.027468852436414,False,0.2525454140046563,0.0,0.27385273624041845,-0.008970060714019625
177,9.0,15.910327949500953,2.0760062878182763,26.529738381469993,False,0.24365882361510588,0.0,0.2737007887169143,-0.008996099386910344
177,9.5,15.796590818301336,2.266418524452661,25.970995569029682,False,0.22955597469323952,0.0,0.2735415949206227,-0.00902347648946164
177,10.0,15.411520472424161,2.3782607551901918,25.55127119366282,False,0.2156514033180052,0.0,0.27337551352074263,-0.009052143946901655
177,10.5,16.772583946708888,2.524879520228857,25.605970058194053,False,0.23587976939992983,0.0,0.2732055237885806,-0.009081598472340227
177,11.0,16.76648363886175,2.4605159267340264,25.770474110554446,False,0.2375181642682222,0.0,0.27303030354489477,-0.009112078897603657
177,11.5,15.574129214477693,2.236977945050355,25.840956434967982,False,0.22202049128482454,0.0,0.2728578571921775,-0.009142195873963723
177,12.0,16.954685281659415,2.4627678980356027,25.79694298655679,False,0.2427153493731989,0.0,0.27269422306710994,-0.009170883560432781
177,12.5,15.98266482878687,2.3186674383421466,25.793729857495034,False,0.22688425764890308,0.0,0.2725223469156735,-0.009201131780357825
177,13.0,16.53078725102756,2.4612630831074824,25.673776909376354,False,0.23217993440571028,0.0,0.2723562638157005,-0.009230473483316248
177,13.5,16.541697499681312,2.5742799924277264,25.38696812981707,False,0.22832264640055416,0.0,0.27218509145834097,-0.009260831036530059
177,14.0,16.30606196394335,2.5037703636643394,25.470107321141363,False,0.22650673256607728,0.0,0.27200995018393825,-0.009292015689391522
177,14.5,14.670551818486278,2.389180051972085,25.209635087382296,False,0.19928235503040406,0.0,0.27183780267921787,-0.009322789291156078
177,15.0,15.452301333329293,2.435914677763097,25.34812604188344,False,0.210966573554492,0.0,0.271670319702547,-0.009352845657362566
177,15.5,14.71446338811267,2.413630273628453,25.09824307400817,False,0.19667520463140142,0.0,0.2715013769121042,-0.009383281042669911
177,16.0,12.849786044750445,2.1159974032400406,25.092308633253758,False,0.17262322577554245,0.0,0.2713335915381721,-0.009413624782929808
177,16.5,12.693426205256642,2.167251309467553,24.869173779021306,False,0.16720046276849676,0.0,0.27117741103213266,-0.00944197491822769
177,17.0,11.305959012058011,1.8897241566799188,24.97648207755884,False,0.14958639906223703,0.0,0.2710195931779063,-0.009470725661157559
177,17.5,10.349415659343189,1.6860392212064155,25.083263465448887,False,0.13815758950306642,0.0,0.2708726132438806,-0.009497595842142463
177,18.0,8.609312404739303,1.2901854254758627,25.597704662812866,False,0.12011366962664263,0.0,0.2707336669898886,-0.009523080903985206
177,18.5,9.232124423129157,1.274699546752855,26.079846381671558,False,0.13448974020116558,0.0,0.27061004530386545,-0.009545823704380004
177,19.0,7.2073779325456,0.9803881281845523,26.136812460940206,False,0.10554466038887338,0.0,0.2704873113513651,-0.009568467234318742
177,19.5,4.787143258878187,0.6419059043915092,26.198544134488515,False,0.07050344840719212,0.0,0.2703760446717188,-0.009589050461636509
177.0,20.0,0.0,0.0,0.0,0.0,0.0,0.0,0.270277919684,-0.00960724639678
177.0,20.5,0.0,0.0,0.0,0.0,0.0,0.0,0.270204449455,-0.00962089738144
177.0,21.0,0.0,0.0,0.0,0.0,0.0,0.0,0.270131271852,-0.00963451697445
177.0,21.5,0.0,0.0,0.0,0.0,0.0,0.0,0.270058385043,-0.00964810528687
177.0,22.0,0.0,0.0,0.0,0.0,0.0,0.0,0.269985787204,-0.00966166243096
177.0,22.5,0.0,0.0,0.0,0.0,0.0,0.0,0.26991347652,-0.00967518852013
177.0,23.0,0.0,0.0,0.0,0.0,0.0,0.0,0.269841451179,-0.00968868366879
177.0,23.5,0.0,0.0,0.0,0.0,0.0,0.0,0.269769709379,-0.00970214799236
177.0,24.0,0.0,0.0,0.0,0.0,0.0,0.0,0.269698249325,-0.00971558160716
178.0,0.5,0.0,0.0,0.0,0.0,0.0,0.0,0.269627069231,-0.00972898463035
178.0,1.0,0.0,0.0,0.0,0.0,0.0,0.0,0.269556167318,-0.00974235717985
178.0,1.5,0.0,0.0,0.0,0.0,0.0,0.0,0.269485541815,-0.00975569937434
178.0,2.0,0.0,0.0,0.0,0.0,0.0,0.0,0.269415190962,-0.00976901133312
178.0,2.5,0.0,0.0,0.0,0.0,0.0,0.0,0.269345113006,-0.00978229317612
178.0,3.0,0.0,0.0,0.0,0.0,0.0,0.0,0.269275306202,-0.00979554502381
178.0,3.5,0.0,0.0,0.0,0.0,0.0,0.0,0.269205768817,-0.00980876699716
178.0,4.0,0.0,0.0,0.0,0.0,0.0,0.0,0.269136499126,-0.00982195921761
178.0,4.5,0.0,0.0,0.0,0.0,0.0,0.0,0.269067495414,-0.00983512180697
178,5.0,2.19358631355182,0.0870890824717718,16.12934779050538,False,0.07359920836879379,0.0,0.2689987559735057,-0.009848254887443866
178,5.5,5.434217667622345,0.22002606952716358,32.18138320712962,False,0.17940349415276738,0.0,0.2689269740837523,-0.00986199155482868
178,6.0,10.079183381567308,0.5565626432337845,30.921406490506225,False,0.2637779593708518,0.0,0.2688504081326215,-0.009876668902260147
178,6.5,12.946780881709337,1.1319845279261365,28.728996942892607,False,0.2490117703609546,0.0,0.2687613298506336,-0.009893777573814946
178,7.0,13.941614242707143,1.3107669894670149,28.38503520915996,False,0.25743987435558713,0.0,0.2686506718882462,-0.00991508011456999
178,7.5,13.437747268772608,1.282846557215033,28.218042784565107,False,0.24341728335762103,0.0,0.26853348504051155,-0.009937699126782957
178,8.0,4.858213543527086,0.3930757873909024,14.52240116991494,False,0.09714979385439494,0.0,0.27154277398154525,-0.00937581237547082
178,8.5,14.846912318316829,0.733867987050145,31.603281004689276,False,0.4376456341351662,0.0,0.2714506605565807,-0.009392440716399221
178,9.0,16.186298646167725,1.200240346266808,29.753345986714287,False,0.3553254245224299,0.0,0.27134598206151145,-0.00941137998065366
178,9.5,16.280872632840875,1.5499310730287137,28.351916111421886,False,0.2994842899599507,0.0,0.2712239691161551,-0.009433512990758456
178,10.0,16.52760956904033,1.8966742136984587,27.265752694453823,False,0.2719645779842345,0.0,0.2710890462176027,-0.009458060099628723
178,10.5,16.62968656564237,2.0315231671665046,26.920019385915886,False,0.2624464041604764,0.0,0.2709413217151877,-0.009485023591758703
178,11.0,16.76463083183398,2.039563452581441,26.938187586930415,False,0.26697679270756636,0.0,0.27078883352351074,-0.009512952700011486
178,11.5,16.553465894496227,2.0489051250243,26.818939286175514,False,0.25864981422672845,0.0,0.2706363906174082,-0.009540971510416558
178,12.0,16.758257459782886,2.1319824598010055,26.685459314536367,False,0.25846112170032337,0.0,0.27048394025197237,-0.009569090080349972
178,12.5,15.739359746331028,2.2549749712809946,26.092536693334786,False,0.23106080450910677,0.0,0.27032868085454637,-0.00959782830161549
178,13.0,16.579285296461798,2.3359124364774737,26.068691794310574,False,0.2412736671080718,0.0,0.2701690943864999,-0.009627474693161357
178,13.5,15.845557550578508,2.3478797051421365,25.77290667901172,False,0.22583707156848515,0.0,0.27000677362234904,-0.00965774103160274
178,14.0,15.84794568394059,2.266030871871933,25.96931567417264,False,0.22977175724079987,0.0,0.26984433281161907,-0.009688143316300265
178,14.5,14.629932109252728,2.0606940996472334,26.105468794466773,False,0.21480397731495762,0.0,0.2696853291501978,-0.009718012806879622
178,15.0,14.085184232810036,1.9308317265452468,26.26672880299096,False,0.2098646020765333,0.0,0.2695344459254234,-0.009746458353494945
178,15.5,14.865367449168414,1.8743430610830887,26.72543146830583,False,0.2301591869526286,0.0,0.26938881587297164,-0.009774007668593161
178,16.0,14.262321827199198,1.799819710323757,26.77472521070071,False,0.22290680916361622,0.0,0.2692456515053528,-0.009801181026769353
178,16.5,13.09626398421266,1.5911671657002018,26.922871331705583,False,0.2067411250808106,0.0,0.26910563433210155,-0.00982784413967399
178,17.0,12.347242959857555,1.4171382732354143,27.217611776041128,False,0.2007896663214761,0.0,0.2689738516946866,-0.00985301815432227
178,17.5,11.07890342683238,1.2126370805996147,27.46062481739418,False,0.18475368285046237,0.0,0.2688489868219935,-0.00987694160705142
178,18.0,9.258941169353172,1.0191332731862202,27.40025819992819,False,0.15343273546996164,0.0,0.26873219337765974,-0.009899381284028686
178,18.5,9.359591255496317,1.0753761097183059,27.16327314095868,False,0.15136397520752043,0.0,0.26862305129729086,-0.009920405818584587
178,19.0,7.5136749756345,0.8287694245813272,27.369841827585184,False,0.12411813284969456,0.0,0.2685120800364049,-0.009941837286547168
178,19.5,6.169228865343749,0.700212672658724,27.18634130543432,False,0.10000372230864855,0.0,0.26841077008682473,-0.00996145108636945
178.0,20.0,0.0,0.0,0.0,0.0,0.0,0.0,0.268314638867,-0.00998010491766
178.0,20.5,0.0,0.0,0.0,0.0,0.0,0.0,0.268245378134,-0.00999357044991
178.0,21.0,0.0,0.0,0.0,0.0,0.0,0.0,0.268176412334,-0.0100070001564
178.0,21.5,0.0,0.0,0.0,0.0,0.0,0.0,0.268107738977,-0.010020394287
178.0,22.0,0.0,0.0,0.0,0.0,0.0,0.0,0.268039355605,-0.0100337530892
178.0,22.5,0.0,0.0,0.0,0.0,0.0,0.0,0.267971259791,-0.0100470768076
178.0,23.0,0.0,0.0,0.0,0.0,0.0,0.0,0.267903449138,-0.0100603656843
178.0,23.5,0.0,0.0,0.0,0.0,0.0,0.0,0.267835921275,-0.0100736199588
178.0,24.0,0.0,0.0,0.0,0.0,0.0,0.0,0.267768673864,-0.0100868398681
179.0,0.5,0.0,0.0,0.0,0.0,0.0,0.0,0.267701704593,-0.0101000256467
179.0,1.0,0.0,0.0,0.0,0.0,0.0,0.0,0.267635011178,-0.0101131775265
179.0,1.5,0.0,0.0,0.0,0.0,0.0,0.0,0.267568591363,-0.0101262957373
179.0,2.0,0.0,0.0,0.0,0.0,0.0,0.0,0.267502442919,-0.0101393805062
179.0,2.5,0.0,0.0,0.0,0.0,0.0,0.0,0.267436563645,-0.0101524320581
179.0,3.0,0.0,0.0,0.0,0.0,0.0,0.0,0.267370951362,-0.0101654506154
179.0,3.5,0.0,0.0,0.0,0.0,0.0,0.0,0.267305603923,-0.0101784363984
179.0,4.0,0.0,0.0,0.0,0.0,0.0,0.0,0.268022009196,-0.0100371451115
179.0,4.5,0.0,0.0,0.0,0.0,0.0,0.0,0.267954815887,-0.0100502974032
179,5.0,4.243986771009104,0.21338928757804163,15.620730865535878,False,0.11724059752643745,0.0,0.2678879066778663,-0.010063414494823095
179,5.5,5.463529395202627,0.2851268535642429,31.13888232412299,False,0.14828905539664416,0.0,0.2678131809802262,-0.01007808807429344
179,6.0,10.055875284110265,0.5846281550334481,30.67173578185028,False,0.25278513627526866,0.0,0.2677360120262491,-0.010093268190333411
179,6.5,12.804667859375202,0.8728740695707659,30.0357925994616,False,0.29249125216829813,0.0,0.26764775378295963,-0.010110663120396032
179,7.0,12.187349049827393,0.8284634874694704,29.96382381996684,False,0.2755426330963906,0.0,0.2675488310127825,-0.010130202407398202
179,7.5,14.47607291057309,1.1008592792551604,29.55209541702606,False,0.30919532464065336,0.0,0.26745186566518614,-0.01014939874245579
179,8.0,14.789625094730425,1.272473366613422,28.82289526239441,False,0.2877225262991523,0.0,0.2673448326375824,-0.0101706385348354
179,8.5,13.817317254824175,1.0527617380591157,29.418927851046213,False,0.28994081799378024,0.0,0.26723155430387435,-0.01019317536622952
179,9.0,15.036975149530463,1.252859951066223,28.983228913082897,False,0.2983851872400394,0.0,0.27181462638754395,-0.00932694162252584
179,9.5,15.457985065780381,0.9155294169470749,30.755470265345405,False,0.39379428308308617,0.0,0.27168724931421406,-0.0093498022422313
179,10.0,15.095917222308596,1.0043568181800624,30.14126518276172,False,0.35013196002982006,0.0,0.2715731232864982,-0.00937034139425087
179,10.5,6.014187783414579,0.356589686672334,15.285036365098353,False,0.14879460467685393,0.0,0.2737988458300307,-0.008979285420711249
179,11.0,15.755691429587365,0.7701222116019798,31.642265546131107,False,0.4678132776043067,0.0,0.2752594497667729,-0.008733212552769005
179.0,11.5,0.0,0.0,0.0,0.0,0.0,0.0,0.275137254431,-0.00875348860179
179.0,12.0,0.0,0.0,0.0,0.0,0.0,0.0,0.276605981844,-0.00851344546915
179,12.5,16.241751025422737,0.8843008001226452,31.2414616925683,False,0.4486801438929615,0.06279161866971857,0.2780683418572927,-0.008282194698156027
179,13.0,16.001015015301014,0.9773443795919394,30.60733783483036,False,0.39818238220464397,0.036719033283658054,0.2779278697902921,-0.008304080556922987
179,13.5,15.765747354251364,1.0860260033367826,29.993973540661862,False,0.35798023656929295,0.09156216629480829,0.2785659205311887,-0.008205221732893639
179,14.0,16.534966892953875,1.2294660179863561,29.737313818836,False,0.3621782051226592,0.11770413159854785,0.2784147976874955,-0.008228509222559008
179,14.5,14.587566182436547,1.1699134810567382,29.16439761914186,False,0.29616021060382025,0.0443822959179245,0.27825813725194265,-0.008252733213518762
179,15.0,12.804116525008565,0.5946217772376856,15.870449112565348,False,0.38730607182141263,0.46044144896009725,0.2874605380164949,-0.006963039758157588
179,15.5,12.17566994962067,0.5203047029261328,16.04711313706722,False,0.39482224826433815,0.4862837304794357,0.2903775947825388,-0.006605381787059354
179,16.0,14.546821102094317,0.7105459412967676,31.77540453568644,False,0.44292652663323107,1.307418846658126,0.2909417425755611,-0.006538761934599253
179,16.5,13.05943819749296,0.8195949908024777,30.3659714401682,False,0.3131579331990379,0.6447909731581413,0.2906866234579913,-0.006568789151324583
179,17.0,9.399387373040344,0.5244753258063736,30.84105194658983,False,0.24277796466881477,0.3085032631412186,0.2904553907536177,-0.0065961470014112645
179,17.5,10.554693695402364,0.6498398848993152,30.41078091958064,False,0.2548167346107178,0.40938255159534215,0.290250883720167,-0.006620456048302424
179,18.0,6.357640927206344,0.46383201175466093,14.761633462728769,False,0.13526965405254168,0.1390326556721815,0.29004044710971305,-0.006645581435398023
179,18.5,7.260038176858892,0.33802198920766385,31.584661512558746,False,0.21326989448939046,0.2095077814478003,0.29218375457547574,-0.006394893795228093
179,19.0,3.690433788298763,0.16441045273701232,15.854843076340565,False,0.1109717000381059,0.10416806391270862,0.2927582646653566,-0.006329622941302178
179.0,19.5,0.0,0.0,0.0,0.0,0.0,0.0,0.292562659917,-0.00635175634661
179.0,20.0,0.0,0.0,0.0,0.0,0.0,0.0,0.292380298782,-0.00637247429559
179.0,20.5,0.0,0.0,0.0,0.0,0.0,0.0,0.292200864048,-0.00639293841331
179.0,21.0,0.0,0.0,0.0,0.0,0.0,0.0,0.292024238777,-0.00641315863411
179.0,21.5,0.0,0.0,0.0,0.0,0.0,0.0,0.291850313137,-0.00643314430415
179.0,22.0,0.0,0.0,0.0,0.0,0.0,0.0,0.291678983834,-0.00645290422687
179.0,22.5,0.0,0.0,0.0,0.0,0.0,0.0,0.292288257528,-0.00638296162297
179.0,23.0,0.0,0.0,0.0,0.0,0.0,0.0,0.292116244584,-0.00640261623313
179.0,23.5,0.0,0.0,0.0,0.0,0.0,0.0,0.291946732862,-0.00642205563166
179.0,24.0,0.0,0.0,0.0,0.0,0.0,0.0,0.291779630603,-0.00644128758455
180.0,0.5,0.0,0.0,0.0,0.0,0.0,0.0,0.291614851198,-0.00646031943189
180.0,1.0,0.0,0.0,0.0,0.0,0.0,0.0,0.291452312816,-0.00647915811835
180.0,1.5,0.0,0.0,0.0,0.0,0.0,0.0,0.291291938059,-0.00649781022104
180.0,2.0,0.0,0.0,0.0,0.0,0.0,0.0,0.291133653643,-0.00651628197491
180.0,2.5,0.0,0.0,0.0,0.0,0.0,0.0,0.290977390116,-0.00653457929598
180.0,3.0,0.0,0.0,0.0,0.0,0.0,0.0,0.290823081594,-0.00655270780272
180.0,3.5,0.0,0.0,0.0,0.0,0.0,0.0,0.290670665519,-0.00657067283552
180.0,4.0,0.0,0.0,0.0,0.0,0.0,0.0,0.290520082441,-0.00658847947477
180.0,4.5,0.0,0.0,0.0,0.0,0.0,0.0,0.290371275817,-0.00660613255732
180,5.0,1.8760725864623706,0.0795440371350931,15.992577665187362,False,0.05951252895580913,0.07325783445586462,0.2902241918169954,-0.006623636691810709
180,5.5,8.697600725308462,0.3843814680475848,31.80264871697321,False,0.2662156939911925,0.25651779145966086,0.2900729803384593,-0.00664168966814573
180,6.0,11.245338298719872,0.5704745867277252,31.3043977851143,False,0.3140864024079111,0.4699488641070595,0.2899048680405772,-0.006661829280970615
180,6.5,12.712126357591234,0.7982828088840176,30.395092823084514,False,0.3061736015918517,0.7158171111890738,0.28972316962067635,-0.006683678369113561
180,7.0,13.748523122425144,1.0329224371566597,29.55379750082772,False,0.29372266913536493,0.9812163865256436,0.28952502645927186,-0.006707602319457065
180,7.5,14.466457765477596,1.2873813576045607,28.697435068625474,False,0.2771827395704521,1.2541740492529447,0.2893093955410597,-0.006733753787169345
180,8.0,14.896132135004837,1.4719542291208727,28.098577002982466,False,0.2679185414788274,1.525685809539026,0.2890751971890784,-0.006762294837804467
180,8.5,15.287963533102186,1.6090994472755435,27.769123165808004,False,0.2652584070083329,1.779415313129199,0.28882509951198104,-0.0067929327854131865
180,9.0,15.998357065612135,1.7674322498950759,27.45429063022732,False,0.26855327147834046,1.6722778534686078,0.28856153994839706,-0.006825399025411003
180,9.5,15.00553848905907,1.812323349687962,27.0511898324597,False,0.24153498271010793,2.4377780384841086,0.28829737360831253,-0.006858125700242767
180,10.0,16.53991655463444,2.00455897200584,26.914927921324086,False,0.2627292532744379,1.8489135918695405,0.28800375482241836,-0.0068947207888279665
180,10.5,16.424199554268945,2.1201453939104384,26.595413961516435,False,0.25294410742461415,2.1988120267022393,0.2877264571230342,-0.0069294955143418486
180,11.0,16.49255741611452,2.133596473899722,26.50917020412302,False,0.25008890396862593,1.2086278787625837,0.28743273184817436,-0.006966558515609184
180,11.5,16.702558393717084,2.2905832133549815,26.20853028232407,False,0.24789635148496772,1.9511298842380513,0.2871772808599221,-0.006998984135524729
180,12.0,16.864682227130714,2.428862096817096,25.883323163667157,False,0.24318261027814936,1.6528659089964273,0.2868888725926219,-0.0070358095516000006
180,12.5,16.79112820701191,2.4245889881662053,25.87945307846057,False,0.240198333645721,1.2348494245111579,0.2866076861099942,-0.007071935323213958
180,13.0,16.712900343776894,2.477526416087267,25.72318258155139,False,0.23576619472147542,1.1660613367171804,0.2863436490112033,-0.007106059174313137
180,13.5,14.715830411451442,2.1016175540165087,25.863025978580445,False,0.2102005394128802,0.5437975166281552,0.2860813111327866,-0.007140157890171265
180,14.0,16.34203863477238,2.4334137871265633,25.657606173111702,False,0.23085342808438455,1.0952793234969564,0.28585792668422627,-0.007169347205130865
180,14.5,15.723632778475418,2.3852141497569535,25.57309890103369,False,0.22028725098307095,1.1118460914975976,0.28560207076289856,-0.0072029543813351355
180,15.0,15.649820255426164,2.2808056259323295,25.79335388646171,False,0.22215186061278827,0.6818473431461229,0.2853484411199177,-0.007236454553226201
180,15.5,14.765627555234676,2.1977021036392994,25.66965061571098,False,0.20864663044843001,0.7814469626017426,0.28511609577703567,-0.007267306469986182
180,16.0,14.4455536542112,2.071547318932199,25.88289875978986,False,0.2067087637170964,0.48540638552004134,0.28488410652848056,-0.007298267589101256
180,16.5,13.497701860856484,1.8764594691330203,26.05002694877919,False,0.196093428105712,0.3570760819429242,0.28466910099444304,-0.007327102491441244
180,17.0,11.89330266593035,1.5113544491487667,26.55648869163459,False,0.1811641192945136,0.2143992376490555,0.2844673106039721,-0.00735428863878766
180,17.5,10.814605996837921,1.3418347114746745,26.738678206306293,False,0.16765775687693643,0.27336990463326416,0.28428571265366187,-0.007378857167497132
180,18.0,10.055615251709863,1.2549518074264516,26.68907929780333,False,0.15514131097890776,0.22663770949297482,0.28410921353513247,-0.007402829638608972
180,18.5,7.722095609515936,0.9133790558687672,26.97113757917206,False,0.12248975158231767,0.11235057169672193,0.283938670581972,-0.007426081331261594
180,19.0,7.520784729791002,0.8344037242758731,27.30237557603309,False,0.12337127331633538,0.09401186068514912,0.2837862955416624,-0.007446929662170641
180,19.5,6.355019971777727,0.7378841231020788,27.03350876689605,False,0.10143570794120904,0.05688723227136746,0.2836384647604648,-0.007467222918400469
180.0,20.0,0.0,0.0,0.0,0.0,0.0,0.0,0.283496540654,-0.00748676736588
180.0,20.5,0.0,0.0,0.0,0.0,0.0,0.0,0.283385597169,-0.00750208790955
180.0,21.0,0.0,0.0,0.0,0.0,0.0,0.0,0.283275457478,-0.00751733441799
180.0,21.5,0.0,0.0,0.0,0.0,0.0,0.0,0.283166106763,-0.00753250824606
180.0,22.0,0.0,0.0,0.0,0.0,0.0,0.0,0.283057530661,-0.00754761070645
180.0,22.5,0.0,0.0,0.0,0.0,0.0,0.0,0.282949715247,-0.00756264307136
180.0,23.0,0.0,0.0,0.0,0.0,0.0,0.0,0.282842647016,-0.00757760657424
180.0,23.5,0.0,0.0,0.0,0.0,0.0,0.0,0.282736312866,-0.00759250241127
180.0,24.0,0.0,0.0,0.0,0.0,0.0,0.0,0.28263070008,-0.00760733174292
181.0,0.5,0.0,0.0,0.0,0.0,0.0,0.0,0.282525796311,-0.00762209569534
181.0,1.0,0.0,0.0,0.0,0.0,0.0,0.0,0.282421589571,-0.00763679536171
181.0,1.5,0.0,0.0,0.0,0.0,0.0,0.0,0.28231806821,-0.00765143180354
181.0,2.0,0.0,0.0,0.0,0.0,0.0,0.0,0.28221522091,-0.00766600605185
181.0,2.5,0.0,0.0,0.0,0.0,0.0,0.0,0.282113036668,-0.00768051910841
181.0,3.0,0.0,0.0,0.0,0.0,0.0,0.0,0.282011504785,-0.00769497194677
181.0,3.5,0.0,0.0,0.0,0.0,0.0,0.0,0.281910614854,-0.0077093655134
181.0,4.0,0.0,0.0,0.0,0.0,0.0,0.0,0.281810356751,-0.00772370072861
181.0,4.5,0.0,0.0,0.0,0.0,0.0,0.0,0.281710720623,-0.00773797848761
181.0,5.0,0.0,0.0,0.0,0.0,0.0,0.0,0.281611696876,-0.00775219966135
181,5.5,2.9952788920728617,0.1356834806969639,15.878679507875498,False,0.0908873425526268,0.036276729332876456,0.28151327617022937,-0.007766365097447168
181,6.0,10.583613428247263,0.5109290444953438,31.504145552629403,False,0.30634796966712435,0.1048321303629334,0.2814089235270883,-0.007781417999873183
181,6.5,12.889526606887266,0.7181735778059825,30.96705653097454,False,0.3398787186614237,0.17407535062143936,0.28128831373973456,-0.007798859330074182
181,7.0,14.206747524890798,0.8911027309822536,30.475223615119667,False,0.34637400497769977,0.2273652620856968,0.281157787697933,-0.007817787152721979
181,7.5,15.150861082498087,1.0486745723046098,30.08190473851355,False,0.34839108987755085,0.2967902938822894,0.2810192446756118,-0.007837937443941673
181,8.0,15.822270066782927,1.1949342631876703,29.613799262091327,False,0.34077203490242003,0.275171758346924,0.2808726469449697,-0.00785932666727545
181,8.5,16.05484073232992,1.5137887233541039,28.470653396639015,False,0.30173875946005746,0.3712401773231077,0.280721870893266,-0.007881398113160623
181,9.0,13.826101682302866,1.3071720121074115,28.27429721477121,False,0.25206676636232866,0.12388634143192843,0.2805558925329383,-0.007905780411832862
181,9.5,16.509054606298985,1.5282044249013542,28.478552804213994,False,0.3081946584838485,0.19442346322286014,0.28040767870368016,-0.007927629085261284
181,10.0,14.256919592770299,1.3375412226725685,28.3235367005526,False,0.26139617352645356,0.1018749125567356,0.2802489287589478,-0.007951110766746535
181,10.5,7.705626945379957,0.7281714960146894,14.134605864669894,False,0.14040118825017114,0.054991367013235586,0.2801014483577969,-0.007972999790298875
181,11.0,6.448399032590893,0.6024153979618349,14.146708899994962,False,0.11782039073390599,0.030810705980386346,0.2799793873164957,-0.007991170393826652
181,11.5,7.968085436496397,0.7891744655238456,14.007061958866146,False,0.14106192851700644,0.05036108238624393,0.2798635240243511,-0.008008464033417224
181,12.0,8.605988427516927,0.9094566700140109,13.84249494812746,False,0.14697168991643794,0.059688493521748806,0.27974033219143735,-0.00802690045779686
181,12.5,10.616255584428544,1.1904612476390488,27.343778221517724,False,0.1748962049437317,0.052850982123757245,0.27961271596264065,-0.008046052372371198
181,13.0,7.385589664742943,0.7970715054365662,13.757383555224175,False,0.12386637728695,0.024232227015510102,0.2794751829304454,-0.008066753533101123
181,13.5,4.574229511163946,0.4519777624802548,13.987621870404082,False,0.08063038371957812,0.005863115422702908,0.2793541466076495,-0.008085024162387405
181,14.0,3.9220100556343915,0.3717771114048509,14.09993117084984,False,0.07089824621689353,0.003283802408598397,0.2792473790164976,-0.008101181845178218
181,14.5,3.0169043296880895,0.27761303205478616,14.180815887984975,False,0.05555793282472182,0.000892321013058896,0.2791442222183671,-0.008116829644811396
181,15.0,4.520777282795377,0.42459344354695044,14.130480360881487,False,0.08229352722596345,0.004005404380534536,0.2790451930913478,-0.008131885210484913
181,15.5,4.158751313390796,0.3936483389953326,14.111849831131211,False,0.07538201286757092,0.0027245470049168576,0.27894092553935007,-0.008147773156764047
181,16.0,5.8939103374835975,0.5615728390235153,14.11688714449331,False,0.10695648817735802,0.007134715483094918,0.27883833292365323,-0.008163441993520202
181,16.5,13.868125451068217,1.4604710085492687,27.724306654770416,False,0.23784150180777952,0.013315382669942614,0.2787296466464089,-0.008180080687735998
181,17.0,10.967836142619959,1.1851543564967406,27.51692412915737,False,0.18398735903178706,0.0,0.27858705368829484,-0.008201971450907813
181,17.5,10.377502225126342,1.1518015140226288,27.36722899240788,False,0.17137909908982005,0.0,0.2784558500138837,-0.008222175424264032
181,18.0,9.01182489281491,0.9976230630689297,27.38502525783655,False,0.14910110150805214,0.0,0.27832634259876415,-0.00824217637112028
181,18.5,7.013429628372081,0.7775422482438643,27.369841771888943,False,0.11585459753970262,0.0,0.2782031116833587,-0.008261261829339337
181,19.0,4.7744157741936,0.5153848991447051,27.513149861149987,False,0.08005978916466644,0.0,0.27808865327748516,-0.008279035824105297
181,19.5,2.224531732049587,0.22862334879437848,13.874879590876743,False,0.038256198571249504,0.0,0.2779845593026861,-0.008295239922461553
181.0,20.0,0.0,0.0,0.0,0.0,0.0,0.0,0.277891758704,-0.00830971787342
181.0,20.5,0.0,0.0,0.0,0.0,0.0,0.0,0.277808040452,-0.00832280471281
181.0,21.0,0.0,0.0,0.0,0.0,0.0,0.0,0.277724723708,-0.00833585317604
181.0,21.5,0.0,0.0,0.0,0.0,0.0,0.0,0.277641803964,-0.00834886367138
181.0,22.0,0.0,0.0,0.0,0.0,0.0,0.0,0.277559276804,-0.00836183659889
181.0,22.5,0.0,0.0,0.0,0.0,0.0,0.0,0.277477137893,-0.00837477235067
181.0,23.0,0.0,0.0,0.0,0.0,0.0,0.0,0.277395382982,-0.00838767131107
181.0,23.5,0.0,0.0,0.0,0.0,0.0,0.0,0.277314007899,-0.00840053385693
181.0,24.0,0.0,0.0,0.0,0.0,0.0,0.0,0.277233008553,-0.00841336035774
182.0,0.5,0.0,0.0,0.0,0.0,0.0,0.0,0.277152380929,-0.00842615117588
182.0,1.0,0.0,0.0,0.0,0.0,0.0,0.0,0.277072121084,-0.0084389066668
182.0,1.5,0.0,0.0,0.0,0.0,0.0,0.0,0.276992225148,-0.00845162717919
182.0,2.0,0.0,0.0,0.0,0.0,0.0,0.0,0.276912689323,-0.0084643130552
182.0,2.5,0.0,0.0,0.0,0.0,0.0,0.0,0.277614524044,-0.00835314930669
182.0,3.0,0.0,0.0,0.0,0.0,0.0,0.0,0.279094625557,-0.00812436575392
182.0,3.5,0.0,0.0,0.0,0.0,0.0,0.0,0.279788167181,-0.00801973565452
182.0,4.0,0.0,0.0,0.0,0.0,0.0,0.0,0.280478985066,-0.0079171086191
182.0,4.5,0.0,0.0,0.0,0.0,0.0,0.0,0.280386461387,-0.00793076268087
182.0,5.0,0.0,0.0,0.0,0.0,0.0,0.0,0.280294473296,-0.00794436552699
182.0,5.5,0.0,0.0,0.0,0.0,0.0,0.0,0.28020301295,-0.00795791790114
182.0,6.0,0.0,0.0,0.0,0.0,0.0,0.0,0.280112072706,-0.007971420528
182,6.5,2.7680480316077647,0.20036882729355296,14.829028845915484,False,0.059976194715839475,0.004900132032168503,0.28002164510731875,-0.00798487411390579
182,7.0,2.9038501149954397,0.17222661516159035,15.292139825705775,False,0.07200207726816861,0.006741467662356144,0.27992393293473056,-0.007999441902083087
182,7.5,3.085912108167747,0.16852077229700438,15.473884473439682,False,0.08111185047475757,0.008939280989383392,0.27982771715536875,-0.008013817548212647
182,8.0,4.088344951602712,0.19301272716167123,15.784491062887323,False,0.11975194035802204,0.024562199224603593,0.2797320499563564,-0.008028141759003968
182,8.5,3.7753642666332787,0.18732068885385034,15.677497771576872,False,0.10639245498972441,0.018696429963203885,0.2796353449901538,-0.00804265236933274
182,9.0,4.5981581615797715,0.24819227906032243,15.504185165348806,False,0.12208300261457503,0.031458672674701815,0.27953955663153657,-0.008057056259209145
182,9.5,5.636692272596034,0.2878565445218946,15.637053515814939,False,0.15660202033211892,0.05136369747495714,0.27944144541577154,-0.008071841316188759
182,10.0,6.3071307278101285,0.281638782312303,15.928120595004158,False,0.1950596756398753,0.06639944745975028,0.279341538794737,-0.008086930166216134
182,10.5,5.9618277838103975,0.29476287242261984,15.707234472175587,False,0.16979747068426296,0.05623291845134113,0.27924175662571954,-0.00810203377600937
182,11.0,5.795959257955833,0.3100819142669975,15.534977822465033,False,0.15548326173691823,0.051507132535749185,0.2791423152997126,-0.008117119243114188
182,11.5,4.906085761186302,0.27375836101362966,15.431667445811748,False,0.12718004422450963,0.03472977320708951,0.2790429191663332,-0.008132231309744855
182,12.0,6.0363448335396575,0.3214077419127555,15.548687473772517,False,0.16268409860798747,0.05527767827088829,0.2789459796713845,-0.008147002172314975
182,12.5,4.642452019981129,0.2461597306885507,15.542443473254567,False,0.12485347483145334,0.030341259615374528,0.2788468879372114,-0.00816213402616265
182,13.0,5.854366637190211,0.2893416317269604,15.70996206366561,False,0.1668998990074982,0.06566330676667587,0.2795328692836267,-0.008058062996589998
182,13.5,6.973506732391512,0.2937509315829734,16.077161344343413,False,0.22893542340360726,0.1492300843436536,0.2809938585511036,-0.007841636415894337
182,14.0,5.444750311456205,0.22164649759544877,16.09664577587265,False,0.18019654044239622,0.09452327495502326,0.28166485409659114,-0.007744561684594007
182,14.5,6.954571596812702,0.2888123410019083,16.13021714883219,False,0.23342539180288813,0.2379573955532721,0.28311820428957046,-0.0075391668277396155
182,15.0,6.697186143959334,0.28139692296633606,16.106045855248098,False,0.2225168015712533,0.25421120314359386,0.2837767593799371,-0.007448236740681369
182,15.5,4.443577577633056,0.19265211433642593,15.969504463805915,False,0.13967331970868618,0.08728563854064107,0.2836518459800072,-0.007465383321083022
182,16.0,3.9307625442168215,0.19121931214349813,15.737464881172645,False,0.11317624079925373,0.06649902974575535,0.28353737321753336,-0.007481138052171908
182,16.5,3.645101117484719,0.15627854180991577,15.990976416966463,False,0.11555562753227076,0.07418980539576076,0.28498478736813,-0.007284811532148986
182,17.0,3.601658306431184,0.14939527026571264,16.06373992463161,False,0.11758857399223002,0.09576569818341488,0.285646314834444,-0.0071971294350670545
182,17.5,2.7308781247906517,0.11370854463873013,16.049596724751733,False,0.08864434103630747,0.05351188177658924,0.285524302970515,-0.007213206507244858
182.0,18.0,0.0,0.0,0.0,0.0,0.0,0.0,0.285406133272,-0.00722881811663
182.0,18.5,0.0,0.0,0.0,0.0,0.0,0.00946897974961,0.28607513866,-0.0071409625336
182.0,19.0,0.0,0.0,0.0,0.0,0.0,0.0,0.285960823578,-0.00715588419352
182.0,19.5,0.0,0.0,0.0,0.0,0.0,0.0,0.285847772093,-0.00717067746549
182.0,20.0,0.0,0.0,0.0,0.0,0.0,0.0,0.285735605733,-0.00718539093974
182.0,20.5,0.0,0.0,0.0,0.0,0.0,0.0,0.28640425808,-0.00709820881126
182.0,21.0,0.0,0.0,0.0,0.0,0.0,0.0,0.2862899503,-0.00711302312038
182.0,21.5,0.0,0.0,0.0,0.0,0.0,0.0,0.286176547755,-0.00712775652675
182.0,22.0,0.0,0.0,0.0,0.0,0.0,0.0,0.28606403131,-0.00714241075986
182.0,22.5,0.0,0.0,0.0,0.0,0.0,0.0,0.285952382488,-0.00715698748933
182.0,23.0,0.0,0.0,0.0,0.0,0.0,0.0,0.285841583449,-0.00717148832757
182.0,23.5,0.0,0.0,0.0,0.0,0.0,0.0,0.285731616949,-0.00718591483231
182.0,24.0,0.0,0.0,0.0,0.0,0.0,0.0,0.285622466326,-0.00720026850905
183.0,0.5,0.0,0.0,0.0,0.0,0.0,0.0,0.285514115465,-0.00721455081333
183.0,1.0,0.0,0.0,0.0,0.0,0.0,0.0,0.285406548778,-0.00722876315284
183.0,1.5,0.0,0.0,0.0,0.0,0.0,0.0,0.285299751181,-0.00724290688953
183.0,2.0,0.0,0.0,0.0,0.0,0.0,0.0,0.285193708069,-0.0072569833415
183.0,2.5,0.0,0.0,0.0,0.0,0.0,0.0,0.285088405302,-0.00727099378484
183.0,3.0,0.0,0.0,0.0,0.0,0.0,0.0,0.284983829179,-0.00728493945539
183.0,3.5,0.0,0.0,0.0,0.0,0.0,0.0,0.284879966423,-0.0072988215504
183.0,4.0,0.0,0.0,0.0,0.0,0.0,0.0,0.284776804164,-0.00731264123008
183.0,4.5,0.0,0.0,0.0,0.0,0.0,0.0,0.284674329921,-0.00732639961909
183.0,5.0,0.0,0.0,0.0,0.0,0.0,0.0109689256648,0.284572531584,-0.00734009780799
183,5.5,2.544415925876052,0.13060058406491057,15.636397933995728,False,0.07067432964506233,0.06007091871678721,0.28447098113542796,-0.00735379305550808
183,6.0,2.8470902465102688,0.15379375605347811,15.523217520514331,False,0.07607472532763604,0.05172390321189718,0.2843632637354505,-0.007368353275882165
183,6.5,3.009117725556684,0.152750760931542,15.648235961240058,False,0.0839289619866713,0.04543614200910467,0.2842556246027329,-0.0073829372409055845
183,7.0,4.429472862868324,0.19741153489482846,15.931209460406896,False,0.13715435953843935,0.14366317251552593,0.2841488945934583,-0.007397431999969245
183,7.5,4.824309723887592,0.22409885483214811,15.847459884560337,False,0.144663672439888,0.1603877302763199,0.28481773163305774,-0.007307154833553648
183,8.0,6.752507817567999,0.34688030456631164,15.726413670283979,False,0.19364650957012214,0.46957439604669005,0.2847017039145492,-0.007322721317250749
183,8.5,6.833212740117743,0.43100785699088506,15.216951231896903,False,0.16555178705262868,0.3898323323188095,0.28535023638587853,-0.007236216777533185
183,9.0,7.208257542566492,0.41299091492369444,15.455337099252223,False,0.18831171793631832,0.4332573945401256,0.28521542288490664,-0.0072540982055116715
183,9.5,14.759294530315287,1.2058689585901656,29.14733130864687,False,0.29899545390386845,0.762373892785989,0.28508033814921074,-0.007272068441023127
183,10.0,8.017487640771622,0.7172405840088467,14.336173066588463,False,0.15315525190691134,0.5566565614904594,0.28490335451215687,-0.007295692795987887
183,10.5,17.01584441137466,1.3360949555694173,29.539352976358188,False,0.3628217166966339,1.6593490482058624,0.28475339009059614,-0.007315782133391936
183,11.0,17.274915287287023,1.7222400256463486,28.17863908176816,False,0.31152764768859187,1.5796276258509307,0.2845387503325014,-0.0073446502230948745
183,11.5,16.948735932389347,2.0184989645358953,27.192437751820343,False,0.27655577128394304,2.2277613028478935,0.28431312787607144,-0.007375141880460216
183,12.0,15.020421460327603,1.6262353511511864,27.605692535409545,False,0.2543510930550581,0.7186596353491923,0.2840523009399141,-0.007410579400880756
183,12.5,8.249020221943388,0.8227951644838041,14.03395066729693,False,0.14691465409570056,0.5053991399354436,0.2838642553111199,-0.0074362543130401335
183,13.0,16.859956148681814,1.796141435463635,27.810720674225465,False,0.29381834749544095,1.6868562085629786,0.2837154077331593,-0.007456652472489998
183,13.5,16.53651906404578,1.826049601256662,27.624138391148023,False,0.28226614158317087,1.72263115512451,0.28348538979864485,-0.00748830553725129
183,14.0,16.81000803056569,1.9058986304504726,27.42070914945662,False,0.2809751180635908,1.3339153405021753,0.2832534737999509,-0.007520382011082139
183,14.5,16.55642402105798,1.8264038602230492,27.590323191861394,False,0.2799033482384291,1.0745354714967126,0.2830338644402782,-0.007550907361422911
183,15.0,15.9419104932315,1.7619269225551928,27.526644288415827,False,0.26770271860839867,0.7648864084382287,0.28282769132735935,-0.007579699538752454
183,15.5,15.539992895660788,1.8061508327532365,27.257760510365273,False,0.2537512990215405,0.8169520020762819,0.2826362833078655,-0.007606546925712676
183,16.0,14.642725429429941,1.7499561183522203,27.107081178749656,False,0.23545815291184685,0.7786751830081492,0.28244177943574145,-0.00763394469195379
183,16.5,12.516872865970964,1.423403147360607,27.301344727278813,False,0.20530549630214634,0.3147370469814588,0.28225141061138737,-0.00766087392610067
183,17.0,3.651666269531695,0.2355660439830115,15.12124937172082,False,0.08596490782651837,0.06186140143762175,0.28288399295617445,-0.007571824024811899
183,17.5,11.508394361952394,0.7552070086487342,30.237476943708675,False,0.2707211813403242,0.41282445264479534,0.2835683291656961,-0.0074768737224027845
183,18.0,10.151637711690555,0.7236458170249204,29.83808476090436,False,0.2254878741226295,0.4138967352113638,0.28342443589205046,-0.007496720299294635
183,18.5,4.605650053245734,0.3251106160163966,14.883376769403712,False,0.10129171659005384,0.09697681497484316,0.2832823215737215,-0.007516383151244947
183.0,19.0,0.0,0.0,0.0,0.0,0.0,0.0,0.283167970419,-0.00753224933415
183.0,19.5,0.0,0.0,0.0,0.0,0.0,0.0,0.283070239202,-0.00754584114095
183.0,20.0,0.0,0.0,0.0,0.0,0.0,0.0,0.282973100066,-0.00755937957216
183.0,20.5,0.0,0.0,0.0,0.0,0.0,0.0,0.282876543616,-0.00757286548424
183.0,21.0,0.0,0.0,0.0,0.0,0.0,0.0,0.282780560714,-0.00758629970967
183.0,21.5,0.0,0.0,0.0,0.0,0.0,0.0,0.282685142469,-0.0075996830578
183.0,22.0,0.0,0.0,0.0,0.0,0.0,0.0,0.282590280228,-0.00761301631574
183.0,22.5,0.0,0.0,0.0,0.0,0.0,0.0,0.282495965565,-0.00762630024915
183.0,23.0,0.0,0.0,0.0,0.0,0.0,0.0,0.282402190278,-0.00763953560298
183.0,23.5,0.0,0.0,0.0,0.0,0.0,0.0,0.282308946376,-0.00765272310222
183.0,24.0,0.0,0.0,0.0,0.0,0.0,0.0,0.283801010706,-0.00744491325736
184.0,0.5,0.0,0.0,0.0,0.0,0.0,0.0,0.285286411395,-0.00724467585908
184.0,1.0,0.0,0.0,0.0,0.0,0.0,0.0,0.285180900934,-0.00725868560066
184.0,1.5,0.0,0.0,0.0,0.0,0.0,0.0,0.286660074969,-0.00706518787975
184.0,2.0,0.0,0.0,0.0,0.0,0.0,0.0,0.288923500979,-0.00678085852456
184.0,2.5,0.0,0.0,0.0,0.0,0.0,0.0,0.291965427093,-0.00641990835324
184.0,3.0,0.0,0.0,0.0,0.0,0.0,0.0,0.295778326522,-0.0059992811505
184.0,3.5,0.0,0.0,0.0,0.0,0.0,0.0,0.297194297899,-0.00585149230292
184.0,4.0,0.0,0.0,0.0,0.0,0.0,0.0,0.298600494939,-0.00570899674706
184.0,4.5,0.0,0.0,0.0,0.0,0.0,0.0,0.299996613696,-0.00557159390328
184.0,5.0,0.0,0.0,0.0,0.0,0.0,0.0,0.301382361748,-0.00543909051607
184.0,5.5,0.0,0.0,0.0,0.0,0.0,0.0,0.304334092515,-0.00516915657065
184.0,6.0,0.0,0.0,0.0,0.0,0.0,0.0,0.305682975951,-0.00505113162621
184,6.5,2.4993505189890453,0.07557077306690446,16.58361408054413,False,0.10373622958501784,0.023908980550388596,0.30602544857211983,-0.005021678751606706
184,7.0,3.4791245172886285,0.10984636045847708,16.530841805141268,False,0.14053213025812875,0.07246745975835407,0.30671520351556697,-0.004962978052299088
184,7.5,4.356811549499505,0.1383652802495465,16.538748676795905,False,0.17669399536587138,0.12341149996708062,0.30737806155707104,-0.004907335182040515
184,8.0,4.346051980891424,0.13676982633773677,16.54442301560744,False,0.1767690648548183,0.11534026557653039,0.3074261723670001,-0.00490332558360049
184,8.5,4.624632606174398,0.14921787725894647,16.505160696838185,False,0.1843977366477924,0.13024148682466405,0.3074745279765765,-0.004899299515924388
184,9.0,5.269360988434025,0.17741012994523114,16.447637554502407,False,0.20421618483219806,0.17429260153523699,0.3075188669479621,-0.0048956113329704145
184,9.5,6.586707641771489,0.2340334707334589,16.40254520421956,False,0.2497825206992251,0.29578844961694994,0.3075541625957088,-0.004892677752042646
184,10.0,7.646793816897168,0.2862676091681492,16.370850253354927,False,0.28566658299381037,0.445316764662817,0.3075686778519776,-0.004891471931254602
184,10.5,7.342891809363222,0.270486304445292,16.368827782905395,False,0.2740531827640732,0.3813788823034793,0.30814911339163725,-0.004843542493054144
184,11.0,7.231612382024551,0.2629725322226452,16.38814964816974,False,0.27236936986341836,0.36228912879413694,0.30872236272986203,-0.0047967546703534016
184,11.5,6.22510188904252,0.22062080317018093,16.38202159100199,False,0.2337820711539402,0.2553066829201906,0.30869361028197556,-0.0047990885417719936
184,12.0,6.443035939451537,0.22247786827367722,16.439145103963423,False,0.24867344217353962,0.2764790347167235,0.30927116611523847,-0.004752465800223209
184,12.5,7.114512834106118,0.2531966861142332,16.422303322228718,False,0.27236373961362775,0.3505792384277508,0.3098291067588945,-0.004707938084311835
184,13.0,5.983234849698659,0.20324428446726023,16.45510822750453,False,0.23272979581742992,0.239360254039094,0.311534516449328,-0.004574883126914967
184,13.5,4.977681880288938,0.16801319895770495,16.437029557464722,False,0.19192007194952274,0.16427029450752154,0.31320222310417567,-0.004449080510910267
184,14.0,4.9534888836799364,0.17092368626909324,16.401512326569367,False,0.18775479442720555,0.16249236974560444,0.3183362133324617,-0.004086876700078417
184,14.5,6.336312257024341,0.22494928347411489,16.410832874136528,False,0.24124018586394502,0.28589080073247386,0.3197483103532581,-0.003993487754482892
184,15.0,6.281112412685734,0.22673071364264888,16.388149649981983,False,0.2365700122612989,0.29533930884988907,0.32224276129935225,-0.0038346535475996184
184,15.5,4.712224805583203,0.1637891760770012,16.400480292808197,False,0.17852223321579247,0.1571314150782207,0.3225655519388143,-0.003814654545285447
184,16.0,4.279019041532817,0.15550735693138185,16.318133570415664,False,0.1559919990706493,0.13547180281452942,0.32211627437174317,-0.00384252429548977
184,16.5,4.150860256144704,0.1506939916761309,16.32892806003305,False,0.15207231699318494,0.1419755574274707,0.32168262366416367,-0.003869655061251424
184,17.0,9.508179006139578,0.3711943511180758,16.226027654102843,False,0.3325817679766652,0.32481559058380277,0.32204449799639784,-0.003846999196741995
184,17.5,9.122362416925327,0.3616101366940477,32.36648844796202,False,0.3131939268043453,0.3225790628131602,0.3216080313114167,-0.003874344805668687
184,18.0,9.609244335839275,0.42142294202518915,32.0108851532748,False,0.30639522669092417,0.4055941525069794,0.32118361516643434,-0.0039011577996846177
184.0,18.5,0.0,0.0,0.0,0.0,0.0,0.0,0.328577387922,-0.00346394210755
184,19.0,4.850518639137372,0.18879032146111172,32.33075275654976,False,0.16525612380350418,0.14161562526202703,0.3288585532698421,-0.003448502503907983
184.0,19.5,0.0,0.0,0.0,0.0,0.0,0.0056168972346,0.328343895486,-0.00347682648365
184.0,20.0,0.0,0.0,0.0,0.0,0.0,0.0,0.327858305186,-0.00350380523155
184.0,20.5,0.0,0.0,0.0,0.0,0.0,0.0,0.329728563768,-0.00340124443438
184.0,21.0,0.0,0.0,0.0,0.0,0.0,0.0,0.330008071338,-0.00338622591697
184.0,21.5,0.0,0.0,0.0,0.0,0.0,0.0,0.329508051982,-0.00341314901473
184.0,22.0,0.0,0.0,0.0,0.0,0.0,0.0,0.329022563963,-0.00343953406657
184.0,22.5,0.0,0.0,0.0,0.0,0.0,0.0,0.328550091221,-0.00346544543024
184.0,23.0,0.0,0.0,0.0,0.0,0.0,0.0,0.328089321217,-0.00349093930211
184.0,23.5,0.0,0.0,0.0,0.0,0.0,0.0,0.327639111744,-0.00351606499406
184.0,24.0,0.0,0.0,0.0,0.0,0.0,0.0,0.327198463788,-0.00354086599115
185.0,0.5,0.0,0.0,0.0,0.0,0.0,0.0,0.326766499275,-0.00356538083002
185.0,1.0,0.0,0.0,0.0,0.0,0.0,0.0,0.326342442909,-0.00358964381974
185.0,1.5,0.0,0.0,0.0,0.0,0.0,0.0,0.32592560729,-0.00361368563564
185.0,2.0,0.0,0.0,0.0,0.0,0.0,0.0,0.325515380641,-0.00363753381096
185.0,2.5,0.0,0.0,0.0,0.0,0.0,0.0,0.325111216609,-0.00366121314662
185.0,3.0,0.0,0.0,0.0,0.0,0.0,0.0,0.324712625749,-0.00368474605486
185.0,3.5,0.0,0.0,0.0,0.0,0.0,0.0,0.324319168356,-0.00370815284893
185.0,4.0,0.0,0.0,0.0,0.0,0.0,0.0,0.325496327108,-0.0036386460214
185.0,4.5,0.0,0.0,0.0,0.0,0.0,0.0,0.325087322657,-0.00366261879662
185.0,5.0,0.0,0.0,0.0,0.0,0.0,0.0,0.324683365881,-0.00368648065485
185.0,5.5,0.0,0.0,0.0,0.0,0.0,0.0,0.324284066002,-0.00371024968429
185,6.0,3.3167814928072636,0.144899030921902,15.954554204514578,False,0.10364283186899591,0.10444640204930515,0.3246720119388795,-0.003687154007690786
185,6.5,4.803861961377257,0.2349317779893984,15.762579874416156,False,0.1395838998821336,0.26009409990186866,0.3242591775170977,-0.0037117372512780584
185,7.0,11.105095393415947,0.6064091269873341,30.997390644228645,False,0.29430556407516045,0.4007898677061204,0.32384118622619124,-0.0037368267952862634
185,7.5,6.28767503096355,0.3796463032559125,15.309182872825064,False,0.15673804959083798,0.3866944786062588,0.3234076226495111,-0.003763064850331583
185,8.0,15.4403968142738,1.10647789747498,29.806331938548634,False,0.34144780416221143,0.8963340808315521,0.32298681814885355,-0.003788740934454384
185,8.5,15.210382037065301,1.2222630411218411,29.19012371490571,False,0.30982198243768067,0.8138705718543059,0.3225225095124377,-0.0038173141134656943
185,9.0,16.652784835365537,1.4911245937220716,28.666789836988297,False,0.31790019667585473,1.179151615926208,0.3220601978880311,-0.0038460198560018167
185,9.5,17.265857452558173,1.65425500924777,28.341350134889133,False,0.3192693064152873,1.7751293872528147,0.32157695776935874,-0.0038763004484899154
185,10.0,17.498495829823355,1.816222913870148,27.8908498002455,False,0.3055899840180749,1.5462403183863271,0.32106795096893215,-0.003908503321775678
185,10.5,17.76282905404472,1.7804116704011375,28.087028287029547,False,0.31925984515039885,1.846463649471426,0.32056445342759554,-0.003940671729434109
185,11.0,17.790189762182454,1.9496642665349573,27.583262712453447,False,0.3025642979288391,1.9915092484070807,0.3200538390796011,-0.003973617525598043
185,11.5,17.47451000370134,2.0373796803963056,27.26575573888553,False,0.2874831789047606,2.3425837722809724,0.31953417907801746,-0.004007484480367337
185,12.0,17.84197989623942,2.077159314846552,27.198817070102127,False,0.2915503270121936,1.861739453112013,0.3190007264836167,-0.004042608666141476
185,12.5,17.64261655246357,2.0683065186236753,27.18601776230461,False,0.28790395362387144,2.082807325017759,0.31848685972501,-0.004076790632850967
185,13.0,17.543968511848576,2.163359584757456,26.86991590492547,False,0.2755059918896815,1.6179990006813105,0.3179677829959025,-0.004111669360031701
185,13.5,16.556136292183904,2.091700243175369,26.780633808188654,False,0.2592215655330369,2.350409572232988,0.3174655843060972,-0.004145752884869857
185,14.0,17.065239681677504,2.077276355879387,26.922395859511962,False,0.2693837272092544,1.3220271854006358,0.3169411626801441,-0.004181704586429291
185,14.5,16.60546282934564,1.9301682395552058,27.16927979335592,False,0.26870881209533437,1.101583846829614,0.3164591777245859,-0.0042150750754423386
185,15.0,14.783439563566734,1.928310231696544,26.609864372795666,False,0.22764273325703602,1.8739008207864885,0.31599401503546093,-0.004247582158625556
185,15.5,15.195361883099853,2.087709507663175,26.3102169787597,False,0.22732847659879368,1.9198640807155714,0.31550249947229986,-0.00428225597360732
185,16.0,13.924448231351906,2.015595873580543,25.92001831028415,False,0.20088936377941002,1.3653396886137308,0.3150060887268324,-0.004317617965546701
185,16.5,13.190627034509323,1.6856160591583498,26.54944913885698,False,0.20079020156473976,0.4625074458699546,0.31453636886243336,-0.0043513994309420006
185,17.0,12.598084975621063,1.5483598040036002,26.8259221288933,False,0.19698163333783122,0.6036394809799855,0.3141163547092448,-0.004381873136475166
185,17.5,10.991563223135993,1.3186271279945627,26.948615814502467,False,0.17396017927108665,0.4735948638473119,0.3136991230706718,-0.004412397046553023
185,18.0,9.860153713570211,1.1268532467071775,27.214070803109806,False,0.1602868419865933,0.38361223371033093,0.31329848180611997,-0.004441945952854507
185,18.5,9.715636422052809,1.092032240006562,27.282836383999232,False,0.15905524455911718,0.33402271968086494,0.3129114752700352,-0.00447071337928861
185,19.0,7.841481390379919,0.8454731744655045,27.480921574104187,False,0.1310447001479435,0.1956966813173397,0.31253061729126214,-0.004499240739734565
185,19.5,6.940639230760515,0.7247731407870579,27.624976549777195,False,0.11777235071375895,0.137239168212712,0.31216731174589074,-0.004526655714297104
185.0,20.0,0.0,0.0,0.0,0.0,0.0,0.0,0.311813749915,-0.00455352673386
185.0,20.5,0.0,0.0,0.0,0.0,0.0,0.0,0.311495842491,-0.00457785039677
185.0,21.0,0.0,0.0,0.0,0.0,0.0,0.0,0.311180870334,-0.00460210230061
185.0,21.5,0.0,0.0,0.0,0.0,0.0,0.0,0.31086882548,-0.00462627991153
185.0,22.0,0.0,0.0,0.0,0.0,0.0,0.0,0.310559697903,-0.00465038085963
185.0,22.5,0.0,0.0,0.0,0.0,0.0,0.0,0.310253475601,-0.00467440293719
185.0,23.0,0.0,0.0,0.0,0.0,0.0,0.0,0.309950144703,-0.00469834409589
185.0,23.5,0.0,0.0,0.0,0.0,0.0,0.0,0.309649689579,-0.00472220244304
185.0,24.0,0.0,0.0,0.0,0.0,0.0,0.0,0.309352092951,-0.00474597623718
186.0,0.5,0.0,0.0,0.0,0.0,0.0,0.0,0.309057336014,-0.00476966388316
186.0,1.0,0.0,0.0,0.0,0.0,0.0,0.0,0.308765398546,-0.0047932639268
186.0,1.5,0.0,0.0,0.0,0.0,0.0,0.0,0.308476259028,-0.00481677504931
186.0,2.0,0.0,0.0,0.0,0.0,0.0,0.0,0.308189894755,-0.0048401960615
186.0,2.5,0.0,0.0,0.0,0.0,0.0,0.0,0.307906281945,-0.00486352589789
186.0,3.0,0.0,0.0,0.0,0.0,0.0,0.0,0.307625395846,-0.00488676361083
186.0,3.5,0.0,0.0,0.0,0.0,0.0,0.0,0.307347210838,-0.0049099083646
186.0,4.0,0.0,0.0,0.0,0.0,0.0,0.0,0.307071700528,-0.0049329594296
186.0,4.5,0.0,0.0,0.0,0.0,0.0,0.0,0.306798837841,-0.00495591617665
186.0,5.0,0.0,0.0,0.0,0.0,0.0,0.014772829197,0.306528595112,-0.0049787780714
186,5.5,2.9588797837663923,0.1331621981107292,15.896771858796395,False,0.09040685299886651,0.068528761097668,0.30626038353535356,-0.005001592486401395
186,6.0,8.283004634616342,0.4037073251234863,15.692981616818397,False,0.23470855181600297,0.12229678598910619,0.3059876415942936,-0.0050249201105386125
186,6.5,9.707037465276002,0.5748395743591383,30.588661267661156,False,0.24085421004307367,0.16557579346382514,0.30570512618135715,-0.005049220476974678
186,7.0,13.510951759419548,0.9911117091943059,29.621575915393336,False,0.29129872935622575,0.329994789273672,0.3054169787998048,-0.0050741496447530635
186,7.5,14.259257602038097,1.2135662562523672,28.85826536941002,False,0.2786096995237314,0.3601724131252192,0.305109269646941,-0.0051009333028547744
186,8.0,13.596412177060614,1.2246979432333251,28.531435409725297,False,0.2554058127636108,0.2967783184566342,0.3047944188694127,-0.005128513124610014
186,8.5,7.190685075751408,0.6466739985760851,14.285670582507562,False,0.1357150632414038,0.20964894724748556,0.30448396740658723,-0.005155881720627391
186,9.0,7.191482613176902,0.626658287550724,14.358172566035487,False,0.13810604831265336,0.18114247628799118,0.30420114457231434,-0.005180966248113598
186,9.5,16.72424272104572,1.695814940132544,27.97464830838706,False,0.29478038938509954,0.5192742752066563,0.3039225193568645,-0.005205820790353729
186,10.0,17.330619383560062,2.0845964739219696,27.046768528413295,False,0.2793081309484974,0.8173265700442227,0.3035928139484989,-0.0052354156622381465
186,10.5,17.573998182543292,2.265227007726773,26.616696549774886,False,0.27158411920535475,0.7329122028072234,0.3032393397466241,-0.005267367000454434
186,11.0,17.75343983512696,2.3433727772390553,26.482358881362426,False,0.27095399677487864,0.6796311712727476,0.3028844809353649,-0.005299677472195234
186,11.5,17.8341263230773,2.42899135798344,26.257290215601767,False,0.2664116881303132,0.547909316019714,0.3025309156945455,-0.005332105289996038
186,12.0,17.830086548728545,2.5055481686134886,26.065759159447822,False,0.2615769263210074,0.4695372042345886,0.30218130780523184,-0.005364402875665465
186,12.5,17.264251399601704,2.5077727786453075,25.865315159998936,False,0.24665281815348977,0.3047082125414598,0.30183394726789986,-0.00539672395750544
186,13.0,16.738464873210013,2.496528015388933,25.68405916631896,False,0.23531045110804,0.22286052220461,0.3014949069487186,-0.005428494860688001
186,13.5,17.323022599078456,2.6749658256478464,25.476638077020738,False,0.24099224983519157,0.2583819965974579,0.3011615200256534,-0.00545995353576495
186,14.0,16.172708800522873,2.5566187172247603,25.326210860295987,False,0.22038761305348015,0.12551859007448726,0.30082210529546055,-0.00549220439747009
186,14.5,16.235175601268978,2.5588621102249,25.35808856822078,False,0.22184464926748426,0.0937438086391176,0.3004942875824328,-0.005523569019814512
186,15.0,13.997481831308345,2.225727311070433,25.261723052872462,False,0.18969759217195087,0.03142721604417651,0.3001696261038636,-0.005554842226737533
186,15.5,12.353748869340293,1.9488551990802598,25.296916714653214,False,0.16792475747538976,0.006792163947397384,0.29986197972217066,-0.005584671298308939
186,16.0,10.991250465807287,1.7247305387222762,25.325186428353742,False,0.14976606048108695,0.0,0.29956775577551886,-0.005613377650259048
186,16.5,5.248342325532647,0.7792165414730461,12.83230716632873,False,0.0736549788867051,0.0,0.299284248191023,-0.005641204916288252
186,17.0,10.706403487395317,1.3838941783379113,26.4796148510754,False,0.16189305668422505,0.0,0.2990385490407945,-0.005665454181690039
186,17.5,8.387866470140468,0.8623288358678411,27.782201482762567,False,0.14475732581774145,0.0,0.298771802103686,-0.005691921507996259
186,18.0,8.429650254775911,0.7223259272975168,28.765040021318775,False,0.16284120922222736,0.0,0.29852672204847797,-0.005716368942047292
186,18.5,6.582719151962355,0.5402601984610702,28.96536991358802,False,0.13033339023355217,0.0,0.29828880274351177,-0.00574022184236875
186,19.0,3.140159703828764,0.26987521261862596,14.345225849762931,False,0.060116068846330535,0.0,0.2980596149562916,-0.005763311576019319
186.0,19.5,0.0,0.0,0.0,0.0,0.0,0.0,0.297842485229,-0.00578528865856
186.0,20.0,0.0,0.0,0.0,0.0,0.0,0.0,0.297637369397,-0.00580614151287
186.0,20.5,0.0,0.0,0.0,0.0,0.0,0.0,0.297434001237,-0.00582690516551
186.0,21.0,0.0,0.0,0.0,0.0,0.0,0.0,0.297232356631,-0.00584758025392
186.0,21.5,0.0,0.0,0.0,0.0,0.0,0.0,0.297032411811,-0.00586816742055
186.0,22.0,0.0,0.0,0.0,0.0,0.0,0.0,0.296834143359,-0.00588866731204
186.0,22.5,0.0,0.0,0.0,0.0,0.0,0.0,0.296637528211,-0.0059090805784
186.0,23.0,0.0,0.0,0.0,0.0,0.0,0.0,0.296442543648,-0.00592940787232
186.0,23.5,0.0,0.0,0.0,0.0,0.0,0.0,0.296249167303,-0.00594964984847
186.0,24.0,0.0,0.0,0.0,0.0,0.0,0.0,0.296057377151,-0.00596980716289
187.0,0.5,0.0,0.0,0.0,0.0,0.0,0.0,0.295867151514,-0.00598988047238
187.0,1.0,0.0,0.0,0.0,0.0,0.0,0.0,0.295678469053,-0.006009870434
187.0,1.5,0.0,0.0,0.0,0.0,0.0,0.0,0.295491308766,-0.00602977770454
187.0,2.0,0.0,0.0,0.0,0.0,0.0,0.0,0.295305649987,-0.00604960294004
187.0,2.5,0.0,0.0,0.0,0.0,0.0,0.0,0.295121472383,-0.00606934679541
187.0,3.0,0.0,0.0,0.0,0.0,0.0,0.0,0.294938755945,-0.00608900992399
187.0,3.5,0.0,0.0,0.0,0.0,0.0,0.0,0.294757480991,-0.00610859297719
187.0,4.0,0.0,0.0,0.0,0.0,0.0,0.0,0.294577628159,-0.00612809660416
187.0,4.5,0.0,0.0,0.0,0.0,0.0,0.0,0.294399178401,-0.00614752145147
187.0,5.0,0.0,0.0,0.0,0.0,0.0,0.0,0.294222112984,-0.00616686816285
187.0,5.5,0.0,0.0,0.0,0.0,0.0,0.0,0.29404641348,-0.00618613737887
187,6.0,2.1511179343379045,0.08454435018425666,16.11549951062338,False,0.07175514806302866,0.0,0.2938720617659706,-0.0062053297367459185
187,6.5,2.6630175270853718,0.1157453789003485,15.92812062334612,False,0.08235873925462943,0.0,0.29369583156433837,-0.006224801014981614
187,7.0,4.234863349086149,0.19119807712594633,15.879429621991662,False,0.1285374966144525,0.0,0.29351972972201185,-0.006244330871210016
187,7.5,5.592122457229995,0.278314622137022,15.713377225951717,False,0.15961906259144498,0.0,0.29334205965140375,-0.006264108674495374
187,8.0,14.654607809676783,0.8969821544003297,30.56680147455721,False,0.3623794050469448,0.0,0.2931623617570084,-0.006284188177128367
187,8.5,16.129075962092397,1.1497364815710882,29.85999913471867,False,0.35935813776764236,0.0,0.2929604470342469,-0.006306841765057404
187,9.0,15.909408021378514,1.1941194941281434,29.57341871204377,False,0.340785683829375,0.0,0.2927501854757884,-0.006330535310450241
187,9.5,15.123134884646971,1.1975238278774865,29.26584523382303,False,0.3110607593463365,0.0,0.29253946864002695,-0.006354386636052786
187,10.0,7.984106608910275,0.6415930467164443,14.591936582852998,False,0.1624991111828393,0.0,0.2923298358113283,-0.006378221582429876
187,10.5,17.807076966105654,1.5475141262453742,28.911491449557843,False,0.350219600236397,0.0,0.2921424981378827,-0.006399611781156425
187,11.0,18.01152074706605,1.6443446339703047,28.64256298437663,False,0.3428416143191656,0.0,0.2919219630843014,-0.006424902084790225
187,11.5,18.300607459253943,1.898246959725951,27.885285484035144,False,0.3225729846079671,0.0,0.29169892051936813,-0.006450601154953109
187,12.0,15.963377948325068,1.5962776240388976,28.010521304305943,False,0.28249225712344217,0.0,0.29146739474873196,-0.006477407324675795
187,12.5,16.141468105391453,1.6458952401665488,27.90490561977812,False,0.2823267847705739,0.0,0.2912484664926812,-0.006502877121285685
187,13.0,8.670067530090158,0.8789616840057203,13.969231409413466,False,0.15220778427823475,0.0,0.29102877870505484,-0.00652855531898676
187,13.5,7.985954345958854,0.5555859714759152,14.965549142139775,False,0.17971781956513416,0.0,0.2908393053593223,-0.006550798982401056
187,14.0,8.046299699955549,0.6231582238196901,14.704933475000082,False,0.16864096424853797,0.0,0.2906631995892353,-0.006571554339043628
187,14.5,16.113043127346216,1.5580672612122206,28.21364769685253,False,0.2917327707495394,0.0,0.29048561129977435,-0.006592563814681653
187,15.0,3.541026878009874,0.26793850542748443,14.681202925433578,False,0.07375456434343941,0.0,0.2910640784156408,-0.006524421178384062
187,15.5,14.63266140199607,0.9292640452395325,30.422325136759987,False,0.35388909638831056,0.0,0.2908968506099957,-0.0065440337896466175
187,16.0,15.366573548966919,1.3739865638268773,28.718837406640265,False,0.297543382556545,0.0,0.2907056761400131,-0.006566541004560968
187,16.5,7.495312068126103,0.6856563497886492,28.460621112418465,False,0.13963030542602384,0.0,0.2904987587686414,-0.00659100567087064
187,17.0,8.75722510644974,0.8205742714075751,14.118148177787482,False,0.15896264890990466,0.0,0.29031908183899713,-0.0066123377286261085
187,17.5,10.456651315879501,0.9483125360705678,28.476556763823957,False,0.19516134868175394,0.0,0.2901353875248365,-0.006634231845119286
187,18.0,9.73659592703902,0.9455896446638782,28.152558834558704,False,0.17506757687492236,0.0,0.28994793303010513,-0.0066566632326656005
187,18.5,7.256239962902985,0.6684531205881402,28.39155786787963,False,0.13409214134383327,0.0,0.28976165441261476,-0.00667904348570054
187,19.0,6.3143066880889345,0.5331200517676066,28.81642943579846,False,0.12274366627139227,0.0,0.28958695103648735,-0.006700114556002444
187.0,19.5,0.0,0.0,0.0,0.0,0.0,0.0,0.289418427156,-0.00672051540582
187.0,20.0,0.0,0.0,0.0,0.0,0.0,0.0,0.289271164754,-0.00673840304194
187.0,20.5,0.0,0.0,0.0,0.0,0.0,0.0,0.289124918226,-0.00675622345111
187.0,21.0,0.0,0.0,0.0,0.0,0.0,0.0,0.28897967413,-0.0067739773154
187.0,21.5,0.0,0.0,0.0,0.0,0.0,0.0,0.288835419295,-0.00679166530433
187.0,22.0,0.0,0.0,0.0,0.0,0.0,0.0,0.288692140814,-0.0068092880753
187.0,22.5,0.0,0.0,0.0,0.0,0.0,0.0,0.28854982604,-0.00682684627393
187.0,23.0,0.0,0.0,0.0,0.0,0.0,0.0,0.288408462572,-0.00684434053439
187.0,23.5,0.0,0.0,0.0,0.0,0.0,0.0,0.288268038256,-0.00686177147972
187.0,24.0,0.0,0.0,0.0,0.0,0.0,0.0,0.288128541171,-0.00687913972219
188.0,0.5,0.0,0.0,0.0,0.0,0.0,0.0,0.287989959628,-0.00689644586355
188.0,1.0,0.0,0.0,0.0,0.0,0.0,0.0,0.28785228216,-0.00691369049535
188.0,1.5,0.0,0.0,0.0,0.0,0.0,0.0,0.287715497518,-0.00693087419921
188.0,2.0,0.0,0.0,0.0,0.0,0.0,0.0,0.287579594666,-0.00694799754707
188.0,2.5,0.0,0.0,0.0,0.0,0.0,0.0,0.287444562772,-0.00696506110148
188.0,3.0,0.0,0.0,0.0,0.0,0.0,0.0,0.287310391206,-0.00698206541582
188.0,3.5,0.0,0.0,0.0,0.0,0.0,0.0,0.287177069534,-0.00699901103454
188.0,4.0,0.0,0.0,0.0,0.0,0.0,0.0,0.287044587511,-0.0070158984934
188.0,4.5,0.0,0.0,0.0,0.0,0.0,0.0,0.28691293508,-0.00703272831968
188.0,5.0,0.0,0.0,0.0,0.0,0.0,0.0,0.286782102363,-0.00704950103238
188,5.5,2.5260935553431625,0.07137080115996396,16.698004472816013,False,0.11150182747061134,0.0,0.2866520796601291,-0.007066217142464641
188,6.0,2.745900725464457,0.07801475256468522,16.671618268444536,False,0.11945496957020191,0.0,0.28652014892417815,-0.007083226849924161
188,6.5,4.190177412323238,0.12777066125734504,16.62873333722234,False,0.17810782338142836,0.0,0.28638875717548784,-0.007100215575275648
188,7.0,5.642448511468333,0.2003454303145504,16.473409024839356,False,0.2214561607846972,0.0,0.2862562591208926,-0.007117396530274365
188,7.5,14.404899953022174,0.6084385388443543,32.2517495455806,False,0.48260619210696887,0.0,0.28612177974913555,-0.007134885076948231
188,8.0,15.107680864451414,0.8257466363265087,31.118700223515262,False,0.4086398792921876,0.0,0.28597257727576114,-0.007154348259418186
188,8.5,16.33241643875781,1.0851439271765002,30.23045690751061,False,0.38380210216607186,0.0,0.2858158832540079,-0.0071748568436423785
188,9.0,7.431542910905844,0.5232203956826623,14.919042362117121,False,0.16506920952286408,0.0,0.28565009182172285,-0.007196632436462613
188,9.5,5.618292510376275,0.3177988140788901,15.386907377274992,False,0.1435484702493246,0.0,0.2870890450474977,-0.007010226092713875
188,10.0,8.154543204960572,0.40170712356846194,15.817506947461643,False,0.24179499035358923,0.0,0.28694504036964746,-0.007028619699983534
188,10.5,15.710324503648383,0.8810143418296628,30.99739062377625,False,0.4163526517378086,0.0,0.2867987299669101,-0.007047366737189999
188,11.0,16.898518095639282,1.2176324671015477,29.805428068632615,False,0.3736456438165428,0.0,0.2866350959555897,-0.007068404104266889
188,11.5,15.199912536743218,1.2935351999233005,14.431670710630158,False,0.29717430692361557,0.0,0.2864595411668282,-0.007091057303238428
188,12.0,15.665290084212295,1.3840915735757373,28.661933891821658,False,0.29887484757992716,0.0,0.28628194781567995,-0.007114061622839262
188,12.5,17.242275586355895,1.6452576553795486,28.295972971840097,False,0.31513062579644996,0.0,0.28610174815804906,-0.0071374944906847084
188,13.0,16.99333661537387,1.7367373028944189,27.896115701099944,False,0.29693964912271364,0.0,0.28591245619688105,-0.007162208817982978
188,13.5,17.234603605764562,1.8075847587610205,27.76339127032653,False,0.29682810028110873,0.0,0.2857205004188839,-0.007187375133461996
188,14.0,17.17935521049823,1.9733809191979377,27.24960138335691,False,0.280285575981162,0.0,0.285526652963456,-0.0072128964530949686
188,14.5,16.335555578838274,1.918682852146474,27.079971259507964,False,0.26196136153054733,0.0,0.2853272999259586,-0.0072392553189993235
188,15.0,16.006370247180808,1.8376468218401822,27.212048632012742,False,0.26014609749155637,0.0,0.28513079868187813,-0.00726534950960079
188,15.5,13.804331427703048,1.537796154810399,27.340140710843208,False,0.22733213797902688,0.0,0.28493813861552786,-0.007291042488637781
188,16.0,6.072672446717738,0.6648026679185305,13.72233155472001,False,0.10109975687304971,0.0,0.28475761381286796,-0.007315215419318699
188,16.5,4.507825092564786,0.44334864548742814,14.005560644294299,False,0.0797770168947483,0.0,0.28461096531091296,-0.007334922505759537
188,17.0,4.2409790409906565,0.4257383209539099,13.954213397039991,False,0.07420673813557048,0.0,0.2844734577241853,-0.007353458696988967
188,17.5,3.487943494541614,0.3452790503372705,13.993884646721467,False,0.0615677657751725,0.0,0.28433734589992155,-0.0073718617289582926
188,18.0,2.605564912793978,0.24323598017178089,14.151504310274499,False,0.047659459028650646,0.0,0.28420500585253056,-0.007389807435107047
188,18.5,3.659119918767467,0.33831377510642446,14.148306258359625,False,0.06688128030081734,0.0,0.2840772477751365,-0.0074071812123172424
188,19.0,2.9007844324185976,0.25951037069264127,14.223692113680515,False,0.0539551304043012,0.0,0.28394658221314856,-0.007425000742699904
188,19.5,1.7525906423344166,0.15217291845671146,14.283633481498102,False,0.03306194362971329,0.0,0.2838195993990245,-0.007442366996607408
188.0,20.0,0.0,0.0,0.0,0.0,0.0,0.0,0.283697373821,-0.0074591283757
188.0,20.5,0.0,0.0,0.0,0.0,0.0,0.0,0.283581598771,-0.00747504665776
188.0,21.0,0.0,0.0,0.0,0.0,0.0,0.0,0.283466491247,-0.00749091330144
188.0,21.5,0.0,0.0,0.0,0.0,0.0,0.0,0.283352043358,-0.00750672881873
188.0,22.0,0.0,0.0,0.0,0.0,0.0,0.0,0.283238247366,-0.00752249371163
188.0,22.5,0.0,0.0,0.0,0.0,0.0,0.0,0.283125095682,-0.00753820847255
188.0,23.0,0.0,0.0,0.0,0.0,0.0,0.0,0.283012580863,-0.00755387358453
188.0,23.5,0.0,0.0,0.0,0.0,0.0,0.0,0.282900695603,-0.00756948952154
188.0,24.0,0.0,0.0,0.0,0.0,0.0,0.0,0.282789432736,-0.00758505674874
189.0,0.5,0.0,0.0,0.0,0.0,0.0,0.0,0.282678785227,-0.00760057572276
189.0,1.0,0.0,0.0,0.0,0.0,0.0,0.0,0.282568746171,-0.00761604689191
189.0,1.5,0.0,0.0,0.0,0.0,0.0,0.0,0.282459308788,-0.00763147069644
189.0,2.0,0.0,0.0,0.0,0.0,0.0,0.0,0.282350466422,-0.00764684756877
189.0,2.5,0.0,0.0,0.0,0.0,0.0,0.0,0.282242212534,-0.00766217793369
189.0,3.0,0.0,0.0,0.0,0.0,0.0,0.0,0.282134540703,-0.00767746220858
189.0,3.5,0.0,0.0,0.0,0.0,0.0,0.0,0.282027444621,-0.00769270080364
189.0,4.0,0.0,0.0,0.0,0.0,0.0,0.0,0.281920918088,-0.00770789412203
189.0,4.5,0.0,0.0,0.0,0.0,0.0,0.0,0.281814955015,-0.00772304256011
189.0,5.0,0.0,0.0,0.0,0.0,0.0,0.0,0.281709549414,-0.00773814650761
189,5.5,7.061281164778125,0.35516088114168815,31.276731339346327,False,0.1962707707833878,0.0,0.2816046954010523,-0.007753206347758194
189,6.0,11.131747228275875,0.6517556812940818,30.68406957093562,False,0.28037691845861856,0.0,0.281486908854625,-0.007770165313054955
189,6.5,12.6065243032356,0.8756929297034038,29.8940116022036,False,0.2822195735094858,0.0,0.2813584066665561,-0.007788717559562158
189,7.0,14.551931146728585,1.1679843828753425,29.243622466241902,False,0.2984543765272384,0.0,0.2812219405942919,-0.007808477391117114
189,7.5,15.602447426427993,1.4581659871554784,28.448706003741464,False,0.2902532894368513,0.0,0.2810749110987465,-0.00782983365253786
189,8.0,16.294382131999836,1.8373509634299063,27.418708965060027,False,0.27053915229604275,0.0,0.2809173928383001,-0.007852790688033613
189,8.5,16.690047148085522,2.042655806683067,26.925068537492386,False,0.26532422648789517,0.0,0.2807460028173275,-0.00787786058714506
189,9.0,17.1447147621484,2.20448102085241,26.648625036022292,False,0.2654077965640433,0.0,0.28056733454182026,-0.007904096693839539
189,9.5,17.256267281295187,2.346842023732527,26.34502300369251,False,0.2595590358852219,0.0,0.2803830329092936,-0.007931269172909728
189,10.0,17.27289015852996,2.415972826520929,26.19422866841355,False,0.2560549957685048,0.0,0.2801938315154351,-0.007959279904916699
189,10.5,17.625435820332036,2.619900233762242,25.793523891832777,False,0.2519407527358931,0.0,0.28000250445263286,-0.007987725279582473
189,11.0,17.975735402474232,2.7032212934385265,25.66553867945957,False,0.2540416678237916,0.0,0.27980393128499137,-0.008017376150568549
189,11.5,17.90339540887196,2.781212781508646,25.493736607466346,False,0.24930752396687306,0.0,0.2796026841821888,-0.008047560191550044
189,12.0,17.370892157599116,2.84799942110323,25.199226808786,False,0.2357689486204403,0.0,0.2793989606409856,-0.008078253668949464
189,12.5,17.467610796367026,2.7111323139911097,25.4760760715654,False,0.24112896568168596,0.0,0.2791931811977847,-0.00810939859775989
189,13.0,17.597783810529894,2.8130250831709245,25.30466461138698,False,0.24116589796125917,0.0,0.278993069886432,-0.008139822954201101
189,13.5,16.159716224163223,2.7938368749459634,24.888782846010244,False,0.2136213700004185,0.0,0.2787895612363419,-0.00817090341928973
189,14.0,16.154798920835553,2.8107476451213596,24.81934973999278,False,0.2123420877054902,0.0,0.27858724579074606,-0.008201941912565172
189,14.5,14.908540557974577,2.6849762221328923,24.629475554482887,False,0.19287217637867873,0.0,0.27838474926128837,-0.008233148958368153
189,15.0,13.70029540129594,2.529357279163211,24.501358900133614,False,0.17549039667465294,0.0,0.278187482227421,-0.008263686211093895
189,15.5,14.840969597791945,2.6171767038222784,24.662646559701415,False,0.19242680420246755,0.0,0.2779965733231017,-0.008293367796467471
189,16.0,13.950981509737325,2.346298473989107,24.94066026899737,False,0.18403375635574348,0.0,0.2778027801115489,-0.00832362782910091
189,16.5,12.26528137791563,2.013155365734315,25.06703278861064,False,0.16351037898038703,0.0,0.2776197112923445,-0.008352334195822155
189,17.0,11.614793793661212,1.9089230639675585,25.0709229427304,False,0.15488912134258465,0.0,0.2774497260578249,-0.00837909464406114
189,17.5,9.79901682476147,1.599830684960857,25.16456942695085,False,0.13170877064231964,0.0,0.2772841335882474,-0.008405261834203384
189,18.0,10.640710866139422,1.7937240219163784,24.949196169996135,False,0.14046589165415732,0.0,0.2771307047256506,-0.0084295938535525
189,18.5,9.19851622834422,1.512848765276328,25.05764364628925,False,0.12253044331297133,0.0,0.27697034767347567,-0.00845511435223616
189,19.0,7.185272636356286,1.1616960064323985,25.11981610518574,False,0.09621357108032,0.0,0.27682107642515463,-0.0084789533383139
189,19.5,3.6791529117364226,0.5595966484697253,12.706363193019092,False,0.05051063488794162,0.0,0.2766855546229271,-0.008500665891008353
189.0,20.0,0.0,0.0,0.0,0.0,0.0,0.0,0.276573302349,-0.00851870050409
189.0,20.5,0.0,0.0,0.0,0.0,0.0,0.0,0.276482703348,-0.0085332895231
189.0,21.0,0.0,0.0,0.0,0.0,0.0,0.0,0.276392517712,-0.00854784155366
189.0,21.5,0.0,0.0,0.0,0.0,0.0,0.0,0.276302742222,-0.0085623567801
189.0,22.0,0.0,0.0,0.0,0.0,0.0,0.0,0.276213373684,-0.00857683538695
189.0,22.5,0.0,0.0,0.0,0.0,0.0,0.0,0.276124408932,-0.0085912775589
189.0,23.0,0.0,0.0,0.0,0.0,0.0,0.0,0.276035844823,-0.00860568348069
189.0,23.5,0.0,0.0,0.0,0.0,0.0,0.0,0.27594767824,-0.00862005333709
189.0,24.0,0.0,0.0,0.0,0.0,0.0,0.0,0.275859906095,-0.00863438731277
190.0,0.5,0.0,0.0,0.0,0.0,0.0,0.0,0.275772525322,-0.00864868559232
190.0,1.0,0.0,0.0,0.0,0.0,0.0,0.0,0.275685532883,-0.00866294836015
190.0,1.5,0.0,0.0,0.0,0.0,0.0,0.0,0.275598925765,-0.00867717580042
190.0,2.0,0.0,0.0,0.0,0.0,0.0,0.0,0.275512700983,-0.00869136809703
190.0,2.5,0.0,0.0,0.0,0.0,0.0,0.0,0.275426855574,-0.00870552543355
190.0,3.0,0.0,0.0,0.0,0.0,0.0,0.0,0.275341386605,-0.00871964799318
190.0,3.5,0.0,0.0,0.0,0.0,0.0,0.0,0.275256291168,-0.00873373595869
190.0,4.0,0.0,0.0,0.0,0.0,0.0,0.0,0.275171566378,-0.00874778951242
190.0,4.5,0.0,0.0,0.0,0.0,0.0,0.0,0.275087209379,-0.00876180883618
190.0,5.0,0.0,0.0,0.0,0.0,0.0,0.0,0.275003217339,-0.00877579411129
190,5.5,9.094832046947309,0.6808144522683579,29.487923378658557,False,0.1925976268290716,0.0,0.2749195874515975,-0.008789745518474851
190,6.0,10.088033928497719,0.8746703715351302,28.74733520376614,False,0.19445924090896205,0.0,0.2748104800635934,-0.0088079869137477
190,6.5,10.637539862091048,1.0502540271595853,28.050914202737083,False,0.18909445165378735,0.0,0.27469437247085854,-0.00882744821723165
190,7.0,4.986010322243592,0.5199113995589546,13.875163285194384,False,0.08575175765607011,0.0,0.27457195538479334,-0.008848022594052476
190,7.5,11.98383197338251,1.245120981188752,27.777063780614625,False,0.20670108869269926,0.0,0.2744700159888139,-0.008865198939266197
190,8.0,13.067282180984742,1.5158814419535571,27.16327304440987,False,0.21132501645418955,0.0,0.27434090349612417,-0.008887010892628541
190,8.5,16.243404577867118,2.0781223609215695,26.671006228904197,False,0.2501700443480901,0.0,0.274201861613452,-0.008910571840073562
190,9.0,16.66854000286613,2.5034810022202927,25.749546956292367,False,0.237657410557009,0.0,0.2740418260975064,-0.008937782395902769
190,9.5,16.493564768435885,2.9035075485111475,24.736042940504774,False,0.21558769778448067,0.0,0.27386598909080523,-0.008967793883611578
190,10.0,16.582978377777152,3.0359224683745483,24.448780016012172,False,0.21164247006760675,0.0,0.2736753094597406,-0.00900047448288343
190,10.5,15.731885361541579,2.659773934721912,24.937187063235747,False,0.20746671878278394,0.0,0.2734799406175418,-0.009034106051116686
190,11.0,7.787068455957868,1.2112017436661953,12.70080549347503,False,0.10680524490429293,0.0,0.27329918014048693,-0.009065356311590096
190,11.5,5.8624722642487885,0.7780277191213641,13.16179334695783,False,0.08735176412972812,0.0,0.27396662056923116,-0.008950603647631526
190,12.0,7.6377694802075,0.6956084826570192,14.256645686012682,False,0.14316719455712304,0.0,0.273855041500247,-0.008969666362397119
190,12.5,18.571779320887522,1.9336374070718558,27.953181704118094,False,0.3310114666316897,0.0,0.2737469514485875,-0.008988179141252533
190,13.0,16.089858194772628,2.5659988424249858,25.549155112035628,False,0.2253846903677879,0.0,0.27359223661147425,-0.009014756711650427
190,13.5,14.7194294035278,2.7676858979847827,24.504169000707762,False,0.18860663844010284,0.0,0.2734138792041449,-0.009045511985462102
190,14.0,13.725314671458293,2.9334145041800026,23.644140477279947,False,0.16431033763703096,0.0,0.2732282204894336,-0.009077659162573772
190,14.5,14.994251588083149,2.965642286007105,24.004167308023746,False,0.18453228224674276,0.0,0.2730366223162573,-0.009110977599692335
190,15.0,5.959659538141745,1.0886069554375923,12.214355779757675,False,0.0754150312043269,0.0,0.27284414831962267,-0.009144595151649783
190,15.5,12.134082412769624,1.9373424550227338,25.26948456103355,False,0.164553112571043,0.0,0.2727232522800038,-0.009165786456411673
190,16.0,14.392055955212152,2.014730305535696,26.140041859147335,False,0.21081958115693994,0.0,0.2725704887310567,-0.009192647407337003
190,16.5,12.092895651896344,1.7948952438947485,25.842667798756914,False,0.17326684596948566,0.0,0.27241512770738663,-0.009220061333224193
190,17.0,10.440416671935523,1.5647533946027214,25.662418316516558,False,0.14649191556450408,0.0,0.2722684462749324,-0.009246033158229
190,17.5,3.063194371623377,0.3463037565209718,13.653765470493639,False,0.05027549827377341,0.0,0.2721308330876492,-0.009270478621443307
190,18.0,3.8492974554444355,0.4071739287286862,13.830779651975842,False,0.06557274462196935,0.0,0.272039791924405,-0.009286693407295184
190,18.5,5.689897991729662,0.5565597200830196,28.09350098702115,False,0.10162807654973971,0.0,0.2719467702457794,-0.009303295844808624
190,19.0,1.4998376463882415,0.12958642009870255,14.357120126958714,False,0.028795734136197494,0.0,0.27184840649182107,-0.00932089021587736
190.0,19.5,0.0,0.0,0.0,0.0,0.0,0.0,0.272559555202,-0.00919457348213
190.0,20.0,0.0,0.0,0.0,0.0,0.0,0.0,0.272480155418,-0.00920857515913
190.0,20.5,0.0,0.0,0.0,0.0,0.0,0.0,0.272401108934,-0.00922253977647
190.0,21.0,0.0,0.0,0.0,0.0,0.0,0.0,0.27232241284,-0.00923646756408
190.0,21.5,0.0,0.0,0.0,0.0,0.0,0.0,0.27224406426,-0.00925035875036
190.0,22.0,0.0,0.0,0.0,0.0,0.0,0.0,0.272166060347,-0.00926421356213
190.0,22.5,0.0,0.0,0.0,0.0,0.0,0.0,0.272088398284,-0.00927803222464
190.0,23.0,0.0,0.0,0.0,0.0,0.0,0.0,0.272011075284,-0.00929181496158
190.0,23.5,0.0,0.0,0.0,0.0,0.0,0.0,0.271934088591,-0.00930556199505
190.0,24.0,0.0,0.0,0.0,0.0,0.0,0.0,0.271857435476,-0.00931927354558
191.0,0.5,0.0,0.0,0.0,0.0,0.0,0.0,0.271781113242,-0.0093329498321
191.0,1.0,0.0,0.0,0.0,0.0,0.0,0.0,0.271705119218,-0.00934659107199
191.0,1.5,0.0,0.0,0.0,0.0,0.0,0.0,0.271629450762,-0.009360197481
191.0,2.0,0.0,0.0,0.0,0.0,0.0,0.0,0.271554105262,-0.00937376927334
191.0,2.5,0.0,0.0,0.0,0.0,0.0,0.0,0.271479080131,-0.00938730666161
191.0,3.0,0.0,0.0,0.0,0.0,0.0,0.0,0.271404372812,-0.00940080985683
191.0,3.5,0.0,0.0,0.0,0.0,0.0,0.0,0.271329980774,-0.00941427906845
191.0,4.0,0.0,0.0,0.0,0.0,0.0,0.0,0.271255901512,-0.00942771450434
191.0,4.5,0.0,0.0,0.0,0.0,0.0,0.0,0.27118213255,-0.0094411163708
191.0,5.0,0.0,0.0,0.0,0.0,0.0,0.0,0.271108671437,-0.00945448487255
191.0,5.5,0.0,0.0,0.0,0.0,0.0,0.0,0.271035515747,-0.00946782021276
191.0,6.0,0.0,0.0,0.0,0.0,0.0,0.0,0.270962663082,-0.00948112259303
191.0,6.5,0.0,0.0,0.0,0.0,0.0,0.0,0.272476285775,-0.00920925819653
191,7.0,2.6846017962288844,0.11255503234923578,15.98857729484651,False,0.08502493749612591,0.0,0.27477720731245975,-0.008813558675365546
191,7.5,4.717463517645285,0.1822742890775801,16.197681672578607,False,0.16297817284929644,0.0,0.2762721075504375,-0.008567316623970325
191,8.0,5.252566098749947,0.19690514547798624,16.26998600506289,False,0.18734849268727824,0.0,0.27696575981710836,-0.008455845853753984
191,8.5,4.913147418122765,0.17648065415995395,16.31422688235976,False,0.17878907615711426,0.0,0.2784482990741234,-0.008223339992302714
191,9.0,6.117491096420584,0.2221721161587625,16.353744166310253,False,0.22671388729568026,0.0,0.27992491443259965,-0.007999295414401145
191,9.5,7.286972988386347,0.2763441470501974,16.37591803894653,False,0.27287399909611243,0.013392415786275497,0.2806009476115234,-0.007899152923672761
191,10.0,7.879608284145906,0.3523701123682142,16.09324073517227,False,0.26041035070748086,0.04640054880083598,0.2812713507572521,-0.0078013160742085395
191,10.5,6.369428105536307,0.2912794733122306,15.87568218473434,False,0.1930502093512117,0.05736781356307389,0.28272613363101873,-0.007593930200080425
191,11.0,5.9451885179293145,0.25402385260317817,15.991776865619483,False,0.1885322830732075,0.11904776707819767,0.2865484305309182,-0.007079576424156405
191,11.5,5.360618490126701,0.20171466422607745,16.214079708269804,False,0.18652630311528326,0.1646992765980151,0.2919244936514369,-0.006424611212253147
191,12.0,5.234454623853696,0.1766539760336038,16.40668333476239,False,0.1988945001728475,0.15773916210813327,0.29567912571722116,-0.006009800725957542
191,12.5,4.876887684523346,0.16033646420810532,16.438086980732635,False,0.1881302699027795,0.1361047341543471,0.29940118668326754,-0.005629707121875428
191,13.0,5.341718863938164,0.17214555407610171,16.497433547043407,False,0.21216823162906373,0.16567141693259188,0.30465949689839705,-0.00514038617579679
191,13.5,6.943876195764843,0.23273021306128383,16.554693395663932,False,0.2839227381301185,0.30487758781761265,0.30671120737881863,-0.004963315776220743
191,14.0,14.706815582679901,0.5642007682617597,16.51181667069141,False,0.5883672443548026,0.592696893373888,0.3071630518387265,-0.004925302097593525
191,14.5,14.310750005062687,0.563449154849951,32.60900492134022,False,0.5184605389454175,0.596213622789156,0.30680527289462844,-0.004955373312824749
191,15.0,6.1379934733513775,0.24812602740574824,16.161826200298485,False,0.20880259824467348,0.25289964389338443,0.30645637967037276,-0.004984908588053209
191,15.5,4.996628936771727,0.19688715585607672,16.158283730117617,False,0.16971846320520445,0.16112966385809982,0.3061408375619935,-0.0050118013378176165
191,16.0,4.365475060478803,0.16881718526590622,16.178758791803492,False,0.1495882578566353,0.12512550573596398,0.30583850902873916,-0.005037730237560041
191,16.5,10.870442744899083,0.4309658050023319,16.20403885098673,False,0.3765901576935528,0.3455786313339298,0.3055458856682616,-0.0050629791382639806
191,17.0,3.30703800318586,0.13482459036784067,16.06876039911432,False,0.10819263238801172,0.08008807939414192,0.30524175768927875,-0.005089380663524973
191,17.5,2.7305288775966936,0.10506860972989263,16.17249995608074,False,0.09331325479479288,0.0607839387168649,0.30496533345021776,-0.005113519623826699
191,18.0,7.309680636997404,0.2643586179786636,32.572382293087834,False,0.2626301282097473,0.1856544558885952,0.3046967786363769,-0.005137102134080451
191,18.5,6.725166727520956,0.24118490397796766,32.583901176333185,False,0.2422593400865931,0.1699498071535719,0.3044230988473151,-0.005161268119798582
191,19.0,3.429947216879708,0.1201076291107413,16.272833749994973,False,0.12249576199607203,0.10126601898140801,0.30415623443333895,-0.005184962847876473
191,19.5,4.654842497110814,0.1628179770729406,16.285233268821887,False,0.16717189462783194,0.1410393116698397,0.30390161887149786,-0.005207690923209909
191.0,20.0,0.0,0.0,0.0,0.0,0.0,0.0,0.303648651575,-0.00523038951772
191.0,20.5,0.0,0.0,0.0,0.0,0.0,0.0,0.303411746377,-0.00525175383555
191.0,21.0,0.0,0.0,0.0,0.0,0.0,0.0,0.303179143092,-0.00527283143848
191.0,21.5,0.0,0.0,0.0,0.0,0.0,0.0,0.302950629988,-0.00529363662543
191.0,22.0,0.0,0.0,0.0,0.0,0.0,0.0,0.302726010757,-0.00531418268433
191.0,22.5,0.0,0.0,0.0,0.0,0.0,0.0,0.302505103052,-0.00533448198551
191.0,23.0,0.0,0.0,0.0,0.0,0.0,0.0,0.302287737198,-0.00535454606466
191.0,23.5,0.0,0.0,0.0,0.0,0.0,0.0,0.302073755043,-0.00537438569634
191.0,24.0,0.0,0.0,0.0,0.0,0.0,0.0,0.301863008939,-0.00539401095972
192.0,0.5,0.0,0.0,0.0,0.0,0.0,0.0,0.301655360837,-0.00541343129713
192.0,1.0,0.0,0.0,0.0,0.0,0.0,0.0,0.301450681473,-0.00543265556666
192.0,1.5,0.0,0.0,0.0,0.0,0.0,0.0,0.301248849638,-0.00545169208929
192.0,2.0,0.0,0.0,0.0,0.0,0.0,0.0,0.301049751534,-0.00547054869094
192.0,2.5,0.0,0.0,0.0,0.0,0.0,0.0,0.300853280237,-0.00548923273553
192.0,3.0,0.0,0.0,0.0,0.0,0.0,0.0,0.300659335201,-0.00550775115633
192.0,3.5,0.0,0.0,0.0,0.0,0.0,0.0,0.300467821796,-0.00552611048527
192.0,4.0,0.0,0.0,0.0,0.0,0.0,0.0,0.300278650885,-0.00554431688036
192.0,4.5,0.0,0.0,0.0,0.0,0.0,0.0,0.300091738428,-0.005562376151
192.0,5.0,0.0,0.0,0.0,0.0,0.0,0.000908679932715,0.29990700513,-0.0055802937815
192,5.5,2.8279984540715444,0.09182547825029501,16.501844115065857,False,0.11257347296877986,0.11734938615463135,0.2997243416142536,-0.005598078316670127
192,6.0,10.477987847071219,0.37512264343448526,32.67959614309606,False,0.3858067362102568,0.31905810309879434,0.29953580788923034,-0.0056165052579361255
192,6.5,12.582309957450775,0.5601484473020898,31.899719840238163,False,0.3924484409186797,0.47776793120310956,0.2993308347344461,-0.005636621017461989
192,7.0,14.564747910806311,0.8075841611154327,31.04766925803648,False,0.38925318851940205,0.7834055736141615,0.29911471995094036,-0.005657923237798817
192,7.5,15.541688667188485,1.0176347234986316,30.35975883582931,False,0.3723322146775774,1.0984909189455594,0.2988794591142992,-0.005681221805790943
192,8.0,16.343197251526295,1.2063782750865861,29.744431594673554,False,0.35832890514249083,1.1827449075613405,0.2986260554965963,-0.005706445099108322
192,8.5,16.781856771918832,1.328078052572686,29.33320921386386,False,0.3482111384339982,1.1358506000876694,0.2983640237032807,-0.0057326676725215
192,9.0,17.404080929216192,1.4825257986411213,28.95262153891504,False,0.3471319243603419,1.3873378340762477,0.2981008338213307,-0.005759150793887506
192,9.5,17.593794643658175,1.7706603606467173,28.06062970936584,False,0.31547710272498064,1.7400888662826517,0.2978238707860169,-0.005787177387878449
192,10.0,17.6377277602874,1.8514405737567103,27.761685049474664,False,0.3037149229933698,1.2316652432477293,0.29752417193705505,-0.0058176879431888935
192,10.5,18.160538295972696,2.0822391427986195,27.274618302736595,False,0.2993432396884317,1.7532168036630034,0.29724224387344494,-0.0058465644563538794
192,11.0,17.25265469036748,2.1811106794708337,26.794831644716538,False,0.2707808402664338,2.4146352843806027,0.29693326401623643,-0.005878408122008745
192,11.5,17.135597438762755,2.328258736140481,26.36456724012149,False,0.25809035971472916,2.4989435255572565,0.2965968911734998,-0.005913310163956265
192,12.0,16.61404045210515,2.35843400565604,26.11712311600926,False,0.24446238218691796,2.665397707454396,0.29625315657430884,-0.0059492314341943004
192,12.5,17.43172244292532,2.5543148086686136,25.850830061077673,False,0.25031884237967383,2.1602725928086914,0.2959033456896206,-0.005986054942176674
192,13.0,16.340097766764394,2.4918870557705746,25.655136789140943,False,0.230520437075093,2.3146200406351984,0.29556662186918714,-0.006021757607219092
192,13.5,15.93213760145996,2.4758061939054383,25.53731856358101,False,0.22252431555186095,2.03347049972801,0.29522772799909786,-0.006057946830576786
192,14.0,16.011648660863816,2.56246172552256,25.309860882687367,False,0.2192303101258797,1.6743135987695994,0.29490140082607064,-0.006093039255004294
192,14.5,16.64872324553081,2.657372625434533,25.255264439891313,False,0.22688733707676007,1.2097245262142948,0.29458667179864123,-0.006127114122542707
192,15.0,7.068561338870666,1.0177612123906918,12.910627226579749,False,0.1005898634419694,0.24805091142313718,0.2942871999981524,-0.006159748135420967
192,15.5,3.8142718093553554,0.25583906469084344,14.975351263445248,False,0.08607599613386371,0.06236569511312401,0.3027729190159149,-0.00530988411897626
192,16.0,14.79425950535369,0.9974826399145732,30.2878925964502,False,0.35392755798842096,1.2951014285364868,0.3033320959107982,-0.005258960128638262
192,16.5,13.8703981172221,0.8685674872350426,30.414975074488115,False,0.33507942707602295,0.6210850160335644,0.3030237850145026,-0.005286965531738393
192,17.0,13.166242415681985,0.9149216435660101,30.090652595374518,False,0.3054635082728506,1.1175960313700517,0.3027490691729319,-0.005312069146000136
192,17.5,13.043043351066792,1.185103870660264,28.54990590907299,False,0.246782630716123,1.0514911028392302,0.3024567463283563,-0.005338937822297494
192,18.0,11.691472647826881,1.0898784782529805,28.37722062106951,False,0.21569406804984723,0.7769111918876414,0.3021595528971672,-0.005366420336697473
192,18.5,4.462565530382431,0.37076978013614353,14.417206732792934,False,0.08693876728260301,0.13603364069798254,0.30187915499079865,-0.005392504377554589
192,19.0,9.169073458103364,0.7314304774586647,29.09041284748161,False,0.18441145271862538,0.4023281146342493,0.30165302444454284,-0.005413650282325721
192,19.5,4.28496706636,0.353839160993253,14.413605655884309,False,0.08340526659513665,0.11776633675002146,0.3014056580962568,-0.005436895242313556
192.0,20.0,0.0,0.0,0.0,0.0,0.0,0.0,0.30118588482,-0.0054576471087
192.0,20.5,0.0,0.0,0.0,0.0,0.0,0.0,0.300986386258,-0.00547656631758
192.0,21.0,0.0,0.0,0.0,0.0,0.0,0.0,0.300789183117,-0.00549534469095
192.0,21.5,0.0,0.0,0.0,0.0,0.0,0.0,0.300594198307,-0.00551398730248
192.0,22.0,0.0,0.0,0.0,0.0,0.0,0.0,0.300401359176,-0.00553249892539
192.0,22.5,0.0,0.0,0.0,0.0,0.0,0.0,0.300210597174,-0.0055508840544
192.0,23.0,0.0,0.0,0.0,0.0,0.0,0.0,0.300021847556,-0.00556914692582
192.0,23.5,0.0,0.0,0.0,0.0,0.0,0.0,0.299835049107,-0.00558729153595
192.0,24.0,0.0,0.0,0.0,0.0,0.0,0.0,0.29965014389,-0.00560532165788
193.0,0.5,0.0,0.0,0.0,0.0,0.0,0.0,0.299467077016,-0.00562324085691
193.0,1.0,0.0,0.0,0.0,0.0,0.0,0.0,0.299285796437,-0.00564105250476
193.0,1.5,0.0,0.0,0.0,0.0,0.0,0.0,0.299106252747,-0.00565875979258
193.0,2.0,0.0,0.0,0.0,0.0,0.0,0.0,0.298928399008,-0.00567636574293
193.0,2.5,0.0,0.0,0.0,0.0,0.0,0.0,0.29875219059,-0.00569387322091
193.0,3.0,0.0,0.0,0.0,0.0,0.0,0.0,0.298577585014,-0.0057112849443
193.0,3.5,0.0,0.0,0.0,0.0,0.0,0.0,0.298404541817,-0.00572860349302
193.0,4.0,0.0,0.0,0.0,0.0,0.0,0.0,0.298233022426,-0.00574583131789
193.0,4.5,0.0,0.0,0.0,0.0,0.0,0.0,0.298062990035,-0.00576297074866
193,5.0,1.8058270835101098,0.06526742934063089,16.275686521470064,False,0.06457529926747849,0.04410139303129808,0.2978944095001651,-0.005780024001533868
193,5.5,5.084017833428398,0.19572814541961403,16.138936464458485,False,0.17127171895084636,0.1464767673198783,0.2977230966930547,-0.005797415275672667
193,6.0,10.013944720440715,0.43531982751594983,31.890356666456128,False,0.3117675163714606,0.2864803087165018,0.297544333916394,-0.005815629368656307
193,6.5,12.81076509259135,0.6633124458535166,31.25709560162975,False,0.35486220100847116,0.5068402196313925,0.297352520925054,-0.005835249027238139
193,7.0,14.565414173083424,0.8889552650857951,30.62721052130383,False,0.36358798858257346,0.7487939439140218,0.29714501893623074,-0.0058565623108241234
193,7.5,15.668634248071653,1.2504018212857408,29.29429565382194,False,0.32740800729897734,1.1069578178182025,0.2969210694162668,-0.005879669138489563
193,8.0,16.30494297286129,1.6821630035936068,27.854705808957533,False,0.2866286152145239,1.3002041473655606,0.2966710813800006,-0.005905591012818415
193,8.5,16.194204371460376,2.007060341829632,26.920423792232434,False,0.2588483364049442,1.7856236773037735,0.29639861902183523,-0.005933998540898172
193,9.0,17.26801504837903,2.191128203045609,26.576993759479027,False,0.26626770363567864,1.2875669566064147,0.2960966249099407,-0.005965675575054554
193,9.5,17.663715090884036,2.413091475629961,26.16100343006399,False,0.26196000399769565,1.4745502399811279,0.29580774241352853,-0.005996166012195732
193,10.0,17.858197126698386,2.581729055741434,25.859694413566267,False,0.257645254509127,1.6604567956177219,0.2955045131186098,-0.006028370652485459
193,10.5,16.363547632953928,2.620491531649548,25.372742569759254,False,0.22592818394764377,2.2215974664336122,0.29518897941811795,-0.006062101134948837
193,11.0,16.97553809901151,2.846251021939892,25.043742812181264,False,0.22781690399885085,2.0004343526819706,0.29485180860367305,-0.006098393457638017
193,11.5,17.008694856440314,2.9166132630678354,24.899724941933425,False,0.2255532519439378,1.8576076977424083,0.2945155719767725,-0.00613484332015653
193,12.0,16.566704256160996,2.9781991195014044,24.626722860437443,False,0.21494798711652796,1.7697430962239413,0.2941831741758487,-0.0061711324622058215
193,12.5,17.85639031997409,3.039187820031386,24.80120745009062,False,0.23508165793492325,1.0164720221060581,0.29385284334938355,-0.006207449607415337
193,13.0,16.96287248359653,2.967056452155891,24.638675535951084,False,0.21829844899400105,0.6659676324093388,0.2935498358638809,-0.0062409869044332674
193,13.5,17.37366111122177,3.102122335517123,24.502426860923464,False,0.22320107258861954,0.8460674076611745,0.29326390084303067,-0.006272832757995024
193,14.0,16.137480380030272,2.864085539046574,24.538105331465157,False,0.20600032689629189,0.4787175827308926,0.2929670215637565,-0.006306102612426781
193,14.5,15.90284655115198,2.860604356881935,24.457838083054448,False,0.20170595659133675,0.4305166866390232,0.2926941163149078,-0.006336871424414604
193,15.0,13.653869898692593,2.3724801869214467,24.630364306619462,False,0.17559619804430848,0.2506693235048514,0.2924241559593172,-0.006367484361228224
193,15.5,13.200733687416898,2.30723156379335,24.587252282467794,False,0.16917897831476567,0.2144496281321093,0.2921805130908537,-0.006395264333484397
193,16.0,13.465823494633838,2.3601188577161767,24.57345348417786,False,0.17238470295102148,0.2138811507187123,0.2919416738752069,-0.006422636870004188
193,16.5,12.810826214983836,2.2893465163837354,24.481378766390492,False,0.1627934387142339,0.18524717556155318,0.2917017875018754,-0.00645027004368791
193,17.0,11.308543058482558,1.9672005302531805,24.64551323690676,False,0.14561234737206638,0.12334700968971725,0.2914665977827058,-0.006477499826768545
193,17.5,9.546668732900635,1.6504999749897298,24.667577058436407,False,0.12314582593628104,0.07813674387478321,0.29124689306210844,-0.006503060603347211
193,18.0,8.379246039884327,1.413093097455072,24.84091946936335,False,0.10962773978630269,0.06799143585323406,0.291041819989195,-0.006527027620013302
193,18.5,5.714732582757694,0.9000423157417973,25.23951929086569,False,0.07730135098730487,0.02230430708235333,0.29084702573137217,-0.006549890868420005
193,19.0,4.367280980984955,0.6593407257568419,25.495490730470614,False,0.060389199925884735,0.015006824300847708,0.2906743072132667,-0.006570242911154504
193.0,19.5,0.0,0.0,0.0,0.0,0.0,0.0,0.290511859708,-0.00658945347784
193.0,20.0,0.0,0.0,0.0,0.0,0.0,0.0,0.290375851253,-0.00660558892952
193.0,20.5,0.0,0.0,0.0,0.0,0.0,0.0,0.29024067885,-0.00662167185957
193.0,21.0,0.0,0.0,0.0,0.0,0.0,0.0,0.290106331268,-0.00663770290232
193.0,21.5,0.0,0.0,0.0,0.0,0.0,0.0,0.289972797569,-0.00665368267215
193.0,22.0,0.0,0.0,0.0,0.0,0.0,0.0,0.289840067102,-0.00666961176446
193.0,22.5,0.0,0.0,0.0,0.0,0.0,0.0,0.289708129485,-0.0066854907565
193.0,23.0,0.0,0.0,0.0,0.0,0.0,0.0,0.2895769746,-0.00670132020824
193.0,23.5,0.0,0.0,0.0,0.0,0.0,0.0,0.289446592576,-0.00671710066318
193.0,24.0,0.0,0.0,0.0,0.0,0.0,0.0,0.289316973786,-0.00673283264907
194.0,0.5,0.0,0.0,0.0,0.0,0.0,0.0,0.289188108829,-0.00674851667864
194.0,1.0,0.0,0.0,0.0,0.0,0.0,0.0,0.28905998853,-0.00676415325027
194.0,1.5,0.0,0.0,0.0,0.0,0.0,0.0,0.288932603925,-0.00677974284863
194.0,2.0,0.0,0.0,0.0,0.0,0.0,0.0,0.288805946256,-0.00679528594527
194.0,2.5,0.0,0.0,0.0,0.0,0.0,0.0,0.288680006961,-0.00681078299922
194.0,3.0,0.0,0.0,0.0,0.0,0.0,0.0,0.28855477767,-0.00682623445751
194.0,3.5,0.0,0.0,0.0,0.0,0.0,0.0,0.288430250193,-0.0068416407557
194.0,4.0,0.0,0.0,0.0,0.0,0.0,0.0,0.288306416519,-0.00685700231835
194.0,4.5,0.0,0.0,0.0,0.0,0.0,0.0,0.288183268805,-0.00687231955952
194.0,5.0,0.0,0.0,0.0,0.0,0.0,0.0,0.288060799375,-0.00688759288317
194.0,5.5,0.0,0.0,0.0,0.0,0.0,0.0,0.287939000708,-0.00690282268359
194,6.0,2.250352800803697,0.10621644371743205,15.756968500555464,False,0.06525384008058359,0.0031537938289661572,0.28781786543770443,-0.006918009345812369
194,6.5,3.6010788041589272,0.1725900672949516,15.736772136519267,False,0.10365784802922794,0.01423975683115253,0.28769323575002725,-0.006933675668094344
194,7.0,3.231034633048845,0.15440260366110597,15.712010344068284,False,0.09218000278698252,0.00839614259758098,0.2875663155761472,-0.006949673373817379
194,7.5,5.150947478439997,0.2599722221007412,15.668803662960485,False,0.14471161769254925,0.02629778638640274,0.28744094954318367,-0.006965518379243332
194,8.0,6.496314083380262,0.33464030530167294,15.705872306938627,False,0.18492985529689332,0.04352987905526839,0.2873115331398899,-0.006981920483562967
194,8.5,5.954953562550219,0.29815343421863266,15.688255273744957,False,0.1684568808717303,0.03078143992134548,0.28717925781157255,-0.0069987325019992205
194,9.0,7.409238818069117,0.38686483983829806,15.670806278640537,False,0.20830379092323337,0.0495364987861028,0.2870494730919568,-0.007015274867739468
194,9.5,7.83062345088121,0.43682520425127863,15.52260041441939,False,0.20919219797569233,0.052674015718846154,0.2869162257270122,-0.00703230707313151
194,10.0,8.224589289425067,0.5002885874611832,15.325261563073761,False,0.20605944971717324,0.05556276260747958,0.28678157268936916,-0.007049569033198347
194,10.5,8.410375844874801,0.5462461645719554,15.166987622941026,False,0.2007080278236607,0.05415155391696554,0.2866450047823839,-0.007067128064061625
194,11.0,11.145003500416266,0.7640615707069159,30.110990694616866,False,0.25735919763911963,0.0638799901266635,0.2865073434453286,-0.007084880444449681
194,11.5,17.856057933768234,1.4486797301080638,29.204651993701503,False,0.3709340889246471,0.09517199164823924,0.2863616379521422,-0.007103728085597336
194,12.0,16.53604992538946,1.471457940137281,28.696037231333218,False,0.31678356512511074,0.059277837329839655,0.2861893489485422,-0.0071260915596163075
194,12.5,15.648355864037523,1.3940776485851374,28.647397864696444,False,0.29803219364984274,0.03622582853787806,0.2860181371614869,-0.007148398356296545
194,13.0,18.291135115907103,1.7448762050351692,28.317605790001128,False,0.33919436801896335,0.03435388882550339,0.2858513105636215,-0.007170213889349185
194,13.5,8.495286618103371,0.7045225026462643,14.525428195300172,False,0.17000979895979615,0.041229301702447,0.28646361641874557,-0.00709053046199426
194,14.0,17.72260779650906,1.4883752188406536,29.06298924102162,False,0.35521141905743275,0.07227634073008811,0.28631994509032227,-0.007109132227986924
194,14.5,17.91709514681196,1.7262832912518182,28.329152786483334,False,0.3319194265534504,0.06368821638950484,0.2861459662838675,-0.007131735934360176
194,15.0,16.36735972020482,1.5698182945538601,28.271117948832767,False,0.2982883299634955,0.017708549939934842,0.2859638958907161,-0.007155482675968893
194,15.5,6.874890086221403,0.6287511714854636,14.241273710513052,False,0.12840214964862315,0.0,0.2857901126595365,-0.00717823648011523
194,16.0,11.061778911543728,0.8889153932062642,14.546735197113087,False,0.2225642133947821,0.0,0.2856533127491089,-0.0071962086398530325
194,16.5,10.311928225941005,0.9285039665301825,28.504581531570082,False,0.19309514876422784,0.0,0.28550723101579295,-0.007215459429263898
194,17.0,12.37700207913983,1.1363869608032184,28.440780109565015,False,0.2300369172782474,0.0,0.28536023198110205,-0.007234893071685532
194,17.5,11.19023429822548,1.0826518345609315,28.169307727530434,False,0.20158614831778454,0.0,0.28520592268713746,-0.007255360279764491
194,18.0,9.03776965525633,0.8291380317001387,28.413805364115667,False,0.16744677814317485,0.40744696602369707,0.2984947962994999,-0.005719562828563867
194.0,18.5,0.0,0.0,0.0,0.0,0.0,0.0257984568881,0.300618110798,-0.00551169696587
194,19.0,2.409236759172111,0.10629429129296286,15.846723291501036,False,0.0722242758200914,0.05419421006056572,0.3004032253787556,-0.005532319424452357
194,19.5,1.8095015646443806,0.07113437869452596,16.038861055039835,False,0.05848023212038802,0.041567835294049546,0.3001864074099482,-0.005553220595768132
194.0,20.0,0.0,0.0,0.0,0.0,0.0,0.0,0.299974451625,-0.00557374405986
194.0,20.5,0.0,0.0,0.0,0.0,0.0,0.0,0.299769699784,-0.00559365584726
194.0,21.0,0.0,0.0,0.0,0.0,0.0,0.0,0.299567760776,-0.00561337716093
194.0,21.5,0.0,0.0,0.0,0.0,0.0,0.0,0.29936852763,-0.00563291545984
194.0,22.0,0.0,0.0,0.0,0.0,0.0,0.0,0.2991718999,-0.00565227774855
194.0,22.5,0.0,0.0,0.0,0.0,0.0,0.0,0.298977783144,-0.00567147061241
194.0,23.0,0.0,0.0,0.0,0.0,0.0,0.0,0.298786088463,-0.00569050024944
194.0,23.5,0.0,0.0,0.0,0.0,0.0,0.0,0.298596732076,-0.00570937249926
194.0,24.0,0.0,0.0,0.0,0.0,0.0,0.0,0.298409634936,-0.00572809286944
195.0,0.5,0.0,0.0,0.0,0.0,0.0,0.0,0.29822472238,-0.00574666655945
195.0,1.0,0.0,0.0,0.0,0.0,0.0,0.0,0.298041923815,-0.00576509848263
195.0,1.5,0.0,0.0,0.0,0.0,0.0,0.0,0.297861172425,-0.00578339328611
195.0,2.0,0.0,0.0,0.0,0.0,0.0,0.0,0.297682404908,-0.00580155536921
195.0,2.5,0.0,0.0,0.0,0.0,0.0,0.0,0.297505561234,-0.00581958890022
195.0,3.0,0.0,0.0,0.0,0.0,0.0,0.0,0.29733058442,-0.00583749783182
195.0,3.5,0.0,0.0,0.0,0.0,0.0,0.0,0.297157420331,-0.00585528591526
195.0,4.0,0.0,0.0,0.0,0.0,0.0,0.0,0.296986017488,-0.00587295671347
195.0,4.5,0.0,0.0,0.0,0.0,0.0,0.0,0.2968163269,-0.00589051361306
195.0,5.0,0.0,0.0,0.0,0.0,0.0,0.0,0.2966483019,-0.00590795983547
195.0,5.5,0.0,0.0,0.0,0.0,0.0,0.0,0.296481898005,-0.00592529844723
195.0,6.0,0.0,0.0,0.0,0.0,0.0,0.0181673458999,0.296317072774,-0.00594253236945
195,6.5,3.2447865705255694,0.11737964749928825,16.2794982458928,False,0.11623081381935227,0.09050477680340495,0.2961530962403854,-0.005959736848158422
195,7.0,5.032511868638981,0.19215301151710998,16.24925847063541,False,0.17784655163933036,0.22195602680948934,0.2959834193841952,-0.005977601921270258
195,7.5,8.63842935900568,0.3734849440829844,32.11746943287359,False,0.2814531239544824,0.40816938043645257,0.29580737872776275,-0.005996204514693348
195,8.0,6.665476188098925,0.3246043861482794,15.790902834292522,False,0.19570091901668715,0.3537206828442215,0.29561881673927054,-0.0060162068281116535
195,8.5,7.626624965759003,0.4199760822454308,15.550564719261274,False,0.20567418535149298,0.4763830657144026,0.29543556916819275,-0.006035721613857416
195,9.0,14.714176216761382,0.9133732098449228,30.456099079541197,False,0.3576971655527965,0.6785838116246439,0.2952454077967388,-0.00605605247494499
195,9.5,15.043471666988818,1.0323679710587643,29.97887126150124,False,0.34084536847261876,0.7185944423680078,0.2950301779483012,-0.0060791620232395404
195,10.0,18.20617926482112,1.3753195428369336,29.61984634060378,False,0.3924367513434194,1.1984143837208745,0.29481021339197083,-0.006102888589701498
195,10.5,18.763707967073408,1.6042732418260313,28.93498687166611,False,0.37402085410701535,1.412908740898169,0.29456029554701607,-0.0061299801066267545
195,11.0,18.979913228404833,1.711636172481754,28.655257714141662,False,0.3655314196938627,1.512745534530024,0.2942947921632907,-0.006158918247975407
195,11.5,18.19185110023505,1.9717044200665088,27.89833592292348,False,0.32092678017303866,2.5632254310007387,0.29402264237159903,-0.006188749896164059
195,12.0,19.003794720129726,2.137638648155518,27.453615997743277,False,0.3197404746824033,1.8431995608626621,0.293701948693491,-0.006224123928686523
195,12.5,18.578066343606984,2.2517375631300944,27.05287889101156,False,0.2996470119449828,1.9948955718687362,0.2934034496185726,-0.00625726646387831
195,13.0,17.806243292524528,2.247928801460421,26.873911389389935,False,0.2820770318619524,2.0511889784510093,0.2930960069159789,-0.006291622070220897
195,13.5,18.243524344285284,2.1846525553053744,27.01448594900615,False,0.29292041171802236,1.3375107607459873,0.29278769299417806,-0.006326300974524557
195,14.0,17.78310810273169,2.018134294088118,27.350540632264966,False,0.2931709586737572,1.0483519887007369,0.2925099631469484,-0.0063577349422695665
195,14.5,17.494726561927877,2.051901453018023,27.16690405081156,False,0.28524283033184705,1.2005666964211372,0.2922506038203992,-0.006387257872774744
195,15.0,14.930708973729397,1.9345281014002542,26.729264110027437,False,0.2327322435770237,1.471060723899267,0.29198524374747864,-0.0064176330837395915
195,15.5,15.117413444241272,1.8642299429678493,26.910348498293885,False,0.23978072314204096,1.0840052784042102,0.2917151103745845,-0.0064487316347360745
195,16.0,15.801806067502415,1.9446304430316805,27.016627333789703,False,0.25297334457268694,1.3697852240400368,0.2914633522110775,-0.006477876549381456
195,16.5,12.890319161073862,1.5065739657280317,27.190464677961373,False,0.21013471922483343,0.7368365880104948,0.2911986978663658,-0.006508683766819432
195,17.0,8.896350879420257,0.8868547973023867,27.920182106362432,False,0.15586586742970543,0.17577037011607877,0.29097567075598024,-0.006534780960746155
195,17.5,5.404397182224909,0.5126111970821261,28.20612341134367,False,0.09776494062186246,0.10301859355377163,0.2907984199158121,-0.006555610661893914
195,18.0,8.900208678013543,0.8614422524793933,28.121088884789252,False,0.15946182761663769,0.23523419713992846,0.29063908148851325,-0.006574402930145489
195,18.5,8.71362802747151,0.8511723587149578,28.061220469470953,False,0.15507330603202035,0.23640317813839995,0.29046242029245384,-0.006595313316687863
195,19.0,8.36212325701464,0.7841307990603253,28.258424977039525,False,0.15217493566729653,0.19614908812261322,0.2902870218751982,-0.006616152675828257
195,19.5,5.846736743310933,0.47502105679387735,28.975779059473417,False,0.11591159832461823,0.09978290670945113,0.2901165976771961,-0.006636476231071342
195.0,20.0,0.0,0.0,0.0,0.0,0.0,0.0,0.289962449041,-0.00665492297707
195.0,20.5,0.0,0.0,0.0,0.0,0.0,0.0,0.289830987815,-0.00667070303652
195.0,21.0,0.0,0.0,0.0,0.0,0.0,0.0,0.289700386497,-0.00668642404129
195.0,21.5,0.0,0.0,0.0,0.0,0.0,0.0,0.289570631768,-0.00670208687384
195.0,22.0,0.0,0.0,0.0,0.0,0.0,0.0,0.289441710698,-0.00671769238831
195.0,22.5,0.0,0.0,0.0,0.0,0.0,0.0,0.289313610724,-0.00673324141181
195.0,23.0,0.0,0.0,0.0,0.0,0.0,0.0,0.289186319638,-0.00674873474562
195.0,23.5,0.0,0.0,0.0,0.0,0.0,0.0,0.289059825571,-0.00676417316628
195.0,24.0,0.0,0.0,0.0,0.0,0.0,0.0,0.28893411698,-0.0067795574267
196.0,0.5,0.0,0.0,0.0,0.0,0.0,0.0,0.288809182635,-0.00679488825713
196.0,1.0,0.0,0.0,0.0,0.0,0.0,0.0,0.288685011604,-0.00681016636618
196.0,1.5,0.0,0.0,0.0,0.0,0.0,0.0,0.288561593243,-0.00682539244168
196.0,2.0,0.0,0.0,0.0,0.0,0.0,0.0,0.288438917186,-0.00684056715158
196.0,2.5,0.0,0.0,0.0,0.0,0.0,0.0,0.288316973332,-0.00685569114477
196.0,3.0,0.0,0.0,0.0,0.0,0.0,0.0,0.288195751835,-0.00687076505185
196.0,3.5,0.0,0.0,0.0,0.0,0.0,0.0,0.288075243094,-0.00688578948588
196.0,4.0,0.0,0.0,0.0,0.0,0.0,0.0,0.287955437747,-0.0069007650431
196.0,4.5,0.0,0.0,0.0,0.0,0.0,0.0,0.287836326657,-0.00691569230361
196.0,5.0,0.0,0.0,0.0,0.0,0.0,0.0,0.287717900909,-0.00693057183198
196.0,5.5,0.0,0.0,0.0,0.0,0.0,0.0158075180486,0.287600151798,-0.00694540417788
196,6.0,3.0837388039320173,0.10418802214922199,16.408756741170308,False,0.11728954326959107,0.0435122100336541,0.28748247092628076,-0.006960265731516886
196,6.5,3.0184454485673706,0.11100002687577909,16.237136261236376,False,0.1060989756705955,0.030966716213427885,0.28736044456326676,-0.006975716095324265
196,7.0,10.886764825642846,0.4772577348305146,15.987778297464995,False,0.3446887789770502,0.15793198162042796,0.28723928750041394,-0.006991096837448778
196,7.5,13.612813843965132,0.7218377746078823,31.18981914658349,False,0.3727129784568606,0.24178148860300067,0.28710005643280806,-0.007008821978730257
196,8.0,6.995663318413979,0.4446441959766166,15.194417350450493,False,0.16833217885081633,0.1692924552048068,0.286948997506513,-0.007028113490139756
196,8.5,13.807978914355772,0.8889757977757448,30.263658433608953,False,0.3260785836340875,0.23939390131832758,0.2868118374577987,-0.007045684821252226
196,9.0,17.645544652950285,1.3520509118575856,29.56829136097597,False,0.37771362798638736,0.43432339519995095,0.2866557757205863,-0.00706574131407268
196,9.5,18.046763681289395,1.9398652723319814,27.76289189948036,False,0.3137144097442688,0.7058540718436302,0.28647535649985234,-0.007089012986087511
196,10.0,18.30897328179606,2.2640665560392645,26.87419404112068,False,0.290406302565318,0.6220800735208748,0.28626293182886914,-0.007116530100000328
196,10.5,17.417486799476592,2.6030248604516495,25.776421930357436,False,0.24891652158012512,0.6810754791495737,0.2860419826459294,-0.007145286600533293
196,11.0,16.331071941035763,2.7426396942498954,25.091728976564184,False,0.21989755901429991,0.6535440389230849,0.28580652401648093,-0.007176084024083854
196,11.5,16.158548784450286,2.923171825088768,24.599178618854648,False,0.20881345546223284,0.5378680619681679,0.2855673980291159,-0.007207523140705102
196,12.0,15.698301730632695,2.99165786063223,24.280215447529827,False,0.19776829596213616,0.42517653509579656,0.28532639041483177,-0.0072393758391642495
196,12.5,15.343640971224584,3.1812644164891997,23.722860141822824,False,0.18501637711566965,0.3042882277104009,0.28508763364791717,-0.0072710965715871686
196,13.0,14.782257323190002,3.2215059885369883,23.39718146729208,False,0.17391655376613768,0.16614379567227203,0.2848468359953053,-0.007303256328211636
196,13.5,14.904650063943507,2.9313857592046624,24.05334238950143,False,0.184221289865835,0.03900278430016187,0.2846103145594489,-0.007335010096656
196,14.0,16.131638978407725,3.172921729742092,23.94248403100119,False,0.197865996810364,0.0,0.28439018293353524,-0.007364711376113496
196,14.5,15.408680376459667,3.0512713556078075,23.917186203102027,False,0.18861934866400631,0.0,0.28416291402504323,-0.0073955261198616245
196,15.0,14.36795800719935,2.9121881478204577,23.78081486780848,False,0.17391869392944312,0.0,0.28394080476993505,-0.007425789820566685
196,15.5,12.733333562075607,2.6479241543313017,23.649922271895306,False,0.1526325673362716,0.0,0.2837245110384307,-0.00745540303780236
196,16.0,12.59615064601903,2.6727842820582692,23.527103741257864,False,0.14945085942069772,0.0,0.2835187778355508,-0.007483701048075935
196,16.5,12.33184326562774,2.6389105002464524,23.448533957876197,False,0.1453593263562476,0.0,0.28331262741868685,-0.007512184902988844
196,17.0,11.859501381207075,2.524495319941057,23.450793161880263,False,0.13969878830913196,0.0,0.28310828333928434,-0.007540546744881156
196,17.5,11.190328360415744,2.3092759641493545,23.620687091270767,False,0.13342961362068778,0.0,0.2829087968385856,-0.007568357533171536
196,18.0,10.389644313091296,2.079469231411354,23.811965133710174,False,0.12532474978794295,0.0,0.2827179882231765,-0.007595072944839642
196,18.5,8.814005488832182,1.7072192315865502,23.986688002816788,False,0.10774614089090553,0.0,0.28253640596791274,-0.007620600962078885
196,19.0,7.142352129803644,1.1555091416402685,25.085540338326332,False,0.09536371276914134,0.0,0.2823694507610263,-0.0076441628710753745
196,19.5,3.9121674349367868,0.579642392197067,12.798491218139924,False,0.05457753198002733,0.0,0.28222392816374176,-0.007664770886654714
196.0,20.0,0.0,0.0,0.0,0.0,0.0,0.0,0.282100750064,-0.00768226635807
196.0,20.5,0.0,0.0,0.0,0.0,0.0,0.0,0.282000054974,-0.00769660383439
196.0,21.0,0.0,0.0,0.0,0.0,0.0,0.0,0.281899840799,-0.00771090450023
196.0,21.5,0.0,0.0,0.0,0.0,0.0,0.0,0.281800102922,-0.00772516864244
196.0,22.0,0.0,0.0,0.0,0.0,0.0,0.0,0.281700836804,-0.0077393965429
196.0,22.5,0.0,0.0,0.0,0.0,0.0,0.0,0.281602037975,-0.00775358847867
196.0,23.0,0.0,0.0,0.0,0.0,0.0,0.0,0.281503702042,-0.00776774472216
196.0,23.5,0.0,0.0,0.0,0.0,0.0,0.0,0.281405824677,-0.00778186554123
196.0,24.0,0.0,0.0,0.0,0.0,0.0,0.0,0.281308401624,-0.00779595119935
197.0,0.5,0.0,0.0,0.0,0.0,0.0,0.0,0.281211428692,-0.0078100019557
197.0,1.0,0.0,0.0,0.0,0.0,0.0,0.0,0.281114901754,-0.00782401806528
197.0,1.5,0.0,0.0,0.0,0.0,0.0,0.0,0.28101881675,-0.00783799977908
197.0,2.0,0.0,0.0,0.0,0.0,0.0,0.0,0.280923169678,-0.00785194734412
197.0,2.5,0.0,0.0,0.0,0.0,0.0,0.0,0.280827956597,-0.00786586100362
197.0,3.0,0.0,0.0,0.0,0.0,0.0,0.0,0.280733173627,-0.00787974099705
197.0,3.5,0.0,0.0,0.0,0.0,0.0,0.0,0.280638816944,-0.00789358756027
197.0,4.0,0.0,0.0,0.0,0.0,0.0,0.0,0.280544882781,-0.0079074009256
197.0,4.5,0.0,0.0,0.0,0.0,0.0,0.0,0.280451367426,-0.00792118132194
197.0,5.0,0.0,0.0,0.0,0.0,0.0,0.0,0.280358267219,-0.00793492897481
197,5.5,7.259377516464552,0.24890136367839885,32.73967754823843,False,0.2710648282309442,0.0,0.2802655785558854,-0.00794864410649582
197,6.0,10.66608626873783,0.4359327183061011,32.19499625896744,False,0.35312431478333617,0.0,0.28016385208659383,-0.007963729084943026
197,6.5,13.049266453262621,0.6856875948432776,31.227188183919495,False,0.3595960889171217,0.0,0.28005543227088636,-0.007979844183131902
197,7.0,14.788327359954348,1.0296358556931529,29.976045545021957,False,0.3349296762804864,0.0,0.27993793529909,-0.007997352364106898
197,7.5,15.871028621538104,1.3825751393073669,28.86551872030288,False,0.3103783867023429,0.0,0.27980778312995236,-0.008016799748579459
197,8.0,16.47180862333371,1.7829180904687998,27.61476424122258,False,0.281716967559283,0.0,0.27966463119456103,-0.008038254668866518
197,8.5,16.99084301131963,2.0743848846677047,26.86368939129591,False,0.26887624458442033,0.0,0.2795066772121583,-0.00806200748850693
197,9.0,17.2045843305642,2.4249344992484865,26.04781467140701,False,0.25188698232682033,0.0,0.2793380497584542,-0.0080874577207517
197,9.5,17.026911282658652,2.8972084955641315,24.8767440047488,False,0.22482296776437494,0.0,0.2791565034186901,-0.008114964828829646
197,10.0,16.98387035300774,3.036381278843292,24.537814239931926,False,0.21679971364493406,0.0,0.2789574155772928,-0.008145257998627748
197,10.5,16.590180073830005,3.0363023822556245,24.37519119964015,False,0.2090463306874517,0.0,0.2787534242691754,-0.008176437140370519
197,11.0,17.581872451629103,3.3236596004059398,24.18074158142531,False,0.21959425238820618,0.0,0.2785498109908507,-0.00820770041287433
197,11.5,17.317676097644977,3.433035840302121,23.912259683736146,False,0.21049471774771633,0.0,0.2783356644994482,-0.008240734774905991
197,12.0,17.162198834563444,3.5166521098519943,23.69424426326932,False,0.20658372830237798,0.0,0.2781177361468934,-0.008274515294999592
197,12.5,17.160978599753907,3.4864760466560747,23.72578494674577,False,0.206952260383718,0.0,0.2778970005446865,-0.00830889928471009
197,13.0,16.701847872593437,3.5840767109300007,23.389355630845934,False,0.1964079393477996,0.0,0.27767777316628706,-0.008343216966304197
197,13.5,16.68335996792898,3.386501605672349,23.77989506296752,False,0.20075430925140741,0.0,0.27745520198918827,-0.008378230987753659
197,14.0,15.602268052530242,3.1021085062723905,23.8604624233635,False,0.18889650020854465,0.0,0.2772404860534011,-0.008412175294980073
197,14.5,13.215142379824645,2.662981978608469,23.74902407044106,False,0.15865005898691437,0.0,0.277036917268106,-0.008444508776649769
197,15.0,12.750230293822444,2.444922152363127,24.061458627992735,False,0.15676494935340224,0.0,0.27685036496517856,-0.008474269577717262
197,15.5,14.737478965933446,2.7253619331826884,24.33675516095547,False,0.1851375243976419,0.0,0.2766724369653865,-0.008502771043892311
197,16.0,13.572454426846724,2.302004977317136,24.854557438434078,False,0.17777115945962085,0.0,0.27648421260931283,-0.008533046245369049
197,16.5,12.50098907994336,2.0329037080133174,25.109671377457694,False,0.16725024973398517,0.0,0.2763123983980473,-0.008560794125756244
197,17.0,10.654597145503551,1.6641319393169771,25.34195266649641,False,0.14538763587602607,0.0,0.27615113786371925,-0.008586935451188547
197,17.5,9.951441799622108,1.4637567108163858,25.715776828119537,False,0.14029125353094452,0.0,0.2760042110890347,-0.008610836028546285
197,18.0,8.121619374661107,1.179275225921843,25.78734210195106,False,0.11522595415095781,0.0,0.27586522508286043,-0.008633517866584128
197,18.5,5.868823097442467,0.8242619526548827,25.978419985850717,False,0.08470780130164218,0.0,0.2757373693698187,-0.008654446183879581
197,19.0,4.554198559626216,0.6125341893162802,26.22477376174041,False,0.06723599027511674,0.0,0.2756233183661742,-0.008673165875649952
197,19.5,2.7665972930537444,0.36038282021782186,13.185398983270812,False,0.04140583375870293,0.0,0.27551763216819225,-0.008690555695917363
197.0,20.0,0.0,0.0,0.0,0.0,0.0,0.0,0.275421842652,-0.00870635299656
197.0,20.5,0.0,0.0,0.0,0.0,0.0,0.0,0.275340055023,-0.00871986823452
197.0,21.0,0.0,0.0,0.0,0.0,0.0,0.0,0.275258590618,-0.00873335491712
197.0,21.5,0.0,0.0,0.0,0.0,0.0,0.0,0.275177447297,-0.008746813157
197.0,22.0,0.0,0.0,0.0,0.0,0.0,0.0,0.275096622935,-0.00876024306715
197.0,22.5,0.0,0.0,0.0,0.0,0.0,0.0,0.275016115421,-0.00877364476081
197.0,23.0,0.0,0.0,0.0,0.0,0.0,0.0,0.274935922656,-0.00878701835148
197.0,23.5,0.0,0.0,0.0,0.0,0.0,0.0,0.274856042558,-0.00880036395285
197.0,24.0,0.0,0.0,0.0,0.0,0.0,0.0,0.274776473059,-0.00881368167877
198.0,0.5,0.0,0.0,0.0,0.0,0.0,0.0,0.274697212103,-0.00882697164325
198.0,1.0,0.0,0.0,0.0,0.0,0.0,0.0,0.27461825765,-0.00884023396036
198.0,1.5,0.0,0.0,0.0,0.0,0.0,0.0,0.274539607675,-0.00885346874428
198.0,2.0,0.0,0.0,0.0,0.0,0.0,0.0,0.274461260166,-0.0088666761092
198.0,2.5,0.0,0.0,0.0,0.0,0.0,0.0,0.274383213127,-0.00887985616934
198.0,3.0,0.0,0.0,0.0,0.0,0.0,0.0,0.274305464574,-0.00889300903889
198.0,3.5,0.0,0.0,0.0,0.0,0.0,0.0,0.27422801254,-0.008906134832
198.0,4.0,0.0,0.0,0.0,0.0,0.0,0.0,0.274150855071,-0.00891923366276
198.0,4.5,0.0,0.0,0.0,0.0,0.0,0.0,0.274073990227,-0.00893230564516
198.0,5.0,0.0,0.0,0.0,0.0,0.0,0.0,0.273997416085,-0.0089453508931
198,5.5,1.989001416816206,0.08764015327710196,15.91199337996227,False,0.06113022125641453,0.0,0.2739211307332313,-0.008958369520302064
198,6.0,3.3352521862152846,0.16019402829907467,15.758369693048571,False,0.09676226984176935,0.0,0.27384180633682526,-0.008971930730301156
198,6.5,3.661722574606507,0.18950317246434442,15.592987366679488,False,0.1001900932456871,0.0,0.273760013537464,-0.008985939556946067
198,7.0,4.665365925070821,0.25333266850820035,15.501133260312821,False,0.12374133845738866,0.0,0.27367739160419274,-0.009000116858444741
198,7.5,4.276371574244058,0.2382167535987378,15.423451622440773,False,0.1105599792505676,0.0,0.27359262864135436,-0.009014689248860012
198,8.0,5.365952832932475,0.32143660064179275,15.27253112256137,False,0.1322425003282113,0.0,0.2735087187896351,-0.009029142670723718
198,8.5,7.484885561667895,0.4983107010590683,15.083415735994613,False,0.1742526107905045,0.0,0.27342192839528684,-0.009044121322511927
198,9.0,16.84474717097222,1.2654405951944798,29.585406708275283,False,0.36140439037616184,0.0,0.2733287014842091,-0.009060243808879561
198,9.5,18.425622865641536,1.5793931795100193,28.943434859903117,False,0.36732375962128627,0.0,0.27320663609659696,-0.009081405369254988
198,10.0,18.63375082626571,1.7883246935147685,28.302525728864794,False,0.34384649393174405,0.0,0.27307292852496984,-0.009104652867443623
198,10.5,17.177734273722166,1.9770494112704853,27.542323963773292,False,0.2913459715440453,0.0,0.27293156257808887,-0.009129309070991878
198,11.0,18.575372801542464,2.240671414786693,27.094671071539246,False,0.3006863738356369,0.0,0.2727833033977307,-0.009155253070080655
198,11.5,18.619238835875272,2.400309384873218,26.659184389643634,False,0.28863088843567875,0.0,0.27262530696215326,-0.009182997749749667
198,12.0,18.568030870594765,2.536392368005577,26.274334964843938,False,0.2774696953585015,0.0,0.2724615178188565,-0.009211865468941123
198,12.5,17.314405221367323,2.576172396920893,25.840250412497525,False,0.24857179097269577,0.0,0.272292828270828,-0.009241709979236783
198,13.0,17.640160733124652,2.7940087672107583,25.377374482789584,False,0.24311761453569652,0.0,0.27212289143649904,-0.009271891716810424
198,13.5,17.281021159042545,2.793340045439117,25.24390473282508,False,0.23539131513889291,0.0,0.2719449485465733,-0.009303621333177125
198,14.0,17.15263277312649,2.7803414524974497,25.193268138581868,False,0.23266522880382545,0.0,0.2717672903502198,-0.009335429332145878
198,14.5,16.906586760120497,2.6950287007727405,25.300314009062657,False,0.22987830747441068,0.0,0.27159038329024626,-0.00936723168014048
198,15.0,16.314471455763197,2.564798530209624,25.35499457662466,False,0.22286895270452664,0.0,0.27141697024116707,-0.009398531275849617
198,15.5,15.521924197112458,2.278039801577509,25.752919180685012,False,0.2195442166225866,0.0,0.2712487544019333,-0.009429011952854867
198,16.0,14.865374601822467,2.1297865473877398,25.900930179981447,False,0.21306177119715086,0.0,0.2710916746355933,-0.009457581173803901
198,16.5,13.858989794213805,1.9067329182186712,26.152980942642163,False,0.20325321794753803,0.0,0.27094047330327786,-0.009485178712897462
198,17.0,12.137206870033964,1.521383607774574,26.732278750160546,False,0.18804463283709344,0.0,0.27079798773320835,-0.00951127329057038
198,17.5,10.80640006745483,1.2878132775772146,26.983642587194648,False,0.1716277407811782,0.0,0.27067037571484565,-0.009534716585690613
198,18.0,8.848282249863427,1.0159140686992834,27.175294346717052,False,0.14327013664674126,0.0,0.27055187593651253,-0.00955654756533939
198,18.5,7.611233976258768,0.8384435159603986,27.390272452394882,False,0.12599701338586206,0.0,0.2704439416827098,-0.009576483924402395
198,19.0,5.702090357045441,0.5988236836659802,27.634924858735907,False,0.09685879791895297,0.0,0.2703429881067208,-0.009595175758832118
198,19.5,2.5342389712327944,0.23874637605695234,14.096805064964093,False,0.04577895837615887,0.0,0.2702513724946789,-0.009612176278214106
198.0,20.0,0.0,0.0,0.0,0.0,0.0,0.0,0.270173664933,-0.0096266241061
198.0,20.5,0.0,0.0,0.0,0.0,0.0,0.0,0.270105259654,-0.009639363819
198.0,21.0,0.0,0.0,0.0,0.0,0.0,0.0,0.270037094983,-0.00965207870802
198.0,21.5,0.0,0.0,0.0,0.0,0.0,0.0,0.269969169661,-0.00966476883381
198.0,22.0,0.0,0.0,0.0,0.0,0.0,0.0,0.269901482428,-0.00967743425825
198.0,22.5,0.0,0.0,0.0,0.0,0.0,0.0,0.269834032026,-0.00969007504449
198.0,23.0,0.0,0.0,0.0,0.0,0.0,0.0,0.269766817199,-0.0097026912568
198.0,23.5,0.0,0.0,0.0,0.0,0.0,0.0,0.269699836695,-0.0097152829606
198.0,24.0,0.0,0.0,0.0,0.0,0.0,0.0,0.26963308926,-0.00972785022233
199.0,0.5,0.0,0.0,0.0,0.0,0.0,0.0,0.269566573648,-0.00974039310947
199.0,1.0,0.0,0.0,0.0,0.0,0.0,0.0,0.269500288612,-0.00975291169044
199.0,1.5,0.0,0.0,0.0,0.0,0.0,0.0,0.26943423291,-0.00976540603456
199.0,2.0,0.0,0.0,0.0,0.0,0.0,0.0,0.269368405302,-0.00977787621203
199.0,2.5,0.0,0.0,0.0,0.0,0.0,0.0,0.269302804553,-0.00979032229387
199.0,3.0,0.0,0.0,0.0,0.0,0.0,0.0,0.269237429429,-0.00980274435187
199.0,3.5,0.0,0.0,0.0,0.0,0.0,0.0,0.269172278704,-0.00981514245856
199.0,4.0,0.0,0.0,0.0,0.0,0.0,0.0,0.269107351152,-0.00982751668716
199.0,4.5,0.0,0.0,0.0,0.0,0.0,0.0,0.269042645553,-0.00983986711156
199.0,5.0,0.0,0.0,0.0,0.0,0.0,0.0,0.268978160692,-0.00985219380625
199.0,5.5,0.0,0.0,0.0,0.0,0.0,0.0,0.268913895357,-0.00986449684632
199,6.0,2.2500970921824255,0.1921619679645002,14.383584815555341,False,0.04347787809405872,0.0,0.2688498483419932,-0.009876776307398336
199,6.5,3.4156645386528464,0.30056710909177003,14.305117824602581,False,0.06476519876266207,0.0,0.2687787259073542,-0.00989043365638145
199,7.0,4.957636936650552,0.4389380145829819,14.299641766622408,False,0.09388033908605882,0.0,0.2687037054235304,-0.009904863923640305
199,7.5,8.210136756426095,0.7582444520203911,28.394822707520937,False,0.15177729962945236,0.0,0.2686236485002842,-0.009920290631984791
199,8.0,14.206995115698724,1.3794365750933526,28.110033442736736,False,0.2542250629003926,0.0,0.26853168745920347,-0.009938046568378595
199,8.5,16.839778321520193,1.8049614268285266,27.634371575531908,False,0.2860327140802504,0.0,0.26841636457733803,-0.009960366780338984
199,9.0,17.379667547348916,1.955141621519871,27.369318893969364,False,0.28707853569412756,0.0,0.2682851042505087,-0.009985844332976012
199,9.5,17.12584668385931,1.9072038985896045,27.387123036092866,False,0.2834098421482625,0.0,0.26814835464005443,-0.010012469982353457
199,10.0,18.013617976409975,2.068657508089064,27.260823562948374,False,0.2942354356711139,0.0,0.26801363317129234,-0.010038783499532387
199,10.5,17.5655007141518,1.9890016363637715,27.297740105172437,False,0.28800756174013775,0.0,0.2678729923294107,-0.0100663411300575
199,11.0,17.9678833798347,2.048837766921363,27.26849071945057,False,0.2937196346756479,0.0,0.2677355810968616,-0.010093353036091844
199,11.5,18.538694292346506,2.185702678335846,27.100589123847264,False,0.30000843046224,0.0,0.26759610466391914,-0.010120859278956574
199,12.0,18.461205991407017,2.21504922467269,27.008751771065143,False,0.29393857176262106,0.0,0.2674516387107179,-0.0101494437236927
199,12.5,18.270107713323505,2.070497436365422,27.325101594032922,False,0.3004076271971537,0.0,0.2673062624857886,-0.010178305430791122
199,13.0,18.298584914585998,2.1972751974415567,26.97990534480131,False,0.2923977278460997,0.0,0.2671665743679303,-0.010206130040577304
199,13.5,17.258412998345634,2.1360726964639536,26.881359316765135,False,0.2730256494001834,0.0,0.2670222763738955,-0.010234968114227605
199,14.0,17.41415170882612,2.180442766279598,26.7677157489735,False,0.2724300897889056,0.0,0.2668805013166551,-0.010263396580147074
199,14.5,17.372565566583766,2.124642125145116,26.904838035462138,False,0.27375806878438225,0.0,0.2667372417065919,-0.010292218342202064
199,15.0,16.85132482269971,2.025852008503025,26.979310162419388,False,0.2675178035865351,0.0,0.26659629801287793,-0.010320668332923406
199,15.5,14.474137848435115,1.7808573162962205,26.893321027752627,False,0.22897477363430246,0.0,0.2664593006912421,-0.01034841157981972
199,16.0,14.085952944102605,1.708736848045238,26.961227037352455,False,0.22428349929268787,0.0,0.2663317972160904,-0.010374312101192495
199,16.5,14.144919832573219,1.6434704169455807,27.133353350216005,False,0.22805897820912802,0.0,0.26620722604778146,-0.010399691593066966
199,17.0,12.611955811134916,1.3986611835426275,27.40183678770664,False,0.20903093746917362,0.0,0.26608532611311636,-0.010424598506726878
199,17.5,10.41985066960034,1.1086917333539577,27.569545573209083,False,0.1757701530433807,0.0,0.2659729100977452,-0.010447630658193827
199,18.0,8.319324490497927,0.8943803984675055,27.5034580710281,False,0.13936022143036517,0.0,0.2658716908828854,-0.010468420663330652
199,18.5,6.432923175922102,0.6793573112021086,27.598001802792815,False,0.10884398948430066,0.0,0.26577879630693524,-0.010487544213185884
199,19.0,6.650515192662041,0.701095240959374,27.599648735342804,False,0.11254532366581277,0.0,0.265694252446399,-0.010504984849348089
199,19.5,5.236685904223501,0.5538442171998251,13.774158438178183,False,0.08813808896640607,0.0,0.26560907330297717,-0.010522591497317135
199.0,20.0,0.0,0.0,0.0,0.0,0.0,0.0,0.265529671073,-0.0105390357212
199.0,20.5,0.0,0.0,0.0,0.0,0.0,0.0,0.265471475025,-0.0105511075854
199.0,21.0,0.0,0.0,0.0,0.0,0.0,0.0,0.265413465882,-0.0105631570787
199.0,21.5,0.0,0.0,0.0,0.0,0.0,0.0,0.265355642727,-0.0105751842595
199.0,22.0,0.0,0.0,0.0,0.0,0.0,0.0,0.265298004644,-0.0105871891866
199.0,22.5,0.0,0.0,0.0,0.0,0.0,0.0,0.265240550721,-0.0105991719197
199.0,23.0,0.0,0.0,0.0,0.0,0.0,0.0,0.265183280047,-0.0106111325193
199.0,23.5,0.0,0.0,0.0,0.0,0.0,0.0,0.265126191713,-0.0106230710462
199.0,24.0,0.0,0.0,0.0,0.0,0.0,0.0,0.265069284813,-0.010634987562
200.0,0.5,0.0,0.0,0.0,0.0,0.0,0.0,0.265012558443,-0.0106468821289
200.0,1.0,0.0,0.0,0.0,0.0,0.0,0.0,0.2649560117,-0.0106587548094
200.0,1.5,0.0,0.0,0.0,0.0,0.0,0.0,0.264899643687,-0.0106706056667
200.0,2.0,0.0,0.0,0.0,0.0,0.0,0.0,0.264843453507,-0.0106824347645
200.0,2.5,0.0,0.0,0.0,0.0,0.0,0.0,0.264787440267,-0.0106942421669
200.0,3.0,0.0,0.0,0.0,0.0,0.0,0.0,0.264731603076,-0.0107060279384
200.0,3.5,0.0,0.0,0.0,0.0,0.0,0.0,0.264675941048,-0.0107177921439
200.0,4.0,0.0,0.0,0.0,0.0,0.0,0.0,0.264620453297,-0.0107295348487
200.0,4.5,0.0,0.0,0.0,0.0,0.0,0.0,0.264565138942,-0.0107412561185
200.0,5.0,0.0,0.0,0.0,0.0,0.0,0.0,0.264509997107,-0.0107529560194
200.0,5.5,0.0,0.0,0.0,0.0,0.0,0.0,0.264455026915,-0.0107646346177
200.0,6.0,0.0,0.0,0.0,0.0,0.0,0.0,0.264400227497,-0.01077629198
200.0,6.5,0.0,0.0,0.0,0.0,0.0,0.0,0.264345597983,-0.0107879281732
200,7.0,2.2772308018502074,0.1440553282493564,15.107228329360431,False,0.05338738792990717,0.0,0.26429113751056926,-0.010799543264486499
200,7.5,4.0361569311858,0.23554935436950716,15.299268951930028,False,0.10030096782356104,0.0,0.2642313783257939,-0.010812305591540715
200,8.0,4.541097515187864,0.3189203035860641,14.866435552421848,False,0.0994063717810249,0.0,0.26416831427046716,-0.01082579320806734
200,8.5,4.063077556736675,0.25449707952355083,15.132839741654802,False,0.09597930205735239,0.0,0.26410225276193583,-0.01083994339894259
200,9.0,7.123157339542966,0.4779845164007731,15.026032436056374,False,0.1630921444936519,0.0,0.2640388017329185,-0.010853555184878095
200,9.5,15.476670907857898,1.193523368494678,29.358338955123102,False,0.32218553523292875,0.0,0.2639670341445388,-0.010868975626374395
200,10.0,15.688617399181402,1.3315006916970722,28.856816263890614,False,0.30648321761871145,0.0,0.2638682758311698,-0.010890238165086271
200,10.5,7.29556237797563,0.6331183972117997,14.34278487149071,False,0.13958621798134324,0.0,0.2637644443889787,-0.010912646407863292
200,11.0,7.794397831236019,0.7033604738442714,14.245273643259223,False,0.1457126309268305,0.0,0.263687278795503,-0.010929335386963453
200,11.5,6.701171580369616,0.5932600381272576,14.275502755721236,False,0.12617170465918662,0.0,0.2636076089751067,-0.010946597883589537
200,12.0,8.584741884514623,0.8027002146379503,14.175634374419962,False,0.15790326147364137,0.0,0.2635322781023096,-0.010962950124879488
200,12.5,8.199631008108915,0.7884325744826064,14.081238304516896,False,0.1475978370391569,0.0,0.263449158818019,-0.010981026799767028
200,13.0,15.230903260233653,1.4605793031781205,14.073185512345383,False,0.27366584837822644,0.0,0.26336674001845195,-0.010998986210789978
200,13.5,14.867717689616011,1.508381357475838,13.906286344343174,False,0.2574344430387995,0.0,0.26325897151495176,-0.01102252225791532
200,14.0,15.567597640393377,1.6814777775990475,27.509378098551238,False,0.26094151903100793,0.0,0.2631495463632713,-0.011046481531153882
200,14.5,7.523914898443116,0.7982860215892534,13.808626518532769,False,0.12756458781070926,0.0,0.26303370886303373,-0.011071912469526117
200,15.0,13.733472499414056,1.4927793503171143,27.448382455781186,False,0.22872819173991413,0.0,0.2629515443182664,-0.01108999314784765
200,15.5,14.480643043050595,1.638403881734602,27.225715531512343,False,0.23567804811200854,0.0,0.26284317888953357,-0.011113893273934094
200,16.0,11.286067935608347,1.276971814914189,27.198925077957576,False,0.1831830173784304,0.0,0.2627294413539452,-0.011139044263578769
200,16.5,12.121830597785431,1.3262254172923953,27.40131052406982,False,0.20089657196924451,0.0,0.26262957372456386,-0.011161184107309088
200,17.0,10.107812886778111,1.0929184541139483,27.4377633187586,False,0.1681566167603104,0.0,0.2625279897491826,-0.011183758262304057
200,17.5,7.361211592279639,0.8171356891848455,27.274121373423288,False,0.1204028335821514,0.0,0.26243541184085034,-0.011204378468116187
200,18.0,7.5166993205998445,0.7913540443152203,27.51692424363091,False,0.1260939385535744,0.0,0.26235345121408427,-0.01122267166245629
200,18.5,6.119072304832437,0.646425122367127,27.522862134358924,False,0.10271281591512513,0.0,0.26227261960452447,-0.01124074773016987
200,19.0,2.8849601125580624,0.2852761657116772,13.935796141365874,False,0.050276036726508336,0.0,0.2621974379153717,-0.011257591472473676
200,19.5,2.929097993749538,0.274204739372105,14.066085671274502,False,0.05254517709224091,0.0,0.26213611096064865,-0.011271353467010695
200.0,20.0,0.0,0.0,0.0,0.0,0.0,0.0,0.262075352595,-0.0112850076395
200.0,20.5,0.0,0.0,0.0,0.0,0.0,0.0,0.262025147997,-0.0112963049456
200.0,21.0,0.0,0.0,0.0,0.0,0.0,0.0,0.261975090396,-0.0113075825921
200.0,21.5,0.0,0.0,0.0,0.0,0.0,0.0,0.261925179081,-0.0113188406398
200.0,22.0,0.0,0.0,0.0,0.0,0.0,0.0,0.261875413344,-0.0113300791498
200.0,22.5,0.0,0.0,0.0,0.0,0.0,0.0,0.261825792481,-0.0113412981832
200.0,23.0,0.0,0.0,0.0,0.0,0.0,0.0,0.261776315788,-0.0113524978013
200.0,23.5,0.0,0.0,0.0,0.0,0.0,0.0,0.261726982567,-0.0113636780655
200.0,24.0,0.0,0.0,0.0,0.0,0.0,0.0,0.261677792121,-0.0113748390372
201.0,0.5,0.0,0.0,0.0,0.0,0.0,0.0,0.261628743758,-0.011385980778
201.0,1.0,0.0,0.0,0.0,0.0,0.0,0.0,0.261579836788,-0.0113971033495
201.0,1.5,0.0,0.0,0.0,0.0,0.0,0.0,0.261531070524,-0.0114082068134
201.0,2.0,0.0,0.0,0.0,0.0,0.0,0.0,0.261482444283,-0.0114192912315
201.0,2.5,0.0,0.0,0.0,0.0,0.0,0.0,0.261433957384,-0.0114303566655
201.0,3.0,0.0,0.0,0.0,0.0,0.0,0.0,0.26138560915,-0.0114414031772
201.0,3.5,0.0,0.0,0.0,0.0,0.0,0.0,0.261337398907,-0.0114524308285
201.0,4.0,0.0,0.0,0.0,0.0,0.0,0.0,0.261289325985,-0.0114634396813
201.0,4.5,0.0,0.0,0.0,0.0,0.0,0.0,0.261241389715,-0.0114744297974
201.0,5.0,0.0,0.0,0.0,0.0,0.0,0.0,0.261193589435,-0.0114854012387
201,5.5,5.36777367111285,0.2157521362638453,16.06123543854311,False,0.17506953795845806,0.0,0.26114592448182167,-0.011496354066948268
201,6.0,10.68187905954948,0.563130859561424,31.099877548740142,False,0.2880068989546656,0.0,0.26109020641641023,-0.011509173183249757
201,6.5,12.44848170957516,0.7524593000242283,30.528835854601674,False,0.30602029506975187,0.0,0.26102143936187294,-0.011525017983538619
201,7.0,14.359100728337644,1.0285444777453183,29.81628541086356,False,0.317976066977665,0.0,0.2609456206676789,-0.011542517705594241
201,7.5,15.512626399546768,1.26321456880309,29.206575006632782,False,0.3166454369381848,0.0,0.26085945727367943,-0.011562443537550135
201,8.0,16.336217622345035,1.484944545321487,28.60475594062231,False,0.3095525918918294,0.0,0.2607645202385232,-0.011584445805738443
201,8.5,16.861332769456986,1.7831419689604309,27.744840780739082,False,0.29287118495537434,0.0,0.2606613000021741,-0.0116084243873877
201,9.0,17.25802075303797,2.084045824786505,26.957693855379716,False,0.275984515391243,0.0,0.2605468939975823,-0.011635070610401381
201,9.5,16.01104036606207,2.215546029807702,26.310808751071573,False,0.2402936211356655,0.0,0.26042119889013404,-0.011664430233090054
201,10.0,17.253507161119536,2.3916251822206798,26.208733183829032,False,0.2568158254098487,0.0,0.26029064292016096,-0.011695018752965027
201,10.5,16.48644597542738,2.440908369480607,25.871759761690328,False,0.23779084046213603,0.0,0.2601535337057377,-0.011727245608314356
201,11.0,16.577560486147124,2.5008214690825112,25.792342599441362,False,0.23741838597840728,0.0,0.2600146825406133,-0.011759989792310072
201,11.5,16.668966783299748,2.618982329128326,25.532969169513176,False,0.23361334520418797,0.0,0.2598736854200834,-0.011793351572441558
201,12.0,17.31977585225863,2.76164390636332,25.372247960589974,False,0.23918693790801066,0.0,0.2597283312510192,-0.011827862402657305
201,12.5,17.597890668883114,2.7809548467652503,25.40103116725981,False,0.24363571190249908,0.0,0.25957768964525374,-0.011863755654590708
201,13.0,17.563070255919445,2.8494781765800665,25.217872583812657,False,0.2392929705317599,0.0,0.25942644117234814,-0.011899924144701403
201,13.5,17.640144869603112,2.831993426396868,25.240114820617983,False,0.24127061576003594,0.0,0.2592727176502163,-0.011936819202529264
201,14.0,16.108904516019066,2.8460590182598238,24.80562941637063,False,0.21178105840192143,0.0,0.25911978251292234,-0.01197366036705524
201,14.5,15.29586073820997,2.8110141922209713,24.518414867460358,False,0.19639564050950956,0.0,0.25896643786454315,-0.012010736281678184
201,15.0,15.016697052133921,2.790641780993159,24.454541855864814,False,0.19194168808504006,0.0,0.25881454688680533,-0.012047595650322806
201,15.5,13.734237582112879,2.514125637854624,24.486446159827032,False,0.17585411161740255,0.0,0.25866355221194764,-0.0120843711751342
201,16.0,13.769568023500128,2.580757008939599,24.337288821141538,False,0.17418331589995434,0.0,0.25852317393670915,-0.012118681056486539
201,16.5,12.906087132101245,2.3905395606201507,24.363295421378208,False,0.1633777978070641,0.0,0.25838038909095246,-0.012153698261386079
201,17.0,12.105184434235944,2.2290392879739107,24.372107989428777,False,0.15332675259611855,0.0,0.2582449445396739,-0.012187026772676926
201,17.5,3.0056084987476166,0.5064910745969381,12.426037492286047,False,0.03935922654061646,0.0,0.25811574993773784,-0.012218918894926151
201.0,18.0,0.0,0.0,0.0,0.0,0.0,0.0,0.25805204645,-0.012234680915
201.0,18.5,0.0,0.0,0.0,0.0,0.0,0.0,0.258007684248,-0.0122456716716
201.0,19.0,0.0,0.0,0.0,0.0,0.0,0.0,0.271453772702,-0.00939187833776
201.0,19.5,0.0,0.0,0.0,0.0,0.0,0.0,0.289573413256,-0.00670175065927
201.0,20.0,0.0,0.0,0.0,0.0,0.0,0.0,0.294915065505,-0.00609156493826
201.0,20.5,0.0,0.0,0.0,0.0,0.0,0.0,0.294691326309,-0.00611575832197
201.0,21.0,0.0,0.0,0.0,0.0,0.0,0.0,0.294472661014,-0.00613951375376
201.0,21.5,0.0,0.0,0.0,0.0,0.0,0.0,0.295047318523,-0.00607731776817
201.0,22.0,0.0,0.0,0.0,0.0,0.0,0.0,0.294831050916,-0.0061006362165
201.0,22.5,0.0,0.0,0.0,0.0,0.0,0.0,0.294619426073,-0.00612355733881
201.0,23.0,0.0,0.0,0.0,0.0,0.0,0.0,0.294412209047,-0.00614610054197
201.0,23.5,0.0,0.0,0.0,0.0,0.0,0.0,0.294209182607,-0.0061682838156
201.0,24.0,0.0,0.0,0.0,0.0,0.0,0.0,0.294010145501,-0.00619012386758
202.0,0.5,0.0,0.0,0.0,0.0,0.0,0.0,0.293814910919,-0.00621163624382
202.0,1.0,0.0,0.0,0.0,0.0,0.0,0.0,0.293623305147,-0.0062328354343
202.0,1.5,0.0,0.0,0.0,0.0,0.0,0.0,0.293435166363,-0.00625373496714
202.0,2.0,0.0,0.0,0.0,0.0,0.0,0.0,0.293250343577,-0.00627434749254
202.0,2.5,0.0,0.0,0.0,0.0,0.0,0.0,0.293068695678,-0.00629468485763
202.0,3.0,0.0,0.0,0.0,0.0,0.0,0.0,0.292890090596,-0.00631475817351
202.0,3.5,0.0,0.0,0.0,0.0,0.0,0.0,0.292714404535,-0.00633457787545
202.0,4.0,0.0,0.0,0.0,0.0,0.0,0.0,0.292541521298,-0.00635415377699
202.0,4.5,0.0,0.0,0.0,0.0,0.0,0.0,0.292371331676,-0.00637349511876
202.0,5.0,0.0,0.0,0.0,0.0,0.0,0.0,0.292203732895,-0.00639261061255
202.0,5.5,0.0,0.0,0.0,0.0,0.0,0.0,0.292038628116,-0.00641150848125
202.0,6.0,0.0,0.0,0.0,0.0,0.0,0.00983692805315,0.291875925991,-0.00643019649506
202,6.5,6.599190698575454,0.23081083942045802,32.811295429343886,False,0.25062662536577673,0.21834934237773782,0.29171516693373,-0.0064487251047119975
202,7.0,4.829747913600645,0.18545836804017224,16.242719659917082,False,0.17018654815753645,0.1961524419541458,0.2923302663398099,-0.006378172522922404
202,7.5,15.260553288608747,0.6640684008061696,32.18478113410144,False,0.504162465906534,0.730242746874545,0.29215443833086047,-0.006398245903383603
202,8.0,15.173942374174036,0.8542025470588441,30.973103873234066,False,0.4005170284873413,0.6851028090812239,0.2919424275971346,-0.006422550269232456
202,8.5,17.18595587704435,1.1350233571945505,30.360793628967826,False,0.41178809402554695,1.1047575142381414,0.29172708555041743,-0.006447349219104882
202,9.0,15.890101534834917,1.1612620230669704,29.69661817345101,False,0.34611380896819444,0.7564439901376271,0.2914872578265621,-0.006475102369312885
202,9.5,17.444958585649765,1.5321445501080975,28.98069768095815,False,0.348841920878755,1.9389569824893758,0.29126168011202086,-0.0065013364882159684
202,10.0,7.97785577485658,0.5909724240832424,14.804311302794224,False,0.17170267626389743,0.4485150919591896,0.29176964445812203,-0.00644243907049299
202,10.5,18.484984658042983,1.3711583712894184,29.81900410267143,False,0.409496955753093,1.560706344447735,0.29236654685251434,-0.006374039907050979
202,11.0,18.408876657331987,1.3191700165713685,29.95538408011469,False,0.4157059395538236,1.3625830278939,0.29209795879589195,-0.006404709848265393
202,11.5,18.521522644875148,1.5628713351436512,29.050856383822712,False,0.37065734010367457,1.3792366924519346,0.29184093740214273,-0.006434223769397594
202,12.0,7.920529543356706,0.5078795526644008,15.148567560059364,False,0.18797929426366497,0.40884143791314603,0.29157604147955074,-0.006464811657096349
202,12.5,15.70736477392315,0.7641391850240877,31.613347065808316,False,0.4638746043341745,0.6988311409609445,0.29455096860273094,-0.0061309939336287814
202,13.0,17.646560291792984,1.0860817622663432,30.60954104509315,False,0.43928287831948853,1.0200598090949118,0.2943244455187868,-0.00615567816306207
202,13.5,17.489474654071927,1.149880426976444,30.27276091548838,False,0.4135767950301985,1.0094860848893872,0.29407598806811414,-0.006182888875564205
202,14.0,17.308284499470822,1.1567385588258787,30.18363482353154,False,0.4039405362443329,0.9967124095529053,0.2946179321537902,-0.006123719509826695
202,14.5,16.53669489163607,0.8730236284811878,31.272795781186623,False,0.4593273505820049,0.8373029666217393,0.2951566944227868,-0.006065565059250092
202,15.0,15.14341984997916,0.937157169267615,30.47522361206044,False,0.3692109663599021,0.6703468350241132,0.2972879329375863,-0.005841873173414583
202,15.5,6.587676390641645,0.32760384298180606,15.743710869928956,False,0.190105092268618,0.3581140120208574,0.2978280763574808,-0.005786750601987776
202,16.0,15.459537779966622,0.7490212098663662,31.678747735535396,False,0.46216698555890673,0.7993052988051077,0.30076625845569216,-0.005497532631219828
202,16.5,7.402215759014504,0.3135361126548242,32.08761491047489,False,0.23970969159082017,0.27610308213094403,0.3051517722374639,-0.005097223778218541
202,17.0,8.938640396136647,0.5151029223810599,15.344282115769522,False,0.2252991539804559,0.24864182287733957,0.3048660599201393,-0.005122222037612111
202,17.5,11.246139408779454,0.8568877677842869,29.473700559816947,False,0.237704951741108,0.7181829702285012,0.304579967371985,-0.005147400067601017
202,18.0,9.09509239823061,0.7218190356199129,29.20657506822105,False,0.18565002677528783,0.44520706733198157,0.30426894219782863,-0.005174939817886897
202,18.5,9.803978779415422,0.8439581797463784,28.762202617028287,False,0.18932480237798932,0.4737543565935,0.30397892164034485,-0.005200778020825219
202,19.0,8.63365864458238,0.7694930072654595,28.53749978284649,False,0.1622977241953535,0.3365342821677316,0.30368839255846475,-0.005226815791480942
202,19.5,4.734803623689683,0.3900654510957402,14.449885223232652,False,0.09298671432767598,0.11354683976462145,0.30341082297952365,-0.005251837311519287
202.0,20.0,0.0,0.0,0.0,0.0,0.0,0.0,0.303160779781,-0.00527449973879
202.0,20.5,0.0,0.0,0.0,0.0,0.0,0.0,0.302934272418,-0.00529512966334
202.0,21.0,0.0,0.0,0.0,0.0,0.0,0.0,0.302711966101,-0.00531547051079
202.0,21.5,0.0,0.0,0.0,0.0,0.0,0.0,0.302493654555,-0.00533553650834
202.0,22.0,0.0,0.0,0.0,0.0,0.0,0.0,0.302279146374,-0.00535534089086
202.0,22.5,0.0,0.0,0.0,0.0,0.0,0.0,0.302068263624,-0.00537489599191
202.0,23.0,0.0,0.0,0.0,0.0,0.0,0.0,0.301860840603,-0.00539421332459
202.0,23.5,0.0,0.0,0.0,0.0,0.0,0.0,0.301656722744,-0.00541330365335
202.0,24.0,0.0,0.0,0.0,0.0,0.0,0.0,0.301455765639,-0.00543217705816
203.0,0.5,0.0,0.0,0.0,0.0,0.0,0.0,0.301257834163,-0.00545084299181
203.0,1.0,0.0,0.0,0.0,0.0,0.0,0.0,0.301062801696,-0.00546931033139
203.0,1.5,0.0,0.0,0.0,0.0,0.0,0.0,0.300870549423,-0.00548758742445
203.0,2.0,0.0,0.0,0.0,0.0,0.0,0.0,0.300680965705,-0.00550568213066
203.0,2.5,0.0,0.0,0.0,0.0,0.0,0.0,0.300493945512,-0.00552360185937
203.0,3.0,0.0,0.0,0.0,0.0,0.0,0.0,0.300309389911,-0.00554135360362
203.0,3.5,0.0,0.0,0.0,0.0,0.0,0.0,0.300127205604,-0.00555894397092
203.0,4.0,0.0,0.0,0.0,0.0,0.0,0.0,0.299947304509,-0.00557637921125
203.0,4.5,0.0,0.0,0.0,0.0,0.0,0.0,0.299769603378,-0.00559366524252
203.0,5.0,0.0,0.0,0.0,0.0,0.0,0.0,0.299594023449,-0.00561080767375
203.0,5.5,0.0,0.0,0.0,0.0,0.0,0.0,0.299420490135,-0.00562781182625
203.0,6.0,0.0,0.0,0.0,0.0,0.0,0.0,0.29924893273,-0.00564468275302
203,6.5,3.5959946919349566,0.23586199011021622,15.042885401223135,False,0.08273542973583173,0.09217674272663406,0.2990792841490312,-0.005661425256439946
203,7.0,2.801650776604582,0.19249387339393817,14.916312221007127,False,0.062182774042216594,0.01702472185575375,0.29889903163294185,-0.005679279128179669
203,7.5,4.273206056111645,0.2949588481590492,14.912677363516579,False,0.09474791446118286,0.09937624162104404,0.298725061517864,-0.005696574386302521
203,8.0,3.641870735243173,0.24579924147829818,14.955329707680585,False,0.08172123896199016,0.053765317803771556,0.29854580459758256,-0.005714460917826805
203.0,8.5,0.0,0.0,0.0,0.0,0.0,0.0,0.298371816356,-0.00573188576184
203,9.0,2.3814358364167822,0.13917734225611578,15.275242915947073,False,0.05873921480870373,0.0,0.29821081647929976,-0.005748066247678859
203,9.5,7.65012034362734,0.5198459163781471,15.009792450655414,False,0.17434250384966243,0.4181615270620006,0.29804610493635364,-0.0057646761058326
203,10.0,6.661377695173641,0.5698276714935743,14.38003771456196,False,0.12860477147473162,0.2622006405322554,0.2978526004276958,-0.005784262619906224
203,10.5,18.05546693345437,1.6403144610126454,28.588358349652147,False,0.3414634488391066,1.212967210153653,0.2976645950839988,-0.005803368497706613
203,11.0,18.047473611855235,1.7623031200293178,28.180507958086856,False,0.3255285648867644,1.1888595856982107,0.29740131728428504,-0.005830250405149584
203,11.5,16.922424375039807,1.9872336837542535,27.062800120067593,False,0.2709036250037763,0.9343963452069816,0.2971357176413518,-0.005857519850661144
203,12.0,18.249560680226722,2.240181122606602,26.860521370947197,False,0.286320899838875,1.3533535413100468,0.29687259212442996,-0.005884685255891354
203,12.5,18.29865516041712,2.3333230560700002,26.642679163412176,False,0.28105285647530337,1.4309930726415558,0.29658528366820414,-0.005914518958984074
203,13.0,18.182664008106386,2.3139662582603653,26.65345063494134,False,0.2795620649046854,1.430149025465498,0.2962927740548585,-0.005945078061746512
203,13.5,18.01794717477053,2.4061562299580426,26.336461794641444,False,0.2707701849273294,1.5889727027091678,0.29600227689148784,-0.005975613288314991
203,14.0,17.18382055219771,2.441274774795093,26.00023195481457,False,0.2499825684026361,1.8659977468207913,0.29570346701363165,-0.00600721746246598
203,14.5,17.227756360618372,2.344640609061344,26.25610761919932,False,0.25508406634537767,1.4420020766063544,0.2953939934481163,-0.006040159674219711
203,15.0,14.829871902296745,2.1792428383404454,25.84061358121664,False,0.2125279911737329,1.9516864047711813,0.29510543022325203,-0.006071070148443392
203,15.5,14.579158211879438,2.0608314063981044,26.06943428742268,False,0.21328611829407024,1.8087665925602696,0.29480492546389914,-0.006103460330941656
203,16.0,14.306208521610609,2.0236590427718064,26.037075871429472,False,0.20852036078483022,1.6207453731473083,0.2945154352587412,-0.0061348581938375415
203,16.5,13.04272554574959,1.7264315820236782,26.41976040724601,False,0.19610520069955623,1.044354924326656,0.29423556230591974,-0.0061653961052424945
203,17.0,13.345866759604636,1.7672566665710423,26.381343270490312,False,0.20064801273046984,1.0847201974011713,0.2939898895269489,-0.006192351687463593
203,17.5,11.798081317853981,1.5013534712030259,26.61318218908096,False,0.18069458102114996,0.7265848841976897,0.2937421583168407,-0.006219675432096103
203,18.0,11.29973451978837,1.4463436001014356,26.54549389874015,False,0.17194160465738037,0.5789583643007074,0.29351910940522163,-0.006244399793837716
203,18.5,6.64323260841682,0.7824540093205494,26.994732343397374,False,0.10562506730857038,0.17551026272035702,0.29330472888814485,-0.006268273728346921
203,19.0,2.3618305879319665,0.257142422808459,13.694086505024915,False,0.03908940368146289,0.01741888727842207,0.2931318113238251,-0.006287609515232579
203.0,19.5,0.0,0.0,0.0,0.0,0.0,0.0,0.292985766451,-0.00630399575326
203.0,20.0,0.0,0.0,0.0,0.0,0.0,0.0,0.292851059601,-0.00631915499249
203.0,20.5,0.0,0.0,0.0,0.0,0.0,0.0,0.292717252802,-0.0063342559628
203.0,21.0,0.0,0.0,0.0,0.0,0.0,0.0,0.292584328397,-0.00634929994064
203.0,21.5,0.0,0.0,0.0,0.0,0.0,0.0,0.292452269416,-0.00636428814749
203.0,22.0,0.0,0.0,0.0,0.0,0.0,0.0,0.292321059539,-0.00637922175271
203.0,22.5,0.0,0.0,0.0,0.0,0.0,0.0,0.292190683067,-0.0063941018762
203.0,23.0,0.0,0.0,0.0,0.0,0.0,0.0,0.292061124889,-0.0064089295909
203.0,23.5,0.0,0.0,0.0,0.0,0.0,0.0,0.291932370448,-0.00642370592515
203.0,24.0,0.0,0.0,0.0,0.0,0.0,0.0,0.291804405721,-0.00643843186497
204.0,0.5,0.0,0.0,0.0,0.0,0.0,0.0,0.291677217186,-0.00645310835611
204.0,1.0,0.0,0.0,0.0,0.0,0.0,0.0,0.291550791801,-0.00646773630606
204.0,1.5,0.0,0.0,0.0,0.0,0.0,0.0,0.29142511698,-0.00648231658592
204.0,2.0,0.0,0.0,0.0,0.0,0.0,0.0,0.291300180569,-0.00649685003221
204.0,2.5,0.0,0.0,0.0,0.0,0.0,0.0,0.291175970831,-0.00651133744849
204.0,3.0,0.0,0.0,0.0,0.0,0.0,0.0,0.291052476418,-0.006525779607
204.0,3.5,0.0,0.0,0.0,0.0,0.0,0.0,0.290929686361,-0.00654017725012
204.0,4.0,0.0,0.0,0.0,0.0,0.0,0.0,0.290807590046,-0.00655453109181
204.0,4.5,0.0,0.0,0.0,0.0,0.0,0.0,0.290686177201,-0.00656884181895
204.0,5.0,0.0,0.0,0.0,0.0,0.0,0.0,0.29056543788,-0.00658311009263
204.0,5.5,0.0,0.0,0.0,0.0,0.0,0.0,0.290445362448,-0.00659733654934
204,6.0,2.682714788420213,0.15996377952668733,15.27415779320158,False,0.06614814083669704,0.04640928763758842,0.2903259415638467,-0.006611521802121521
204,6.5,4.1242247975204585,0.2462210280942825,15.295427025052502,False,0.10236663467243536,0.12941949130941244,0.29019933432668066,-0.006626600381570972
204,7.0,4.459282961418791,0.26812869794193134,15.269822994393673,False,0.10980572227747043,0.12043996295585864,0.2900669401078625,-0.006642412021651993
204,7.5,5.679566911861802,0.3450828620115849,15.271447441940683,False,0.13992445501727693,0.20097930178083356,0.2899346834510036,-0.00665825213508769
204,8.0,5.763758059169047,0.3386364591006076,15.336427705680634,False,0.14491530111522888,0.17765310427062375,0.2897970698305881,-0.006674781642957098
204,8.5,9.609666535601356,0.5888472819613322,30.594145036205667,False,0.23864232553352227,0.36779159893885105,0.28966119794542333,-0.006691149932089309
204,9.0,14.226895549724663,0.933441540708829,15.123260276406926,False,0.33511882401131393,0.42591123124275027,0.2895092188794602,-0.00670951532921356
204,9.5,15.473698053317108,1.1052751821221538,29.807235818998485,False,0.3422272259565865,0.5253964045353057,0.289342553299393,-0.006729724559276402
204,10.0,15.200038269787694,1.1206757707222008,29.638040443961522,False,0.32844867550005175,0.4900005661369682,0.28916618025413277,-0.006751189916480746
204,10.5,10.698961472041695,0.8431982291097694,29.332401302453945,False,0.22197215745816998,0.408440685199101,0.2889911479096626,-0.0067725728012263
204,11.0,8.625614816934537,0.7203594600294632,14.503577311399757,False,0.17167415164210845,0.36743519051854423,0.28883031590264613,-0.006792292070375745
204,11.5,16.671688894795643,1.5021468483893918,28.605440761279855,False,0.31593515943849737,0.575893010368971,0.28867626984975053,-0.00681124350038448
204,12.0,8.11712476496911,0.7526137321655844,14.202315612671521,False,0.15022906609346173,0.286510904095518,0.288485205477612,-0.006834836692557493
204,12.5,8.419236192429386,0.7545490238582586,14.304774951933625,False,0.15962602365509423,0.31338758440565745,0.2883341228534124,-0.006853561782810445
204,13.0,15.962440176281106,1.5257169969890774,28.26096064941384,False,0.2905707189422407,0.4781723492781321,0.2881824954792058,-0.006872415875353568
204,13.5,10.421010414393807,1.0037559319600993,28.233144102976865,False,0.18909594441793173,0.3355938496806337,0.28799589125972985,-0.006895704056154714
204,14.0,15.919411812200442,1.6714244966106948,27.735601578493274,False,0.27335439035759335,0.45358201353055105,0.2878350427965915,-0.006915853409278467
204,14.5,17.20576073706791,2.015085428293838,27.163273007067758,False,0.27825278588984426,0.6076097029667579,0.2876449093587233,-0.006939761810052728
204,15.0,15.311759066959725,1.8635817278537066,26.883099536607517,False,0.24076528558454133,0.3891022959719635,0.2874364136038368,-0.0069660924827401015
204,15.5,6.357958553441073,0.7087334951934575,13.687274250431523,False,0.10507825233706522,0.14895091664843962,0.2872424791082306,-0.0069906911488438256
204,16.0,4.325262777689439,0.405672362936219,14.15054437634683,False,0.07909769980959303,0.05718217619609934,0.28710199867731734,-0.007008574348683996
204,16.5,2.0394403145335547,0.15625502250832626,14.667413293813915,False,0.042325808649985114,0.00023386870340721467,0.28697701058770975,-0.007024531207425913
204,17.0,3.179160024036241,0.20639037152223946,15.087859353793482,False,0.07410913166567762,0.03833466615364433,0.28686415241249547,-0.007038976677072878
204.0,17.5,0.0,0.0,0.0,0.0,0.0,0.0,0.287540434545,-0.00695294095511
204.0,18.0,0.0,0.0,0.0,0.0,0.0,0.0,0.289014362624,-0.00676973213126
204.0,18.5,0.0,0.0,0.0,0.0,0.0,0.0,0.289688951636,-0.00668780260198
204.0,19.0,0.0,0.0,0.0,0.0,0.0,0.0,0.292733676117,-0.00633240017154
204.0,19.5,0.0,0.0,0.0,0.0,0.0,0.0,0.298919189129,-0.00567727921571
204.0,20.0,0.0,0.0,0.0,0.0,0.0,0.0,0.299529864478,-0.00561708733011
204.0,20.5,0.0,0.0,0.0,0.0,0.0,0.0,0.300136443861,-0.00555805039348
204.0,21.0,0.0,0.0,0.0,0.0,0.0,0.0,0.299949540252,-0.00557616213325
204.0,21.5,0.0,0.0,0.0,0.0,0.0,0.0,0.299764892564,-0.00559412435897
204.0,22.0,0.0,0.0,0.0,0.0,0.0,0.0,0.299582421729,-0.00561194258988
204.0,22.5,0.0,0.0,0.0,0.0,0.0,0.0,0.299402052934,-0.00562962205334
204.0,23.0,0.0,0.0,0.0,0.0,0.0,0.0,0.299223715355,-0.0056471677021
204.0,23.5,0.0,0.0,0.0,0.0,0.0,0.0,0.2990473419,-0.00566458423076
204.0,24.0,0.0,0.0,0.0,0.0,0.0,0.0,0.298872868969,-0.0056818760913
205.0,0.5,0.0,0.0,0.0,0.0,0.0,0.0,0.305801294987,-0.00504093289761
205.0,1.0,0.0,0.0,0.0,0.0,0.0,0.0,0.310295325183,-0.00467111127547
205.0,1.5,0.0,0.0,0.0,0.0,0.0,0.0,0.310020248365,-0.00469279803099
205.0,2.0,0.0,0.0,0.0,0.0,0.0,0.0,0.309750654451,-0.0047141690205
205.0,2.5,0.0,0.0,0.0,0.0,0.0,0.0,0.309486227279,-0.00473524317659
205.0,3.0,0.0,0.0,0.0,0.0,0.0,0.0,0.309226676611,-0.00475603793933
205.0,3.5,0.0,0.0,0.0,0.0,0.0,0.0,0.308971735377,-0.00477656941112
205.0,4.0,0.0,0.0,0.0,0.0,0.0,0.0,0.308721157271,-0.00479685249176
205.0,4.5,0.0,0.0,0.0,0.0,0.0,0.0,0.308474714662,-0.00481690099649
205.0,5.0,0.0,0.0,0.0,0.0,0.0,0.0,0.309019813836,-0.00477268938659
205.0,5.5,0.0,0.0,0.0,0.0,0.0,0.0,0.308773141326,-0.00479263621167
205.0,6.0,0.0,0.0,0.0,0.0,0.0,0.00414694909116,0.3124657097,-0.00450412411006
205.0,6.5,0.0,0.0,0.0,0.0,0.0,0.0,0.313757055681,-0.00440814369085
205,7.0,3.6426248522108757,0.11705606516933725,16.502948824452137,False,0.14508132616767433,0.09624470906032893,0.3134629812060839,-0.004429785018044862
205,7.5,2.6704573667068017,0.08451614918509744,16.481010842331038,False,0.10520537408365363,0.03439171032682694,0.3139526851869187,-0.0043938168194803855
205,8.0,12.979751837261977,0.481529284118861,16.432807297901054,False,0.49942662788576137,0.4598114846479352,0.31365592675419485,-0.004415571660423714
205,8.5,9.67096988171936,0.381436662976361,32.64214026485702,False,0.35303116229129927,0.48071178771641515,0.31333337091086033,-0.0044393633883952725
205,9.0,15.384566434289065,0.6568788231686619,32.21209170657751,False,0.511158633332329,0.6832378843163402,0.3130189012593132,-0.004462705864243439
205,9.5,18.122734351120556,1.0051001342751782,31.417393315346217,False,0.5225144324019542,1.5271803092194165,0.3126910681736947,-0.0044871961452938505
205,10.0,18.354165881837897,1.391766405268572,29.70123047632088,False,0.403873376078584,1.6368340066401708,0.31232248726879075,-0.004514921914453766
205,10.5,18.50260561923713,1.6084579456921737,28.91844742889225,False,0.36751790398093886,1.639201897089602,0.3119393072574824,-0.004543962555817507
205,11.0,18.535084321139262,1.85824141473423,28.115498194233698,False,0.33469503122059296,1.7856769182296413,0.3115518116289278,-0.004573556891189344
205,11.5,18.343246899413778,2.059577545115519,27.504044896568033,False,0.30987062201888815,2.0346804124475715,0.31115305524642023,-0.004604251325371257
205,12.0,17.777780072112563,1.8331566734823879,27.87858550955718,False,0.310049902203848,1.123823249029317,0.3107407817291945,-0.004636244668440122
205,12.5,17.622868197221273,1.9115877276985345,27.577189640088957,False,0.2975174223954211,1.0948438414011865,0.3103750522666137,-0.004664848013571546
205,13.0,18.26346825841447,2.0971210881081537,27.311659143639908,False,0.2998817971531569,1.4697197823807326,0.3100106567534027,-0.004693556385093612
205,13.5,18.048497245802903,2.178760332832026,27.013595774588072,False,0.28750683022766255,1.530404773846614,0.3096280448563439,-0.0047239267606424325
205,14.0,16.389016688430324,2.065886903771924,26.830252406598895,False,0.2580945979907234,2.1167232393201525,0.30924293653706564,-0.0047547320309918335
205,14.5,16.52304316721235,2.09195025219677,26.870123576771064,False,0.260938804221053,2.603599378144047,0.30884263152114017,-0.004787006952266181
205,15.0,16.675102133153047,1.9442316680464253,27.164773788336127,False,0.2697120868862661,1.1169305622911418,0.3084255078092183,-0.004820916001929469
205,15.5,15.369561530612526,1.9178160554870853,26.89763330234608,False,0.2434155102906183,2.0351632651142975,0.3080729432687518,-0.004849800236495441
205,16.0,14.85026456416151,1.8692469377192764,26.72725660889101,False,0.22996620073879837,1.1500216256219322,0.30768896470894946,-0.004881492996544384
205,16.5,13.836911149098983,1.6274887917098066,27.097205029882918,False,0.22227858514487547,0.9283738382293407,0.3073427553587721,-0.004910280118032889
205,17.0,11.734176857193185,1.2976475008872772,27.375595136286783,False,0.1939523308947537,0.4618459027337302,0.30701637934451015,-0.004937603507647637
205,17.5,10.661995780586642,1.238657263813044,27.104116222911745,False,0.17139580058252035,0.4664615907638781,0.3067223917146333,-0.00496237062779841
205,18.0,8.420591383550322,0.979955503860585,27.07751455168554,False,0.13500143243778046,0.2827827753186305,0.3064325592221489,-0.0049869327270177
205,18.5,6.00365698374237,0.6520161213062416,27.45689571835899,False,0.10007888334672585,0.15143503922377882,0.3061615378193773,-0.005010031824678697
205,19.0,2.8081853915332204,0.27680976280060854,13.972483610867002,False,0.04933464415722093,0.052921247190718335,0.3059099054613406,-0.005031592607617352
205.0,19.5,0.0,0.0,0.0,0.0,0.0,0.0,0.305678150972,-0.00505154804564
205.0,20.0,0.0,0.0,0.0,0.0,0.0,0.0,0.305460755376,-0.00507035286804
205.0,20.5,0.0,0.0,0.0,0.0,0.0,0.0,0.305245154729,-0.00508908485992
205.0,21.0,0.0,0.0,0.0,0.0,0.0,0.0,0.305031301942,-0.00510774650367
205.0,21.5,0.0,0.0,0.0,0.0,0.0,0.0,0.304819153186,-0.00512634006539
205.0,22.0,0.0,0.0,0.0,0.0,0.0,0.0,0.304608667607,-0.0051448676137
205.0,22.5,0.0,0.0,0.0,0.0,0.0,0.0,0.304399807064,-0.00516333103689
205.0,23.0,0.0,0.0,0.0,0.0,0.0,0.0,0.304192535897,-0.00518173205859
205.0,23.5,0.0,0.0,0.0,0.0,0.0,0.0,0.303986820709,-0.00520007225201
205.0,24.0,0.0,0.0,0.0,0.0,0.0,0.0,0.303782630174,-0.00521835305301
206.0,0.5,0.0,0.0,0.0,0.0,0.0,0.0,0.303579934856,-0.00523657577204
206.0,1.0,0.0,0.0,0.0,0.0,0.0,0.0,0.303378707054,-0.00525474160501
206.0,1.5,0.0,0.0,0.0,0.0,0.0,0.0,0.303178920652,-0.00527285164332
206.0,2.0,0.0,0.0,0.0,0.0,0.0,0.0,0.302980550983,-0.00529090688295
206.0,2.5,0.0,0.0,0.0,0.0,0.0,0.0,0.302783574712,-0.0053089082329
206.0,3.0,0.0,0.0,0.0,0.0,0.0,0.0,0.302587969724,-0.00532685652278
206.0,3.5,0.0,0.0,0.0,0.0,0.0,0.0,0.302393715019,-0.0053447525099
206.0,4.0,0.0,0.0,0.0,0.0,0.0,0.0,0.302200790626,-0.00536259688569
206.0,4.5,0.0,0.0,0.0,0.0,0.0,0.0,0.302009177512,-0.00538039028162
206.0,5.0,0.0,0.0,0.0,0.0,0.0,0.0,0.301818857512,-0.00539813327458
206.0,5.5,0.0,0.0,0.0,0.0,0.0,0.0,0.301629813253,-0.00541582639191
206,6.0,2.650682153012821,0.0733360519168599,16.72361875193127,False,0.11868825302737301,0.058528692594591314,0.3014420280920463,-0.005433470115891624
206,6.5,3.7533246571841867,0.11556860796610113,16.596527437605836,False,0.15683961795868234,0.12638461100669196,0.301250481799784,-0.005451537827420374
206,7.0,4.553360160690717,0.16169565253058196,16.369838762738137,False,0.17002226251932945,0.16921754008618847,0.3010559854324239,-0.005469957100469082
206,7.5,5.765140549117815,0.2624414238456536,15.937403985918,False,0.17894353753775194,0.2912124338013358,0.30085932603330207,-0.005488656659163199
206,8.0,14.94595198532311,0.8686039457416231,30.811926671747525,False,0.384223914781461,0.6577216715719234,0.30065541237493804,-0.005508126486197259
206,8.5,16.91442693161077,1.3649081810469588,29.290591698403986,False,0.35201885659611676,1.335369399274199,0.3004157708380635,-0.005531112918081171
206,9.0,17.252881217144008,1.7174307755799887,28.086171985758686,False,0.3079028029382277,1.0933223010532205,0.30013274952437513,-0.005558407710496959
206,9.5,17.695133284959624,1.9476709429232897,27.538551538009724,False,0.2975174688946324,1.196621737449117,0.29984669440068,-0.005586158317243619
206,10.0,7.476625258412304,0.7667236895397803,13.900830952157337,False,0.12930416221355506,0.31624168487340204,0.29954912766842373,-0.005615201036935239
206,10.5,18.0931200385429,1.9343481239046065,27.707415550819,False,0.30973708626019525,1.1066895406869464,0.2993309222343074,-0.005636612412059762
206,11.0,17.78734634222282,1.9807518111347004,27.430344003753802,False,0.2956862268750563,0.9240565097125103,0.29903953024973745,-0.005665357094608753
206,11.5,16.372022699287555,1.74208493419397,27.641015006961325,False,0.27828503168792007,0.6416712792217875,0.29875441882433823,-0.0056936514297269945
206,12.0,17.94255742988983,2.1473674093852853,27.019900396077656,False,0.2859998000778835,0.8945421280089437,0.29849018071820255,-0.005720024752211657
206,12.5,17.77436694311452,2.386648375002901,26.42514372962286,False,0.2695379942607472,1.4857191612110856,0.2982020541679303,-0.005748948420321681
206,13.0,18.0761870984636,2.3924084276715156,26.387699013063305,False,0.27348982903403796,0.9283307325825899,0.2978834894910993,-0.005781130718705978
206,13.5,17.877478347977842,2.4713457805821974,26.153310881144087,False,0.26451854149217985,0.9583734187228536,0.2975869262982444,-0.0058112834620633125
206,14.0,17.362221322261668,2.403986327873901,26.14812502447308,False,0.2545169827500947,0.6825137217402258,0.2972872842534099,-0.005841939747915862
206,14.5,16.720107151515442,2.317802795703917,26.115471847407544,False,0.24436877332700324,0.5470634711526028,0.29700171421509686,-0.005871335816884229
206,15.0,16.28080482781034,2.210355225316919,26.239590522276266,False,0.24069292856633423,0.4853763391929626,0.29672559213698374,-0.005899927068821841
206,15.5,15.80550321764522,2.0972226297252066,26.38734658919405,False,0.2369193899037771,0.4589270149553325,0.2964569159718605,-0.00592790670500969
206,16.0,13.660228133285514,1.87817954543655,26.220853948262963,False,0.2027387389313265,0.5548227074767116,0.2961945546506715,-0.005955381417141042
206,16.5,13.285871379642579,1.7900882033410024,26.318136255643264,False,0.1978605755717756,0.37617261228917837,0.2959378750989598,-0.0059824080818083655
206,17.0,11.90633722713299,1.5354771798428655,26.497413212813747,False,0.18034252968179948,0.17810782760462607,0.29569231746703584,-0.0060084005637371955
206,17.5,7.252960734081178,0.843670431768479,27.068190240844373,False,0.1161724599126044,0.055706801146032575,0.29546492885879827,-0.006032589911726513
206,18.0,6.630555665319064,0.726522781656318,27.396051183130922,False,0.10982882521121917,0.045454701625293775,0.29526942043089877,-0.006053480698477822
206,18.5,3.6880597413671903,0.379301718269488,13.866952852296626,False,0.0633165854418934,0.023608915077254513,0.29507971901696173,-0.006073833429538829
206.0,19.0,0.0,0.0,0.0,0.0,0.0,0.0,0.294904987154,-0.00609265227585
206.0,19.5,0.0,0.0,0.0,0.0,0.0,0.0,0.29474650061,-0.00610978159144
206.0,20.0,0.0,0.0,0.0,0.0,0.0,0.0,0.294588960454,-0.00612686551773
206.0,20.5,0.0,0.0,0.0,0.0,0.0,0.0,0.294432358296,-0.00614390416413
206.0,21.0,0.0,0.0,0.0,0.0,0.0,0.0,0.294276685849,-0.00616089764035
206.0,21.5,0.0,0.0,0.0,0.0,0.0,0.0,0.29412193492,-0.00617784605666
206.0,22.0,0.0,0.0,0.0,0.0,0.0,0.0,0.293968097412,-0.00619474952413
206.0,22.5,0.0,0.0,0.0,0.0,0.0,0.0,0.293815165315,-0.00621160815477
206.0,23.0,0.0,0.0,0.0,0.0,0.0,0.0,0.293663130706,-0.00622842206174
206.0,23.5,0.0,0.0,0.0,0.0,0.0,0.0,0.293511985749,-0.00624519135945
206.0,24.0,0.0,0.0,0.0,0.0,0.0,0.0,0.293361722686,-0.00626191616368
207.0,0.5,0.0,0.0,0.0,0.0,0.0,0.0,0.294002913445,-0.00619091916373
207.0,1.0,0.0,0.0,0.0,0.0,0.0,0.0,0.293849248106,-0.00620784627342
207.0,1.5,0.0,0.0,0.0,0.0,0.0,0.0,0.294487010586,-0.00613795147358
207.0,2.0,0.0,0.0,0.0,0.0,0.0,0.0,0.297490249236,-0.00582115347191
207.0,2.5,0.0,0.0,0.0,0.0,0.0,0.0,0.29968007898,-0.00560239798706
207.0,3.0,0.0,0.0,0.0,0.0,0.0,0.0,0.30027356041,-0.00554480779004
207.0,3.5,0.0,0.0,0.0,0.0,0.0,0.0,0.300073378967,-0.00556415379898
207.0,4.0,0.0,0.0,0.0,0.0,0.0,0.0,0.299875295735,-0.00558337624622
207.0,4.5,0.0,0.0,0.0,0.0,0.0,0.0,0.299679252439,-0.00560247868849
207.0,5.0,0.0,0.0,0.0,0.0,0.0,0.0,0.300274338927,-0.00554473270892
207.0,5.5,0.0,0.0,0.0,0.0,0.0,0.0,0.300075722471,-0.00556392685238
207.0,6.0,0.0,0.0,0.0,0.0,0.0,0.0,0.299879166313,-0.00558299987933
207.0,6.5,0.0,0.0,0.0,0.0,0.0,0.00440301647097,0.299684614171,-0.00560195520705
207,7.0,3.1726477069448613,0.09618163533566884,16.57778293239791,False,0.131282151455357,0.0761553937545133,0.2994918454680914,-0.0056208124495851835
207,7.5,3.1519241210978595,0.09587560356999543,16.560430964771314,False,0.12925780470036843,0.06955596091928613,0.2992946033379571,-0.00564018563428446
207,8.0,4.438298119253255,0.14023151960458138,16.54215060526076,False,0.18031151175283747,0.14245984187353694,0.29909947449094204,-0.00565942958643383
207,8.5,5.798002267220526,0.1991172422321815,16.45617853016427,False,0.22564290899622083,0.2404807632261171,0.2989017006969761,-0.005679014270567402
207,9.0,7.298038936098164,0.2894673885951429,16.274734961243798,False,0.2608619268741743,0.39432314641380806,0.2986997333220793,-0.0056990976217182795
207,9.5,8.259244405247374,0.3861700869697297,15.986181496107559,False,0.26133204427756634,0.5336823997058713,0.2984902178238065,-0.005720021038535556
207,10.0,8.669459772014301,0.4798497208891114,15.604550571153254,False,0.23815643356545313,0.5976444407378526,0.29827342257493805,-0.0057417678773736625
207,10.5,10.840034443791094,0.678206016755765,30.579902734992686,False,0.2685995684363241,0.6375317208041795,0.29805228518841775,-0.0057640518444695985
207,11.0,16.568918443633414,1.282129048301407,29.428007970649933,False,0.3480969941187534,0.8785516681286762,0.2978237100365736,-0.005787193701648027
207,11.5,18.728612931402363,1.813045141897529,28.258904840685737,False,0.344070169935908,1.392957569589649,0.2975646376625682,-0.005813557196481557
207,12.0,18.7564179267903,2.1523631887221124,27.350916568551625,False,0.311759460533365,1.7725515555021139,0.297267429900287,-0.00584397783884506
207,12.5,16.61287033062978,2.3269968087263058,26.30326111615831,False,0.24897795776082376,2.253513346632903,0.29694444156648314,-0.0058772525594130735
207,13.0,16.49357804983058,2.529443294686026,25.673196582035708,False,0.23326155641675383,1.9796244396332254,0.2965980443885744,-0.005913190085264495
207,13.5,16.546010205298685,2.6772990451659036,25.281228933611388,False,0.22607949417146708,1.6542781419651502,0.2962557994967874,-0.00594895425088603
207,14.0,15.353614059640545,2.600860478956273,25.063224866737954,False,0.20578716473535802,1.7816157899088714,0.2959217026425098,-0.005984115823363922
207,14.5,14.63567853303956,2.5864855934500404,24.784782665446826,False,0.19179470671161664,1.4902137490221916,0.2955870587668171,-0.0060195834735001855
207,15.0,14.271493774719183,2.57775870536607,24.605430245024216,False,0.18411013568929305,1.269111316935633,0.29526537704799394,-0.006053913657596895
207,15.5,13.983325363531993,2.5011055832479188,24.653442300090198,False,0.18104363350925903,1.072822699227057,0.29495374959087467,-0.006087393518847625
207,16.0,13.553810113696283,2.4341418043050043,24.591968267526305,False,0.17448277437652626,0.8613066811417313,0.29465378774101975,-0.006119828652136114
207,16.5,13.125244073064092,2.2955696877158314,24.734747260308243,False,0.17087585556901713,0.6801995126821453,0.2943656777692036,-0.006151176280506429
207,17.0,12.499506272169583,2.195719973045527,24.67582875455322,False,0.16188627664658473,0.5155185194447041,0.29409096012071867,-0.006181245104788975
207,17.5,11.91296422239291,1.930626601939029,25.177479195538766,False,0.16029722593074153,0.377096364144022,0.29382751961934356,-0.0062102442370708675
207,18.0,10.844615616644987,1.6172960654070647,25.6488957424324,False,0.15198205252598765,0.25325870671896566,0.29358060918428724,-0.006237571037269309
207,18.5,9.159830488106318,1.3034328875768877,25.89478474388322,False,0.13121295223312265,0.1530869550966961,0.29335148509080455,-0.006263057584354681
207,19.0,6.54841481642614,0.8844814834826923,26.164332133879185,False,0.09613836656813009,0.07291437763762433,0.2931392492618984,-0.006286776337394516
207,19.5,3.8520379643930953,0.48922537701001145,13.241541234624146,False,0.05826642113856442,0.015269869736848874,0.29294711129027756,-0.00630834137576413
207.0,20.0,0.0,0.0,0.0,0.0,0.0,0.0,0.292773298077,-0.00632792566066
207.0,20.5,0.0,0.0,0.0,0.0,0.0,0.0,0.292619749289,-0.00634528695571
207.0,21.0,0.0,0.0,0.0,0.0,0.0,0.0,0.292467301564,-0.00636257992964
207.0,21.5,0.0,0.0,0.0,0.0,0.0,0.0,0.292315937634,-0.00637980554675
207.0,22.0,0.0,0.0,0.0,0.0,0.0,0.0,0.292165640733,-0.00639696473972
207.0,22.5,0.0,0.0,0.0,0.0,0.0,0.0,0.292016394577,-0.00641405841116
207.0,23.0,0.0,0.0,0.0,0.0,0.0,0.0,0.291868183337,-0.00643108743504
207.0,23.5,0.0,0.0,0.0,0.0,0.0,0.0,0.291720991628,-0.00644805265811
207.0,24.0,0.0,0.0,0.0,0.0,0.0,0.0,0.291574804478,-0.00646495490117
208.0,0.5,0.0,0.0,0.0,0.0,0.0,0.0,0.291429607324,-0.00648179496033
208.0,1.0,0.0,0.0,0.0,0.0,0.0,0.0,0.291285385981,-0.00649857360812
208.0,1.5,0.0,0.0,0.0,0.0,0.0,0.0,0.29114212664,-0.0065152915946
208.0,2.0,0.0,0.0,0.0,0.0,0.0,0.0,0.29099981584,-0.00653194964837
208.0,2.5,0.0,0.0,0.0,0.0,0.0,0.0,0.290858440464,-0.00654854847759
208.0,3.0,0.0,0.0,0.0,0.0,0.0,0.0,0.29071798772,-0.00656508877081
208.0,3.5,0.0,0.0,0.0,0.0,0.0,0.0,0.290578445128,-0.00658157119791
208.0,4.0,0.0,0.0,0.0,0.0,0.0,0.0,0.290439800512,-0.00659799641089
208.0,4.5,0.0,0.0,0.0,0.0,0.0,0.0,0.290302041985,-0.00661436504464
208.0,5.0,0.0,0.0,0.0,0.0,0.0,0.0,0.290165157938,-0.00663067771765
208,5.5,2.250939987179214,0.07055933908207508,16.5387486927661,False,0.09128868098717471,0.019218928305774277,0.29002913703259975,-0.0066469350327744885
208,6.0,8.087232000771996,0.25717326999824164,33.0526857438311,False,0.32592258701361426,0.05613126980162835,0.28989056110631933,-0.006663546588548257
208,6.5,11.611712175465104,0.41739031123249287,32.8009605809233,False,0.43990872136807624,0.10400150734986226,0.28974434359843587,-0.00668112782496091
208,7.0,14.024083267898185,0.6781179327774915,31.728975185265636,False,0.42324874841008986,0.15819690078758572,0.28959105982736544,-0.0066996180838060065
208,7.5,15.472152500354664,1.1729856923831392,29.588837929687998,False,0.3321090325405013,0.2160749543937048,0.2894266450238836,-0.006719518867482898
208,8.0,16.246845954009927,1.5899419186593073,28.173840395997807,False,0.29522822457810793,0.25590782495395514,0.2892420636905026,-0.0067419445926851715
208,8.5,16.796855974898328,1.8436840822445113,27.549136296776272,False,0.28497275954466705,0.2686859120519832,0.2890409474616764,-0.006766480819543662
208,9.0,17.045275944963002,2.097387913874467,26.914533709832206,False,0.271070863477336,0.2639075626519489,0.28883050732144133,-0.006792268560296861
208,9.5,17.192231085071803,2.235287096831295,26.624940876147278,False,0.2658004392864506,0.23649902416095617,0.2886114014834791,-0.006819242741810923
208,10.0,17.343410675623296,2.3475234536809166,26.412358494799953,False,0.26288926299895254,0.18362575414396598,0.28838887423137144,-0.0068467688764901604
208,10.5,17.377983705718975,2.4217670531165547,26.245138705781468,False,0.2591836294977302,0.1174069167401983,0.28816485673094855,-0.00687461317422545
208,11.0,17.472359908483345,2.532181964576719,26.00630130536577,False,0.2550594499166685,0.03906334547746214,0.287941288329652,-0.006902536268091691
208,11.5,16.912747116016945,2.579009884925004,25.72678897226144,False,0.24064022984933553,0.0,0.28771724769890933,-0.006930654009896203
208,12.0,17.11027108260598,2.664722405299927,25.56051609265763,False,0.23994512870700457,0.0,0.2874936486887333,-0.0069588524990150625
208,12.5,17.108294300570474,2.6791288714914723,25.509173094224987,False,0.23889308071894,0.0,0.2872675247544385,-0.006987508544100972
208,13.0,16.68342643712564,2.677755582238984,25.359804394789663,False,0.22992716974800506,0.0,0.2870415736943058,-0.007016283228476209
208,13.5,15.623330250640388,2.6152967323929985,25.14214417508003,False,0.21131604698219525,0.0,0.2868163862428428,-0.007045101245887185
208,14.0,14.847243806131512,2.4916892514727857,25.146970299812175,False,0.20084817413969558,0.0,0.28659427263933235,-0.007073664150781699
208,14.5,13.972070325864786,2.384188999699303,25.042877102588626,False,0.18724375233794005,0.0,0.2863775456639004,-0.007101667451076429
208,15.0,15.072695737429896,2.464171052830962,25.138182817800676,False,0.20375382467381858,0.0,0.28616558638376555,-0.007129182568652139
208,15.5,14.190393780527952,2.341795607466798,25.030203165184457,False,0.1899897340419577,0.0,0.2859512723297092,-0.007157132608139248
208,16.0,12.30908066939461,1.9616579106703307,25.223098894512965,False,0.16626883222388328,0.0,0.2857422755681878,-0.007184515015768042
208,16.5,11.787304735426982,1.881183949479753,25.228789106426127,False,0.15929774474948333,0.0,0.2855483709044459,-0.007210031775540074
208,17.0,9.478387892939079,1.5035243790800465,25.227449961479024,False,0.12807966613875957,0.0,0.2853581789835588,-0.007235164924381868
208,17.5,8.641901653708349,1.3931735063199389,25.17184788396571,False,0.11622743996679194,0.0,0.28518297097693013,-0.007258410428861986
208,18.0,6.840853832932691,1.0870066663976088,25.244556712254038,False,0.09257368486704387,0.0,0.28501259564658427,-0.0072811001495145565
208,18.5,6.3112005481101665,1.0137276825138755,25.146751176148854,False,0.0847014464627325,0.0,0.28485447742951625,-0.007302233175168712
208,19.0,4.2716310580074275,0.6582960422186265,25.350186260886524,False,0.058329867180721535,0.0,0.28469977158895216,-0.007322980895766246
208,19.5,1.4693918190310182,0.21706779320717198,12.771557681912968,False,0.020402684273336733,0.0,0.2845591792607782,-0.007341896786379596
208.0,20.0,0.0,0.0,0.0,0.0,0.0,0.0,0.284435949987,-0.00735852447054
208.0,20.5,0.0,0.0,0.0,0.0,0.0,0.0,0.284321570563,-0.00737399818385
208.0,21.0,0.0,0.0,0.0,0.0,0.0,0.0,0.284207797049,-0.00738942840354
208.0,21.5,0.0,0.0,0.0,0.0,0.0,0.0,0.284094623322,-0.00740481546049
208.0,22.0,0.0,0.0,0.0,0.0,0.0,0.0,0.283982043355,-0.00742015968051
208.0,22.5,0.0,0.0,0.0,0.0,0.0,0.0,0.283870051217,-0.00743546138449
208.0,23.0,0.0,0.0,0.0,0.0,0.0,0.0,0.28375864107,-0.00745072088856
208.0,23.5,0.0,0.0,0.0,0.0,0.0,0.0,0.283647807168,-0.00746593850418
208.0,24.0,0.0,0.0,0.0,0.0,0.0,0.0,0.283537543853,-0.00748111453831
209.0,0.5,0.0,0.0,0.0,0.0,0.0,0.0,0.283427845557,-0.00749624929349
209.0,1.0,0.0,0.0,0.0,0.0,0.0,0.0,0.283318706792,-0.00751134306797
209.0,1.5,0.0,0.0,0.0,0.0,0.0,0.0,0.283210122157,-0.00752639615583
209.0,2.0,0.0,0.0,0.0,0.0,0.0,0.0,0.283102086331,-0.00754140884708
209.0,2.5,0.0,0.0,0.0,0.0,0.0,0.0,0.282994594071,-0.00755638142776
209.0,3.0,0.0,0.0,0.0,0.0,0.0,0.0,0.282887640214,-0.00757131418003
209.0,3.5,0.0,0.0,0.0,0.0,0.0,0.0,0.28278121967,-0.00758620738229
209.0,4.0,0.0,0.0,0.0,0.0,0.0,0.0,0.282675327426,-0.00760106130925
209.0,4.5,0.0,0.0,0.0,0.0,0.0,0.0,0.28256995854,-0.00761587623202
209.0,5.0,0.0,0.0,0.0,0.0,0.0,0.0,0.282465108141,-0.0076306524182
209,5.5,2.0549311084785957,0.16886028475252254,14.483427840253855,False,0.04069377183171252,0.0,0.28236077142871724,-0.007645390131983075
209,6.0,7.098137112113637,0.600405063510917,28.792087806400964,False,0.13757132999900282,0.0,0.2822505354300088,-0.0076609979888150265
209,6.5,9.580606067561062,0.8900456719063378,28.31518572558725,False,0.1754885172347343,0.0,0.2821244266157725,-0.007678899793137973
209,7.0,12.857890864458206,1.371796464692382,27.59745274645538,False,0.2175406736780484,0.0,0.281987825641003,-0.007698347278869751
209,7.5,14.35618080725007,1.8496302506203315,26.545933142649744,False,0.21845898168655398,0.0,0.28183343739693145,-0.007720397774024676
209,8.0,15.13727994101776,2.1690215496197154,25.883891950805264,False,0.21826750760672528,0.0,0.28166140605937223,-0.007745056849088994
209,8.5,15.454701016916395,2.456992121618879,25.28272248580034,False,0.2115998994556566,0.0,0.28147774009964344,-0.007771487288124287
209,9.0,15.56947867034653,2.6729457731766098,24.84341726475717,False,0.2055335175152581,0.0,0.28128362757994485,-0.0077995379331572265
209,9.5,15.355541177866613,2.856395853194949,24.37104284026849,False,0.1949527943970767,0.0,0.281081797244954,-0.00782883187701687
209,10.0,14.800742639168995,3.020567004926725,23.814486248136134,False,0.1799822553436456,0.0,0.2808734783676255,-0.0078592051632758
209,10.5,14.016853024189162,3.178142944857446,23.155536575639164,False,0.16226490001084742,0.0,0.28065939840310783,-0.007890564821766822
209,11.0,13.517012306510178,3.229736425894853,22.828176624950025,False,0.15271735315361876,0.0,0.280439803515795,-0.007922887363650401
209,11.5,13.166400713683652,3.2350848867828566,22.66182974892045,False,0.14701659377682194,0.0,0.28021871166561807,-0.007955589746121886
209,12.0,12.382273273729119,3.105076389944692,22.56999808027164,False,0.13738667466006832,0.0,0.27999787383329844,-0.007988415232503978
209,12.5,12.01448441509963,3.0799384437801764,22.424584990577287,False,0.13189942229817472,0.0,0.2797824228455829,-0.008020595647763584
209,13.0,11.678536307993035,3.0823419319509275,22.232518392799207,False,0.12649330878555093,0.0,0.2795683749590845,-0.008052719558680121
209,13.5,11.53663009947212,3.0672621986566346,22.18239587997359,False,0.12451819404322759,0.0,0.2793546811170433,-0.008084943369006352
209,14.0,11.06752917922109,3.006051103787078,22.03809931084801,False,0.11825413809935262,0.0,0.27914200099576786,-0.008117166976740519
209,14.5,10.686247698282454,2.9159380519681455,21.99749993442473,False,0.11381289652583951,0.0,0.2789320815492828,-0.008149122475675627
209,15.0,10.439488925299326,2.7910429990144676,22.11457971506654,False,0.11201896930007774,0.0,0.27872601600632274,-0.008180637196552546
209,15.5,9.918502894840824,2.711713624888131,21.96141784790806,False,0.1053551190068926,0.0,0.27852512086297315,-0.008211501068973429
209,16.0,9.632266263895048,2.6357019094221203,21.925449902581626,False,0.10200552325116302,0.0,0.2783276635351606,-0.008241972075098003
209,16.5,9.326963064679909,2.5376158542557397,21.942217589676055,False,0.09887116998754142,0.0,0.27813351484935345,-0.008272063944948326
209,17.0,8.89057717980732,2.3316103417202925,22.14663886095596,False,0.09549444236516014,0.0,0.2779435093494343,-0.008301640473052811
209,17.5,8.321516742355898,2.162572400162944,22.17330477068473,False,0.08948552016576256,0.0,0.2777617394822232,-0.008330053027651356
209,18.0,7.289555894476425,1.8365437811683343,22.362798316506883,False,0.0792244548274193,0.0,0.27758679931709257,-0.008357507506331545
209,18.5,5.824635467354254,1.3975146348251637,22.6350378971408,False,0.06450308780503167,0.0,0.2774246436979461,-0.00838305195506894
209,19.0,3.9443957365351148,0.8844343173971017,23.05233219700507,False,0.0449878362779702,0.0,0.2772795581062444,-0.008405986240475989
209.0,19.5,0.0,0.0,0.0,0.0,0.0,0.0,0.277154349949,-0.00842583853341
209.0,20.0,0.0,0.0,0.0,0.0,0.0,0.0,0.2770631093,-0.00844034032256
209.0,20.5,0.0,0.0,0.0,0.0,0.0,0.0,0.27697226916,-0.0084548080071
209.0,21.0,0.0,0.0,0.0,0.0,0.0,0.0,0.276881826776,-0.00846924170616
209.0,21.5,0.0,0.0,0.0,0.0,0.0,0.0,0.276791779407,-0.00848364154073
209.0,22.0,0.0,0.0,0.0,0.0,0.0,0.0,0.276702124324,-0.00849800763356
209.0,22.5,0.0,0.0,0.0,0.0,0.0,0.0,0.276612858808,-0.008512340109
209.0,23.0,0.0,0.0,0.0,0.0,0.0,0.0,0.276523980156,-0.00852663909294
209.0,23.5,0.0,0.0,0.0,0.0,0.0,0.0,0.276435485675,-0.00854090471269
209.0,24.0,0.0,0.0,0.0,0.0,0.0,0.0,0.276347372688,-0.00855513709686
210.0,0.5,0.0,0.0,0.0,0.0,0.0,0.0,0.276259638531,-0.00856933637528
210.0,1.0,0.0,0.0,0.0,0.0,0.0,0.0,0.276172280554,-0.00858350267891
210.0,1.5,0.0,0.0,0.0,0.0,0.0,0.0,0.276085296124,-0.00859763613975
210.0,2.0,0.0,0.0,0.0,0.0,0.0,0.0,0.27599868262,-0.00861173689074
210.0,2.5,0.0,0.0,0.0,0.0,0.0,0.0,0.27591243744,-0.0086258050657
210.0,3.0,0.0,0.0,0.0,0.0,0.0,0.0,0.275826557994,-0.00863984079924
210.0,3.5,0.0,0.0,0.0,0.0,0.0,0.0,0.275741041712,-0.00865384422669
210.0,4.0,0.0,0.0,0.0,0.0,0.0,0.0,0.275655886037,-0.00866781548405
210.0,4.5,0.0,0.0,0.0,0.0,0.0,0.0,0.27557108843,-0.00868175470786
210.0,5.0,0.0,0.0,0.0,0.0,0.0,0.0,0.275486646368,-0.00869566203522
210,5.5,2.1060104736322685,0.19203018797816088,14.213471789338874,False,0.039078788581613545,0.0,0.27540255734684116,-0.008709537603665883
210,6.0,7.39285724506435,0.701953002093411,28.181754290180226,False,0.13336638445719573,0.0,0.27531153134092184,-0.008724587592672358
210,6.5,10.665435495264413,1.1089689702461338,27.710789049811194,False,0.182648464337691,0.0,0.2752015018701345,-0.008742820946978619
210,7.0,12.673660213088453,1.5826430302487986,26.69995595446458,False,0.195739842901365,0.0,0.27507637179288114,-0.008763611878763148
210,7.5,13.712122223845288,2.02202013483338,25.751055334245642,False,0.19391399480648974,0.0,0.27493360901480657,-0.00878740455323794
210,8.0,14.166999582234368,2.365724358885122,24.954343527290177,False,0.1886694596820322,0.0,0.2747745127139381,-0.008814010089069686
210,8.5,14.093836708737875,2.7744164106441227,23.945333479591476,False,0.1728208217867879,0.0,0.2746027113209498,-0.00884284814066502
210,9.0,13.920022510247328,2.970641164457337,23.462585623997107,False,0.16459920912407988,0.0,0.2744157362450326,-0.008874361048467535
210,9.5,13.602265121390424,3.1116970022264856,23.043904460999244,False,0.15599947480035675,0.0,0.2742216483502849,-0.008907214396834038
210,10.0,13.211766417426784,3.206605377169304,22.681773312001432,False,0.14760671049546592,0.0,0.2740225390855304,-0.008941068412908615
210,10.5,13.176950287019114,3.2337413853318457,22.62208040186978,False,0.14653323017649858,0.0,0.27382015758611883,-0.008975636024167991
210,11.0,12.685614524240309,3.2108300591795227,22.443433913872543,False,0.1393163584525247,0.0,0.2736170737006543,-0.009010483788272275
210,11.5,12.431056302810484,3.187656823152008,22.37935677856911,False,0.1359688658414435,0.0,0.27341518466130876,-0.009045286423638495
210,12.0,11.97594143625048,3.0745164503327027,22.404691804329815,False,0.13122235514439046,0.0,0.2732144983911725,-0.009080040569076759
210,12.5,12.454554007547564,3.246494055431532,22.250473084813805,False,0.13509783618934712,0.0,0.273018427164489,-0.009114149259779731
210,13.0,12.826099167221802,3.2997898939586103,22.274249974271417,False,0.1393471496696314,0.0,0.2728161488342021,-0.009149497852488822
210,13.5,10.874825035142402,2.956774515956998,22.01486825404488,False,0.11596852616675757,0.0,0.2726121654691541,-0.009185309947541472
210,14.0,11.413738373537477,3.0820522572323292,22.004794361120858,False,0.12171495198991074,0.0,0.27242151519763136,-0.00921893232272096
210,14.5,11.565143027513031,3.082175142008934,22.02467746352931,False,0.12350460019200046,0.0,0.2722264244919086,-0.009253489709596217
210,15.0,9.637358166026427,2.73002688942038,21.793079246816127,False,0.10127244381348244,0.0,0.2720316411737397,-0.009288146735141332
210,15.5,9.5472166830281,2.5020913997423917,22.096068254952343,False,0.10190422216614031,0.0,0.2718505321448511,-0.00932050958042334
210,16.0,9.86937920140207,2.5722659551971163,22.174349342541582,False,0.10589911379822069,0.0,0.27167838179436377,-0.009351396198008542
210,16.5,8.299250906191373,2.2146818641143033,22.023089485314173,False,0.08847492889848854,0.0,0.2715038751408617,-0.009382830122892526
210,17.0,7.434998235340262,1.9957448441711971,21.997807788722877,False,0.0790679175872486,0.0,0.27134324390211534,-0.00941187600055424
210,17.5,7.401631363922434,1.963094089708096,22.0527731444042,False,0.07894219794933327,0.0,0.2711912247468768,-0.009439463333619868
210,18.0,6.541288123932521,1.6320203208182258,22.438219431183487,False,0.07146033387259763,0.0,0.27104074645415166,-0.009466865978700147
210,18.5,5.089008089624789,1.2070786223610124,22.737577164340465,False,0.05676178846104854,0.0,0.27090313250831155,-0.00949200898913563
210,19.0,3.073470678632395,0.6881514679768895,23.08326538753184,False,0.035132410082978974,0.0,0.27078194355095614,-0.009514216950954077
210.0,19.5,0.0,0.0,0.0,0.0,0.0,0.0,0.270680744693,-0.00953280915796
210.0,20.0,0.0,0.0,0.0,0.0,0.0,0.0,0.270605956363,-0.00954657705576
210.0,20.5,0.0,0.0,0.0,0.0,0.0,0.0,0.270531461623,-0.00956031446497
210.0,21.0,0.0,0.0,0.0,0.0,0.0,0.0,0.270457258847,-0.00957402145481
210.0,21.5,0.0,0.0,0.0,0.0,0.0,0.0,0.270383346407,-0.00958769809701
210.0,22.0,0.0,0.0,0.0,0.0,0.0,0.0,0.270309722673,-0.00960134446563
210.0,22.5,0.0,0.0,0.0,0.0,0.0,0.0,0.270236386015,-0.00961496063703
210.0,23.0,0.0,0.0,0.0,0.0,0.0,0.0,0.270163334804,-0.00962854668968
210.0,23.5,0.0,0.0,0.0,0.0,0.0,0.0,0.270090567409,-0.00964210270415
210.0,24.0,0.0,0.0,0.0,0.0,0.0,0.0,0.270018082201,-0.0096556287629
211.0,0.5,0.0,0.0,0.0,0.0,0.0,0.0,0.269945877555,-0.00966912495029
211.0,1.0,0.0,0.0,0.0,0.0,0.0,0.0,0.269873951843,-0.00968259135241
211.0,1.5,0.0,0.0,0.0,0.0,0.0,0.0,0.269802303445,-0.00969602805703
211.0,2.0,0.0,0.0,0.0,0.0,0.0,0.0,0.269730930739,-0.00970943515351
211.0,2.5,0.0,0.0,0.0,0.0,0.0,0.0,0.269659832109,-0.0097228127327
211.0,3.0,0.0,0.0,0.0,0.0,0.0,0.0,0.269589005941,-0.00973616088687
211.0,3.5,0.0,0.0,0.0,0.0,0.0,0.0,0.269518450627,-0.00974947970966
211.0,4.0,0.0,0.0,0.0,0.0,0.0,0.0,0.269448164561,-0.00976276929594
211.0,4.5,0.0,0.0,0.0,0.0,0.0,0.0,0.269378146143,-0.0097760297418
211.0,5.0,0.0,0.0,0.0,0.0,0.0,0.0,0.269308393778,-0.00978926114448
211.0,5.5,0.0,0.0,0.0,0.0,0.0,0.0,0.269238905875,-0.00980246360224
211,6.0,3.215943320899092,0.25122543763629074,14.638101043040438,False,0.06623594522916033,0.0,0.2691696808495359,-0.009815637214367644
211,6.5,8.792630581596093,0.7224558996582114,28.991438714773462,False,0.17465482181155675,0.0,0.26909118312989805,-0.009830600962398708
211,7.0,12.813562489364408,1.2674027983397445,28.08922424822491,False,0.2287550212473609,0.0,0.2689950619636138,-0.009848961241502922
211,7.5,13.988382288669174,1.8002506183547922,26.546252850877266,False,0.21511917669334343,0.0,0.2688785182503188,-0.009871277297899609
211,8.0,14.443354083821333,2.2112866810956278,25.53659940143099,False,0.20259168480841033,0.0,0.26874200959474576,-0.009897492944958501
211,8.5,13.733598361741103,2.622869180161429,24.181842284764606,False,0.17308812189996794,0.0,0.2685901572060096,-0.009926752787384063
211,9.0,13.699302484199139,2.8224901202737063,23.747701624540646,False,0.166096426730847,0.0,0.26842293882265894,-0.009959092761123388
211,9.5,12.800774994913242,2.986596696154398,22.994026813643757,False,0.14668328885739518,0.0,0.2682483968693248,-0.009992983102508355
211,10.0,11.651885600251243,3.0224399072162638,22.357644384825914,False,0.12768634269790213,0.0,0.2680678776287368,-0.010028178687858338
211,10.5,10.887315257657189,2.998756865468387,21.977758580117793,False,0.11599304738165635,0.0,0.26788624722391147,-0.010063740078524003
211,11.0,10.335086686333774,2.969151163171707,21.704517853418622,False,0.10796959054787132,0.0,0.2677057632284504,-0.010099225945424879
211,11.5,9.947789244038074,3.0036996455851273,21.385185734616577,False,0.10173267481704187,0.0,0.26752664898218276,-0.01013458998922507
211,12.0,9.511575710175158,2.9115454596884724,21.31766843361251,False,0.09687031151761792,0.0,0.26734646843112614,-0.010170313527267568
211,12.5,9.551293517495836,2.8994620954240657,21.35505527377692,False,0.09746248915561989,0.0,0.2671700285471285,-0.010205440907340583
211,13.0,10.590911620378199,3.0520643623931036,21.574969941533798,False,0.1096692154113382,0.0,0.26699428927607494,-0.010240572594326591
211,13.5,9.767166939924216,2.814211294683097,21.564751454904403,False,0.10066331672208846,0.0,0.2668129994524783,-0.010276964982143234
211,14.0,3.495502414327689,0.9377491085543698,10.982707879986648,False,0.036985750051827436,0.0,0.2666409754978635,-0.010311639890454576
211,14.5,3.2947116298923373,0.7127245676797749,11.663149443633053,False,0.038330772643810296,0.0,0.2665404012219139,-0.010331977243590695
211,15.0,3.310418672559466,0.6102110505528349,12.164886836820564,False,0.04156375717170481,0.0,0.2664486033415485,-0.01035058163150673
211,15.5,5.0842082443459855,0.8919656767565846,12.323649271377045,False,0.06547532152681888,0.0,0.2663609312672025,-0.010368387130665587
211,16.0,11.169688231853282,2.2471710400590696,24.05653626160261,False,0.13824911196029438,0.0,0.2662628007453504,-0.01038835995976639
211,16.5,9.121030827565109,2.1943755216713825,22.83238629225915,False,0.10274752963801762,0.0,0.2661134730832715,-0.010418841139026414
211,17.0,8.063092588990344,1.7439211296409485,23.451851987998808,False,0.09467557798121812,0.0,0.2659663805569383,-0.010448970313430382
211,17.5,5.645355370298706,0.6678774374075538,13.492062100222503,False,0.08966410386506059,0.0,0.26900987719478603,-0.009846128695568125
211.0,18.0,0.0,0.0,0.0,0.0,0.0,0.0,0.278421755791,-0.00822743527569
211.0,18.5,0.0,0.0,0.0,0.0,0.0,0.0,0.278310087399,-0.00824469089434
211.0,19.0,0.0,0.0,0.0,0.0,0.0,0.0,0.278991224419,-0.00814010416612
211.0,19.5,0.0,0.0,0.0,0.0,0.0,0.0,0.282043734584,-0.00769038059861
211.0,20.0,0.0,0.0,0.0,0.0,0.0,0.0,0.282705574244,-0.00759681493492
211.0,20.5,0.0,0.0,0.0,0.0,0.0,0.0,0.282573057724,-0.00761543999429
211.0,21.0,0.0,0.0,0.0,0.0,0.0,0.0,0.28244196882,-0.00763391795826
211.0,21.5,0.0,0.0,0.0,0.0,0.0,0.0,0.28231227041,-0.00765225251759
211.0,22.0,0.0,0.0,0.0,0.0,0.0,0.0,0.282975193117,-0.00755908755541
211.0,22.5,0.0,0.0,0.0,0.0,0.0,0.0,0.282843725794,-0.00757745563201
211.0,23.0,0.0,0.0,0.0,0.0,0.0,0.0,0.283504863154,-0.00748561958879
211.0,23.5,0.0,0.0,0.0,0.0,0.0,0.0,0.283371652125,-0.00750401626722
211.0,24.0,0.0,0.0,0.0,0.0,0.0,0.0,0.284031029842,-0.00741347835797
212.0,0.5,0.0,0.0,0.0,0.0,0.0,0.0,0.284687150899,-0.00732467656286
212.0,1.0,0.0,0.0,0.0,0.0,0.0,0.0,0.284549047616,-0.00734326218852
212.0,1.5,0.0,0.0,0.0,0.0,0.0,0.0,0.284412498089,-0.00736169398335
212.0,2.0,0.0,0.0,0.0,0.0,0.0,0.0,0.284277459828,-0.00737997601994
212.0,2.5,0.0,0.0,0.0,0.0,0.0,0.0,0.284143892173,-0.00739811219871
212.0,3.0,0.0,0.0,0.0,0.0,0.0,0.0,0.284011756189,-0.00741610625763
212.0,3.5,0.0,0.0,0.0,0.0,0.0,0.0,0.28388101457,-0.00743396178115
212.0,4.0,0.0,0.0,0.0,0.0,0.0,0.0,0.283751631544,-0.00745168220868
212.0,4.5,0.0,0.0,0.0,0.0,0.0,0.0,0.283623572794,-0.0074692708423
212.0,5.0,0.0,0.0,0.0,0.0,0.0,0.0,0.283496805376,-0.00748673085415
212.0,5.5,0.0,0.0,0.0,0.0,0.0,0.0,0.283371297646,-0.0075040652932
212,6.0,2.1273290513779655,0.0857790939176282,16.089842671035285,False,0.07020621138570797,0.04724362324728802,0.2832470191924431,-0.007521277091620114
212,6.5,9.703812028900048,0.3982542318766085,32.31126398297857,False,0.329232616652267,0.32262840475423016,0.2831188925656144,-0.007539071105741939
212,7.0,14.064586259165116,0.6761915968706191,32.11701048717425,False,0.46705595272676403,0.680128945650086,0.28296962858019303,-0.007559863933843296
212,7.5,10.836737428068178,0.5344305932855846,31.649532045623822,False,0.32219815108148797,0.3991200138780662,0.2827973945687628,-0.007583941510919947
212,8.0,16.457017000169394,1.0543899859590165,30.728216668468985,False,0.43428658049362434,1.0028820055352303,0.28264232337844125,-0.007605698000174598
212,8.5,12.022964595766698,0.8924827239496165,14.665755291534163,False,0.26557596354182306,0.4631734040120416,0.2824457006054014,-0.007633391196866154
212,9.0,14.188998757751122,1.1265282155529135,29.38443446474399,False,0.2963915727142379,0.6030536307014728,0.2822767734710537,-0.007657279613655085
212,9.5,14.334892521961127,1.2785575468982309,28.771431206311135,False,0.2771318218089963,0.6107966172294736,0.2820947018526465,-0.007683126634224528
212,10.0,17.418436211525588,1.8459406495019568,27.7007126827868,False,0.31200556003670954,1.0107867568295628,0.2819075903047997,-0.007709797508929436
212,10.5,17.615635706935542,2.4089689663964844,26.342686473740763,False,0.27165672236080823,1.3812898577268908,0.28168476863764563,-0.0077417025422279575
212,11.0,17.64755348342145,2.4545994350630838,26.25203129506713,False,0.26528112719732305,1.1576531394197183,0.28142750011447226,-0.007778735779561922
212,11.5,16.534369467031034,2.7454345831876577,25.350207134098625,False,0.22896742142437823,1.525356522715427,0.2811779472104141,-0.007814860213560083
212,12.0,15.916830790338313,2.9038248503426702,24.707170559045046,False,0.20845786770933677,1.4033568814769581,0.2809043434483532,-0.007854696127689822
212,12.5,14.726992353640629,2.709997700713886,24.74939465003264,False,0.19323000926186903,1.390701943674185,0.2806302803111454,-0.007894841715349012
212,13.0,16.16554572993219,2.933232160204836,24.569231257491673,False,0.20900510469518127,0.840837728001888,0.28036495642561904,-0.007933940264993304
212,13.5,14.131935673509172,2.4550378339366716,24.750142695928332,False,0.18352147021526627,0.3883196922461269,0.2801129136004412,-0.007971295548680203
212,14.0,15.138802142190606,2.8225565810796005,24.34762592641721,False,0.1924284242185994,0.5596301553561375,0.27989705951581306,-0.008003453977974737
212,14.5,12.813487706638476,2.5335678522043983,24.245760649139473,False,0.16119941447039735,0.7437735743374051,0.2796616084611798,-0.008038708438562999
212,15.0,13.626608045672576,2.5948650692920756,24.16092269632613,False,0.17065541786822436,0.32881326678172557,0.27943097168699443,-0.008073421583635536
212,15.5,9.832901458579457,1.6555022961433834,24.924578029015002,False,0.12953753405482488,0.12492002960617461,0.27921457614686185,-0.008106153794402075
212,16.0,2.756064146296542,0.2945673265363031,13.79379198632901,False,0.04658053335763964,0.023982215677802406,0.27983442167608724,-0.00801281482536659
212,16.5,3.1731058569515453,0.3142865786454283,14.003760644729958,False,0.056133406068556206,0.03006145102139036,0.27971478357344504,-0.008030730296190924
212.0,17.0,0.0,0.0,0.0,0.0,0.0,0.0,0.279595010806,-0.00804871375985
212.0,17.5,0.0,0.0,0.0,0.0,0.0,0.0,0.279489134411,-0.00806465069803
212.0,18.0,0.0,0.0,0.0,0.0,0.0,0.0,0.280968016538,-0.00784540395106
212.0,18.5,0.0,0.0,0.0,0.0,0.0,0.0,0.280856200576,-0.00786173059753
212.0,19.0,0.0,0.0,0.0,0.0,0.0,0.0,0.280745312195,-0.0078779617999
212.0,19.5,0.0,0.0,0.0,0.0,0.0,0.0,0.280635332643,-0.007894099426
212.0,20.0,0.0,0.0,0.0,0.0,0.0,0.0,0.280526243777,-0.00791014528339
212.0,20.5,0.0,0.0,0.0,0.0,0.0,0.0,0.280418028041,-0.00792610112199
212.0,21.0,0.0,0.0,0.0,0.0,0.0,0.0,0.280310668437,-0.00794196863657
212.0,21.5,0.0,0.0,0.0,0.0,0.0,0.0,0.280204148502,-0.00795774946904
212.0,22.0,0.0,0.0,0.0,0.0,0.0,0.0,0.280098452285,-0.0079734452107
212.0,22.5,0.0,0.0,0.0,0.0,0.0,0.0,0.279993564325,-0.0079890574043
212.0,23.0,0.0,0.0,0.0,0.0,0.0,0.0,0.279889469634,-0.0080045875461
212.0,23.5,0.0,0.0,0.0,0.0,0.0,0.0,0.279786153671,-0.00802003708768
212.0,24.0,0.0,0.0,0.0,0.0,0.0,0.0,0.27968360233,-0.00803540743779
213.0,0.5,0.0,0.0,0.0,0.0,0.0,0.0,0.279581801921,-0.00805069996404
213.0,1.0,0.0,0.0,0.0,0.0,0.0,0.0,0.282648669915,-0.00760480612274
213.0,1.5,0.0,0.0,0.0,0.0,0.0,0.0,0.283324961955,-0.00751047700796
213.0,2.0,0.0,0.0,0.0,0.0,0.0,0.0,0.283206518494,-0.00752689634762
213.0,2.5,0.0,0.0,0.0,0.0,0.0,0.0,0.283089137556,-0.00754321060616
213.0,3.0,0.0,0.0,0.0,0.0,0.0,0.0,0.282972795522,-0.00755942206239
213.0,3.5,0.0,0.0,0.0,0.0,0.0,0.0,0.282857469611,-0.00757553291492
213.0,4.0,0.0,0.0,0.0,0.0,0.0,0.0,0.282743137845,-0.00759154528588
213.0,4.5,0.0,0.0,0.0,0.0,0.0,0.0,0.283421539254,-0.00749712046408
213.0,5.0,0.0,0.0,0.0,0.0,0.0,0.0,0.283305154677,-0.00751321983725
213.0,5.5,0.0,0.0,0.0,0.0,0.0,0.0,0.283189783922,-0.00752921964055
213.0,6.0,0.0,0.0,0.0,0.0,0.0,0.0,0.283075405064,-0.00754512197614
213.0,6.5,0.0,0.0,0.0,0.0,0.0,0.00984811456751,0.282961996942,-0.00756092887393
213,7.0,2.4571818013688977,0.08109491951854329,16.433861721405382,False,0.09459412587644356,0.04553171955272351,0.2828491653852144,-0.007576694580667659
213,7.5,3.8159337922647003,0.13208976109489926,16.394302474508827,False,0.14414218750714258,0.10580866126472863,0.28273283264627513,-0.0075929905277826795
213,8.0,2.6857929833768464,0.09222698684481767,16.355746816747054,False,0.09962830319688773,0.04760084430330264,0.2826131886247284,-0.007609793900302792
213,8.5,2.058286459928652,0.07555034500930966,16.22695046634807,False,0.07202498508209146,0.020635615412037834,0.2824981594032456,-0.007625990940186641
213,9.0,2.1118756632637505,0.07895111372040325,16.193156133552765,False,0.07281760723996306,0.01866381566383079,0.2823856615684468,-0.007641871285265307
213,9.5,2.5951365254842416,0.09007159879862116,16.324994140409572,False,0.09490433293209259,0.03597277688598348,0.2822739674150658,-0.007657677176648897
213,10.0,3.6647554389572083,0.12485410966032036,16.374903158644308,False,0.13716791476016965,0.07976335889976345,0.2829540019683236,-0.007562044706685185
213,10.5,2.726157584500955,0.0872746841867666,16.45296990097263,False,0.10592854103265825,0.0383448230412931,0.2828361313293337,-0.007578518323314844
213,11.0,3.7363297660801478,0.12280563262272953,16.43280731392822,False,0.14376411807702427,0.09424169871724986,0.28588893209770944,-0.007165287287907533
213,11.5,2.7839466938432045,0.09150069924252066,16.40461287288894,False,0.10567759144833973,0.04907998257744675,0.2912927150932142,-0.006497719695331545
213,12.0,4.760771642518089,0.15820960268212375,16.438086981171686,False,0.18365099054766623,0.15383203912703747,0.30138980216677125,-0.005438389271852163
213,12.5,5.672978941090177,0.19230717599256184,16.437029555399835,False,0.21872802495746377,0.21376770857258776,0.3035026203724459,-0.005243546469247953
213,13.0,4.315243081861152,0.1442362662043026,16.417078700775775,False,0.16478537668109844,0.127017087635133,0.30567866610032934,-0.005051503585598247
213,13.5,3.122041939140725,0.10276073814378074,16.4139525955213,False,0.11904216668418784,0.06435532007499634,0.30987383546851255,-0.004704389977595832
213,14.0,5.949582861632445,0.2019601736663785,16.457249601939427,False,0.23166342877663684,0.23945535492037445,0.31278433172659065,-0.004480212769096862
213,14.5,15.046139025967733,0.540520725954179,32.93384824702122,False,0.5886508154780454,0.704528959038695,0.31323367718474804,-0.0044467476783974615
213,15.0,5.010221853106699,0.16860043126569693,16.449768218859077,False,0.19437493504857148,0.17822073899641652,0.31278961968795416,-0.004479817205875294
213,15.5,6.268657559036953,0.231732118260202,16.379984362937623,False,0.2351915683400975,0.33847841855479815,0.3123942805672603,-0.004509505434088821
213,16.0,14.392986674203238,0.5747017098741752,32.528612413376706,False,0.5120647360568229,0.6905149640123719,0.31200377878997326,-0.004539060816238163
213,16.5,13.757840831347174,0.6513936542592752,31.796576034968922,False,0.4206078069434313,0.7035829863465478,0.31159907016356625,-0.004569935329049406
213,17.0,8.759378394413154,0.42448938470237696,31.494380690362085,False,0.253094884986152,0.29111662695890717,0.31120211880900855,-0.004600461424784393
213,17.5,7.866700048752714,0.39816405260838605,31.289879977969083,False,0.21916117081289108,0.2474869108000591,0.3108397092981009,-0.004628543578614801
213,18.0,1.8618957124461013,0.10055252634954095,15.504185221124128,False,0.049434101904082574,0.053903790509572516,0.31048944737946316,-0.004655878743179928
213,18.5,2.46032269543815,0.12926823474073662,15.496868857929952,False,0.06516344467570048,0.04068818367782986,0.3101666202723447,-0.004681243331791714
213.0,19.0,0.0,0.0,0.0,0.0,0.0,0.0,0.309851374122,-0.00470617132639
213.0,19.5,0.0,0.0,0.0,0.0,0.0,0.0,0.309550186079,-0.00473013555287
213.0,20.0,0.0,0.0,0.0,0.0,0.0,0.0,0.309256100861,-0.00475367505747
213.0,20.5,0.0,0.0,0.0,0.0,0.0,0.0,0.308968661418,-0.00477681761339
213.0,21.0,0.0,0.0,0.0,0.0,0.0,0.0,0.308687453115,-0.00479958850247
213.0,21.5,0.0,0.0,0.0,0.0,0.0,0.0,0.308412098645,-0.00482201080636
213.0,22.0,0.0,0.0,0.0,0.0,0.0,0.0,0.308142253695,-0.00484410565591
213.0,22.5,0.0,0.0,0.0,0.0,0.0,0.0,0.307877603213,-0.00486589244587
213.0,23.0,0.0,0.0,0.0,0.0,0.0,0.0,0.307617858204,-0.00488738902056
213.0,23.5,0.0,0.0,0.0,0.0,0.0,0.0,0.307362752942,-0.00490861183507
213.0,24.0,0.0,0.0,0.0,0.0,0.0,0.0,0.307112042561,-0.0049295760957
214.0,0.5,0.0,0.0,0.0,0.0,0.0,0.0,0.306865500939,-0.00495029588299
214.0,1.0,0.0,0.0,0.0,0.0,0.0,0.0,0.306622918852,-0.00497078425959
214.0,1.5,0.0,0.0,0.0,0.0,0.0,0.0,0.30638410235,-0.00499105336543
214.0,2.0,0.0,0.0,0.0,0.0,0.0,0.0,0.306148871339,-0.00501111450073
214.0,2.5,0.0,0.0,0.0,0.0,0.0,0.0,0.305917058518,-0.0050309781827
214.0,3.0,0.0,0.0,0.0,0.0,0.0,0.0,0.306476563306,-0.00498319425278
214.0,3.5,0.0,0.0,0.0,0.0,0.0,0.0,0.306243641219,-0.00500302073471
214.0,4.0,0.0,0.0,0.0,0.0,0.0,0.0,0.30601396083,-0.00502266338288
214.0,4.5,0.0,0.0,0.0,0.0,0.0,0.0,0.305787378795,-0.00504213115561
214.0,5.0,0.0,0.0,0.0,0.0,0.0,0.0,0.305563761559,-0.0050614324059
214.0,5.5,0.0,0.0,0.0,0.0,0.0,0.0,0.305342984586,-0.00508057492565
214,6.0,2.2357448639069557,0.05678540685294578,16.836931248450277,False,0.10692968838451701,0.038458879992762735,0.30512493164252497,-0.005099565987136493
214,6.5,3.8839631106961567,0.10985470828054315,16.813193626354256,False,0.18314544785625947,0.17403144721293104,0.30490587963363625,-0.005118729285148186
214,7.0,10.110764814601358,0.3057820408318667,16.76965363174293,False,0.46476908280297685,0.30675643295314703,0.30468218260019686,-0.00513838755933181
214,7.5,14.732060929341182,0.621792314324215,32.92168536564171,False,0.6552622103188501,0.7420436415583315,0.3044484321336737,-0.005159025504722556
214,8.0,16.411841398250257,0.7278681257544498,33.02603227456232,False,0.6965626692667755,1.1711813947336416,0.3041884998608528,-0.005182091142730194
214,8.5,17.10521210608534,0.9236448400693111,32.06043008352641,False,0.5616132686591486,1.4454636223035853,0.303910502701036,-0.005206895918446275
214,9.0,17.325833393560515,1.3852917047711226,29.682950633355674,False,0.38240770073272523,1.7156607725281587,0.30361683496264924,-0.005233252739835689
214,9.5,17.379874199186872,1.8421482678787477,27.961094508075895,False,0.3098930926777559,1.9080972955500732,0.30329748839369575,-0.005262094878998872
214,10.0,17.335689944476584,2.147963916498026,27.052995746232533,False,0.28094554957438184,2.130363162205724,0.3029555267278859,-0.005293189772821677
214,10.5,16.889917282985227,2.4456858406012083,26.04744839193365,False,0.24773202867210242,2.3551062041767064,0.3025954850132005,-0.0053261656019019075
214,11.0,16.73863694361307,2.4831624517467064,25.924276133288483,False,0.24269673801601194,2.513338952984462,0.30221751533409447,-0.00536104714102215
214,11.5,17.779948361092522,2.5864136834233196,25.854256412941375,False,0.2563168263132058,1.707331861940131,0.30183396058306083,-0.0053967227141213416
214,12.0,16.387437018934698,2.7942173067017984,25.011751096177967,False,0.2193473685134776,2.546696311225855,0.3014788633518652,-0.005430003793579545
214,12.5,17.147458016496277,3.0309089199605515,24.66073235636152,False,0.22296573486692117,1.922526770679433,0.3010857631140509,-0.005467132280847872
214,13.0,15.077475020989414,3.0040156728361866,24.035108264837987,False,0.1862938593851039,2.5707734518297043,0.30070905650508517,-0.005502996539485056
214,13.5,14.631988399904575,3.0067677676106603,23.83365192837595,False,0.1780192551685143,2.2802599573983877,0.30031041300838845,-0.005541255008351665
214,14.0,14.262929610334197,2.837711327090544,24.00721697598383,False,0.17583900477896647,1.8109034532890136,0.2999242905665325,-0.005578614321120992
214,14.5,14.275097050566298,2.9368064091037565,23.744258101317108,False,0.1724877848736741,1.438924359241184,0.2995639557907739,-0.005613749549263065
214,15.0,13.209018632407956,2.801273562524102,23.578016790197022,False,0.15749208209988352,1.3749352750849502,0.29921549843846923,-0.005647977688081842
214,15.5,12.63430986861653,2.7474002158395323,23.394576374351832,False,0.14854507804015807,1.1202278340377056,0.29887609799182646,-0.005681555494903139
214,16.0,12.734341790272612,2.747964615227068,23.434178862750173,False,0.15008694540261291,0.9985545110443245,0.2985498586667582,-0.005714055657652761
214,16.5,12.365758011974375,2.6637861092395196,23.420247670685633,False,0.14552796950728358,0.8038056339097734,0.29822963309333705,-0.005746172372207704
214,17.0,10.762889819564586,2.2897736607313943,23.450716568673073,False,0.12695683626146798,0.4985343933679418,0.29792137927321233,-0.005777291760045598
214,17.5,10.250341321452655,2.172887334445438,23.48892143372849,False,0.12068813072073988,0.3718908713433391,0.29764026101900176,-0.005805846917838974
214,18.0,9.300253792923005,1.940726423255082,23.55053232681098,False,0.11000336116046691,0.2550481212669315,0.29736971321702665,-0.005833487293578288
214,18.5,7.269310698074222,1.4190744342015311,23.9215029409273,False,0.08842022933085339,0.13102527292390576,0.297113711633357,-0.005859786044643731
214,19.0,6.7210652663186545,1.2670024009331755,24.108470920519657,False,0.08293730199297795,0.09281448942834183,0.2968834891959431,-0.00588355725312538
214.0,19.5,0.0,0.0,0.0,0.0,0.0,0.0,0.296661739225,-0.00590656236028
214.0,20.0,0.0,0.0,0.0,0.0,0.0,0.0,0.29649282198,-0.00592415835544
214.0,20.5,0.0,0.0,0.0,0.0,0.0,0.0,0.296325109993,-0.0059416906239
214.0,21.0,0.0,0.0,0.0,0.0,0.0,0.0,0.296158581721,-0.00595916035089
214.0,21.5,0.0,0.0,0.0,0.0,0.0,0.0,0.295993216509,-0.00597656865948
214.0,22.0,0.0,0.0,0.0,0.0,0.0,0.0,0.295828994539,-0.00599391661459
214.0,22.5,0.0,0.0,0.0,0.0,0.0,0.0,0.29566589677,-0.00601120522675
214.0,23.0,0.0,0.0,0.0,0.0,0.0,0.0,0.295503904899,-0.00602843545561
214.0,23.5,0.0,0.0,0.0,0.0,0.0,0.0,0.295343001315,-0.00604560821313
214.0,24.0,0.0,0.0,0.0,0.0,0.0,0.0,0.295183169057,-0.00606272436669
215.0,0.5,0.0,0.0,0.0,0.0,0.0,0.0,0.295024391778,-0.00607978474185
215.0,1.0,0.0,0.0,0.0,0.0,0.0,0.0,0.294866653706,-0.006096790125
215.0,1.5,0.0,0.0,0.0,0.0,0.0,0.0,0.294709939616,-0.00611374126585
215.0,2.0,0.0,0.0,0.0,0.0,0.0,0.0,0.294554234798,-0.00613063887967
215.0,2.5,0.0,0.0,0.0,0.0,0.0,0.0,0.294399525023,-0.00614748364948
215.0,3.0,0.0,0.0,0.0,0.0,0.0,0.0,0.294245796526,-0.00616427622802
215.0,3.5,0.0,0.0,0.0,0.0,0.0,0.0,0.294093035973,-0.00618101723961
215.0,4.0,0.0,0.0,0.0,0.0,0.0,0.0,0.29394123044,-0.00619770728194
215.0,4.5,0.0,0.0,0.0,0.0,0.0,0.0,0.293790367392,-0.00621434692766
215.0,5.0,0.0,0.0,0.0,0.0,0.0,0.0,0.293640434664,-0.00623093672593
215.0,5.5,0.0,0.0,0.0,0.0,0.0,0.001229373621,0.293491420439,-0.00624747720383
215,6.0,2.084643284348802,0.13453627077440738,15.06085383874607,False,0.048213357123622465,0.006461020106009804,0.29334326657726684,-0.006263974070854515
215,6.5,2.3075073256089884,0.13629826885857318,15.279045706211544,False,0.05698293094556989,0.006279888223172218,0.2931907043765527,-0.006281016075034669
215,7.0,3.816645524999857,0.22524525101202958,15.297621472818662,False,0.09479718109825816,0.034772957332307446,0.29303896715737593,-0.006298020748017075
215,7.5,14.900495132384647,1.2279620853721573,29.1550803194053,False,0.3021540772165793,0.29226984733812333,0.2928836474825928,-0.006315483735259934
215,8.0,8.40224214794037,0.7713373089135878,28.464599780818673,False,0.15659848499646517,0.11241220422362866,0.29268136683336,-0.006338313238006086
215,8.5,4.676613770431288,0.3956036954557236,14.397115140755291,False,0.09066265573422687,0.0378255976989128,0.2925040946732593,-0.006358401151817677
215,9.0,2.4048640886941954,0.15639272570006973,15.042402086614176,False,0.05532256485817328,0.008215979210697145,0.295506918452129,-0.006028114382962923
215,9.5,3.0954224694071333,0.13848116704617197,15.843044767117718,False,0.09266632833986671,0.05441225013692367,0.3008649167119613,-0.005488124012961855
215,10.0,3.8514996744639993,0.1498728558806488,16.125007683809315,False,0.12898936967154345,0.09338587277993432,0.306957505634349,-0.004942551534609007
215,10.5,5.855067703619425,0.21693638618510228,16.278544476644612,False,0.20964309602022466,0.2186793249614973,0.30983253398886657,-0.004707666106387995
215,11.0,6.433241196199175,0.2304499847264402,16.35975989639073,False,0.23908570105279614,0.26690525590349984,0.31109478689542824,-0.00460875708053119
215,11.5,5.753179748757202,0.20208065833765224,16.36983875894001,False,0.21482347168770952,0.21162337766567077,0.3115553435997073,-0.00457328610755403
215,12.0,5.149095174093281,0.17980966546328433,16.35674909425237,False,0.1910927317720234,0.16900245002891984,0.31123001228934943,-0.004598308458269386
215,12.5,16.220980267560414,0.6848160113820768,32.642140233250174,False,0.5921341486323595,0.8398506690458556,0.31091348842642175,-0.004622810108545036
215,13.0,18.098121725677323,0.9113876257524635,32.24546076155522,False,0.6209857154550774,1.326027885391783,0.31134422437977594,-0.004589505476032047
215,13.5,17.067910093236826,0.8920472493003763,31.57594978878042,False,0.5310708173328609,1.0136285578690145,0.31095818430622174,-0.00461934085068839
215,14.0,14.376516485517515,0.7636189767687177,31.34963659828143,False,0.4047562354153188,0.6692517951613953,0.3105904713105511,-0.004647974935326434
215,14.5,3.0933509673346773,0.133110895053213,15.930436723334559,False,0.09575382744314774,0.060548898113299617,0.3173099189434763,-0.004156385948636557
215,15.0,15.72089920582768,0.7226487076455038,32.24828197630412,False,0.5263116516588648,0.8273363157906818,0.3169244367270586,-0.00418285733267253
215,15.5,16.213849724321136,0.8290048948441712,31.745199740948458,False,0.4973543204314073,1.1322069717262624,0.3164971068121683,-0.004212437560649027
215,16.0,14.692167697451856,0.7945734492895995,31.414468934969754,False,0.4184443100940963,0.8060625555585247,0.3160630663801537,-0.004242737795646483
215,16.5,13.72256922802049,0.8848102784711621,30.547283532407974,False,0.3426328055765841,0.9524063297563535,0.3156509540694402,-0.0042717478603685
215,17.0,11.713615504780606,0.8517525606469152,29.89374510798241,False,0.2651398665509613,0.8550245627453984,0.31523752398532684,-0.004301088474861316
215,17.5,9.979310425827489,0.7319749426209267,29.73198332172505,False,0.21842426132381013,0.5360722917573201,0.31483617924487023,-0.0043298013762006135
215,18.0,7.507636366805091,0.5787440399206156,29.339680458157783,False,0.15590950723299105,0.34184752425256937,0.31445814531653965,-0.004357055680022979
215,18.5,5.825256573744511,0.4041022350286715,29.73198342481104,False,0.1275015316538074,0.2392431607261203,0.31409952909654193,-0.004383099189767345
215,19.0,3.4395409307309985,0.22802861573905003,14.940554653015056,False,0.07686071377133004,0.12982650061754952,0.31375727807086845,-0.004408127372644692
215.0,19.5,0.0,0.0,0.0,0.0,0.0,0.0,0.313431354162,-0.00443212002495
215.0,20.0,0.0,0.0,0.0,0.0,0.0,0.0,0.313124185874,-0.00445487454238
215.0,20.5,0.0,0.0,0.0,0.0,0.0,0.0,0.3128219045,-0.00447740305952
215.0,21.0,0.0,0.0,0.0,0.0,0.0,0.0,0.312524248312,-0.00449971963534
215.0,21.5,0.0,0.0,0.0,0.0,0.0,0.0,0.312230979101,-0.00452183703378
215.0,22.0,0.0,0.0,0.0,0.0,0.0,0.0,0.311941879659,-0.00454376685661
215.0,22.5,0.0,0.0,0.0,0.0,0.0,0.0,0.311656751559,-0.00456551966124
215.0,23.0,0.0,0.0,0.0,0.0,0.0,0.0,0.311375413207,-0.00458710506511
215.0,23.5,0.0,0.0,0.0,0.0,0.0,0.0,0.31109769811,-0.00460853183849
215.0,24.0,0.0,0.0,0.0,0.0,0.0,0.0,0.31082345336,-0.00462980798709
216.0,0.5,0.0,0.0,0.0,0.0,0.0,0.0,0.310552538277,-0.00465094082576
216.0,1.0,0.0,0.0,0.0,0.0,0.0,0.0,0.310284823209,-0.00467193704429
216.0,1.5,0.0,0.0,0.0,0.0,0.0,0.0,0.310020188467,-0.00469280276634
216.0,2.0,0.0,0.0,0.0,0.0,0.0,0.0,0.309758523371,-0.00471354360224
216.0,2.5,0.0,0.0,0.0,0.0,0.0,0.0,0.309499725399,-0.00473416469646
216.0,3.0,0.0,0.0,0.0,0.0,0.0,0.0,0.309243699428,-0.00475467077026
216.0,3.5,0.0,0.0,0.0,0.0,0.0,0.0,0.308990357054,-0.0047750661601
216.0,4.0,0.0,0.0,0.0,0.0,0.0,0.0,0.308739615977,-0.00479535485236
216.0,4.5,0.0,0.0,0.0,0.0,0.0,0.0,0.308491399456,-0.00481554051464
216.0,5.0,0.0,0.0,0.0,0.0,0.0,0.0,0.308245635813,-0.00483562652404
216.0,5.5,0.0,0.0,0.0,0.0,0.0,0.0,0.308002257987,-0.00485561599287
216.0,6.0,0.0,0.0,0.0,0.0,0.0,0.0227340180489,0.307761203134,-0.00487551179185
216,6.5,3.834570171459805,0.11265781474905073,16.735305693693892,False,0.17283570698798156,0.1752005006772047,0.3075215495072609,-0.004895388299760057
216,7.0,4.780301362568678,0.14576924444277173,16.731398734058295,False,0.2149867087230071,0.2393990560015918,0.3072740429439541,-0.004916017549096027
216,7.5,11.738113643708347,0.37352741214434726,33.424064623171205,False,0.5221856227240489,0.4477212828233234,0.3078128702569198,-0.004871239207646254
216,8.0,8.72349480094623,0.29970400612452097,33.4138289798431,False,0.3869686388973931,0.42141312909483797,0.30754166415006606,-0.004893716314810926
216,8.5,17.027101686742423,0.7215634174458047,33.24251010629462,False,0.7349089113719456,1.2879219540662636,0.3072765376458868,-0.004915809103814243
216,9.0,17.226487831599435,0.8317490078290506,32.221096157828,False,0.5856781279599657,1.1544482933095042,0.3069647418414245,-0.004941943050965967
216,9.5,17.66791132899423,1.438619690952838,29.669373904361223,False,0.390453639649173,1.783580328241114,0.3066560016911743,-0.004967984155821854
216,10.0,17.214858276240097,2.100795148089549,27.19422152620555,False,0.28390910138597075,2.099044971157373,0.3063024776782549,-0.0049980036779578635
216,10.5,17.684267168988104,2.3681463527450086,26.427637293257032,False,0.269651752669277,1.8390723380454495,0.30591392780007737,-0.005031247090449487
216,11.0,17.550373770442565,2.3471033015718383,26.51381566862331,False,0.2692628114298058,2.189440216943656,0.3055271290396003,-0.005064602682993625
216,11.5,17.540777531720497,2.3534096966404996,26.515060995596752,False,0.26909021561787133,2.279568048200407,0.3051298214526987,-0.00509913918882509
216,12.0,17.408528221374738,2.4981769067276978,26.062571572825583,False,0.25561696117102944,2.2616508620341667,0.30473080326279545,-0.00513410718354659
216,12.5,16.940792522510186,2.6243946705127055,25.607238639644528,False,0.23897253556728304,2.305810763118631,0.30432888221361504,-0.005169618793964175
216,13.0,17.418293752574375,2.623840609314218,25.65348378980702,False,0.24639383760324038,1.6223328234307663,0.30392237029468083,-0.005205834125300944
216,13.5,15.6288779072545,2.5979193117147874,25.25518218455838,False,0.21338931733115352,2.4392770944760938,0.3035436578726527,-0.005239845140032402
216,14.0,14.905675775575906,2.4960596331768112,25.14646413583442,False,0.20144742752717737,1.9782763075988432,0.30313673382336115,-0.005276685256570138
216,14.5,14.347809266618345,2.4502512206550238,24.99720919193546,False,0.19163050288589809,1.5958993949925766,0.3027529465451472,-0.005311713843782965
216,15.0,15.363607345629024,2.5006563048934556,25.159943430630907,False,0.2064218568230551,0.7968683069965015,0.3023871550574435,-0.005345358104917787
216,15.5,13.94460755157055,2.284887326552073,25.161163287064774,False,0.18877315500104672,0.9975065603779522,0.3020514912437309,-0.005376454939515419
216,16.0,13.39232147993575,2.3413422895135336,24.80742641497185,False,0.17587106459660679,1.0848790220356868,0.30171809132053845,-0.005407555644770012
216,16.5,13.28150184400667,2.3026881588334853,24.82266810266111,False,0.17436140780982912,0.9276576130426905,0.3013808962229455,-0.005439228651518977
216,17.0,10.164687394123774,1.6903906373567916,24.965041223596863,False,0.13435866328118581,0.24645872993693316,0.3010527720359464,-0.005470262038938977
216,17.5,8.930410760727936,1.397251895658643,25.345724458934395,False,0.12189963546792278,0.22283334624184106,0.30077534870541056,-0.005496664929408075
216,18.0,6.540632890550556,0.9877363924979219,25.54061552552344,False,0.09079767596425267,0.11554793372854849,0.300511535431727,-0.005521913487034558
216,18.5,2.4172697200553297,0.23427385776113732,14.029396601301343,False,0.04300760133297529,0.03035251364016493,0.30499908864752406,-0.0051105646245379315
216.0,19.0,0.0,0.0,0.0,0.0,0.0,0.00698745286941,0.304746356468,-0.00513273883626
216.0,19.5,0.0,0.0,0.0,0.0,0.0,0.0,0.304506138991,-0.0051539213703
216.0,20.0,0.0,0.0,0.0,0.0,0.0,0.0,0.304268843649,-0.00517494857165
216.0,20.5,0.0,0.0,0.0,0.0,0.0,0.0,0.304034129578,-0.00519584767001
216.0,21.0,0.0,0.0,0.0,0.0,0.0,0.0,0.303801925372,-0.00521662231723
216.0,21.5,0.0,0.0,0.0,0.0,0.0,0.0,0.303572163571,-0.00523727593407
216.0,22.0,0.0,0.0,0.0,0.0,0.0,0.0,0.303344780349,-0.00525781172898
216.0,22.5,0.0,0.0,0.0,0.0,0.0,0.0,0.303119715227,-0.00527823271522
216.0,23.0,0.0,0.0,0.0,0.0,0.0,0.0,0.302896910827,-0.00529854172638
216.0,23.5,0.0,0.0,0.0,0.0,0.0,0.0,0.302676312634,-0.00531874143052
216.0,24.0,0.0,0.0,0.0,0.0,0.0,0.0,0.302457868786,-0.00533883434304
217.0,0.5,0.0,0.0,0.0,0.0,0.0,0.0,0.302241529882,-0.00535882283838
217.0,1.0,0.0,0.0,0.0,0.0,0.0,0.0,0.302027248809,-0.00537870916076
217.0,1.5,0.0,0.0,0.0,0.0,0.0,0.0,0.301814980579,-0.00539849543396
217.0,2.0,0.0,0.0,0.0,0.0,0.0,0.0,0.301604682182,-0.00541818367027
217.0,2.5,0.0,0.0,0.0,0.0,0.0,0.0,0.301396312457,-0.00543777577866
217.0,3.0,0.0,0.0,0.0,0.0,0.0,0.0,0.301189831964,-0.00545727357231
217.0,3.5,0.0,0.0,0.0,0.0,0.0,0.0,0.300985202872,-0.00547667877549
217.0,4.0,0.0,0.0,0.0,0.0,0.0,0.0,0.300782388859,-0.00549599302987
217.0,4.5,0.0,0.0,0.0,0.0,0.0,0.0,0.300581355013,-0.00551521790033
217.0,5.0,0.0,0.0,0.0,0.0,0.0,0.0,0.300382067748,-0.00553435488028
217.0,5.5,0.0,0.0,0.0,0.0,0.0,0.0,0.30018449472,-0.0055534053966
217,6.0,2.28912399103252,0.07543772766603146,16.44763757483646,False,0.08871591243845355,0.048631983180668914,0.29998860475300904,-0.005572370814126114
217,6.5,2.8274599700225815,0.09384588310540821,16.438086993034354,False,0.10907177727051603,0.06196537317110402,0.2997896593333988,-0.0055917110890554775
217,7.0,3.6827223524264174,0.1236071489067413,16.441263741450165,False,0.14228349641478708,0.10035899385367812,0.2995911332721366,-0.005611090374203583
217,7.5,4.835822211564114,0.1719229827607581,16.402545208959605,False,0.18338507299117365,0.19697176029051588,0.30096989128576285,-0.005478134093388932
217,8.0,6.388440772865343,0.25141207865932624,16.36983875716716,False,0.23854408960448512,0.375752129712181,0.3015422973733041,-0.005424040611497198
217,8.5,13.459204909487212,0.5342032386534095,32.56663855709013,False,0.4829503968078801,0.5842164106901815,0.30131114481455173,-0.005445808019797502
217,9.0,7.726372020375006,0.36685719831082986,16.067922600667508,False,0.25268792546669067,0.5381629286888562,0.3010633657914753,-0.0054692568105959224
217,9.5,7.1680267512797835,0.35898092428282347,15.819681557224284,False,0.2127156723581776,0.38897462396101307,0.301614505225049,-0.005417262129638082
217,10.0,7.830383096805639,0.3984954787923297,15.784491045773049,False,0.2293601887046088,0.47954941791072425,0.3021665993802108,-0.005365766775764601
217,10.5,16.750437937071478,0.9137915381552657,31.436338484366694,False,0.47894068144071583,0.9659632828475376,0.30349706481435335,-0.005244047785668739
217,11.0,18.295866128373174,1.3188516678822546,30.03397111704811,False,0.4238045603576245,1.5388923436055282,0.3032005388971792,-0.005270888430074718
217,11.5,18.422063243129596,1.6108579089668453,29.134134531738084,False,0.37834651277527753,1.918571515701154,0.30286948613732506,-0.005301047965013121
217,12.0,15.912270783304933,1.4159599725100336,28.724072576187183,False,0.3058663832054128,0.8980343482181075,0.30251545438497845,-0.005333528736392207
217,12.5,16.566146997972265,1.581860414133775,28.240652621376903,False,0.30791149636713794,1.0246876994987857,0.30220998747833444,-0.005361744621038805
217,13.0,15.632545380326558,1.5632615832711616,27.90672319677188,False,0.2796512610872897,0.8902064607322407,0.30189578881115403,-0.005390952806166717
217,13.5,17.586379916058497,1.9012633558445593,27.679585979513845,False,0.30560616558151577,1.463517639402448,0.30158970518144645,-0.005419589084777017
217,14.0,15.190366459405478,1.6414251122649206,27.58211055738189,False,0.25658479851306704,0.8663462424378834,0.30125128121725886,-0.005451462273299296
217,14.5,4.303185226472215,0.36467413893467043,14.398901531077582,False,0.08345956260854621,0.13222122384268983,0.30094756600665373,-0.005480256866459128
217,15.0,3.530209038707961,0.20550734531950024,15.316374320236307,False,0.08819920791461147,0.0907203446940885,0.30387593757977,-0.005209989929045209
217,15.5,3.2640290120320596,0.15412995695422532,15.765392167622739,False,0.09493912373218157,0.07963535869923902,0.31463708066855606,-0.00434412996086683
217,16.0,2.8791728391032714,0.11955413337926431,16.013532758764324,False,0.09210246563613096,0.061759901149505345,0.3150523329283426,-0.00431430908544044
217,16.5,2.997177065294209,0.12095839793791652,16.077161366454686,False,0.09839525891206781,0.07931672010020831,0.3170337538336066,-0.004175330082866585
217,17.0,2.398986539287098,0.09562472153933942,16.100057750333242,False,0.07950844879599404,0.053822741541172905,0.31898618939046985,-0.004043570956223471
217,17.5,2.8114030430949253,0.11048756769813835,16.168044057594035,False,0.09589346943100226,0.12900349151432652,0.32169269295182973,-0.0038690225067789627
217.0,18.0,0.0,0.0,0.0,0.0,0.0,0.0,0.326428190809,-0.00358472180226
217.0,18.5,0.0,0.0,0.0,0.0,0.0,0.0,0.326998636267,-0.00355218155052
217.0,19.0,0.0,0.0,0.0,0.0,0.0,0.0,0.326431277553,-0.00358454477001
217.0,19.5,0.0,0.0,0.0,0.0,0.0,0.0,0.32744292822,-0.00352708114866
217.0,20.0,0.0,0.0,0.0,0.0,0.0,0.0,0.329210867257,-0.00342927150633
217.0,20.5,0.0,0.0,0.0,0.0,0.0,0.0,0.329402538533,-0.00341886283625
217.0,21.0,0.0,0.0,0.0,0.0,0.0,0.0,0.329599891371,-0.00340818493778
217.0,21.5,0.0,0.0,0.0,0.0,0.0,0.0,0.329024208618,-0.00343944427434
217.0,22.0,0.0,0.0,0.0,0.0,0.0,0.0,0.328468574817,-0.00346993944649
217.0,22.5,0.0,0.0,0.0,0.0,0.0,0.0,0.327930685415,-0.00349976810568
217.0,23.0,0.0,0.0,0.0,0.0,0.0,0.0,0.327408583098,-0.00352901393334
217.0,23.5,0.0,0.0,0.0,0.0,0.0,0.0,0.327680160627,-0.00351376519415
217.0,24.0,0.0,0.0,0.0,0.0,0.0,0.0,0.327169702623,-0.00354249199033
218.0,0.5,0.0,0.0,0.0,0.0,0.0,0.0,0.326671614797,-0.00357079276864
218.0,1.0,0.0,0.0,0.0,0.0,0.0,0.0,0.326184669675,-0.00359872122017
218.0,1.5,0.0,0.0,0.0,0.0,0.0,0.0,0.325707815432,-0.00362632350337
218.0,2.0,0.0,0.0,0.0,0.0,0.0,0.0,0.325240155513,-0.00365363892278
218.0,2.5,0.0,0.0,0.0,0.0,0.0,0.0,0.324780926603,-0.00368070078806
218.0,3.0,0.0,0.0,0.0,0.0,0.0,0.0,0.324329478612,-0.00370753723513
218.0,3.5,0.0,0.0,0.0,0.0,0.0,0.0,0.323885257307,-0.00373417196022
218.0,4.0,0.0,0.0,0.0,0.0,0.0,0.0,0.323447789479,-0.00376062486048
218.0,4.5,0.0,0.0,0.0,0.0,0.0,0.0,0.32379852626,-0.0037393987673
218.0,5.0,0.0,0.0,0.0,0.0,0.0,0.0,0.323360113716,-0.00376595328192
218.0,5.5,0.0,0.0,0.0,0.0,0.0,0.0,0.322928009122,-0.00379234586587
218.0,6.0,0.0,0.0,0.0,0.0,0.0,0.0,0.323283902425,-0.00377059226894
218.0,6.5,0.0,0.0,0.0,0.0,0.0,0.0,0.324413486836,-0.00370252573435
218,7.0,2.3260276018643897,0.0632327641261044,16.717169582444185,False,0.10377460559442185,0.031812903396865794,0.32552077919273,-0.003637218755366105
218,7.5,2.8420141547937003,0.07746878338583164,16.722326446268696,False,0.12716291912944713,0.052656478928266144,0.3250414815145554,-0.0036653173717236436
218,8.0,3.7966289679533807,0.10793329758463174,16.692939099114152,False,0.16711353763982104,0.10268459566260413,0.3269099400441199,-0.00355721792214047
218,8.5,5.063353312171967,0.15208129705179657,16.66664935045196,False,0.21967415378372307,0.18413732415737044,0.32717786912858565,-0.0035420302102833743
218,9.0,6.920481188094548,0.22821626355496158,16.657996606335168,False,0.29883546242746634,0.37204614393886104,0.327435289400935,-0.00352751091699946
218,9.5,7.520356255729572,0.26713244423192917,16.57778291904594,False,0.3111875758540025,0.4437673643983061,0.32689764693266243,-0.0035579166238488362
218,10.0,15.466310209844192,0.5898081697444089,32.946818042525834,False,0.6070254205449441,0.7764011386183143,0.32636579371759483,-0.0035883026619788357
218,10.5,15.52720979803847,0.6606936097283295,32.3718828078901,False,0.5337099947281491,0.7921919718840148,0.32659829884606423,-0.003574981204497185
218,11.0,17.046795633432204,0.8351342251626985,31.98836116263561,False,0.5411021391805184,1.013510628959784,0.3260412870585397,-0.0036069943946368276
218,11.5,17.636902002986318,1.0605064621738662,30.94296216675577,False,0.46321037421348155,1.1659555936791686,0.3254782236073102,-0.0036397031510737384
218,12.0,18.294060634523213,1.3727291146457719,29.751574472807054,False,0.40632207806689946,1.5098204287590264,0.3249092457312849,-0.0036731151077562234
218,12.5,8.598810370422713,0.672129302536916,14.735597771109617,False,0.18168899188214324,0.6381028365022449,0.3243233231051637,-0.0037079047588566023
218,13.0,18.02982235604892,1.604021544765875,28.84364473888585,False,0.3565310858434405,1.5343754810050068,0.3238046172314156,-0.0037390314132228816
218,13.5,16.492285202148416,1.5255467821668824,28.523362174431597,False,0.30950913335261354,1.03006918397922,0.32322372806283123,-0.0037742598976694274
218,14.0,15.097027759841882,1.330272058598488,28.7282927635311,False,0.290343801613519,0.8216818169527225,0.32267184529606185,-0.0038080961885628094
218,14.5,15.89557168705046,1.6159038590482266,28.28667220737173,False,0.2932995337287745,2.012281277938285,0.32214190460351694,-0.003840927880468782
218,15.0,15.803093404576202,1.9074546725600796,27.322092539918238,False,0.2618391669652086,2.5408618531990395,0.3215623301253048,-0.0038772214602720836
218,15.5,15.076853637985975,1.721535740933182,27.35046877063482,False,0.25063362294808145,1.3894682929879207,0.32095781426421643,-0.003915513129253604
218,16.0,13.850250958847612,1.4871205183802008,27.709324292505706,False,0.23882208389554632,1.286464726945739,0.32041004824370317,-0.003950599796817197
218,16.5,12.108401496279319,1.3923237567263331,27.30761440742401,False,0.20013755803663003,1.1364840240607088,0.3198809216552203,-0.003984848798710476
218,17.0,13.30894398848555,1.5919860388432239,27.099369080627625,False,0.21522176697644935,1.359971046266331,0.31936677029825006,-0.00401846790669964
218,17.5,10.090754740545714,1.234129106830737,26.836050147449566,False,0.1588721754495353,0.7399147426351529,0.31884211121880396,-0.004053123054070899
218,18.0,6.6431354379603915,0.7445347822584282,27.25316944202047,False,0.10842412909044605,0.2920736115403662,0.31835999051717145,-0.004085282797305207
218,18.5,4.2418668936431985,0.43473202898050944,27.76282280132673,False,0.07305231886835087,0.13542990520294898,0.31791875702836325,-0.004114981940479637
218,19.0,1.5781645030578517,0.14316884328053003,14.083411432572591,False,0.02842179954199244,0.014103741894483431,0.3175004292633574,-0.00414337716503289
218.0,19.5,0.0,0.0,0.0,0.0,0.0,0.0,0.317102873507,-0.00417057903646
218.0,20.0,0.0,0.0,0.0,0.0,0.0,0.0,0.316716293075,-0.0041972342331
218.0,20.5,0.0,0.0,0.0,0.0,0.0,0.0,0.316334627747,-0.00422374988789
218.0,21.0,0.0,0.0,0.0,0.0,0.0,0.0,0.315957789386,-0.00425012623922
218.0,21.5,0.0,0.0,0.0,0.0,0.0,0.0,0.315585692878,-0.00427636347718
218.0,22.0,0.0,0.0,0.0,0.0,0.0,0.0,0.315218255675,-0.00430246176889
218.0,22.5,0.0,0.0,0.0,0.0,0.0,0.0,0.314855397419,-0.00432842127855
218.0,23.0,0.0,0.0,0.0,0.0,0.0,0.0,0.314497039662,-0.00435424218313
218.0,23.5,0.0,0.0,0.0,0.0,0.0,0.0,0.314143105629,-0.00437992468442
218.0,24.0,0.0,0.0,0.0,0.0,0.0,0.0,0.313793520042,-0.00440546901814
219.0,0.5,0.0,0.0,0.0,0.0,0.0,0.0,0.313448208983,-0.00443087546054
219.0,1.0,0.0,0.0,0.0,0.0,0.0,0.0,0.313107099784,-0.00445614433301
219.0,1.5,0.0,0.0,0.0,0.0,0.0,0.0,0.312770120951,-0.00448127600504
219.0,2.0,0.0,0.0,0.0,0.0,0.0,0.0,0.312437202103,-0.00450627089586
219.0,2.5,0.0,0.0,0.0,0.0,0.0,0.0,0.312108273929,-0.00453112947499
219.0,3.0,0.0,0.0,0.0,0.0,0.0,0.0,0.311783268156,-0.00455585226194
219.0,3.5,0.0,0.0,0.0,0.0,0.0,0.0,0.311462117531,-0.00458043982529
219.0,4.0,0.0,0.0,0.0,0.0,0.0,0.0,0.311144755804,-0.00460489278116
219.0,4.5,0.0,0.0,0.0,0.0,0.0,0.0,0.310831117724,-0.00462921179136
219.0,5.0,0.0,0.0,0.0,0.0,0.0,0.0,0.310521139032,-0.00465339756122
219.0,5.5,0.0,0.0,0.0,0.0,0.0,0.0,0.310214756457,-0.00467745083722
219,6.0,2.6747873414985603,0.07124317931107016,16.845414945487477,False,0.12858385029776684,0.09646906920120621,0.3099119077209384,-0.0047013724044645
219,6.5,8.697370920377285,0.24282995329069124,33.68516157565947,False,0.4173898548396672,0.24504464839405257,0.30960616686614484,-0.004725670423828549
219,7.0,11.601857290731349,0.38632471309344635,33.64861978015533,False,0.5507063437014476,0.420912246595749,0.30929168812424257,-0.004750819130083539
219,7.5,13.249468979813056,0.4527075793628514,33.55003567313942,False,0.6109422089648142,0.5588700785465504,0.3089684425543919,-0.004776835285764869
219,8.0,15.024272608727529,0.5740573084694388,33.321008063902966,False,0.6714170565291311,0.766226173974103,0.30864073691693,-0.004803383870205546
219,8.5,16.49760286683213,0.7374189797827764,32.96367396381214,False,0.7080615669556256,1.016885330554366,0.3083037942518308,-0.004830864292881917
219,9.0,17.64883354732248,0.8796268649418921,32.9191117404509,False,0.7291931088473229,1.4269563786803916,0.30795432054588956,-0.004859564859315221
219,9.5,18.053739111218995,0.9765118743416292,32.745292820992205,False,0.7050507740817701,1.721270661167583,0.30758701359411833,-0.0048899492386853104
219,10.0,18.404309387531658,1.1110910392817492,31.25146527023106,False,0.530230130740301,1.4396263511177725,0.30720793203855346,-0.004921545297387843
219,10.5,18.08334843178955,1.7143825350362558,28.656192913808546,False,0.3492186847517107,1.7543919201277853,0.30683744965720144,-0.004952659930268569
219,11.0,17.499908452764338,2.2460473382774166,26.83071677360443,False,0.2774558264452774,1.8296088494919758,0.3064350927749818,-0.00498671739221787
219,11.5,17.245533791834635,2.4313002142918974,26.19485554925652,False,0.256594433107704,1.7662965143391662,0.30601261912128674,-0.005022778397676392
219,12.0,15.870836313904995,2.6128947489452687,25.294955905501904,False,0.217921887482205,1.874655865496687,0.30558838180652775,-0.0050593030318238676
219,12.5,15.374261267050777,2.6585779955797855,24.968044380437423,False,0.20514020047364717,1.7286182850744194,0.3051559553168414,-0.005096858862800675
219,13.0,16.505271996252354,2.592288366798554,25.491480128508456,False,0.23019970447977411,1.3406277549547299,0.3047301033706452,-0.005134168769210418
219,13.5,16.24444277916262,2.0688175846833183,26.632379464972615,False,0.24925391299590954,0.611167632413013,0.3043242099227248,-0.005170033330481193
219,14.0,6.491687608918407,0.8037542103272846,13.355883539129843,False,0.10037673911403877,0.17341055456890045,0.3039685371503697,-0.005201706031576697
219,14.5,5.899600813841096,0.6834358018794318,13.542690428909566,False,0.09465920411257911,0.1588598072843415,0.30446745415182436,-0.005157342354304447
219,15.0,3.3286510887832277,0.18354209579802674,15.433432646887905,False,0.08633800872863227,0.08327130013285745,0.32640983059067297,-0.0035857750207613517
219,15.5,3.7519309619395087,0.18398191766808414,15.683541123996719,False,0.10595895997782138,0.10484887235098973,0.335043855947129,-0.0031287120198018673
219,16.0,3.954770348280557,0.21066097577175602,15.527541761372488,False,0.10582585119264207,0.12956330045395595,0.3350688059507115,-0.0031274954675893545
219,16.5,11.117560903453718,0.5838875894117351,31.216841901581603,False,0.3058163582765211,0.4599215977869298,0.33421010522298666,-0.0031696915220504602
219,17.0,11.531370689537424,0.8900393086166694,29.4870853896829,False,0.24416799656074123,0.6984788486411474,0.333374575272673,-0.0032114016588560322
219,17.5,9.55517033298309,0.6457529148639903,30.164546974752273,False,0.22440350576767437,0.6380331322123408,0.33256028062960746,-0.003252682445803696
219,18.0,10.178685543359254,0.6522617861835962,30.472461022219765,False,0.2499568656137592,0.6816826054652555,0.33179323938140454,-0.0032921472163529473
219,18.5,5.853249519182036,0.3313781403636277,30.798024288313606,False,0.1501354432645109,0.2789903718953428,0.33105503514554174,-0.00333066818158856
219,19.0,3.063934419247423,0.1748008289779278,15.223814395970594,False,0.07438703145142565,0.12237443789558199,0.3303710299845943,-0.003366841150807546
219.0,19.5,0.0,0.0,0.0,0.0,0.0,0.0,0.32972237088,-0.00340157808867
219.0,20.0,0.0,0.0,0.0,0.0,0.0,0.0,0.329105735556,-0.00343499669572
219.0,20.5,0.0,0.0,0.0,0.0,0.0,0.0,0.328507604282,-0.00346778687814
219.0,21.0,0.0,0.0,0.0,0.0,0.0,0.0,0.327926116701,-0.00350002276924
219.0,21.5,0.0,0.0,0.0,0.0,0.0,0.0,0.327359719748,-0.00353176591201
219.0,22.0,0.0,0.0,0.0,0.0,0.0,0.0,0.3268071088,-0.0035630675659
219.0,22.5,0.0,0.0,0.0,0.0,0.0,0.0,0.326267181105,-0.00359397056111
219.0,23.0,0.0,0.0,0.0,0.0,0.0,0.0,0.325738998781,-0.00362451079228
219.0,23.5,0.0,0.0,0.0,0.0,0.0,0.0,0.325221759254,-0.00365471842675
219.0,24.0,0.0,0.0,0.0,0.0,0.0,0.0,0.324714771509,-0.00368461888698
220.0,0.5,0.0,0.0,0.0,0.0,0.0,0.0,0.324217436908,-0.00371423365323
220.0,1.0,0.0,0.0,0.0,0.0,0.0,0.0,0.323729233608,-0.00374358092249
220.0,1.5,0.0,0.0,0.0,0.0,0.0,0.0,0.323249703848,-0.00377267615179
220.0,2.0,0.0,0.0,0.0,0.0,0.0,0.0,0.322778443543,-0.00380153250777
220.0,2.5,0.0,0.0,0.0,0.0,0.0,0.0,0.322315093712,-0.00383016123998
220.0,3.0,0.0,0.0,0.0,0.0,0.0,0.0,0.321859333412,-0.00385857199182
220.0,3.5,0.0,0.0,0.0,0.0,0.0,0.0,0.321410873892,-0.00388677305998
220.0,4.0,0.0,0.0,0.0,0.0,0.0,0.0,0.320969453728,-0.00391477161152
220.0,4.5,0.0,0.0,0.0,0.0,0.0,0.0,0.321316585891,-0.00389273350062
220.0,5.0,0.0,0.0,0.0,0.0,0.0,0.0,0.320875183509,-0.00392078211758
220.0,5.5,0.0,0.0,0.0,0.0,0.0,0.0,0.32044080714,-0.00394861966193
220.0,6.0,0.0,0.0,0.0,0.0,0.0,0.0,0.320013216115,-0.00397625266132
220,6.5,2.3380028385785234,0.05951975846310468,16.82850328001234,False,0.11125659608142578,0.049841205631707367,0.3195921883082538,-0.004003686933110565
220,7.0,3.768804591883791,0.10191044475205674,16.827103906445945,False,0.17919294982057507,0.1371879079377808,0.31917336755156833,-0.0040312014407690965
220,7.5,4.140140941688325,0.11162287917253963,16.827103905163,False,0.1968486425673884,0.1452002350108476,0.31875578883924605,-0.0040588589367519705
220,8.0,4.850332394666382,0.13373364733909668,16.832710343896267,False,0.23139113288991678,0.18568025886868103,0.3183435238231861,-0.004086386562708826
220,8.5,5.640426828693171,0.16020381207564996,16.839752838306108,False,0.2702249778192706,0.24113634064262693,0.31793470167335564,-0.004113904245907119
220,9.0,6.530749445459095,0.20059510708459022,16.834115764003496,False,0.3118203614919469,0.3230431104520834,0.3175284302706889,-0.004141469239268293
220,9.5,7.3306678541885475,0.2467399893439511,16.825706136574503,False,0.3482556124866703,0.41597614245192077,0.31712302793600994,-0.004169194904103928
220,10.0,7.201676524547026,0.239741479454243,16.760318518798375,False,0.32926846350053207,0.3823263188206006,0.31671771616330846,-0.0041971357378157844
220,10.5,16.06508889779281,0.6130516398012663,33.257288728662026,False,0.7039274335421559,0.8593203039108165,0.3163191809190106,-0.004224827229831388
220,11.0,16.931632606566797,0.8366848777368455,31.913812246688682,False,0.5295691907183573,1.011447378910342,0.3158934823684347,-0.004254646911475822
220,11.5,18.254684688254617,1.54140553358165,29.380973932982954,False,0.386598235770262,2.0442871442290746,0.3154585070120852,-0.004285375820855842
220,12.0,18.163719629432986,1.7990962131329635,28.31218582380537,False,0.33679165572205866,1.9275217038113324,0.3149624574977295,-0.004320742653978565
220,12.5,17.796856542400896,1.797256821390417,28.075658607183183,False,0.3226673240585112,1.461825983108854,0.31446581383007743,-0.004356500792033311
220,13.0,17.742511807747704,2.009277004886274,27.549878755075213,False,0.30304721463275675,1.9454452660982566,0.31399155935046236,-0.004390976492542179
220,13.5,16.889735370538734,2.1885717945476433,26.73529550366944,False,0.2647069248515571,2.1101160210334773,0.31349544817007324,-0.004427389524787844
220,14.0,15.428511487704139,2.3144339482918195,25.981366560226753,False,0.2248386461373594,2.7280728178247986,0.3129907267575789,-0.004464804332504857
220,14.5,14.577495786249347,2.3353674706785563,25.476671948965713,False,0.20295220350782825,2.3956075492237177,0.3124621248077538,-0.004504394006073111
220,15.0,14.12249892454977,2.3642060937484533,25.191999652167674,False,0.19191861563694315,2.106607539072944,0.31194960033090946,-0.004543179555475326
220,15.5,13.665503157680131,2.359436318496161,24.959635064745655,False,0.18209282061723392,1.7925621047953662,0.3114511144890119,-0.004581285024860891
220,16.0,13.10318146896612,2.259287114802438,24.905073472426558,False,0.17356976917825717,1.4460147213341492,0.31096880680257943,-0.004618516797438647
220,16.5,11.734011950717123,1.9956297890839219,24.91980811382983,False,0.15550743010400822,0.9917224420663197,0.3105074467252283,-0.004654469356918605
220,17.0,11.659879482412013,1.9637353859945648,24.9503038110367,False,0.15480680559861223,0.8719450540021787,0.31007724723140356,-0.004688294465838422
220,17.5,10.385969140140862,1.7309429754834393,24.950523058502554,False,0.13784210118135612,0.6046122364311267,0.3096566394595666,-0.004721648942821356
220,18.0,7.488470636707913,1.219619359627411,25.074492397415185,False,0.09989241389698614,0.2896501547561682,0.30925877082790126,-0.004753460717910893
220,18.5,4.892659469579696,0.7510654162635865,25.390174942743563,False,0.06704023914560198,0.11501281835670023,0.3088959448873363,-0.0047826934848391655
220.0,19.0,0.0,0.0,0.0,0.0,0.0,0.0,0.30856114103,-0.00480985872532
220.0,19.5,0.0,0.0,0.0,0.0,0.0,0.0,0.308262747557,-0.00483422476977
220.0,20.0,0.0,0.0,0.0,0.0,0.0,0.0,0.307967828445,-0.00485845175355
220.0,20.5,0.0,0.0,0.0,0.0,0.0,0.0,0.307676317061,-0.00488254109691
220.0,21.0,0.0,0.0,0.0,0.0,0.0,0.0,0.307388148469,-0.00490649420613
220.0,21.5,0.0,0.0,0.0,0.0,0.0,0.0,0.307103259354,-0.00493031247456
220.0,22.0,0.0,0.0,0.0,0.0,0.0,0.0,0.306821587972,-0.00495399728355
220.0,22.5,0.0,0.0,0.0,0.0,0.0,0.0,0.306543074085,-0.00497755000302
220.0,23.0,0.0,0.0,0.0,0.0,0.0,0.0,0.306267658915,-0.00500097199197
220.0,23.5,0.0,0.0,0.0,0.0,0.0,0.0,0.305995285093,-0.00502426459873
220.0,24.0,0.0,0.0,0.0,0.0,0.0,0.0,0.305725896613,-0.00504742916117
221.0,0.5,0.0,0.0,0.0,0.0,0.0,0.0,0.305459438794,-0.00507046700682
221.0,1.0,0.0,0.0,0.0,0.0,0.0,0.0,0.305195858238,-0.00509337945283
221.0,1.5,0.0,0.0,0.0,0.0,0.0,0.0,0.304935102791,-0.00511616780598
221.0,2.0,0.0,0.0,0.0,0.0,0.0,0.0,0.30467712151,-0.00513883336254
221.0,2.5,0.0,0.0,0.0,0.0,0.0,0.0,0.304421864626,-0.00516137740822
221.0,3.0,0.0,0.0,0.0,0.0,0.0,0.0,0.304169283517,-0.00518380121796
221.0,3.5,0.0,0.0,0.0,0.0,0.0,0.0,0.30391933067,-0.00520610605581
221.0,4.0,0.0,0.0,0.0,0.0,0.0,0.0,0.303671959658,-0.00522829317476
221.0,4.5,0.0,0.0,0.0,0.0,0.0,0.0,0.303427125105,-0.00525036381657
221.0,5.0,0.0,0.0,0.0,0.0,0.0,0.0,0.303184782664,-0.00527231921157
221.0,5.5,0.0,0.0,0.0,0.0,0.0,0.0,0.302944888985,-0.00529416057856
221,6.0,5.16026646796301,0.15083735834069215,33.33081976416687,False,0.2237274855489198,0.09474046442129361,0.3027074016957626,-0.005315889124598787
221,6.5,11.030797156273488,0.35560034518331024,33.30124564530533,False,0.47442511413449595,0.2697225886079359,0.3024629597035278,-0.0053383650417861426
221,7.0,13.135355753342846,0.4767266972788525,33.0911211154104,False,0.5345716064157207,0.39331631696823893,0.30220643086603655,-0.005362074190199923
221,7.5,14.509243709284423,0.6852485215111054,32.03518489855344,False,0.46489830013707145,0.49248230878735644,0.30194289977665717,-0.005386561269922522
221,8.0,15.655919640958688,1.1284594408175335,29.911762779824603,False,0.35520976395595133,0.6484117758266229,0.3016699380917354,-0.005412065240064341
221,8.5,16.243248773355933,1.5632642252761615,28.410695690464852,False,0.3038369507841266,0.8390206407074003,0.3013764473360033,-0.005439648014159686
221,9.0,15.465321900475995,1.6497151260162017,27.710226612874564,False,0.26483178257783224,0.5173548317448029,0.3010613934100717,-0.005469443950749569
221,9.5,16.942575596842847,2.022159735431976,27.194486776342533,False,0.27753366713170097,0.938610855655327,0.30075740090717484,-0.005498378277735724
221,10.0,17.273597775807325,2.180329110657882,26.766713652884327,False,0.27076670469504505,0.758097106305685,0.3004253871117516,-0.0055301883259644986
221,10.5,16.60098849029772,2.0349367421039335,26.924297664977487,False,0.2621047427517998,0.5031296866087398,0.3000962862405873,-0.005561935915380815
221,11.0,14.117873141983818,1.6598310795155606,27.105104304389187,False,0.22697306038438433,0.30331740000945245,0.2997844100640152,-0.005592222473393615
221,11.5,17.171828367549846,2.063511060616902,27.07358587504605,False,0.27519491782773897,0.4819151981698429,0.2994963498954483,-0.005620370950118509
221,12.0,17.418327492593832,2.333245762212462,26.5260944572233,False,0.26687688352880934,0.7473912393292839,0.2991881577732338,-0.005650673802197568
221,12.5,16.58832388285402,2.4857032255636127,25.86753199416294,False,0.23891260588500235,0.7120049262707717,0.2988615881454842,-0.005682996286978424
221,13.0,17.051692820446466,2.5569036380412102,25.74139892456941,False,0.2430188518660355,0.4498986068103458,0.298532478326716,-0.005715793303871403
221,13.5,15.654107803516222,2.5387774614337495,25.37164664420911,False,0.21584653028684442,0.4900902960325509,0.29821248563371805,-0.005747898218713798
221,14.0,14.395972837160738,2.4606346273901467,25.061292680069784,False,0.19315137389122808,0.40191742686237414,0.2978934980634898,-0.005780116363836079
221,14.5,13.92946574360486,2.100942146114473,25.640144253685566,False,0.19506434830872038,0.11302158268511218,0.2975826355573251,-0.0058117210917891585
221,15.0,14.052849569190872,1.8571238225861126,26.44249443435063,False,0.21174800963966517,0.08623877701157567,0.29729817183697427,-0.005840822474199886
221,15.5,14.78592145899093,2.2736631239327854,25.74917485168361,False,0.21025820118376812,0.1825779313268433,0.29702573440924557,-0.005868856442960526
221,16.0,13.211822777441245,2.0035314723471522,25.659125523806996,False,0.18532433639592222,0.045728120577858085,0.2967355629519083,-0.00589889175094041
221,16.5,11.97301344616653,1.711389235218303,25.989758682696703,False,0.17299075323905316,0.012661462627192106,0.2964625393619507,-0.005927319473730857
221,17.0,1.9329651067936968,0.1596120865806754,14.50020615854107,False,0.03843905112909558,0.004979960852439356,0.3001471572347804,-0.0055570143485489274
221,17.5,8.156090084070089,0.47525067805231325,30.716774077384642,False,0.20649787917341259,0.12502502289692108,0.3007026340111914,-0.0055036104175538655
221,18.0,6.362598338184926,0.35205547257649256,30.924990826625958,False,0.16661105914587257,0.09283741313312883,0.30044859790007267,-0.005527957397633615
221,18.5,1.780549891399896,0.1231455046669176,14.913131453947058,False,0.039484345046673815,0.004630469566136129,0.30020321963739993,-0.005551596542344577
221.0,19.0,0.0,0.0,0.0,0.0,0.0,0.0,0.29997255852,-0.00557392777409
221.0,19.5,0.0,0.0,0.0,0.0,0.0,0.0,0.299749354496,-0.00559563901928
221.0,20.0,0.0,0.0,0.0,0.0,0.0,0.0,0.299528687551,-0.00561720260186
221.0,20.5,0.0,0.0,0.0,0.0,0.0,0.0,0.299310490162,-0.00563862228254
221.0,21.0,0.0,0.0,0.0,0.0,0.0,0.0,0.299094697976,-0.00565990163487
221.0,21.5,0.0,0.0,0.0,0.0,0.0,0.0,0.298881249594,-0.00568104405816
221.0,22.0,0.0,0.0,0.0,0.0,0.0,0.0,0.298670086381,-0.00570205278922
221.0,22.5,0.0,0.0,0.0,0.0,0.0,0.0,0.298461152286,-0.00572293091329
221.0,23.0,0.0,0.0,0.0,0.0,0.0,0.0,0.298254393679,-0.00574368137398
221.0,23.5,0.0,0.0,0.0,0.0,0.0,0.0,0.2980497592,-0.00576430698239
221.0,24.0,0.0,0.0,0.0,0.0,0.0,0.0,0.297847199621,-0.00578481042564
222.0,0.5,0.0,0.0,0.0,0.0,0.0,0.0,0.297646667716,-0.00580519427457
222.0,1.0,0.0,0.0,0.0,0.0,0.0,0.0,0.297448118147,-0.005825460991
222.0,1.5,0.0,0.0,0.0,0.0,0.0,0.0,0.297251507348,-0.00584561293433
222.0,2.0,0.0,0.0,0.0,0.0,0.0,0.0,0.29705679343,-0.00586565236769
222.0,2.5,0.0,0.0,0.0,0.0,0.0,0.0,0.296863936083,-0.00588558146364
222.0,3.0,0.0,0.0,0.0,0.0,0.0,0.0,0.29667289649,-0.00590540230947
222.0,3.5,0.0,0.0,0.0,0.0,0.0,0.0,0.296483637246,-0.00592511691205
222.0,4.0,0.0,0.0,0.0,0.0,0.0,0.0,0.296296122282,-0.00594472720242
222.0,4.5,0.0,0.0,0.0,0.0,0.0,0.0,0.296110316797,-0.00596423503999
222.0,5.0,0.0,0.0,0.0,0.0,0.0,0.0,0.295926187188,-0.0059836422165
222.0,5.5,0.0,0.0,0.0,0.0,0.0,0.0,0.295743700994,-0.00600295045965
222.0,6.0,0.0,0.0,0.0,0.0,0.0,0.00926632743326,0.295562826834,-0.00602216143658
222,6.5,2.162757598557367,0.07497543667323829,16.350745120598333,False,0.08003983521615492,0.01328218123871226,0.2953831827008552,-0.006041314319950423
222,7.0,3.9281538821846307,0.14812206581178153,16.28140768689166,False,0.1408306724647647,0.06002311462450631,0.2952020931647518,-0.006060694806941086
222,7.5,4.540605594073866,0.18148478802848567,16.174285688382707,False,0.15529006771406978,0.07139803199287292,0.29501797777472116,-0.0060804751177699805
222,8.0,6.0652061229973375,0.27654428705940665,16.00060676310105,False,0.19301774615843248,0.13237814337515608,0.2948336609156506,-0.006100354165757569
222,8.5,13.665190580129956,0.7830938285712785,30.954990315759655,False,0.3596126439145718,0.24743614563905883,0.29464489197981114,-0.006120793698042896
222,9.0,7.45816169254039,0.5906518938077323,14.680796112109961,False,0.15532637819965797,0.19081177684345482,0.29443397679282907,-0.006143727779719836
222,9.5,15.174464269862712,1.16264979770584,29.537656860200407,False,0.323485197815942,0.292708014108764,0.29423393225997596,-0.006165574495026395
222,10.0,15.89890101845075,1.4045648291609552,28.802094454627756,False,0.30851796347779237,0.31503839756620483,0.2940097076946098,-0.006190172008868673
222,10.5,8.003421377658732,0.7437385693365928,14.249614970035793,False,0.14977305017101727,0.17067285236505167,0.29377682556596646,-0.0062158431436402815
222,11.0,7.523721246523219,0.6210560730247215,14.53681665325965,False,0.15099925236303613,0.13374085580706363,0.29357584795841357,-0.0062380993920764655
222,11.5,8.454521520932955,0.6665176278645926,14.704110786222312,False,0.1771584087304285,0.1798862374048481,0.29338225288910097,-0.006259627935566918
222,12.0,7.899880065169946,0.5969626227899295,14.777750041989522,False,0.16881118927256666,0.13863051498264378,0.2931864847806215,-0.006281488210741395
222,12.5,15.90245204272502,1.1229517240884483,29.96194703627922,False,0.3594411747096726,0.24237903538858172,0.2929962042302994,-0.006302822947246059
222,13.0,16.60303545059473,1.1143930546817828,30.285945318707206,False,0.39338598433653066,0.25628800366520765,0.2927832868934972,-0.006326798217446519
222,13.5,17.238264700613524,1.2776437022812623,29.841729264574276,False,0.3830907683929021,0.3694056633412242,0.29336164892312183,-0.00626192438683404
222,14.0,16.749195018200695,1.45178748522319,28.944625923052197,False,0.33076876143703904,0.3265705376023939,0.2931350479499997,-0.006287246940897326
222,14.5,15.81290608261409,1.463617319714412,28.524706816312474,False,0.2968063726498605,0.25422477011113437,0.2929047879467574,-0.006313103470243006
222,15.0,15.158818654995649,1.3867513034865588,28.580182021478095,False,0.2864038915923809,0.212583193654552,0.2926781257878056,-0.006338679823730348
222,15.5,12.570433578150862,1.1198187508808177,28.65292988171121,False,0.23957001220433546,0.12817282280911993,0.2924572400694234,-0.00636372323365973
222,16.0,13.958656738428862,1.3536704940942186,28.30225416611866,False,0.257228215169916,0.22987454690315096,0.29225094534165286,-0.006387218890065709
222,16.5,10.411616838469245,0.9277479770307122,28.6225885638842,False,0.19770815779615633,0.07599004147110495,0.29203315300024196,-0.006412136301653155
222,17.0,3.4520247870468843,0.3058407865489918,14.326119046321175,False,0.06578397412268547,0.025493965357502202,0.29183858059931356,-0.006434495151334918
222,17.5,4.1968984010283235,0.34270594612842104,14.512592538444299,False,0.08371901302073247,0.026594717208034992,0.2916707223985676,-0.00645385886925813
222,18.0,3.4734345768187067,0.2724451624708954,14.606036368996252,False,0.0709501784054013,0.01694590796111369,0.2915026007042589,-0.00647332261689381
222,18.5,2.102456313268159,0.1534610205417002,14.767556980974904,False,0.04480433626545271,0.005426863992761713,0.29133867018737547,-0.006492368526074402
222.0,19.0,0.0,0.0,0.0,0.0,0.0,0.0,0.291180832674,-0.00651076965569
222.0,19.5,0.0,0.0,0.0,0.0,0.0,0.0,0.291030147645,-0.00652839493685
222.0,20.0,0.0,0.0,0.0,0.0,0.0,0.0,0.290880568057,-0.00654594717075
222.0,20.5,0.0,0.0,0.0,0.0,0.0,0.0,0.290732077098,-0.00656342730318
222.0,21.0,0.0,0.0,0.0,0.0,0.0,0.0,0.290584658384,-0.00658083625538
222.0,21.5,0.0,0.0,0.0,0.0,0.0,0.0,0.290438295941,-0.00659817492501
222.0,22.0,0.0,0.0,0.0,0.0,0.0,0.0,0.29029297419,-0.00661544418711
222.0,22.5,0.0,0.0,0.0,0.0,0.0,0.0,0.290148677936,-0.00663264489497
222.0,23.0,0.0,0.0,0.0,0.0,0.0,0.0,0.290005392348,-0.006649777881
222.0,23.5,0.0,0.0,0.0,0.0,0.0,0.0,0.289863102951,-0.00666684395749
222.0,24.0,0.0,0.0,0.0,0.0,0.0,0.0,0.289721795613,-0.00668384391743
223.0,0.5,0.0,0.0,0.0,0.0,0.0,0.0,0.289581456529,-0.00670077853518
223.0,1.0,0.0,0.0,0.0,0.0,0.0,0.0,0.289442072215,-0.00671764856719
223.0,1.5,0.0,0.0,0.0,0.0,0.0,0.0,0.289303629494,-0.00673445475262
223.0,2.0,0.0,0.0,0.0,0.0,0.0,0.0,0.289166115486,-0.00675119781401
223.0,2.5,0.0,0.0,0.0,0.0,0.0,0.0,0.289029517598,-0.00676787845784
223.0,3.0,0.0,0.0,0.0,0.0,0.0,0.0,0.288893823516,-0.00678449737512
223.0,3.5,0.0,0.0,0.0,0.0,0.0,0.0,0.288759021194,-0.00680105524187
223.0,4.0,0.0,0.0,0.0,0.0,0.0,0.0,0.288625098848,-0.00681755271973
223.0,4.5,0.0,0.0,0.0,0.0,0.0,0.0,0.288492044944,-0.00683399045635
223.0,5.0,0.0,0.0,0.0,0.0,0.0,0.0,0.288359848193,-0.00685036908593
223.0,5.5,0.0,0.0,0.0,0.0,0.0,0.0,0.288228497544,-0.00686668922962
223.0,6.0,0.0,0.0,0.0,0.0,0.0,0.0,0.288097982173,-0.006882951496
223.0,6.5,0.0,0.0,0.0,0.0,0.0,0.0,0.287968291479,-0.00689915648143
223.0,7.0,0.0,0.0,0.0,0.0,0.0,0.00168036597419,0.287839415078,-0.00691530477046
223.0,7.5,0.0,0.0,0.0,0.0,0.0,0.0,0.29324691336,-0.00627473081495
223.0,8.0,0.0,0.0,0.0,0.0,0.0,0.00161442397165,0.293085261425,-0.00629282689908
223,8.5,6.706649280039561,0.2765205980345164,16.237136242775094,False,0.23574009566144796,0.25931812577838664,0.2929250552297011,-0.006310822522684456
223,9.0,7.081390684002286,0.30080526521611395,16.198588338967017,False,0.24474313143755982,0.27246703050403326,0.2927460470357133,-0.00633100271814301
223,9.5,6.641983307937802,0.2785030810712771,16.15298458448062,False,0.22509616913683972,0.22095247966669226,0.29256705622387297,-0.006351257876109185
223,10.0,6.915482277464759,0.30459195402582206,16.05540597570545,False,0.22501008983332074,0.23366586455351251,0.2923922722768144,-0.006371111526020305
223,10.5,14.814159716429756,0.7659853019561929,31.469391474863848,False,0.42610866478637976,0.47848590146737713,0.29221739011655223,-0.006391050382906775
223,11.0,6.3781123580694095,0.38122110992612085,15.320257518978275,False,0.15954620612487275,0.19150841482748682,0.2920170515316278,-0.006413983048684871
223,11.5,5.8464659168412325,0.36070646302011067,15.229640068328004,False,0.14219493709405562,0.19416030028993833,0.29342435193037414,-0.0062549388318524175
223,12.0,7.0622347705177955,0.4292066814334579,15.29926893059874,False,0.17550085255778958,0.27790222196391196,0.2932422302351749,-0.00627525419334049
223,12.5,15.271332042641536,1.0527160789921153,30.059744516060196,False,0.3500400386339336,0.6008962389839189,0.29305583882535075,-0.006296127289632111
223,13.0,14.341086077589475,1.1747216895997377,29.137277867891562,False,0.2901518705388508,0.5258699691335467,0.2928349998548406,-0.0063209651727051995
223,13.5,15.82513922303871,1.4128571443021514,28.717046905204253,False,0.30393351859721573,0.6429625360237102,0.29261381599799713,-0.006345958952962822
223,14.0,16.820193720503788,1.6606044532539193,28.228104381306327,False,0.3050378973730189,0.8147547875760633,0.2923805563867382,-0.006372444972461756
223,14.5,12.737314489201701,1.3492220036233298,27.693947245396203,False,0.21773518783153628,0.38417632894393705,0.29213274885184526,-0.0064007272915574155
223,15.0,15.363363927481558,1.5666847505328394,27.96691251733413,False,0.270561726717119,0.5813512548256184,0.29191444195387295,-0.006425766683341432
223,15.5,13.646854607542254,1.5731626557764522,27.39484222150744,False,0.2273146698129578,0.9072816643059227,0.29168171367374196,-0.00645258881985281
223,16.0,13.104607684474264,1.4773269227725567,27.498539682135572,False,0.22057069493974535,0.7626540080281875,0.2914376565493941,-0.006480860038646995
223,16.5,11.882782593386668,1.2367352963777942,27.806827013072592,False,0.205621715091903,0.30598033617226317,0.2912039840134551,-0.006508066724027511
223,17.0,10.497343074678,1.1747178757782428,27.39237286774027,False,0.1738119004156569,0.26317546335239134,0.2909980056448704,-0.006532161865654982
223,17.5,10.15518046772433,1.2298357586643673,26.954834736837405,False,0.16082250243933585,0.32552152378336957,0.29079721317057783,-0.006555752743918357
223,18.0,12.399137390102968,1.5538522287768923,26.740050694147854,False,0.19224830155016237,0.40510010449566614,0.29059314663993535,-0.006579832369802275
223,18.5,8.832207221387554,1.077352440120725,26.84038608880236,False,0.1382955774734743,0.18398463519849417,0.2903749240405478,-0.006605699091397761
223,19.0,4.057863422166467,0.4341968657527035,13.770631218533184,False,0.06824651900601693,0.044102693698306744,0.2901843137024485,-0.0066283920148482445
223.0,19.5,0.0,0.0,0.0,0.0,0.0,0.0,0.290024535618,-0.00664748582701
223.0,20.0,0.0,0.0,0.0,0.0,0.0,0.0,0.289884003952,-0.00666433384123
223.0,20.5,0.0,0.0,0.0,0.0,0.0,0.0,0.28974454691,-0.00668110334042
223.0,21.0,0.0,0.0,0.0,0.0,0.0,0.0,0.289606144805,-0.00669779571611
223.0,21.5,0.0,0.0,0.0,0.0,0.0,0.0,0.289468778586,-0.00671441231279
223.0,22.0,0.0,0.0,0.0,0.0,0.0,0.0,0.289332429806,-0.00673095443013
223.0,22.5,0.0,0.0,0.0,0.0,0.0,0.0,0.289197080594,-0.00674742332496
223.0,23.0,0.0,0.0,0.0,0.0,0.0,0.0,0.289062713633,-0.00676382021332
223.0,23.5,0.0,0.0,0.0,0.0,0.0,0.0,0.288929312134,-0.00678014627217
223.0,24.0,0.0,0.0,0.0,0.0,0.0,0.0,0.288796859811,-0.00679640264122
224.0,0.5,0.0,0.0,0.0,0.0,0.0,0.0,0.288665340865,-0.00681259042453
224.0,1.0,0.0,0.0,0.0,0.0,0.0,0.0,0.288534739955,-0.00682871069206
224.0,1.5,0.0,0.0,0.0,0.0,0.0,0.0,0.288405042188,-0.00684476448115
224.0,2.0,0.0,0.0,0.0,0.0,0.0,0.0,0.288276233094,-0.00686075279789
224.0,2.5,0.0,0.0,0.0,0.0,0.0,0.0,0.288148298611,-0.00687667661846
224.0,3.0,0.0,0.0,0.0,0.0,0.0,0.0,0.288021225069,-0.00689253689038
224.0,3.5,0.0,0.0,0.0,0.0,0.0,0.0,0.287894999173,-0.0069083345337
224.0,4.0,0.0,0.0,0.0,0.0,0.0,0.0,0.287769607988,-0.00692407044208
224.0,4.5,0.0,0.0,0.0,0.0,0.0,0.0,0.287645038927,-0.00693974548394
224.0,5.0,0.0,0.0,0.0,0.0,0.0,0.0,0.287521279736,-0.0069553605034
224.0,5.5,0.0,0.0,0.0,0.0,0.0,0.0,0.287398318481,-0.00697091632129
224.0,6.0,0.0,0.0,0.0,0.0,0.0,0.000184546148615,0.287276143536,-0.00698641373606
224,6.5,3.3915830443928443,0.1107592594016186,16.517386557419055,False,0.13606633065977555,0.05370350781182982,0.2871547365691008,-0.0070018544165406085
224,7.0,9.354992589364006,0.3121178330812418,32.97074456638297,False,0.3693472828924378,0.11858032603836018,0.2870278591905555,-0.007018034299643334
224,7.5,11.339136331417953,0.45597115504339375,32.362897112478734,False,0.38899991465995576,0.16423089197670881,0.286891631363041,-0.007035456205937394
224,8.0,13.859669803188902,0.8212222533423261,30.75204022937281,False,0.3528831488451619,0.2448531647381079,0.28674895454063837,-0.007053758137411083
224,8.5,15.339079767857381,1.17478122292711,29.50640008109282,False,0.32563049104442965,0.3095557986894758,0.2865900892676781,-0.007074203437753798
224,9.0,16.54005653106772,1.6353430608746604,28.220715215679206,False,0.30192328249870637,0.5368655651646285,0.2864160734091067,-0.007096679639721318
224,9.5,17.00937040786156,1.8373647960463138,27.689256176437787,False,0.29263665319603716,0.5013682688207919,0.2862166655168736,-0.007122540222237716
224,10.0,16.470343458792925,1.7169039003507303,27.838517411120595,False,0.28599151957229535,0.29286400691331904,0.2860116411567329,-0.007149246342961455
224,10.5,16.441972755190605,1.816284225024993,27.49163957284379,False,0.27508350439976037,0.26101545989951064,0.2858197948227649,-0.00717434403399947
224,11.0,17.363245211836926,1.9709128236017242,27.38397626452883,False,0.2872444407355146,0.29352619740222197,0.285626070379853,-0.007199794018766429
224,11.5,17.007963427600377,2.077524112178604,27.065869390199953,False,0.2742051675425683,0.43734469939830245,0.2854259198375743,-0.0072262012742247235
224,12.0,17.62406213498005,2.2280211926453206,26.725788655469636,False,0.274744506565914,0.2543377026214835,0.28521693263677345,-0.007253897663358482
224,12.5,14.705089095283459,1.5556218848095829,27.69674994154746,False,0.2514486019542518,0.09350538246808543,0.2850098378286902,-0.00728146811614658
224,13.0,16.842149088522962,1.9153057844497352,27.347418229371186,False,0.2775685637141636,0.11470386681943007,0.284835014452333,-0.0073048395152150525
224,13.5,16.156018677418544,1.9295187797109155,27.024270068946837,False,0.2576356294318588,0.07200249781988043,0.28464637881476873,-0.007330157740478592
224,14.0,16.790191995331078,2.0577417058231484,26.907321404542664,False,0.26638038779645,0.06407117702053793,0.28445945856249655,-0.007355348929638752
224,14.5,16.081191940733575,2.1390494496718664,26.412710700079117,False,0.24311109745933313,0.018013384032816826,0.2842685997196598,-0.0073811774278318655
224,15.0,15.010705205323742,2.039268745583359,26.254453175825418,False,0.2222229118022109,0.0,0.2840770219937712,-0.007407211959300608
224,15.5,12.152153292630139,1.5527373745603628,26.570599388391102,False,0.18535749303850768,0.0,0.283890525938549,-0.007432661076947742
224,16.0,6.962225210319759,0.832135030962534,26.97065758667599,False,0.1104312165675913,0.0,0.2837230978095854,-0.007455596988041812
224,16.5,12.288111053959437,1.4340840136900672,27.144799912654307,False,0.1983517058105257,0.0,0.2835836134324141,-0.007474769309639845
224,17.0,10.578970909716773,1.2008598736690272,27.276682948392107,False,0.17307934091518068,0.0,0.28342187504072885,-0.007497074074520619
224,17.5,7.583727401539472,0.7763314470114062,27.811423153574317,False,0.13129576418869257,0.0,0.28326957054170715,-0.007518150378594925
224,18.0,3.682812646027349,0.37138302050977295,13.936669790361568,False,0.06419245542575236,0.0,0.2831339531895267,-0.007536976911787109
224,18.5,2.0956870514359367,0.2026114892244752,14.04278091372256,False,0.03739802774380485,0.0,0.28301427332291723,-0.0075536376610518445
224,19.0,2.0057014851182053,0.2000911002169071,13.952746327768388,False,0.035083536396503794,0.0,0.2829015615681067,-0.007569368510331649
224.0,19.5,0.0,0.0,0.0,0.0,0.0,0.0,0.282789502355,-0.00758504699616
224.0,20.0,0.0,0.0,0.0,0.0,0.0,0.0,0.282685587256,-0.00759962060694
224.0,20.5,0.0,0.0,0.0,0.0,0.0,0.0,0.282582216714,-0.00761415095878
224.0,21.0,0.0,0.0,0.0,0.0,0.0,0.0,0.282479384737,-0.0076286384618
224.0,21.5,0.0,0.0,0.0,0.0,0.0,0.0,0.282377085442,-0.0076430835183
224.0,22.0,0.0,0.0,0.0,0.0,0.0,0.0,0.282275313054,-0.00765748652293
224.0,22.5,0.0,0.0,0.0,0.0,0.0,0.0,0.282174061905,-0.00767184786297
224.0,23.0,0.0,0.0,0.0,0.0,0.0,0.0,0.282073326429,-0.00768616791849
224.0,23.5,0.0,0.0,0.0,0.0,0.0,0.0,0.281973101158,-0.00770044706261
224.0,24.0,0.0,0.0,0.0,0.0,0.0,0.0,0.281873380725,-0.00771468566164
225.0,0.5,0.0,0.0,0.0,0.0,0.0,0.0,0.281774159852,-0.00772888407533
225.0,1.0,0.0,0.0,0.0,0.0,0.0,0.0,0.281675433359,-0.00774304265701
225.0,1.5,0.0,0.0,0.0,0.0,0.0,0.0,0.281577196152,-0.00775716175379
225.0,2.0,0.0,0.0,0.0,0.0,0.0,0.0,0.281479443225,-0.00777124170673
225.0,2.5,0.0,0.0,0.0,0.0,0.0,0.0,0.281382169659,-0.00778528285099
225.0,3.0,0.0,0.0,0.0,0.0,0.0,0.0,0.281285370614,-0.007799285516
225.0,3.5,0.0,0.0,0.0,0.0,0.0,0.0,0.281189041336,-0.00781325002563
225.0,4.0,0.0,0.0,0.0,0.0,0.0,0.0,0.281093177147,-0.00782717669829
225.0,4.5,0.0,0.0,0.0,0.0,0.0,0.0,0.280997773446,-0.00784106584713
225.0,5.0,0.0,0.0,0.0,0.0,0.0,0.0,0.280902825708,-0.00785491778015
225.0,5.5,0.0,0.0,0.0,0.0,0.0,0.0,0.280808329481,-0.00786873280031
225,6.0,2.64170325343412,0.07706590252988918,16.68161028566628,False,0.11555355958855495,0.0,0.28071428038428214,-0.007882511205716751
225,6.5,11.494798857422602,0.3758216554254437,33.255054427501186,False,0.48828358869248223,0.0,0.2806177494606719,-0.007896683108866856
225,7.0,12.57996609287598,0.48063821611702073,32.66574396653003,False,0.4617226397321337,0.0,0.2805103193491862,-0.007912490853012245
225,7.5,14.179330777450382,0.782062147580828,31.14521152339919,False,0.3852660904354981,0.0,0.28039934585659265,-0.00792885959148498
225,8.0,15.304424554971167,1.06964232682442,29.99775749433178,False,0.3476931370222366,0.0,0.28027736363259464,-0.00794689870351796
225,8.5,16.02789180844193,1.3848687095629955,28.883156632957466,False,0.3166663336440343,0.0,0.28014489399986925,-0.007966544141668088
225,9.0,16.528330648595812,1.6424249374883144,28.11504593148615,False,0.29834118750414074,0.0,0.28000088380152827,-0.007987966745244962
225,9.5,16.980855005213407,1.798760548414926,27.747712359770688,False,0.29430944888166954,0.0,0.2798475176928626,-0.00801085662654067
225,10.0,17.20197025782083,1.9040585975404396,27.446077428796272,False,0.28915149313125965,0.0,0.2796886331263517,-0.008034652606078286
225,10.5,16.871663789033853,2.1099294315737525,26.861076255411675,False,0.2667990472264191,0.0,0.2795261631681366,-0.00805907270982351
225,11.0,15.648734767402988,1.757744336136487,27.320444097802493,False,0.2571816966015307,0.0,0.2793562873361968,-0.008084700587899873
225,11.5,16.245629649967757,2.1906253114568566,26.470827791197372,False,0.24731610064686865,0.0,0.2792001801301563,-0.008108336954539089
225,12.0,16.328483897218078,2.3813756508839456,25.952951495549872,False,0.2369282358481386,0.0,0.2790280446925358,-0.008134495689094424
225,12.5,16.689655355047968,2.5361536304768793,25.6336384904507,False,0.2352673381481465,0.0,0.2788490662816321,-0.008161801021175223
225,13.0,15.24915464121846,2.440539464957637,25.40226072931975,False,0.21047739055256898,0.0,0.278664606511681,-0.008190056954439444
225,13.5,14.781987389583382,2.4073310793910356,25.28565674052784,False,0.2020162122028557,0.0,0.27848416426773215,-0.00821781031667254
225,14.0,14.516376304638484,2.2434851471228527,25.603284764811534,False,0.20385236454401873,0.0,0.2783053678193531,-0.008245421139164632
225,14.5,13.872701661179109,2.1447507057046438,25.574229613402853,False,0.19427331767093298,0.0,0.27813317146929395,-0.008272117282628744
225,15.0,14.17430889556564,2.246871798275926,25.434436272923293,False,0.1960179847422508,0.0,0.2779651009020778,-0.008298273162884137
225,15.5,13.860267345074572,2.1945486018789455,25.411276700185947,False,0.19119840040630492,0.0,0.2777935303694938,-0.00832507542554134
225,16.0,13.235210600267173,2.0917084285919314,25.372180282769314,False,0.18182276512506484,0.0,0.27762431777931634,-0.008351610423755797
225,16.5,12.472858661017987,1.9977884277965776,25.24904370461634,False,0.1694816396058928,0.0,0.2774593770480174,-0.008377572574521057
225,17.0,11.232080450487754,1.7461265094773788,25.418989677557466,False,0.15428724093849674,0.0,0.277298366499266,-0.008403008905585922
225,17.5,10.9725399690236,1.6823517346398549,25.47149942518493,False,0.15140861986851534,0.0,0.2771472693176521,-0.008426962865890071
225,18.0,9.114219976553146,1.354058718862794,25.623414668303624,False,0.12744530146265415,0.0,0.2769989521247722,-0.008450555273236663
225,18.5,6.877643748583938,0.9735411931768757,25.884813921388563,False,0.09843265056205133,0.0,0.2768634503449026,-0.008472177988150342
225,19.0,4.199136841406906,0.5538439138900455,13.117323369913175,False,0.06205088727980073,0.0,0.27674274290665263,-0.008491495431239495
225.0,19.5,0.0,0.0,0.0,0.0,0.0,0.0,0.276638313731,-0.00850825013198
225.0,20.0,0.0,0.0,0.0,0.0,0.0,0.0,0.276555250765,-0.00852160495104
225.0,20.5,0.0,0.0,0.0,0.0,0.0,0.0,0.276472532789,-0.00853492913056
225.0,21.0,0.0,0.0,0.0,0.0,0.0,0.0,0.276390156969,-0.00854822287162
225.0,21.5,0.0,0.0,0.0,0.0,0.0,0.0,0.276308120507,-0.00856148637279
225.0,22.0,0.0,0.0,0.0,0.0,0.0,0.0,0.276226420643,-0.00857471983018
225.0,22.5,0.0,0.0,0.0,0.0,0.0,0.0,0.276145054651,-0.00858792343756
225.0,23.0,0.0,0.0,0.0,0.0,0.0,0.0,0.276064019839,-0.00860109738631
225.0,23.5,0.0,0.0,0.0,0.0,0.0,0.0,0.275983313552,-0.00861424186553
225.0,24.0,0.0,0.0,0.0,0.0,0.0,0.0,0.275902933165,-0.00862735706208
226.0,0.5,0.0,0.0,0.0,0.0,0.0,0.0,0.275822876089,-0.00864044316058
226.0,1.0,0.0,0.0,0.0,0.0,0.0,0.0,0.275743139766,-0.0086535003435
226.0,1.5,0.0,0.0,0.0,0.0,0.0,0.0,0.27566372167,-0.00866652879118
226.0,2.0,0.0,0.0,0.0,0.0,0.0,0.0,0.275584619305,-0.00867952868186
226.0,2.5,0.0,0.0,0.0,0.0,0.0,0.0,0.275505830208,-0.00869250019174
226.0,3.0,0.0,0.0,0.0,0.0,0.0,0.0,0.275427351944,-0.008705443495
226.0,3.5,0.0,0.0,0.0,0.0,0.0,0.0,0.275349182108,-0.00871835876386
226.0,4.0,0.0,0.0,0.0,0.0,0.0,0.0,0.275271318326,-0.00873124616859
226.0,4.5,0.0,0.0,0.0,0.0,0.0,0.0,0.27519375825,-0.00874410587754
226.0,5.0,0.0,0.0,0.0,0.0,0.0,0.0,0.275116499561,-0.00875693805721
226.0,5.5,0.0,0.0,0.0,0.0,0.0,0.0,0.275039539968,-0.00876974287225
226.0,6.0,0.0,0.0,0.0,0.0,0.0,0.0,0.274962877207,-0.00878252048551
226,6.5,3.171964848560079,0.09526848211294651,16.63963509337198,False,0.1356177364895189,0.0,0.27488650903960793,-0.00879527105807016
226,7.0,4.422379561175095,0.14344111010949578,16.615523287662576,False,0.1866601045815246,0.0,0.27480681782085536,-0.008808599977064062
226,7.5,5.178970624535409,0.17986717094597882,16.525220260125792,False,0.20859843733484357,0.0,0.274725588650394,-0.008822210905167513
226,8.0,6.009805501814981,0.23347471020397872,16.391222948150908,False,0.22668146791065238,0.0,0.27464326514959636,-0.008836030776326666
226,8.5,6.533406539253571,0.293375138627785,16.057901751264932,False,0.2127956847495253,0.0,0.2745591931469061,-0.008850170802981071
226,9.0,7.545824548540336,0.4427384097842679,15.507241973483994,False,0.20054939889968704,0.0,0.2744731317166905,-0.008864673364403507
226,9.5,15.396976033177765,1.1050223248283784,29.89308865590984,False,0.3446440593067963,0.0,0.2743816836619374,-0.008880114688200127
226,10.0,16.862632328509413,1.6022779480946918,28.338897273073997,False,0.3152689746391487,0.0,0.2742653816074004,-0.008899799017896061
226,10.5,17.523932534505654,1.9854311816098051,27.409407164694766,False,0.2946724711844281,0.0,0.27413048632871256,-0.0089226954419778
226,11.0,16.727021843550332,2.2923020917061163,26.398502249063206,False,0.25395651121763674,0.0,0.27398132598909053,-0.00894809490331155
226,11.5,15.644695621255895,2.401113441022601,25.747529889395658,False,0.22344667636897053,0.0,0.2738207935047645,-0.00897552715746663
226,12.0,14.702995634785083,2.3197532100484897,25.265770978015336,False,0.19932764060245722,0.0,0.27365640325415613,-0.009003722545122906
226,12.5,16.608840144017176,2.713900457607359,25.08597748219813,False,0.2238474788107285,0.0,0.27349537028912263,-0.009031444486693992
226,13.0,16.350182922030815,2.73307943469207,24.96858751369328,False,0.21786837291535657,0.0,0.2733196471967344,-0.009061811463961452
226,13.5,15.981840023514295,2.711662836362693,24.86144266863848,False,0.21106668739815854,0.0,0.27314346209657975,-0.009092380495706646
226,14.0,14.136067238324744,2.6510258874531725,24.439295663458545,False,0.18034981514459064,0.0,0.27296835370913897,-0.009122884531733207
226,14.5,12.900923972318783,2.4217071240148687,24.354986873916992,False,0.16335187698170098,0.0,0.2727958086174429,-0.009153061381831426
226,15.0,13.95749629991997,2.3777545872090426,24.81837592529419,False,0.18227142377637368,0.0,0.27263222650992974,-0.009181780559251633
226,15.5,13.0329686021878,2.1893654935916933,24.88538128144107,False,0.1711393412268095,0.0,0.2724705710162941,-0.009210267028951677
226,16.0,11.847288311249972,2.1162276791781194,24.525895934469762,False,0.15199784399403238,0.0,0.27231632180670723,-0.009237546611559583
226,16.5,10.922109012646914,1.938067777371138,24.595411182943288,False,0.14073715081809646,0.0,0.27216510345047873,-0.009264383676521425
226,17.0,9.688065623245915,1.7279424857166568,24.521691319357373,False,0.12405228402881481,0.0,0.2720208999155007,-0.009290062379947965
226,17.5,9.204138778246074,1.5282059746794547,24.970122998846954,False,0.12171335237841689,0.0,0.2718849227049811,-0.009314353920428235
226,18.0,8.105155217496382,1.3033199105324045,25.12440423852985,False,0.10857308541189789,0.0,0.27175677601361664,-0.009337315881163374
226,18.5,5.909891663223732,0.9047518233047455,25.368761209359292,False,0.08082948005745795,0.0,0.27163741274092185,-0.009358764678295084
226.0,19.0,0.0,0.0,0.0,0.0,0.0,0.0,0.27153342261,-0.00937749888706
226.0,19.5,0.0,0.0,0.0,0.0,0.0,0.0,0.271464013788,-0.00939002801097
226.0,20.0,0.0,0.0,0.0,0.0,0.0,0.0,0.271394849527,-0.00940253283367
226.0,20.5,0.0,0.0,0.0,0.0,0.0,0.0,0.271325928372,-0.00941501344494
226.0,21.0,0.0,0.0,0.0,0.0,0.0,0.0,0.271257248877,-0.00942746993472
226.0,21.5,0.0,0.0,0.0,0.0,0.0,0.0,0.271188809604,-0.00943990239314
226.0,22.0,0.0,0.0,0.0,0.0,0.0,0.0,0.271120609124,-0.00945231091044
226.0,22.5,0.0,0.0,0.0,0.0,0.0,0.0,0.271052646016,-0.009464695577
226.0,23.0,0.0,0.0,0.0,0.0,0.0,0.0,0.270984918869,-0.00947705648326
226.0,23.5,0.0,0.0,0.0,0.0,0.0,0.0,0.270917426278,-0.00948939371975
226.0,24.0,0.0,0.0,0.0,0.0,0.0,0.0,0.27085016685,-0.00950170737705
227.0,0.5,0.0,0.0,0.0,0.0,0.0,0.0,0.270783139197,-0.00951399754577
227.0,1.0,0.0,0.0,0.0,0.0,0.0,0.0,0.270716341943,-0.00952626431652
227.0,1.5,0.0,0.0,0.0,0.0,0.0,0.0,0.270649773719,-0.0095385077799
227.0,2.0,0.0,0.0,0.0,0.0,0.0,0.0,0.270583433166,-0.00955072802651
227.0,2.5,0.0,0.0,0.0,0.0,0.0,0.0,0.270517318931,-0.00956292514687
227.0,3.0,0.0,0.0,0.0,0.0,0.0,0.0,0.270451429672,-0.00957509923147
227.0,3.5,0.0,0.0,0.0,0.0,0.0,0.0,0.270385764057,-0.00958725037072
227.0,4.0,0.0,0.0,0.0,0.0,0.0,0.0,0.270320320759,-0.00959937865494
227.0,4.5,0.0,0.0,0.0,0.0,0.0,0.0,0.270255098464,-0.00961148417434
227.0,5.0,0.0,0.0,0.0,0.0,0.0,0.0,0.270190095863,-0.00962356701902
227.0,5.5,0.0,0.0,0.0,0.0,0.0,0.0,0.270125311658,-0.00963562727894
227,6.0,2.5284789340177993,0.11363271958437741,15.89072026416454,False,0.07707702769048175,0.0,0.27006074455902945,-0.009647665043942192
227,6.5,8.763088587515389,0.457870172990371,31.147746397994474,False,0.2382046981608138,0.0,0.26999208092912297,-0.009660486223235098
227,7.0,11.801508846765117,0.8246160210140423,29.86183056987207,False,0.2630067797039826,0.0,0.2699105680578981,-0.009675733034850168
227,7.5,13.677258390649206,1.1939670817606405,28.77498561412613,False,0.2645322617837547,0.0,0.2698153504899935,-0.009693579603511127
227,8.0,14.803082807076896,1.5555758014866359,27.72601374803175,False,0.25665301703522153,0.0,0.2697063281067063,-0.009714061784601566
227,8.5,15.438640655250502,1.9038274496603114,26.82990950220581,False,0.2438464509458946,0.0,0.2695837934927971,-0.00973714410591479
227,9.0,15.601295617167837,2.224838697967657,25.99196555766516,False,0.22755516631340397,0.0,0.2694482523283312,-0.009762752687594517
227,9.5,15.565211029109086,2.464471762459907,25.380051387684397,False,0.21504915807540104,0.0,0.269300737183537,-0.009790714831512472
227,10.0,15.713984243924926,2.703308609310564,24.83557994996387,False,0.20730371910406625,0.0,0.26914433517505454,-0.009820465803859736
227,10.5,15.278810160954853,2.8746000019805327,24.309083739680208,False,0.1931775257145354,0.0,0.2689790753596288,-0.009852018833082895
227,11.0,15.675825807600688,2.972158479070763,24.2187133191445,False,0.19689697109908122,0.0,0.26880751994638746,-0.009884901746280423
227,11.5,13.810439112604904,2.8095534076676145,23.93949308990075,False,0.16958196147126775,0.0,0.2686324659810856,-0.009918590129979985
227,12.0,15.374304983064604,3.054068951356781,23.93614485714246,False,0.18875308276220043,0.0,0.2684637855652729,-0.009951181443718543
227,12.5,13.418445356477722,2.8354935320129058,23.69989587524888,False,0.16176655097656042,0.0,0.2682860274228031,-0.00998566487483272
227,13.0,12.961829697944864,2.768498364975456,23.596425959355884,False,0.15490518593045782,0.0,0.26811676478283597,-0.010018632664698532
227,13.5,13.710987579650535,2.9210056264707145,23.52777099707046,False,0.1630225441256573,0.0,0.2679502441539586,-0.010051193011467409
227,14.0,13.595663825411062,2.967278268206997,23.319556479219592,False,0.15922043439380115,0.0,0.2677781344201547,-0.010084978804897638
227,14.5,11.804853703225234,2.5857056633168605,23.406644698251803,False,0.13912604810333576,0.0,0.26760446618708644,-0.010119207782668616
227,15.0,11.435800274322082,2.564913047784819,23.22623044999913,False,0.13277599792962125,0.0,0.26744547518459355,-0.01015066539446731
227,15.5,11.89925995072132,2.475702811697432,23.57850933067884,False,0.14103777698267286,0.0,0.26728746887172183,-0.010182043682016246
227,16.0,10.022772822783422,2.197251633717922,23.307453105876593,False,0.11707507763469419,0.0,0.26713304274898475,-0.010212822718642734
227,16.5,8.992293488199453,1.8580993851261332,23.579228627185778,False,0.10658822917306432,0.0,0.26698937756912605,-0.010241556551961767
227,17.0,8.020593620473042,1.6201232946544109,23.743815056387362,False,0.09625076926499485,0.0,0.2668587760156896,-0.010267761204774569
227,17.5,6.15822065382616,1.1968563944602766,23.978622535791523,False,0.07523407139628403,0.0,0.2667373975502399,-0.010292186936357462
227,18.0,3.5075347255877745,0.6526452713268865,24.230314603720842,False,0.043695630897897714,0.0,0.2666322730498728,-0.010313397746121588
227,18.5,0.7888886324280973,0.13653801379293307,12.317111382455096,False,0.010148701463404545,0.0,0.2665479914494063,-0.010330440740159414
227.0,19.0,0.0,0.0,0.0,0.0,0.0,0.0,0.266483485322,-0.0103435075121
227.0,19.5,0.0,0.0,0.0,0.0,0.0,0.0,0.26642434915,-0.0103555038167
227.0,20.0,0.0,0.0,0.0,0.0,0.0,0.0,0.26636540044,-0.0103674785951
227.0,20.5,0.0,0.0,0.0,0.0,0.0,0.0,0.26630663831,-0.0103794318957
227.0,21.0,0.0,0.0,0.0,0.0,0.0,0.0,0.266248061878,-0.0103913637682
227.0,21.5,0.0,0.0,0.0,0.0,0.0,0.0,0.266189670265,-0.0104032742628
227.0,22.0,0.0,0.0,0.0,0.0,0.0,0.0,0.26613146259,-0.0104151634306
227.0,22.5,0.0,0.0,0.0,0.0,0.0,0.0,0.266073437976,-0.0104270313236
227.0,23.0,0.0,0.0,0.0,0.0,0.0,0.0,0.266015595545,-0.0104388779945
227.0,23.5,0.0,0.0,0.0,0.0,0.0,0.0,0.265957934423,-0.0104507034965
227.0,24.0,0.0,0.0,0.0,0.0,0.0,0.0,0.265900453736,-0.0104625078837
228.0,0.5,0.0,0.0,0.0,0.0,0.0,0.0,0.265843152612,-0.0104742912108
228.0,1.0,0.0,0.0,0.0,0.0,0.0,0.0,0.265786030181,-0.010486053533
228.0,1.5,0.0,0.0,0.0,0.0,0.0,0.0,0.265729085576,-0.0104977949062
228.0,2.0,0.0,0.0,0.0,0.0,0.0,0.0,0.26567231793,-0.0105095153868
228.0,2.5,0.0,0.0,0.0,0.0,0.0,0.0,0.26561572638,-0.0105212150318
228.0,3.0,0.0,0.0,0.0,0.0,0.0,0.0,0.265559310065,-0.0105328938986
228.0,3.5,0.0,0.0,0.0,0.0,0.0,0.0,0.265503068127,-0.0105445520453
228.0,4.0,0.0,0.0,0.0,0.0,0.0,0.0,0.265446999708,-0.0105561895301
228.0,4.5,0.0,0.0,0.0,0.0,0.0,0.0,0.265391103956,-0.010567806412
228.0,5.0,0.0,0.0,0.0,0.0,0.0,0.0,0.26533538002,-0.0105794027502
228.0,5.5,0.0,0.0,0.0,0.0,0.0,0.0,0.265279827051,-0.0105909786043
228,6.0,2.4499450112592176,0.16661822729855882,14.965549210960074,False,0.055134146327895026,0.0,0.2652244442053646,-0.010602534034299796
228,6.5,8.280525993116587,0.6073785782464575,29.537656937345353,False,0.17652205318531505,0.0,0.26516290748649407,-0.010615391070431555
228,7.0,11.539252215359172,0.9476948387670534,29.009404419235736,False,0.22972844552180444,0.0,0.2650848123759064,-0.010631734453567679
228,7.5,13.442881734094437,1.3536699483342585,27.968696697620718,False,0.2367871931158685,0.0,0.26499396988616086,-0.010650783284457056
228,8.0,14.364314848305948,1.80052126456119,26.668760980680226,False,0.22388627589164728,0.0,0.2648878874369237,-0.010673079288631229
228,8.5,14.651750190990018,2.226854939601254,25.542663226549326,False,0.20551649992723248,0.0,0.2647650129541736,-0.010698974127939109
228,9.0,14.662346199036811,2.556138666384643,24.72225411742967,False,0.19171011871665017,0.0,0.26462612426482873,-0.01072833401583127
228,9.5,14.589277459189917,2.7681628981395496,24.205529288025414,False,0.1826167706273883,0.0,0.26447490360178244,-0.010760410006671096
228,10.0,14.61038063088953,2.853903724083528,24.04025709208396,False,0.18039534747030034,0.0,0.26431580015912093,-0.010794281477703505
228,10.5,14.421547117457703,2.876730682459208,23.93796093222896,False,0.1767134432069937,0.0,0.264153605598493,-0.010828941859105998
228,11.0,13.886450519779558,2.9433196356459383,23.581280737329834,False,0.16573053474873156,0.0,0.2639907067216567,-0.010863886302168483
228,11.5,13.770137192760718,3.0118732849439556,23.391824378783078,False,0.16211425723737088,0.0,0.2638254419975157,-0.010899475641640547
228,12.0,13.412702562965684,3.0324710365597753,23.184579889628104,False,0.15553138149457107,0.0,0.26365773611065246,-0.010935732776071828
228,12.5,12.990846890033179,2.978854666378177,23.100095626579723,False,0.14965225418579736,0.0,0.26348940823973643,-0.010972268976201651
228,13.0,12.765981079620875,2.9378126324169607,23.066278330505952,False,0.1466313280716126,0.0,0.26332327407157885,-0.01100847172199181
228,13.5,12.095956340130975,2.8659207580883743,22.910934154965226,False,0.13738419026012555,0.0,0.2631588556849609,-0.011044440787718015
228,14.0,11.516572805501486,2.8673212277728917,22.587517105929656,False,0.1278550489529081,0.0,0.2629973231129507,-0.011079914981544385
228,14.5,11.249945011076216,2.777183896111517,22.621307085627624,False,0.1250669000888069,0.0,0.26283589420656706,-0.011115502119817456
228,15.0,10.928475938671133,2.7072507080191475,22.58278216540872,False,0.12115537699528542,0.0,0.2626780421204664,-0.011150432515141554
228,15.5,10.5698891384242,2.637680046934026,22.505512379434904,False,0.11647148045504072,0.0,0.2625229994159151,-0.011184868623357526
228,16.0,10.197499132373231,2.504938366324196,22.59033895677032,False,0.11302657152300141,0.0,0.26237075164973644,-0.011218807332152761
228,16.5,9.158432561384412,2.1641459988039067,22.797412175560474,False,0.10294071016535011,0.0,0.2622236954804035,-0.011251705299655777
228,17.0,8.301652596353847,1.9329678982286107,22.88963539456226,False,0.09359282794108845,0.0,0.26208972574878314,-0.011281775794816025
228,17.5,7.824600124853634,1.8055401542176008,22.915998329844133,False,0.08837966124280433,0.0,0.26196468193284705,-0.011309929234251346
228,18.0,6.679432869503592,1.4774216257466675,23.157155783586553,False,0.07675921074629533,0.0,0.2618446260506786,-0.011337038447793808
228,18.5,4.428196713984697,0.9181934356871487,23.53910134792354,False,0.052332209731449336,0.0,0.2617371736505495,-0.011361367411036667
228.0,19.0,0.0,0.0,0.0,0.0,0.0,0.0,0.26165109468,-0.0113809019698
228.0,19.5,0.0,0.0,0.0,0.0,0.0,0.0,0.261600011201,-0.0113925136554
228.0,20.0,0.0,0.0,0.0,0.0,0.0,0.0,0.261549077174,-0.0114041054258
228.0,20.5,0.0,0.0,0.0,0.0,0.0,0.0,0.261498291953,-0.0114156773247
228.0,21.0,0.0,0.0,0.0,0.0,0.0,0.0,0.261447654889,-0.0114272293961
228.0,21.5,0.0,0.0,0.0,0.0,0.0,0.0,0.26139716534,-0.0114387616848
228.0,22.0,0.0,0.0,0.0,0.0,0.0,0.0,0.26134682266,-0.0114502742361
228.0,22.5,0.0,0.0,0.0,0.0,0.0,0.0,0.261296626205,-0.0114617670958
228.0,23.0,0.0,0.0,0.0,0.0,0.0,0.0,0.261246575334,-0.0114732403105
228.0,23.5,0.0,0.0,0.0,0.0,0.0,0.0,0.261196669404,-0.0114846939268
228.0,24.0,0.0,0.0,0.0,0.0,0.0,0.0,0.261146907776,-0.0114961279923
229.0,0.5,0.0,0.0,0.0,0.0,0.0,0.0,0.261097289809,-0.0115075425547
229.0,1.0,0.0,0.0,0.0,0.0,0.0,0.0,0.261047814867,-0.0115189376623
229.0,1.5,0.0,0.0,0.0,0.0,0.0,0.0,0.260998482313,-0.0115303133639
229.0,2.0,0.0,0.0,0.0,0.0,0.0,0.0,0.260949291512,-0.0115416697085
229.0,2.5,0.0,0.0,0.0,0.0,0.0,0.0,0.260900241831,-0.0115530067456
229.0,3.0,0.0,0.0,0.0,0.0,0.0,0.0,0.260851332636,-0.0115643245252
229.0,3.5,0.0,0.0,0.0,0.0,0.0,0.0,0.260802563299,-0.0115756230974
229.0,4.0,0.0,0.0,0.0,0.0,0.0,0.0,0.26075393319,-0.0115869025127
229.0,4.5,0.0,0.0,0.0,0.0,0.0,0.0,0.260705441682,-0.0115981628221
229.0,5.0,0.0,0.0,0.0,0.0,0.0,0.0,0.260657088151,-0.0116094040768
229.0,5.5,0.0,0.0,0.0,0.0,0.0,0.0,0.260608871973,-0.0116206263281
229,6.0,2.456843918324273,0.1867318462853636,14.692217306706143,False,0.05132059317911701,0.0,0.2605607925256043,-0.011631829627953096
229,6.5,8.750093285183592,0.7374386221134431,28.83081093702677,False,0.1703923104443298,0.0,0.26050576272655973,-0.011644668271770247
229,7.0,11.796339814548297,1.09605939336147,28.34997532425466,False,0.21694327236449562,0.0,0.2604299691278561,-0.011662378835302804
229,7.5,13.634088040344068,1.3994602310933324,27.849516083747908,False,0.2370272573271744,0.0,0.26034070076834126,-0.011683279200345854
229,8.0,14.658767709112546,1.7397134371552845,27.068680358756993,False,0.23480468721256303,0.0,0.2602400526296838,-0.011706897456365179
229,8.5,15.123009234825862,2.0828658892581937,26.160725259727315,False,0.22378535040342196,0.0,0.2601266255581917,-0.011733582651873036
229,9.0,15.351231610428197,2.348240085154061,25.54219154009897,False,0.21459462914491204,0.0,0.2600003089236685,-0.01176338562797967
229,9.5,15.42732527747845,2.533891683983687,25.124857969043806,False,0.20801224337659552,0.0,0.2598640538077113,-0.011795634650943469
229,10.0,15.168635459762093,2.7088346710372564,24.625491765292523,False,0.1962574926435828,0.0,0.2597208850846764,-0.011829633552228954
229,10.5,14.782962718042473,2.8255619771473044,24.218887785918962,False,0.18516210623056484,0.0,0.2595712085570912,-0.0118653028078073
229,11.0,14.22971147053056,2.871367681759198,23.910999250268425,False,0.17406228120083408,0.0,0.25941723292385344,-0.011902130379728895
229,11.5,13.534372642014873,2.8986499733218665,23.549255262634524,False,0.16105724718787312,0.0,0.2592616490785058,-0.011939481017684498
229,12.0,12.6398648037304,2.9672548612014293,22.95006133013086,False,0.14383970744617888,0.0,0.2591051594116117,-0.01197719007635701
229,12.5,12.04926797915141,2.9043000651038477,22.80046353708443,False,0.13566409024676898,0.0,0.25894619516622036,-0.012015640807300382
229,13.0,12.861935033984913,3.0800571982627583,22.776568385037983,False,0.1446239256556272,0.0,0.25878974846445707,-0.012053626271658215
229,13.5,13.324861149741286,3.1652618566645265,22.750665153067608,False,0.14953289991587854,0.0,0.25862675964488274,-0.012093352449450449
229,14.0,11.321774438694789,2.825837673240905,22.53881302438023,False,0.1251403815032221,0.0,0.2584606646184337,-0.012133996312316998
229,14.5,10.61245492587108,2.7904194416962573,22.226927220023633,False,0.11475472427988859,0.0,0.25830757748222966,-0.012171601319761752
229,15.0,10.326348355359382,2.7391189354774834,22.14941803722352,False,0.11104481069690955,0.0,0.2581559606851515,-0.012208982089831573
229,15.5,9.849707986827315,2.639774264173885,22.073974644711033,False,0.1053822874493496,0.0,0.2580064164224469,-0.01224598594876077
229,16.0,9.821369090132144,2.5118449357111032,22.3395708560353,False,0.10689513403251025,0.0,0.25786076743578024,-0.012282154466632044
229,16.5,9.349662336746775,2.352787270919883,22.421246750553863,False,0.10229043374730848,0.0,0.2577200979836241,-0.01231720732094356
229,17.0,8.753704087545195,2.157421704328818,22.526983166283188,False,0.0964386004457127,0.0,0.25758558886087396,-0.012350836640944898
229,17.5,7.567413982704352,1.8178729932736182,22.68403898372756,False,0.0840897832625991,0.0,0.2574586174303701,-0.012382681842578234
229,18.0,6.0559569135231675,1.4055928834597564,22.876923622055436,False,0.06821340190243087,0.0,0.2573446549183674,-0.012411347669103446
229,18.5,3.7385474852722327,0.820024367909677,23.20696265128658,False,0.043118059149058696,0.0,0.2572464609642106,-0.012436110547304258
229.0,19.0,0.0,0.0,0.0,0.0,0.0,0.0,0.257170611343,-0.0124552788617
229.0,19.5,0.0,0.0,0.0,0.0,0.0,0.0,0.257126003135,-0.012466568451
229.0,20.0,0.0,0.0,0.0,0.0,0.0,0.0,0.25708151595,-0.0124778395561
229.0,20.5,0.0,0.0,0.0,0.0,0.0,0.0,0.257037149283,-0.0124890922216
229.0,21.0,0.0,0.0,0.0,0.0,0.0,0.0,0.256992902629,-0.012500326492
229.0,21.5,0.0,0.0,0.0,0.0,0.0,0.0,0.256948775487,-0.0125115424122
229.0,22.0,0.0,0.0,0.0,0.0,0.0,0.0,0.256904767353,-0.0125227400275
229.0,22.5,0.0,0.0,0.0,0.0,0.0,0.0,0.256860877727,-0.0125339193835
229.0,23.0,0.0,0.0,0.0,0.0,0.0,0.0,0.256817106111,-0.0125450805257
229.0,23.5,0.0,0.0,0.0,0.0,0.0,0.0,0.256773452006,-0.0125562235003
229.0,24.0,0.0,0.0,0.0,0.0,0.0,0.0,0.256729914916,-0.0125673483533
230.0,0.5,0.0,0.0,0.0,0.0,0.0,0.0,0.256686494346,-0.0125784551313
230.0,1.0,0.0,0.0,0.0,0.0,0.0,0.0,0.256643189803,-0.0125895438809
230.0,1.5,0.0,0.0,0.0,0.0,0.0,0.0,0.256600000793,-0.0126006146488
230.0,2.0,0.0,0.0,0.0,0.0,0.0,0.0,0.256556926828,-0.0126116674821
230.0,2.5,0.0,0.0,0.0,0.0,0.0,0.0,0.256513967416,-0.0126227024279
230.0,3.0,0.0,0.0,0.0,0.0,0.0,0.0,0.256471122072,-0.0126337195336
230.0,3.5,0.0,0.0,0.0,0.0,0.0,0.0,0.256428390309,-0.0126447188468
230.0,4.0,0.0,0.0,0.0,0.0,0.0,0.0,0.256385771643,-0.012655700415
230.0,4.5,0.0,0.0,0.0,0.0,0.0,0.0,0.256343265591,-0.012666664286
230.0,5.0,0.0,0.0,0.0,0.0,0.0,0.0,0.256300871671,-0.0126776105078
230.0,5.5,0.0,0.0,0.0,0.0,0.0,0.0,0.256258589406,-0.0126885391283
230,6.0,2.174435629290057,0.12997382471089983,15.27795850670964,False,0.053678662155712334,0.0,0.2562164183159952,-0.01269945019575173
230,6.5,7.688687700962612,0.5211119309552689,29.954447459511393,False,0.17360147834476503,0.0,0.2561694254261415,-0.01271162199595139
230,7.0,11.055344630064237,0.9429422949866538,28.832972155324626,False,0.21533990022911947,0.0,0.25610769909076686,-0.012727631086387753
230,7.5,13.149453604025895,1.3631498513781426,27.810848278742178,False,0.2276399826401868,0.0,0.25603007406784634,-0.012747797709137951
230,8.0,14.389588214038007,1.7368067713868687,26.977866751552586,False,0.22840439290099893,0.0,0.25593661147261304,-0.0127721293985159
230,8.5,15.047513942311257,2.0359537055630907,26.282713591926292,False,0.22483900283884603,0.0,0.25582907743161415,-0.01280019288522498
230,9.0,15.200439005804824,2.323379966419385,25.581324944353014,False,0.21353435876403953,0.0,0.25571029913009774,-0.012831276259790754
230,9.5,15.100099534970493,2.5680591293057953,24.942629919654244,False,0.20075098285851622,0.0,0.2555807209051738,-0.012865288521498349
230,10.0,14.855955782485744,2.7193348261936423,24.50534015382196,False,0.19048495498977777,0.0,0.25544196454843343,-0.012901829072649753
230,10.5,14.461006030183785,2.837174901610104,24.08328030793706,False,0.1792673388349559,0.0,0.2552975742614516,-0.012939984648589283
230,11.0,13.92524584870288,2.8871685206386357,23.750686671200356,False,0.1682143593899702,0.0,0.2551488184726692,-0.012979434512040882
230,11.5,13.528783473929945,2.903003251201897,23.55170747325411,False,0.16099669320909482,0.0,0.2549982715034922,-0.013019505378923874
230,12.0,12.8546149098049,2.9001218395537194,23.24363168562465,False,0.14948996170404305,0.0,0.2548472292373754,-0.013059856290582449
230,12.5,12.203376335678485,2.834185719302068,23.06467799093872,False,0.1400151137009591,0.0,0.2546964015098232,-0.01310029866220062
230,13.0,11.603303991869762,2.770236846214338,22.89439742372204,False,0.13146483118687174,0.0,0.254548180806083,-0.01314018744956219
230,13.5,11.296734750580288,2.741380756332631,22.788005308627135,False,0.12702939167122942,0.0,0.25440249127582465,-0.013179536158708339
230,14.0,11.010228435809335,2.740323775993808,22.621506532010066,False,0.12232393142211204,0.0,0.2542580007185231,-0.013218699783817187
230,14.5,11.398477511487203,2.7962547155574007,22.618431429594622,False,0.1266720130376566,0.0,0.254113653731297,-0.013257963026159598
230,15.0,10.591379235988706,2.554555070119598,22.738254596119667,False,0.11865593020442311,0.0,0.2539672872004171,-0.013297917562314375
230,15.5,10.174224737229082,2.4051084620708254,22.834047428663126,False,0.11466598038574755,0.0,0.2538301957692846,-0.013335470397455277
230,16.0,8.887669483260154,2.1388857358624223,22.722690112848383,False,0.0993585036965138,0.0,0.2536988780206353,-0.013371560214331788
230,16.5,8.731945886044482,2.2943763306192073,22.173870311590754,False,0.09390442879708823,0.0,0.253577765185732,-0.013404948634142398
230,17.0,7.377917067344562,1.9620494715530743,22.087190496994218,False,0.07870286573438796,0.0,0.25345085285168967,-0.01344004249996919
230,17.5,6.39560203880327,1.60950575137489,22.410488003690155,False,0.06973598039512974,0.0,0.25333665325457344,-0.013471714636443527
230,18.0,5.27305563533357,1.29420677376535,22.54099478574704,False,0.058014983799295955,0.0,0.2532359332142728,-0.013499722176480123
230,18.5,1.1815610819476463,0.2722145048439537,11.457265575325902,False,0.013344462460776328,0.0,0.253147278888022,-0.013524431989198348
230.0,19.0,0.0,0.0,0.0,0.0,0.0,0.0,0.253097508846,-0.0135383275575
230.0,19.5,0.0,0.0,0.0,0.0,0.0,0.0,0.253058168656,-0.0135493231966
230.0,20.0,0.0,0.0,0.0,0.0,0.0,0.0,0.253018927393,-0.0135603017879
230.0,20.5,0.0,0.0,0.0,0.0,0.0,0.0,0.252979784654,-0.0135712633752
230.0,21.0,0.0,0.0,0.0,0.0,0.0,0.0,0.252940740043,-0.0135822080023
230.0,21.5,0.0,0.0,0.0,0.0,0.0,0.0,0.252901793161,-0.0135931357132
230.0,22.0,0.0,0.0,0.0,0.0,0.0,0.0,0.252862943613,-0.0136040465521
230.0,22.5,0.0,0.0,0.0,0.0,0.0,0.0,0.252824191004,-0.013614940563
230.0,23.0,0.0,0.0,0.0,0.0,0.0,0.0,0.252785534941,-0.0136258177901
230.0,23.5,0.0,0.0,0.0,0.0,0.0,0.0,0.252746975033,-0.0136366782777
230.0,24.0,0.0,0.0,0.0,0.0,0.0,0.0,0.252708510888,-0.0136475220701
231.0,0.5,0.0,0.0,0.0,0.0,0.0,0.0,0.252670142119,-0.0136583492117
231.0,1.0,0.0,0.0,0.0,0.0,0.0,0.0,0.252631868338,-0.0136691597468
231.0,1.5,0.0,0.0,0.0,0.0,0.0,0.0,0.252593689158,-0.0136799537201
231.0,2.0,0.0,0.0,0.0,0.0,0.0,0.0,0.252555604196,-0.0136907311759
231.0,2.5,0.0,0.0,0.0,0.0,0.0,0.0,0.252517613068,-0.0137014921588
231.0,3.0,0.0,0.0,0.0,0.0,0.0,0.0,0.252479715392,-0.0137122367133
231.0,3.5,0.0,0.0,0.0,0.0,0.0,0.0,0.252441910788,-0.0137229648841
231.0,4.0,0.0,0.0,0.0,0.0,0.0,0.0,0.252404198878,-0.0137336767157
231.0,4.5,0.0,0.0,0.0,0.0,0.0,0.0,0.252366579284,-0.0137443722527
231.0,5.0,0.0,0.0,0.0,0.0,0.0,0.0,0.252329051631,-0.0137550515397
231.0,5.5,0.0,0.0,0.0,0.0,0.0,0.0,0.252291615544,-0.0137657146215
231.0,6.0,0.0,0.0,0.0,0.0,0.0,0.0,0.252254270651,-0.0137763615424
231.0,6.5,0.0,0.0,0.0,0.0,0.0,0.0,0.252217016581,-0.0137869923473
231.0,7.0,0.0,0.0,0.0,0.0,0.0,0.0,0.252179852963,-0.0137976070807
231.0,7.5,0.0,0.0,0.0,0.0,0.0,0.0,0.252142779429,-0.0138082057872
231,8.0,3.3227086674651245,0.2117811394775593,15.084402320829742,False,0.07737698706135143,0.0,0.2521057956139425,-0.01381878851140615
231,8.5,5.333943308259714,0.32202142230979575,15.299818352308817,False,0.13257450958709682,0.0,0.252060864067837,-0.013831658441629266
231,9.0,6.013843476441307,0.3862641291190189,15.169559376277997,False,0.14362719854491973,0.0,0.25201183789774634,-0.013845717508348947
231,9.5,6.634129474833926,0.5110616996944375,14.707815382380547,False,0.13914920687284227,0.0,0.2519604623473251,-0.01386046857258433
231,10.0,6.566174595316308,0.4760423554680885,14.850952076226356,False,0.14312619438327545,0.0,0.2526988318187149,-0.013650252406286029
231,10.5,15.00585691857239,1.1323118489935613,29.59141347218383,False,0.32221199526146954,0.0,0.2526428048884233,-0.013666069647925912
231,11.0,6.033878514327383,0.5080357408973215,14.441487838280025,False,0.11825403641895568,0.0,0.2525619692691327,-0.013688929254645025
231,11.5,16.088952011606715,1.4726533564048374,28.581543565980425,False,0.30402657570439096,0.0,0.25250492116119416,-0.013705089385401851
231,12.0,16.9375005104467,2.1997695252894185,26.54774553790582,False,0.2600586257196353,0.0,0.25320571689087995,-0.013508138049900835
231,12.5,14.125319217648537,1.8573910797567155,26.422328362720002,False,0.2124342064000859,0.0,0.25308320134613177,-0.01354232529344412
231,13.0,16.312987343165354,2.3071341353132246,26.14658675875097,False,0.24101844931224856,0.0,0.2529737837948037,-0.013572944797399934
231,13.5,15.013219188002934,2.564176602224642,24.95352766348746,False,0.1996635598440031,0.0,0.25284740274050205,-0.013608414105097805
231,14.0,13.527884136125376,2.6956951373166396,23.970372140559647,False,0.16621364013283718,0.0,0.25271137063854315,-0.013646715497250807
231,14.5,13.439193540221485,2.7281429245552036,23.79465155089344,False,0.16189729768159603,0.0,0.2525704505971393,-0.013686528671047356
231,15.0,12.818056768056277,2.503976324754453,24.025782258147142,False,0.15805390574583908,0.0,0.2524284018320065,-0.013726800873700424
231,15.5,11.708305186273684,2.1303184837066356,24.439542303154337,False,0.14828759611776138,0.0,0.25229496233664167,-0.013764760939383284
231,16.0,10.932028658230227,1.9351705709307196,24.630957552482744,False,0.14059858087190305,0.0,0.2521758047912566,-0.013798763914071723
231,16.5,9.545633951749807,1.7156425038684686,24.57602424121145,False,0.1227014629483745,0.0,0.25206415425286305,-0.013830715535746675
231,17.0,9.294971235268406,1.6221831160374791,24.762921974210258,False,0.12083328277738309,0.0,0.2519609354509877,-0.013860332648594176
231,17.5,7.93129785602081,1.4130171794847393,24.586076599883576,False,0.10163690907805571,0.0,0.25186136359368316,-0.013888974959302466
231,18.0,6.003149132546367,1.0550415155571766,24.633034648562877,False,0.07722043290689194,0.0,0.2517698292505146,-0.013915367474358049
231,18.5,4.487376669702992,0.7609688758532158,24.815913095756688,False,0.058588955507082915,0.0,0.2516919792588411,-0.013937861351632356
231.0,19.0,0.0,0.0,0.0,0.0,0.0,0.0,0.251625388022,-0.0139571365235
231.0,19.5,0.0,0.0,0.0,0.0,0.0,0.0,0.25158777375,-0.0139680382019
231.0,20.0,0.0,0.0,0.0,0.0,0.0,0.0,0.251550257242,-0.0139789216534
231.0,20.5,0.0,0.0,0.0,0.0,0.0,0.0,0.251512838024,-0.0139897869468
231.0,21.0,0.0,0.0,0.0,0.0,0.0,0.0,0.251475515632,-0.0140006341502
231.0,21.5,0.0,0.0,0.0,0.0,0.0,0.0,0.2514382896,-0.0140114633316
231.0,22.0,0.0,0.0,0.0,0.0,0.0,0.0,0.251401159466,-0.0140222745585
231.0,22.5,0.0,0.0,0.0,0.0,0.0,0.0,0.251364124773,-0.0140330678982
231.0,23.0,0.0,0.0,0.0,0.0,0.0,0.0,0.251327185065,-0.0140438434176
231.0,23.5,0.0,0.0,0.0,0.0,0.0,0.0,0.25129033989,-0.0140546011833
231.0,24.0,0.0,0.0,0.0,0.0,0.0,0.0,0.251253588799,-0.0140653412616
232.0,0.5,0.0,0.0,0.0,0.0,0.0,0.0,0.251216931344,-0.0140760637184
232.0,1.0,0.0,0.0,0.0,0.0,0.0,0.0,0.251180367082,-0.0140867686193
232.0,1.5,0.0,0.0,0.0,0.0,0.0,0.0,0.251143895573,-0.0140974560295
232.0,2.0,0.0,0.0,0.0,0.0,0.0,0.0,0.251107516377,-0.0141081260141
232.0,2.5,0.0,0.0,0.0,0.0,0.0,0.0,0.251071229062,-0.0141187786377
232.0,3.0,0.0,0.0,0.0,0.0,0.0,0.0,0.251035033193,-0.0141294139645
232.0,3.5,0.0,0.0,0.0,0.0,0.0,0.0,0.250998928341,-0.0141400320586
232.0,4.0,0.0,0.0,0.0,0.0,0.0,0.0,0.25096291408,-0.0141506329837
232.0,4.5,0.0,0.0,0.0,0.0,0.0,0.0,0.250926989986,-0.0141612168031
232.0,5.0,0.0,0.0,0.0,0.0,0.0,0.0,0.250891155637,-0.0141717835798
232.0,5.5,0.0,0.0,0.0,0.0,0.0,0.0,0.250855410615,-0.0141823333767
232.0,6.0,0.0,0.0,0.0,0.0,0.0,0.0,0.250819754503,-0.014192866256
232,6.5,2.7740491299290033,0.21100240902302073,14.695082028320323,False,0.05799026688684417,0.0,0.2507841868893575,-0.014203382279978185
232,7.0,2.2622220564799513,0.17729279678033225,14.60015028360683,False,0.0461395777159944,0.0,0.2507406998316149,-0.014216252406766492
232,7.5,4.09625659340246,0.29091625213626293,14.86954611977466,False,0.08974546065089999,0.0,0.25069857973083776,-0.014228731227287654
232,8.0,13.305299568858995,1.0710667548831472,29.182311914804515,False,0.2707463298953854,0.0,0.2506522348992983,-0.014242476782004274
232,8.5,11.862010449051667,1.1573895737939441,28.103903426514016,False,0.21211680251721707,0.0,0.25057637026685065,-0.014265011867444397
232,9.0,12.375664589964858,1.2413783461139078,27.95800318203909,False,0.21773108623241966,0.0,0.25049731615868215,-0.014288539580312653
232,9.5,16.457536739383215,1.850264915110188,27.385480276456306,False,0.2750279948229822,0.0,0.2504151607545899,-0.014313039294534266
232,10.0,16.227957619118143,2.227764612578577,26.35759738108799,False,0.24502831707785405,0.0,0.25030998381568187,-0.014344477397985856
232,10.5,16.54221715758135,2.380999058200562,25.929221291839248,False,0.24008556273898207,0.0,0.25019056607052864,-0.014380271969281792
232,11.0,15.97756273024332,2.362019487386087,25.702748674625287,False,0.22732095286839105,0.0,0.2500654179856201,-0.014417898432791025
232,11.5,14.029457673966707,1.9567355892431397,26.067498669046458,False,0.20414446180478146,0.0,0.24994107468881088,-0.014455399161963561
232,12.0,8.129515089403332,1.0384982181818736,13.313730506840159,False,0.12467972198785388,0.0,0.249832196027428,-0.014488331373746475
232,12.5,13.26936293822401,1.6582889780450243,26.707675300753188,False,0.20509395139948555,0.0,0.24975824818045333,-0.014510749142327452
232,13.0,16.600165856486413,2.3106146493623365,26.184780290780218,False,0.24731170592083235,0.0,0.24966086268247273,-0.014540335272394176
232,13.5,15.93380230380622,2.385291468849117,25.699004319437577,False,0.22650137717076788,0.0,0.24953880446156854,-0.014577518639128014
232,14.0,15.169314158561019,2.293856019727235,25.58765364499829,False,0.21319188703469522,0.0,0.2494139948912547,-0.01461565738066719
232,14.5,13.13401942411651,1.8614092984107982,25.965937851084906,False,0.1893557450911209,0.0,0.24929273755556777,-0.01465282455881619
232,15.0,10.909901533019498,1.5443122624634116,25.9379709449168,False,0.15689253936424785,0.0,0.24918797344965762,-0.01468502702394865
232,15.5,5.32287010396141,0.6892517081508827,13.252624115865393,False,0.08068447063144914,0.0,0.24909532469638743,-0.01471357574348349
232,16.0,4.0401707527364294,0.4008185049124558,14.008864913282272,False,0.07155333196420077,0.0,0.24903520662402046,-0.014732135860529953
232,16.5,3.1549283124630048,0.28384088543475433,14.265044502314831,False,0.059255259214728774,0.0,0.2489861153961781,-0.014747312377004882
232,17.0,2.697300855406399,0.23243468365900444,14.385005084111494,False,0.05213703667292979,0.0,0.24894154392719137,-0.014761107750091464
232.0,17.5,0.0,0.0,0.0,0.0,0.0,0.0,0.248899003432,-0.0147742888569
232.0,18.0,0.0,0.0,0.0,0.0,0.0,0.0,0.249659864569,-0.0145406388754
232.0,18.5,0.0,0.0,0.0,0.0,0.0,0.0,0.255979162124,-0.012761045072
232.0,19.0,0.0,0.0,0.0,0.0,0.0,0.0,0.255932063301,-0.012773314863
232.0,19.5,0.0,0.0,0.0,0.0,0.0,0.0,0.262235449539,-0.0112490715741
232.0,20.0,0.0,0.0,0.0,0.0,0.0,0.0,0.266932151977,-0.0102530288067
232.0,20.5,0.0,0.0,0.0,0.0,0.0,0.0,0.268440325886,-0.0099557242678
232.0,21.0,0.0,0.0,0.0,0.0,0.0,0.0,0.268357530601,-0.00997177683177
232.0,21.5,0.0,0.0,0.0,0.0,0.0,0.0,0.268275398366,-0.00998773132072
232.0,22.0,0.0,0.0,0.0,0.0,0.0,0.0,0.268193916739,-0.0100035894894
232.0,22.5,0.0,0.0,0.0,0.0,0.0,0.0,0.268113073643,-0.0100193530427
232.0,23.0,0.0,0.0,0.0,0.0,0.0,0.0,0.268032857349,-0.0100350236376
232.0,23.5,0.0,0.0,0.0,0.0,0.0,0.0,0.267953256467,-0.0100506028849
232.0,24.0,0.0,0.0,0.0,0.0,0.0,0.0,0.268667173199,-0.00991190001603
233.0,0.5,0.0,0.0,0.0,0.0,0.0,0.0,0.27175663522,-0.00933734114626
233.0,1.0,0.0,0.0,0.0,0.0,0.0,0.0,0.273248443767,-0.00907415086289
233.0,1.5,0.0,0.0,0.0,0.0,0.0,0.0,0.273941844454,-0.00895483234806
233.0,2.0,0.0,0.0,0.0,0.0,0.0,0.0,0.274632630628,-0.00883781790322
233.0,2.5,0.0,0.0,0.0,0.0,0.0,0.0,0.27452870078,-0.00885530595977
233.0,3.0,0.0,0.0,0.0,0.0,0.0,0.0,0.275217959775,-0.00874009076656
233.0,3.5,0.0,0.0,0.0,0.0,0.0,0.0,0.275904557823,-0.00862709174076
233.0,4.0,0.0,0.0,0.0,0.0,0.0,0.0,0.275796531803,-0.00864475455817
233.0,4.5,0.0,0.0,0.0,0.0,0.0,0.0,0.275689673467,-0.00866226885943
233.0,5.0,0.0,0.0,0.0,0.0,0.0,0.0,0.27558395325,-0.00867963824168
233.0,5.5,0.0,0.0,0.0,0.0,0.0,0.0,0.275479342733,-0.00869686616654
233.0,6.0,0.0,0.0,0.0,0.0,0.0,0.0,0.275375814586,-0.00871395596687
233.0,6.5,0.0,0.0,0.0,0.0,0.0,0.0,0.275273342517,-0.00873091085316
233,7.0,2.286489497544114,0.06431176866776606,16.676605192186415,False,0.0997412391561387,0.04506517709887181,0.27517190121200374,-0.008747733919455603
233,7.5,2.207726941356431,0.06158639576057622,16.669131579807278,False,0.09591233978637234,0.0335530725515044,0.2750673154442308,-0.008765118917085701
233,8.0,2.6173968159408014,0.07373838302021805,16.6592294147046,False,0.11309832344309424,0.052591145879869794,0.27496425288458715,-0.008782291001814447
233,8.5,2.4057288760495115,0.0668777038538808,16.65184908015134,False,0.10353698422201012,0.0409003852257144,0.2756532222205904,-0.008668252962341022
233,9.0,3.977541467438679,0.11779075377534562,16.642069317201713,False,0.17028307113257288,0.1278791317434463,0.2795076810833906,-0.00806185626441269
233,9.5,5.781363810002902,0.18446412927989345,16.62752721292322,False,0.24558455556289988,0.26129925364010337,0.282544676673216,-0.007619435992395699
233,10.0,7.451774094885453,0.26533531626280005,16.61194195510966,False,0.31392839943931694,0.4534506691716446,0.28318375405258134,-0.0075300569883342055
233,10.5,7.74708588212893,0.28711752783867434,16.58946907804714,False,0.32253033407507636,0.48982060601969174,0.28301864832952367,-0.007553027839932543
233,11.0,4.605007393862819,0.14814448549661915,16.52297778530485,False,0.18526997720671246,0.17598592388074094,0.2828532695661051,-0.007576120426405486
233,11.5,3.9824708602446943,0.135552305771617,16.391222955801762,False,0.1502132373899674,0.13646970468346864,0.28587031749808156,-0.00716772439592075
233,12.0,6.733882586615641,0.2584913088316698,16.332871981661015,False,0.2471537697783741,0.34765991298824506,0.2872893427069927,-0.006984737496294102
233,12.5,7.337423692955986,0.2983356878175653,16.250194778212016,False,0.25940894287234895,0.42373826953564087,0.2871067656388088,-0.007007966620324028
233,13.0,5.904084622739811,0.2374622789354329,16.204038858911794,False,0.20453814175664534,0.27366704930348734,0.28692240609127684,-0.007031515985653907
233,13.5,4.214310871713581,0.15833195503793163,16.22972191235373,False,0.1476501102711721,0.14835213796958305,0.2867485687049648,-0.007053807707505336
233.0,14.0,0.0,0.0,0.0,0.0,0.0,0.0189375865323,0.295692889285,-0.00600833988025
233,14.5,4.05911333985404,0.14751466700578456,16.293875213635058,False,0.14634819435491242,0.136778261389534,0.30007835224937063,-0.005563672195907045
233,15.0,4.978995579256751,0.18217278337733012,16.327943638292588,False,0.1823294894032802,0.2126880658323321,0.3084169485342261,-0.004821614798205618
233,15.5,4.861383289936669,0.17418530492338383,16.383041168246397,False,0.18265590501062634,0.22562571278701726,0.3100916097096357,-0.004687160477456058
233,16.0,4.552060649068624,0.16320348073493213,16.414993842633503,False,0.17365486837650018,0.23371995592847922,0.31113959874016184,-0.004605291419239035
233,16.5,2.8896016368622415,0.09883768356796344,16.403578672995792,False,0.10963410321094683,0.10341005529268346,0.3106278348977396,-0.0046450557712583735
233.0,17.0,0.0,0.0,0.0,0.0,0.0,0.0503863508611,0.311496003317,-0.0045778380526
233.0,17.5,0.0,0.0,0.0,0.0,0.0,0.0434695326262,0.314309601721,-0.00436782081743
233.0,18.0,0.0,0.0,0.0,0.0,0.0,0.00612299101333,0.316444832966,-0.00421607309478
233.0,18.5,0.0,0.0,0.0,0.0,0.0,0.0,0.316773277941,-0.00419329232882
233.0,19.0,0.0,0.0,0.0,0.0,0.0,0.0,0.316523905232,-0.00421057523623
233.0,19.5,0.0,0.0,0.0,0.0,0.0,0.0,0.315991890415,-0.00424773131786
233.0,20.0,0.0,0.0,0.0,0.0,0.0,0.0,0.31548752052,-0.00428331794355
233.0,20.5,0.0,0.0,0.0,0.0,0.0,0.0,0.31500749349,-0.00431751740693
233.0,21.0,0.0,0.0,0.0,0.0,0.0,0.0,0.315330108796,-0.00429449703522
233.0,21.5,0.0,0.0,0.0,0.0,0.0,0.0,0.315658775052,-0.00427119511745
233.0,22.0,0.0,0.0,0.0,0.0,0.0,0.0,0.315992800759,-0.00424766740631
233.0,22.5,0.0,0.0,0.0,0.0,0.0,0.0,0.316331560664,-0.00422396377609
233.0,23.0,0.0,0.0,0.0,0.0,0.0,0.0,0.316674486485,-0.00420012899441
233.0,23.5,0.0,0.0,0.0,0.0,0.0,0.0,0.316239324255,-0.00423040207253
233.0,24.0,0.0,0.0,0.0,0.0,0.0,0.0,0.315820166374,-0.00425980789043
234.0,0.5,0.0,0.0,0.0,0.0,0.0,0.0,0.315415524327,-0.00428842667311
234.0,1.0,0.0,0.0,0.0,0.0,0.0,0.0,0.315024108092,-0.00431632827863
234.0,1.5,0.0,0.0,0.0,0.0,0.0,0.0,0.314644792249,-0.00434357392857
234.0,2.0,0.0,0.0,0.0,0.0,0.0,0.0,0.314276589039,-0.00437021758953
234.0,2.5,0.0,0.0,0.0,0.0,0.0,0.0,0.314702688708,-0.00433940209575
234.0,3.0,0.0,0.0,0.0,0.0,0.0,0.0,0.314343169844,-0.00436538532523
234.0,3.5,0.0,0.0,0.0,0.0,0.0,0.0,0.3139930833,-0.00439086519031
234.0,4.0,0.0,0.0,0.0,0.0,0.0,0.0,0.314436309016,-0.0043586362
234.0,4.5,0.0,0.0,0.0,0.0,0.0,0.0,0.314876982788,-0.00432687181253
234.0,5.0,0.0,0.0,0.0,0.0,0.0,0.0,0.314530644453,-0.00435181305917
234.0,5.5,0.0,0.0,0.0,0.0,0.0,0.0,0.314192488603,-0.00437633049639
234.0,6.0,0.0,0.0,0.0,0.0,0.0,0.0,0.313861951326,-0.00440045477864
234.0,6.5,0.0,0.0,0.0,0.0,0.0,0.0204492869296,0.313538524341,-0.00442421363981
234,7.0,2.2048873707308374,0.06821716776815885,16.519620432207844,False,0.08855727298083822,0.03198869954386264,0.3132209718958886,-0.004447689807064035
234,7.5,3.231070489271774,0.10409681552615659,16.47883490143814,False,0.1271542575321887,0.08470008075043324,0.3129066261964203,-0.004471075232041753
234,8.0,5.853463495785812,0.2212861678051986,16.338806761436086,False,0.21542970176936138,0.35111726226259593,0.3125947724441967,-0.004494420177411414
234,8.5,6.236063572121917,0.24810193781805967,16.255824279591746,False,0.22102425763733807,0.3512179639956412,0.3122738685126789,-0.004518594382561708
234,9.0,6.991171095667159,0.3175822220317621,16.01921894863771,False,0.22415465434761708,0.44878336793698076,0.3119571339854607,-0.004542606567690053
234,9.5,14.732250687685525,0.7807846339840396,31.264937360237568,False,0.4086459472222186,0.7304634105903396,0.3116389604979399,-0.004566881073026552
234,10.0,7.48031970298979,0.4682080148906976,15.24187651820798,False,0.1826160250163596,0.4697821015270535,0.3112971525653436,-0.004593131136771318
234,10.5,7.450460149690226,0.4623944728782598,15.262260080710663,False,0.18303215867883066,0.44234566900052924,0.3109814889991872,-0.0046175331897784005
234,11.0,8.263309062303847,0.5903493400945541,14.949314653395787,False,0.18510922996767787,0.619474111768154,0.31067125217769315,-0.004641666384281566
234,11.5,7.355004349993178,0.5325957157074854,14.845669602894962,False,0.1600889619177773,0.4154349548653742,0.31035339649402716,-0.004666548274156393
234,12.0,14.168004451440195,1.0360289878610238,14.843472469986203,False,0.30819536573161027,0.6579535629329635,0.3100492457661127,-0.004690506259450219
234,12.5,16.167165769833353,1.3364183506766452,29.05767690705587,False,0.32381920479946863,0.9573827018504868,0.3097203822526079,-0.004716575963315784
234,13.0,14.888611195078122,1.195441109573949,29.171398745572475,False,0.30254241978072227,0.7740953093864757,0.3093721916444587,-0.004744366150129177
234,13.5,9.677136404683452,0.8185282127148131,28.928395909625948,False,0.19072308573670316,0.565194614316141,0.30903959532284914,-0.004771094072865449
234,14.0,12.853015022153105,1.0041307338325132,29.27380960985488,False,0.26464023222734895,0.5739847135039103,0.30873238293736427,-0.004795941635613304
234,14.5,13.688823066246327,1.1407871394311697,28.946104401631132,False,0.27038112725162217,0.6589805530823922,0.30842081997632165,-0.00482129871100651
234,15.0,6.061705528019744,0.4598821394253422,14.725604260455608,False,0.12774198651283,0.3447488252723762,0.3081037556725603,-0.004847267689202697
234,15.5,10.426088848074846,0.7477709644973054,14.824671386233925,False,0.2256376209226899,0.38247825572657335,0.3078272594402717,-0.004870050096387087
234,16.0,6.873877013346288,0.5158927660241555,29.477042923502477,False,0.1453548165091758,0.2826161085859509,0.3075411088589154,-0.004893762463019671
234,16.5,8.200472360490519,0.6005963329880918,29.52918628689724,False,0.1746172796660617,0.27267174373406244,0.3072701579526556,-0.004916342181233366
234,17.0,8.247914032760516,0.6032623472503881,29.523266990897707,False,0.17548843834388633,0.28704523427064177,0.3069988938785239,-0.004939072453087171
234,17.5,4.268659410910914,0.31937977846061766,14.685683457726793,False,0.08901455697138093,0.1618354709341348,0.3067294268136207,-0.0049617762264824086
234,18.0,2.885159510240923,0.20477711910982827,14.798284430117919,False,0.061994482817343675,0.10578429285202258,0.30647785356109,-0.0049830846863935995
234,18.5,2.370773622616529,0.15915280323705855,14.89729971578954,False,0.052341746403713314,0.045367363840081436,0.3062350554503106,-0.00500375335531314
234.0,19.0,0.0,0.0,0.0,0.0,0.0,0.0,0.305998515009,-0.00502398762946
234.0,19.5,0.0,0.0,0.0,0.0,0.0,0.0,0.305771908208,-0.0050434636536
234.0,20.0,0.0,0.0,0.0,0.0,0.0,0.0,0.305547415999,-0.00506284670259
234.0,20.5,0.0,0.0,0.0,0.0,0.0,0.0,0.305324984326,-0.00508213944223
234.0,21.0,0.0,0.0,0.0,0.0,0.0,0.0,0.305104562312,-0.00510134434564
234.0,21.5,0.0,0.0,0.0,0.0,0.0,0.0,0.304886101991,-0.0051204637095
234.0,22.0,0.0,0.0,0.0,0.0,0.0,0.0,0.30466955808,-0.0051394996687
234.0,22.5,0.0,0.0,0.0,0.0,0.0,0.0,0.304454887758,-0.00515845420983
234.0,23.0,0.0,0.0,0.0,0.0,0.0,0.0,0.304242050474,-0.00517732918335
234.0,23.5,0.0,0.0,0.0,0.0,0.0,0.0,0.30403100777,-0.00519612631482
234.0,24.0,0.0,0.0,0.0,0.0,0.0,0.0,0.303821723116,-0.00521484721505
235.0,0.5,0.0,0.0,0.0,0.0,0.0,0.0,0.303614161768,-0.00523349338943
235.0,1.0,0.0,0.0,0.0,0.0,0.0,0.0,0.303408290629,-0.00525206624649
235.0,1.5,0.0,0.0,0.0,0.0,0.0,0.0,0.303204078128,-0.00527056710565
235.0,2.0,0.0,0.0,0.0,0.0,0.0,0.0,0.303001494107,-0.00528899720441
235.0,2.5,0.0,0.0,0.0,0.0,0.0,0.0,0.302800509722,-0.00530735770487
235.0,3.0,0.0,0.0,0.0,0.0,0.0,0.0,0.302601097345,-0.00532564969974
235.0,3.5,0.0,0.0,0.0,0.0,0.0,0.0,0.30240323048,-0.00534387421786
235.0,4.0,0.0,0.0,0.0,0.0,0.0,0.0,0.302206883682,-0.00536203222923
235.0,4.5,0.0,0.0,0.0,0.0,0.0,0.0,0.30201203249,-0.00538012464966
235.0,5.0,0.0,0.0,0.0,0.0,0.0,0.0,0.301818653355,-0.005398152345
235.0,5.5,0.0,0.0,0.0,0.0,0.0,0.0,0.301626723583,-0.00541611613511
235.0,6.0,0.0,0.0,0.0,0.0,0.0,0.0,0.301436221277,-0.00543401679738
235.0,6.5,0.0,0.0,0.0,0.0,0.0,0.0,0.301247125286,-0.0054518550701
235,7.0,2.468628466259416,0.07959340397779954,16.450834709328166,False,0.09582194979060119,0.04214671370817931,0.3010594151593666,-0.005469631655447868
235,7.5,3.6478215330311405,0.126624885181489,16.364791062687843,False,0.13588748732540962,0.1098483847869313,0.30086845106947924,-0.005487787312432413
235,8.0,4.30157715077407,0.16035073609949949,16.250194787763014,False,0.15207893506782202,0.14455502679179305,0.3006744797495372,-0.00550630243546667
235,8.5,5.87562456597246,0.257375522167099,16.02819319021687,False,0.18907137353720652,0.29356654299757357,0.3004792397048449,-0.005525013871636517
235,9.0,13.533710444190778,0.7429359908002022,31.04273451510064,False,0.3613983677391784,0.6066613268080603,0.30027597282207474,-0.005544575137999597
235,9.5,13.92328160064034,0.9459420383149401,30.010080435808966,False,0.31687333108096266,0.6537036669067087,0.3000436896959719,-0.005567029883961738
235,10.0,15.48844718337848,1.1743413612670686,29.51398194839383,False,0.32913439563444225,0.8462836713423482,0.2998031928698027,-0.005590392907593056
235,10.5,16.868507972679915,1.4275506656412644,29.004156748545984,False,0.33560518344212575,1.143599980839892,0.29954797892286755,-0.005615313503415304
235,11.0,16.723796798027394,1.5259655225451778,28.567266644500037,False,0.31548794889985327,1.0993392439835092,0.29927311541619167,-0.005642300986897993
235,11.5,17.273029584394134,1.7096923649646085,28.08330106415985,False,0.31208632821094817,1.3142219677154794,0.29899742387371475,-0.005669525151745937
235,12.0,17.220987302292116,1.846250700772471,27.612717084882505,False,0.2951800230932805,1.3183491456371346,0.29870781687535986,-0.005698292180546741
235,12.5,17.31841820683688,1.9597673318881994,27.33727213396075,False,0.28853435954862783,1.4133654701588878,0.2984140676495571,-0.0057276485005411356
235,13.0,17.001145340611462,1.9634735856691445,27.183236898466046,False,0.2785526315753838,1.238035187506808,0.29811358677285194,-0.0057578641896155495
235,13.5,16.66179162006557,1.9825227063409003,27.115863978621626,False,0.2707642473620198,1.5263872715164994,0.2978207869100359,-0.0057874903667448985
235,14.0,15.851848455332279,1.8608751774353196,27.097205013357645,False,0.2546468939935109,0.8686619926386252,0.2975174751317641,-0.005818371891183457
235,14.5,12.955657017575671,1.4576264273977686,27.264400008466428,False,0.21169615934450742,0.4901610693300586,0.29724488082234307,-0.005846293576464506
235,15.0,6.182117456163354,0.6727948216279587,13.741531598512376,False,0.10333711322837737,0.29005035718371525,0.29700308084735016,-0.005871194719085047
235,15.5,11.19887271169802,1.1852281589092555,27.59525763203679,False,0.18942777708824443,0.36282918267313574,0.29679977330505725,-0.005892229662838059
235,16.0,12.112653640797033,1.3930456867511425,27.251696366794487,False,0.19898268382383721,0.8013558438123836,0.29657535813199654,-0.005915552828801458
235,16.5,11.414972130120198,1.381578463088807,26.913254790598963,False,0.18098201357823246,0.6832757940167195,0.2963275028489893,-0.00594144004523196
235,17.0,7.791536744766317,0.8293522948151063,27.54180476212369,False,0.13104821259438823,0.18713712097235158,0.29608564022326556,-0.005966831582963501
235,17.5,6.116836552158215,0.5901312376425322,28.066686085996622,False,0.10892574306405106,0.12957213619551536,0.2958846272975989,-0.00598803301223967
235,18.0,4.246007169874382,0.37066589418715806,28.597916664856914,False,0.08039147260756752,0.08398808168121805,0.29569592988511945,-0.006008017212240382
235,18.5,4.766957681529398,0.40324384131959157,14.369078255034651,False,0.09178687634505993,0.11419688021764948,0.29551833199017286,-0.006026898536431805
235.0,19.0,0.0,0.0,0.0,0.0,0.0,0.0,0.295339380866,-0.00604599528284
235.0,19.5,0.0,0.0,0.0,0.0,0.0,0.0,0.295181084934,-0.00606294793284
235.0,20.0,0.0,0.0,0.0,0.0,0.0,0.0,0.295023796359,-0.00607984882626
235.0,20.5,0.0,0.0,0.0,0.0,0.0,0.0,0.294867504341,-0.00609669826811
235.0,21.0,0.0,0.0,0.0,0.0,0.0,0.0,0.29471219826,-0.00611349655878
235.0,21.5,0.0,0.0,0.0,0.0,0.0,0.0,0.294557867672,-0.00613024399435
235.0,22.0,0.0,0.0,0.0,0.0,0.0,0.0,0.294404502298,-0.00614694086691
235.0,22.5,0.0,0.0,0.0,0.0,0.0,0.0,0.294252092026,-0.00616358746484
235.0,23.0,0.0,0.0,0.0,0.0,0.0,0.0,0.294100626897,-0.00618018407303
235.0,23.5,0.0,0.0,0.0,0.0,0.0,0.0,0.29395009711,-0.00619673097315
235.0,24.0,0.0,0.0,0.0,0.0,0.0,0.0,0.293800493009,-0.00621322844383
236.0,0.5,0.0,0.0,0.0,0.0,0.0,0.0,0.293651805085,-0.00622967676086
236.0,1.0,0.0,0.0,0.0,0.0,0.0,0.0,0.293504023965,-0.00624607619739
236.0,1.5,0.0,0.0,0.0,0.0,0.0,0.0,0.293357140418,-0.00626242702402
236.0,2.0,0.0,0.0,0.0,0.0,0.0,0.0,0.293211145342,-0.00627872950903
236.0,2.5,0.0,0.0,0.0,0.0,0.0,0.0,0.293066029766,-0.00629498391846
236.0,3.0,0.0,0.0,0.0,0.0,0.0,0.0,0.292921784845,-0.00631119051621
236.0,3.5,0.0,0.0,0.0,0.0,0.0,0.0,0.292778401858,-0.00632734956422
236.0,4.0,0.0,0.0,0.0,0.0,0.0,0.0,0.292635872202,-0.0063434613225
236.0,4.5,0.0,0.0,0.0,0.0,0.0,0.0,0.292494187395,-0.00635952604922
236.0,5.0,0.0,0.0,0.0,0.0,0.0,0.0,0.292353339069,-0.00637554400085
236.0,5.5,0.0,0.0,0.0,0.0,0.0,0.0,0.292213318966,-0.00639151543217
236.0,6.0,0.0,0.0,0.0,0.0,0.0,0.0,0.292074118942,-0.00640744059635
236.0,6.5,0.0,0.0,0.0,0.0,0.0,0.00222925920993,0.291935730959,-0.00642331974504
236,7.0,2.866252143219375,0.08634817308311123,16.59064313916812,False,0.11940253572519652,0.05348614412545426,0.2925890262592107,-0.006348767525799362
236,7.5,2.9513616281455244,0.08839046842430459,16.582445936297916,False,0.12242245174796736,0.04647518273291226,0.2924421619807836,-0.006365437039794765
236,8.0,3.1531449227336528,0.09445435639248827,16.575457138127245,False,0.1303174604564872,0.04928107100268334,0.2922963609971744,-0.006382037475601708
236,8.5,3.2021490660313345,0.09580024532709,16.569659170948274,False,0.13194526590197372,0.048366242073370404,0.2921510880171227,-0.0063986291216827735
236,9.0,2.531579273369109,0.0744869456199811,16.569659177055776,False,0.10431428815105133,0.023929821735374147,0.29200665335990666,-0.006415175996715536
236.0,9.5,0.0,0.0,0.0,0.0,0.0,0.00951409767708,0.294237157258,-0.00616522156198
236.0,10.0,0.0,0.0,0.0,0.0,0.0,0.00041557679965,0.301981212532,-0.00538299301757
236.0,10.5,0.0,0.0,0.0,0.0,0.0,0.0,0.3120022827,-0.00453917449181
236.0,11.0,0.0,0.0,0.0,0.0,0.0,0.0,0.319225320554,-0.00402777616598
236.0,11.5,0.0,0.0,0.0,0.0,0.0,0.0,0.328797844688,-0.00345182923582
236.0,12.0,0.0,0.0,0.0,0.0,0.0,0.0236218356358,0.337144557831,-0.00302822777208
236,12.5,4.587853052879114,0.13408064006000486,16.662934268943292,False,0.19864199537213906,0.1589330720096317,0.33968341112982653,-0.0029118697865603838
236,13.0,6.335485226604485,0.19900532110668606,16.674109327887617,False,0.2759887498924403,0.3006152457432297,0.3401431083720395,-0.002891375170541786
236,13.5,13.696546356351103,0.5080022498118133,16.655534307822982,False,0.5906453077517073,0.6118027166782464,0.3398689910388339,-0.002903575338154855
236,14.0,14.606917809546449,0.4939802392767013,33.29390115813136,False,0.6269860099682573,0.7272936545522786,0.3396252174777785,-0.0029144765497350687
236,14.5,14.18527174751797,0.49590082542168573,33.14859129580024,False,0.5859145931428205,0.7024324207890711,0.33865221414315677,-0.0029584765309734295
236,15.0,12.027882211949127,0.430062538041708,32.91449920399418,False,0.46833878928061806,0.5307823520972836,0.3377365655335104,-0.0030006075353982
236,15.5,10.24042205551126,0.3950334142605057,16.353744160526855,False,0.3795094843884286,0.40974396735322055,0.3368760820238474,-0.003040853345908775
236,16.0,3.3506012353160934,0.12101032790033459,16.318133576473972,False,0.12214644985508555,0.12517894893331108,0.3414450128593176,-0.002834258404493227
236,16.5,3.468329841527006,0.1259049556963095,16.350745104624764,False,0.12835675582703582,0.17074972555796109,0.34205382757125,-0.00280801048148174
236,17.0,1.9965238346265013,0.07029309802458054,16.326959832500517,False,0.07307906883920554,0.060820323164991995,0.34723844588507174,-0.0025958336867828035
236,17.5,3.5053098925773476,0.11772558139645942,16.37388894021069,False,0.1311374504199123,0.1288505901449531,0.34613999737660545,-0.00263914602708596
236.0,18.0,0.0,0.0,0.0,0.0,0.0,0.0,0.34509759043,-0.00268104713702
236,18.5,1.8712380088639446,0.05598879036482165,16.449768246765295,False,0.0725959402791343,0.04303730114046466,0.34487861782926255,-0.002689949534624737
236.0,19.0,0.0,0.0,0.0,0.0,0.0,0.0,0.34390267674,-0.00273005756205
236.0,19.5,0.0,0.0,0.0,0.0,0.0,0.0,0.342965307833,-0.00276925297605
236.0,20.0,0.0,0.0,0.0,0.0,0.0,0.0,0.342056742443,-0.00280788551056
236.0,20.5,0.0,0.0,0.0,0.0,0.0,0.0,0.341172272333,-0.00284611186774
236.0,21.0,0.0,0.0,0.0,0.0,0.0,0.0,0.340308446887,-0.00288404596197
236.0,21.5,0.0,0.0,0.0,0.0,0.0,0.0,0.340232736964,-0.0028873993187
236.0,22.0,0.0,0.0,0.0,0.0,0.0,0.0,0.339380075226,-0.00292548817862
236.0,22.5,0.0,0.0,0.0,0.0,0.0,0.0,0.338544931759,-0.00296337621003
236.0,23.0,0.0,0.0,0.0,0.0,0.0,0.0,0.337726387215,-0.00300107986449
236.0,23.5,0.0,0.0,0.0,0.0,0.0,0.0,0.336923814218,-0.00303860407332
236.0,24.0,0.0,0.0,0.0,0.0,0.0,0.0,0.336136776391,-0.0030759460738
237.0,0.5,0.0,0.0,0.0,0.0,0.0,0.0,0.335364956993,-0.00311309822311
237.0,1.0,0.0,0.0,0.0,0.0,0.0,0.0,0.334608109285,-0.00315005004201
237.0,1.5,0.0,0.0,0.0,0.0,0.0,0.0,0.333866022732,-0.00318678967525
237.0,2.0,0.0,0.0,0.0,0.0,0.0,0.0,0.333138500661,-0.00322330491299
237.0,2.5,0.0,0.0,0.0,0.0,0.0,0.0,0.332425346107,-0.00325958388459
237.0,3.0,0.0,0.0,0.0,0.0,0.0,0.0,0.331726353434,-0.00329561551007
237.0,3.5,0.0,0.0,0.0,0.0,0.0,0.0,0.331041303952,-0.00333138977463
237.0,4.0,0.0,0.0,0.0,0.0,0.0,0.0,0.330369964237,-0.00336689787602
237.0,4.5,0.0,0.0,0.0,0.0,0.0,0.0,0.329712086213,-0.00340213228192
237.0,5.0,0.0,0.0,0.0,0.0,0.0,0.0,0.329067408328,-0.00343708672556
237.0,5.5,0.0,0.0,0.0,0.0,0.0,0.0,0.328435657369,-0.00347175616013
237.0,6.0,0.0,0.0,0.0,0.0,0.0,0.0,0.327816550574,-0.00350613668718
237,6.5,7.160035315777559,0.22058483015299096,33.111678198442974,False,0.2929336232051187,0.2000440945240456,0.3272097978414355,-0.003540225469951528
237,7.0,11.725505582609987,0.3969801172137144,33.05718117556079,False,0.47308700437957396,0.4974173892626784,0.3265991410444763,-0.0035749330576775795
237,7.5,13.819517653808612,0.5421080675194461,32.68555192055704,False,0.5095465907212344,0.7645761166499446,0.32598226509908457,-0.003610406543474493
237,8.0,14.651179192858848,0.6773115161382013,31.943753934507626,False,0.4609572403936958,0.816662410572018,0.3253612034891749,-0.003646545218544601
237,8.5,15.522072555753045,0.8284501158919598,31.32561729538694,False,0.435158376481394,0.9338765544820019,0.3247441954907712,-0.0036828756101332607
237,9.0,15.942328252310485,1.016084772966394,30.46352546726258,False,0.38799348659350075,0.9820866246092281,0.3241278673684909,-0.003719597340029073
237,9.5,16.93765215333961,1.4018391724219028,29.1486173430471,False,0.34678324096229796,1.4379583617580036,0.32351315866730457,-0.003756657947214414
237,10.0,17.143835793178443,1.4940838762441975,28.8481306480248,False,0.33455463300837845,1.3635532465694291,0.322876790211907,-0.003795488861124108
237,10.5,15.904121705268862,1.2161240301010945,29.47203037829067,False,0.33608419812937546,0.9223367434286119,0.32224974004100687,-0.0038342198493725166
237,11.0,17.60676553905312,1.6806023628036364,28.441253372976377,False,0.3308197754763524,1.8335572403916698,0.32165969909766773,-0.003871095646328845
237,11.5,17.142100586386007,1.8619734073348229,27.72771439133799,False,0.2970009375005837,2.109300517580993,0.32102689457790834,-0.003911114664864673
237,12.0,15.83123753399966,1.6803394779223049,27.62829011434568,False,0.26872760966522874,0.9608484937504437,0.32038592105605834,-0.003952153836822508
237,12.5,17.154554138951777,1.7885016707559647,27.751666846101003,False,0.29812579423824104,1.3361415636349776,0.31980434397810453,-0.003989834727482677
237,13.0,16.98528045140413,2.082340906323321,26.870437120664395,False,0.26917018956769106,1.7199482942955029,0.31921308794420206,-0.004028582352881443
237,13.5,13.01057354698628,1.4778946701869284,27.18382790201688,False,0.21084851014495926,0.6071483485026079,0.3186045390141703,-0.004068932404755408
237,14.0,16.13511512586772,1.9027169340485208,27.008371622229625,False,0.259615014932398,1.1427584127636052,0.3180693459952092,-0.004104817067098345
237,14.5,15.068569355744684,1.982465856708247,26.456557152688546,False,0.22915989699092149,1.4409472355366189,0.31750566104160727,-0.004143020603867799
237,15.0,14.654887597566693,1.9585838359914178,26.319812923702347,False,0.21828298830968357,0.9776698941673815,0.3169353667840598,-0.004182103994493817
237,15.5,13.641772987558426,1.738195701384532,26.55864625054752,False,0.2094341881999896,0.883141297960062,0.3163910775703152,-0.004219815566969597
237,16.0,11.731491366968958,1.5977801661226037,26.182130603388686,False,0.1736359773975708,0.8138569662472936,0.3158660476014218,-0.0042565772715364375
237,16.5,9.142782531861428,1.1203872691388674,26.714952082150845,False,0.14141267091519844,0.26974735068201966,0.3153560814086159,-0.004292650115431104
237,17.0,8.684393012385064,0.939052490306951,27.45955884727845,False,0.1448062367598883,0.2795922885176211,0.3148917909206693,-0.004325809220185892
237,17.5,6.608761626489729,0.6386643263328442,28.08312195816074,False,0.11790263559922648,0.21277971233879356,0.314440728652272,-0.004358316249862276
237,18.0,5.376787180954559,0.47828049600411393,28.489880481856943,False,0.10050864875903458,0.14000367778046385,0.314010138498518,-0.0043896197863414295
237,18.5,3.40426991981637,0.2747140528656363,14.468251696305504,False,0.0671609505967494,0.06522974645605095,0.31359475634222006,-0.004420071895910602
237.0,19.0,0.0,0.0,0.0,0.0,0.0,0.0,0.313196125383,-0.00444953292499
237.0,19.5,0.0,0.0,0.0,0.0,0.0,0.0,0.312816417767,-0.00447781322905
237.0,20.0,0.0,0.0,0.0,0.0,0.0,0.0,0.312442572462,-0.00450586638382
237.0,20.5,0.0,0.0,0.0,0.0,0.0,0.0,0.312074434627,-0.00453369612069
237.0,21.0,0.0,0.0,0.0,0.0,0.0,0.0,0.311711854589,-0.00456130612135
237.0,21.5,0.0,0.0,0.0,0.0,0.0,0.0,0.311354687666,-0.00458870001486
237.0,22.0,0.0,0.0,0.0,0.0,0.0,0.0,0.311002793998,-0.00461588137533
237.0,22.5,0.0,0.0,0.0,0.0,0.0,0.0,0.31065603838,-0.00464285371991
237.0,23.0,0.0,0.0,0.0,0.0,0.0,0.0,0.310314290097,-0.00466962050735
237.0,23.5,0.0,0.0,0.0,0.0,0.0,0.0,0.309977422766,-0.00469618513681
237.0,24.0,0.0,0.0,0.0,0.0,0.0,0.0,0.309645314178,-0.00472255094699
238.0,0.5,0.0,0.0,0.0,0.0,0.0,0.0,0.30931784615,-0.00474872121565
238.0,1.0,0.0,0.0,0.0,0.0,0.0,0.0,0.308994904375,-0.00477469915923
238.0,1.5,0.0,0.0,0.0,0.0,0.0,0.0,0.308676378281,-0.0048004879328
238.0,2.0,0.0,0.0,0.0,0.0,0.0,0.0,0.308362160894,-0.00482609063014
238.0,2.5,0.0,0.0,0.0,0.0,0.0,0.0,0.308052148703,-0.00485151028401
238.0,3.0,0.0,0.0,0.0,0.0,0.0,0.0,0.307746241535,-0.00487674986656
238.0,3.5,0.0,0.0,0.0,0.0,0.0,0.0,0.307444342428,-0.00490181228984
238.0,4.0,0.0,0.0,0.0,0.0,0.0,0.0,0.307146357511,-0.00492670040643
238.0,4.5,0.0,0.0,0.0,0.0,0.0,0.0,0.306852195893,-0.00495141701021
238.0,5.0,0.0,0.0,0.0,0.0,0.0,0.0,0.306561769547,-0.0049759648371
238.0,5.5,0.0,0.0,0.0,0.0,0.0,0.0,0.307061234879,-0.00493383759589
238.0,6.0,0.0,0.0,0.0,0.0,0.0,0.0143638718772,0.306768803592,-0.00495845081583
238,6.5,5.50217179758706,0.1524143796605846,33.47061140090131,False,0.24799956972576714,0.1238408277170164,0.30647965192554016,-0.0049829319769914586
238,7.0,10.496802322630373,0.3133600874683571,33.434339137283686,False,0.46830980000429323,0.27831497011112977,0.30618428912368,-0.005008087841186317
238,7.5,12.682888330093679,0.43090767397742374,33.21198662110048,False,0.532626691678981,0.404895326117885,0.30588059051852035,-0.005034111602626386
238,8.0,14.880112971938733,0.6598438611047409,32.22411110704613,False,0.4956421997907328,0.6436687287821508,0.3055711719933208,-0.005060791374513141
238,8.5,15.33219080431044,0.9673259242763216,30.460341031954478,False,0.37296267864378213,0.6487397088252548,0.3052474624155383,-0.005088883925538756
238,9.0,16.34535887853691,1.3261737197807948,29.25763836493112,False,0.3391255470769111,0.9511762915598675,0.30491526698208965,-0.0051179062952074
238,9.5,16.74795862305175,1.602849039990303,28.32402598223367,False,0.3102184006305875,0.9546342210962205,0.304561271432244,-0.005149050560504905
238,10.0,17.083761928619147,1.7012713744499306,28.079126297987198,False,0.3073126282494553,0.9352069849998575,0.30419986340920285,-0.005181080209273786
238,10.5,17.190055479668708,1.8307460555146067,27.665981107784173,False,0.29560200943843884,0.8465338746321976,0.30383860182568484,-0.0052133344072036346
238,11.0,16.913606583238945,1.788890439041374,27.72487072575946,False,0.2900898365921995,0.6806066010288068,0.30347886446849753,-0.005245690528758685
238,11.5,17.3278412195331,2.0227145311519776,27.207498187485655,False,0.2836975825212893,0.9862527052056117,0.30313001593460887,-0.005277296032907124
238,12.0,17.283765261587316,2.1004358693526815,26.96130235240275,False,0.2761353318053893,0.8819901020448697,0.30276363120105093,-0.00531073490401345
238,12.5,17.12972634549115,2.114855082890681,26.864885508264027,False,0.27102762529638624,0.8006411030212766,0.30240112581867395,-0.00534406846657824
238,13.0,16.968168526210725,2.0522481113839284,26.935905981691832,False,0.2703112740985528,0.6218421737197007,0.3020439701199076,-0.005377154182693459
238,13.5,16.507037931400568,2.063558456882077,26.7802015862258,False,0.2589149739945978,0.6237623215241241,0.3016987251007274,-0.005409368771101446
238,14.0,14.356825327559484,1.9385855913371073,26.433979386057622,False,0.2175655820973059,0.6881205379953667,0.30135566891228227,-0.0054416071478872894
238,14.5,14.464744937222974,1.9631703106976783,26.33251999835914,False,0.21712923410156068,0.5156411882407096,0.3010175474287767,-0.005473606041512069
238,15.0,14.101675666496343,1.8807346904226412,26.38142946094189,False,0.21261774618885304,0.37411274845105635,0.3006876181590244,-0.0055050459887651965
238,15.5,12.84922178520121,1.7035335511145615,26.4099270345257,False,0.194091686428993,0.29823206837155103,0.30036871487759487,-0.005535639943652056
238,16.0,12.024510021003774,1.5382322570712987,26.600278644927577,False,0.1839339693463457,0.18694535611672913,0.3000618911780913,-0.00556526644403871
238,16.5,10.059417546209191,1.2869369472970944,26.610064375199354,False,0.1540196864348356,0.14963301238990787,0.299767989258794,-0.0055938225496868854
238,17.0,8.246902655191203,1.0202276560646344,26.73730610486703,False,0.12783381414052283,0.07457472843923356,0.29948741690281816,-0.0056212465537473985
238,17.5,3.2003940516306226,0.38107972370775545,13.45099856620078,False,0.05041783773526919,0.018707083491898507,0.29922214460145585,-0.00564732252911714
238,18.0,1.5657325486727403,0.17402835826066668,13.63731701453532,False,0.025611078368180818,0.004060432789858762,0.2989855325519503,-0.005670702920256372
238.0,18.5,0.0,0.0,0.0,0.0,0.0,0.0,0.298759574154,-0.00569313832444
238.0,19.0,0.0,0.0,0.0,0.0,0.0,0.0,0.298542571488,-0.00571478413631
238.0,19.5,0.0,0.0,0.0,0.0,0.0,0.0,0.298327724363,-0.00573631160468
238.0,20.0,0.0,0.0,0.0,0.0,0.0,0.0,0.298114992223,-0.00575772241922
238.0,20.5,0.0,0.0,0.0,0.0,0.0,0.0,0.297904335642,-0.00577901822944
238.0,21.0,0.0,0.0,0.0,0.0,0.0,0.0,0.297695716282,-0.00580020064605
238.0,21.5,0.0,0.0,0.0,0.0,0.0,0.0,0.29748909685,-0.00582127124233
238.0,22.0,0.0,0.0,0.0,0.0,0.0,0.0,0.297284441063,-0.00584223155544
238.0,22.5,0.0,0.0,0.0,0.0,0.0,0.0,0.297081713608,-0.00586308308763
238.0,23.0,0.0,0.0,0.0,0.0,0.0,0.0,0.29688088011,-0.00588382730736
238.0,23.5,0.0,0.0,0.0,0.0,0.0,0.0,0.296681907098,-0.00590446565052
238.0,24.0,0.0,0.0,0.0,0.0,0.0,0.0,0.296484761969,-0.00592499952136
239.0,0.5,0.0,0.0,0.0,0.0,0.0,0.0,0.296289412966,-0.00594543029361
239.0,1.0,0.0,0.0,0.0,0.0,0.0,0.0,0.296095829141,-0.00596575931138
239.0,1.5,0.0,0.0,0.0,0.0,0.0,0.0,0.29590398033,-0.00598598789011
239.0,2.0,0.0,0.0,0.0,0.0,0.0,0.0,0.295713837128,-0.00600611731748
239.0,2.5,0.0,0.0,0.0,0.0,0.0,0.0,0.295525370863,-0.00602614885419
239.0,3.0,0.0,0.0,0.0,0.0,0.0,0.0,0.29533855357,-0.00604608373483
239.0,3.5,0.0,0.0,0.0,0.0,0.0,0.0,0.29515335797,-0.00606592316866
239.0,4.0,0.0,0.0,0.0,0.0,0.0,0.0,0.294969757444,-0.00608566834031
239.0,4.5,0.0,0.0,0.0,0.0,0.0,0.0,0.294787726017,-0.00610532041053
239.0,5.0,0.0,0.0,0.0,0.0,0.0,0.0,0.294607238334,-0.00612488051688
239.0,5.5,0.0,0.0,0.0,0.0,0.0,0.0,0.294428269639,-0.00614434977437
239.0,6.0,0.0,0.0,0.0,0.0,0.0,0.0,0.29425079576,-0.00616372927611
239,6.5,2.5258421020360426,0.09091967031714838,16.311303200354637,False,0.09179242788019137,0.01420575331433549,0.29407479308862666,-0.006183020093935724
239,7.0,3.858475693667266,0.15609792412510645,16.1406859028844,False,0.13008171982090405,0.028311677974825113,0.29389624905801015,-0.00620266300438422
239,7.5,10.202748936672856,0.4641923176942358,31.811777548537766,False,0.3128346653912511,0.05663602340207562,0.29371612180961304,-0.006222555487021169
239,8.0,13.850085806853937,0.7936406884153715,30.94176144840209,False,0.36368245901716006,0.09534153667005477,0.2935246310810984,-0.006243786319166357
239,8.5,15.56324220439394,1.0849282822469308,30.057823205711806,False,0.3566322945770106,0.1233697290596288,0.29332055100457527,-0.00626650802637562
239,9.0,15.750593618294456,1.2071339700174097,29.526648523670126,False,0.33527238154656225,0.10246565732258404,0.29310571394582624,-0.006290533914208175
239,9.5,16.612571971086005,1.4316408701740029,28.971314726342936,False,0.32916124967695926,0.10330572848077967,0.29288837296283354,-0.006314951587212259
239,10.0,15.809021981999521,1.3677288418150095,28.872056967525182,False,0.3094144649143744,0.06219945936552577,0.29266380042710377,-0.006340300428388936
239,10.5,17.45260056446719,1.6658185568778379,28.432012582920684,False,0.3271207897638529,0.06938159848779968,0.29244451401193017,-0.006365169666967645
239,11.0,16.789152613245133,1.7227109862416596,27.959190086366974,False,0.2954185070780032,0.024146894506764705,0.29221492398413634,-0.006391332085474394
239,11.5,16.974915944306264,1.8398815316690276,27.671028430590418,False,0.28946104334207035,0.0,0.2919861541587167,-0.006417528577023108
239,12.0,16.59059428117238,2.021105097680298,27.120084103045023,False,0.2691876303623094,0.0,0.29175509828144885,-0.006444116805117043
239,12.5,16.911537985402,2.085665835190758,26.927828162051977,False,0.2691598781120269,0.0,0.29151839114180517,-0.006471491556721963
239,13.0,15.920644395870749,2.1155596630046896,26.567050743433512,False,0.2445701847735383,0.0,0.2912804424421127,-0.006499149654034679
239,13.5,15.483059407575315,1.9893989300939887,26.629695727578067,False,0.23750980348513606,0.0,0.29104255051526584,-0.006526942056382107
239,14.0,14.644864163361852,1.8421936940944448,26.725887864273567,False,0.22675522616471883,0.0,0.290810620710525,-0.006554174347987083
239,14.5,14.618082427521358,1.8618214827381279,26.67642096107991,False,0.22525600540761975,0.0,0.29058543510359913,-0.006580744387060351
239,15.0,13.77917673104215,1.8851281903327308,26.24420147883661,False,0.20504994404262425,0.0,0.29036064616924584,-0.006607395718540978
239,15.5,11.978131261500426,1.4807139441850266,26.79481108339081,False,0.18671717884129208,0.0,0.29013609840458,-0.006634146950611078
239,16.0,11.296879373329084,1.2907007490584275,27.334704268050515,False,0.1868035112567011,0.0,0.28992800823328796,-0.006659052804869276
239,16.5,10.13513295075988,1.0616707755336032,27.785629682739632,False,0.1749766288861351,0.0,0.2897282238964596,-0.006683069443133289
239,17.0,6.274605334313091,0.6076750898697368,28.124780243093433,False,0.11246659588134358,0.0,0.2895382111352533,-0.006706007226667711
239,17.5,2.5597309041212837,0.23723708633318596,14.166595679796677,False,0.04698414785491339,0.0,0.2893664927416493,-0.006726817298136673
239,18.0,1.674799082925663,0.14687881480332554,14.306488953917126,False,0.03176663191596505,0.0,0.2892098833509871,-0.006745863468723481
239.0,18.5,0.0,0.0,0.0,0.0,0.0,0.0,0.28905773988,-0.00676442807434
239.0,19.0,0.0,0.0,0.0,0.0,0.0,0.0,0.288912193483,-0.00678224469924
239.0,19.5,0.0,0.0,0.0,0.0,0.0,0.0,0.288767656589,-0.00679999310773
239.0,20.0,0.0,0.0,0.0,0.0,0.0,0.0,0.288624115932,-0.00681767397819
239.0,20.5,0.0,0.0,0.0,0.0,0.0,0.0,0.2884815585,-0.00683528797823
239.0,21.0,0.0,0.0,0.0,0.0,0.0,0.0,0.28833997153,-0.00685283576487
239.0,21.5,0.0,0.0,0.0,0.0,0.0,0.0,0.288199342502,-0.00687031798479
239.0,22.0,0.0,0.0,0.0,0.0,0.0,0.0,0.28805965913,-0.00688773527456
239.0,22.5,0.0,0.0,0.0,0.0,0.0,0.0,0.28792090936,-0.00690508826086
239.0,23.0,0.0,0.0,0.0,0.0,0.0,0.0,0.287783081364,-0.00692237756067
239.0,23.5,0.0,0.0,0.0,0.0,0.0,0.0,0.28764616353,-0.00693960378152
239.0,24.0,0.0,0.0,0.0,0.0,0.0,0.0,0.287510144462,-0.00695676752164
240.0,0.5,0.0,0.0,0.0,0.0,0.0,0.0,0.287375012972,-0.00697386937019
240.0,1.0,0.0,0.0,0.0,0.0,0.0,0.0,0.287240758077,-0.00699090990744
240.0,1.5,0.0,0.0,0.0,0.0,0.0,0.0,0.287107368991,-0.00700788970494
240.0,2.0,0.0,0.0,0.0,0.0,0.0,0.0,0.286974835122,-0.00702480932572
240.0,2.5,0.0,0.0,0.0,0.0,0.0,0.0,0.286843146069,-0.00704166932447
240.0,3.0,0.0,0.0,0.0,0.0,0.0,0.0,0.286712291615,-0.00705847024769
240.0,3.5,0.0,0.0,0.0,0.0,0.0,0.0,0.286582261725,-0.00707521263385
240.0,4.0,0.0,0.0,0.0,0.0,0.0,0.0,0.286453046538,-0.00709189701359
240.0,4.5,0.0,0.0,0.0,0.0,0.0,0.0,0.286324636368,-0.00710852390984
240.0,5.0,0.0,0.0,0.0,0.0,0.0,0.0,0.286197021695,-0.00712509383798
240.0,5.5,0.0,0.0,0.0,0.0,0.0,0.0,0.286070193167,-0.00714160730602
240.0,6.0,0.0,0.0,0.0,0.0,0.0,0.0,0.28594414159,-0.00715806481471
240,6.5,2.192825943660534,0.10706478027695392,15.70859783505295,False,0.06248388265720229,0.0,0.2858188579276964,-0.007174466857679107
240,7.0,5.950450152037851,0.3181583864730087,31.09862610845393,False,0.16040316949357883,0.0,0.28569027019609006,-0.007191348055696446
240,7.5,10.544494592515104,0.6131240719130375,30.734936125626355,False,0.2677420133489409,0.0,0.2855544217744758,-0.007209233884643863
240,8.0,10.599959843813789,0.6818448555977723,30.248532856760022,False,0.24975967514782302,0.0,0.28540812113698605,-0.0072285551635224215
240,8.5,13.682196236745227,0.9954840121816403,29.698379728258168,False,0.2980937236069868,0.0,0.2852599458250898,-0.00724818694387675
240,9.0,16.050798227010237,1.363093126417561,28.993680327678117,False,0.3189186885933605,0.0,0.28510059289857514,-0.007269370587336153
240,9.5,16.71969781090625,1.570620338268526,28.480737974563556,False,0.31488050685504976,0.0,0.2849280060373447,-0.007292396754367316
240,10.0,16.736420147288655,1.8880486438554158,27.454267162868696,False,0.28127843040655215,0.0,0.28474825231297823,-0.007316471560522398
240,10.5,16.91143518463342,2.0139377886380188,27.122693902949955,False,0.27446994781596645,0.0,0.284557153087717,-0.00734216982159188
240,11.0,17.065486461626197,2.1071498151599837,26.890957194314765,False,0.2707049836698748,0.0,0.284361969494856,-0.007368528427818825
240,11.5,17.028530170751512,2.153847055922078,26.750564496169893,False,0.2664606705249981,0.0,0.28416393398728723,-0.007395387483309341
240,12.0,16.70796261142537,2.2130186542036383,26.50202215662265,False,0.2551305108313883,0.0,0.2839648042800072,-0.007422512643982507
240,12.5,16.70277465654629,2.2496691720894897,26.33802227122205,False,0.25123326636724275,0.0,0.28376409957374965,-0.007449972385333077
240,13.0,15.758276680827404,2.262725144291196,26.019588808810525,False,0.22986147892398595,0.0,0.28356266726250584,-0.007477653460165269
240,13.5,15.770988016709115,2.2736149274395827,25.945657721507352,False,0.22875053164829579,0.0,0.2833613955939165,-0.007505434944440269
240,14.0,15.223362053447774,2.2470255560225065,25.76925064034302,False,0.2171752714702999,0.0,0.28316035972386416,-0.007533306731052556
240,14.5,14.382811592655933,2.1498891355314393,25.704069480306714,False,0.20401414066222778,0.0,0.28296097504440465,-0.0075610714860010865
240,15.0,13.184638435498293,2.047338738052343,25.46741360162926,False,0.18294250783433308,0.0,0.2827659119811467,-0.007588352512979415
240,15.5,11.618019800721221,1.8144820184506492,25.443613366577992,False,0.1607381691853719,0.0,0.2825753692693454,-0.007615114643063555
240,16.0,10.875662055203536,1.5957642487266182,25.823523737864594,False,0.15479861135726508,0.0,0.28239428540662015,-0.0076406525391709765
240,16.5,10.082829906030403,1.4895545909024754,25.758515148938436,False,0.1426839149281165,0.0,0.2822221173019995,-0.007665027746451869
240,17.0,8.54225551465018,1.2696738898302322,25.669377003746582,False,0.11993198503324165,0.0,0.28205458885987755,-0.007688835070005318
240,17.5,8.201219619400916,1.1491642334949514,25.99289183885094,False,0.11852813722368805,0.0,0.28189600757008576,-0.007711452134223077
240,18.0,6.191205451571708,0.7872227561825885,26.534962721220644,False,0.09411322975906354,0.0,0.2817425960821486,-0.007733407347370889
240.0,18.5,0.0,0.0,0.0,0.0,0.0,0.0,0.281603510591,-0.00775337671757
240.0,19.0,0.0,0.0,0.0,0.0,0.0,0.0,0.281494884462,-0.00776901558704
240.0,19.5,0.0,0.0,0.0,0.0,0.0,0.0,0.281386836683,-0.00778460849015
240.0,20.0,0.0,0.0,0.0,0.0,0.0,0.0,0.281279361397,-0.00780015578053
240.0,20.5,0.0,0.0,0.0,0.0,0.0,0.0,0.281172452831,-0.0078156578075
240.0,21.0,0.0,0.0,0.0,0.0,0.0,0.0,0.281066105298,-0.00783111491606
240.0,21.5,0.0,0.0,0.0,0.0,0.0,0.0,0.280960313196,-0.007846527447
240.0,22.0,0.0,0.0,0.0,0.0,0.0,0.0,0.280855071003,-0.00786189573698
240.0,22.5,0.0,0.0,0.0,0.0,0.0,0.0,0.280750373279,-0.00787722011856
240.0,23.0,0.0,0.0,0.0,0.0,0.0,0.0,0.280646214662,-0.00789250092033
240.0,23.5,0.0,0.0,0.0,0.0,0.0,0.0,0.280542589868,-0.0079077384669
240.0,24.0,0.0,0.0,0.0,0.0,0.0,0.0,0.280439493688,-0.00792293307903
241.0,0.5,0.0,0.0,0.0,0.0,0.0,0.0,0.280336920988,-0.00793808507366
241.0,1.0,0.0,0.0,0.0,0.0,0.0,0.0,0.280234866708,-0.00795319476399
241.0,1.5,0.0,0.0,0.0,0.0,0.0,0.0,0.280133325858,-0.00796826245951
241.0,2.0,0.0,0.0,0.0,0.0,0.0,0.0,0.280032293519,-0.00798328846609
241.0,2.5,0.0,0.0,0.0,0.0,0.0,0.0,0.279931764841,-0.00799827308604
241.0,3.0,0.0,0.0,0.0,0.0,0.0,0.0,0.279831735043,-0.00801321661812
241.0,3.5,0.0,0.0,0.0,0.0,0.0,0.0,0.279732199409,-0.00802811935768
241.0,4.0,0.0,0.0,0.0,0.0,0.0,0.0,0.27963315329,-0.00804298159664
241.0,4.5,0.0,0.0,0.0,0.0,0.0,0.0,0.279534592098,-0.00805780362355
241.0,5.0,0.0,0.0,0.0,0.0,0.0,0.0,0.279436511312,-0.0080725857237
241.0,5.5,0.0,0.0,0.0,0.0,0.0,0.0,0.27933890647,-0.00808732817912
241.0,6.0,0.0,0.0,0.0,0.0,0.0,0.0,0.279241773172,-0.00810203126864
241,6.5,2.3670528883421293,0.06281670021172672,16.798062745329307,False,0.11062433674897569,0.0,0.27914510707762424,-0.008116695267938718
241,7.0,3.816296593060242,0.11815351163981695,16.809049557218803,False,0.17951366153803114,0.0,0.27904652001357905,-0.00813168325643583
241,7.5,9.527656693500745,0.2964439628175541,33.04540885775171,False,0.4382857583308718,0.0,0.2789462916170604,-0.008146954589294063
241,8.0,11.474936271254325,0.40286963414306465,32.89048633774748,False,0.5187806556036365,0.0,0.2788397516357411,-0.008163225070793985
241,8.5,13.637624685070385,0.5109133601530558,33.009163658533595,False,0.5949690703475305,0.0,0.278729623221929,-0.008180084278123473
241,9.0,16.019028417249395,0.6564864069736657,33.16073618748136,False,0.6824186506233663,0.0,0.27861584091268227,-0.008197546440197555
241,9.5,17.15669048764885,1.0003225637157862,31.42903512040634,False,0.4987093035067861,0.0,0.2784969764679638,-0.008215836012845066
241,10.0,17.047993835175646,1.6000873566255538,28.512382285853093,False,0.32380804195381185,0.0,0.278365501861328,-0.008236122560508643
241,10.5,16.494474847680245,1.8023950821363686,27.558647012693225,False,0.27792045877976246,0.0,0.27821170071433043,-0.008259929892342697
241,11.0,16.616313074775782,1.8318754105295723,27.426601529856597,False,0.2798840900945153,0.0,0.27805065265354706,-0.008284946929665594
241,11.5,15.209510207514732,1.6421924636074352,27.551576664454657,False,0.25607792657713974,0.0,0.27788891267103955,-0.008310162362641118
241,12.0,15.18224566586297,2.2028758180858223,26.072351183277192,False,0.22310180159412957,0.0,0.27773479425224784,-0.008334274706152129
241,12.5,16.705536643441224,2.334833358833081,26.086045850653605,False,0.24562415213166153,0.0,0.2775598173329447,-0.008361751551816789
241,13.0,15.79293730898058,2.326664741960519,25.85429548950799,False,0.22748472305277484,0.0,0.277380248382054,-0.008390061783079616
241,13.5,15.487217099178615,2.4112197484156153,25.459450271876477,False,0.21524320508915096,0.0,0.27720140158567774,-0.008418371748663715
241,14.0,14.299986747164825,2.440240361500606,25.022317409373038,False,0.1913262660749782,0.0,0.2770197545872249,-0.008447241542452978
241,14.5,13.839338665079046,2.404241510589316,24.860384150019357,False,0.18248209348866495,0.0,0.2768374115040274,-0.008476340687183993
241,15.0,13.574090691198,2.1545069566011295,25.25970034185821,False,0.18392798889787038,0.0,0.27665683649835787,-0.008505275452632672
241,15.5,13.149277843768331,2.212088520783454,25.015025142051833,False,0.17564063356881818,0.0,0.27648613758937696,-0.00853273596991772
241,16.0,11.153508394603591,1.8726763728367308,24.950839593362275,False,0.14827377150172605,0.0,0.27631364898454797,-0.008560591768805064
241,16.5,10.286504340144916,1.6232114228976346,25.292377695435235,False,0.14044665161601966,0.0,0.27615443348337515,-0.008586400259763876
241,17.0,10.084841789195412,1.5410475907295502,25.495136681049814,False,0.13944529975128073,0.0,0.27600507457032764,-0.008610695334686886
241,17.5,7.497374054678724,1.0651896310061206,25.873716614422158,False,0.10719519333597932,0.0,0.27585922021116466,-0.008634499435522282
241,18.0,5.110705482998426,0.6575270725713382,26.421901197696553,False,0.07685806968447333,0.0,0.2757318081644782,-0.008655357851781122
241.0,18.5,0.0,0.0,0.0,0.0,0.0,0.0,0.275620247553,-0.00867367056824
241.0,19.0,0.0,0.0,0.0,0.0,0.0,0.0,0.275534017897,-0.00868785683572
241.0,19.5,0.0,0.0,0.0,0.0,0.0,0.0,0.275448163283,-0.00870200887582
241.0,20.0,0.0,0.0,0.0,0.0,0.0,0.0,0.275362680936,-0.00871612684927
241.0,20.5,0.0,0.0,0.0,0.0,0.0,0.0,0.275277568102,-0.00873021091707
241.0,21.0,0.0,0.0,0.0,0.0,0.0,0.0,0.27519282205,-0.00874426124039
241.0,21.5,0.0,0.0,0.0,0.0,0.0,0.0,0.275108440065,-0.00875827798055
241.0,22.0,0.0,0.0,0.0,0.0,0.0,0.0,0.275024419457,-0.00877226129891
241.0,22.5,0.0,0.0,0.0,0.0,0.0,0.0,0.274940757556,-0.0087862113569
241.0,23.0,0.0,0.0,0.0,0.0,0.0,0.0,0.274857451712,-0.00880012831587
241.0,23.5,0.0,0.0,0.0,0.0,0.0,0.0,0.274774499295,-0.00881401233712
241.0,24.0,0.0,0.0,0.0,0.0,0.0,0.0,0.2746918977,-0.00882786358182
242.0,0.5,0.0,0.0,0.0,0.0,0.0,0.0,0.274609644339,-0.00884168221096
242.0,1.0,0.0,0.0,0.0,0.0,0.0,0.0,0.274527736647,-0.00885546838536
242.0,1.5,0.0,0.0,0.0,0.0,0.0,0.0,0.27444617208,-0.00886922226554
242.0,2.0,0.0,0.0,0.0,0.0,0.0,0.0,0.274364948115,-0.00888294401179
242.0,2.5,0.0,0.0,0.0,0.0,0.0,0.0,0.27428406225,-0.00889663378403
242.0,3.0,0.0,0.0,0.0,0.0,0.0,0.0,0.274203512003,-0.00891029174187
242.0,3.5,0.0,0.0,0.0,0.0,0.0,0.0,0.274123294915,-0.00892391804451
242.0,4.0,0.0,0.0,0.0,0.0,0.0,0.0,0.274043408546,-0.00893751285074
242.0,4.5,0.0,0.0,0.0,0.0,0.0,0.0,0.273963850478,-0.00895107631892
242.0,5.0,0.0,0.0,0.0,0.0,0.0,0.0,0.273884618313,-0.00896460860694
242.0,5.5,0.0,0.0,0.0,0.0,0.0,0.0,0.273805709675,-0.00897810987217
242.0,6.0,0.0,0.0,0.0,0.0,0.0,0.0,0.273727122206,-0.00899158027149
242,6.5,2.518279290813879,0.0689949583518004,16.75633773948493,False,0.11487559914760918,0.0,0.27364885357160357,-0.009005019961230232
242,7.0,3.5610924427655464,0.10126108459733572,16.761648103265646,False,0.16294154014267082,0.0,0.2735682831005477,-0.009018879913139885
242,7.5,10.804776844399154,0.3174554305038853,33.483685406044316,False,0.48881479288589724,0.0,0.2734868023551927,-0.009032922309979334
242,8.0,12.900775854979532,0.40757781658775444,33.39600891598184,False,0.5694405421273265,0.0,0.27339742899492786,-0.009048354889183175
242,8.5,14.957473704803693,0.5946013605505563,32.65785610039759,False,0.5479870538370732,0.0,0.273304945191418,-0.00906435765074805
242,9.0,16.245602761610527,1.0325195671590843,30.557681171943507,False,0.40522047165948194,0.0,0.2732056713215198,-0.009081572859489889
242,9.5,16.70005573827835,1.3024879591024043,29.478667066204473,False,0.35676161280782637,0.0,0.2730900837407888,-0.009101666158709868
242,10.0,16.871417781494685,1.4978515832652655,28.82389742634414,False,0.3312278256423624,0.0,0.27296455395743935,-0.009123547802309059
242,10.5,16.962503076509254,1.6198146251792982,28.44562445707866,False,0.3182134954230639,0.0,0.27283191107044025,-0.009146737504865401
242,11.0,17.265213798768123,1.6409387587118085,28.45687138322222,False,0.32429096815594965,0.0,0.27269493851266063,-0.009170757898102209
242,11.5,17.418304063895896,1.5837484128338988,28.704410948088665,False,0.3369588241516242,0.0,0.27255746103383527,-0.009194942450400714
242,12.0,17.357753920383157,1.5829960074670832,28.571196260458024,False,0.33077531939546945,0.0,0.272422448616727,-0.009218767351533538
242,12.5,14.004611481693857,1.1334548101476263,29.113398068954417,False,0.28248630916071665,0.0,0.2722877574296408,-0.009242608893211941
242,13.0,7.648418780621309,0.6129245736482637,14.614303713724967,False,0.15656297742771633,0.0,0.27217041700090167,-0.009263439095218498
242,13.5,14.284811314987888,1.202189446884403,28.921773148250463,False,0.28130323299913507,0.0,0.2720731194077165,-0.009280753734839567
242,14.0,15.092997702286091,1.3604164977343678,28.577459690643977,False,0.2850681307197719,0.0,0.2719537460539002,-0.009302049582047433
242,14.5,15.399988029494148,1.496982157986245,28.20862996681626,False,0.2786634972486328,0.0,0.27182865289366015,-0.009324428329986046
242,15.0,13.647874627232653,1.3042094813519012,28.238188878515878,False,0.2477920660944623,0.0,0.2716986600909795,-0.009347751606814347
242,15.5,13.448692328366036,1.3556213048503463,27.984783874052,False,0.23731225966338343,0.0,0.2715762641595655,-0.009369775415389458
242,16.0,12.003976125521715,1.2280015992566462,27.89494498143946,False,0.20972915498543174,0.0,0.2714521964765225,-0.009392163163786705
242,16.5,11.737514459436035,1.2331105531947002,27.75410890995354,False,0.20283788000901695,0.0,0.27133324946898446,-0.009413686764961302
242,17.0,10.948106910734033,1.2506879343684654,27.2455272120769,False,0.17854655893480387,0.0,0.27121438430394224,-0.009435254290649082
242,17.5,8.137535502135712,0.898865310470747,27.367229086647257,False,0.13438720348243202,0.0,0.2710951260394451,-0.009456952335048303
242,18.0,6.22434262962324,0.6485960912265627,27.65766570088077,False,0.10598742188050637,0.0,0.27098949164195096,-0.00947622129949264
242.0,18.5,0.0,0.0,0.0,0.0,0.0,0.0,0.270893625441,-0.00949374893186
242.0,19.0,0.0,0.0,0.0,0.0,0.0,0.0,0.270822642212,-0.00950675199527
242.0,19.5,0.0,0.0,0.0,0.0,0.0,0.0,0.270751926076,-0.00951972723686
242.0,20.0,0.0,0.0,0.0,0.0,0.0,0.0,0.27068147535,-0.00953267476704
242.0,20.5,0.0,0.0,0.0,0.0,0.0,0.0,0.270611288358,-0.00954559469656
242.0,21.0,0.0,0.0,0.0,0.0,0.0,0.0,0.270541363439,-0.00955848713643
242.0,21.5,0.0,0.0,0.0,0.0,0.0,0.0,0.270471698938,-0.00957135219794
242.0,22.0,0.0,0.0,0.0,0.0,0.0,0.0,0.270402293211,-0.00958418999256
242.0,22.5,0.0,0.0,0.0,0.0,0.0,0.0,0.270333144623,-0.00959700063197
242.0,23.0,0.0,0.0,0.0,0.0,0.0,0.0,0.270264251551,-0.00960978422797
242.0,23.5,0.0,0.0,0.0,0.0,0.0,0.0,0.270195612381,-0.0096225408925
242.0,24.0,0.0,0.0,0.0,0.0,0.0,0.0,0.270127225508,-0.00963527073755
243.0,0.5,0.0,0.0,0.0,0.0,0.0,0.0,0.27005908934,-0.00964797387521
243.0,1.0,0.0,0.0,0.0,0.0,0.0,0.0,0.269991202293,-0.00966065041756
243.0,1.5,0.0,0.0,0.0,0.0,0.0,0.0,0.269923562794,-0.0096733004767
243.0,2.0,0.0,0.0,0.0,0.0,0.0,0.0,0.26985616928,-0.00968592416471
243.0,2.5,0.0,0.0,0.0,0.0,0.0,0.0,0.2697890202,-0.00969852159362
243.0,3.0,0.0,0.0,0.0,0.0,0.0,0.0,0.269722114011,-0.00971109287538
243.0,3.5,0.0,0.0,0.0,0.0,0.0,0.0,0.269655449181,-0.00972363812185
243.0,4.0,0.0,0.0,0.0,0.0,0.0,0.0,0.26958902419,-0.00973615744478
243.0,4.5,0.0,0.0,0.0,0.0,0.0,0.0,0.269522837528,-0.00974865095579
243.0,5.0,0.0,0.0,0.0,0.0,0.0,0.0,0.269456887693,-0.00976111876633
243.0,5.5,0.0,0.0,0.0,0.0,0.0,0.0,0.269391173197,-0.00977356098769
243.0,6.0,0.0,0.0,0.0,0.0,0.0,0.0,0.26932569256,-0.00978597773096
243.0,6.5,0.0,0.0,0.0,0.0,0.0,0.0,0.269260444313,-0.00979836910702
243,7.0,2.8317579594143676,0.15607366495886474,15.447612438728854,False,0.07379088428506549,0.0,0.26919542699862375,-0.009810735226540978
243,7.5,3.564782897814523,0.1940573107997107,15.478097633276969,False,0.09382939559197953,0.0,0.2691247161802962,-0.00982420535025327
243,8.0,2.998981529234497,0.15285158087019846,15.60133138875809,False,0.08229273269334764,0.0,0.2690527919309434,-0.009837929239906073
243,8.5,2.3778561896829684,0.11053369980466841,15.781648688295398,False,0.06957709016415331,0.0,0.26977607426679184,-0.00970095254511136
243,9.0,5.459882861135559,0.291904208184034,15.536220035539108,False,0.1465290156133046,0.0,0.2697053893940225,-0.009714238365588709
243,9.5,5.946047339045653,0.42212533503895744,14.866435538751801,False,0.13016126397547606,0.0,0.2696280691077292,-0.009728796203731425
243,10.0,13.798319947743984,1.162166581975709,28.877876909372446,False,0.2702544811673885,0.0,0.2695460527684819,-0.00974426663229304
243,10.5,15.142128981117775,1.4394173876513838,28.240713427273352,False,0.2750011221849022,0.0,0.26943619599511626,-0.00976503444489519
243,11.0,16.758999402482168,1.7259877819657956,27.86170289170583,False,0.2917420779322958,0.0,0.26931605993952873,-0.009787805898695972
243,11.5,15.896831741495882,1.668969405104633,27.70404493195506,False,0.27204003470422466,0.0,0.2691852892188245,-0.00981266508050414
243,12.0,16.852799746082137,1.7954171035678792,27.672144007495532,False,0.28741305299641395,0.0,0.2690569213209493,-0.00983714069182065
243,12.5,15.489596428963612,1.7165873014689785,27.378212649614962,False,0.2560947101841027,0.0,0.2689239920456995,-0.009862562711497469
243,13.0,14.555396264774263,1.6409902685066475,27.26235625574367,False,0.237786071003238,0.0,0.2687942900178707,-0.009887443021923589
243,13.5,15.897236838725274,1.7942434781058108,27.2967109367475,False,0.2606267178827761,0.0,0.2686676909348426,-0.009911800258747303
243,14.0,15.917382320304563,1.8117417525958925,27.304436831549996,False,0.26116493553932774,0.0,0.2685355083477733,-0.009937308073549598
243,14.5,14.53122731704724,1.6807788373950143,27.12044684533283,False,0.2339813560362886,0.0,0.26840289257990607,-0.009962978117696033
243,15.0,12.822592349782928,1.4515720246515513,27.218623984741846,False,0.20854133026457625,0.0,0.2682754761805634,-0.009987716190495733
243,15.5,9.58211983867418,1.0212992938552863,27.53638463400066,False,0.16107226782534428,0.0,0.2681569859791178,-0.010010786930096853
243,16.0,11.008289334386493,1.063952716325775,28.087392693273152,False,0.19648586884069488,0.0,0.2680550509176645,-0.010030685109226759
243,16.5,10.20974527180674,1.0483109941335647,27.790204657644644,False,0.17635232284211405,0.0,0.2679517219939708,-0.010050903490347412
243,17.0,7.689844311009072,0.7848589055659747,27.769652942362143,False,0.1325304797298303,0.0,0.26784921004455653,-0.010071010014154785
243,17.5,5.271479870654815,0.5234884080669469,27.90725305252481,False,0.09222606863064911,0.0,0.26775691801638013,-0.010089153026917286
243,18.0,3.134569965747741,0.31999530185264824,13.857363864882874,False,0.05370312735496749,0.0,0.26767476548634345,-0.010105335558843642
243.0,18.5,0.0,0.0,0.0,0.0,0.0,0.0,0.267600554599,-0.010119980326
243.0,19.0,0.0,0.0,0.0,0.0,0.0,0.0,0.267538705208,-0.0101322049998
243.0,19.5,0.0,0.0,0.0,0.0,0.0,0.0,0.267477072125,-0.0101444044265
243.0,20.0,0.0,0.0,0.0,0.0,0.0,0.0,0.267415653972,-0.0101565787237
243.0,20.5,0.0,0.0,0.0,0.0,0.0,0.0,0.267354449388,-0.0101687280086
243.0,21.0,0.0,0.0,0.0,0.0,0.0,0.0,0.267293457019,-0.0101808523977
243.0,21.5,0.0,0.0,0.0,0.0,0.0,0.0,0.267232675523,-0.0101929520073
243.0,22.0,0.0,0.0,0.0,0.0,0.0,0.0,0.267172103567,-0.0102050269529
243.0,22.5,0.0,0.0,0.0,0.0,0.0,0.0,0.26711173983,-0.0102170773495
243.0,23.0,0.0,0.0,0.0,0.0,0.0,0.0,0.267051583001,-0.0102291033119
243.0,23.5,0.0,0.0,0.0,0.0,0.0,0.0,0.26699163178,-0.0102411049541
243.0,24.0,0.0,0.0,0.0,0.0,0.0,0.0,0.266931884876,-0.0102530823895
244.0,0.5,0.0,0.0,0.0,0.0,0.0,0.0,0.266872341008,-0.0102650357312
244.0,1.0,0.0,0.0,0.0,0.0,0.0,0.0,0.266812998908,-0.0102769650916
244.0,1.5,0.0,0.0,0.0,0.0,0.0,0.0,0.266753857315,-0.0102888705827
244.0,2.0,0.0,0.0,0.0,0.0,0.0,0.0,0.26669491498,-0.0103007523158
244.0,2.5,0.0,0.0,0.0,0.0,0.0,0.0,0.266636170662,-0.0103126104018
244.0,3.0,0.0,0.0,0.0,0.0,0.0,0.0,0.266577623131,-0.0103244449509
244.0,3.5,0.0,0.0,0.0,0.0,0.0,0.0,0.266519271168,-0.0103362560728
244.0,4.0,0.0,0.0,0.0,0.0,0.0,0.0,0.266461113562,-0.0103480438767
244.0,4.5,0.0,0.0,0.0,0.0,0.0,0.0,0.266403149113,-0.0103598084712
244.0,5.0,0.0,0.0,0.0,0.0,0.0,0.0,0.266345376628,-0.0103715499644
244.0,5.5,0.0,0.0,0.0,0.0,0.0,0.0,0.266287794927,-0.0103832684637
244.0,6.0,0.0,0.0,0.0,0.0,0.0,0.0,0.266230402838,-0.010394964076
244,6.5,7.891703647995493,0.39075007876382967,31.27017438004878,False,0.21910163602583166,0.0,0.26617319919774407,-0.010406636907785729
244,7.0,10.694925414036124,0.8040943927640424,29.37218245526323,False,0.22304563173354347,0.0,0.26610135390724776,-0.010421319611003024
244,7.5,12.412039814117367,1.1161460282371567,28.461946678239183,False,0.2312600185367933,0.0,0.2660140083724287,-0.010439203288328385
244,8.0,13.79035037900344,1.451937218583263,27.63769212414315,False,0.2343196129104252,0.0,0.2659150055118832,-0.010459517991083852
244,8.5,14.486308959341688,1.784205754850899,26.707877369610593,False,0.22555363021234903,0.0,0.2658034432895739,-0.01048246625918964
244,9.0,14.775821587399104,2.121943369264108,25.80971115079044,False,0.21136519100728957,0.0,0.26567945428214745,-0.010508041129796829
244,9.5,15.014311857518816,2.184089521906694,25.764149043746773,False,0.213941920728658,0.0,0.26554282984471994,-0.010536308420376573
244,10.0,15.809835374214382,2.2990949279479684,25.729486439388943,False,0.2231515464310433,0.0,0.26540402758071113,-0.010565119126240741
244,10.5,15.961082057949655,2.342004807010977,25.698992203687105,False,0.22622649955313928,0.0,0.2652610404216182,-0.010594896683962135
244,11.0,15.364002677386733,2.4311487304333657,25.27852191092655,False,0.20989794986009636,0.0,0.2651166033421827,-0.010625077771819886
244,11.5,16.395819231329554,2.393780208267236,25.732455404818957,False,0.23148352924408117,0.0,0.26496896073156495,-0.010656034609853383
244,12.0,16.22425022951208,2.4308521806241568,25.55419866722789,False,0.2254938447185914,0.0,0.2648229127146737,-0.010686762889957027
244,12.5,14.91488283765962,2.4315519405718753,25.156589233844095,False,0.2016947799474186,0.0,0.26467563327765936,-0.010717857234044243
244,13.0,16.012302679387716,2.5474281427245398,25.161270543441024,False,0.21663398054540173,0.0,0.26452850175770454,-0.01074902804204593
244,13.5,14.133653291073086,2.3739719781869035,24.920366642275397,False,0.18730624263579282,0.0,0.2643771462423835,-0.010781206506962538
244,14.0,14.854920548980573,2.4734290509467893,25.0261847069001,False,0.19856117703194687,0.0,0.2642325459215911,-0.010812056064681604
244,14.5,14.660141818497074,2.2112178951502393,25.542757164497367,False,0.2035515023022697,0.0,0.264084342806785,-0.01084378345772775
244,15.0,12.925929455449259,1.9518063584978502,25.547836450433934,False,0.18058467461596867,0.0,0.26394626125629095,-0.010873443891935468
244,15.5,12.864567974899618,2.012796961491714,25.31140608832765,False,0.17600097703135908,0.0,0.2638181941046936,-0.01090103963405496
244,16.0,9.333689519431598,1.267071322417755,26.07227475092271,False,0.13587508761414863,0.0,0.2636879811984737,-0.010929183337762773
244,16.5,7.467820830053087,0.9654483099348912,26.362333324804624,False,0.11167700613716477,0.0,0.26358623647952467,-0.01095123430441262
244,17.0,3.8706727880346086,0.4592468208139246,13.422764389009467,False,0.06063807414910903,0.0,0.2634961053876596,-0.010970812559478545
244,17.5,6.570715903668918,0.7394131965534768,27.167276923816086,False,0.10630535235637523,0.0,0.2634253507854252,-0.010986211081470144
244,18.0,5.421850827548337,0.5974603648244216,27.252660021216258,False,0.08848663555037559,0.0,0.2633441291792571,-0.011003919325954948
244.0,18.5,0.0,0.0,0.0,0.0,0.0,0.0,0.263268459104,-0.0110204478135
244.0,19.0,0.0,0.0,0.0,0.0,0.0,0.0,0.263215626186,-0.011032005557
244.0,19.5,0.0,0.0,0.0,0.0,0.0,0.0,0.263162955979,-0.011043542084
244.0,20.0,0.0,0.0,0.0,0.0,0.0,0.0,0.263110447633,-0.0110550574688
244.0,20.5,0.0,0.0,0.0,0.0,0.0,0.0,0.263058100301,-0.011066551786
244.0,21.0,0.0,0.0,0.0,0.0,0.0,0.0,0.26300591314,-0.0110780251099
244.0,21.5,0.0,0.0,0.0,0.0,0.0,0.0,0.262953885312,-0.0110894775149
244.0,22.0,0.0,0.0,0.0,0.0,0.0,0.0,0.262902015985,-0.0111009090755
244.0,22.5,0.0,0.0,0.0,0.0,0.0,0.0,0.262850304329,-0.011112319866
244.0,23.0,0.0,0.0,0.0,0.0,0.0,0.0,0.262798749518,-0.0111237099609
244.0,23.5,0.0,0.0,0.0,0.0,0.0,0.0,0.262747350735,-0.0111350794344
244.0,24.0,0.0,0.0,0.0,0.0,0.0,0.0,0.262696107162,-0.0111464283609
245.0,0.5,0.0,0.0,0.0,0.0,0.0,0.0,0.262645017988,-0.0111577568145
245.0,1.0,0.0,0.0,0.0,0.0,0.0,0.0,0.262594082407,-0.0111690648695
245.0,1.5,0.0,0.0,0.0,0.0,0.0,0.0,0.262543299616,-0.0111803525998
245.0,2.0,0.0,0.0,0.0,0.0,0.0,0.0,0.262492668818,-0.0111916200795
245.0,2.5,0.0,0.0,0.0,0.0,0.0,0.0,0.26244218922,-0.0112028673825
245.0,3.0,0.0,0.0,0.0,0.0,0.0,0.0,0.262391860033,-0.0112140945825
245.0,3.5,0.0,0.0,0.0,0.0,0.0,0.0,0.262341680473,-0.0112253017533
245.0,4.0,0.0,0.0,0.0,0.0,0.0,0.0,0.262291649759,-0.0112364889683
245.0,4.5,0.0,0.0,0.0,0.0,0.0,0.0,0.262241767117,-0.0112476563011
245.0,5.0,0.0,0.0,0.0,0.0,0.0,0.0,0.262192031777,-0.0112588038249
245.0,5.5,0.0,0.0,0.0,0.0,0.0,0.0,0.262142442971,-0.0112699316129
245.0,6.0,0.0,0.0,0.0,0.0,0.0,0.0,0.262092999939,-0.0112810397381
245,6.5,4.787818768569333,0.19303935704749822,16.037215426775706,False,0.15463134844229087,0.0,0.2620437019220819,-0.011292128273361837
245,7.0,10.488871009882624,0.5329288441357547,31.222011582237045,False,0.2887808147169628,0.0,0.2619872223349096,-0.01130484811519664
245,7.5,12.610455968380517,0.8278332344902074,30.1022431230902,False,0.290829975877056,0.0,0.26191798747390593,-0.011320463886647201
245,8.0,13.919746927748674,1.1140537067340375,29.156631664768355,False,0.28232217366200224,0.0,0.2618377037777671,-0.01133860389065754
245,8.5,14.706491596421182,1.301231445449159,28.658468735616154,False,0.28046557168677566,0.0,0.2617467000628662,-0.011359207965688598
245,9.0,15.237497257763536,1.5451666325490931,27.931377822240414,False,0.26729361954882547,0.0,0.26164873426412305,-0.011381438200378994
245,9.5,15.508689993625456,1.6598617381336473,27.61537560585372,False,0.2645209614520371,0.0,0.2615416517141091,-0.01140579651538035
245,10.0,15.661621846998088,1.7710648741342405,27.322429840873568,False,0.25900858837775387,0.0,0.26143035634904693,-0.01143117898495733
245,10.5,15.472151629041004,1.8929974240390566,26.885434247409467,False,0.2448115632244373,0.0,0.2613149799779537,-0.011457563266808846
245,11.0,14.848915207167114,1.97608216095953,26.418945697065546,False,0.2245903143334809,0.0,0.2611951147163698,-0.011485050952790234
245,11.5,15.58920418993734,2.1381605803669603,26.199271389244394,False,0.23100790614386402,0.0,0.2610722341404211,-0.011513311716684382
245,12.0,16.34820955949443,2.294209187883232,26.003122050134408,False,0.2380969390643611,0.0,0.2609433397549026,-0.01154304465370539
245,12.5,16.273638778873618,2.332922363025475,25.83981759791761,False,0.2319688333600466,0.0,0.26080865970927414,-0.011574210000414791
245,13.0,15.828251960656392,2.3652754513256062,25.605076355323682,False,0.22230152446427975,0.0,0.2606726462031147,-0.011605785716647282
245,13.5,15.341340917497842,2.3481332133927273,25.46180764138905,False,0.21272089564828822,0.0,0.26053553993487705,-0.011637719050314016
245,14.0,13.929788301017272,2.272823017362516,25.127656091529342,False,0.18758302421617934,0.0,0.26039921859058845,-0.011669573412642954
245,14.5,13.248184602139911,2.1695428159628265,25.083936244662286,False,0.17769910321102605,0.0,0.26026588898950465,-0.011700829231192415
245,15.0,13.58616634188102,2.268476886101867,24.957633903845107,False,0.18018935216427046,0.0,0.26013661194718063,-0.011731230316380946
245,15.5,13.048658609290875,2.1946099682571716,24.88940675097567,False,0.17207409575374222,0.0,0.26000371280435697,-0.011762581339338182
245,16.0,12.913450862382586,2.1920995232466574,24.813745373360227,False,0.1690964246674066,0.0,0.2598737487181697,-0.011793336569997443
245,16.5,11.74583009411875,1.9644210589328288,24.899142678367397,False,0.15441298891888827,0.0,0.2597440110889801,-0.011824133820094911
245,17.0,10.844441639024522,1.7924137920061802,24.941292143059137,False,0.14306146742186016,0.0,0.2596230444126441,-0.01185293537359763
245,17.5,9.183160223970857,1.5014894712198863,24.97966497594345,False,0.12153233364582848,0.0,0.25950873535705105,-0.011880228626713117
245,18.0,6.502281471887849,1.0271599144147294,25.161926761758885,False,0.0873777715639959,0.0,0.259405596210838,-0.01190491915581862
245.0,18.5,0.0,0.0,0.0,0.0,0.0,0.0,0.259320586591,-0.0119253156229
245.0,19.0,0.0,0.0,0.0,0.0,0.0,0.0,0.259274685784,-0.0119363459718
245.0,19.5,0.0,0.0,0.0,0.0,0.0,0.0,0.259228912529,-0.0119473577763
245.0,20.0,0.0,0.0,0.0,0.0,0.0,0.0,0.259183266236,-0.0119583510931
245.0,20.5,0.0,0.0,0.0,0.0,0.0,0.0,0.259137746315,-0.0119693259792
245.0,21.0,0.0,0.0,0.0,0.0,0.0,0.0,0.25909235218,-0.0119802824913
245.0,21.5,0.0,0.0,0.0,0.0,0.0,0.0,0.259047083249,-0.0119912206863
245.0,22.0,0.0,0.0,0.0,0.0,0.0,0.0,0.259001938939,-0.0120021406212
245.0,22.5,0.0,0.0,0.0,0.0,0.0,0.0,0.258956918673,-0.0120130423529
245.0,23.0,0.0,0.0,0.0,0.0,0.0,0.0,0.258912021874,-0.0120239259385
245.0,23.5,0.0,0.0,0.0,0.0,0.0,0.0,0.258867247971,-0.0120347914348
245.0,24.0,0.0,0.0,0.0,0.0,0.0,0.0,0.258822596391,-0.012045638899
246.0,0.5,0.0,0.0,0.0,0.0,0.0,0.0,0.258778066568,-0.0120564683879
246.0,1.0,0.0,0.0,0.0,0.0,0.0,0.0,0.258733657936,-0.0120672799586
246.0,1.5,0.0,0.0,0.0,0.0,0.0,0.0,0.258689369932,-0.012078073668
246.0,2.0,0.0,0.0,0.0,0.0,0.0,0.0,0.258645201997,-0.012088849573
246.0,2.5,0.0,0.0,0.0,0.0,0.0,0.0,0.258601153573,-0.0120996077306
246.0,3.0,0.0,0.0,0.0,0.0,0.0,0.0,0.258557224106,-0.0121103481976
246.0,3.5,0.0,0.0,0.0,0.0,0.0,0.0,0.258513413044,-0.0121210710309
246.0,4.0,0.0,0.0,0.0,0.0,0.0,0.0,0.258469719838,-0.0121317762872
246.0,4.5,0.0,0.0,0.0,0.0,0.0,0.0,0.258426143942,-0.0121424640233
246.0,5.0,0.0,0.0,0.0,0.0,0.0,0.0,0.258382684811,-0.0121531342958
246.0,5.5,0.0,0.0,0.0,0.0,0.0,0.0,0.258339341905,-0.0121637871613
246.0,6.0,0.0,0.0,0.0,0.0,0.0,0.0,0.258296114684,-0.0121744226765
246,6.5,7.0985472843550745,0.4568380963415551,30.13147492765209,False,0.16440773495899222,0.0,0.25825300261472667,-0.012185040897674988
246,7.0,10.479526465025671,0.7566262719832489,29.610347614043143,False,0.2255973052330012,0.0,0.2581926681801532,-0.01219991940739939
246,7.5,12.392109186802077,1.0131752753125491,29.011655323223103,False,0.24677700848495118,0.0,0.2581210708868523,-0.012217603438842983
246,8.0,13.684384622921204,1.2821989184153406,28.325466013613422,False,0.2509547260782949,0.0,0.25803985113215583,-0.012237701138887874
246,8.5,14.509756251298002,1.536961847718234,27.680517739597562,False,0.24767637938914663,0.0,0.2579485349806172,-0.01226034423527809
246,9.0,14.977830405872176,1.7778970173992072,27.007774932334105,False,0.2398499031980637,0.0,0.2578476631058987,-0.012285414856990353
246,9.5,15.181288235152767,2.0352774124009896,26.312539381554455,False,0.22726676388901354,0.0,0.25773775975512997,-0.01231279971809393
246,10.0,15.186114712714147,2.263070800347516,25.688594093015524,False,0.2148188309431264,0.0,0.25761820032148036,-0.012342673245456303
246,10.5,15.023800070127624,2.419723232807642,25.227663457314264,False,0.2042017483198058,0.0,0.2574901071234494,-0.012374774923715842
246,11.0,14.779694737815202,2.524806417013505,24.874573831249137,False,0.1949443808870286,0.0,0.2573561794544045,-0.012408445227065145
246,11.5,14.421462047868356,2.5423885932462236,24.69686799287606,False,0.18744759001296468,0.0,0.25721837386720003,-0.012443204469051153
246,12.0,14.210174654636495,2.6139446204572963,24.43824979887453,False,0.18089994812615784,0.0,0.2570800105279641,-0.012478221176540728
246,12.5,14.601632495995462,2.6978986679463435,24.38135210753208,False,0.1849886334470254,0.0,0.25693904064395207,-0.012514018358691753
246,13.0,14.821967015040038,2.7352768978732263,24.36729222928757,False,0.1875912032533859,0.0,0.25679499322778065,-0.012550723499810897
246,13.5,14.655551370396152,2.732471567883232,24.291786944512047,False,0.18433379185970228,0.0,0.25664963535086066,-0.0125878926682124
246,14.0,13.19695833000484,2.6077049944609567,23.965860295338857,False,0.16177049856064574,0.0,0.25650449150336446,-0.012625138045688098
246,14.5,13.947405166826229,2.6568363062014124,24.147317205306287,False,0.1726298468528773,0.0,0.2563641896389104,-0.012661265792302364
246,15.0,11.831167751370693,2.350541366101761,23.898641366351107,False,0.14426137571171888,0.0,0.2562221298766805,-0.012697971770186547
246,15.5,11.76435377744377,2.2837372549444965,24.03226858583453,False,0.14481746770591958,0.0,0.2560918001640513,-0.012731758456991031
246,16.0,10.327854301593176,2.007100597420838,24.016984938530957,False,0.12654669176738848,0.0,0.2559641113796473,-0.012764964438511706
246,16.5,8.545579226058674,1.6467636207073562,24.06330949782052,False,0.10508350959566409,0.0,0.25584702620505145,-0.012795503634929418
246,17.0,8.49239322496794,1.5936942784856079,24.21120452139908,False,0.10563715683605471,0.0,0.25574372061390177,-0.01282252102898045
246,17.5,4.446858686507887,0.773185724650116,24.681942038181283,False,0.05742848036070733,0.0,0.2556425333692879,-0.012849050332591642
246,18.0,6.060244094016626,1.010909728765603,24.90196380290788,False,0.07968772906256011,0.0,0.25557258830732793,-0.012867426781739823
246.0,18.5,0.0,0.0,0.0,0.0,0.0,0.0,0.255493725117,-0.0128881838338
246.0,19.0,0.0,0.0,0.0,0.0,0.0,0.0,0.255453328946,-0.0128988316902
246.0,19.5,0.0,0.0,0.0,0.0,0.0,0.0,0.255413035387,-0.0129094629425
246.0,20.0,0.0,0.0,0.0,0.0,0.0,0.0,0.256167108742,-0.0127122224081
246.0,20.5,0.0,0.0,0.0,0.0,0.0,0.0,0.256125472081,-0.0127230190948
246.0,21.0,0.0,0.0,0.0,0.0,0.0,0.0,0.256083947398,-0.0127337976281
246.0,21.5,0.0,0.0,0.0,0.0,0.0,0.0,0.256042534158,-0.0127445580715
246.0,22.0,0.0,0.0,0.0,0.0,0.0,0.0,0.256001231832,-0.0127553004885
246.0,22.5,0.0,0.0,0.0,0.0,0.0,0.0,0.25596003989,-0.0127660249421
246.0,23.0,0.0,0.0,0.0,0.0,0.0,0.0,0.255918957809,-0.0127767314955
246.0,23.5,0.0,0.0,0.0,0.0,0.0,0.0,0.255877985067,-0.0127874202114
246.0,24.0,0.0,0.0,0.0,0.0,0.0,0.0,0.255837121144,-0.0127980911524
247.0,0.5,0.0,0.0,0.0,0.0,0.0,0.0,0.255796365526,-0.0128087443809
247.0,1.0,0.0,0.0,0.0,0.0,0.0,0.0,0.255755717698,-0.0128193799591
247.0,1.5,0.0,0.0,0.0,0.0,0.0,0.0,0.255715177152,-0.0128299979491
247.0,2.0,0.0,0.0,0.0,0.0,0.0,0.0,0.25567474338,-0.0128405984126
247.0,2.5,0.0,0.0,0.0,0.0,0.0,0.0,0.255634415878,-0.0128511814113
247.0,3.0,0.0,0.0,0.0,0.0,0.0,0.0,0.255594194145,-0.0128617470065
247.0,3.5,0.0,0.0,0.0,0.0,0.0,0.0,0.255554077684,-0.0128722952595
247.0,4.0,0.0,0.0,0.0,0.0,0.0,0.0,0.255514065998,-0.0128828262312
247.0,4.5,0.0,0.0,0.0,0.0,0.0,0.0,0.255474158595,-0.0128933399824
247.0,5.0,0.0,0.0,0.0,0.0,0.0,0.0,0.255434354987,-0.0129038365737
247.0,5.5,0.0,0.0,0.0,0.0,0.0,0.0,0.255394654685,-0.0129143160654
247.0,6.0,0.0,0.0,0.0,0.0,0.0,0.0,0.255355057207,-0.0129247785176
247,6.5,6.268461341504937,0.20530790402777574,16.39122294782212,False,0.23643760484501314,0.0,0.25531556207183576,-0.012935223990416097
247,7.0,9.785812416356487,0.39538677349762485,32.262173934917016,False,0.3285746347614788,0.0,0.2552683773762993,-0.01294771634814948
247,7.5,11.846894139199689,0.6001528001610653,31.368427503879303,False,0.33465020014039415,0.0,0.25521408058638,-0.012962109456942074
247,8.0,13.55465483895884,0.8466414358891801,30.626103738769345,False,0.3382982359158396,0.0,0.25515211385266573,-0.012978559030314777
247,8.5,14.578671557309496,1.1590196605561442,29.31683798360561,False,0.3048637984951671,0.0,0.2550808933345015,-0.012997495827336189
247,9.0,15.18417985082861,1.4718180485742736,28.289970727295326,False,0.28028491802978817,0.0,0.25499791805834143,-0.013019599628189613
247,9.5,15.53277489527595,1.7011891472037561,27.6215147962699,False,0.26598713339896524,0.0,0.2549031716147506,-0.013044893945549193
247,10.0,15.643567942248318,1.9156534039881952,26.990605408534933,False,0.25088492844449667,0.0,0.25479981960358417,-0.01307255247795511
247,10.5,15.710350473486113,2.3288948051380114,25.79919309434682,False,0.22500356388852635,0.0,0.2546884272799272,-0.013102440991725913
247,11.0,15.198909880810483,2.4174024446192424,25.417440413838392,False,0.21055719270301987,0.0,0.25456145060594626,-0.013136610421693984
247,11.5,16.023644553371295,2.6587671903013606,25.05838212786518,False,0.21519781686604925,0.0,0.2544312127599207,-0.01317176778819366
247,12.0,15.794842216307316,2.822183237478104,24.587928199922786,False,0.20401879707350215,0.0,0.2542919123751689,-0.013209495717438301
247,12.5,13.955437163478532,2.6383439139403735,24.34380340023501,False,0.17672120248028783,0.0,0.2541465071576203,-0.013249014497776209
247,13.0,14.761085249443898,2.834246472004671,24.163582315890707,False,0.18433221755976892,0.0,0.2540081749918365,-0.013286741757217594
247,13.5,14.570254723255943,2.7307771454656837,24.304726237221196,False,0.1840177105663497,0.0,0.2538625042578877,-0.013326608911570054
247,14.0,13.106668823691194,2.543911550218379,24.143719648663186,False,0.1632991040117741,0.0,0.253720855672601,-0.01336551203572916
247,14.5,13.07963149503057,2.639011927900158,23.8917822787718,False,0.15976139007432272,0.0,0.2535863936931798,-0.013402566640976776
247,15.0,12.812870584396542,2.5698221705796533,23.90163854898192,False,0.15645290164451459,0.0,0.2534484173022295,-0.013440717049197545
247,15.5,12.010085410415146,2.4063139496732995,23.872686353185074,False,0.1462239859199931,0.0,0.2533131608825525,-0.013478241038957834
247,16.0,11.071107784837595,2.1545742396886207,24.023695213882057,False,0.13631873308376902,0.0,0.25318420339922343,-0.013514133813875711
247,16.5,10.89726316690966,2.071935620273336,24.144398639436034,False,0.13531455762315647,0.0,0.253064892820469,-0.013547443029449498
247,17.0,9.28211181705468,1.7037259321650335,24.3625331601359,False,0.11684308581818695,0.0,0.25294881135961456,-0.01357994466277099
247,17.5,7.5747525189748846,1.261978442282856,24.91043150203687,False,0.0996721653273204,0.0,0.252846796018432,-0.013608584650054552
247,18.0,5.84424762713526,0.8859317337777096,25.450779360158933,False,0.08049930625104453,0.0,0.2527616371501225,-0.0136325474434224
247.0,18.5,0.0,0.0,0.0,0.0,0.0,0.0,0.252690841014,-0.0136525069961
247.0,19.0,0.0,0.0,0.0,0.0,0.0,0.0,0.252653757323,-0.0136629758952
247.0,19.5,0.0,0.0,0.0,0.0,0.0,0.0,0.252616764618,-0.0136734286394
247.0,20.0,0.0,0.0,0.0,0.0,0.0,0.0,0.252579862508,-0.0136838652794
247.0,20.5,0.0,0.0,0.0,0.0,0.0,0.0,0.2525430506,-0.0136942858662
247.0,21.0,0.0,0.0,0.0,0.0,0.0,0.0,0.252506328508,-0.0137046904502
247.0,21.5,0.0,0.0,0.0,0.0,0.0,0.0,0.252469695843,-0.0137150790821
247.0,22.0,0.0,0.0,0.0,0.0,0.0,0.0,0.252433152222,-0.0137254518122
247.0,22.5,0.0,0.0,0.0,0.0,0.0,0.0,0.252396697261,-0.0137358086907
247.0,23.0,0.0,0.0,0.0,0.0,0.0,0.0,0.25236033058,-0.0137461497678
247.0,23.5,0.0,0.0,0.0,0.0,0.0,0.0,0.252324051801,-0.0137564750934
247.0,24.0,0.0,0.0,0.0,0.0,0.0,0.0,0.252287860546,-0.0137667847173
248.0,0.5,0.0,0.0,0.0,0.0,0.0,0.0,0.25225175644,-0.0137770786892
248.0,1.0,0.0,0.0,0.0,0.0,0.0,0.0,0.252215739112,-0.0137873570586
248.0,1.5,0.0,0.0,0.0,0.0,0.0,0.0,0.252179808189,-0.013797619875
248.0,2.0,0.0,0.0,0.0,0.0,0.0,0.0,0.252143963303,-0.0138078671876
248.0,2.5,0.0,0.0,0.0,0.0,0.0,0.0,0.252108204087,-0.0138180990454
248.0,3.0,0.0,0.0,0.0,0.0,0.0,0.0,0.252072530176,-0.0138283154975
248.0,3.5,0.0,0.0,0.0,0.0,0.0,0.0,0.252036941206,-0.0138385165927
248.0,4.0,0.0,0.0,0.0,0.0,0.0,0.0,0.252001436817,-0.0138487023796
248.0,4.5,0.0,0.0,0.0,0.0,0.0,0.0,0.251966016648,-0.0138588729068
248.0,5.0,0.0,0.0,0.0,0.0,0.0,0.0,0.251930680343,-0.0138690282225
248.0,5.5,0.0,0.0,0.0,0.0,0.0,0.0,0.251895427545,-0.0138791683751
248.0,6.0,0.0,0.0,0.0,0.0,0.0,0.0,0.251860257901,-0.0138892934126
248,6.5,2.105956790811679,0.05224907979447221,16.89017294756834,False,0.1040534532377731,0.0,0.2518251710597661,-0.01389940338279059
248,7.0,7.535737514642725,0.18594553805528183,16.89017293060356,False,0.3723340927568573,0.0,0.25178818382026336,-0.013910070431017125
248,7.5,11.43582855566699,0.3381038614844111,33.780345866324865,False,0.5650341246525096,0.0,0.25174620491083094,-0.013922188886671025
248,8.0,13.46364094844576,0.44805490028525985,33.7803458629336,False,0.6652265326390279,0.0,0.2516985333583118,-0.01393596594920392
248,8.5,14.844447312720582,0.5950419388912348,33.47338835034435,False,0.7259241443048154,0.0,0.2516467705825976,-0.013950943772838835
248,9.0,15.783968468024039,0.8309440329465714,32.0449480899583,False,0.5191747844870225,0.0,0.2515895107269337,-0.013967534553633245
248,9.5,15.784842276986705,1.6703235573244317,27.77647365677484,False,0.27551488589381434,0.0,0.2515233791290372,-0.013986725143688863
248,10.0,15.723505234787932,1.9474785856523373,26.8953862140252,False,0.2500073151465609,0.0,0.25142547351277045,-0.014015193884681053
248,10.5,15.669778564212944,2.085195378688815,26.477323044244507,False,0.2389661440027894,0.0,0.25131712993276234,-0.014046778262850492
248,11.0,15.39176964093167,2.404518042575956,25.477925602390954,False,0.2141010133375632,0.0,0.2512036397290105,-0.014079953976244734
248,11.5,15.016986653275197,2.472038423530598,25.16892253358532,False,0.2033692396934537,0.0,0.25107811063652985,-0.014116757723754234
248,12.0,14.528795592896333,2.5079128966585897,24.903182786794975,False,0.19264063245359647,0.0,0.250950098210156,-0.01415440766465412
248,12.5,13.887211615155474,2.599058940316574,24.37847830773199,False,0.1761914148124627,0.0,0.25082080308407595,-0.014192556370387029
248,13.0,14.57310593876664,2.6282301774211625,24.567384124029903,False,0.187827120799944,0.0,0.2506881273811436,-0.014231829940607782
248,13.5,13.617700847161927,2.405526475747357,24.726539835765564,False,0.17763720761675283,0.0,0.25055442272074885,-0.01427153916155328
248,14.0,13.236676201736046,2.44969766352404,24.42385250700102,False,0.168384745901506,0.0,0.25042924742510553,-0.01430883492946231
248,14.5,12.57691217515913,2.40301740211514,24.180603039763426,False,0.1569742681231927,0.0,0.2503024732893535,-0.014346725491137349
248,15.0,12.92502949252361,2.3736866891993564,24.384494116637182,False,0.16298330834838676,0.0,0.2501775478072805,-0.01438418052546201
248,15.5,11.539772526911808,2.113504813160246,24.41648367767525,False,0.1458852846695774,0.0,0.2500538122526436,-0.014421393700466589
248,16.0,9.964456367379892,1.791053839136348,24.53345019789854,False,0.12715211487342454,0.0,0.2499400271058088,-0.01445571559614376
248,16.5,8.563496860101996,1.445755200608349,24.86232317495177,False,0.11223590833306635,0.0,0.24983855516858136,-0.01448640548647433
248,17.0,6.981769358333551,1.1623224206064013,24.941292244245968,False,0.09210452717176712,0.0,0.24975026320348084,-0.014513172311250646
248,17.5,3.6243080417176827,0.553260672148018,25.451479561065696,False,0.049924645648255175,0.0,0.24967280310113155,-0.01453670385882822
248,18.0,1.5456871243210208,0.21663836550890708,12.957008669778428,False,0.02218010656532652,0.0,0.24961853216294483,-0.014553217872280954
248.0,18.5,0.0,0.0,0.0,0.0,0.0,0.0,0.249577111026,-0.0145658368827
248.0,19.0,0.0,0.0,0.0,0.0,0.0,0.0,0.249543986009,-0.0145759378506
248.0,19.5,0.0,0.0,0.0,0.0,0.0,0.0,0.2495109354,-0.0145860244479
248.0,20.0,0.0,0.0,0.0,0.0,0.0,0.0,0.249477958903,-0.0145960967166
248.0,20.5,0.0,0.0,0.0,0.0,0.0,0.0,0.249445056225,-0.0146061546985
248.0,21.0,0.0,0.0,0.0,0.0,0.0,0.0,0.249412227075,-0.0146161984353
248.0,21.5,0.0,0.0,0.0,0.0,0.0,0.0,0.24937947116,-0.0146262279688
248.0,22.0,0.0,0.0,0.0,0.0,0.0,0.0,0.249346788192,-0.0146362433403
248.0,22.5,0.0,0.0,0.0,0.0,0.0,0.0,0.249314177882,-0.0146462445913
248.0,23.0,0.0,0.0,0.0,0.0,0.0,0.0,0.249281639945,-0.0146562317632
248.0,23.5,0.0,0.0,0.0,0.0,0.0,0.0,0.249249174094,-0.0146662048971
248.0,24.0,0.0,0.0,0.0,0.0,0.0,0.0,0.249216780046,-0.014676164034
249.0,0.5,0.0,0.0,0.0,0.0,0.0,0.0,0.249184457519,-0.0146861092149
249.0,1.0,0.0,0.0,0.0,0.0,0.0,0.0,0.249152206231,-0.0146960404806
249.0,1.5,0.0,0.0,0.0,0.0,0.0,0.0,0.249120025902,-0.0147059578719
249.0,2.0,0.0,0.0,0.0,0.0,0.0,0.0,0.249087916254,-0.0147158614294
249.0,2.5,0.0,0.0,0.0,0.0,0.0,0.0,0.249055877011,-0.0147257511935
249.0,3.0,0.0,0.0,0.0,0.0,0.0,0.0,0.249023907896,-0.0147356272045
249.0,3.5,0.0,0.0,0.0,0.0,0.0,0.0,0.248992008636,-0.0147454895028
249.0,4.0,0.0,0.0,0.0,0.0,0.0,0.0,0.248960178957,-0.0147553381284
249.0,4.5,0.0,0.0,0.0,0.0,0.0,0.0,0.248928418587,-0.0147651731214
249.0,5.0,0.0,0.0,0.0,0.0,0.0,0.0,0.248896727256,-0.0147749945216
249.0,5.5,0.0,0.0,0.0,0.0,0.0,0.0,0.248865104696,-0.0147848023688
249.0,6.0,0.0,0.0,0.0,0.0,0.0,0.0,0.248833550639,-0.0147945967026
249.0,6.5,0.0,0.0,0.0,0.0,0.0,0.0,0.248802064818,-0.0148043775626
249.0,7.0,0.0,0.0,0.0,0.0,0.0,0.0,0.248770646968,-0.0148141449881
249,7.5,2.705745028265299,0.12500937113423932,15.810277362142047,False,0.08001393547297297,0.0,0.24873929682562285,-0.014823899018405928
249,8.0,4.5834984104480565,0.2218871868076144,15.757668937613374,False,0.13294238514933476,0.0,0.24870327002914777,-0.014835117556149502
249,8.5,5.166773000366031,0.26314604333891134,15.655507879188875,False,0.14447773046464932,0.0,0.24866363390845542,-0.014847471705405183
249,9.0,5.965147280272346,0.33046503320947773,15.490793323352026,False,0.1576723059311765,0.0,0.24862249894037508,-0.014860305993432816
249,9.5,15.6671269734227,1.0225264545581516,30.339118734939056,False,0.3741742806003028,0.0,0.24857887588567265,-0.014873931019717677
249,10.0,13.720167553438396,0.9726158124284103,29.800912956864188,False,0.3031783959791844,0.0,0.24850905554376332,-0.014895769377010495
249,10.5,6.8268228021527815,0.5060491659151837,14.787136942114842,False,0.14625002993583966,0.0,0.24844119546079213,-0.014917031224699985
249,11.0,13.905765977225046,1.1629661622078065,28.95054291867043,False,0.27481762819126965,0.0,0.2483911074565445,-0.01493274794096003
249,11.5,15.236696023242446,1.438837841632532,28.32096555942416,False,0.27927730931430095,0.0,0.24831615513120375,-0.014956303503115394
249,12.0,16.196845550818782,1.660010741680879,27.900801489816153,False,0.28316760085964465,0.0,0.24823079888360086,-0.014983182685190059
249,12.5,16.410749543063893,1.7789863792847436,27.61339631179775,False,0.2781225455415406,0.0,0.2481371142796003,-0.015012750797454628
249,13.0,16.05719325977822,1.8044310630787093,27.430000072687765,False,0.2686403671765728,0.0,0.24803897945161218,-0.015043798046104747
249,13.5,15.49745617424231,1.855832721505814,27.05443851828651,False,0.24944189325628702,0.0,0.2479399436476425,-0.015075207929160875
249,14.0,13.752892388062921,1.7577552231667153,26.73292865106043,False,0.21435058838050258,0.0,0.2478390215564794,-0.015107296478612232
249,14.5,13.556254238321163,1.8115584004600402,26.397608477412764,False,0.20447597311556984,0.0,0.24774188566071056,-0.015138258080000298
249,15.0,13.272375459474883,1.7195841910942178,26.56883301052837,False,0.20241002538627378,0.0,0.24764277185420258,-0.01516992809171478
249,15.5,12.630580526900282,1.740425665800493,26.19734659404997,False,0.18674443000366922,0.0,0.2475472121406184,-0.015200537231043402
249,16.0,10.301675382755544,1.3170712957293365,26.552967487598323,False,0.1568668480735544,0.0,0.247450924931278,-0.01523145385658013
249,16.5,4.017909868694638,0.49626089801244533,13.359752927228982,False,0.06217309024890851,0.0,0.24737076719808473,-0.015257248668549264
249.0,17.0,0.0,0.0,0.0,0.0,0.0,0.0,0.248116451755,-0.0150192815207
249.0,17.5,0.0,0.0,0.0,0.0,0.0,0.0,0.248879804697,-0.0147802421478
249,18.0,2.1884493823259494,0.15878021070453704,14.762478823456505,False,0.04657352382705158,0.0,0.2488474112785042,-0.014790293428353252
249.0,18.5,0.0,0.0,0.0,0.0,0.0,0.0,0.248809067984,-0.0148022014098
249.0,19.0,0.0,0.0,0.0,0.0,0.0,0.0,0.248776825871,-0.0148122234362
249.0,19.5,0.0,0.0,0.0,0.0,0.0,0.0,0.248744658899,-0.0148222301638
249.0,20.0,0.0,0.0,0.0,0.0,0.0,0.0,0.248712566728,-0.0148322216494
249.0,20.5,0.0,0.0,0.0,0.0,0.0,0.0,0.248680549021,-0.0148421979492
249.0,21.0,0.0,0.0,0.0,0.0,0.0,0.0,0.248648605445,-0.0148521591193
249.0,21.5,0.0,0.0,0.0,0.0,0.0,0.0,0.248616735666,-0.0148621052154
249.0,22.0,0.0,0.0,0.0,0.0,0.0,0.0,0.248584939355,-0.0148720362928
249.0,22.5,0.0,0.0,0.0,0.0,0.0,0.0,0.248553216184,-0.0148819524067
249.0,23.0,0.0,0.0,0.0,0.0,0.0,0.0,0.248521565826,-0.0148918536119
249.0,23.5,0.0,0.0,0.0,0.0,0.0,0.0,0.248489987958,-0.0149017399627
249.0,24.0,0.0,0.0,0.0,0.0,0.0,0.0,0.248458482259,-0.0149116115133
250.0,0.5,0.0,0.0,0.0,0.0,0.0,0.0,0.248427048408,-0.0149214683176
250.0,1.0,0.0,0.0,0.0,0.0,0.0,0.0,0.248395686089,-0.0149313104292
250.0,1.5,0.0,0.0,0.0,0.0,0.0,0.0,0.248364394986,-0.0149411379013
250.0,2.0,0.0,0.0,0.0,0.0,0.0,0.0,0.248333174785,-0.0149509507869
250.0,2.5,0.0,0.0,0.0,0.0,0.0,0.0,0.248302025174,-0.0149607491386
250.0,3.0,0.0,0.0,0.0,0.0,0.0,0.0,0.248270945846,-0.0149705330088
250.0,3.5,0.0,0.0,0.0,0.0,0.0,0.0,0.248239936492,-0.0149803024495
250.0,4.0,0.0,0.0,0.0,0.0,0.0,0.0,0.248208996806,-0.0149900575127
250.0,4.5,0.0,0.0,0.0,0.0,0.0,0.0,0.248178126486,-0.0149997982497
250.0,5.0,0.0,0.0,0.0,0.0,0.0,0.0,0.248147325229,-0.0150095247119
250.0,5.5,0.0,0.0,0.0,0.0,0.0,0.0,0.248116592736,-0.0150192369501
250.0,6.0,0.0,0.0,0.0,0.0,0.0,0.0,0.248085928709,-0.0150289350151
250,6.5,1.9776709901734475,0.10566375482041368,15.5250695883293,False,0.05287659588529409,0.0,0.24805533285176948,-0.015038618957212452
250,7.0,2.9188863649938694,0.16353355076036888,15.426968498994682,False,0.07555034223379965,0.0,0.24802079493699322,-0.015049559540832333
250,7.5,9.61227131238785,0.5847409242081067,30.484820542769743,False,0.23470151690971888,0.0,0.24798412845036857,-0.015061184772254823
250,8.0,11.39928210200884,0.756356875791673,30.099331451669865,False,0.26278622305523197,0.0,0.24793154445900997,-0.015077875382001556
250,8.5,12.67162110320443,0.933652652994376,29.602591396274427,False,0.27250145797420433,0.0,0.24787251465612328,-0.015096638210350111
250,9.0,14.723890941866145,1.2070455754391192,29.111094058824786,False,0.29690811949452933,0.0,0.24780682320589675,-0.015117551181594045
250,9.5,15.769098409590136,1.5015517120929265,28.406595523570957,False,0.2919159802657977,0.0,0.24773082294164214,-0.015141789062111456
250,10.0,15.046594361408399,1.5348902807856726,27.91136276571813,False,0.263363571811039,0.0,0.24764371233480734,-0.015169627207500022
250,10.5,15.7868827384031,1.809220073513162,27.27258510229872,False,0.25817560469113604,0.0,0.24755540239989196,-0.01519791089273441
250,11.0,15.90586533088414,1.8884855673790504,27.06917069832193,False,0.25479332353643946,0.0,0.247456747252596,-0.015229582254668528
250,11.5,15.883047407989997,1.938861922288941,26.90341728217218,False,0.25025092077784855,0.0,0.2473551492952111,-0.015262280576742969
250,12.0,14.871481824208342,1.8396090464609174,26.7948110488982,False,0.231819227121903,0.0,0.24725170459290557,-0.015295659233451428
250,12.5,14.370925115098233,1.8028298473368705,26.703587243236182,False,0.22203172915690556,0.0,0.24715209129291074,-0.015327883841166054
250,13.0,14.483877735667356,1.8661648041123913,26.54988858131288,False,0.22048557827695847,0.0,0.24705393824999458,-0.015359715210070445
250,13.5,15.45741481314355,2.0946324832196326,26.336607717980947,False,0.23059916731904828,0.0,0.24695344586667117,-0.015392386868660818
250,14.0,13.684865194159094,1.86523510436129,26.216150941402006,False,0.2018752053566643,0.0,0.24684434709615394,-0.015427950388597173
250,14.5,5.738877373234163,0.752216560610017,13.220602392348455,False,0.08646270834645951,0.0,0.246744017627614,-0.015460741775677038
250,15.0,12.647958616828259,1.6463697437807874,26.485684889526084,False,0.19136200171663187,0.0,0.24668599057474913,-0.01547974506902987
250,15.5,11.392246914250558,1.5464276550484368,26.228473422307612,False,0.16824741046313443,0.0,0.24659409361034326,-0.015509897396713386
250,16.0,7.623262324383024,1.045947780244684,26.140445863763667,False,0.11167221270606652,0.0,0.24650605233843878,-0.01553885029003002
250.0,16.5,0.0,0.0,0.0,0.0,0.0,0.0,0.246437066889,-0.0155615815685
250,17.0,3.8829862428057003,0.3946504567937865,13.906286423760525,False,0.06723388361363371,0.0,0.24640783748280953,-0.015571224849052863
250,17.5,1.8383975265391361,0.22375411829617198,13.40366221502587,False,0.028692439011363504,0.0,0.24715835748350207,-0.015325854364421597
250.0,18.0,0.0,0.0,0.0,0.0,0.0,0.0,0.247119608711,-0.015338409345
250.0,18.5,0.0,0.0,0.0,0.0,0.0,0.0,0.247089419341,-0.015348199489
250.0,19.0,0.0,0.0,0.0,0.0,0.0,0.0,0.247059297615,-0.0153579751181
250.0,19.5,0.0,0.0,0.0,0.0,0.0,0.0,0.247029243231,-0.0153677362865
250.0,20.0,0.0,0.0,0.0,0.0,0.0,0.0,0.24779389007,-0.0151216725304
250.0,20.5,0.0,0.0,0.0,0.0,0.0,0.0,0.250940886522,-0.0141571215405
250.0,21.0,0.0,0.0,0.0,0.0,0.0,0.0,0.250904699673,-0.0141677886317
250.0,21.5,0.0,0.0,0.0,0.0,0.0,0.0,0.250868618962,-0.0141784339714
250.0,22.0,0.0,0.0,0.0,0.0,0.0,0.0,0.250832643708,-0.0141890576865
250.0,22.5,0.0,0.0,0.0,0.0,0.0,0.0,0.250796773239,-0.0141996599022
250.0,23.0,0.0,0.0,0.0,0.0,0.0,0.0,0.250761006889,-0.0142102407429
250.0,23.5,0.0,0.0,0.0,0.0,0.0,0.0,0.250725343998,-0.0142208003315
250.0,24.0,0.0,0.0,0.0,0.0,0.0,0.0,0.250689783914,-0.0142313387897
251.0,0.5,0.0,0.0,0.0,0.0,0.0,0.0,0.250654325991,-0.014241856238
251.0,1.0,0.0,0.0,0.0,0.0,0.0,0.0,0.250618969589,-0.0142523527958
251.0,1.5,0.0,0.0,0.0,0.0,0.0,0.0,0.250583714076,-0.0142628285814
251.0,2.0,0.0,0.0,0.0,0.0,0.0,0.0,0.250548558824,-0.0142732837118
251.0,2.5,0.0,0.0,0.0,0.0,0.0,0.0,0.250513503213,-0.014283718303
251.0,3.0,0.0,0.0,0.0,0.0,0.0,0.0,0.250478546629,-0.0142941324697
251.0,3.5,0.0,0.0,0.0,0.0,0.0,0.0,0.250443688463,-0.0143045263258
251.0,4.0,0.0,0.0,0.0,0.0,0.0,0.0,0.250408928113,-0.0143148999838
251.0,4.5,0.0,0.0,0.0,0.0,0.0,0.0,0.250374264983,-0.0143252535553
251.0,5.0,0.0,0.0,0.0,0.0,0.0,0.0,0.250339698481,-0.0143355871509
251.0,5.5,0.0,0.0,0.0,0.0,0.0,0.0,0.250305228023,-0.0143459008801
251.0,6.0,0.0,0.0,0.0,0.0,0.0,0.0,0.250270853029,-0.0143561948512
251,6.5,5.203741682342406,0.240366824445592,15.78093884771097,False,0.15222396130395743,0.0,0.25023657292659085,-0.01436646917184942
251,7.0,7.287977966527441,0.3921006809386005,31.01081464247661,False,0.1935778016630842,0.0,0.25019326523800145,-0.014379461739411067
251,7.5,11.858977950733198,0.7977881030488697,30.07707715428386,False,0.27250472047614993,0.0,0.25014429301727065,-0.014394170570913665
251,8.0,11.929199972507266,0.9332575624300704,29.295387778312907,False,0.24630702165173346,0.0,0.2500800181821565,-0.01441350276397094
251,8.5,12.84838303292459,1.0992895602456292,28.83657680886453,False,0.2503758425302137,0.0,0.25001069493848,-0.014434388072964861
251,9.0,14.688495813542069,1.6350834720574026,27.501282563034525,False,0.2477848752634258,0.0,0.24993516289260306,-0.01445718499436287
251,9.5,14.659779081410397,1.8699623825113787,26.728065209835002,False,0.2284431839520587,0.0,0.249839389057037,-0.014486152963174773
251,10.0,15.48127771400642,2.087214273456601,26.351578906146656,False,0.232764380736769,0.0,0.2497347926041161,-0.01451786848405488
251,10.5,15.73404769729245,2.2493240199286406,25.98176655000401,False,0.2285987808893239,0.0,0.2496220419467301,-0.01455214921020803
251,11.0,15.821801727530035,2.394247524179634,25.652181462300334,False,0.22179911777535624,0.0,0.2495032291998035,-0.014588377470988968
251,11.5,15.387779359041913,2.370287211223327,25.503985927908086,False,0.21293395583115035,0.0,0.2493790060585973,-0.014626370437179263
251,12.0,15.537759907776604,2.620608443048315,24.985717420803656,False,0.20573435646011975,0.0,0.24925578113843574,-0.014664174634320994
251,12.5,15.207572592821109,2.675294916826717,24.683897173064658,False,0.19759086713818697,0.0,0.24912314495652135,-0.01470499628719441
251,13.0,14.823603050013741,2.6106977560160374,24.67834643590036,False,0.19138197888006878,0.0,0.2489885213344911,-0.014746568149001393
251,13.5,14.314115703686522,2.541956548229324,24.615557458149905,False,0.18386722371705694,0.0,0.24885643657738585,-0.014787492170571003
251,14.0,13.860019551101349,2.5054050750089463,24.50561041872735,False,0.17646763160366968,0.0,0.24872704745335483,-0.014827712268163413
251,14.5,11.904817182939652,2.2675822673314134,24.243370280808083,False,0.1491794391633997,0.0,0.24859913186991936,-0.014867602507563055
251,15.0,11.82009174416487,2.2463836844669816,24.237430491797866,False,0.147332644112883,0.0,0.24848032757473626,-0.014904765982824926
251,15.5,10.687744944807696,2.0507389400399703,24.15263009665386,False,0.13282655338970772,0.0,0.24836241320471428,-0.014941760570799443
251,16.0,9.816221091842145,1.8170172965202072,24.384494195711348,False,0.12378155035956281,0.0,0.2482520085023564,-0.014976498281784488
251,16.5,7.592586135173684,1.3485434739621731,24.59961600269748,False,0.0974026661473888,0.0,0.24815055800843047,-0.015008503507473936
251,17.0,5.327182361491104,0.8810261922139175,25.011605479497057,False,0.07068915379806809,0.0,0.2480669700852513,-0.015034934762527567
251,17.5,5.241352770044713,0.8290824121633655,25.25700519023652,False,0.07100366414590675,0.0,0.2480012079658156,-0.015055768324445789
251,18.0,5.3468897243017,0.8616741416830183,12.548795456108934,False,0.07146322473032453,0.0,0.2479375001950099,-0.015075983874055867
251.0,18.5,0.0,0.0,0.0,0.0,0.0,0.0,0.247872638197,-0.0150965989134
251.0,19.0,0.0,0.0,0.0,0.0,0.0,0.0,0.247840558862,-0.0151068070766
251.0,19.5,0.0,0.0,0.0,0.0,0.0,0.0,0.247808561252,-0.0151169974277
251.0,20.0,0.0,0.0,0.0,0.0,0.0,0.0,0.24777664492,-0.0151271700537
251.0,20.5,0.0,0.0,0.0,0.0,0.0,0.0,0.247744809426,-0.0151373250408
251.0,21.0,0.0,0.0,0.0,0.0,0.0,0.0,0.248507623903,-0.014896217564
251.0,21.5,0.0,0.0,0.0,0.0,0.0,0.0,0.249269230848,-0.0146600427399
251.0,22.0,0.0,0.0,0.0,0.0,0.0,0.0,0.249235111151,-0.0146705273801
251.0,22.5,0.0,0.0,0.0,0.0,0.0,0.0,0.249201086753,-0.014680991634
251.0,23.0,0.0,0.0,0.0,0.0,0.0,0.0,0.249167157069,-0.0146914356157
251.0,23.5,0.0,0.0,0.0,0.0,0.0,0.0,0.24913332152,-0.0147018594382
251.0,24.0,0.0,0.0,0.0,0.0,0.0,0.0,0.249099579532,-0.0147122632135
252.0,0.5,0.0,0.0,0.0,0.0,0.0,0.0,0.249065930539,-0.0147226470525
252.0,1.0,0.0,0.0,0.0,0.0,0.0,0.0,0.249032373977,-0.0147330110651
252.0,1.5,0.0,0.0,0.0,0.0,0.0,0.0,0.248998909291,-0.0147433553599
252.0,2.0,0.0,0.0,0.0,0.0,0.0,0.0,0.248965535928,-0.014753680045
252.0,2.5,0.0,0.0,0.0,0.0,0.0,0.0,0.248932253343,-0.0147639852269
252.0,3.0,0.0,0.0,0.0,0.0,0.0,0.0,0.248899060995,-0.0147742710116
252.0,3.5,0.0,0.0,0.0,0.0,0.0,0.0,0.248865958348,-0.0147845375038
252.0,4.0,0.0,0.0,0.0,0.0,0.0,0.0,0.248832944872,-0.0147947848074
252.0,4.5,0.0,0.0,0.0,0.0,0.0,0.0,0.248800020041,-0.0148050130253
252.0,5.0,0.0,0.0,0.0,0.0,0.0,0.0,0.248767183334,-0.0148152222594
252.0,5.5,0.0,0.0,0.0,0.0,0.0,0.0,0.248734434236,-0.0148254126107
252.0,6.0,0.0,0.0,0.0,0.0,0.0,0.0,0.248701772236,-0.0148355841793
252.0,6.5,0.0,0.0,0.0,0.0,0.0,0.0,0.248669196828,-0.0148457370644
252,7.0,6.8196813376644965,0.4242904916899012,15.15060583034183,False,0.16195116888355443,0.0,0.2486367075102318,-0.014855871364367132
252,7.5,9.959212357384903,0.7419433729234514,29.504716934951606,False,0.21137480104550826,0.0,0.24858820198376486,-0.014871016898220644
252,8.0,12.203143684752273,1.0667841418191266,28.7191532920101,False,0.23443002755998654,0.0,0.2485277266482444,-0.014889925702198771
252,8.5,12.89405384644646,1.3350739522188406,27.796502620160165,False,0.222870632338601,0.0,0.24845500823608327,-0.014912700491406744
252,9.0,14.596722118243225,1.6453888223288404,27.367751182662545,False,0.24107041030518922,0.0,0.24837219237012684,-0.0149386882870947
252,9.5,14.337894404698122,2.130014199490884,25.77797022026033,False,0.20438412345044238,0.0,0.24827768372277115,-0.014968411256928865
252,10.0,14.857667303435617,2.3768120087150817,25.28436654634871,False,0.20174422520492735,0.0,0.24816486674479005,-0.015003984507571948
252,10.5,13.940858827399202,2.3070166480266656,25.173466756703398,False,0.18855739451302192,0.0,0.24804276651018992,-0.01504259850322459
252,11.0,14.530381500699885,2.594759560643654,24.646090668969144,False,0.18815213656668522,0.0,0.24792339724780504,-0.015080463348017997
252,11.5,13.6836805677659,2.617364837107795,24.247779301744515,False,0.17155402493982916,0.0,0.24779318993677357,-0.015121895677224644
252,12.0,13.159344194041378,2.672997235185769,23.864021433151244,False,0.1600543704916062,0.0,0.24766220607972006,-0.015163712021727999
252,12.5,12.623989647515593,2.7239416503424025,23.47894617524978,False,0.1491834268771687,0.0,0.24752919184655012,-0.01520631763205618
252,13.0,13.313360399204551,2.8479821530037137,23.48468440891302,False,0.15670315990413275,0.0,0.2473943246980259,-0.015249662452573476
252,13.5,12.337283054925107,2.45633158024422,23.890760576865816,False,0.14971257824300294,0.0,0.24725483019790379,-0.015294649416300224
252,14.0,13.03176276591341,2.333699914240812,24.6179028760313,False,0.16828443685031425,0.0,0.2471302783571851,-0.015334951053225288
252,14.5,12.551500140440812,2.2399125641062554,24.618757327003813,False,0.16210968734565734,0.0,0.24701045948745293,-0.015373840690361006
252,15.0,12.112841458069092,2.055586371545379,24.937818415691694,False,0.15974836707523385,0.0,0.24689427851801182,-0.01541166183484112
252,15.5,10.880049702041234,1.855687128848293,24.88694320869334,False,0.14288721834317736,0.0,0.2467851709670932,-0.015447281304345856
252,16.0,7.196403284314545,1.1544422703132222,25.18212182915402,False,0.09687065455362247,0.0,0.246683727409012,-0.015480486797416858
252.0,16.5,0.0,0.0,0.0,0.0,0.0,0.0,0.246608973466,-0.01550501042
252,17.0,2.822589784630915,0.4103799588475651,12.879444319407915,False,0.039944295236264124,0.0,0.24657810754295595,-0.015515149730562354
252,17.5,4.437464764050848,0.6497502983262282,25.731713855902207,False,0.06264599152707921,0.0,0.24653174430504537,-0.015530394685741493
252.0,18.0,0.0,0.0,0.0,0.0,0.0,0.0,0.246476373152,-0.0155486249762
252.0,18.5,0.0,0.0,0.0,0.0,0.0,0.0,0.246445735762,-0.0155587229272
252.0,19.0,0.0,0.0,0.0,0.0,0.0,0.0,0.246415173746,-0.0155688038213
252.0,19.5,0.0,0.0,0.0,0.0,0.0,0.0,0.246384686706,-0.0155788677391
252.0,20.0,0.0,0.0,0.0,0.0,0.0,0.0,0.247148892866,-0.0153289198624
252.0,20.5,0.0,0.0,0.0,0.0,0.0,0.0,0.247117358014,-0.0153391389693
252.0,21.0,0.0,0.0,0.0,0.0,0.0,0.0,0.247085904225,-0.0153493398938
252.0,21.5,0.0,0.0,0.0,0.0,0.0,0.0,0.247054531047,-0.0153595227277
252.0,22.0,0.0,0.0,0.0,0.0,0.0,0.0,0.247023238033,-0.0153696875619
252.0,22.5,0.0,0.0,0.0,0.0,0.0,0.0,0.246992024738,-0.0153798344863
252.0,23.0,0.0,0.0,0.0,0.0,0.0,0.0,0.246960890723,-0.0153899635903
252.0,23.5,0.0,0.0,0.0,0.0,0.0,0.0,0.246929835552,-0.0154000749625
252.0,24.0,0.0,0.0,0.0,0.0,0.0,0.0,0.246898858793,-0.0154101686907
253.0,0.5,0.0,0.0,0.0,0.0,0.0,0.0,0.246867960016,-0.015420244862
253.0,1.0,0.0,0.0,0.0,0.0,0.0,0.0,0.246837138798,-0.0154303035626
253.0,1.5,0.0,0.0,0.0,0.0,0.0,0.0,0.246806394718,-0.0154403448782
253.0,2.0,0.0,0.0,0.0,0.0,0.0,0.0,0.246775727358,-0.0154503688937
253.0,2.5,0.0,0.0,0.0,0.0,0.0,0.0,0.246745136304,-0.0154603756933
253.0,3.0,0.0,0.0,0.0,0.0,0.0,0.0,0.246714621146,-0.0154703653603
253.0,3.5,0.0,0.0,0.0,0.0,0.0,0.0,0.246684181478,-0.0154803379776
253.0,4.0,0.0,0.0,0.0,0.0,0.0,0.0,0.246653816897,-0.0154902936274
253.0,4.5,0.0,0.0,0.0,0.0,0.0,0.0,0.246623527002,-0.0155002323909
253.0,5.0,0.0,0.0,0.0,0.0,0.0,0.0,0.246593311397,-0.0155101543489
253.0,5.5,0.0,0.0,0.0,0.0,0.0,0.0,0.24656316969,-0.0155200595817
253.0,6.0,0.0,0.0,0.0,0.0,0.0,0.0,0.246533101491,-0.0155299481684
253.0,6.5,0.0,0.0,0.0,0.0,0.0,0.0,0.246503106413,-0.0155398201881
253.0,7.0,0.0,0.0,0.0,0.0,0.0,0.0,0.246473184073,-0.0155496757188
253.0,7.5,0.0,0.0,0.0,0.0,0.0,0.0,0.246443334091,-0.0155595148379
253.0,8.0,0.0,0.0,0.0,0.0,0.0,0.0,0.24641355609,-0.0155693376226
253,8.5,3.7824764331395455,0.151931614890762,16.07631935752867,False,0.12413295682417982,0.0,0.24797309552806635,-0.015064684890822548
253,9.0,5.4241513087385655,0.22342464533368953,16.16182620245521,False,0.18451907638123727,0.0,0.24872986995211482,-0.014826833516038968
253,9.5,5.032097960123281,0.19938903970502744,16.15122188952133,False,0.17040932702424239,0.0,0.24868820236960565,-0.01483981253878977
253,10.0,5.503690622081932,0.2165850170114737,16.186841565483803,False,0.1892495688780532,0.0,0.24944206079368778,-0.01460707077863474
253,10.5,6.7056523957526695,0.2922074471529299,16.09239056871064,False,0.2215344478943813,0.0,0.2501940226708645,-0.01437923438473331
253,11.0,6.666337124955109,0.30250073248517506,16.0038291304301,False,0.21242187018028566,0.0,0.2501474024467315,-0.01439323611937275
253,11.5,13.370848693641822,0.6541347698303281,31.655355947075453,False,0.3979756023756223,0.0,0.2501005011166973,-0.014407338675264275
253,12.0,6.826770212850717,0.37813850878782057,15.541820197848219,False,0.18355954941442293,0.0,0.2500403640517819,-0.014425445122087637
253,12.5,5.705028787698248,0.3123983271316745,15.480509266807353,False,0.1502831895649185,0.0,0.2499908090335314,-0.014440385838180948
253,13.0,5.787365898571683,0.30855434550776517,15.563127846434153,False,0.15674083800764282,0.0,0.2507383042526716,-0.01421696178933959
253,13.5,5.717326438501992,0.2845577493680803,15.725037001125733,False,0.16387852937172015,0.0,0.2514846420874438,-0.01399798075507531
253,14.0,5.855541650372751,0.28318781515606123,15.840841307871422,False,0.17514957348136484,0.0,0.25223055070986455,-0.013783129124200584
253,14.5,5.416570676735162,0.2658296609204969,15.78022924857603,False,0.15840846303454417,0.0,0.2521808260944435,-0.013797329009119374
253,15.0,3.7814715768721023,0.17700466516364458,15.78520235323002,False,0.11079231561164428,0.0,0.2529262095737247,-0.013586283734812637
253,15.5,3.2414105046762085,0.14376409953972286,15.889210621075671,False,0.09875258217057965,0.0,0.2544677618823147,-0.013161890144096768
253,16.0,2.952838369154933,0.1291711340624297,15.939732660827405,False,0.09173617357778976,0.0,0.2560073600447505,-0.012753705905993918
253.0,16.5,0.0,0.0,0.0,0.0,0.0,0.0,0.257544097202,-0.0123612322545
253.0,17.0,0.0,0.0,0.0,0.0,0.0,0.0,0.265430298905,-0.0105596588836
253.0,17.5,0.0,0.0,0.0,0.0,0.0,0.00381758226329,0.266151984812,-0.0104109698317
253.0,18.0,0.0,0.0,0.0,0.0,0.0,0.0,0.266871375925,-0.010265229607
253.0,18.5,0.0,0.0,0.0,0.0,0.0,0.0,0.266795699208,-0.0102804459065
253.0,19.0,0.0,0.0,0.0,0.0,0.0,0.0,0.266720620913,-0.0102955684449
253.0,19.5,0.0,0.0,0.0,0.0,0.0,0.0,0.266646129966,-0.0103105988792
253.0,20.0,0.0,0.0,0.0,0.0,0.0,0.0,0.266572215607,-0.010325538821
253.0,20.5,0.0,0.0,0.0,0.0,0.0,0.0,0.267291973468,-0.0101811475206
253.0,21.0,0.0,0.0,0.0,0.0,0.0,0.0,0.267216510619,-0.0101961727952
253.0,21.5,0.0,0.0,0.0,0.0,0.0,0.0,0.267141638434,-0.0102111065814
253.0,22.0,0.0,0.0,0.0,0.0,0.0,0.0,0.267067346075,-0.0102259504831
253.0,22.5,0.0,0.0,0.0,0.0,0.0,0.0,0.266993623009,-0.0102407060603
253.0,23.0,0.0,0.0,0.0,0.0,0.0,0.0,0.266920458998,-0.0102553748308
253.0,23.5,0.0,0.0,0.0,0.0,0.0,0.0,0.26764097529,-0.0101120005787
253.0,24.0,0.0,0.0,0.0,0.0,0.0,0.0,0.268359312233,-0.0099714310799
254.0,0.5,0.0,0.0,0.0,0.0,0.0,0.0,0.268282447397,-0.00998636082781
254.0,1.0,0.0,0.0,0.0,0.0,0.0,0.0,0.268206191643,-0.010001198597
254.0,1.5,0.0,0.0,0.0,0.0,0.0,0.0,0.270509325953,-0.00956440099279
254.0,2.0,0.0,0.0,0.0,0.0,0.0,0.0,0.272803692983,-0.00915167987452
254.0,2.5,0.0,0.0,0.0,0.0,0.0,0.0,0.27350397818,-0.00902996006155
254.0,3.0,0.0,0.0,0.0,0.0,0.0,0.0,0.273409410185,-0.00904628421016
254.0,3.5,0.0,0.0,0.0,0.0,0.0,0.0,0.273315788577,-0.00906247964185
254.0,4.0,0.0,0.0,0.0,0.0,0.0,0.0,0.273223091228,-0.009078549235
254.0,4.5,0.0,0.0,0.0,0.0,0.0,0.0,0.273923776925,-0.0089579175515
254.0,5.0,0.0,0.0,0.0,0.0,0.0,0.0,0.273829593251,-0.00897402083801
254.0,5.5,0.0,0.0,0.0,0.0,0.0,0.0,0.273736340395,-0.00898999896835
254.0,6.0,0.0,0.0,0.0,0.0,0.0,0.0,0.273643996813,-0.00900585471502
254.0,6.5,0.0,0.0,0.0,0.0,0.0,0.0,0.273552541718,-0.0090215907559
254.0,7.0,0.0,0.0,0.0,0.0,0.0,0.0,0.273461955049,-0.00903720967852
254,7.5,3.868887525792064,0.116271058926518,16.670374352475996,False,0.16819385704450052,0.19899185737899147,0.27337221743705786,-0.009052713984087706
254,8.0,10.041045107849015,0.30931226637740017,33.2841386285435,False,0.4298685538145396,0.4012936452211572,0.27327134596034025,-0.009070179780010386
254,8.5,5.648521851418639,0.19246768282015556,16.61552328424663,False,0.23841320378133077,0.37072789224011987,0.27315628350374416,-0.009090151773783835
254,9.0,5.25683006211812,0.17177855308215845,16.547838349382033,False,0.21418765044447755,0.26035094195512865,0.2730476100504032,-0.009109062926444313
254,9.5,6.060229511372607,0.21816002470367013,16.39635884614806,False,0.2291414620551109,0.34691644969253865,0.2729446884339339,-0.00912701639003576
254,10.0,6.167542527374453,0.24652797927190687,16.176968078989777,False,0.2111753590477517,0.342353819095965,0.2728374830199041,-0.00914576195954442
254,10.5,12.991786581394155,0.6413785535487988,31.488812425639935,False,0.37500749383038123,0.655920064114687,0.2727301199029565,-0.00916458109631145
254,11.0,14.927432080190052,0.8927450867510923,30.676216262686374,False,0.3755124631776126,0.9095004680871588,0.2725966027903691,-0.009188049041346789
254,11.5,15.633224302282454,1.0792522727079361,29.995865224619024,False,0.35506701237790295,1.073746929237163,0.27244463851536527,-0.009214846575356
254,12.0,15.5286285917506,1.1164603986887391,29.77481878908641,False,0.3419011958889703,1.0564391230611982,0.2722800643298118,-0.009243972856979006
254,12.5,14.561148930799007,1.091311692404791,29.50640008490482,False,0.30911594099946915,0.8748523966840923,0.27211542216866186,-0.009273220992993087
254,13.0,13.622391187257117,1.0181789455337589,29.497151511590292,False,0.28883075220081994,0.7485197510816759,0.2719592993407608,-0.009301057601977063
254,13.5,11.856640958638648,0.8628555199914264,14.797424769389565,False,0.254708855175778,0.5431557706677729,0.2718114068503725,-0.009327518618404475
254,14.0,5.8378934161265965,0.42311837685334946,14.815983466362297,False,0.12604361630401856,0.33771102834772515,0.2716778503585672,-0.00935149173501951
254,14.5,5.302343078407503,0.38516385372096773,14.80474255946567,False,0.11413251508982554,0.2900010326620534,0.2715694140866269,-0.009371009836889887
254,15.0,4.635975055841156,0.3348146837649501,14.81035558543242,False,0.09994080413864553,0.2355029911033291,0.27146485241093804,-0.009389876510532434
254,15.5,3.8836759474012377,0.2757590607706545,14.84654912426969,False,0.08455240680802184,0.18215450833518093,0.2713648816931824,-0.009407957145615113
254,16.0,2.485543334048249,0.1683710859471932,14.943777670495756,False,0.05559281834681806,0.06349872252350866,0.27126977743074276,-0.00942519615091447
254,16.5,2.0099910049022838,0.1329382688248703,15.00789036400639,False,0.04578176146638047,0.05571760041635835,0.27118384127775996,-0.009440805683567872
254.0,17.0,0.0,0.0,0.0,0.0,0.0,0.0,0.271100124196,-0.00945604176938
254.0,17.5,0.0,0.0,0.0,0.0,0.0,0.0,0.271024135342,-0.00946989672797
254.0,18.0,0.0,0.0,0.0,0.0,0.0,0.0,0.270948705162,-0.00948367375165
254.0,18.5,0.0,0.0,0.0,0.0,0.0,0.0,0.270873823862,-0.00949737415187
254.0,19.0,0.0,0.0,0.0,0.0,0.0,0.0,0.270799481913,-0.00951099920551
254.0,19.5,0.0,0.0,0.0,0.0,0.0,0.0,0.27072567004,-0.00952455015602
254.0,20.0,0.0,0.0,0.0,0.0,0.0,0.0,0.27065237922,-0.00953802821464
254.0,20.5,0.0,0.0,0.0,0.0,0.0,0.0,0.270579600663,-0.0095514345615
254.0,21.0,0.0,0.0,0.0,0.0,0.0,0.0,0.270507325814,-0.00956477034669
254.0,21.5,0.0,0.0,0.0,0.0,0.0,0.0,0.270435546336,-0.00957803669126
254.0,22.0,0.0,0.0,0.0,0.0,0.0,0.0,0.270364254109,-0.00959123468825
254.0,22.5,0.0,0.0,0.0,0.0,0.0,0.0,0.270293441219,-0.00960436540356
254.0,23.0,0.0,0.0,0.0,0.0,0.0,0.0,0.270223099952,-0.0096174298769
254.0,23.5,0.0,0.0,0.0,0.0,0.0,0.0,0.270153222787,-0.00963042912263
254.0,24.0,0.0,0.0,0.0,0.0,0.0,0.0,0.270083802391,-0.00964336413061
255.0,0.5,0.0,0.0,0.0,0.0,0.0,0.0,0.27001483161,-0.00965623586693
255.0,1.0,0.0,0.0,0.0,0.0,0.0,0.0,0.269946303466,-0.00966904527477
255.0,1.5,0.0,0.0,0.0,0.0,0.0,0.0,0.26987821115,-0.00968179327503
255.0,2.0,0.0,0.0,0.0,0.0,0.0,0.0,0.269810548014,-0.0096944807671
255.0,2.5,0.0,0.0,0.0,0.0,0.0,0.0,0.269743307571,-0.00970710862951
255.0,3.0,0.0,0.0,0.0,0.0,0.0,0.0,0.269676483486,-0.00971967772057
255.0,3.5,0.0,0.0,0.0,0.0,0.0,0.0,0.269610069574,-0.00973218887902
255.0,4.0,0.0,0.0,0.0,0.0,0.0,0.0,0.269544059791,-0.00974464292459
255.0,4.5,0.0,0.0,0.0,0.0,0.0,0.0,0.269478448235,-0.00975704065862
255.0,5.0,0.0,0.0,0.0,0.0,0.0,0.0,0.269413229137,-0.00976938286458
255.0,5.5,0.0,0.0,0.0,0.0,0.0,0.0,0.269348396859,-0.00978167030861
255.0,6.0,0.0,0.0,0.0,0.0,0.0,0.0,0.269283945891,-0.00979390374007
255,6.5,1.996918008119403,0.07296521469207423,16.25300697539501,False,0.07068784939835779,0.07446150532194636,0.26921987084609716,-0.009806083891961912
255,7.0,8.531045824507423,0.3455365916658302,32.13584523496158,False,0.27900446234938425,0.29017236017602593,0.26915057161894224,-0.009819277440152128
255,7.5,11.403605064967477,0.53974234193665,31.60041002599013,False,0.3359677930761349,0.5452844689427447,0.2690631076081147,-0.009835959499680148
255,8.0,13.017499364666396,0.7293579035185042,30.938161524855644,False,0.34161699342700913,0.8263197973179156,0.2689589524696847,-0.009855869137001419
255,8.5,13.97403422696388,0.9174981308497513,30.26264830823864,False,0.329950541350715,1.1064395634980964,0.26883729168545406,-0.009879185876447608
255,9.0,14.54198082943191,1.0932689121424273,29.634568884172182,False,0.31408099369314846,1.380156982378447,0.2686982111650193,-0.00990592173543152
255,9.5,14.981217429605717,1.2937159686994393,28.858836565158228,False,0.2947766401385603,1.5659540028555952,0.2685424185750884,-0.009935972642644068
255,10.0,14.916838068443752,1.426426494997589,28.332684557700084,False,0.2755212204994473,1.8593412206956914,0.26837230940498635,-0.009968909219277879
255,10.5,15.049602276545617,1.5459375222556262,27.938404513813236,False,0.26584636340884193,2.007691455710544,0.26818636668534507,-0.01000506041877908
255,11.0,14.62739447470245,1.563005747044665,27.76488093331325,False,0.2535291400668989,2.2380495936878035,0.2679905910523693,-0.01004329228552566
255,11.5,14.469824027366027,1.660741802498603,27.354734119057305,False,0.2401363113468128,2.3166453485333007,0.267785753671178,-0.010083480257307313
255,12.0,14.358896151785938,1.7369342749610945,27.04286151477332,False,0.23075579034309665,2.307152449347806,0.2675745483275723,-0.010125118382855703
255,12.5,14.314604866123679,1.856348813029257,26.615797425843304,False,0.22051690090682496,2.218247671618503,0.26736113139752443,-0.010167400768970535
255,13.0,14.150310611794438,1.9725154851634206,26.172557983732407,False,0.2090271614074886,2.0749182894863116,0.2671468722054097,-0.010210061821877708
255,13.5,13.851214799550604,2.101873540521079,25.620526964821423,False,0.19456873649496997,1.8771792544759653,0.26693395542372284,-0.010252667028537913
255,14.0,13.677117957561608,2.0897770145143992,25.557940233477765,False,0.1909800810258036,1.6586890659430849,0.2667239413690326,-0.010294899066833632
255,14.5,13.379167702539174,2.104804116423768,25.359467058662887,False,0.18360000329133053,1.4307387028869638,0.2665229819040472,-0.010335504497128797
255,15.0,13.068675945512268,2.081337564942452,25.267911302742352,False,0.17790318231686522,1.2022808498018749,0.2663304029408762,-0.010374595755051747
255,15.5,12.647445814240765,1.975084143958319,25.35712317995465,False,0.17334712169764496,0.9626966418486521,0.266147680884099,-0.010411849148099594
255,16.0,11.96089706588181,1.9758657071387593,25.003920547515257,False,0.15861369238158193,0.7423670344298926,0.2659783761209285,-0.010446509360490488
255,16.5,11.158871077453481,1.7173812718763135,25.407165545378362,False,0.15312527451941338,0.5345110748108517,0.26581769242327785,-0.010479531883443366
255,17.0,9.793225335247264,1.4763100968686638,25.49938247909009,False,0.1354630462219047,0.3453182102864562,0.26567499207173023,-0.01050896292270091
255,17.5,7.604153716027856,1.0915961257283118,25.767482493560937,False,0.10769363066000019,0.18030829621793584,0.26554890256038405,-0.010535050066567832
255.0,18.0,0.0,0.0,0.0,0.0,0.0,0.0,0.265443954039,-0.0105568221231
255.0,18.5,0.0,0.0,0.0,0.0,0.0,0.0,0.26538754994,-0.0105685455624
255.0,19.0,0.0,0.0,0.0,0.0,0.0,0.0,0.265331418335,-0.0105802277673
255.0,19.5,0.0,0.0,0.0,0.0,0.0,0.0,0.265275556062,-0.0105918691965
255.0,20.0,0.0,0.0,0.0,0.0,0.0,0.0,0.265219960021,-0.0106034703003
255.0,20.5,0.0,0.0,0.0,0.0,0.0,0.0,0.265164627165,-0.010615031521
255.0,21.0,0.0,0.0,0.0,0.0,0.0,0.0,0.265109554505,-0.0106265532929
255.0,21.5,0.0,0.0,0.0,0.0,0.0,0.0,0.265054739106,-0.0106380360425
255.0,22.0,0.0,0.0,0.0,0.0,0.0,0.0,0.265000178084,-0.0106494801889
255.0,22.5,0.0,0.0,0.0,0.0,0.0,0.0,0.264945868609,-0.0106608861437
255.0,23.0,0.0,0.0,0.0,0.0,0.0,0.0,0.264891807901,-0.0106722543114
255.0,23.5,0.0,0.0,0.0,0.0,0.0,0.0,0.264837993228,-0.0106835850895
255.0,24.0,0.0,0.0,0.0,0.0,0.0,0.0,0.264784421906,-0.0106948788686
256.0,0.5,0.0,0.0,0.0,0.0,0.0,0.0,0.2647310913,-0.0107061360326
256.0,1.0,0.0,0.0,0.0,0.0,0.0,0.0,0.264677998817,-0.0107173569589
256.0,1.5,0.0,0.0,0.0,0.0,0.0,0.0,0.264625141912,-0.0107285420185
256.0,2.0,0.0,0.0,0.0,0.0,0.0,0.0,0.264572518082,-0.0107396915762
256.0,2.5,0.0,0.0,0.0,0.0,0.0,0.0,0.264520124868,-0.0107508059905
256.0,3.0,0.0,0.0,0.0,0.0,0.0,0.0,0.26446795985,-0.0107618856141
256.0,3.5,0.0,0.0,0.0,0.0,0.0,0.0,0.264416020652,-0.010772930794
256.0,4.0,0.0,0.0,0.0,0.0,0.0,0.0,0.264364304934,-0.0107839418713
256.0,4.5,0.0,0.0,0.0,0.0,0.0,0.0,0.264312810399,-0.0107949191816
256.0,5.0,0.0,0.0,0.0,0.0,0.0,0.0,0.264261534785,-0.0108058630549
256.0,5.5,0.0,0.0,0.0,0.0,0.0,0.0,0.264210475868,-0.0108167738162
256.0,6.0,0.0,0.0,0.0,0.0,0.0,0.0,0.26415963146,-0.010827651785
256,6.5,1.8400006188155573,0.08336126989128703,15.84157553298127,False,0.05505286193134152,0.02177306259418098,0.26410899940965094,-0.010838497275884349
256,7.0,8.289857695468884,0.4194745021588336,31.214259853689434,False,0.22793153169697092,0.11821179827001249,0.264054587756126,-0.01085016679757056
256,7.5,11.087173378327524,0.6632523606924113,30.541811658119858,False,0.27310295060450496,0.22925862307729347,0.2639839689335971,-0.01086533455782589
256,8.0,12.715854574358591,0.9193142078081757,29.70807932607518,False,0.2774085721035173,0.34585618428681364,0.2639000906382407,-0.010883383071085237
256,8.5,13.703852809577953,1.2293571712651463,28.58045751159764,False,0.2617117458588024,0.4581450577245046,0.26380227402534095,-0.010904475900053877
256,9.0,14.258461504005837,1.5096446129849705,27.6886833642048,False,0.2461642771763187,0.5454103356268635,0.2636886320427536,-0.010929042451723667
256,9.5,14.518772262432172,1.737899722376157,26.988391238787116,False,0.23263926518621938,0.6016144234155283,0.2635612416002913,-0.010956659511926741
256,10.0,14.56532973579133,1.9182062459422098,26.437676729691944,False,0.2209894570574512,0.6325685102419373,0.26342325416845574,-0.010986667766787939
256,10.5,14.530598235527208,1.9791999142249006,26.26756930084312,False,0.21690537575038507,0.6308658602918368,0.2632774457352572,-0.011018483331596095
256,11.0,14.30962258539143,1.984877708984638,26.170172611419705,False,0.21150778247825344,0.6031810587397308,0.2631295816735236,-0.01105085960679089
256,11.5,14.021006242055435,1.996079772280052,26.032958971722167,False,0.20466343990861333,0.551104447127215,0.26298274540229577,-0.011083123068667043
256,12.0,14.118114298253866,2.021086071890243,26.006918628066707,False,0.20545127716576134,0.5050054643415869,0.2628376511349238,-0.011115114071095234
256,12.5,15.29288695502083,2.0845428107095905,26.178124637896282,False,0.22626574712037778,0.2860886232768478,0.2626935463691453,-0.011146995861669241
256,13.0,13.799431609186598,2.015815287393267,25.888945637785337,False,0.1987982199779058,0.3224635790206467,0.26255552858700754,-0.011177633166844154
256,13.5,13.531388913703834,2.000320301727261,25.80155635335354,False,0.19336740055915208,0.2338978435931462,0.2624189241354778,-0.011208055583654317
256,14.0,13.794564685741097,2.1478694658880397,25.47466738767924,False,0.19136517648226414,0.17897450086997457,0.26228645263270484,-0.01123765184338992
256,14.5,13.376809180168955,2.117123379286023,25.33907049872358,False,0.18335613910163281,0.09389853998879556,0.2621506481570354,-0.011268089454843233
256,15.0,12.541642769663897,1.932484931259924,25.465341641290706,False,0.1737549678232727,0.02594839892860186,0.26201941964178915,-0.011297594826752027
256,15.5,12.393712355205956,1.9103672012491015,25.436377533648212,False,0.17114565566407952,0.0,0.26189795574179064,-0.011324986792835164
256,16.0,11.816036447724251,1.8355345380691455,25.359917645930516,False,0.16200360930322083,0.0,0.26177849323539015,-0.011352004633952266
256,16.5,10.951066241515099,1.6890122252705302,25.39329123642672,False,0.15009408336194088,0.0,0.26166204632974716,-0.011378414407518318
256,17.0,9.506805272093617,1.4113910926104412,25.590486915970473,False,0.13255122249708515,0.0,0.26155133408476494,-0.011403591491661366
256,17.5,7.173559536276088,1.014763633413698,25.84323519606318,False,0.10228516763658102,0.0,0.26145133015768657,-0.01142639047121373
256.0,18.0,0.0,0.0,0.0,0.0,0.0,0.0,0.261366549318,-0.0114457614263
256.0,18.5,0.0,0.0,0.0,0.0,0.0,0.0,0.26132044831,-0.0114563111312
256.0,19.0,0.0,0.0,0.0,0.0,0.0,0.0,0.261274515432,-0.0114668338856
256.0,19.5,0.0,0.0,0.0,0.0,0.0,0.0,0.261228749235,-0.0114773299105
256.0,20.0,0.0,0.0,0.0,0.0,0.0,0.0,0.261183148286,-0.0114877994242
256.0,20.5,0.0,0.0,0.0,0.0,0.0,0.0,0.261137711176,-0.0114982426418
256.0,21.0,0.0,0.0,0.0,0.0,0.0,0.0,0.261092436512,-0.0115086597756
256.0,21.5,0.0,0.0,0.0,0.0,0.0,0.0,0.261047322923,-0.0115190510349
256.0,22.0,0.0,0.0,0.0,0.0,0.0,0.0,0.261002369054,-0.0115294166262
256.0,22.5,0.0,0.0,0.0,0.0,0.0,0.0,0.260957573572,-0.0115397567533
256.0,23.0,0.0,0.0,0.0,0.0,0.0,0.0,0.260912935158,-0.0115500716172
256.0,23.5,0.0,0.0,0.0,0.0,0.0,0.0,0.260868452513,-0.0115603614163
256.0,24.0,0.0,0.0,0.0,0.0,0.0,0.0,0.260824124357,-0.0115706263464
257.0,0.5,0.0,0.0,0.0,0.0,0.0,0.0,0.260779949423,-0.0115808666005
257.0,1.0,0.0,0.0,0.0,0.0,0.0,0.0,0.260735926464,-0.0115910823693
257.0,1.5,0.0,0.0,0.0,0.0,0.0,0.0,0.260692054249,-0.011601273841
257.0,2.0,0.0,0.0,0.0,0.0,0.0,0.0,0.260648331562,-0.0116114412013
257.0,2.5,0.0,0.0,0.0,0.0,0.0,0.0,0.260604757204,-0.0116215846334
257.0,3.0,0.0,0.0,0.0,0.0,0.0,0.0,0.260561329992,-0.0116317043184
257.0,3.5,0.0,0.0,0.0,0.0,0.0,0.0,0.260518048756,-0.0116418004349
257.0,4.0,0.0,0.0,0.0,0.0,0.0,0.0,0.260474912344,-0.0116518731593
257.0,4.5,0.0,0.0,0.0,0.0,0.0,0.0,0.260431919617,-0.0116619226657
257.0,5.0,0.0,0.0,0.0,0.0,0.0,0.0,0.260389069451,-0.011671949126
257.0,5.5,0.0,0.0,0.0,0.0,0.0,0.0,0.260346360736,-0.0116819527101
257.0,6.0,0.0,0.0,0.0,0.0,0.0,0.0,0.260303792376,-0.0116919335857
257.0,6.5,0.0,0.0,0.0,0.0,0.0,0.0,0.26026136329,-0.0117018919182
257,7.0,2.4811685137339237,0.09026686309011349,16.266197231372125,False,0.0883481984393552,0.0,0.26021907241007824,-0.01171182787135898
257,7.5,3.5801917254681728,0.13845764828947832,16.20040312153714,False,0.123834266999501,0.0,0.26017349305708476,-0.011722547685489618
257,8.0,3.8959473666955002,0.1608890254347336,16.05291383739974,False,0.12663392957003286,0.0,0.2601262209745815,-0.011733677965071368
257,8.5,4.816230201699868,0.23033097225635435,15.779519864341477,False,0.14081468306852807,0.0,0.26007823270171515,-0.011744989754108445
257,9.0,13.083508188990796,0.7771426669612311,30.663907193530882,False,0.3284875707265864,0.0,0.26002774317333777,-0.011756905168228566
257,9.5,6.3684008970865325,0.5295985642449221,14.478233798146727,False,0.12595048341772372,0.0,0.2599566352278699,-0.01177371091778955
257,10.0,6.70105170620922,0.5803021566528171,14.370842136413344,False,0.12908261241492855,0.0,0.259895053635551,-0.011788288327685508
257,10.5,11.804361163393075,1.1032531396140792,14.126045666861337,False,0.21466167321389631,0.0,0.2598316789318178,-0.011803312656171582
257,11.0,6.812913015479265,0.6529802525739408,14.086208156183865,False,0.12277424159210637,0.0,0.25974858838435994,-0.011823045627548415
257,11.5,12.375630804654973,1.093899861478648,14.28533089235324,False,0.23355551515436532,0.0,0.2596827148331184,-0.011838717714398907
257,12.0,14.444688322270867,1.3260241011298612,28.43220948043412,False,0.26819803752962246,0.0,0.25960023662345605,-0.011858375154525286
257,12.5,6.930988204623309,0.5850581355016162,14.442945943303526,False,0.13588472184958006,0.0,0.2595090765953714,-0.011880147038830528
257,13.0,6.782581472317715,0.5106430769057114,14.749835989684133,False,0.14385700757682693,0.0,0.2594461625499757,-0.011895200673015515
257,13.5,5.1366096804548915,0.33623499190576867,15.052578446753241,False,0.11851366722223368,0.0,0.2593861980026629,-0.01190956973029194
257,14.0,14.02608674518299,1.0685475026212359,29.449547058088555,False,0.2955151670990932,0.0,0.2593329767827147,-0.011922340237860759
257,14.5,13.083786115879807,1.498188789600014,27.27463356955158,False,0.21401475740564188,0.0,0.2592520879993223,-0.011941780874213829
257,15.0,12.193051539585415,1.3957643742357155,27.24756385519306,False,0.19889119286028267,0.0,0.2591550171299137,-0.011965160560784864
257,15.5,11.340333382036343,1.2679838924354119,27.3157909359703,False,0.18628501591775795,0.0,0.2590619551708775,-0.01198762591676087
257,16.0,9.565350672507689,1.012203777760836,27.60019783577861,False,0.1618819544568496,0.0,0.25897386352379237,-0.012008937745219805
257,16.5,6.189495811140979,0.5837502068063757,28.202365785843483,False,0.11191946420101984,0.0,0.2588955989182225,-0.012027910017582608
257,17.0,4.875716086461178,0.4227055539821683,28.65154644928227,False,0.09290703955801663,0.0,0.25883371346276973,-0.012042937076297595
257,17.5,3.112391808332257,0.2582599943761571,14.417206764762431,False,0.06063496553151777,0.0,0.25877805817193295,-0.01205647043084664
257.0,18.0,0.0,0.0,0.0,0.0,0.0,0.0,0.258728761289,-0.0120684727861
257.0,18.5,0.0,0.0,0.0,0.0,0.0,0.0,0.258689382254,-0.0120780706633
257.0,19.0,0.0,0.0,0.0,0.0,0.0,0.0,0.258650119311,-0.012087649301
257.0,19.5,0.0,0.0,0.0,0.0,0.0,0.0,0.258610971667,-0.0120972088229
257.0,20.0,0.0,0.0,0.0,0.0,0.0,0.0,0.258571938536,-0.0121067493512
257.0,20.5,0.0,0.0,0.0,0.0,0.0,0.0,0.258533019141,-0.0121162710069
257.0,21.0,0.0,0.0,0.0,0.0,0.0,0.0,0.258494212715,-0.0121257739096
257.0,21.5,0.0,0.0,0.0,0.0,0.0,0.0,0.258455518499,-0.0121352581776
257.0,22.0,0.0,0.0,0.0,0.0,0.0,0.0,0.258416935742,-0.0121447239278
257.0,22.5,0.0,0.0,0.0,0.0,0.0,0.0,0.2583784637,-0.0121541712762
257.0,23.0,0.0,0.0,0.0,0.0,0.0,0.0,0.258340101639,-0.0121636003372
257.0,23.5,0.0,0.0,0.0,0.0,0.0,0.0,0.258301848833,-0.0121730112241
257.0,24.0,0.0,0.0,0.0,0.0,0.0,0.0,0.258263704561,-0.012182404049
258.0,0.5,0.0,0.0,0.0,0.0,0.0,0.0,0.258225668113,-0.0121917789228
258.0,1.0,0.0,0.0,0.0,0.0,0.0,0.0,0.258187738786,-0.0122011359554
258.0,1.5,0.0,0.0,0.0,0.0,0.0,0.0,0.258149915882,-0.0122104752552
258.0,2.0,0.0,0.0,0.0,0.0,0.0,0.0,0.258112198714,-0.0122197969298
258.0,2.5,0.0,0.0,0.0,0.0,0.0,0.0,0.258074586599,-0.0122291010854
258.0,3.0,0.0,0.0,0.0,0.0,0.0,0.0,0.258037078863,-0.0122383878274
258.0,3.5,0.0,0.0,0.0,0.0,0.0,0.0,0.257999674839,-0.0122476572599
258.0,4.0,0.0,0.0,0.0,0.0,0.0,0.0,0.257962373866,-0.0122569094859
258.0,4.5,0.0,0.0,0.0,0.0,0.0,0.0,0.257925175291,-0.0122661446075
258.0,5.0,0.0,0.0,0.0,0.0,0.0,0.0,0.257888078467,-0.0122753627257
258.0,5.5,0.0,0.0,0.0,0.0,0.0,0.0,0.257851082754,-0.0122845639404
258.0,6.0,0.0,0.0,0.0,0.0,0.0,0.0,0.257814187519,-0.0122937483506
258,6.5,1.7970789342110338,0.05874898456492844,16.450834721157158,False,0.06975517367530072,0.0,0.2577773921329049,-0.012302916054231314
258,7.0,8.772219043678923,0.3090224873786284,32.689528800527285,False,0.32374344206980643,0.0,0.25773846645573417,-0.012312623395750294
258,7.5,10.841200769246818,0.6215913653691656,30.753183449847896,False,0.276079967192959,0.0,0.2576901415268961,-0.012324687436600031
258,8.0,12.367418817991135,0.9717614246528431,29.266641042209194,False,0.25440588807771913,0.0,0.25763005263184025,-0.012339707933651025
258,8.5,13.241895853880589,1.254038989607188,28.31261921299114,False,0.2424809189845781,0.0,0.25755677220552864,-0.012358055463979407
258,9.0,13.6641262075244,1.5204340366166373,27.423994054321938,False,0.22699365444507325,0.0,0.2574728761685621,-0.012379100792694258
258,9.5,13.85473161748246,1.728782307483884,26.72875264422877,False,0.21580823402557048,0.0,0.2573789666715352,-0.012402708670912534
258,10.0,13.889512515743755,1.8908250166440221,26.23563840573841,False,0.20652644716362692,0.0,0.2572772460023535,-0.012428340744468427
258,10.5,13.750054741975088,1.9350871060236674,26.052981255541688,False,0.2009613102334237,0.0,0.2571694708762158,-0.012455567343010465
258,11.0,13.65568784729263,1.9525364222899457,25.97564346881628,False,0.19822102552420978,0.0,0.25706011048883254,-0.012483267089224075
258,11.5,14.305523670341064,2.1404425137503424,25.662549240228856,False,0.20198527036180725,0.0,0.25695018181639717,-0.012511184776445894
258,12.0,13.637022788633969,2.1203074693646227,25.476126935089177,False,0.1893792510516692,0.0,0.25683321547135274,-0.012540971490365782
258,12.5,14.19983784599043,2.2371061565729957,25.322907631971255,False,0.1945846394686946,0.0,0.2567171060480379,-0.012570623586137749
258,13.0,13.664002007599485,2.325691736941852,24.903970249317258,False,0.18070310208745077,0.0,0.25659665636756285,-0.01260147241919385
258,13.5,14.101498442537288,2.3090874168800655,25.05182434859718,False,0.18774999025427752,0.0,0.25647293657046116,-0.012633252727497529
258,14.0,13.55008617769649,2.0109981133527213,25.629590550304393,False,0.18957550050543037,0.0,0.25634993806791245,-0.012664942460624135
258,14.5,12.232958749589875,1.7818459308603343,25.713187383187748,False,0.17241555852189705,0.0,0.25623834266569223,-0.012693776240676137
258,15.0,12.557197969636777,1.8723163006114205,25.652539057108164,False,0.1768411998569362,0.0,0.25613553367369524,-0.012720409050458384
258,15.5,10.054612214532272,1.4284947125155807,25.855785603452397,False,0.14352650909128767,0.0,0.2560293809075336,-0.012747977960416903
258,16.0,9.030968676693288,1.1346916195722374,26.58165230682497,False,0.1378960237271365,0.0,0.2559401601999126,-0.012771204526557297
258,16.5,11.560020768105215,1.4677816729956028,26.562216531924726,False,0.17618404883196187,0.0,0.2558621778416582,-0.012791546750512963
258,17.0,4.443594334445584,0.5396428843165645,26.758847131677847,False,0.06902426619349666,0.0,0.2557716427597519,-0.012815211884565877
258,17.5,2.6075736159085827,0.27536487045539854,13.743406819622288,False,0.043604049377618935,0.0,0.2557164180191396,-0.01282967279766543
258.0,18.0,0.0,0.0,0.0,0.0,0.0,0.0,0.255671309637,-0.0128414991127
258.0,18.5,0.0,0.0,0.0,0.0,0.0,0.0,0.255636737862,-0.0128505717796
258.0,19.0,0.0,0.0,0.0,0.0,0.0,0.0,0.255602252121,-0.0128596294784
258.0,19.5,0.0,0.0,0.0,0.0,0.0,0.0,0.255567851928,-0.0128686722877
258.0,20.0,0.0,0.0,0.0,0.0,0.0,0.0,0.255533536799,-0.0128777002852
258.0,20.5,0.0,0.0,0.0,0.0,0.0,0.0,0.255499306257,-0.0128867135481
258.0,21.0,0.0,0.0,0.0,0.0,0.0,0.0,0.255465159828,-0.0128957121527
258.0,21.5,0.0,0.0,0.0,0.0,0.0,0.0,0.255431097044,-0.0129046961748
258.0,22.0,0.0,0.0,0.0,0.0,0.0,0.0,0.25539711744,-0.0129136656894
258.0,22.5,0.0,0.0,0.0,0.0,0.0,0.0,0.255363220553,-0.0129226207708
258.0,23.0,0.0,0.0,0.0,0.0,0.0,0.0,0.25532940593,-0.0129315614928
258.0,23.5,0.0,0.0,0.0,0.0,0.0,0.0,0.255295673115,-0.0129404879283
258.0,24.0,0.0,0.0,0.0,0.0,0.0,0.0,0.255262021663,-0.0129494001499
259.0,0.5,0.0,0.0,0.0,0.0,0.0,0.0,0.255228451127,-0.0129582982292
259.0,1.0,0.0,0.0,0.0,0.0,0.0,0.0,0.255194961068,-0.0129671822375
259.0,1.5,0.0,0.0,0.0,0.0,0.0,0.0,0.255161551048,-0.0129760522451
259.0,2.0,0.0,0.0,0.0,0.0,0.0,0.0,0.255128220637,-0.0129849083221
259.0,2.5,0.0,0.0,0.0,0.0,0.0,0.0,0.255094969403,-0.0129937505378
259.0,3.0,0.0,0.0,0.0,0.0,0.0,0.0,0.255061796923,-0.0130025789608
259.0,3.5,0.0,0.0,0.0,0.0,0.0,0.0,0.255028702775,-0.0130113936592
259.0,4.0,0.0,0.0,0.0,0.0,0.0,0.0,0.254995686541,-0.0130201947006
259.0,4.5,0.0,0.0,0.0,0.0,0.0,0.0,0.254962747808,-0.0130289821519
259.0,5.0,0.0,0.0,0.0,0.0,0.0,0.0,0.254929886164,-0.0130377560796
259.0,5.5,0.0,0.0,0.0,0.0,0.0,0.0,0.255691633261,-0.0128361691483
259.0,6.0,0.0,0.0,0.0,0.0,0.0,0.0,0.255657641952,-0.0128450850091
259.0,6.5,0.0,0.0,0.0,0.0,0.0,0.0,0.255623734291,-0.0128539862817
259,7.0,6.3396551645799555,0.15510071986573148,33.78034588853498,False,0.3132367269306505,0.0,0.25558990980496177,-0.012862873042860086
259,7.5,9.053999943848165,0.23925454749239772,33.780345872652596,False,0.4473500899365084,0.0,0.2555502819615205,-0.012873293843187127
259,8.0,11.59277472341584,0.3301424712032027,33.780345865727895,False,0.5727886953055991,0.0,0.2555075427275294,-0.012884544111969522
259,8.5,12.510736562890887,0.3597785045313987,33.78034586409598,False,0.61814437390006,0.0,0.25546143608463784,-0.012896693923212361
259,9.0,5.391791086330285,0.15815535836468164,16.795330433660954,False,0.25158173927580196,0.0,0.25541428608341366,-0.012909132795656421
259,9.5,6.174235909523207,0.24332725140648118,16.282363064117416,False,0.22145171048349296,0.0,0.2553748685465227,-0.012919542700383958
259,10.0,6.028363151185851,0.31159861872067224,15.644281479816748,False,0.16790756891926617,0.0,0.25533229916954286,-0.01293079622025811
259,10.5,14.063990223249903,0.9273746048051882,30.241493633231137,False,0.3310351339019429,0.0,0.2552872188832959,-0.012942726252261866
259,11.0,15.15477894786493,1.3461113161462126,28.75890417870554,False,0.29531461840878526,0.0,0.25521884947614304,-0.012960844546103346
259,11.5,15.113590934726098,1.5047261664772758,28.072766194415394,False,0.26931901302242944,0.0,0.25513466814317737,-0.012983194621877458
259,12.0,15.054388327567617,1.793693095666099,26.994792384404512,False,0.2410811594856977,0.0,0.255044546064316,-0.013007172876549082
259,12.5,14.10337036918278,1.7826589442087002,26.73303813504132,False,0.2199733776682546,0.0,0.2549435359572139,-0.013034110784820963
259,13.0,14.331943242564973,1.7885046633434927,26.700863217246336,False,0.2213708906910576,0.0,0.25484302242377965,-0.013060982271116574
259,13.5,14.27282115232435,1.7491625126112444,26.837582935041226,False,0.22342361193735935,0.0,0.25474236445373083,-0.01308795854624645
259,14.0,13.03597576334421,1.5351239195330528,27.015534807528027,False,0.20769928211676902,0.0,0.2546432765080736,-0.013114578920626466
259,14.5,13.096558801184077,1.5873347543964609,26.879329076714214,False,0.20585629484760454,0.0,0.2545523878951932,-0.013139053254459958
259,15.0,10.271528783822458,1.1388734754636263,27.332874237192843,False,0.16902617963084546,0.0,0.2544595940537965,-0.013164096788241543
259,15.5,9.239367580316653,0.8861383796295151,28.130322354491796,False,0.16571074323320742,0.0,0.2543838950595594,-0.013184568834567213
259,16.0,8.682823677879968,0.865453051085455,27.919005390632275,False,0.152105115145563,0.0,0.25431786271182943,-0.013202457614227378
259,16.5,6.702491149479993,0.6792562087708487,27.817174393461986,False,0.1161117482418372,0.0,0.25425269033538045,-0.013220141783007686
259,17.0,2.937968643075372,0.2694863719860178,14.16016158087669,False,0.05384679422436601,0.0,0.25419465868938723,-0.013235912111691539
259,17.5,1.8750677186916804,0.15587509479836073,14.398544253401878,False,0.036363458126938794,0.0,0.2541522519672394,-0.01324745048119262
259.0,18.0,0.0,0.0,0.0,0.0,0.0,0.0,0.25411423058,-0.0132578058435
259.0,18.5,0.0,0.0,0.0,0.0,0.0,0.0,0.254082198055,-0.0132665375881
259.0,19.0,0.0,0.0,0.0,0.0,0.0,0.0,0.254050238559,-0.0132752562548
259.0,19.5,0.0,0.0,0.0,0.0,0.0,0.0,0.254018351718,-0.0132839619059
259.0,20.0,0.0,0.0,0.0,0.0,0.0,0.0,0.253986537156,-0.0132926546032
259.0,20.5,0.0,0.0,0.0,0.0,0.0,0.0,0.253954794504,-0.0133013344078
259.0,21.0,0.0,0.0,0.0,0.0,0.0,0.0,0.253923123395,-0.0133100013805
259.0,21.5,0.0,0.0,0.0,0.0,0.0,0.0,0.253891523464,-0.0133186555815
259.0,22.0,0.0,0.0,0.0,0.0,0.0,0.0,0.253859994351,-0.0133272970706
259.0,22.5,0.0,0.0,0.0,0.0,0.0,0.0,0.253828535698,-0.013335925907
259.0,23.0,0.0,0.0,0.0,0.0,0.0,0.0,0.253797147149,-0.0133445421495
259.0,23.5,0.0,0.0,0.0,0.0,0.0,0.0,0.253765828351,-0.0133531458564
259.0,24.0,0.0,0.0,0.0,0.0,0.0,0.0,0.253734578956,-0.0133617370856
260.0,0.5,0.0,0.0,0.0,0.0,0.0,0.0,0.253703398618,-0.0133703158943
260.0,1.0,0.0,0.0,0.0,0.0,0.0,0.0,0.253672286991,-0.0133788823396
260.0,1.5,0.0,0.0,0.0,0.0,0.0,0.0,0.253641243737,-0.0133874364778
260.0,2.0,0.0,0.0,0.0,0.0,0.0,0.0,0.253610268515,-0.0133959783649
260.0,2.5,0.0,0.0,0.0,0.0,0.0,0.0,0.253579360992,-0.0134045080566
260.0,3.0,0.0,0.0,0.0,0.0,0.0,0.0,0.253548520833,-0.0134130256079
260.0,3.5,0.0,0.0,0.0,0.0,0.0,0.0,0.25351774771,-0.0134215310736
260.0,4.0,0.0,0.0,0.0,0.0,0.0,0.0,0.253487041294,-0.0134300245079
260.0,4.5,0.0,0.0,0.0,0.0,0.0,0.0,0.25345640126,-0.0134385059645
260.0,5.0,0.0,0.0,0.0,0.0,0.0,0.0,0.253425827288,-0.0134469754971
260.0,5.5,0.0,0.0,0.0,0.0,0.0,0.0,0.253395319056,-0.0134554331584
260.0,6.0,0.0,0.0,0.0,0.0,0.0,0.0,0.253364876247,-0.0134638790012
260.0,6.5,0.0,0.0,0.0,0.0,0.0,0.0,0.253334498547,-0.0134723130777
260.0,7.0,0.0,0.0,0.0,0.0,0.0,0.0,0.253304185644,-0.0134807354395
260.0,7.5,0.0,0.0,0.0,0.0,0.0,0.0,0.253273937227,-0.0134891461381
260,8.0,3.2376522294873746,0.1497532459573278,15.804514846667955,False,0.09553874134780135,0.0,0.25324375298914925,-0.013497545224484798
260,8.5,3.8379638213021967,0.1840372424278675,15.734695756031051,False,0.11039368217285854,0.0,0.25320794949765063,-0.013507516008726241
260,9.0,5.092606231813705,0.25131060655674403,15.746493922038239,False,0.14710936550593867,0.0,0.253170908501706,-0.013517840658541985
260,9.5,6.101409793563537,0.3162617655659838,15.701112502869,False,0.17339278336344494,0.0,0.25313137775622824,-0.013528869664431783
260,10.0,6.423674166679086,0.3586482090018026,15.556835743708554,False,0.1736022176325955,0.0,0.2530894450909286,-0.013540580521952443
260,10.5,13.401026515034301,0.8924119487239592,30.123659076875253,False,0.3100251501556754,0.0,0.2530459665401819,-0.013552735867312675
260,11.0,14.201416142854104,1.049016902137784,29.640645994436333,False,0.3069786840340104,0.0,0.25298229406765466,-0.013570560318845236
260,11.5,14.271121291022165,1.0990193287260508,29.415630757918212,False,0.29933320059020685,0.0,0.2529127405394854,-0.013590063041088436
260,12.0,14.846954928790684,1.19121354942298,29.246789991449056,False,0.30462960191006827,0.0,0.2528413512282655,-0.013610115253110854
260,12.5,14.651057941883373,1.2707182424910124,28.81642925958556,False,0.2848015871534486,0.0,0.25276652467244626,-0.013631170787807324
260,13.0,14.542333332995248,1.371630999917268,28.36357721757996,False,0.26786530192600866,0.0,0.252688742156579,-0.01365309925803386
260,13.5,13.389876419182801,1.3599926344293216,28.071279580215034,False,0.24028071399253903,0.0,0.2526071909660857,-0.01367613534441672
260,14.0,13.462775554278966,1.3489390654648292,27.968696696200716,False,0.23713760918996807,0.0,0.2525261421334618,-0.01369907542482727
260,14.5,12.828737542662694,1.3281957026489233,27.77592256557287,False,0.22124692270811952,0.0,0.2524455731915876,-0.013721925131752492
260,15.0,11.21257545938694,1.1635990134059528,27.72317842725914,False,0.1922748286020049,0.0,0.25236585159623104,-0.013744579237738247
260,15.5,2.822635695011899,0.24225102907650684,14.369431062528633,False,0.05435396261657745,0.0,0.2522924363050372,-0.01376548073505286
260,16.0,1.978856897122112,0.13380237180155902,14.966014953805754,False,0.044538535790572285,0.0,0.2522540457249112,-0.013776425697989923
260.0,16.5,0.0,0.0,0.0,0.0,0.0,0.0,0.252219830104,-0.0137861891404
260,17.0,2.4618484484022023,0.16587467123906113,14.93320637026981,False,0.05489965163608031,0.0,0.252190751353308,-0.013794493255819409
260.0,17.5,0.0,0.0,0.0,0.0,0.0,0.0,0.252155436484,-0.0138045862556
260.0,18.0,0.0,0.0,0.0,0.0,0.0,0.0,0.252126475109,-0.0138128699921
260.0,18.5,0.0,0.0,0.0,0.0,0.0,0.0,0.252097572037,-0.0138211429578
260.0,19.0,0.0,0.0,0.0,0.0,0.0,0.0,0.252068727013,-0.0138294051947
260.0,19.5,0.0,0.0,0.0,0.0,0.0,0.0,0.252039939786,-0.0138376567446
260.0,20.0,0.0,0.0,0.0,0.0,0.0,0.0,0.252011210104,-0.013845897649
260.0,20.5,0.0,0.0,0.0,0.0,0.0,0.0,0.251982537718,-0.013854127949
260.0,21.0,0.0,0.0,0.0,0.0,0.0,0.0,0.251953922381,-0.0138623476856
260.0,21.5,0.0,0.0,0.0,0.0,0.0,0.0,0.251925363848,-0.0138705568994
260.0,22.0,0.0,0.0,0.0,0.0,0.0,0.0,0.251896861874,-0.0138787556307
260.0,22.5,0.0,0.0,0.0,0.0,0.0,0.0,0.251868416218,-0.0138869439198
260.0,23.0,0.0,0.0,0.0,0.0,0.0,0.0,0.251840026638,-0.0138951218064
260.0,23.5,0.0,0.0,0.0,0.0,0.0,0.0,0.251811692896,-0.0139032893301
260.0,24.0,0.0,0.0,0.0,0.0,0.0,0.0,0.251783414754,-0.0139114465303
261.0,0.5,0.0,0.0,0.0,0.0,0.0,0.0,0.251755191977,-0.0139195934459
261.0,1.0,0.0,0.0,0.0,0.0,0.0,0.0,0.25172702433,-0.013927730116
261.0,1.5,0.0,0.0,0.0,0.0,0.0,0.0,0.251698911582,-0.0139358565788
261.0,2.0,0.0,0.0,0.0,0.0,0.0,0.0,0.2516708535,-0.0139439728729
261.0,2.5,0.0,0.0,0.0,0.0,0.0,0.0,0.251642849856,-0.0139520790363
261.0,3.0,0.0,0.0,0.0,0.0,0.0,0.0,0.251614900422,-0.0139601751067
261.0,3.5,0.0,0.0,0.0,0.0,0.0,0.0,0.251587004971,-0.0139682611218
261.0,4.0,0.0,0.0,0.0,0.0,0.0,0.0,0.251559163278,-0.0139763371189
261.0,4.5,0.0,0.0,0.0,0.0,0.0,0.0,0.25153137512,-0.013984403135
261.0,5.0,0.0,0.0,0.0,0.0,0.0,0.0,0.251503640275,-0.0139924592071
261.0,5.5,0.0,0.0,0.0,0.0,0.0,0.0,0.251475958523,-0.0140005053717
261.0,6.0,0.0,0.0,0.0,0.0,0.0,0.0,0.251448329644,-0.0140085416653
261.0,6.5,0.0,0.0,0.0,0.0,0.0,0.0,0.251420753422,-0.014016568124
261.0,7.0,0.0,0.0,0.0,0.0,0.0,0.0,0.251393229639,-0.0140245847838
261,7.5,2.4364099067162406,0.0766348511165365,16.477748142270848,False,0.09582997521111077,0.0,0.25136575808199324,-0.014032591680329609
261,8.0,3.181208669998821,0.10694654164718785,16.403578670139247,False,0.12069793815625417,0.0,0.2513354302477424,-0.014041437397389327
261,8.5,4.433126540244731,0.16780263075853044,16.268090523614873,False,0.15798644141591128,0.0,0.2513040038862851,-0.014050610531769085
261,9.0,5.2873121579622,0.24847643834087224,15.874933663147818,False,0.16020679556442466,0.0,0.2512703196287148,-0.014060450659423624
261,9.5,5.759075068595375,0.3248439629747964,15.469080765340433,False,0.1511348573746919,0.0,0.25123362518449477,-0.014071179493868831
261,10.0,11.835892269563018,0.7704827296037384,30.17967481765337,False,0.27606552910905957,0.0,0.25119408376913105,-0.01408275165506807
261,10.5,13.323187902869034,0.9933561373282958,29.544445274347396,False,0.28427878509197085,0.0,0.2511376813515488,-0.014099277973754902
261,11.0,14.73107152737822,1.3170729558594783,28.646202294339478,False,0.2836579611026554,0.0,0.2510728716609443,-0.014118296223772343
261,11.5,13.07900414927369,1.3023645568113966,27.96453514431688,False,0.23027163022979033,0.0,0.25099582749183635,-0.014140944432232324
261,12.0,6.523648552471279,0.6674429048522236,13.912042807650801,False,0.11309866083099207,0.0,0.2509193918624933,-0.01416345654144691
261,12.5,6.138055269236461,0.5661997016607191,14.190888742518563,False,0.1132998541126144,0.0,0.2508671016345668,-0.014178881856093681
261,13.0,13.021817790481798,1.2184811530730661,28.321607900734524,False,0.23869790386144019,0.0,0.25081870354025154,-0.01419317685376997
261,13.5,13.354918376646749,1.402139554644142,27.69282662627657,False,0.22826519292370934,0.0,0.25074560116093914,-0.014214801148891308
261,14.0,4.781058079611312,0.4520013003857357,14.10964954667003,False,0.08661858650846403,0.0,0.2506655785225212,-0.014238517534930014
261,14.5,2.3046445190821037,0.19929374688994003,14.327503065939258,False,0.043933335246668606,0.0,0.2506216629569958,-0.01425155286846667
261,15.0,2.5787333068265426,0.20663521302641158,14.496466568492181,False,0.05123293381895582,0.0,0.2505873868132891,-0.014261736840223985
261,15.5,2.5846146086290176,0.19824992519732493,14.565937163794674,False,0.05225655295948644,0.0,0.25055288105415746,-0.014271997793541366
261,16.0,2.5798038886222256,0.20153715447771725,14.593889476488478,False,0.05253254267568617,0.0,0.2505187423201272,-0.014282158262208073
261,16.5,4.028027092658332,0.31262883513639683,14.528838493071474,False,0.08067910904267184,0.0,0.250484527452002,-0.01429235003855245
261,17.0,2.6016515714076776,0.20652191049834331,14.463829889123106,False,0.05127030803717007,0.0,0.2504461450897841,-0.014303793524678166
261.0,17.5,0.0,0.0,0.0,0.0,0.0,0.0,0.250411837724,-0.0143140313143
261.0,18.0,0.0,0.0,0.0,0.0,0.0,0.0,0.250385415914,-0.0143219218971
261.0,18.5,0.0,0.0,0.0,0.0,0.0,0.0,0.250359041982,-0.0143298033509
261.0,19.0,0.0,0.0,0.0,0.0,0.0,0.0,0.250332715744,-0.014337675706
261.0,19.5,0.0,0.0,0.0,0.0,0.0,0.0,0.250306437021,-0.0143455389923
261.0,20.0,0.0,0.0,0.0,0.0,0.0,0.0,0.250280205632,-0.0143533932398
261.0,20.5,0.0,0.0,0.0,0.0,0.0,0.0,0.250254021399,-0.0143612384781
261.0,21.0,0.0,0.0,0.0,0.0,0.0,0.0,0.250227884145,-0.0143690747368
261.0,21.5,0.0,0.0,0.0,0.0,0.0,0.0,0.250201793692,-0.0143769020452
261.0,22.0,0.0,0.0,0.0,0.0,0.0,0.0,0.250175749865,-0.0143847204326
261.0,22.5,0.0,0.0,0.0,0.0,0.0,0.0,0.25014975249,-0.014392529928
261.0,23.0,0.0,0.0,0.0,0.0,0.0,0.0,0.250123801392,-0.0144003305604
261.0,23.5,0.0,0.0,0.0,0.0,0.0,0.0,0.250097896401,-0.0144081223584
261.0,24.0,0.0,0.0,0.0,0.0,0.0,0.0,0.250072037343,-0.0144159053506
262.0,0.5,0.0,0.0,0.0,0.0,0.0,0.0,0.250046224048,-0.0144236795655
262.0,1.0,0.0,0.0,0.0,0.0,0.0,0.0,0.250020456348,-0.0144314450314
262.0,1.5,0.0,0.0,0.0,0.0,0.0,0.0,0.249994734073,-0.0144392017763
262.0,2.0,0.0,0.0,0.0,0.0,0.0,0.0,0.249969057056,-0.0144469498283
262.0,2.5,0.0,0.0,0.0,0.0,0.0,0.0,0.249943425129,-0.0144546892151
262.0,3.0,0.0,0.0,0.0,0.0,0.0,0.0,0.249917838129,-0.0144624199644
262.0,3.5,0.0,0.0,0.0,0.0,0.0,0.0,0.249892295889,-0.0144701421037
262.0,4.0,0.0,0.0,0.0,0.0,0.0,0.0,0.249866798246,-0.0144778556604
262.0,4.5,0.0,0.0,0.0,0.0,0.0,0.0,0.249841345037,-0.0144855606617
262.0,5.0,0.0,0.0,0.0,0.0,0.0,0.0,0.2498159361,-0.0144932571348
262.0,5.5,0.0,0.0,0.0,0.0,0.0,0.0,0.249790571274,-0.0145009451065
262.0,6.0,0.0,0.0,0.0,0.0,0.0,0.0,0.2497652504,-0.0145086246036
262.0,6.5,0.0,0.0,0.0,0.0,0.0,0.0,0.249739973317,-0.0145162956528
262.0,7.0,0.0,0.0,0.0,0.0,0.0,0.0,0.249714739868,-0.0145239582806
262.0,7.5,0.0,0.0,0.0,0.0,0.0,0.0,0.249689549895,-0.0145316125134
262,8.0,2.621267223272407,0.1050015371866468,16.069598606471335,False,0.08578661918788108,0.0,0.24966440324094327,-0.01453925837732473
262,8.5,3.981321360775911,0.16410400818932033,16.060401424006706,False,0.12980610747142662,0.0,0.249635314948221,-0.01454810868024837
262,9.0,4.738558630540911,0.21933040265425663,15.854103357071732,False,0.14244907968753934,0.0,0.24960402672883666,-0.014557635491597002
262,9.5,5.633679249722288,0.31120710131548934,15.50663016087637,False,0.14969869119668353,0.0,0.24957068552579997,-0.014567795588761303
262,10.0,11.690292153163856,0.7881444820750658,30.010080448897583,False,0.26605378833337,0.0,0.24953390030894695,-0.014579014988050577
262,10.5,11.40152143027313,0.8654227279499853,14.69099061104602,False,0.23808773916325554,0.0,0.2494790578929589,-0.014595760910063033
262,11.0,11.757674005923265,0.9521961024344847,29.073633329500844,False,0.23597365269787818,0.0,0.2494213251704954,-0.014613414143622149
262,11.5,12.443184987360649,1.1045587165443262,28.5972330093493,False,0.23557299101434714,0.0,0.24936034165186755,-0.014632089025507295
262,12.0,12.313927956791423,1.1568782103425908,28.2844848223055,False,0.2247604038468985,0.0,0.24929361807983166,-0.014652554259401965
262,12.5,12.614287953488363,1.2345405119694046,28.063041505576095,False,0.22453769423307446,0.0,0.24922495093786923,-0.014673651237867173
262,13.0,13.377579294683336,1.4060514215898643,27.68610864297448,False,0.22848759435181443,0.0,0.24915337832102794,-0.01469567941412976
262,13.5,13.299345550996094,1.485078075170827,27.343258278190223,False,0.2190866491675585,0.0,0.24907533853387853,-0.014719742933339393
262,14.0,11.72741406774672,1.269260927215203,27.481991942712604,False,0.19600739156119412,0.0,0.24899434120483338,-0.014744768075709408
262,14.5,10.935754730971574,1.1675162437371482,27.552119934164608,False,0.18413258366933444,0.0,0.24892157549792562,-0.014767293191502781
262,15.0,8.909425468633493,0.9838569430631089,27.34325835879362,False,0.14676934022402482,0.0,0.24885271222693964,-0.014788648051872468
262,15.5,7.381880966234954,0.7660609761269976,27.681076666596447,False,0.1260136386583429,0.0,0.24879085990652713,-0.014807860152012726
262,16.0,4.19174267140252,0.4213154780258554,13.916080943239598,False,0.07273508209012786,0.0,0.2487373138816051,-0.01482451623287358
262,16.5,1.6918885545750935,0.15493303004406625,14.203625407119869,False,0.03132245980671519,0.0,0.24869689174158108,-0.014837104772141623
262.0,17.0,0.0,0.0,0.0,0.0,0.0,0.0,0.248666619475,-0.01484654071
262.0,17.5,0.0,0.0,0.0,0.0,0.0,0.0,0.248642267444,-0.0148541364855
262.0,18.0,0.0,0.0,0.0,0.0,0.0,0.0,0.248617955814,-0.0148617242791
262.0,18.5,0.0,0.0,0.0,0.0,0.0,0.0,0.248593684447,-0.0148693041131
262.0,19.0,0.0,0.0,0.0,0.0,0.0,0.0,0.248569453208,-0.0148768760103
262.0,19.5,0.0,0.0,0.0,0.0,0.0,0.0,0.248545261965,-0.0148844399929
262.0,20.0,0.0,0.0,0.0,0.0,0.0,0.0,0.248521110582,-0.0148919960833
262.0,20.5,0.0,0.0,0.0,0.0,0.0,0.0,0.248496998928,-0.0148995443038
262.0,21.0,0.0,0.0,0.0,0.0,0.0,0.0,0.248472926869,-0.0149070846764
262.0,21.5,0.0,0.0,0.0,0.0,0.0,0.0,0.248448894275,-0.0149146172231
262.0,22.0,0.0,0.0,0.0,0.0,0.0,0.0,0.248424901013,-0.0149221419659
262.0,22.5,0.0,0.0,0.0,0.0,0.0,0.0,0.248400946955,-0.0149296589266
262.0,23.0,0.0,0.0,0.0,0.0,0.0,0.0,0.248377031969,-0.0149371681268
262.0,23.5,0.0,0.0,0.0,0.0,0.0,0.0,0.248353155928,-0.0149446695883
262.0,24.0,0.0,0.0,0.0,0.0,0.0,0.0,0.248329318703,-0.0149521633325
263.0,0.5,0.0,0.0,0.0,0.0,0.0,0.0,0.248305520166,-0.0149596493809
263.0,1.0,0.0,0.0,0.0,0.0,0.0,0.0,0.24828176019,-0.0149671277548
263.0,1.5,0.0,0.0,0.0,0.0,0.0,0.0,0.248258038648,-0.0149745984755
263.0,2.0,0.0,0.0,0.0,0.0,0.0,0.0,0.248234355415,-0.014982061564
263.0,2.5,0.0,0.0,0.0,0.0,0.0,0.0,0.248210710366,-0.0149895170415
263.0,3.0,0.0,0.0,0.0,0.0,0.0,0.0,0.248187103375,-0.0149969649289
263.0,3.5,0.0,0.0,0.0,0.0,0.0,0.0,0.24816353432,-0.015004405247
263.0,4.0,0.0,0.0,0.0,0.0,0.0,0.0,0.248140003075,-0.0150118380167
263.0,4.5,0.0,0.0,0.0,0.0,0.0,0.0,0.24811650952,-0.0150192632586
263.0,5.0,0.0,0.0,0.0,0.0,0.0,0.0,0.248093053531,-0.0150266809933
263.0,5.5,0.0,0.0,0.0,0.0,0.0,0.0,0.248069634986,-0.0150340912414
263.0,6.0,0.0,0.0,0.0,0.0,0.0,0.0,0.248046253766,-0.0150414940231
263.0,6.5,0.0,0.0,0.0,0.0,0.0,0.0,0.248022909749,-0.0150488893589
263.0,7.0,0.0,0.0,0.0,0.0,0.0,0.0,0.247999602815,-0.015056277269
263,7.5,3.3576099945607947,0.15201026856273092,15.890720250783758,False,0.10235189031746106,0.0,0.24797633284608023,-0.015063657773537064
263,8.0,6.60744203281249,0.3420613120532603,31.227188240437812,False,0.18207999056927138,0.0,0.24794733094067734,-0.015072862303485325
263,8.5,10.856196709371915,0.6543110738873718,30.522363947922322,False,0.26661060487204363,0.0,0.24791115333541627,-0.01508435362878446
263,9.0,11.448738202448455,0.8957972691784932,29.23492330887889,False,0.2345460558386822,0.0,0.24786316247766793,-0.015099613385035404
263,9.5,13.83135257375497,1.2763309093081392,28.501904922317166,False,0.2589162606145754,0.0,0.24780604372432463,-0.015117799537857041
263,10.0,13.733656415347522,1.4283948380432407,27.756001999338164,False,0.23634291871241186,0.0,0.2477345201158174,-0.015140608894429619
263,10.5,14.272839035376071,1.555809889562864,27.57391183947196,False,0.24087688714021305,0.0,0.24765726195068805,-0.015165293121912221
263,11.0,14.375655839354849,1.7010120846458945,27.07800569671781,False,0.230486213308741,0.0,0.24757520453807094,-0.015191563252290544
263,11.5,14.106098091727002,1.8036720576836462,26.61731620175565,False,0.21759639225909486,0.0,0.24748767274315578,-0.015219645758651906
263,12.0,13.329268156389038,1.7641760263625512,26.453729270129724,False,0.20229802588870732,0.0,0.24739628092837734,-0.015249032690311054
263,12.5,13.946328074850973,1.8380997548383822,26.375459761434282,False,0.20881706643323972,0.0,0.24730642379504533,-0.015277992083299104
263,13.0,5.911566348968527,0.6943416118762369,13.505586533204953,False,0.09414653430191618,0.0,0.24721379695817658,-0.015307912718166542
263,13.5,5.821658594383596,0.6437815343425879,13.685182091239456,False,0.09617299217014837,0.0,0.24716461127271258,-0.015323829223406483
263,14.0,5.075287714363802,0.5283353937115098,13.846693384587342,False,0.0867531511424976,0.0,0.2471173798187345,-0.015339131900409782
263,14.5,4.725027285041921,0.4488753549495195,14.103374902567953,False,0.0854813057436149,0.0,0.24707456491058127,-0.015353019381558239
263,15.0,3.7781303757583116,0.36139708355981415,14.075350841205381,False,0.06791791728108726,0.0,0.24703480076969506,-0.0153659307325738
263,15.5,2.64827787397444,0.23468172871462872,14.268412859625855,False,0.04977904025005214,0.0,0.2469983915803575,-0.015377764083572536
263,16.0,7.055522389025103,0.6087336575827467,28.621214395536406,False,0.1339566719886477,0.0,0.24696682628121425,-0.015388031909718089
263,16.5,3.634642939231034,0.3232065066902428,14.213142937324063,False,0.06743867191845886,0.0,0.24692110067325856,-0.015402920411366037
263,17.0,2.397059130781942,0.21103238977791305,14.247610341618223,False,0.044836525236687574,0.0,0.24688624564331882,-0.015414280923674023
263,17.5,2.9880166220942757,0.24672001690328127,14.403553208382904,False,0.05801789240748443,0.0,0.24685568234757008,-0.01542425082086022
263.0,18.0,0.0,0.0,0.0,0.0,0.0,0.0,0.246823799336,-0.015434659405
263.0,18.5,0.0,0.0,0.0,0.0,0.0,0.0,0.24680131386,-0.0154420050855
263.0,19.0,0.0,0.0,0.0,0.0,0.0,0.0,0.246778862804,-0.0154493436776
263.0,19.5,0.0,0.0,0.0,0.0,0.0,0.0,0.246756446065,-0.0154566751987
263.0,20.0,0.0,0.0,0.0,0.0,0.0,0.0,0.246734063541,-0.0154639996659
263.0,20.5,0.0,0.0,0.0,0.0,0.0,0.0,0.246711715129,-0.0154713170965
263.0,21.0,0.0,0.0,0.0,0.0,0.0,0.0,0.246689400728,-0.0154786275078
263.0,21.5,0.0,0.0,0.0,0.0,0.0,0.0,0.246667120236,-0.0154859309166
263.0,22.0,0.0,0.0,0.0,0.0,0.0,0.0,0.246644873552,-0.0154932273402
263.0,22.5,0.0,0.0,0.0,0.0,0.0,0.0,0.246622660577,-0.0155005167954
263.0,23.0,0.0,0.0,0.0,0.0,0.0,0.0,0.246600481209,-0.0155077992991
263.0,23.5,0.0,0.0,0.0,0.0,0.0,0.0,0.24657833535,-0.0155150748682
263.0,24.0,0.0,0.0,0.0,0.0,0.0,0.0,0.2465562229,-0.0155223435195
264.0,0.5,0.0,0.0,0.0,0.0,0.0,0.0,0.24653414376,-0.0155296052697
264.0,1.0,0.0,0.0,0.0,0.0,0.0,0.0,0.246512097833,-0.0155368601354
264.0,1.5,0.0,0.0,0.0,0.0,0.0,0.0,0.24649008502,-0.0155441081333
264.0,2.0,0.0,0.0,0.0,0.0,0.0,0.0,0.246468105224,-0.0155513492799
264.0,2.5,0.0,0.0,0.0,0.0,0.0,0.0,0.246446158348,-0.0155585835917
264.0,3.0,0.0,0.0,0.0,0.0,0.0,0.0,0.246424244295,-0.015565811085
264.0,3.5,0.0,0.0,0.0,0.0,0.0,0.0,0.246402362969,-0.0155730317763
264.0,4.0,0.0,0.0,0.0,0.0,0.0,0.0,0.246380514274,-0.0155802456819
264.0,4.5,0.0,0.0,0.0,0.0,0.0,0.0,0.246358698115,-0.015587452818
264.0,5.0,0.0,0.0,0.0,0.0,0.0,0.0,0.246336914396,-0.0155946532008
264.0,5.5,0.0,0.0,0.0,0.0,0.0,0.0,0.246315163024,-0.0156018468464
264.0,6.0,0.0,0.0,0.0,0.0,0.0,0.0,0.246293443903,-0.0156090337709
264.0,6.5,0.0,0.0,0.0,0.0,0.0,0.0,0.24627175694,-0.0156162139904
264.0,7.0,0.0,0.0,0.0,0.0,0.0,0.0,0.246250102042,-0.0156233875207
264,7.5,2.40230038124645,0.08113012173146303,16.37896679008153,False,0.09008782532669396,0.0,0.2462284791155807,-0.015630554377827777
264,8.0,3.5799219033710665,0.1272909766294498,16.344764401392652,False,0.13211893519389212,0.0,0.24620380918392412,-0.015638735940590492
264,8.5,3.858575169207697,0.1495008898738346,16.17160778800921,False,0.13181264999762154,0.0,0.24617741923681027,-0.01564749358030928
264,9.0,10.024123558272272,0.471934233178598,15.809556053635891,False,0.29635259182806556,0.0,0.2461502181193955,-0.015656526527215494
264,9.5,11.283134707019983,0.7243043418563281,30.228453149047375,False,0.26506851513985286,0.0,0.24611081227636813,-0.015669623441680467
264,10.0,13.392736705680807,1.026916989887914,29.42470388670197,False,0.28124575574603405,0.0,0.24606186051286774,-0.015685911219809764
264,10.5,13.40802520518292,1.2163651186690672,28.51463266795396,False,0.25136825460117923,0.0,0.24600145603651216,-0.015706037484467354
264,11.0,13.633340665424189,1.2527499941445621,28.452012556805276,False,0.2537199814524334,0.0,0.2459338933449683,-0.01572858527121619
264,11.5,14.234541376828219,1.4041468665271142,28.11248810571863,False,0.25478833685671387,0.0,0.2458649810913835,-0.01575162319161062
264,12.0,13.988207551422402,1.42517290208443,27.894944960368477,False,0.24439693305314283,0.0,0.2457903544874151,-0.015776616824623547
264,12.5,13.442249937410217,1.4016300719823234,27.73899512087018,False,0.2309032853816423,0.0,0.2457149610113307,-0.01580191529269882
264,13.0,13.685503932187,1.4275747500226512,27.759979260355728,False,0.23561563555212844,0.0,0.24564049196157003,-0.01582695103062285
264,13.5,13.03952125079876,1.3414588476258593,27.81084827792631,False,0.22573686181602132,0.0,0.2455650692025808,-0.01585235558280969
264,14.0,12.527307664080116,1.2913412979309327,27.789632505584258,False,0.21636999913492105,0.0,0.2454929453411189,-0.01587669442867574
264,14.5,4.709243689787684,0.4170152738305736,14.306488818372562,False,0.08932224314019785,0.0,0.24542275415555886,-0.015900423837333116
264.0,15.0,0.0,0.0,0.0,0.0,0.0,0.0,0.246975665453,-0.0153851558062
264,15.5,3.314749736770234,0.14695304707185372,15.947517589591103,False,0.1032937987909853,0.0,0.2469527949610638,-0.015392598758084877
264,16.0,9.394330203888837,0.489846917670445,31.398152788823104,False,0.26677849690995636,0.0,0.2469243850445564,-0.015401850430605947
264,16.5,8.153589331961618,0.5381783907525515,30.087705277416276,False,0.18764752593236664,0.0,0.2468829996330702,-0.015415339423651865
264,17.0,3.078925225573871,0.2274977187229346,14.705756536565945,False,0.06454464341262546,0.0,0.24683981722861428,-0.015429429129799672
264.0,17.5,0.0,0.0,0.0,0.0,0.0,0.0,0.246808462198,-0.0154396693749
264.0,18.0,0.0,0.0,0.0,0.0,0.0,0.0,0.246785777629,-0.0154470829812
264.0,18.5,0.0,0.0,0.0,0.0,0.0,0.0,0.24676312987,-0.015454488789
264.0,19.0,0.0,0.0,0.0,0.0,0.0,0.0,0.246740518797,-0.0154618868207
264.0,19.5,0.0,0.0,0.0,0.0,0.0,0.0,0.246717944289,-0.0154692770989
264.0,20.0,0.0,0.0,0.0,0.0,0.0,0.0,0.253848264157,-0.0133305137835
264.0,20.5,0.0,0.0,0.0,0.0,0.0,0.0,0.253816268118,-0.0133392926018
264.0,21.0,0.0,0.0,0.0,0.0,0.0,0.0,0.253784358396,-0.0133480545986
264.0,21.5,0.0,0.0,0.0,0.0,0.0,0.0,0.253752534437,-0.0133567998766
264.0,22.0,0.0,0.0,0.0,0.0,0.0,0.0,0.253720795693,-0.0133655285376
264.0,22.5,0.0,0.0,0.0,0.0,0.0,0.0,0.253689141622,-0.013374240682
264.0,23.0,0.0,0.0,0.0,0.0,0.0,0.0,0.254452148014,-0.013166108816
264.0,23.5,0.0,0.0,0.0,0.0,0.0,0.0,0.254419423565,-0.0131749557805
264.0,24.0,0.0,0.0,0.0,0.0,0.0,0.0,0.254386790195,-0.0131837851763
265.0,0.5,0.0,0.0,0.0,0.0,0.0,0.0,0.254354247299,-0.0131925971151
265.0,1.0,0.0,0.0,0.0,0.0,0.0,0.0,0.254321794278,-0.013201391707
265.0,1.5,0.0,0.0,0.0,0.0,0.0,0.0,0.254289430539,-0.0132101690612
265.0,2.0,0.0,0.0,0.0,0.0,0.0,0.0,0.254257155496,-0.0132189292857
265.0,2.5,0.0,0.0,0.0,0.0,0.0,0.0,0.254224968571,-0.0132276724873
265.0,3.0,0.0,0.0,0.0,0.0,0.0,0.0,0.254192869188,-0.0132363987718
265.0,3.5,0.0,0.0,0.0,0.0,0.0,0.0,0.254160856781,-0.0132451082438
265.0,4.0,0.0,0.0,0.0,0.0,0.0,0.0,0.254923494128,-0.0130394635454
265.0,4.5,0.0,0.0,0.0,0.0,0.0,0.0,0.25489040308,-0.0130483072174
265.0,5.0,0.0,0.0,0.0,0.0,0.0,0.0,0.25485740553,-0.0130571330191
265.0,5.5,0.0,0.0,0.0,0.0,0.0,0.0,0.254824500843,-0.0130659410663
265.0,6.0,0.0,0.0,0.0,0.0,0.0,0.0,0.254791688395,-0.0130747314734
265.0,6.5,0.0,0.0,0.0,0.0,0.0,0.0,0.254758967566,-0.0130835043536
265,7.0,2.373213999323368,0.06109322145436492,16.877014506694696,False,0.11630771591354332,0.0,0.2547263377424141,-0.013092259819087236
265,7.5,8.78638751509123,0.22959947809431538,33.73952648608344,False,0.4286925519253072,0.0,0.25469147983483786,-0.013101620853381958
265,8.0,9.540001796725234,0.2651958170016866,33.57976587896735,False,0.44371987583608774,0.0,0.254650316924229,-0.013112685356855816
265,8.5,12.282149006391297,0.41940511503341193,33.15789425160318,False,0.5085355402765201,0.0,0.2546078923421172,-0.013124100647341605
265,9.0,13.140889049192733,0.6634804404929181,31.63501390262829,False,0.38964796200408464,0.0,0.2545597041459921,-0.013137081133848035
265,9.5,13.40991873318983,0.8711864082607393,30.45586471160877,False,0.3285581813970013,0.0,0.2545023413441538,-0.013152552937911064
265,10.0,5.251851130047615,0.2860477967643517,15.506630163286301,False,0.13955271602775515,0.11332473647226433,0.25999806117209856,-0.011763916775658776
265,10.5,13.259061687815906,0.6397190573145517,31.736422356385475,False,0.4007264592683543,0.3865376647667318,0.2599410913287104,-0.01177738839557962
265,11.0,12.764695409530656,0.6359095309178996,31.480476472105636,False,0.36789605295806166,0.7807393823349723,0.2741458094784775,-0.008920091039630717
265,11.5,13.99867383308083,0.594208219962486,32.47799041485294,False,0.49246081364116207,1.3183368328110079,0.274011608372304,-0.008942931367894707
265,12.0,14.104118898112562,0.7909517840896412,31.23366940616934,False,0.38910130224909234,1.5611050112779765,0.27385927516247477,-0.008968942180454235
265,12.5,13.815669865999084,0.7635873268146028,31.184694084869157,False,0.37793372026048233,1.3405995643882174,0.27448384600813147,-0.00886286631329138
265,13.0,13.392476201304863,0.9527512639367344,30.175497152717647,False,0.3141409686234833,2.2954500826472235,0.27432271400186253,-0.008890088917993927
265,13.5,13.2571384539305,1.1718125439933638,28.76007542611185,False,0.2559427402700616,1.3347424008733664,0.2749117242486694,-0.008791058641985289
265,14.0,12.196385617885799,0.7462548985495681,30.545062235484053,False,0.30057672500912025,0.7518194624924772,0.27552658054333096,-0.008689081703418295
265,14.5,12.747727814577882,1.0793331630148009,29.050018372995346,False,0.2561822546381124,1.782784596047526,0.27538466817772217,-0.008712492905905499
265,15.0,12.40113670671428,1.1703989110443658,28.432868126855986,False,0.2302726198150192,1.5452206940537931,0.27519175540347307,-0.008744438254734236
265,15.5,12.439160907673251,1.254649117456139,28.021338244409034,False,0.22039195264649858,1.4407665433828314,0.27500515064361,-0.00877547190324808
265,16.0,4.853609280223326,0.29724997219190613,15.212213732305901,False,0.11742146608352812,0.18514231738812129,0.2764055091326868,-0.008545743482822983
265,16.5,8.253905794334871,0.4333512398928212,31.161718102133303,False,0.22490064639704166,0.4428787891667502,0.2762990443527003,-0.008562955294417068
265,17.0,8.860368040746234,0.5440777668855649,30.433902640645023,False,0.21466472929749036,0.45745647068682366,0.2761784521446717,-0.008582500954669637
265.0,17.5,0.0,0.0,0.0,0.0,0.0,0.0,0.276053905013,-0.00860274345829
265.0,18.0,0.0,0.0,0.0,0.0,0.0,0.0,0.275968148708,-0.00861671440522
265.0,18.5,0.0,0.0,0.0,0.0,0.0,0.0,0.275883157932,-0.00863058731662
265.0,19.0,0.0,0.0,0.0,0.0,0.0,0.0,0.275798916129,-0.00864436424368
265.0,19.5,0.0,0.0,0.0,0.0,0.0,0.0,0.275715407278,-0.00865804717302
265.0,20.0,0.0,0.0,0.0,0.0,0.0,0.0,0.275632615877,-0.0086716380294
265.0,20.5,0.0,0.0,0.0,0.0,0.0,0.0,0.275550526918,-0.00868513867825
265.0,21.0,0.0,0.0,0.0,0.0,0.0,0.0,0.275469125865,-0.00869855092808
265.0,21.5,0.0,0.0,0.0,0.0,0.0,0.0,0.275388398638,-0.00871187653282
265.0,22.0,0.0,0.0,0.0,0.0,0.0,0.0,0.275308331591,-0.00872511719396
265.0,22.5,0.0,0.0,0.0,0.0,0.0,0.0,0.276814609859,-0.0084799878734
265.0,23.0,0.0,0.0,0.0,0.0,0.0,0.0,0.276729985809,-0.00849354008104
265.0,23.5,0.0,0.0,0.0,0.0,0.0,0.0,0.276646088692,-0.00850700135461
265.0,24.0,0.0,0.0,0.0,0.0,0.0,0.0,0.276562903203,-0.00852037355217
266.0,0.5,0.0,0.0,0.0,0.0,0.0,0.0,0.276480414521,-0.00853365847475
266.0,1.0,0.0,0.0,0.0,0.0,0.0,0.0,0.276398608294,-0.00854685786867
266.0,1.5,0.0,0.0,0.0,0.0,0.0,0.0,0.276317470613,-0.00855997342775
266.0,2.0,0.0,0.0,0.0,0.0,0.0,0.0,0.276236987999,-0.0085730067954
266.0,2.5,0.0,0.0,0.0,0.0,0.0,0.0,0.276157147382,-0.00858595956661
266.0,3.0,0.0,0.0,0.0,0.0,0.0,0.0,0.276077936087,-0.00859883328984
266.0,3.5,0.0,0.0,0.0,0.0,0.0,0.0,0.275999341818,-0.0086116294688
266.0,4.0,0.0,0.0,0.0,0.0,0.0,0.0,0.275921352641,-0.00862434956421
266.0,4.5,0.0,0.0,0.0,0.0,0.0,0.0,0.275843956971,-0.00863699499539
266.0,5.0,0.0,0.0,0.0,0.0,0.0,0.0,0.275767143561,-0.00864956714183
266.0,5.5,0.0,0.0,0.0,0.0,0.0,0.0,0.275690901486,-0.00866206734469
266.0,6.0,0.0,0.0,0.0,0.0,0.0,0.0,0.27561522013,-0.00867449690817
266.0,6.5,0.0,0.0,0.0,0.0,0.0,0.0,0.275540089178,-0.0086868571009
266,7.0,2.0784921796629168,0.09450678984231921,15.85484310326544,False,0.06250046035900571,0.06926888077616256,0.27546549860304714,-0.008699149157224625
266,7.5,9.363538893840326,0.4751818119179008,31.27148491946535,False,0.26002446844172505,0.40070771596281024,0.27538522337536475,-0.008712401168934713
266,8.0,10.932817806964007,0.6684506074743339,30.494440459688583,False,0.26733985889754575,0.6749866915644153,0.2752784446057303,-0.008730065739338894
266,8.5,11.795045814711155,0.8940107450406494,29.473700552930687,False,0.24930695719290963,0.9539386950625829,0.2751544343387903,-0.008750634528861375
266,9.0,12.296968228491016,1.0566237742885913,28.852471270411016,False,0.24009792667769375,1.2295683091988394,0.27501178080096605,-0.008774367016569532
266,9.5,12.583582693474073,1.1756045978350056,28.41774257824074,False,0.23324859144686036,1.464207228692868,0.2748529901780937,-0.00880087439415598
266,10.0,13.032232311090542,1.246179797916105,28.29533430079328,False,0.2381677619508104,1.5381515025387533,0.27468126539768417,-0.00882964836800818
266,10.5,12.552863124927516,1.289963994186755,27.928215513419566,False,0.22108968100440118,2.090009426960504,0.27450453351997406,-0.008859378440325034
266,11.0,13.33219417851334,1.3684254860040248,27.911362776764705,False,0.2333560800932601,1.7171141001423318,0.274305666394443,-0.008892974866479967
266,11.5,13.478249883931948,1.4330329405395328,27.681076533502875,False,0.2300827280186996,1.5384928793753716,0.2741184344970092,-0.008924744470603969
266,12.0,13.499823281373153,1.5134458682921625,27.344817832154867,False,0.22242513882226672,1.2464292502680459,0.27393598323494184,-0.008955833068522136
266,12.5,12.476423501814402,1.5393925137981093,26.84650792098703,False,0.19628026698460288,2.082703168395501,0.27376201045930043,-0.008985597229661512
266,13.0,13.093847305329447,1.2892795630306146,28.065470781680393,False,0.23313735119858792,1.0527483522510122,0.273555755533217,-0.009021037221923075
266,13.5,12.831402224856383,1.566413180390009,26.919832571991822,False,0.20333044090271707,2.1660645080925147,0.2741917882420996,-0.008912281684078762
266,14.0,11.735911896289654,1.537912678604165,26.480481503054804,False,0.1774750210581897,1.5735689023845554,0.2739796927916546,-0.008948373485399359
266,14.5,12.044711643088498,1.5980061420044167,26.397132993419937,False,0.18071298129476493,1.6147550275248403,0.27379161831417587,-0.008980523452261958
266,15.0,10.851377956421972,1.4232552474407485,26.428755397958,False,0.16329580392133486,1.1244638373132871,0.2736001470122729,-0.009013395560082224
266,15.5,9.865627413569797,1.206600857607985,26.814289857608564,False,0.15408120015719537,0.813115572724246,0.2734343534724075,-0.009041975135537618
266,16.0,7.96939659406636,0.890271292436735,27.305983666544947,False,0.13077898030884175,0.4283504729126451,0.2732890299566054,-0.009067114913223439
266,16.5,9.568739088005326,1.1176198544802463,27.037403491443698,False,0.15279122853573704,0.6019356402483804,0.2731707383766514,-0.00908763989000649
266,17.0,9.125974873523411,1.0809055142995887,26.93524977667509,False,0.14424225597294313,0.45494483628397286,0.27303765006159625,-0.009110798489074493
266.0,17.5,0.0,0.0,0.0,0.0,0.0,0.0,0.272911945443,-0.00913273685681
266.0,18.0,0.0,0.0,0.0,0.0,0.0,0.0,0.272844931941,-0.0091444579849
266.0,18.5,0.0,0.0,0.0,0.0,0.0,0.0,0.272778317844,-0.00915612702197
266.0,19.0,0.0,0.0,0.0,0.0,0.0,0.0,0.272712097036,-0.0091677447543
266.0,19.5,0.0,0.0,0.0,0.0,0.0,0.0,0.272646263546,-0.00917931194985
266.0,20.0,0.0,0.0,0.0,0.0,0.0,0.0,0.272580811544,-0.00919082935882
266.0,20.5,0.0,0.0,0.0,0.0,0.0,0.0,0.272515735337,-0.00920229771416
266.0,21.0,0.0,0.0,0.0,0.0,0.0,0.0,0.272451029366,-0.00921371773216
266.0,21.5,0.0,0.0,0.0,0.0,0.0,0.0,0.272386688197,-0.00922509011287
266.0,22.0,0.0,0.0,0.0,0.0,0.0,0.0,0.272322706525,-0.00923641554064
266.0,22.5,0.0,0.0,0.0,0.0,0.0,0.0,0.272259079161,-0.00924769468457
266.0,23.0,0.0,0.0,0.0,0.0,0.0,0.0,0.272195801038,-0.00925892819893
266.0,23.5,0.0,0.0,0.0,0.0,0.0,0.0,0.272132867199,-0.00927011672363
266.0,24.0,0.0,0.0,0.0,0.0,0.0,0.0,0.2720702728,-0.00928126088461
267.0,0.5,0.0,0.0,0.0,0.0,0.0,0.0,0.272008013101,-0.00929236129423
267.0,1.0,0.0,0.0,0.0,0.0,0.0,0.0,0.271946083469,-0.0093034185517
267.0,1.5,0.0,0.0,0.0,0.0,0.0,0.0,0.27188447937,-0.00931443324342
267.0,2.0,0.0,0.0,0.0,0.0,0.0,0.0,0.271823196368,-0.00932540594334
267.0,2.5,0.0,0.0,0.0,0.0,0.0,0.0,0.271762230124,-0.00933633721332
267.0,3.0,0.0,0.0,0.0,0.0,0.0,0.0,0.27170157639,-0.00934722760344
267.0,3.5,0.0,0.0,0.0,0.0,0.0,0.0,0.271641231008,-0.00935807765237
267.0,4.0,0.0,0.0,0.0,0.0,0.0,0.0,0.271581189908,-0.00936888788762
267.0,4.5,0.0,0.0,0.0,0.0,0.0,0.0,0.271521449105,-0.00937965882592
267.0,5.0,0.0,0.0,0.0,0.0,0.0,0.0,0.271462004694,-0.00939039097344
267.0,5.5,0.0,0.0,0.0,0.0,0.0,0.0,0.271402852855,-0.00940108482609
267.0,6.0,0.0,0.0,0.0,0.0,0.0,0.0,0.271343989842,-0.00941174086984
267.0,6.5,0.0,0.0,0.0,0.0,0.0,0.0,0.271285411987,-0.00942235958092
267,7.0,4.19944621522861,0.1963563489942279,15.764688675549797,False,0.12211570569054755,0.13692466309518136,0.2712271156965039,-0.009432941426108512
267,7.5,7.650921036877662,0.44148546339284533,30.678458625674697,False,0.19253380411308813,0.34998613590084676,0.2711564494498304,-0.009445787636162009
267,8.0,9.189263086510755,0.6304484222948304,29.899553525729424,False,0.2058786374824801,0.5788108389805647,0.27106866948296776,-0.009461773938780548
267,8.5,10.410442800507427,0.8168818208123397,29.25868975247659,False,0.21392965351149856,0.8102262714731207,0.2709653057008337,-0.009480639680568469
267,9.0,11.475286169051266,1.0255008150692442,28.589722573642398,False,0.21705483355237318,1.0181775721570197,0.2708463524644847,-0.009502406273672524
267,9.5,11.817538052646231,1.1798270282998429,28.000927714761765,False,0.2089034092667087,1.197229216490632,0.2707118550414438,-0.009527088974643796
267,10.0,12.011111212910823,1.2826418471830743,27.643231409749596,False,0.20420837898468597,1.3318230365505557,0.2705649673906697,-0.009554132828485853
267,10.5,12.056829299023846,1.334729315375486,27.454765846567508,False,0.20093832790694352,1.4199255059732947,0.27040932841076293,-0.00958288777613695
267,11.0,12.056419922492877,1.4150318114365767,27.1015740174372,False,0.1945982957951949,1.4720372169952218,0.27024862447801257,-0.00961268676410959
267,11.5,12.268080232214864,1.5136300094740371,26.821035191452985,False,0.19257882848672875,1.4753848445771172,0.27008314767089775,-0.009643486222215272
267,12.0,12.424348523556027,1.5644106290652235,26.703846377879596,False,0.19279925634313866,1.4356576231164577,0.2699140513097464,-0.00967508091375011
267,12.5,12.498989182411346,1.6014514429407285,26.597055375535902,False,0.19192618940602313,1.3557382773677051,0.2697447818598325,-0.009706831545615212
267,13.0,12.585860198370856,1.6426094114630518,26.48479697106216,False,0.19117350131622443,1.271350063543014,0.26957738319153535,-0.009738353436996427
267,13.5,12.427427027788049,1.6137324597674902,26.50451629822176,False,0.18912104009933622,1.0921937737130754,0.2694118658615086,-0.009769641052163726
267,14.0,11.780952292284864,1.5069326740065496,26.602500914406342,False,0.1802468833265352,0.8191146460656801,0.2692544813956639,-0.00979950246419855
267,14.5,12.227769803320555,1.588621239104235,26.47680818571931,False,0.1854839374128337,0.8161065314256003,0.2691117486392963,-0.009826678004621949
267,15.0,11.987398721932276,1.5501339828229987,26.513532047760073,False,0.1818494426232594,0.6632631068077274,0.26896626264772105,-0.009854470203795991
267,15.5,9.808365848440378,1.2180583004864503,26.699956007752625,False,0.15148646547349517,0.335385421316581,0.26882826773718554,-0.009880917966336113
267,16.0,9.80453804277446,1.2053403139969157,26.737763535353196,False,0.15198522574348078,0.29100901106518573,0.26871554556898397,-0.009902584793193408
267,16.5,9.513754543529872,1.1653337531521129,26.730908727634763,False,0.14737919473031255,0.2302211171086412,0.2686052151756531,-0.009923846727192856
267,17.0,7.395379615464784,0.8477210508813634,27.07456842845846,False,0.11852973369044516,0.11024851954725216,0.26849893251635415,-0.009944380071635027
267.0,17.5,0.0,0.0,0.0,0.0,0.0,0.0,0.268409476374,-0.00996170184961
267.0,18.0,0.0,0.0,0.0,0.0,0.0,0.0,0.268356592935,-0.00997195880539
267.0,18.5,0.0,0.0,0.0,0.0,0.0,0.0,0.268303924975,-0.00998218647698
267.0,19.0,0.0,0.0,0.0,0.0,0.0,0.0,0.268251470205,-0.00999238517394
267.0,19.5,0.0,0.0,0.0,0.0,0.0,0.0,0.268199226376,-0.0100025552005
267.0,20.0,0.0,0.0,0.0,0.0,0.0,0.0,0.268147191278,-0.0100126968558
267.0,20.5,0.0,0.0,0.0,0.0,0.0,0.0,0.268095362739,-0.0100228104338
267.0,21.0,0.0,0.0,0.0,0.0,0.0,0.0,0.268043738622,-0.0100328962235
267.0,21.5,0.0,0.0,0.0,0.0,0.0,0.0,0.267992316829,-0.0100429545091
267.0,22.0,0.0,0.0,0.0,0.0,0.0,0.0,0.267941095294,-0.0100529855702
267.0,22.5,0.0,0.0,0.0,0.0,0.0,0.0,0.267890071988,-0.0100629896814
267.0,23.0,0.0,0.0,0.0,0.0,0.0,0.0,0.267839244913,-0.0100729671131
267.0,23.5,0.0,0.0,0.0,0.0,0.0,0.0,0.267788612107,-0.0100829181311
267.0,24.0,0.0,0.0,0.0,0.0,0.0,0.0,0.267738171637,-0.010092842997
268.0,0.5,0.0,0.0,0.0,0.0,0.0,0.0,0.267687921604,-0.0101027419679
268.0,1.0,0.0,0.0,0.0,0.0,0.0,0.0,0.267637860138,-0.0101126152971
268.0,1.5,0.0,0.0,0.0,0.0,0.0,0.0,0.268381906137,-0.00996704763881
268.0,2.0,0.0,0.0,0.0,0.0,0.0,0.0,0.269124193283,-0.00982430504206
268.0,2.5,0.0,0.0,0.0,0.0,0.0,0.0,0.269864677518,-0.00968432937818
268.0,3.0,0.0,0.0,0.0,0.0,0.0,0.0,0.271396978978,-0.00940214753535
268.0,3.5,0.0,0.0,0.0,0.0,0.0,0.0,0.276891398701,-0.00846771273443
268.0,4.0,0.0,0.0,0.0,0.0,0.0,0.0,0.278401514982,-0.00823055980245
268.0,4.5,0.0,0.0,0.0,0.0,0.0,0.0,0.279113422151,-0.00812150867004
268.0,5.0,0.0,0.0,0.0,0.0,0.0,0.0,0.279822901592,-0.00801453785237
268.0,5.5,0.0,0.0,0.0,0.0,0.0,0.0,0.280529912816,-0.00790960497404
268.0,6.0,0.0,0.0,0.0,0.0,0.0,0.0,0.280441811438,-0.00792259110031
268.0,6.5,0.0,0.0,0.0,0.0,0.0,0.0,0.280354405189,-0.00793549987582
268,7.0,2.0800546565567446,0.05550603919877136,16.781753815628022,False,0.09628876598065,0.0792790376462105,0.28026767973236116,-0.007948332882900195
268,7.5,3.004202694868662,0.08496029745648391,16.734002114509448,False,0.13530857377349403,0.15411570967181254,0.2801765060913514,-0.007961850771060161
268,8.0,10.054680089441039,0.30410877428943883,33.35570948178672,False,0.43890600992608575,0.48395867556823846,0.2800820280542217,-0.007975887496001796
268,8.5,11.440115362512374,0.3776779504986668,33.17190645041933,False,0.475405414277575,0.6559501354537493,0.27996735620616325,-0.007992964073700865
268,9.0,10.883271456023799,0.41101429402292267,32.55899646816076,False,0.3898473661846059,0.5698904122033795,0.2798439930713092,-0.008011383594048354
268,9.5,11.102338705468238,0.5397932980426758,31.51533786491359,False,0.3220185229859048,0.5948794132401825,0.27972324623140016,-0.008029461469358984
268,10.0,11.985881765605495,0.7241338553229444,30.553743574377975,False,0.29578672054393207,0.71363116465182,0.27959726743141666,-0.008048374492151723
268,10.5,12.144691485326629,0.7750087413165525,30.29815393386857,False,0.2882758747432353,0.7364058155956923,0.279460378254686,-0.008068985680390614
268,11.0,13.476775712993437,1.023553646533973,29.50303470431392,False,0.2859675538665314,1.0869618650694675,0.27932127481334196,-0.008089994723925565
268,11.5,13.794142265415243,1.3194288920793913,28.3074910448328,False,0.25244444218001705,1.502775527472693,0.27916000534878876,-0.008114433178312803
268,12.0,13.447415467857098,1.3967108391792984,27.86131933566867,False,0.2355284621079892,1.8378185770425033,0.27897228656336404,-0.00814299058111462
268,12.5,13.615263258911906,1.4483362383349132,27.70404494613728,False,0.23299590444762516,1.5014092605418108,0.2787694690138767,-0.008173979627753859
268,13.0,13.391820815365717,1.4795719579599713,27.4771758687694,False,0.22371243505343122,1.4081994670059887,0.27857799795121063,-0.008203364036440723
268,13.5,12.99783121378368,1.4682292346700865,27.327690984126484,False,0.2137750362170735,1.2844583729879253,0.2783894080376097,-0.008232429399042363
268,14.0,11.456699932633953,1.2108236824883214,27.635478204668175,False,0.19462122041659505,0.6674877330929176,0.27820646434000507,-0.008260741888387999
268,14.5,11.744639213613228,1.2186925141047011,27.797648641560272,False,0.20302855671016973,1.0582267142882507,0.27805721378410886,-0.008283925968004917
268,15.0,10.536830933283358,1.0968591908727052,27.786201298153042,False,0.18192297504684452,0.9801422613950603,0.27789333776230135,-0.008309471270696528
268,15.5,10.673752001730577,1.1381547423637575,27.642677135527762,False,0.18146035264455712,1.0326027756238343,0.277737541604372,-0.008333844144540666
268,16.0,8.703194909407696,0.8826037953801287,27.87741931337957,False,0.15176696584139854,0.587650448374719,0.27757867195237096,-0.008358785604184807
268,16.5,6.7411252423545704,0.6784460841163893,27.883253908516572,False,0.11762747839427692,0.30618286783257137,0.2774468626840541,-0.008379546293640064
268,17.0,7.065799643830327,0.6789120317362063,28.10206637184956,False,0.12632473454224424,0.3000467018449395,0.2773339511862921,-0.0083973793500518
268.0,17.5,0.0,0.0,0.0,0.0,0.0,0.0,0.277221715395,-0.00841515051768
268.0,18.0,0.0,0.0,0.0,0.0,0.0,0.0,0.277147083972,-0.00842699229935
268.0,18.5,0.0,0.0,0.0,0.0,0.0,0.0,0.27707289809,-0.008438783069
268.0,19.0,0.0,0.0,0.0,0.0,0.0,0.0,0.276999150548,-0.00845052365811
268.0,19.5,0.0,0.0,0.0,0.0,0.0,0.0,0.276925834329,-0.0084622148772
268.0,20.0,0.0,0.0,0.0,0.0,0.0,0.0,0.276852942594,-0.00847385751649
268.0,20.5,0.0,0.0,0.0,0.0,0.0,0.0,0.276780468675,-0.00848545234661
268.0,21.0,0.0,0.0,0.0,0.0,0.0,0.0,0.276708406071,-0.00849700011917
268.0,21.5,0.0,0.0,0.0,0.0,0.0,0.0,0.276636748443,-0.00850850156741
268.0,22.0,0.0,0.0,0.0,0.0,0.0,0.0,0.276565489606,-0.00851995740679
268.0,22.5,0.0,0.0,0.0,0.0,0.0,0.0,0.276494623525,-0.00853136833548
268.0,23.0,0.0,0.0,0.0,0.0,0.0,0.0,0.276424144313,-0.008542735035
268.0,23.5,0.0,0.0,0.0,0.0,0.0,0.0,0.276354046223,-0.00855405817065
268.0,24.0,0.0,0.0,0.0,0.0,0.0,0.0,0.276284323644,-0.00856533839206
269.0,0.5,0.0,0.0,0.0,0.0,0.0,0.0,0.276214971099,-0.00857657633363
269.0,1.0,0.0,0.0,0.0,0.0,0.0,0.0,0.276145983239,-0.00858777261504
269.0,1.5,0.0,0.0,0.0,0.0,0.0,0.0,0.276077354838,-0.00859892784163
269.0,2.0,0.0,0.0,0.0,0.0,0.0,0.0,0.276009080793,-0.00861004260491
269.0,2.5,0.0,0.0,0.0,0.0,0.0,0.0,0.275941156115,-0.00862111748289
269.0,3.0,0.0,0.0,0.0,0.0,0.0,0.0,0.27587357593,-0.00863215304051
269.0,3.5,0.0,0.0,0.0,0.0,0.0,0.0,0.275806335475,-0.00864314983006
269.0,4.0,0.0,0.0,0.0,0.0,0.0,0.0,0.275739430092,-0.00865410839147
269.0,4.5,0.0,0.0,0.0,0.0,0.0,0.0,0.276466194032,-0.00853595119864
269.0,5.0,0.0,0.0,0.0,0.0,0.0,0.0,0.277190757643,-0.00842006018196
269.0,5.5,0.0,0.0,0.0,0.0,0.0,0.0,0.277913073962,-0.00830638978851
269.0,6.0,0.0,0.0,0.0,0.0,0.0,0.0,0.277839981406,-0.00831780880693
269.0,6.5,0.0,0.0,0.0,0.0,0.0,0.0,0.278560424935,-0.00820606720764
269.0,7.0,0.0,0.0,0.0,0.0,0.0,0.0,0.278485483849,-0.00821760694883
269,7.5,2.069613089302763,0.05589490815479138,16.737916683799913,False,0.09342196227651756,0.028048585327710405,0.2784109737219773,-0.00822909950273628
269,8.0,3.088757313065877,0.08570394935978072,16.731398741018896,False,0.13891211419845115,0.10687860246427483,0.2783337021188285,-0.008241038224581845
269,8.5,4.221387014169787,0.12474799103281133,16.717169569905607,False,0.1883351565156637,0.2568527520208704,0.27904582036230907,-0.008131789740761243
269,9.0,4.8612037766148966,0.1508584125740381,16.6741093305483,False,0.21176555627443366,0.35314312268893083,0.2789553916839688,-0.008145566645003667
269,9.5,10.909784218982281,0.355194187847133,33.09795718834238,False,0.4447750249490961,0.5613665858519499,0.2788607595145487,-0.008160013745379956
269,10.0,5.62615016794116,0.22379298795968738,16.244585149123527,False,0.19841346885313074,0.45335278108875326,0.2787509053122448,-0.00817682303938554
269,10.5,4.019419441221199,0.17665816326731545,15.911993346577011,False,0.12353334577181482,0.1280170249289209,0.27865056460056287,-0.008192212693783946
269,11.0,5.11437112111526,0.22375522657233238,15.961619686054531,False,0.16025877294853638,0.2588843409672226,0.27856478013807295,-0.00820539716912215
269,11.5,12.37934020708689,0.5376282862947206,32.13082340126659,False,0.40444384799599564,0.7939794613349882,0.27847265641885766,-0.008219584107579152
269,12.0,13.204915341318312,0.808531107716934,30.611745399867743,False,0.32882866229201596,1.0701697392828262,0.27834872251683634,-0.008238715907685127
269,12.5,12.613413784186704,0.9468875689613414,29.51988833449279,False,0.26825067394181734,0.8679210478364943,0.27820442836588205,-0.008261057629260367
269,13.0,10.437196408289674,0.7358273891681394,14.877565709109113,False,0.2291762485407734,0.4988315772981874,0.27806295476911347,-0.008283032750176922
269,13.5,10.613677746056208,0.8152475693912619,29.346161154908962,False,0.22059864594080317,0.5454125866748708,0.2779438877567208,-0.008301581444537295
269,14.0,10.340684791980038,0.8249116166986121,29.15042919856957,False,0.20956543215314077,0.5183048793048527,0.2778204231697153,-0.008320867499478777
269,14.5,11.414576070986724,0.9279197951878436,29.090412733187783,False,0.2295737475587134,0.7364044296160769,0.27769799909983883,-0.008340043751995187
269,15.0,10.394523301983455,0.9081770267157001,28.68766148102415,False,0.19892877742652082,0.5969847873454841,0.27756376203957706,-0.008361130921481668
269,15.5,9.35837446809018,0.8305152414454215,28.61229180353079,False,0.177489784871098,0.5869752450027785,0.27743593284601636,-0.008381270560464728
269,16.0,9.428859058269435,0.8753539279341456,28.371368562782695,False,0.17383350263932085,0.7191240993990489,0.27731179319141247,-0.008400884252903557
269,16.5,8.601692060957227,0.766852393225001,28.555742271391047,False,0.1620461299641099,0.5389949020943,0.27718129416208015,-0.008421561699232472
269,17.0,7.530515372135082,0.6613791691845049,28.595866760076433,False,0.14254369330251465,0.3661675207909617,0.27706210094262607,-0.008440500756966033
269.0,17.5,0.0,0.0,0.0,0.0,0.0,0.0,0.276953816615,-0.00845775046729
269.0,18.0,0.0,0.0,0.0,0.0,0.0,0.0,0.276884870249,-0.00846875552118
269.0,18.5,0.0,0.0,0.0,0.0,0.0,0.0,0.276816261831,-0.00847972357313
269.0,19.0,0.0,0.0,0.0,0.0,0.0,0.0,0.276747986791,-0.00849065513528
269.0,19.5,0.0,0.0,0.0,0.0,0.0,0.0,0.276680040666,-0.00850155070834
269.0,20.0,0.0,0.0,0.0,0.0,0.0,0.0,0.276612419087,-0.00851241078195
269.0,20.5,0.0,0.0,0.0,0.0,0.0,0.0,0.276545117784,-0.00852323583496
269.0,21.0,0.0,0.0,0.0,0.0,0.0,0.0,0.276478132578,-0.00853402633576
269.0,21.5,0.0,0.0,0.0,0.0,0.0,0.0,0.276411459381,-0.00854478274256
269.0,22.0,0.0,0.0,0.0,0.0,0.0,0.0,0.276345094193,-0.00855550550369
269.0,22.5,0.0,0.0,0.0,0.0,0.0,0.0,0.276279033098,-0.00856619505788
269.0,23.0,0.0,0.0,0.0,0.0,0.0,0.0,0.276213272265,-0.00857685183448
269.0,23.5,0.0,0.0,0.0,0.0,0.0,0.0,0.27614780794,-0.00858747625377
269.0,24.0,0.0,0.0,0.0,0.0,0.0,0.0,0.276082636451,-0.0085980687272
270.0,0.5,0.0,0.0,0.0,0.0,0.0,0.0,0.276017754199,-0.00860862965758
270.0,1.0,0.0,0.0,0.0,0.0,0.0,0.0,0.275953157661,-0.00861915943939
270.0,1.5,0.0,0.0,0.0,0.0,0.0,0.0,0.275888843385,-0.00862965845893
270.0,2.0,0.0,0.0,0.0,0.0,0.0,0.0,0.275824807989,-0.00864012709459
270.0,2.5,0.0,0.0,0.0,0.0,0.0,0.0,0.275761048161,-0.00865056571704
270.0,3.0,0.0,0.0,0.0,0.0,0.0,0.0,0.275697560652,-0.00866097468942
270.0,3.5,0.0,0.0,0.0,0.0,0.0,0.0,0.27563434228,-0.00867135436757
270.0,4.0,0.0,0.0,0.0,0.0,0.0,0.0,0.275571389924,-0.00868170510018
270.0,4.5,0.0,0.0,0.0,0.0,0.0,0.0,0.275508700527,-0.00869202722902
270.0,5.0,0.0,0.0,0.0,0.0,0.0,0.0,0.275446271089,-0.00870232108906
270.0,5.5,0.0,0.0,0.0,0.0,0.0,0.0,0.275384098669,-0.0087125870087
270.0,6.0,0.0,0.0,0.0,0.0,0.0,0.0,0.275322180383,-0.00872282530992
270.0,6.5,0.0,0.0,0.0,0.0,0.0,0.0,0.2752605134,-0.00873303630842
270,7.0,2.052555621188165,0.0566073869462629,16.740532799918956,False,0.09278975362194743,0.08562124934685167,0.275199094945179,-0.008743220313797224
270,7.5,2.817231485057392,0.08014160218331345,16.736610525219316,False,0.12707512719544029,0.13426499714206913,0.2751325247257644,-0.008754274535413435
270,8.0,3.4259974164129345,0.09755159674425154,16.748411814859512,False,0.155575529914915,0.16350276517038037,0.2750634584885538,-0.00876576083462951
270,8.5,4.233900494113099,0.12939565392978253,16.73269973861401,False,0.19055334242834057,0.2576652083480847,0.27499286248061877,-0.008777520110135679
270,9.0,10.291384860199134,0.3163245260983172,33.3407486972926,False,0.4474019217221621,0.47014128813893785,0.2749177224676639,-0.008790056942207417
270,9.5,10.81747989644943,0.3751483224323934,32.959844699541115,False,0.4259359519049698,0.5235359883444071,0.2748276604654412,-0.008805111574832696
270,10.0,12.948022693733328,0.6300290274826202,31.7304635086782,False,0.3908834628199269,0.9180677239921994,0.27473357270446797,-0.008820871970611216
270,10.5,12.103188820533532,0.7428071493327995,30.479485834476804,False,0.29528013198473646,0.68228541713501,0.2746150702661442,-0.008840769857279211
270,11.0,13.532222759092736,1.0020807619325989,29.714263582171192,False,0.2954690143162859,1.3000844191478134,0.27450146393013486,-0.008859895863667694
270,11.5,13.553583238903725,1.150460806192964,28.9348756725095,False,0.26963843407613397,1.2888919400658507,0.27435479848387306,-0.008884660438897189
270,12.0,12.79214543283375,1.3513129927936158,27.898882856773227,False,0.22540759161601656,1.8852784834469412,0.2742031502200897,-0.008910353141466357
270,12.5,12.663655942722201,1.3285401822692053,27.891116457185,False,0.22275599376165683,1.708874400290811,0.2740214679644423,-0.008941250946924878
270,13.0,12.440970909830078,1.4044042930006881,27.423053282709688,False,0.2080637185191867,1.5171372680476836,0.2738475634126512,-0.008970945684260859
270,13.5,12.718220348918877,1.513474471797971,27.1126810646336,False,0.20595129558563563,1.51090205761115,0.27367827299961184,-0.008999965477054294
270,14.0,11.804019692902495,1.4048874719817264,27.034857653844938,False,0.1895195197126628,1.091653666997647,0.2735052946189359,-0.009029733068197064
270,14.5,11.413343897133878,1.3326020641301846,27.089318971159138,False,0.1832000813560532,0.6435960473754344,0.273352560066447,-0.009056114492438858
270,15.0,10.396689740927826,1.249060463431905,26.87509090103424,False,0.16335040205843632,0.4509944448534407,0.27321978293155474,-0.009079123373485015
270,15.5,8.86932703773081,1.0041599279472626,27.180814144084184,False,0.1436916208305939,0.26848288110507884,0.27309769380307775,-0.009100341627013722
270,16.0,7.163085942328566,0.7810836872203801,27.397628350908512,False,0.11866916969968908,0.18615848621205244,0.272992031322278,-0.009118752749497173
270,16.5,5.4308326836892595,0.5658144364956458,27.627185292722217,False,0.09217489235047858,0.10833712319962699,0.27289816318858634,-0.009135146006253415
270,17.0,2.763954200685136,0.27032880065314674,13.955975195196755,False,0.04838117416743159,0.020186768263612907,0.2728156202986591,-0.009149590429003776
270.0,17.5,0.0,0.0,0.0,0.0,0.0,0.0,0.272747836939,-0.00916147239049
270.0,18.0,0.0,0.0,0.0,0.0,0.0,0.0,0.272691277319,-0.00917140097938
270.0,18.5,0.0,0.0,0.0,0.0,0.0,0.0,0.272634914544,-0.0091813077696
270.0,19.0,0.0,0.0,0.0,0.0,0.0,0.0,0.272578746801,-0.00919119296604
270.0,19.5,0.0,0.0,0.0,0.0,0.0,0.0,0.272522772305,-0.00920105677011
270.0,20.0,0.0,0.0,0.0,0.0,0.0,0.0,0.272466989302,-0.00921089937983
270.0,20.5,0.0,0.0,0.0,0.0,0.0,0.0,0.272411396065,-0.00922072098989
270.0,21.0,0.0,0.0,0.0,0.0,0.0,0.0,0.272355990894,-0.00923052179173
270.0,21.5,0.0,0.0,0.0,0.0,0.0,0.0,0.272300772117,-0.00924030197363
270.0,22.0,0.0,0.0,0.0,0.0,0.0,0.0,0.272245738089,-0.00925006172073
270.0,22.5,0.0,0.0,0.0,0.0,0.0,0.0,0.272190887189,-0.00925980121515
270.0,23.0,0.0,0.0,0.0,0.0,0.0,0.0,0.272136217823,-0.00926952063603
270.0,23.5,0.0,0.0,0.0,0.0,0.0,0.0,0.272081728422,-0.00927922015959
270.0,24.0,0.0,0.0,0.0,0.0,0.0,0.0,0.272027417438,-0.00928889995919
271.0,0.5,0.0,0.0,0.0,0.0,0.0,0.0,0.271973283351,-0.00929856020543
271.0,1.0,0.0,0.0,0.0,0.0,0.0,0.0,0.271919324662,-0.00930820106615
271.0,1.5,0.0,0.0,0.0,0.0,0.0,0.0,0.271865539895,-0.00931782270652
271.0,2.0,0.0,0.0,0.0,0.0,0.0,0.0,0.271811927596,-0.0093274252891
271.0,2.5,0.0,0.0,0.0,0.0,0.0,0.0,0.271758486333,-0.00933700897389
271.0,3.0,0.0,0.0,0.0,0.0,0.0,0.0,0.271705214696,-0.00934657391837
271.0,3.5,0.0,0.0,0.0,0.0,0.0,0.0,0.271652111295,-0.00935612027756
271.0,4.0,0.0,0.0,0.0,0.0,0.0,0.0,0.271599174761,-0.00936564820408
271.0,4.5,0.0,0.0,0.0,0.0,0.0,0.0,0.271546403745,-0.0093751578482
271.0,5.0,0.0,0.0,0.0,0.0,0.0,0.0,0.271493796917,-0.00938464935785
271.0,5.5,0.0,0.0,0.0,0.0,0.0,0.0,0.271441352968,-0.00939412287873
271.0,6.0,0.0,0.0,0.0,0.0,0.0,0.0,0.271389070605,-0.0094035785543
271.0,6.5,0.0,0.0,0.0,0.0,0.0,0.0,0.271336948557,-0.00941301652586
271.0,7.0,0.0,0.0,0.0,0.0,0.0,0.0,0.272078832816,-0.00927973593745
271,7.5,1.8384214978537996,0.07013315827774035,16.15210299404048,False,0.06228053096000994,0.01509365374424925,0.27202506914640906,-0.009289318764467992
271,8.0,2.87584859293376,0.1031704142094421,16.3447644063454,False,0.106134732581589,0.09588194049107433,0.2719682442574549,-0.009299460042246693
271,8.5,8.666088506447066,0.2990715483099727,32.76812309802717,False,0.32576644935483295,0.20796912740940074,0.2719072713828042,-0.009310356266371906
271,9.0,10.766136025869734,0.42793168831410094,32.38631220677698,False,0.37121705518034104,0.334512445455458,0.27183478063047045,-0.009323330605245856
271,9.5,11.59509568186889,0.6483832342608494,30.89997183941027,False,0.3023839648838018,0.4040273736322291,0.2717527661900585,-0.00933803546880663
271,10.0,12.162169424211502,0.819623773248986,30.01103007531565,False,0.2768306277043862,0.45496049556482593,0.27165991501435943,-0.00935471668077803
271,10.5,12.806566537969019,0.9470984058617306,29.57512905109614,False,0.27438480723775915,0.5350721122580697,0.27155879847499337,-0.009372923212387942
271,11.0,13.422121936886441,1.0133017303111742,29.52918621749945,False,0.2858048069593261,0.6821900449463514,0.27144996882121825,-0.009392565721520939
271,11.5,13.541441929895287,1.0506552523557298,29.38688908423201,False,0.2829560699399126,0.6444406403616382,0.27133320708702285,-0.009413694444494436
271,12.0,12.41047284423367,0.948233582072287,29.363219799198898,False,0.2585200892820436,0.4057635913426333,0.2712166225233226,-0.009434847632745883
271,12.5,13.32482666559241,1.1336060505291357,28.957315471394832,False,0.26575407091036374,0.7847017012711416,0.2711131435004991,-0.00945367039904935
271,13.0,13.180725806739,1.2594540479243181,28.23291074618141,False,0.24092874813909432,0.6444368975783713,0.27098840851534095,-0.009476419116759338
271,13.5,3.012026666333792,0.2590764920952552,14.322662534474619,False,0.05735159608720631,0.02020210983030265,0.2708643789940483,-0.009499103874050145
271,14.0,4.7094734477794,0.3224116900304221,14.941475002252162,False,0.1052661149014554,0.11962127673888451,0.2708021605442566,-0.009510507873837639
271,14.5,11.584472605937556,0.9182449321015456,29.247582457432834,False,0.23771433420827054,0.3762058912761438,0.27073392147693326,-0.009523034152389065
271,15.0,10.915474186727891,1.2746565908407945,27.094739251860307,False,0.1753044545057709,0.5604385203551061,0.27142735813180713,-0.00939665284386915
271,15.5,11.002206060966714,1.4226628052053214,26.455842146448383,False,0.16599084344119214,0.5064686176250331,0.27130462472122213,-0.009418875216764926
271,16.0,9.121840896218666,1.125616107466805,26.685006824769914,False,0.14067917144258835,0.2823695843327619,0.27117849112381104,-0.009441778509222194
271,16.5,9.652596395199684,1.1300746048283021,26.967776624556443,False,0.15306052675012796,0.2705064816014526,0.2710723020849246,-0.009461111737868635
271,17.0,5.3257768329256265,0.5266107195178824,13.931723193752974,False,0.09272926441339827,0.08424879544685974,0.2709665597935662,-0.009480410517738312
271.0,17.5,0.0,0.0,0.0,0.0,0.0,0.0,0.270890951797,-0.00949423831905
271.0,18.0,0.0,0.0,0.0,0.0,0.0,0.0,0.270838688968,-0.0095038106149
271.0,18.5,0.0,0.0,0.0,0.0,0.0,0.0,0.270786587915,-0.009513364728
271.0,19.0,0.0,0.0,0.0,0.0,0.0,0.0,0.270734647354,-0.00952290080362
271.0,19.5,0.0,0.0,0.0,0.0,0.0,0.0,0.27068286602,-0.00953241898483
271.0,20.0,0.0,0.0,0.0,0.0,0.0,0.0,0.270631242664,-0.00954191941256
271.0,20.5,0.0,0.0,0.0,0.0,0.0,0.0,0.270579776057,-0.00955140222563
271.0,21.0,0.0,0.0,0.0,0.0,0.0,0.0,0.270528464986,-0.0095608675608
271.0,21.5,0.0,0.0,0.0,0.0,0.0,0.0,0.270477308253,-0.0095703155528
271.0,22.0,0.0,0.0,0.0,0.0,0.0,0.0,0.270426304681,-0.00957974633439
271.0,22.5,0.0,0.0,0.0,0.0,0.0,0.0,0.270375453106,-0.00958916003637
271.0,23.0,0.0,0.0,0.0,0.0,0.0,0.0,0.27032475238,-0.00959855678765
271.0,23.5,0.0,0.0,0.0,0.0,0.0,0.0,0.270274201373,-0.00960793671526
271.0,24.0,0.0,0.0,0.0,0.0,0.0,0.0,0.270223798969,-0.0096172999444
272.0,0.5,0.0,0.0,0.0,0.0,0.0,0.0,0.270173544066,-0.00962664659846
272.0,1.0,0.0,0.0,0.0,0.0,0.0,0.0,0.270123435578,-0.0096359767991
272.0,1.5,0.0,0.0,0.0,0.0,0.0,0.0,0.270073472434,-0.00964529066623
272.0,2.0,0.0,0.0,0.0,0.0,0.0,0.0,0.270023653577,-0.00965458831804
272.0,2.5,0.0,0.0,0.0,0.0,0.0,0.0,0.269973977962,-0.0096638698711
272.0,3.0,0.0,0.0,0.0,0.0,0.0,0.0,0.26992444456,-0.00967313544033
272.0,3.5,0.0,0.0,0.0,0.0,0.0,0.0,0.269875052356,-0.00968238513903
272.0,4.0,0.0,0.0,0.0,0.0,0.0,0.0,0.269825800345,-0.00969161907894
272.0,4.5,0.0,0.0,0.0,0.0,0.0,0.0,0.269776687538,-0.00970083737027
272.0,5.0,0.0,0.0,0.0,0.0,0.0,0.0,0.269727712959,-0.00971004012171
272.0,5.5,0.0,0.0,0.0,0.0,0.0,0.0,0.26967887564,-0.00971922744045
272.0,6.0,0.0,0.0,0.0,0.0,0.0,0.0,0.269630174632,-0.00972839943223
272.0,6.5,0.0,0.0,0.0,0.0,0.0,0.0,0.269581608992,-0.00973755620137
272.0,7.0,0.0,0.0,0.0,0.0,0.0,0.0,0.269533177792,-0.00974669785076
272,7.5,2.120140212212437,0.05097890211813186,16.890172947551992,False,0.10475424348281255,0.015715579533335685,0.2694848801162211,-0.009755824481928316
272,8.0,3.1358905329053854,0.07830193556574788,16.890172939772775,False,0.15494156401883397,0.045863130570619234,0.26943418400562924,-0.009765415291830339
272,8.5,4.019787254315168,0.10849449335730595,16.869763242413597,False,0.19612757271283415,0.08202967409865544,0.26938143861271235,-0.009775405716489693
272,9.0,4.748412068619894,0.14477326193530812,16.77905531013565,False,0.21946625543780826,0.11849057531558142,0.26932630573539307,-0.009785861370627636
272,9.5,5.343436257068012,0.18682305391496218,16.566191631453524,False,0.21978267952196837,0.1539971618540527,0.26926854235893444,-0.009796830181346926
272,10.0,10.307698067963077,0.4333854302038371,32.08431386544471,False,0.33357523761142627,0.1811827554667101,0.2692079648276366,-0.009808349118446257
272,10.5,11.684516399074518,0.6575809624667858,30.842221403540137,False,0.3018581688018629,0.23969271942191916,0.269137126829215,-0.009821839578439573
272,11.0,12.295385114398929,0.7991146319875555,30.184625455927147,False,0.28699125842745254,0.2693366187071896,0.2690556875848792,-0.009837376278102931
272,11.5,12.780865195664497,0.9717016408265309,29.414806643901706,False,0.26804632553223956,0.2992920281323108,0.26896787874275824,-0.009854160967063156
272,12.0,13.17386117615694,1.1855843148296081,28.550329383995766,False,0.24802163294315954,0.34549537145922815,0.2688725091873073,-0.00987242955934137
272,12.5,13.123796333062991,1.4257818212553386,27.503457957679096,False,0.21984178704312177,0.35937776508860597,0.2687673943305209,-0.009892611690041625
272,13.0,12.635540049631091,1.5081691624989033,26.95047428630157,False,0.2015111423351602,0.3947768726823105,0.2686527613024734,-0.009914677379767202
272,13.5,12.099786048918897,1.5404884126745158,26.554443279808194,False,0.1854716494868739,0.33564200687845075,0.2685337816403411,-0.009937641800520638
272,14.0,11.761145900630794,1.5564612035857952,26.33072291507159,False,0.17536014703978653,0.23717284015657547,0.26841594220201354,-0.009960448638848401
272,14.5,11.135968308909565,1.5354860129315995,26.077191164783283,False,0.16304170497155623,0.24646351537980868,0.2683013552955248,-0.009982685806621797
272,15.0,10.923882992276916,1.5237924524688116,25.980847116441055,False,0.15845682161025432,0.19018728554169834,0.26818733284936486,-0.010004872172744083
272,15.5,10.96605634231518,1.595126067576684,25.696350602907692,False,0.15497009624609961,0.15158214914467708,0.2680760101306311,-0.010026589931524447
272,16.0,9.633959778619634,1.4404299188017704,25.51356143636186,False,0.1334245317135175,0.08273214687026971,0.2679635648975958,-0.010048583726094141
272,16.5,8.985504713034523,1.3418690946621483,25.47748608936613,False,0.12405420256390984,0.05041042541882883,0.267859722020352,-0.010068946008858595
272,17.0,6.4689287490321234,0.9097259541743048,25.800879880129884,False,0.09188924171658314,0.016857289155141657,0.26776096418913714,-0.010088356803698928
272.0,17.5,0.0,0.0,0.0,0.0,0.0,0.0,0.267679996846,-0.0101043041561
272.0,18.0,0.0,0.0,0.0,0.0,0.0,0.0,0.267634309912,-0.0101133159238
272.0,18.5,0.0,0.0,0.0,0.0,0.0,0.0,0.267588738896,-0.0101223143683
272.0,19.0,0.0,0.0,0.0,0.0,0.0,0.0,0.267543283098,-0.0101312995667
272.0,19.5,0.0,0.0,0.0,0.0,0.0,0.0,0.267497941828,-0.0101402715952
272.0,20.0,0.0,0.0,0.0,0.0,0.0,0.0,0.267452714402,-0.0101492305292
272.0,20.5,0.0,0.0,0.0,0.0,0.0,0.0,0.267407600145,-0.0101581764428
272.0,21.0,0.0,0.0,0.0,0.0,0.0,0.0,0.267362598389,-0.0101671094098
272.0,21.5,0.0,0.0,0.0,0.0,0.0,0.0,0.267317708472,-0.0101760295027
272.0,22.0,0.0,0.0,0.0,0.0,0.0,0.0,0.26727292974,-0.0101849367934
272.0,22.5,0.0,0.0,0.0,0.0,0.0,0.0,0.267228261547,-0.0101938313528
272.0,23.0,0.0,0.0,0.0,0.0,0.0,0.0,0.267183703252,-0.010202713251
272.0,23.5,0.0,0.0,0.0,0.0,0.0,0.0,0.267139254221,-0.0102115825574
272.0,24.0,0.0,0.0,0.0,0.0,0.0,0.0,0.267094913829,-0.0102204393406
273.0,0.5,0.0,0.0,0.0,0.0,0.0,0.0,0.267050681455,-0.0102292836683
273.0,1.0,0.0,0.0,0.0,0.0,0.0,0.0,0.267006556486,-0.0102381156076
273.0,1.5,0.0,0.0,0.0,0.0,0.0,0.0,0.266962538314,-0.0102469352245
273.0,2.0,0.0,0.0,0.0,0.0,0.0,0.0,0.266918626339,-0.0102557425848
273.0,2.5,0.0,0.0,0.0,0.0,0.0,0.0,0.266874819966,-0.010264537753
273.0,3.0,0.0,0.0,0.0,0.0,0.0,0.0,0.266831118606,-0.0102733207933
273.0,3.5,0.0,0.0,0.0,0.0,0.0,0.0,0.266787521677,-0.010282091769
273.0,4.0,0.0,0.0,0.0,0.0,0.0,0.0,0.266744028602,-0.0102908507427
273.0,4.5,0.0,0.0,0.0,0.0,0.0,0.0,0.26670063881,-0.0102995977763
273.0,5.0,0.0,0.0,0.0,0.0,0.0,0.0,0.266657351736,-0.0103083329312
273.0,5.5,0.0,0.0,0.0,0.0,0.0,0.0,0.266614166821,-0.010317056268
273.0,6.0,0.0,0.0,0.0,0.0,0.0,0.0,0.26657108351,-0.0103257678465
273.0,6.5,0.0,0.0,0.0,0.0,0.0,0.0,0.266528101255,-0.0103344677262
273,7.0,4.643269015395573,0.12707465120883948,16.661698291690296,False,0.200906191492608,0.0047149126005495345,0.26648521951408155,-0.01034315596555863
273,7.5,7.5701875838114185,0.24640755039284645,32.920934710523795,False,0.2952311947262701,0.014790055110873975,0.26643743634103584,-0.010352847534444777
273,8.0,9.4356292153945,0.3647167752744876,32.371882827592614,False,0.32432675827186574,0.022103824835304955,0.2663848415825,-0.01036352751949735
273,8.5,10.9247697041132,0.591764010094335,31.135089949064746,False,0.29632425096380677,0.0388936544927642,0.2663275783535576,-0.010375170422502631
273,9.0,11.628414493446973,0.8366887027307035,29.781102451554432,False,0.25625118664711266,0.03799145480338937,0.2662611599141242,-0.010388694313024397
273,9.5,12.141282183242032,1.0791057164140248,28.684872930655693,False,0.23228005587153855,0.02803779500375016,0.2661855787100637,-0.010404109451823816
273,10.0,12.242133041273101,1.3052295128866505,27.630452012637775,False,0.2089765222416285,0.00797206000027639,0.26610127289793273,-0.01042133618044296
273,10.5,12.226939444927606,1.444101317696187,27.06364143727874,False,0.19689203604393396,0.0,0.266009244049934,-0.010440179817060953
273,11.0,12.051712062344453,1.5119624957454716,26.72128733877002,False,0.1875422225775238,0.0,0.2659123439178679,-0.010460064781619415
273,11.5,12.129412968187058,1.6241622111088323,26.349212377281397,False,0.1822563691103724,0.0,0.26581296431439017,-0.010480505451533189
273,12.0,12.141686671055034,1.7252504552651808,25.984346339441068,False,0.1763196178071127,0.0,0.26570942210121173,-0.010501852943840774
273,12.5,12.08718773343917,1.804560271708349,25.672833084839944,False,0.170663281117999,0.0,0.2656021384696523,-0.010524026484224454
273,13.0,12.229904300714292,1.8990513296440994,25.423910688423565,False,0.16884870889933637,0.0,0.26549193942603605,-0.010546860686859864
273,13.5,12.06757957464838,1.9312344949407598,25.223256719093463,False,0.16373073732718885,0.0,0.26537824836361107,-0.01057048035945476
273,14.0,11.926254507567474,1.9606725347589942,25.046722238880463,False,0.15936602289420077,0.0,0.2652634293887375,-0.010594398352753148
273,14.5,11.658466071724447,1.9308602328219073,24.9807696392908,False,0.15489003680116925,0.0,0.2651475862081612,-0.010618595075054327
273,15.0,11.330805544762175,1.8775290645861158,24.95381958708915,False,0.15015891368851245,0.0,0.265032966903007,-0.010642600993063089
273,15.5,9.815487614750834,1.5471741330737994,25.253974276901282,False,0.13293434069597315,0.0,0.26492046355097093,-0.010666226653962193
273,16.0,8.31556529317975,1.2643473223771895,25.439226636535807,False,0.1144250581780753,0.0,0.2648205887318477,-0.01068725270510782
273,16.5,6.73615368397829,0.9800709536719591,25.677447043174134,False,0.09464199155939874,0.0,0.2647315383021095,-0.010706041619500182
273,17.0,4.098884715374674,0.567569855002757,12.969372853023543,False,0.05894915446502763,0.0,0.26465336682271506,-0.010722567610269925
273.0,17.5,0.0,0.0,0.0,0.0,0.0,0.0,0.26459093997,-0.0107357869096
273.0,18.0,0.0,0.0,0.0,0.0,0.0,0.0,0.264550142154,-0.0107444366094
273.0,18.5,0.0,0.0,0.0,0.0,0.0,0.0,0.264509433689,-0.0107530756429
273.0,19.0,0.0,0.0,0.0,0.0,0.0,0.0,0.264468814141,-0.0107617040569
273.0,19.5,0.0,0.0,0.0,0.0,0.0,0.0,0.264428283081,-0.0107703218979
273.0,20.0,0.0,0.0,0.0,0.0,0.0,0.0,0.264387840082,-0.010778929212
273.0,20.5,0.0,0.0,0.0,0.0,0.0,0.0,0.264347484721,-0.0107875260448
273.0,21.0,0.0,0.0,0.0,0.0,0.0,0.0,0.26430721658,-0.0107961124415
273.0,21.5,0.0,0.0,0.0,0.0,0.0,0.0,0.264267035242,-0.0108046884469
273.0,22.0,0.0,0.0,0.0,0.0,0.0,0.0,0.264226940297,-0.0108132541052
273.0,22.5,0.0,0.0,0.0,0.0,0.0,0.0,0.264186931335,-0.0108218094605
273.0,23.0,0.0,0.0,0.0,0.0,0.0,0.0,0.264147007952,-0.0108303545563
273.0,23.5,0.0,0.0,0.0,0.0,0.0,0.0,0.264107169747,-0.0108388894357
273.0,24.0,0.0,0.0,0.0,0.0,0.0,0.0,0.264067416321,-0.0108474141415
274.0,0.5,0.0,0.0,0.0,0.0,0.0,0.0,0.26402774728,-0.010855928716
274.0,1.0,0.0,0.0,0.0,0.0,0.0,0.0,0.263988162232,-0.0108644332011
274.0,1.5,0.0,0.0,0.0,0.0,0.0,0.0,0.26394866079,-0.0108729276385
274.0,2.0,0.0,0.0,0.0,0.0,0.0,0.0,0.263909242567,-0.0108814120694
274.0,2.5,0.0,0.0,0.0,0.0,0.0,0.0,0.263869907184,-0.0108898865346
274.0,3.0,0.0,0.0,0.0,0.0,0.0,0.0,0.26383065426,-0.0108983510746
274.0,3.5,0.0,0.0,0.0,0.0,0.0,0.0,0.263791483421,-0.0109068057296
274.0,4.0,0.0,0.0,0.0,0.0,0.0,0.0,0.263752394293,-0.0109152505392
274.0,4.5,0.0,0.0,0.0,0.0,0.0,0.0,0.263713386509,-0.010923685543
274.0,5.0,0.0,0.0,0.0,0.0,0.0,0.0,0.2636744597,-0.0109321107799
274.0,5.5,0.0,0.0,0.0,0.0,0.0,0.0,0.263635613504,-0.0109405262889
274.0,6.0,0.0,0.0,0.0,0.0,0.0,0.0,0.263596847559,-0.0109489321081
274.0,6.5,0.0,0.0,0.0,0.0,0.0,0.0,0.263558161509,-0.0109573282758
274,7.0,4.307422478430058,0.13883812428480596,16.41291198687502,False,0.1641583474052968,0.0,0.2635195549983405,-0.010965714829663749
274,7.5,6.882440641760437,0.2569173535632725,32.45574751379616,False,0.24093299498889187,0.0,0.26347575877505286,-0.010975238014024105
274,8.0,8.81248167548966,0.4128321695211675,31.632117404465347,False,0.26116289721430674,0.0,0.26342756028895603,-0.010985729831667412
274,8.5,10.607500495411124,0.6073016899943572,30.807287004739702,False,0.27248861895349963,0.0,0.2633735233348904,-0.010997506775987844
274,9.0,11.404153801291265,0.8129397226169792,29.795500644615736,False,0.25181147593084585,0.0,0.26331218441991605,-0.011010893361116339
274,9.5,11.947732361134973,0.9823513523050369,29.10879128938523,False,0.24085641339343686,0.0,0.2632431193583704,-0.01102598934183307
274,10.0,12.478647253018313,1.1544696633794638,28.43814140353709,False,0.23185459990127566,0.0,0.2631677026018424,-0.011042501826645545
274,10.5,12.190389238499368,1.2986900577559133,27.711211177253503,False,0.21025705320578958,0.0,0.2630858310959671,-0.011060460943645845
274,11.0,12.600534128286835,1.522257839830498,26.943848663621125,False,0.20070531673879277,0.0,0.26299856323189524,-0.011079642122158976
274,11.5,12.087172198546579,1.6208840540057747,26.376396852996855,False,0.18216617681416156,0.0,0.26290288744949425,-0.01110071689612957
274,12.0,12.959716064370994,1.7768710278552056,26.16027475028124,False,0.19019253640918654,0.0,0.262803544946598,-0.011122649911941899
274,12.5,11.853033345136156,1.7046345187638188,25.913540601334766,False,0.17111749712545238,0.0,0.2626983585594958,-0.01114592945388168
274,13.0,12.0723912194607,1.798464707751346,25.720352109191275,False,0.1712779415147752,0.0,0.2625959890343818,-0.01116864133888984
274,13.5,11.303569417376176,1.711792755075276,25.570502547862908,False,0.1583428775955406,0.0,0.2624901338276203,-0.01119218457706653
274,14.0,11.40796273896284,1.7521803471661503,25.48525916828457,False,0.15847460250908754,0.0,0.2623876426677753,-0.011215035981311822
274,14.5,11.011941106590271,1.7281092958330555,25.325621312302466,False,0.15088890270825772,0.0,0.26228369333547197,-0.011238269303975866
274,15.0,9.639721005469665,1.4973420545131375,25.336501016167013,False,0.13221078701175729,0.0,0.26218073171916123,-0.011261338419435815
274,15.5,7.961473670102226,1.1940908881082364,25.529561791561196,False,0.11041541429608884,0.0,0.26208660161725567,-0.011282478170893392
274,16.0,6.996033379713795,0.977735173338325,25.952322854198954,False,0.1007388872669861,0.0,0.2620040534818561,-0.011301055765699624
274,16.5,5.503232172085394,0.7239669370066822,26.250733769303448,False,0.08144328058417089,0.0,0.2619297893281155,-0.011317800188023721
274,17.0,3.1358704682155194,0.40889197921306975,13.13800167010966,False,0.046517642358213714,0.0,0.26186522865467604,-0.011332380779208338
274.0,17.5,0.0,0.0,0.0,0.0,0.0,0.0,0.261812697746,-0.0113442610454
274.0,18.0,0.0,0.0,0.0,0.0,0.0,0.0,0.261775756653,-0.0113526244432
274.0,18.5,0.0,0.0,0.0,0.0,0.0,0.0,0.261738887648,-0.0113609788462
274.0,19.0,0.0,0.0,0.0,0.0,0.0,0.0,0.261702090436,-0.0113693242863
274.0,19.5,0.0,0.0,0.0,0.0,0.0,0.0,0.261665364721,-0.0113776607947
274.0,20.0,0.0,0.0,0.0,0.0,0.0,0.0,0.261628710213,-0.0113859884026
274.0,20.5,0.0,0.0,0.0,0.0,0.0,0.0,0.261592126622,-0.0113943071409
274.0,21.0,0.0,0.0,0.0,0.0,0.0,0.0,0.261555613661,-0.0114026170403
274.0,21.5,0.0,0.0,0.0,0.0,0.0,0.0,0.261519171043,-0.0114109181313
274.0,22.0,0.0,0.0,0.0,0.0,0.0,0.0,0.261482798486,-0.0114192104442
274.0,22.5,0.0,0.0,0.0,0.0,0.0,0.0,0.261446495707,-0.0114274940088
274.0,23.0,0.0,0.0,0.0,0.0,0.0,0.0,0.261410262428,-0.011435768855
274.0,23.5,0.0,0.0,0.0,0.0,0.0,0.0,0.261374098371,-0.0114440350124
274.0,24.0,0.0,0.0,0.0,0.0,0.0,0.0,0.261338003259,-0.0114522925102
275.0,0.5,0.0,0.0,0.0,0.0,0.0,0.0,0.26130197682,-0.0114605413777
275.0,1.0,0.0,0.0,0.0,0.0,0.0,0.0,0.261266018781,-0.0114687816437
275.0,1.5,0.0,0.0,0.0,0.0,0.0,0.0,0.261230128873,-0.0114770133369
275.0,2.0,0.0,0.0,0.0,0.0,0.0,0.0,0.261194306826,-0.0114852364858
275.0,2.5,0.0,0.0,0.0,0.0,0.0,0.0,0.261158552375,-0.0114934511188
275.0,3.0,0.0,0.0,0.0,0.0,0.0,0.0,0.261122865256,-0.0115016572639
275.0,3.5,0.0,0.0,0.0,0.0,0.0,0.0,0.261087245204,-0.011509854949
275.0,4.0,0.0,0.0,0.0,0.0,0.0,0.0,0.261051691961,-0.0115180442018
275.0,4.5,0.0,0.0,0.0,0.0,0.0,0.0,0.261016205265,-0.0115262250498
275.0,5.0,0.0,0.0,0.0,0.0,0.0,0.0,0.26098078486,-0.0115343975203
275.0,5.5,0.0,0.0,0.0,0.0,0.0,0.0,0.26094543049,-0.0115425616404
275.0,6.0,0.0,0.0,0.0,0.0,0.0,0.0,0.2609101419,-0.011550717437
275.0,6.5,0.0,0.0,0.0,0.0,0.0,0.0,0.260874918839,-0.0115588649369
275.0,7.0,0.0,0.0,0.0,0.0,0.0,0.0,0.260839761055,-0.0115670041666
275,7.5,2.2348925789008214,0.08700558292959755,16.143313574519635,False,0.07542947996366557,0.0,0.2608046682997471,-0.011575135152530058
275,8.0,3.2298714012299823,0.12691826172115944,16.16626510353949,False,0.11008292840102744,0.0,0.26076633846786784,-0.01158402395110012
275,8.5,9.232786694853633,0.37779580037561766,32.14423124723466,False,0.30247610104844913,0.0,0.26072655848689413,-0.011593257645034655
275,9.0,11.137854591745967,0.5331797103948015,31.627777019453447,False,0.329809965594979,0.0,0.2606773220068729,-0.011604698520383068
275,9.5,11.118524231185443,0.6302430910424368,30.84222140718559,False,0.28723630910994397,0.0,0.2606222527634423,-0.011617510671607463
275,10.0,11.127653348915583,0.7121783752267112,30.251553606051495,False,0.2623107234691919,0.0,0.2605635637765848,-0.011631183531613479
275,10.5,12.107043794219628,0.877153075742052,29.6834326416017,False,0.26323703957728173,0.0,0.26050182891720614,-0.01164558668964166
275,11.0,12.630211457054507,1.0586717763841698,28.950542925955425,False,0.2496090299424536,0.0,0.2604338966056421,-0.011661460320052636
275,11.5,13.090577123568067,1.2927005365190491,28.109420294100126,False,0.2342313239128593,0.0,0.2603591387614019,-0.011678958665956106
275,12.0,12.924089296568738,1.483036450338207,27.24434651214627,False,0.21230054043973579,0.0,0.26027556239538036,-0.011698558187945084
275,12.5,12.71651567828396,1.5888433942098965,26.72296866050978,False,0.1981759699875031,0.0,0.26018482541533167,-0.011719881335052909
275,13.0,12.11977159706522,1.554295087922269,26.58672481224964,False,0.18620082643390745,0.0,0.2600901354592948,-0.011742182826495728
275,13.5,11.961443297390439,1.4699397598409674,26.78140813286069,False,0.18621248249907396,0.0,0.25999681877125697,-0.011764210369441225
275,14.0,10.988417604084825,1.294211044183224,26.99473219307239,False,0.1747119839783451,0.0,0.25990676529600304,-0.011785514323285218
275,14.5,10.391896486705837,1.2356940255074769,26.945270668435228,False,0.16441471525322832,0.0,0.2598234424212129,-0.01180526697193367
275,15.0,9.564329464105064,1.212902401739813,26.623440677093818,False,0.14662816870629736,0.0,0.2597424017426634,-0.011824516449640736
275,15.5,9.586883951549288,1.2325845286717332,26.517024167617983,False,0.14548195913851952,0.0,0.25966228725854545,-0.01184358269994543
275,16.0,8.536321175907611,1.0431021938852232,26.77863988976651,False,0.13285512441426955,0.0,0.2595814868686839,-0.01186284930020101
275,16.5,4.522348563803112,0.4965756342862142,27.347418633077886,False,0.07453097516664517,0.0,0.25950793813161177,-0.011880419240778053
275,17.0,3.9749529389301994,0.3774807133653039,14.040036876693394,False,0.07089032754648113,0.0,0.25945519063669614,-0.01189303909929743
275.0,17.5,0.0,0.0,0.0,0.0,0.0,0.0,0.259407023156,-0.011904577142
275.0,18.0,0.0,0.0,0.0,0.0,0.0,0.0,0.259373241198,-0.0119126772325
275.0,18.5,0.0,0.0,0.0,0.0,0.0,0.0,0.259339519173,-0.0119207695027
275.0,19.0,0.0,0.0,0.0,0.0,0.0,0.0,0.259305856866,-0.0119288539755
275.0,19.5,0.0,0.0,0.0,0.0,0.0,0.0,0.259272254062,-0.0119369306739
275.0,20.0,0.0,0.0,0.0,0.0,0.0,0.0,0.259238710549,-0.0119449996205
275.0,20.5,0.0,0.0,0.0,0.0,0.0,0.0,0.259205226114,-0.0119530608379
275.0,21.0,0.0,0.0,0.0,0.0,0.0,0.0,0.259171800549,-0.0119611143485
275.0,21.5,0.0,0.0,0.0,0.0,0.0,0.0,0.259138433643,-0.0119691601747
275.0,22.0,0.0,0.0,0.0,0.0,0.0,0.0,0.259105125189,-0.0119771983385
275.0,22.5,0.0,0.0,0.0,0.0,0.0,0.0,0.25907187498,-0.0119852288621
275.0,23.0,0.0,0.0,0.0,0.0,0.0,0.0,0.259038682811,-0.0119932517673
275.0,23.5,0.0,0.0,0.0,0.0,0.0,0.0,0.259005548478,-0.0120012670758
275.0,24.0,0.0,0.0,0.0,0.0,0.0,0.0,0.258972471778,-0.0120092748094
276.0,0.5,0.0,0.0,0.0,0.0,0.0,0.0,0.25893945251,-0.0120172749894
276.0,1.0,0.0,0.0,0.0,0.0,0.0,0.0,0.258906490472,-0.0120252676373
276.0,1.5,0.0,0.0,0.0,0.0,0.0,0.0,0.258873585465,-0.0120332527743
276.0,2.0,0.0,0.0,0.0,0.0,0.0,0.0,0.258840737292,-0.0120412304215
276.0,2.5,0.0,0.0,0.0,0.0,0.0,0.0,0.258807945755,-0.0120492005999
276.0,3.0,0.0,0.0,0.0,0.0,0.0,0.0,0.258775210658,-0.0120571633305
276.0,3.5,0.0,0.0,0.0,0.0,0.0,0.0,0.258742531806,-0.0120651186339
276.0,4.0,0.0,0.0,0.0,0.0,0.0,0.0,0.259504446965,-0.0118812540105
276.0,4.5,0.0,0.0,0.0,0.0,0.0,0.0,0.261853936574,-0.0113349333181
276.0,5.0,0.0,0.0,0.0,0.0,0.0,0.0,0.261816044429,-0.0113435037251
276.0,5.5,0.0,0.0,0.0,0.0,0.0,0.0,0.26177823765,-0.0113520625198
276.0,6.0,0.0,0.0,0.0,0.0,0.0,0.0,0.26174051577,-0.0113606097643
276.0,6.5,0.0,0.0,0.0,0.0,0.0,0.0,0.261702878326,-0.0113691455198
276.0,7.0,0.0,0.0,0.0,0.0,0.0,0.0,0.26166532486,-0.0113776698469
276.0,7.5,0.0,0.0,0.0,0.0,0.0,0.0,0.261627854917,-0.0113861828057
276.0,8.0,0.0,0.0,0.0,0.0,0.0,0.0,0.261590468047,-0.0113946844555
276,8.5,8.438945343852922,0.28580051294813297,32.8571938163154,False,0.32404835324364,0.0,0.26155316380676125,-0.011403174855276475
276,9.0,4.98486655270941,0.20216746149219353,16.183244218995817,False,0.171143159949669,0.0,0.2615050956386871,-0.011414126228349286
276,9.5,5.160852906757069,0.24222578082789237,15.85632341781318,False,0.1552742434700897,0.0,0.2614602830913288,-0.0114243471618393
276,10.0,5.65582984726994,0.29798349267967933,15.63443224900023,False,0.15698997468220843,0.0,0.2614140316508114,-0.011434907718758462
276,10.5,5.316535777314471,0.2977544184596365,15.447019370343702,False,0.13851313418328998,0.0,0.2613657450974285,-0.011445945364082541
276,11.0,5.240977389975204,0.3151764309144702,15.272531123204715,False,0.129162513311765,0.0,0.2613175477023396,-0.011456975290385732
276,11.5,5.0487754679093815,0.3253429866495395,15.09727244580219,False,0.11801715540792572,0.0,0.26126876918717873,-0.011468151102032009
276,12.0,4.660810746825556,0.3095933195564645,15.016463977924152,False,0.10642102210896186,0.0,0.2612196844795678,-0.011479410180394613
276,12.5,5.657686735862736,0.36984789972280085,15.095287102981565,False,0.13217358367848558,0.0,0.2619656684144315,-0.011309706801945478
276,13.0,5.375852447568408,0.3120180109095631,15.37659172271524,False,0.13690044109956884,0.0,0.26191363066843126,-0.011321447413839813
276,13.5,3.99532075417965,0.18796286855016214,15.791616689735019,False,0.11733505623327484,0.0,0.2650409351686143,-0.010640930026014546
276,14.0,3.07154176091199,0.1207935884730132,16.121543889735023,False,0.10271823425906168,0.0,0.2681659307956159,-0.010009043107535117
276,14.5,3.2607273170704443,0.11731539653206748,16.307413477752192,False,0.11828890324952636,0.020169709723445044,0.26969806982721833,-0.00971561537848825
276,15.0,2.686115637002118,0.09317374398817777,16.360764829424753,False,0.09987399849981198,0.023978456083880634,0.2704319062951501,-0.009578710030549544
276,15.5,2.384375817927637,0.08302845332302362,16.365799288165803,False,0.08886396966268678,0.03716894245103827,0.2711646226202601,-0.009444300793916994
276.0,16.0,0.0,0.0,0.0,0.0,0.0,0.0170795656442,0.271101664063,-0.00945576125699
276.0,16.5,0.0,0.0,0.0,0.0,0.0,0.0,0.271042878811,-0.0094664770072
276.0,17.0,0.0,0.0,0.0,0.0,0.0,0.0,0.271778638749,-0.00933339363996
276.0,17.5,0.0,0.0,0.0,0.0,0.0,0.0,0.271718853785,-0.00934412390276
276.0,18.0,0.0,0.0,0.0,0.0,0.0,0.0,0.272452926369,-0.00921338268814
276.0,18.5,0.0,0.0,0.0,0.0,0.0,0.0,0.27239147244,-0.00922424391678
276.0,19.0,0.0,0.0,0.0,0.0,0.0,0.0,0.27233031065,-0.00923506866359
276.0,19.5,0.0,0.0,0.0,0.0,0.0,0.0,0.2722694372,-0.00924585741009
276.0,20.0,0.0,0.0,0.0,0.0,0.0,0.0,0.272208848371,-0.00925661062779
276.0,20.5,0.0,0.0,0.0,0.0,0.0,0.0,0.27214854052,-0.00926732877847
276.0,21.0,0.0,0.0,0.0,0.0,0.0,0.0,0.272088510081,-0.00927801231449
276.0,21.5,0.0,0.0,0.0,0.0,0.0,0.0,0.27202875356,-0.00928866167895
276.0,22.0,0.0,0.0,0.0,0.0,0.0,0.0,0.271969267535,-0.00929927730602
276.0,22.5,0.0,0.0,0.0,0.0,0.0,0.0,0.271910048651,-0.00930985962112
276.0,23.0,0.0,0.0,0.0,0.0,0.0,0.0,0.271851093622,-0.00932040904116
276.0,23.5,0.0,0.0,0.0,0.0,0.0,0.0,0.271792399228,-0.00933092597476
276.0,24.0,0.0,0.0,0.0,0.0,0.0,0.0,0.271733962313,-0.00934141082249
277.0,0.5,0.0,0.0,0.0,0.0,0.0,0.0,0.271675779781,-0.00935186397701
277.0,1.0,0.0,0.0,0.0,0.0,0.0,0.0,0.271617848598,-0.00936228582336
277.0,1.5,0.0,0.0,0.0,0.0,0.0,0.0,0.27156016579,-0.00937267673907
277.0,2.0,0.0,0.0,0.0,0.0,0.0,0.0,0.27150272844,-0.00938303709439
277.0,2.5,0.0,0.0,0.0,0.0,0.0,0.0,0.271445533685,-0.00939336725247
277.0,3.0,0.0,0.0,0.0,0.0,0.0,0.0,0.27138857872,-0.00940366756953
277.0,3.5,0.0,0.0,0.0,0.0,0.0,0.0,0.271331860789,-0.00941393839503
277.0,4.0,0.0,0.0,0.0,0.0,0.0,0.0,0.272069066108,-0.009281475878
277.0,4.5,0.0,0.0,0.0,0.0,0.0,0.0,0.272010702825,-0.00929188141093
277.0,5.0,0.0,0.0,0.0,0.0,0.0,0.0,0.271952590456,-0.00930225602164
277.0,5.5,0.0,0.0,0.0,0.0,0.0,0.0,0.27189472604,-0.009312600082
277.0,6.0,0.0,0.0,0.0,0.0,0.0,0.0,0.271837106678,-0.00932291395671
277.0,6.5,0.0,0.0,0.0,0.0,0.0,0.0,0.271779729522,-0.00933319800345
277.0,7.0,0.0,0.0,0.0,0.0,0.0,0.0226466883859,0.271722591781,-0.0093434525731
277,7.5,7.0387222070358355,0.17714298884642213,33.7803458812274,False,0.3477770081603597,0.1496652241472609,0.27166483127584756,-0.00935383255831352
277,8.0,8.629286315142622,0.22499545272970084,33.780345872897854,False,0.4263653670320444,0.20408993288514027,0.2715957618455488,-0.009366262883600828
277,8.5,10.35564580127253,0.3015411545237176,33.78034586755635,False,0.5116632548355117,0.2947181541707617,0.27152304235405456,-0.009379371380371537
277,9.0,11.409382764073154,0.37271991946753436,33.780345864863634,False,0.563727461595152,0.5261808795938114,0.27144420738514313,-0.009393606961178426
277,9.5,11.835505578748865,0.4433697542087485,33.309917236159464,False,0.515767001439402,0.6593430182403649,0.2713541134115294,-0.009409907163262204
277,10.0,12.301016648246254,0.7112930631642544,31.070049881603197,False,0.33307947947508426,0.6948418372607691,0.2712565085149941,-0.009427604322050564
277,10.5,12.303251238683348,0.987044121554273,29.305049584678052,False,0.2561677240224448,0.7365846327781274,0.2711476100474334,-0.00944739599155716
277,11.0,12.800300285676009,1.128660492408653,28.691847517835456,False,0.24509359320139118,0.5208683277323469,0.2710268815841796,-0.009469395587692359
277,11.5,10.699404405806051,0.9278792605229638,28.668178272164088,False,0.20428472400070374,0.2353199015075498,0.2709091817294985,-0.009490902084433763
277,12.0,12.14952676286496,1.188597062194112,28.16026617795704,False,0.2197805959749416,0.6628998146312852,0.2708101522626943,-0.009509042161615676
277,12.5,11.636651667591641,1.3152884193917382,27.32499226621554,False,0.19218291871019913,0.6279725837160615,0.27068521385848876,-0.009531987171859017
277,13.0,12.171372770697374,1.2663430706982457,27.71923269965295,False,0.20862768483049376,0.32564646276371084,0.27055700270011196,-0.009555601840077739
277,13.5,11.64914514772055,1.1802396447388053,27.934918755005988,False,0.20442716896933225,0.39972169793429163,0.2704423297691977,-0.009576782033646135
277,14.0,11.2112551142532,1.1616115648998482,27.72374248952997,False,0.19226387755523913,0.226367302593969,0.2703283186424474,-0.00959789546652609
277,14.5,8.31846137435004,0.7955942032325763,28.118015479042167,False,0.14898729928609017,0.08987359410859837,0.2702217964551893,-0.009617672174836741
277,15.0,9.35676040855695,0.9623781401979937,27.762253803623295,False,0.1611297523177304,0.16608538194260744,0.27013454566788897,-0.009633907171064358
277,15.5,7.183812387915753,0.6644745208775066,28.295973117400308,False,0.1312958537328794,0.06128551954644026,0.2700382722876809,-0.009651858933605588
277,16.0,6.3599503845056296,0.5936068499945836,28.250192847754334,False,0.11563025894349395,0.06416385249408553,0.26995747855355384,-0.009666955025809474
277,16.5,5.030367062309913,0.442058231407058,28.532782525955888,False,0.09450944330257872,0.03455979439619303,0.2698794601020944,-0.009681559270385639
277.0,17.0,0.0,0.0,0.0,0.0,0.0,0.0,0.269808509531,-0.0096948633096
277.0,17.5,0.0,0.0,0.0,0.0,0.0,0.0,0.269755837823,-0.00970475394314
277.0,18.0,0.0,0.0,0.0,0.0,0.0,0.0,0.269703355467,-0.00971462098024
277.0,18.5,0.0,0.0,0.0,0.0,0.0,0.0,0.269651060614,-0.00972446465667
277.0,19.0,0.0,0.0,0.0,0.0,0.0,0.0,0.269598951445,-0.00973428520428
277.0,19.5,0.0,0.0,0.0,0.0,0.0,0.0,0.269547026172,-0.00974408285102
277.0,20.0,0.0,0.0,0.0,0.0,0.0,0.0,0.269495283036,-0.00975385782107
277.0,20.5,0.0,0.0,0.0,0.0,0.0,0.0,0.269443720304,-0.00976361033488
277.0,21.0,0.0,0.0,0.0,0.0,0.0,0.0,0.269392336274,-0.0097733406093
277.0,21.5,0.0,0.0,0.0,0.0,0.0,0.0,0.269341129271,-0.0097830488576
277.0,22.0,0.0,0.0,0.0,0.0,0.0,0.0,0.269290097645,-0.00979273528961
277.0,22.5,0.0,0.0,0.0,0.0,0.0,0.0,0.269239239775,-0.00980240011173
277.0,23.0,0.0,0.0,0.0,0.0,0.0,0.0,0.269188554063,-0.00981204352705
277.0,23.5,0.0,0.0,0.0,0.0,0.0,0.0,0.269138038936,-0.00982166573537
277.0,24.0,0.0,0.0,0.0,0.0,0.0,0.0,0.269087692849,-0.00983126693333
278.0,0.5,0.0,0.0,0.0,0.0,0.0,0.0,0.269037514278,-0.00984084731443
278.0,1.0,0.0,0.0,0.0,0.0,0.0,0.0,0.268987501724,-0.00985040706911
278.0,1.5,0.0,0.0,0.0,0.0,0.0,0.0,0.268937653708,-0.0098599463848
278.0,2.0,0.0,0.0,0.0,0.0,0.0,0.0,0.268887968779,-0.00986946544602
278.0,2.5,0.0,0.0,0.0,0.0,0.0,0.0,0.268838445504,-0.00987896443438
278.0,3.0,0.0,0.0,0.0,0.0,0.0,0.0,0.268789082472,-0.00988844352869
278.0,3.5,0.0,0.0,0.0,0.0,0.0,0.0,0.268739878296,-0.00989790290499
278.0,4.0,0.0,0.0,0.0,0.0,0.0,0.0,0.268690831606,-0.00990734273662
278.0,4.5,0.0,0.0,0.0,0.0,0.0,0.0,0.268641941056,-0.00991676319427
278.0,5.0,0.0,0.0,0.0,0.0,0.0,0.0,0.268593205317,-0.009926164446
278.0,5.5,0.0,0.0,0.0,0.0,0.0,0.0,0.268544623081,-0.00993554665737
278.0,6.0,0.0,0.0,0.0,0.0,0.0,0.0,0.26849619306,-0.0099449099914
278.0,6.5,0.0,0.0,0.0,0.0,0.0,0.0,0.268447913983,-0.00995425460868
278.0,7.0,0.0,0.0,0.0,0.0,0.0,0.0,0.269193766934,-0.00981105120974
278.0,7.5,0.0,0.0,0.0,0.0,0.0,0.0,0.26993788426,-0.00967062040445
278.0,8.0,0.0,0.0,0.0,0.0,0.0,0.0,0.269886357853,-0.00968026702411
278.0,8.5,0.0,0.0,0.0,0.0,0.0,0.0,0.272216406993,-0.00925526832119
278,9.0,2.4784602225077697,0.08259256295821885,16.391222968989524,False,0.09348405721725131,0.03255236545598766,0.27771320737187694,-0.008337658697652229
278,9.5,4.251988732332339,0.13837525532373235,16.491938923502488,False,0.16842302067242626,0.22123838280438526,0.27763531252968876,-0.008349883228599241
278,10.0,4.447953513760719,0.14476994661623496,16.490842457511036,False,0.17608911592049245,0.2306355869678091,0.2815131829277747,-0.007766378532206583
278,10.5,3.2293908195057646,0.10104873891811678,16.50516070412635,False,0.12876533307164206,0.08485917388654851,0.28378958758893946,-0.007446478499615307
278,11.0,3.188233656882245,0.09630243536353132,16.560430964443036,False,0.1307468287710191,0.08182273983308384,0.2852710821721094,-0.0072467092807965965
278,11.5,2.5331590716496684,0.07289640740938702,16.617915943449272,False,0.10705567881881148,0.03562644069187795,0.2875381787389848,-0.006953225846176188
278,12.0,2.542928915769692,0.07158064085368493,16.653076406733085,False,0.1095144821815041,0.039053354840423354,0.2890050475845428,-0.006770871796102602
278,12.5,3.5346074582471214,0.0994880652955493,16.687892475164173,False,0.15514703867654256,0.12172478821453142,0.28888150461963724,-0.006786008518487996
278,13.0,5.118676170249468,0.15841345645350918,16.650622822311536,False,0.22014986694837563,0.38351587463641257,0.2887550404343601,-0.006801544932947697
278,13.5,4.687744710968498,0.1591727008341884,16.461541620527477,False,0.18291459905257795,0.32129319444203,0.28861764380953914,-0.0068184724829251885
278,14.0,3.022265078366667,0.11267195779922388,16.222341854390965,False,0.10554320412185635,0.09781345967732655,0.29006701716062805,-0.006642402806292635
278,14.5,2.802418239085699,0.09402389502860109,16.4087567439722,False,0.10658955774517004,0.09455241554063258,0.2931012947097738,-0.006291029281836774
278.0,15.0,0.0,0.0,0.0,0.0,0.0,0.00375788661426,0.295327181329,-0.0060472997779
278.0,15.5,0.0,0.0,0.0,0.0,0.0,0.00473536917062,0.297739701254,-0.00579572689349
278.0,16.0,0.0,0.0,0.0,0.0,0.0,0.020031060238,0.300941628192,-0.00548082162163
278.0,16.5,0.0,0.0,0.0,0.0,0.0,0.0,0.302893524589,-0.00529885110543
278.0,17.0,0.0,0.0,0.0,0.0,0.0,0.0,0.334283816612,-0.00316604288323
278.0,17.5,0.0,0.0,0.0,0.0,0.0,0.0,0.334762835814,-0.00314245346376
278.0,18.0,0.0,0.0,0.0,0.0,0.0,0.0,0.335307972858,-0.00311586233463
278.0,18.5,0.0,0.0,0.0,0.0,0.0,0.0,0.335137397995,-0.00312415385041
278.0,19.0,0.0,0.0,0.0,0.0,0.0,0.0,0.335029351312,-0.00312941951918
278.0,19.5,0.0,0.0,0.0,0.0,0.0,0.0,0.334971043441,-0.0031322655536
278.0,20.0,0.0,0.0,0.0,0.0,0.0,0.0,0.334952852277,-0.00313315410388
278.0,20.5,0.0,0.0,0.0,0.0,0.0,0.0,0.334195039137,-0.00317043789449
278.0,21.0,0.0,0.0,0.0,0.0,0.0,0.0,0.333483587911,-0.00320592274973
278.0,21.5,0.0,0.0,0.0,0.0,0.0,0.0,0.332810966065,-0.00323990690494
278.0,22.0,0.0,0.0,0.0,0.0,0.0,0.0,0.332171279198,-0.00327262594992
278.0,22.5,0.0,0.0,0.0,0.0,0.0,0.0,0.332336357539,-0.00326414489312
278.0,23.0,0.0,0.0,0.0,0.0,0.0,0.0,0.331731910187,-0.00329532720528
278.0,23.5,0.0,0.0,0.0,0.0,0.0,0.0,0.331150292443,-0.00332566740399
278.0,24.0,0.0,0.0,0.0,0.0,0.0,0.0,0.330588641098,-0.00335528245015
279.0,0.5,0.0,0.0,0.0,0.0,0.0,0.0,0.330044565368,-0.00338427085465
279.0,1.0,0.0,0.0,0.0,0.0,0.0,0.0,0.333405755324,-0.00320983343002
279.0,1.5,0.0,0.0,0.0,0.0,0.0,0.0,0.333585624791,-0.00320080452621
279.0,2.0,0.0,0.0,0.0,0.0,0.0,0.0,0.333766450603,-0.00319175810205
279.0,2.5,0.0,0.0,0.0,0.0,0.0,0.0,0.333947304924,-0.00318274070571
279.0,3.0,0.0,0.0,0.0,0.0,0.0,0.0,0.33335038027,-0.00321261919745
279.0,3.5,0.0,0.0,0.0,0.0,0.0,0.0,0.33276931736,-0.00324202527754
279.0,4.0,0.0,0.0,0.0,0.0,0.0,0.0,0.332202270171,-0.00327103175921
279.0,4.5,0.0,0.0,0.0,0.0,0.0,0.0,0.331647665429,-0.00329970136098
279.0,5.0,0.0,0.0,0.0,0.0,0.0,0.0,0.331104153542,-0.00332808846666
279.0,5.5,0.0,0.0,0.0,0.0,0.0,0.0,0.332127694095,-0.00327486955547
279.0,6.0,0.0,0.0,0.0,0.0,0.0,0.0,0.332348682253,-0.00326351275038
279.0,6.5,0.0,0.0,0.0,0.0,0.0,0.0,0.331784737368,-0.00329258783709
279.0,7.0,0.0,0.0,0.0,0.0,0.0,0.0,0.331230528891,-0.00332146212454
279.0,7.5,0.0,0.0,0.0,0.0,0.0,0.0,0.330685058184,-0.00335017624818
279,8.0,2.730076775976704,0.11528296215427157,16.008674149537274,False,0.08716268254085639,0.09931945433690642,0.33014746166888476,-0.0033787657198422003
279,8.5,3.5913717391405964,0.16864768249259773,15.813165643559502,False,0.10631773869004692,0.20996282661883806,0.3296089219013528,-0.0034076972867520265
279,9.0,9.725273486711197,0.51043145427475,31.151551667447194,False,0.26453151865221103,0.5193599563015302,0.3290708389647302,-0.0034368995870940012
279,9.5,10.036439247724346,0.5693519058325636,30.81308725722585,False,0.2580607342992508,0.5595236729123761,0.3285143274910855,-0.0034674162377173723
279,10.0,4.861755660364097,0.2640925358218932,15.525687285991543,False,0.13001479189344473,0.38412671122819725,0.3279600401648313,-0.003498132376208997
279,10.5,5.002786170067686,0.2982090270035352,15.306975497841703,False,0.12462235485638337,0.381772520727662,0.32742975612309716,-0.0035278222642403634
279,11.0,11.386126220481149,0.890372463220231,29.424703900218617,False,0.23910719252329016,1.7280595472413727,0.32690386800484095,-0.0035575630172802078
279,11.5,11.82604030784957,0.9232263974486373,29.33725246484508,False,0.245511080381094,1.1623478153984006,0.3263099032343398,-0.003591513737798694
279,12.0,11.563067468187217,1.091462637678124,28.385687060242283,False,0.21353480546292164,1.6802781409341174,0.32574156979886576,-0.003624361385297956
279,12.5,11.628364161739267,1.1138722742994769,28.26730671511713,False,0.2118296144733342,1.4189596031302918,0.32515255431916323,-0.003658782820772701
279,13.0,10.921573838118352,1.1196948072576987,27.926071270380035,False,0.19147237332483333,1.706521698688073,0.3245779314769392,-0.003692739151261984
279,13.5,10.869421170354778,1.0988314143072089,27.99733529117067,False,0.1920664898558771,1.6085778908053976,0.32399748255121674,-0.00372742166985319
279,14.0,11.325905128472273,1.1672826934107394,27.89026463820392,False,0.19778047546172023,1.755866528000118,0.3234268409942749,-0.0037618971700026775
279,14.5,10.39181739823728,1.0663710557792068,27.868099424543626,False,0.18102834863605693,1.247757335324546,0.32285330676522733,-0.0037969309361113035
279,15.0,10.930373105612869,1.1202232480529941,27.862865006374676,False,0.19030105781282675,1.3427777631876865,0.32230817775038123,-0.0038305904944172385
279,15.5,9.804520749212593,0.9796041278175688,27.960377437699623,False,0.17254100677778839,0.8970814258255222,0.3217626901450663,-0.003864628673758082
279,16.0,9.56425922472075,0.9407402795139079,28.019533778830457,False,0.16942157190482526,0.7517539885340828,0.32124474074690035,-0.0038972825218946644
279,16.5,5.969413080345822,0.5532294920674256,28.29661283945324,False,0.10910874699959398,0.22881602244645094,0.3207390623688783,-0.003929480378134007
279.0,17.0,0.0,0.0,0.0,0.0,0.0,0.0,0.320273205928,-0.0039594235115
279.0,17.5,0.0,0.0,0.0,0.0,0.0,0.0,0.319842283515,-0.00398736357747
279.0,18.0,0.0,0.0,0.0,0.0,0.0,0.0,0.319416596705,-0.00401519512991
279.0,18.5,0.0,0.0,0.0,0.0,0.0,0.0,0.318996120707,-0.00404291351829
279.0,19.0,0.0,0.0,0.0,0.0,0.0,0.0,0.318580825784,-0.00407051444177
279.0,19.5,0.0,0.0,0.0,0.0,0.0,0.0,0.318170677393,-0.00409799395534
279.0,20.0,0.0,0.0,0.0,0.0,0.0,0.0,0.31776563641,-0.00412534846924
279.0,20.5,0.0,0.0,0.0,0.0,0.0,0.0,0.317365659413,-0.0041525747434
279.0,21.0,0.0,0.0,0.0,0.0,0.0,0.0,0.316970699013,-0.00417966987801
279.0,21.5,0.0,0.0,0.0,0.0,0.0,0.0,0.316580704199,-0.00420663130126
279.0,22.0,0.0,0.0,0.0,0.0,0.0,0.0,0.316195620705,-0.00423345675506
279.0,22.5,0.0,0.0,0.0,0.0,0.0,0.0,0.315815391363,-0.00426014427946
279.0,23.0,0.0,0.0,0.0,0.0,0.0,0.0,0.315439956462,-0.00428669219622
279.0,23.5,0.0,0.0,0.0,0.0,0.0,0.0,0.315069254091,-0.00431309909199
279.0,24.0,0.0,0.0,0.0,0.0,0.0,0.0,0.314703220462,-0.00433936380139
280.0,0.5,0.0,0.0,0.0,0.0,0.0,0.0,0.314341790217,-0.00436548539035
280.0,1.0,0.0,0.0,0.0,0.0,0.0,0.0,0.313984896723,-0.00439146313969
280.0,1.5,0.0,0.0,0.0,0.0,0.0,0.0,0.31363247233,-0.00441729652933
280.0,2.0,0.0,0.0,0.0,0.0,0.0,0.0,0.313284448624,-0.00444298522309
280.0,2.5,0.0,0.0,0.0,0.0,0.0,0.0,0.312940756652,-0.00446852905408
280.0,3.0,0.0,0.0,0.0,0.0,0.0,0.0,0.312601327125,-0.00449392801096
280.0,3.5,0.0,0.0,0.0,0.0,0.0,0.0,0.312266090608,-0.00451918222487
280.0,4.0,0.0,0.0,0.0,0.0,0.0,0.0,0.311934977685,-0.0045442919571
280.0,4.5,0.0,0.0,0.0,0.0,0.0,0.0,0.311607919113,-0.00456925758758
280.0,5.0,0.0,0.0,0.0,0.0,0.0,0.0,0.311284845956,-0.00459407960406
280.0,5.5,0.0,0.0,0.0,0.0,0.0,0.0,0.310965689704,-0.00461875859203
280.0,6.0,0.0,0.0,0.0,0.0,0.0,0.0,0.310650382379,-0.00464329522536
280.0,6.5,0.0,0.0,0.0,0.0,0.0,0.0,0.311124336303,-0.00460647143781
280.0,7.0,0.0,0.0,0.0,0.0,0.0,0.0,0.311591865323,-0.00457048723665
280.0,7.5,0.0,0.0,0.0,0.0,0.0,0.0,0.313622321334,-0.00441804329565
280.0,8.0,0.0,0.0,0.0,0.0,0.0,0.0,0.315622792519,-0.00427373886588
280,8.5,1.8470542070012073,0.04479944668935924,16.89017295013611,False,0.0912613066869987,0.03845151157322744,0.3152430657015807,-0.004300693601509452
280,9.0,2.6242003286210775,0.06942784006580292,16.890172941880902,True,0.1296594058207055,0.2411573047696431,0.31486711262781947,-0.004327580241826931
280,9.5,7.763517453016025,0.20254206201188943,33.78034587361515,False,0.383588497058711,0.44676485403254995,0.3144891551371527,-0.00435481235034669
280,10.0,8.263735269398534,0.2179134316313551,33.72798420629502,False,0.40176977907055655,0.4476885043623229,0.3141046794746392,-0.004382723847221113
280,10.5,9.667596179756053,0.2912465212028485,33.3808269021091,False,0.4249378420488552,0.6296408063627429,0.31372565637362726,-0.004410448390729578
280,11.0,4.108833774310256,0.12576077344633046,16.597707178001777,False,0.17180170441793607,0.19388369645488457,0.31412713675681253,-0.004381087682141084
280,11.5,11.058873820209465,0.36634307332668653,33.24302474644574,False,0.46826190807658685,0.876771108150383,0.3137617402409276,-0.00440779996859009
280,12.0,11.772558450346569,0.46171706444024574,32.73765557068138,False,0.43937827171572474,1.221813745426963,0.3133671715998269,-0.004436863096734673
280,12.5,11.803779294336685,0.5867548752683917,31.6802148749774,False,0.3529744343380005,1.3157894655796767,0.31296152602488164,-0.004466980476409765
280,13.0,10.61401906740345,0.567620259342866,31.10739530852437,False,0.2865423487577682,0.664028971621945,0.3125529857081438,-0.004497559297194811
280,13.5,9.496507282115251,0.49713153521997344,31.151551668878533,False,0.2583089819183333,0.4993257895905454,0.31217511770158285,-0.004526064589524499
280,14.0,4.189221263244567,0.20706933095502958,15.732621752093994,False,0.1204068070740455,0.33189565294254236,0.31181119592811757,-0.004553721529493598
280,14.5,10.02490769019654,0.5008278313217025,31.522350761606788,False,0.291140366141488,0.8970693920289762,0.3114694780790902,-0.004579874527845526
280,15.0,8.136920181607255,0.43917641059869045,30.993737666204737,False,0.215512277746285,0.37451873711809786,0.3110998387515868,-0.004608366224386102
280,15.5,6.3607493493101295,0.39919795356319127,30.277826655867997,False,0.1505271464692215,0.21937673991464557,0.3107568880890036,-0.004634989817093361
280,16.0,3.3263176733986883,0.1903800578252535,15.327489677336228,False,0.0833963302438352,0.09088473149141357,0.3104257132398888,-0.004660873348654848
280,16.5,2.4393688982980315,0.12115092291140257,15.611652579615264,False,0.06717602640165425,0.048137708573903114,0.31011157176675164,-0.004685584917456775
280.0,17.0,0.0,0.0,0.0,0.0,0.0,0.0,0.309805781714,-0.00470978960928
280.0,17.5,0.0,0.0,0.0,0.0,0.0,0.0,0.309510394842,-0.00473331243062
280.0,18.0,0.0,0.0,0.0,0.0,0.0,0.0,0.309218870113,-0.00475666506639
280.0,18.5,0.0,0.0,0.0,0.0,0.0,0.0,0.308931097153,-0.00477985192551
280.0,19.0,0.0,0.0,0.0,0.0,0.0,0.0,0.30864697126,-0.0048028771663
280.0,19.5,0.0,0.0,0.0,0.0,0.0,0.0,0.308366392973,-0.00482574471751
280.0,20.0,0.0,0.0,0.0,0.0,0.0,0.0,0.308089267674,-0.00484845829717
280.0,20.5,0.0,0.0,0.0,0.0,0.0,0.0,0.30781550523,-0.0048710214296
280.0,21.0,0.0,0.0,0.0,0.0,0.0,0.0,0.307545019672,-0.0048934374607
280.0,21.5,0.0,0.0,0.0,0.0,0.0,0.0,0.307277728903,-0.0049157095718
280.0,22.0,0.0,0.0,0.0,0.0,0.0,0.0,0.307013554429,-0.00493784079218
280.0,22.5,0.0,0.0,0.0,0.0,0.0,0.0,0.306752421119,-0.00495983401037
280.0,23.0,0.0,0.0,0.0,0.0,0.0,0.0,0.306494256984,-0.0049816919845
280.0,23.5,0.0,0.0,0.0,0.0,0.0,0.0,0.306238992978,-0.00500341735157
280.0,24.0,0.0,0.0,0.0,0.0,0.0,0.0,0.30598656281,-0.00502501263601
281.0,0.5,0.0,0.0,0.0,0.0,0.0,0.0,0.305736902777,-0.00504648025738
281.0,1.0,0.0,0.0,0.0,0.0,0.0,0.0,0.305489951608,-0.0050678225375
281.0,1.5,0.0,0.0,0.0,0.0,0.0,0.0,0.305245650323,-0.00508904170687
281.0,2.0,0.0,0.0,0.0,0.0,0.0,0.0,0.305003942101,-0.00511013991061
281.0,2.5,0.0,0.0,0.0,0.0,0.0,0.0,0.304764772156,-0.00513111921383
281.0,3.0,0.0,0.0,0.0,0.0,0.0,0.0,0.304528087633,-0.00515198160667
281.0,3.5,0.0,0.0,0.0,0.0,0.0,0.0,0.304293837493,-0.00517272900881
281.0,4.0,0.0,0.0,0.0,0.0,0.0,0.0,0.304061972429,-0.00519336327369
281.0,4.5,0.0,0.0,0.0,0.0,0.0,0.0,0.303832444768,-0.00521388619238
281.0,5.0,0.0,0.0,0.0,0.0,0.0,0.0,0.303605208394,-0.00523429949716
281.0,5.5,0.0,0.0,0.0,0.0,0.0,0.0,0.303380218665,-0.00525460486477
281.0,6.0,0.0,0.0,0.0,0.0,0.0,0.0,0.30315743235,-0.00527480391949
281.0,6.5,0.0,0.0,0.0,0.0,0.0,0.0,0.303725111837,-0.0052235163791
281.0,7.0,0.0,0.0,0.0,0.0,0.0,0.011082308544,0.303499309182,-0.00524384525402
281,7.5,0.6231506570792473,0.015979999905052635,33.71649467724327,True,0.030190585174167492,0.181624710405065,0.3032753765556703,-0.005264098935906182
281,8.0,1.2816830457294186,0.03801121628917182,33.340748929248065,True,0.05571917341423377,0.34464187096882,0.3030466080131424,-0.005284886325712881
281,8.5,2.4091930644266317,0.0907934848848797,32.54756833753396,True,0.0860776870394803,0.4857336725932453,0.3028130131794266,-0.005306213265222558
281,9.0,3.7610451073829045,0.1857807311470671,31.501352858952927,True,0.10881003314737286,0.7833817418777121,0.30257421240746446,-0.005328121583380146
281,9.5,5.199489762091969,0.312889512260879,30.646072030978452,True,0.13017713061188618,1.083767628973887,0.30232261952610257,-0.005351320182438615
281,10.0,6.6036033572280335,0.47697700687638833,29.776613239242966,True,0.1454307910822299,1.3506730747383435,0.30205686987839436,-0.005375954951220322
281,10.5,7.3484001977177975,0.6094556888775566,29.079727662793395,True,0.14759408095552584,1.5178426691784277,0.30177679033539184,-0.0054020644804009315
281,11.0,7.832704477789522,0.7003610051404656,28.68069334135646,True,0.14977552967720514,1.656147354765983,0.3014873263638427,-0.005429207767832964
281,11.5,8.37229105044161,0.7798463658565238,28.455983681610274,False,0.1558829100890008,1.7559371328254818,0.3011911132906442,-0.005457152320990899
281,12.0,8.855678154534,0.8489914753486429,28.30236849236351,False,0.1619709304988356,1.8215471013489868,0.3008900095390347,-0.00548573407791019
281,12.5,9.351780097718384,0.9251519180733982,28.132171238658927,False,0.16776186471428942,1.849749453165032,0.30058566918854507,-0.005514804495214997
281,13.0,9.574445773861378,0.964913418960338,28.02615399408795,False,0.16972713805005102,1.7646440738872435,0.30027921126830404,-0.005544262841846613
281,13.5,9.830221681553793,1.0004746743558517,27.959783443438894,False,0.17298192856664207,1.707119018170488,0.2999762838327627,-0.0055735662622171086
281,14.0,10.068892468540058,1.029436798746341,27.91547645303905,False,0.17631765649864506,1.5305523905506926,0.29967596730757945,-0.005602799454186025
281,14.5,9.952435935986898,1.029569073962083,27.828699114529556,False,0.17262937786603463,1.298684573166449,0.29938299841023136,-0.0056314936204199875
281,15.0,9.801135456526067,0.9921571988999836,27.923714801055084,False,0.171784712716832,1.0627534753596675,0.29910053948740983,-0.005659324342470839
281,15.5,9.52297814393118,0.9591302984073367,27.92371484142658,False,0.16690944349459286,0.8240382018624258,0.2988301399959189,-0.005686120505441179
281,16.0,8.909395549011963,0.8657763065832451,28.08983483760357,False,0.1590665036682048,0.5799980811965292,0.2985717104832898,-0.005711871856593754
281,16.5,7.161531631384062,0.6611809659801713,28.33577023973153,False,0.13148983527458308,0.2859310587279404,0.2983277145397178,-0.005736312591149878
281.0,17.0,0.0,0.0,0.0,0.0,0.0,0.0,0.29810424516,-0.00575880660134
281.0,17.5,0.0,0.0,0.0,0.0,0.0,0.0,0.297918294597,-0.00577760418306
281.0,18.0,0.0,0.0,0.0,0.0,0.0,0.0,0.297733894316,-0.00579631728697
281.0,18.5,0.0,0.0,0.0,0.0,0.0,0.0,0.297551019315,-0.00581494696903
281.0,19.0,0.0,0.0,0.0,0.0,0.0,0.0,0.29736964524,-0.00583349425812
281.0,19.5,0.0,0.0,0.0,0.0,0.0,0.0,0.297189748365,-0.00585196015718
281.0,20.0,0.0,0.0,0.0,0.0,0.0,0.0,0.297011305564,-0.00587034564446
281.0,20.5,0.0,0.0,0.0,0.0,0.0,0.0,0.296834294287,-0.00588865167454
281.0,21.0,0.0,0.0,0.0,0.0,0.0,0.0,0.296658692541,-0.00590687917938
281.0,21.5,0.0,0.0,0.0,0.0,0.0,0.0,0.296484478867,-0.00592502906927
281.0,22.0,0.0,0.0,0.0,0.0,0.0,0.0,0.296311632323,-0.00594310223372
281.0,22.5,0.0,0.0,0.0,0.0,0.0,0.0,0.296140132462,-0.00596109954231
281.0,23.0,0.0,0.0,0.0,0.0,0.0,0.0,0.295969959315,-0.00597902184548
281.0,23.5,0.0,0.0,0.0,0.0,0.0,0.0,0.295801093379,-0.00599686997531
281.0,24.0,0.0,0.0,0.0,0.0,0.0,0.0,0.295633515594,-0.00601464474617
282.0,0.5,0.0,0.0,0.0,0.0,0.0,0.0,0.295467207332,-0.00603234695543
282.0,1.0,0.0,0.0,0.0,0.0,0.0,0.0,0.295302150383,-0.0060499773841
282.0,1.5,0.0,0.0,0.0,0.0,0.0,0.0,0.295138326938,-0.00606753679736
282.0,2.0,0.0,0.0,0.0,0.0,0.0,0.0,0.294975719581,-0.0060850259452
282.0,2.5,0.0,0.0,0.0,0.0,0.0,0.0,0.29481431127,-0.00610244556291
282.0,3.0,0.0,0.0,0.0,0.0,0.0,0.0,0.294654085331,-0.00611979637158
282.0,3.5,0.0,0.0,0.0,0.0,0.0,0.0,0.294495025443,-0.00613707907861
282.0,4.0,0.0,0.0,0.0,0.0,0.0,0.0,0.294337115628,-0.00615429437814
282.0,4.5,0.0,0.0,0.0,0.0,0.0,0.0,0.294180340242,-0.00617144295149
282.0,5.0,0.0,0.0,0.0,0.0,0.0,0.0,0.294024683962,-0.00618852546756
282.0,5.5,0.0,0.0,0.0,0.0,0.0,0.0,0.29387013178,-0.00620554258323
282.0,6.0,0.0,0.0,0.0,0.0,0.0,0.0,0.29371666899,-0.00622249494375
282.0,6.5,0.0,0.0,0.0,0.0,0.0,0.0,0.293564281184,-0.00623938318304
282.0,7.0,0.0,0.0,0.0,0.0,0.0,0.0,0.293412954237,-0.00625620792408
282,7.5,0.8656366841947651,0.027160729368255344,16.53648522770817,True,0.035066121277214014,0.04792350584802868,0.29326267430726755,-0.006272969779204058
282,8.0,4.6761221967873565,0.16437529089680067,32.69351082979354,False,0.17273436503444517,0.20489296638554083,0.2931105783771387,-0.0062899886968178715
282,8.5,6.167146954641433,0.2664369345164935,32.017348297118296,True,0.19689741948664058,0.5174806441237645,0.29294833831137856,-0.006308203378916641
282,9.0,7.641630968066309,0.4038025758253537,31.211679690990252,False,0.21001473337446647,0.7309100851090559,0.2927713694043582,-0.006328143378534638
282,9.5,8.89045090339416,0.5493059586133942,30.536399742397478,False,0.21880918931712628,0.9315147012449859,0.2925820821168031,-0.006349554533363202
282,10.0,9.945855115929401,0.7154571878655526,29.82172463263955,False,0.2204135416392376,1.086218654288234,0.2923806417615269,-0.006372435254309941
282,10.5,10.557665450874094,0.8368038402316118,29.33644369036596,False,0.21915622048007383,1.1556253236250642,0.2921679943561301,-0.006396695606267156
282,11.0,10.501848822491098,0.9220314678993314,28.82505268931918,False,0.20436054790185726,1.2652503377749942,0.29194906516421604,-0.006421787689382544
282,11.5,10.719746450005168,1.0049319594053752,28.465263120621582,False,0.19980697045150467,1.2854661814052586,0.2917236867456531,-0.006447741541616355
282,12.0,10.771641074589496,1.046268953735319,28.259692587640263,False,0.19605206634852906,1.234882196746475,0.29149532883599183,-0.0064741660708048385
282,12.5,10.858313601084095,1.0710270238814694,28.177394054887657,False,0.19578605532299148,1.175082813481756,0.29126824417811614,-0.006500571317019126
282,13.0,11.059108295621591,1.165216292525567,27.806252834383713,False,0.19135676161318516,1.1376877084294166,0.2910434004333607,-0.006526842510516959
282,13.5,11.037388103584735,1.1765796410833562,27.725434939203126,False,0.18931674091179676,1.0143132735479876,0.29081730142068907,-0.006553388033744209
282,14.0,10.989433143910823,1.1919982362586252,27.612845888398887,False,0.18623341238853347,0.8907181562483688,0.29059634245886284,-0.006579454455270142
282,14.5,10.74374377475192,1.1415594060300287,27.710789047751994,False,0.18398951478046666,0.727676021097047,0.2903803673871649,-0.006605052399881837
282,15.0,10.409767523927156,1.094853123235874,27.74352454581282,False,0.1789005325361451,0.5786297907153686,0.29017336205261135,-0.006629698671930963
282,15.5,9.727175057236074,1.0168287290828346,27.74919211332785,False,0.16727202881241499,0.41715839824448925,0.28997464339352463,-0.006653461473042152
282,16.0,8.856715772844067,0.898356908967215,27.891434662546708,False,0.15468171549317564,0.2842334716871508,0.2897858613760886,-0.006676130102422389
282,16.5,6.995167575782412,0.6828766202706253,28.071550260035732,False,0.12463450527100728,0.14250541470528533,0.28960745772705526,-0.0066976371341533805
282.0,17.0,0.0,0.0,0.0,0.0,0.0,0.0,0.289443438248,-0.0067174829875
282.0,17.5,0.0,0.0,0.0,0.0,0.0,0.0,0.289311560529,-0.00673349061687
282.0,18.0,0.0,0.0,0.0,0.0,0.0,0.0,0.28918049195,-0.00674944508341
282.0,18.5,0.0,0.0,0.0,0.0,0.0,0.0,0.289050223257,-0.00676534683253
282.0,19.0,0.0,0.0,0.0,0.0,0.0,0.0,0.288920745348,-0.00678119630352
282.0,19.5,0.0,0.0,0.0,0.0,0.0,0.0,0.288792049276,-0.00679699392964
282.0,20.0,0.0,0.0,0.0,0.0,0.0,0.0,0.288664126241,-0.0068127401383
282.0,20.5,0.0,0.0,0.0,0.0,0.0,0.0,0.288536967589,-0.00682843535112
282.0,21.0,0.0,0.0,0.0,0.0,0.0,0.0,0.288410564806,-0.0068440799841
282.0,21.5,0.0,0.0,0.0,0.0,0.0,0.0,0.288284909517,-0.0068596744477
282.0,22.0,0.0,0.0,0.0,0.0,0.0,0.0,0.288159993485,-0.00687521914698
282.0,22.5,0.0,0.0,0.0,0.0,0.0,0.0,0.288035808603,-0.00689071448168
282.0,23.0,0.0,0.0,0.0,0.0,0.0,0.0,0.287912346894,-0.00690616084634
282.0,23.5,0.0,0.0,0.0,0.0,0.0,0.0,0.287789600509,-0.00692155863042
282.0,24.0,0.0,0.0,0.0,0.0,0.0,0.0,0.287667561723,-0.00693690821834
283.0,0.5,0.0,0.0,0.0,0.0,0.0,0.0,0.287546222933,-0.00695220998966
283.0,1.0,0.0,0.0,0.0,0.0,0.0,0.0,0.287425576654,-0.00696746431908
283.0,1.5,0.0,0.0,0.0,0.0,0.0,0.0,0.287305615517,-0.00698267157662
283.0,2.0,0.0,0.0,0.0,0.0,0.0,0.0,0.287186332271,-0.00699783212764
283.0,2.5,0.0,0.0,0.0,0.0,0.0,0.0,0.287067719772,-0.00701294633295
283.0,3.0,0.0,0.0,0.0,0.0,0.0,0.0,0.286949770988,-0.00702801454892
283.0,3.5,0.0,0.0,0.0,0.0,0.0,0.0,0.286832478995,-0.00704303712749
283.0,4.0,0.0,0.0,0.0,0.0,0.0,0.0,0.286715836971,-0.00705801441633
283.0,4.5,0.0,0.0,0.0,0.0,0.0,0.0,0.286599838201,-0.00707294675887
283.0,5.0,0.0,0.0,0.0,0.0,0.0,0.0,0.286484476067,-0.00708783449438
283.0,5.5,0.0,0.0,0.0,0.0,0.0,0.0,0.286369744053,-0.00710267795805
283.0,6.0,0.0,0.0,0.0,0.0,0.0,0.0,0.286255635738,-0.00711747748106
283.0,6.5,0.0,0.0,0.0,0.0,0.0,0.0,0.286142144797,-0.00713223339064
283.0,7.0,0.0,0.0,0.0,0.0,0.0,0.0,0.286029264997,-0.00714694601017
283,7.5,3.0824655937043377,0.12337895837450286,16.094942401286207,False,0.10194337761789991,0.052162217039272596,0.28591699019859285,-0.00716161565917913
283,8.0,5.199636600729132,0.23637825853061795,31.74687521238276,False,0.15746046484162907,0.1412686344655546,0.2857986525710248,-0.007177116319287712
283,8.5,6.18901724832125,0.32078989193847457,31.23886251842776,True,0.17089513915906052,0.23514615477927664,0.28567323802800076,-0.007193587613013825
283,9.0,6.995990512244951,0.4030017230006549,30.80033794599767,True,0.17951363963434352,0.32582926778570703,0.2855416445296621,-0.0072109188645741945
283,9.5,7.8592673968062225,0.4973010962279047,30.388834749571558,False,0.1891125322731385,0.3998981685192563,0.2854040709932668,-0.0072290909251547285
283,10.0,8.441466994237906,0.5717098046297602,30.086738093786686,False,0.19424559302558725,0.4768927071756903,0.285260683495908,-0.0072480890524798105
283,10.5,8.787596080229209,0.6103873957683432,29.9760455870846,False,0.19902363795413885,0.5011681036490329,0.2851121202310369,-0.007267835724036567
283,11.0,9.388888107650091,0.6888189040342142,29.719571674867908,False,0.2051509305130781,0.5226947968324522,0.28496173233285993,-0.007287890240730184
283,11.5,9.999218744065583,0.7740841847385493,29.442078841387364,False,0.21046504210263067,0.5096329675195339,0.28480810998510553,-0.007308444190677246
283,12.0,10.496814601377286,0.8527741612157618,29.187778834371887,False,0.21374661982547544,0.4688036642306773,0.2846523010857094,-0.007329361279244044
283,12.5,10.276732119066969,0.8768921170163522,28.948323201516946,False,0.20304156901865794,0.47591749550381107,0.28449560362339854,-0.007350469635388657
283,13.0,10.506543240783742,0.9470281513592451,28.659854706588575,False,0.20040220420060684,0.47753492754233723,0.28433826392017963,-0.007371737424128275
283,13.5,10.627313125854204,1.0089031960619168,28.36033522691831,False,0.1956783795323812,0.4378363955884768,0.2841787390092211,-0.007393375485694499
283,14.0,10.63626516774395,1.0443604631700747,28.165580238010126,False,0.1915258432339373,0.3778328261060766,0.2840189052336073,-0.007415131379286007
283,14.5,10.480069266899454,1.036067196141597,28.09961714776935,False,0.18731464001201992,0.3085088603486961,0.28386053069210776,-0.007436763925381804
283,15.0,9.952508738501077,0.9637724219984699,28.18362413907181,False,0.17958031421054027,0.22185118187549843,0.2837056244629745,-0.0074579955109540744
283,15.5,9.239513338417893,0.8757762577770061,28.272389691466692,False,0.16841082547606318,0.15152979486806778,0.2835572683203963,-0.007478397074077814
283,16.0,8.2610567852232,0.7798511379530344,28.266671474234435,False,0.15047767045024216,0.09498720034144391,0.2834154333430279,-0.007497964066952482
283,16.5,6.172335261076219,0.5703715774534214,28.35644825835452,False,0.11359873467678418,0.03956490159475966,0.2832798927681928,-0.00751671973301646
283.0,17.0,0.0,0.0,0.0,0.0,0.0,0.0,0.283154908768,-0.00753406417181
283.0,17.5,0.0,0.0,0.0,0.0,0.0,0.0,0.283053570755,-0.00754816219356
283.0,18.0,0.0,0.0,0.0,0.0,0.0,0.0,0.282952727097,-0.0075622226545
283.0,18.5,0.0,0.0,0.0,0.0,0.0,0.0,0.282852373282,-0.00757624580758
283.0,19.0,0.0,0.0,0.0,0.0,0.0,0.0,0.282752504858,-0.00759023190307
283.0,19.5,0.0,0.0,0.0,0.0,0.0,0.0,0.282653117431,-0.00760418118858
283.0,20.0,0.0,0.0,0.0,0.0,0.0,0.0,0.282554206665,-0.00761809390913
283.0,20.5,0.0,0.0,0.0,0.0,0.0,0.0,0.28245576828,-0.00763197030717
283.0,21.0,0.0,0.0,0.0,0.0,0.0,0.0,0.282357798052,-0.00764581062262
283.0,21.5,0.0,0.0,0.0,0.0,0.0,0.0,0.282260291812,-0.00765961509292
283.0,22.0,0.0,0.0,0.0,0.0,0.0,0.0,0.282163245445,-0.00767338395303
283.0,22.5,0.0,0.0,0.0,0.0,0.0,0.0,0.282066654889,-0.00768711743552
283.0,23.0,0.0,0.0,0.0,0.0,0.0,0.0,0.281970516132,-0.00770081577053
283.0,23.5,0.0,0.0,0.0,0.0,0.0,0.0,0.281874825216,-0.0077144791859
283.0,24.0,0.0,0.0,0.0,0.0,0.0,0.0,0.281779578232,-0.0077281079071
284.0,0.5,0.0,0.0,0.0,0.0,0.0,0.0,0.281684771319,-0.00774170215733
284.0,1.0,0.0,0.0,0.0,0.0,0.0,0.0,0.281590400668,-0.00775526215756
284.0,1.5,0.0,0.0,0.0,0.0,0.0,0.0,0.281496462514,-0.00776878812648
284.0,2.0,0.0,0.0,0.0,0.0,0.0,0.0,0.281402953142,-0.00778228028064
284.0,2.5,0.0,0.0,0.0,0.0,0.0,0.0,0.281309868882,-0.00779573883439
284.0,3.0,0.0,0.0,0.0,0.0,0.0,0.0,0.28121720611,-0.00780916399996
284.0,3.5,0.0,0.0,0.0,0.0,0.0,0.0,0.281124961246,-0.00782255598746
284.0,4.0,0.0,0.0,0.0,0.0,0.0,0.0,0.281033130755,-0.00783591500495
284.0,4.5,0.0,0.0,0.0,0.0,0.0,0.0,0.280941711144,-0.00784924125841
284.0,5.0,0.0,0.0,0.0,0.0,0.0,0.0,0.280850698965,-0.00786253495181
284.0,5.5,0.0,0.0,0.0,0.0,0.0,0.0,0.280760090809,-0.00787579628714
284.0,6.0,0.0,0.0,0.0,0.0,0.0,0.0,0.280669883311,-0.00788902546441
284.0,6.5,0.0,0.0,0.0,0.0,0.0,0.0,0.280580073144,-0.00790222268167
284.0,7.0,0.0,0.0,0.0,0.0,0.0,0.0,0.280490657025,-0.00791538813508
284,7.5,1.95089274819481,0.08763093407524489,15.871942864531176,True,0.059045234262403865,0.016658369408179066,0.2804016317061075,-0.007928522018893436
284,8.0,2.7782064128755604,0.13298507900649514,31.53359994953767,True,0.08084987288291273,0.048526812160274574,0.2803090362067394,-0.007942210168552944
284,8.5,3.3859893429955745,0.17995141242419702,31.119958614618326,True,0.09160547945347591,0.08247032922566923,0.28021389453825707,-0.007956304050696545
284,9.0,4.204492919479583,0.2473170152165518,30.69306437200549,True,0.10605019668018215,0.1163184693556514,0.28011606363767516,-0.007970827389979855
284,9.5,5.0563691428063455,0.3270229352930291,30.269724599137838,True,0.1195149378021679,0.14520947534036696,0.28001476987875673,-0.007985898098952985
284,10.0,5.89478794276668,0.41037569577746486,29.927374737061044,True,0.13258786984923202,0.16688723027841532,0.27990973001194946,-0.008001562033455709
284,10.5,6.870200400929107,0.518625823596383,29.541049703983717,True,0.14652372402882347,0.18205385825627246,0.2798010763600932,-0.00801780340221939
284,11.0,7.467555053548155,0.5979433893077737,29.242831139054154,True,0.153140987727101,0.18738625948652254,0.279688108179359,-0.00803473136633118
284,11.5,8.17576579966384,0.691637110965778,28.96611272791531,False,0.16188960574199207,0.18328994993913558,0.279572293715242,-0.008052130062956239
284,12.0,8.694218981381772,0.7629776074991449,28.772141957875597,False,0.16809703049333447,0.16965191917114866,0.27945344229453684,-0.008070031689953896
284,12.5,9.127506281039395,0.8219391044759872,28.631531380577606,False,0.17350915940257503,0.14985088374985728,0.2793327614446504,-0.008088257410543842
284,13.0,9.42330434280585,0.8775883570125265,28.44540182138619,False,0.17523459935842067,0.12364748452477439,0.279210951982741,-0.00810670333397848
284,13.5,9.8106816099675,0.9608735282236118,28.154416595855544,False,0.1764367124756291,0.09611994416800068,0.2790883797594654,-0.008125315380664947
284,14.0,9.80650337924103,0.9889757188620945,27.973457259320295,False,0.17282596728131666,0.06699474431904301,0.27896404345821274,-0.008144247335658933
284,14.5,9.826764795019042,1.0343537482241085,27.713038993267915,False,0.1683267721140167,0.04083482223023003,0.2788400951471377,-0.008163172548535191
284,15.0,9.719386043882434,1.0848843012227747,27.35783447399791,False,0.1603542608638791,0.018565635094516655,0.27871576395394443,-0.008182208886845233
284,15.5,9.284384043042394,1.0297331695024672,27.37193312259008,False,0.15340172760727877,0.002049953863258672,0.2785907039952926,-0.008201410188655006
284,16.0,8.295560894781053,0.8972143350875538,27.49217622027301,False,0.1387972551416972,0.0,0.27846870487869896,-0.008220193293260373
284,16.5,6.53700595150125,0.6697526407291238,27.771363148234563,False,0.11268277352823529,0.0,0.27835215109906414,-0.008238185920892496
284.0,17.0,0.0,0.0,0.0,0.0,0.0,0.0,0.278244565335,-0.00825483579996
284.0,17.5,0.0,0.0,0.0,0.0,0.0,0.0,0.278162729932,-0.0082675274275
284.0,18.0,0.0,0.0,0.0,0.0,0.0,0.0,0.278081225267,-0.00828019087708
284.0,18.5,0.0,0.0,0.0,0.0,0.0,0.0,0.278000048824,-0.00829282630852
284.0,19.0,0.0,0.0,0.0,0.0,0.0,0.0,0.277919198113,-0.0083054338802
284.0,19.5,0.0,0.0,0.0,0.0,0.0,0.0,0.277838670674,-0.00831801374909
284.0,20.0,0.0,0.0,0.0,0.0,0.0,0.0,0.277758464071,-0.00833056607079
284.0,20.5,0.0,0.0,0.0,0.0,0.0,0.0,0.277678575899,-0.00834309099948
284.0,21.0,0.0,0.0,0.0,0.0,0.0,0.0,0.277599003774,-0.00835558868804
284.0,21.5,0.0,0.0,0.0,0.0,0.0,0.0,0.277519745342,-0.00836805928796
284.0,22.0,0.0,0.0,0.0,0.0,0.0,0.0,0.277440798273,-0.00838050294942
284.0,22.5,0.0,0.0,0.0,0.0,0.0,0.0,0.277362160261,-0.00839291982129
284.0,23.0,0.0,0.0,0.0,0.0,0.0,0.0,0.277283829027,-0.00840531005115
284.0,23.5,0.0,0.0,0.0,0.0,0.0,0.0,0.277205802314,-0.00841767378529
284.0,24.0,0.0,0.0,0.0,0.0,0.0,0.0,0.277128077892,-0.00843001116874
285.0,0.5,0.0,0.0,0.0,0.0,0.0,0.0,0.277050653553,-0.00844232234528
285.0,1.0,0.0,0.0,0.0,0.0,0.0,0.0,0.276973527111,-0.00845460745744
285.0,1.5,0.0,0.0,0.0,0.0,0.0,0.0,0.276896696407,-0.00846686664654
285.0,2.0,0.0,0.0,0.0,0.0,0.0,0.0,0.276820159301,-0.00847910005271
285.0,2.5,0.0,0.0,0.0,0.0,0.0,0.0,0.276743913677,-0.00849130781486
285.0,3.0,0.0,0.0,0.0,0.0,0.0,0.0,0.276667957442,-0.00850349007072
285.0,3.5,0.0,0.0,0.0,0.0,0.0,0.0,0.276592288524,-0.00851564695688
285.0,4.0,0.0,0.0,0.0,0.0,0.0,0.0,0.276516904872,-0.00852777860875
285.0,4.5,0.0,0.0,0.0,0.0,0.0,0.0,0.276441804457,-0.00853988516062
285.0,5.0,0.0,0.0,0.0,0.0,0.0,0.0,0.276366985272,-0.00855196674563
285.0,5.5,0.0,0.0,0.0,0.0,0.0,0.0,0.276292445328,-0.00856402349583
285.0,6.0,0.0,0.0,0.0,0.0,0.0,0.0,0.276218182659,-0.00857605554216
285.0,6.5,0.0,0.0,0.0,0.0,0.0,0.0,0.276144195318,-0.00858806301447
285.0,7.0,0.0,0.0,0.0,0.0,0.0,0.0,0.276070481378,-0.00860004604153
285.0,7.5,0.0,0.0,0.0,0.0,0.0,0.0,0.275997038931,-0.00861200475105
285,8.0,0.6013878732758688,0.027482223406271853,15.867466105058737,True,0.018170502078075905,0.0,0.27592386609003094,-0.008623939269681004
285,8.5,2.6412706463546507,0.12847886529342792,31.47631569468577,True,0.07606770261209854,0.0,0.27584991803693565,-0.008636020250998485
285,9.0,2.9341402325706882,0.15075858002362916,31.271485081035525,True,0.08148075881967741,0.0,0.2757724030532078,-0.00864870561916309
285,9.5,2.983061769738896,0.15442955819742898,31.222011740624588,True,0.08213000306749538,0.0,0.27569430661080147,-0.008661508601384767
285,10.0,3.260302138780113,0.1735235928395674,15.562497770132685,True,0.08828072796337395,0.0,0.2756163330972598,-0.008674313965553302
285,10.5,3.631757471318605,0.1993709133532655,30.996172511033873,True,0.09622875887565212,0.0,0.27553789541343315,-0.008687218324024751
285,11.0,4.280263101438275,0.24952126360226898,30.745189684701977,True,0.10886106381895533,0.0,0.27545873549540484,-0.008700264699073139
285,11.5,4.664010514973153,0.27919653358550217,30.604035722195732,True,0.11600313993436061,0.0,0.2753779292850221,-0.008713606485115717
285,12.0,2.029500080123507,0.12271129847890165,15.2801335727557,True,0.05013459063518665,0.0,0.2752962520685427,-0.008727116861547052
285,12.5,2.0509308034981277,0.12377418249679539,15.273615398626903,True,0.05056163719671625,0.0,0.27522076690284225,-0.008739625197143228
285,13.0,2.0967822859036667,0.12865486955159805,15.244012382447428,True,0.05122203762597717,0.0,0.2751454931370079,-0.00875211977920728
285,13.5,2.0869995665459737,0.1309226616509389,15.19441741879366,True,0.050218137767247505,0.0,0.27507028419453805,-0.008764624862723487
285,14.0,5.707649087225831,0.36328505303306435,30.272761027455502,False,0.13496981832454927,0.0,0.27499523756013244,-0.008777124184410491
285,14.5,5.693592921985849,0.36701426983101576,30.204488689163043,False,0.13328477003350434,0.0,0.27491161949728127,-0.008791076136626627
285,15.0,5.690436734673135,0.3710574774838209,30.13832568039607,False,0.1319264119435313,0.0,0.27482810498122123,-0.008805037194820344
285,15.5,5.123503798988861,0.3318596929793487,30.1638733195242,False,0.11922661386111266,0.0,0.27474468046985306,-0.008819009588983462
285,16.0,3.7453618734383305,0.24470371808052688,30.11001808481754,False,0.08647527322108373,0.0,0.27466298534617745,-0.008832717945072092
285,16.5,2.4982336101834024,0.15753750230699937,15.119742499494972,False,0.05878540564719174,0.0,0.2745848380261446,-0.008845854748227572
285.0,17.0,0.0,0.0,0.0,0.0,0.0,0.0,0.274510237319,-0.00885841707893
285.0,17.5,0.0,0.0,0.0,0.0,0.0,0.0,0.274441852246,-0.00886995140981
285.0,18.0,0.0,0.0,0.0,0.0,0.0,0.0,0.274373702719,-0.00888146381816
285.0,18.5,0.0,0.0,0.0,0.0,0.0,0.0,0.274305787202,-0.00889295441127
285.0,19.0,0.0,0.0,0.0,0.0,0.0,0.0,0.274238104176,-0.00890442329561
285.0,19.5,0.0,0.0,0.0,0.0,0.0,0.0,0.274170652134,-0.00891587057684
285.0,20.0,0.0,0.0,0.0,0.0,0.0,0.0,0.274103429584,-0.0089272963598
285.0,20.5,0.0,0.0,0.0,0.0,0.0,0.0,0.27403643505,-0.00893870074852
285.0,21.0,0.0,0.0,0.0,0.0,0.0,0.0,0.273969667068,-0.00895008384624
285.0,21.5,0.0,0.0,0.0,0.0,0.0,0.0,0.273903124187,-0.00896144575541
285.0,22.0,0.0,0.0,0.0,0.0,0.0,0.0,0.273836804971,-0.00897278657768
285.0,22.5,0.0,0.0,0.0,0.0,0.0,0.0,0.273770707996,-0.00898410641397
285.0,23.0,0.0,0.0,0.0,0.0,0.0,0.0,0.273704831854,-0.0089954053644
285.0,23.5,0.0,0.0,0.0,0.0,0.0,0.0,0.273639175147,-0.00900668352835
285.0,24.0,0.0,0.0,0.0,0.0,0.0,0.0,0.273573736491,-0.00901794100444
286.0,0.5,0.0,0.0,0.0,0.0,0.0,0.0,0.273508514515,-0.00902917789056
286.0,1.0,0.0,0.0,0.0,0.0,0.0,0.0,0.27344350786,-0.00904039428386
286.0,1.5,0.0,0.0,0.0,0.0,0.0,0.0,0.27337871518,-0.00905159028076
286.0,2.0,0.0,0.0,0.0,0.0,0.0,0.0,0.273314135141,-0.00906276597698
286.0,2.5,0.0,0.0,0.0,0.0,0.0,0.0,0.273249766421,-0.00907392146751
286.0,3.0,0.0,0.0,0.0,0.0,0.0,0.0,0.27318560771,-0.00908505684663
286.0,3.5,0.0,0.0,0.0,0.0,0.0,0.0,0.27312165771,-0.00909617220795
286.0,4.0,0.0,0.0,0.0,0.0,0.0,0.0,0.273057915135,-0.00910726764437
286.0,4.5,0.0,0.0,0.0,0.0,0.0,0.0,0.272994378709,-0.0091183432481
286.0,5.0,0.0,0.0,0.0,0.0,0.0,0.0,0.272931047171,-0.00912939911069
286.0,5.5,0.0,0.0,0.0,0.0,0.0,0.0,0.272867919267,-0.00914043532302
286.0,6.0,0.0,0.0,0.0,0.0,0.0,0.0,0.272804993757,-0.00915145197529
286.0,6.5,0.0,0.0,0.0,0.0,0.0,0.0,0.272742269411,-0.00916244915707
286.0,7.0,0.0,0.0,0.0,0.0,0.0,0.0,0.272679745009,-0.00917342695724
286.0,7.5,0.0,0.0,0.0,0.0,0.0,0.0,0.272617419345,-0.00918438546407
286,8.0,1.2383922078804297,0.051158250047119304,16.060401484550482,True,0.0403762614120092,0.0,0.2725552912194774,-0.009195324765193707
286,8.5,1.5846647453481548,0.06950316908991162,15.967924656700482,True,0.04977909858855967,0.0,0.27249141799359083,-0.009206587525954118
286,9.0,1.9051723274576242,0.08646588906401893,15.904366009790595,True,0.05838174479975595,0.0,0.27242704375471305,-0.00921795526454103
286,9.5,2.180368565776798,0.10086524573421245,15.845986978030075,True,0.06534511434254321,0.0,0.272362219790955,-0.00922941932273318
286,10.0,2.4249738404948586,0.11381189470790137,15.80595375552431,True,0.07159591968754897,0.0,0.2722970422257235,-0.009240963045750145
286,10.5,2.540572741133928,0.12040360698457907,15.778102166676097,False,0.07424138664245968,0.0,0.27223156504315915,-0.0092525771604329
286,11.0,2.6772600240746893,0.12639832594405992,15.794474920324463,False,0.07870915509140042,0.0,0.27216602827668607,-0.009264219263407215
286,11.5,2.8639141063630635,0.13735651899068696,15.776685487825944,True,0.08364663026353437,0.0,0.27210045345590084,-0.009275885599402879
286,12.0,2.902613396696859,0.14027974484292877,15.755568356195926,False,0.08412460518298857,0.0,0.27203465110066455,-0.009287610015518775
286,12.5,2.983205587452014,0.14744825084478902,15.736079797723852,True,0.08585072069065092,0.0,0.27196892503063136,-0.009299338469727955
286,13.0,2.9228756529857844,0.1467116812547785,15.676157597222483,False,0.0823296266489994,0.0,0.27190311304019593,-0.009311099941467301
286,13.5,2.7717703197661265,0.1392096202347685,15.674149061422927,False,0.07801789918007873,0.0,0.27183751403852824,-0.009322840991309526
286,14.0,2.5971057324955966,0.13010337364758767,15.686907158133588,False,0.0734330938230314,0.0,0.27177238369692686,-0.009334515614833803
286,14.5,2.255708632229287,0.11170310203621094,15.705191612478131,False,0.06419736800833223,0.0,0.2717077818245813,-0.0093461127216884
286,15.0,1.814517028151342,0.08903960074285398,15.717483953060684,False,0.05186920929592765,0.0,0.2716440600687795,-0.009357568654550973
286.0,15.5,0.0,0.0,0.0,0.0,0.0,0.0,0.271581379167,-0.00936885378869
286,16.0,2.78634525283789,0.12779021394207524,15.813165656368971,False,0.08248601036281482,0.0,0.2715222570473057,-0.009379513059900809
286,16.5,2.4446377614866712,0.10926191561045617,15.854103384823258,False,0.07348994207832163,0.0,0.27145846399435253,-0.009391030676136258
286.0,17.0,0.0,0.0,0.0,0.0,0.0,0.0,0.271395551763,-0.00940240577044
286.0,17.5,0.0,0.0,0.0,0.0,0.0,0.0,0.271336962674,-0.00941301396802
286.0,18.0,0.0,0.0,0.0,0.0,0.0,0.0,0.271278549234,-0.00942360456159
286.0,18.5,0.0,0.0,0.0,0.0,0.0,0.0,0.271220310444,-0.00943417762683
286.0,19.0,0.0,0.0,0.0,0.0,0.0,0.0,0.271162245313,-0.00944473323888
286.0,19.5,0.0,0.0,0.0,0.0,0.0,0.0,0.271104352856,-0.00945527147239
286.0,20.0,0.0,0.0,0.0,0.0,0.0,0.0,0.2710466321,-0.00946579240149
286.0,20.5,0.0,0.0,0.0,0.0,0.0,0.0,0.270989082078,-0.00947629609982
286.0,21.0,0.0,0.0,0.0,0.0,0.0,0.0,0.27093170183,-0.00948678264051
286.0,21.5,0.0,0.0,0.0,0.0,0.0,0.0,0.270874490405,-0.0094972520962
286.0,22.0,0.0,0.0,0.0,0.0,0.0,0.0,0.27081744686,-0.00950770453904
286.0,22.5,0.0,0.0,0.0,0.0,0.0,0.0,0.27076057026,-0.0095181400407
286.0,23.0,0.0,0.0,0.0,0.0,0.0,0.0,0.270703859676,-0.00952855867236
286.0,23.5,0.0,0.0,0.0,0.0,0.0,0.0,0.270647314188,-0.00953896050474
286.0,24.0,0.0,0.0,0.0,0.0,0.0,0.0,0.270590932882,-0.00954934560807
287.0,0.5,0.0,0.0,0.0,0.0,0.0,0.0,0.270534714855,-0.00955971405212
287.0,1.0,0.0,0.0,0.0,0.0,0.0,0.0,0.270478659206,-0.00957006590621
287.0,1.5,0.0,0.0,0.0,0.0,0.0,0.0,0.271216474549,-0.0094348745173
287.0,2.0,0.0,0.0,0.0,0.0,0.0,0.0,0.271952287948,-0.00930231006349
287.0,2.5,0.0,0.0,0.0,0.0,0.0,0.0,0.272686048734,-0.00917231946279
287.0,3.0,0.0,0.0,0.0,0.0,0.0,0.0,0.272624203675,-0.00918319184235
287.0,3.5,0.0,0.0,0.0,0.0,0.0,0.0,0.272562573605,-0.0091940417056
287.0,4.0,0.0,0.0,0.0,0.0,0.0,0.0,0.273294674065,-0.00906613697558
287.0,4.5,0.0,0.0,0.0,0.0,0.0,0.0,0.274817994893,-0.00880672908252
287.0,5.0,0.0,0.0,0.0,0.0,0.0,0.0,0.274749953525,-0.00881812564705
287.0,5.5,0.0,0.0,0.0,0.0,0.0,0.0,0.277854851842,-0.00831548413102
287.0,6.0,0.0,0.0,0.0,0.0,0.0,0.0,0.277776865283,-0.00832768428992
287.0,6.5,0.0,0.0,0.0,0.0,0.0,0.0,0.277699278564,-0.00833984306734
287.0,7.0,0.0,0.0,0.0,0.0,0.0,0.0,0.278415061146,-0.00822846855603
287.0,7.5,0.0,0.0,0.0,0.0,0.0,0.0,0.279128340598,-0.00811924191698
287.0,8.0,0.0,0.0,0.0,0.0,0.0,0.0,0.279839067484,-0.00801212008973
287,8.5,2.661908134694024,0.0697453427255565,16.855384320370156,False,0.1287404139146877,0.12735256066264325,0.27975446982232105,-0.008024782106568514
287,9.0,3.2289265627109565,0.08784933893645096,16.81042946010208,False,0.15200858077065663,0.18089210317598953,0.28124825772622924,-0.007804662113901871
287,9.5,3.801560701720405,0.10807180695752917,16.76965364076843,False,0.17474918198145192,0.23949528103075712,0.2811482592989382,-0.007819171025863434
287,10.0,4.231242971429739,0.12618527073164934,16.701815892149156,False,0.18716303335404771,0.29209329038571546,0.2818384037226968,-0.007719687288263724
287,10.5,3.801764941539106,0.1181287758233947,16.573135123021427,False,0.15693516412661418,0.16753297340496404,0.28252312944409613,-0.0076224714698131775
287,11.0,4.311423404206499,0.1417139197581168,16.5129289575042,False,0.17258122440645543,0.2634452965708304,0.2855865615836514,-0.007204997569360624
287,11.5,2.594228694119695,0.07771854387319374,16.58946909643324,False,0.1080041528017295,0.03589964599143021,0.29021266471732443,-0.006625010839582305
287,12.0,2.6618190140826434,0.07505826942077307,16.684119704781978,False,0.11659436739756637,0.043729186168553556,0.29086749765978465,-0.006547483570100502
287,12.5,2.625877698818358,0.07262292111524675,16.71331480972322,False,0.11689951803742928,0.043168873736773784,0.2915188866050043,-0.00647143411276309
287.0,13.0,0.0,0.0,0.0,0.0,0.0,0.0,0.292167116665,-0.00639679596741
287,13.5,2.273846419446701,0.06420592363631523,16.682864424716026,False,0.09953138779163835,0.02300919114959436,0.29439762538503067,-0.0061476908241902125
287.0,14.0,0.0,0.0,0.0,0.0,0.0,0.0,0.298189638298,-0.00575019870241
287.0,14.5,0.0,0.0,0.0,0.0,0.0,0.0,0.301165847208,-0.00545954383004
287.0,15.0,0.0,0.0,0.0,0.0,0.0,0.0,0.304461320031,-0.00515788505633
287.0,15.5,0.0,0.0,0.0,0.0,0.0,0.0,0.307535905992,-0.00489419487936
287.0,16.0,0.0,0.0,0.0,0.0,0.0,0.0,0.307589698977,-0.00488972627832
287.0,16.5,0.0,0.0,0.0,0.0,0.0,0.0,0.307643580087,-0.00488525522904
287.0,17.0,0.0,0.0,0.0,0.0,0.0,0.0,0.307697372223,-0.00488079642097
287.0,17.5,0.0,0.0,0.0,0.0,0.0,0.0,0.308338768069,-0.00482800319603
287.0,18.0,0.0,0.0,0.0,0.0,0.0,0.0,0.308068151975,-0.00485019418633
287.0,18.5,0.0,0.0,0.0,0.0,0.0,0.0,0.307803939094,-0.0048719774462
287.0,19.0,0.0,0.0,0.0,0.0,0.0,0.0,0.307545726401,-0.0048933787318
287.0,19.5,0.0,0.0,0.0,0.0,0.0,0.0,0.307293146732,-0.00491442159699
287.0,20.0,0.0,0.0,0.0,0.0,0.0,0.0,0.307045864642,-0.00493512764104
287.0,20.5,0.0,0.0,0.0,0.0,0.0,0.0,0.306803572854,-0.0049555167221
287.0,21.0,0.0,0.0,0.0,0.0,0.0,0.0,0.306565989185,-0.00497560714215
287.0,21.5,0.0,0.0,0.0,0.0,0.0,0.0,0.306332853889,-0.00499541580771
287.0,22.0,0.0,0.0,0.0,0.0,0.0,0.0,0.306103927338,-0.0050149583701
287.0,22.5,0.0,0.0,0.0,0.0,0.0,0.0,0.305878987999,-0.0050342493484
287.0,23.0,0.0,0.0,0.0,0.0,0.0,0.0,0.305657830663,-0.00505330223736
287.0,23.5,0.0,0.0,0.0,0.0,0.0,0.0,0.305440264886,-0.00507212960272
287.0,24.0,0.0,0.0,0.0,0.0,0.0,0.0,0.305226113609,-0.00509074316538
288.0,0.5,0.0,0.0,0.0,0.0,0.0,0.0,0.305803823053,-0.00504071525415
288.0,1.0,0.0,0.0,0.0,0.0,0.0,0.0,0.305589067235,-0.00505924376524
288.0,1.5,0.0,0.0,0.0,0.0,0.0,0.0,0.305377506487,-0.00507757601392
288.0,2.0,0.0,0.0,0.0,0.0,0.0,0.0,0.305168989455,-0.00509572201535
288.0,2.5,0.0,0.0,0.0,0.0,0.0,0.0,0.304963374703,-0.0051136911591
288.0,3.0,0.0,0.0,0.0,0.0,0.0,0.0,0.304760529871,-0.00513149226025
288.0,3.5,0.0,0.0,0.0,0.0,0.0,0.0,0.304560330934,-0.00514913360513
288.0,4.0,0.0,0.0,0.0,0.0,0.0,0.0,0.304362661527,-0.00516662299249
288.0,4.5,0.0,0.0,0.0,0.0,0.0,0.0,0.304167412346,-0.00518396777063
288.0,5.0,0.0,0.0,0.0,0.0,0.0,0.0,0.303974480597,-0.00520117487083
288.0,5.5,0.0,0.0,0.0,0.0,0.0,0.0,0.303783769514,-0.00521825083773
288.0,6.0,0.0,0.0,0.0,0.0,0.0,0.0,0.303595187906,-0.00523520185672
288.0,6.5,0.0,0.0,0.0,0.0,0.0,0.0,0.303408649759,-0.00525203377896
288.0,7.0,0.0,0.0,0.0,0.0,0.0,0.0,0.303224074003,-0.00526875213146
288.0,7.5,0.0,0.0,0.0,0.0,0.0,0.0,0.303041384278,-0.00528536212909
288,8.0,1.063945622544737,0.026949035968467136,16.8901729696655,True,0.052568607564034274,0.11703833348265606,0.3028605086681721,-0.005301868688788804
288,8.5,1.445373155495464,0.03758742964519199,16.890172957494585,True,0.07141460295038346,0.1781162420280858,0.3026759151367902,-0.005318777911229846
288,9.0,1.710445089407076,0.04515938857536632,16.89017295232847,True,0.08451157160627286,0.24984613674788603,0.3024902825795248,-0.005335847148888911
288,9.5,2.0488229604175974,0.05395241423758491,16.89017294743444,True,0.10123052145914238,0.24240038610074718,0.30230326303241406,-0.005353109965241358
288,10.0,5.774063183033235,0.15067360534640462,33.78034588195699,False,0.2852913298264448,0.4773938331062538,0.3021177582425682,-0.005370298738950992
288,10.5,6.043255237253372,0.1570665743282309,33.78034587997127,False,0.2985918699647728,0.4642488301503724,0.30192117741357216,-0.005388585630609199
288,11.0,2.698155490811969,0.0726368065732607,16.890172941615646,True,0.13331346465244245,0.32235430486357936,0.30172631501872044,-0.005406785935343134
288,11.5,2.733051068557246,0.07351318503341323,16.890172941394187,True,0.13503762413328527,0.33368677905590455,0.3015414563566576,-0.005424119621100321
288,12.0,2.662378048730514,0.0682642917324342,16.890172941369766,True,0.13154573303855926,0.19609637591620496,0.301357504337706,-0.005441434057416537
288,12.5,6.433006976335184,0.1645651657926798,33.78034587822368,False,0.3178491569774181,0.4221874254710655,0.3011803007859767,-0.0054581756035371395
288,13.0,2.893381878972913,0.08272478877301288,16.772333053847607,True,0.1332085181890172,0.3202919706332196,0.3009921503208508,-0.005476018594318492
288,13.5,2.730763976781947,0.08089919961949638,16.665409878557323,False,0.11839445926794595,0.1959703619895639,0.30081222280313336,-0.005493146817806546
288,14.0,2.558625420157461,0.07770792231292896,16.626322240970442,False,0.10861706718370655,0.18662597051784613,0.3006382971634312,-0.005509764399462504
288,14.5,2.1175977020269214,0.06339702463577818,16.619113727077117,False,0.08955032823481227,0.09269481513555815,0.3004660282168203,-0.005526282770115074
288,15.0,1.6282984012869886,0.047340171364092035,16.65553434260706,False,0.0702181984653236,0.045104074419534165,0.3002990162117752,-0.005542353428906592
288,15.5,3.0418822458581767,0.08270942698406301,16.722326444832184,False,0.13610580558823535,0.07943885469575776,0.30013553870190446,-0.005558137938144478
288.0,16.0,0.0,0.0,0.0,0.0,0.0,0.0,0.299970506519,-0.00557412691639
288.0,16.5,0.0,0.0,0.0,0.0,0.0,0.0,0.299812691474,-0.00558946795414
288.0,17.0,0.0,0.0,0.0,0.0,0.0,0.0,0.299655914489,-0.00560475791933
288.0,17.5,0.0,0.0,0.0,0.0,0.0,0.0,0.299500151331,-0.00561999838622
288.0,18.0,0.0,0.0,0.0,0.0,0.0,0.0,0.299345379014,-0.00563519083724
288.0,18.5,0.0,0.0,0.0,0.0,0.0,0.0,0.299191575717,-0.00565033666847
288.0,19.0,0.0,0.0,0.0,0.0,0.0,0.0,0.299038720718,-0.00566543719472
288.0,19.5,0.0,0.0,0.0,0.0,0.0,0.0,0.298886794321,-0.00568049365439
288.0,20.0,0.0,0.0,0.0,0.0,0.0,0.0,0.298735777799,-0.00569550721391
288.0,20.5,0.0,0.0,0.0,0.0,0.0,0.0,0.298585653335,-0.00571047897202
288.0,21.0,0.0,0.0,0.0,0.0,0.0,0.0,0.298436403963,-0.00572540996371
288.0,21.5,0.0,0.0,0.0,0.0,0.0,0.0,0.298288013521,-0.00574030116395
288.0,22.0,0.0,0.0,0.0,0.0,0.0,0.0,0.298140466605,-0.00575515349119
288.0,22.5,0.0,0.0,0.0,0.0,0.0,0.0,0.297993748519,-0.00576996781063
288.0,23.0,0.0,0.0,0.0,0.0,0.0,0.0,0.297847845236,-0.00578474493738
288.0,23.5,0.0,0.0,0.0,0.0,0.0,0.0,0.29770274336,-0.00579948563929
288.0,24.0,0.0,0.0,0.0,0.0,0.0,0.0,0.297558430086,-0.00581419063974
289.0,0.5,0.0,0.0,0.0,0.0,0.0,0.0,0.297414893169,-0.00582886062021
289.0,1.0,0.0,0.0,0.0,0.0,0.0,0.0,0.297272120888,-0.0058434962227
289.0,1.5,0.0,0.0,0.0,0.0,0.0,0.0,0.29713010202,-0.00585809805203
289.0,2.0,0.0,0.0,0.0,0.0,0.0,0.0,0.296988825806,-0.00587266667799
289.0,2.5,0.0,0.0,0.0,0.0,0.0,0.0,0.296848281931,-0.00588720263736
289.0,3.0,0.0,0.0,0.0,0.0,0.0,0.0,0.296708460492,-0.00590170643587
289.0,3.5,0.0,0.0,0.0,0.0,0.0,0.0,0.297360266003,-0.00583445529286
289.0,4.0,0.0,0.0,0.0,0.0,0.0,0.0,0.297217037524,-0.00584915452681
289.0,4.5,0.0,0.0,0.0,0.0,0.0,0.0,0.297074586073,-0.00586381780234
289.0,5.0,0.0,0.0,0.0,0.0,0.0,0.0,0.296932900574,-0.00587844570007
289.0,5.5,0.0,0.0,0.0,0.0,0.0,0.0,0.296791970374,-0.00589303877035
289.0,6.0,0.0,0.0,0.0,0.0,0.0,0.0,0.296651785211,-0.00590759753496
289.0,6.5,0.0,0.0,0.0,0.0,0.0,0.0,0.296512335202,-0.00592212248865
289.0,7.0,0.0,0.0,0.0,0.0,0.0,0.0,0.296373610816,-0.00593661410059
289.0,7.5,0.0,0.0,0.0,0.0,0.0,0.0166339123424,0.29623560286,-0.00595107281582
289,8.0,2.4638721199249436,0.15069785049882953,15.25956602061024,False,0.06047853241830188,0.1116469191647687,0.2960976712018166,-0.0059655654791714195
289,8.5,2.996725551992378,0.18686752417852737,15.21589762208429,False,0.07257992978595587,0.1467215830441533,0.29595111381104017,-0.005981010563193687
289,9.0,3.7999912669747076,0.24869914431036766,15.116732026169485,False,0.0893372259183265,0.30160605663019785,0.2958025433963773,-0.005996716447064013
289,9.5,10.272002745364906,0.7194128543908682,29.94415736962356,False,0.23159143834640206,0.9531744306378865,0.29564643129709267,-0.006013272562728758
289,10.0,8.723473371624411,0.6344155236365967,29.695738085851012,False,0.18998939501400647,0.4954113143248443,0.29544840357324376,-0.006034352371618956
289,10.5,4.315426554134897,0.325899877587917,14.75783426568727,False,0.09172484230405391,0.2627105226707816,0.2952716409928806,-0.006053242939866921
289,11.0,9.755376011095958,0.7766582877232221,29.254719589988895,False,0.20036558378108935,0.6581042490558116,0.29511607768404646,-0.006069926263946316
289,11.5,11.045389181745655,0.9789007629095329,28.809973016647014,False,0.21454181428149438,1.540307903197337,0.2949290560285305,-0.00609005590572245
289,12.0,10.0669515615839,0.877407250165025,28.794944778477443,False,0.19517883826159843,0.7249558142702798,0.2947015259452693,-0.006114652926488113
289,12.5,10.065428055385276,0.8504191429266644,28.959433110157555,False,0.19914152928247547,0.730831251210107,0.29450942972212624,-0.00613551158411432
289,13.0,10.373827823140306,0.9067662340261097,28.8006637133836,False,0.20126886383547754,0.8569272977610743,0.29431876790482225,-0.006156298372433403
289,13.5,3.646770300965941,0.2729366704319131,14.779453699719602,False,0.07796289482358808,0.1907606424993775,0.29412180931412646,-0.006177859835661467
289,14.0,3.0714859500746168,0.18976704877422654,15.237079400000866,False,0.07487352631071685,0.13201504018014804,0.29397480638123075,-0.006194011202914818
289,14.5,3.0243033426395205,0.19343186535654344,15.169044695273124,False,0.07221755888721773,0.20692885873348407,0.29383380409616294,-0.006209550566506076
289,15.0,2.226321411044161,0.1304040676143339,15.362922234074253,False,0.05644803595795838,0.11071479923701044,0.2936904289964466,-0.006225399081660755
289,15.5,3.4762089021835045,0.18035644278885796,15.597475589831848,False,0.09526124400601574,0.1354187858863824,0.29355370078087123,-0.0062405577726949565
289.0,16.0,0.0,0.0,0.0,0.0,0.0,0.0,0.293414737594,-0.00625600933346
289.0,16.5,0.0,0.0,0.0,0.0,0.0,0.0,0.294079681483,-0.00618248332979
289.0,17.0,0.0,0.0,0.0,0.0,0.0,0.0,0.29394946178,-0.00619680092328
289.0,17.5,0.0,0.0,0.0,0.0,0.0,0.0,0.293819894034,-0.00621108606102
289.0,18.0,0.0,0.0,0.0,0.0,0.0,0.0,0.293690971459,-0.0062253390277
289.0,18.5,0.0,0.0,0.0,0.0,0.0,0.0,0.293562687449,-0.00623956009562
289.0,19.0,0.0,0.0,0.0,0.0,0.0,0.0,0.29343503557,-0.00625374952545
289.0,19.5,0.0,0.0,0.0,0.0,0.0,0.0,0.293308009554,-0.00626790756686
289.0,20.0,0.0,0.0,0.0,0.0,0.0,0.0,0.293181603292,-0.00628203445917
289.0,20.5,0.0,0.0,0.0,0.0,0.0,0.0,0.293055810821,-0.00629613043194
289.0,21.0,0.0,0.0,0.0,0.0,0.0,0.0,0.292930626321,-0.00631019570556
289.0,21.5,0.0,0.0,0.0,0.0,0.0,0.0,0.292806044109,-0.00632423049174
289.0,22.0,0.0,0.0,0.0,0.0,0.0,0.0,0.29268205863,-0.00633823499403
289.0,22.5,0.0,0.0,0.0,0.0,0.0,0.0,0.292558664454,-0.00635220940831
289.0,23.0,0.0,0.0,0.0,0.0,0.0,0.0,0.293227304443,-0.00627692262261
289.0,23.5,0.0,0.0,0.0,0.0,0.0,0.0,0.293100771496,-0.00629108793374
289.0,24.0,0.0,0.0,0.0,0.0,0.0,0.0,0.292974881208,-0.00630521911398
290.0,0.5,0.0,0.0,0.0,0.0,0.0,0.0,0.292849626811,-0.00631931646482
290.0,1.0,0.0,0.0,0.0,0.0,0.0,0.0,0.292725001697,-0.00633338027742
290.0,1.5,0.0,0.0,0.0,0.0,0.0,0.0,0.292600999412,-0.00634741083322
290.0,2.0,0.0,0.0,0.0,0.0,0.0,0.0,0.29247761365,-0.00636140840438
290.0,2.5,0.0,0.0,0.0,0.0,0.0,0.0,0.292354838246,-0.00637537325429
290.0,3.0,0.0,0.0,0.0,0.0,0.0,0.0,0.29223266717,-0.00638930563794
290.0,3.5,0.0,0.0,0.0,0.0,0.0,0.0,0.292111094522,-0.0064032058024
290.0,4.0,0.0,0.0,0.0,0.0,0.0,0.0,0.291990114528,-0.00641707398722
290.0,4.5,0.0,0.0,0.0,0.0,0.0,0.0,0.291869721532,-0.00643091042475
290.0,5.0,0.0,0.0,0.0,0.0,0.0,0.0,0.291749909994,-0.00644471534054
290.0,5.5,0.0,0.0,0.0,0.0,0.0,0.0,0.29242224043,-0.00636770220697
290.0,6.0,0.0,0.0,0.0,0.0,0.0,0.0,0.293090832023,-0.00629220226627
290.0,6.5,0.0,0.0,0.0,0.0,0.0,0.0,0.292964302657,-0.0063064082776
290.0,7.0,0.0,0.0,0.0,0.0,0.0,0.0,0.292838466046,-0.00632057442738
290.0,7.5,0.0,0.0,0.0,0.0,0.0,0.0,0.292713313595,-0.00633470117916
290,8.0,5.931150421688676,0.17708781350711603,33.26229723121792,False,0.2524355029614396,0.25582401924531395,0.2925888369216991,-0.006348788982639066
290,8.5,7.330933824136215,0.26794797049608654,32.64214026424921,False,0.2676099833076193,0.42134174494148624,0.29244859886636976,-0.006364705343062437
290,9.0,8.48437091291667,0.3914976040291862,31.924813083671346,False,0.26594012247432897,0.9835250013364802,0.2922992909038338,-0.006381703378269181
290,9.5,9.565104589340162,0.5548822810715667,30.818896581831464,False,0.2461727474432626,0.7758643437807786,0.2921246112438237,-0.0064016585716356825
290,10.0,10.039568245477756,0.6531725662435063,30.32063294621484,False,0.23910903436902392,0.9819470002324783,0.29195225607994496,-0.006421421128390882
290,10.5,10.228335825792193,0.735882789485572,29.824446616322405,False,0.22675968136569152,1.0450239929049967,0.2917689867755982,-0.0064425149153937876
290,11.0,10.386975659264168,0.8570667862296312,29.138050400047007,False,0.21017212590584888,1.2129192996788325,0.29158081439630495,-0.006464258991273263
290,11.5,8.372240333907232,0.6662142278421623,14.606036318081358,False,0.17101572872798018,0.42648634687252,0.2913822939280121,-0.00648729368489558
290,12.0,10.210279735920455,0.813225816305978,29.3388708367613,False,0.2120123281305346,1.348481709963074,0.2912214769274461,-0.006506025303370579
290,12.5,10.241569734273028,0.880159164965047,28.919568142010544,False,0.20162677913443566,1.2035899771580516,0.2910206999350136,-0.006529501906420531
290,13.0,8.004572679425559,0.6999147511950586,28.73956740766435,False,0.1541528706770116,0.39403408785047667,0.29082348361548344,-0.006552660494489752
290,13.5,9.326467088576129,0.5254015920927261,30.986442516676764,False,0.24671863565021146,0.9134423819802112,0.29224753096565415,-0.006387608634420133
290,14.0,10.433510694436757,0.83768036857206,29.3380617500948,False,0.21662475092325748,1.7799920337728814,0.29206757262386296,-0.006408190690462975
290,14.5,9.798175729477022,0.8960857412028281,28.582905870297452,False,0.18518222468364648,1.3032901324964217,0.2918435958792728,-0.0064339176665321445
290,15.0,8.642315286004257,0.8101176837021682,28.400051296459537,False,0.15986393558259185,0.829556345498088,0.29163620177232624,-0.006457849688536339
290,15.5,5.372947135351027,0.48721026214318613,28.535477610048623,False,0.1009779056548132,0.1876941406214018,0.2914507471242213,-0.0064793399048028565
290,16.0,5.216215720107375,0.41493938073694087,29.197167024092465,False,0.10634558775789718,0.20761288317218488,0.2913025949909746,-0.006496568802735705
290.0,16.5,0.0,0.0,0.0,0.0,0.0,0.0,0.291157110178,-0.00651354065776
290.0,17.0,0.0,0.0,0.0,0.0,0.0,0.0,0.291035922993,-0.00652771836085
290.0,17.5,0.0,0.0,0.0,0.0,0.0,0.0,0.290915399079,-0.00654185495012
290.0,18.0,0.0,0.0,0.0,0.0,0.0,0.0,0.290795530127,-0.00655595091134
290.0,18.5,0.0,0.0,0.0,0.0,0.0,0.0,0.290676308041,-0.00657000671544
290.0,19.0,0.0,0.0,0.0,0.0,0.0,0.0,0.290557724926,-0.00658402281911
290.0,19.5,0.0,0.0,0.0,0.0,0.0,0.0,0.290439773081,-0.00659799966545
290.0,20.0,0.0,0.0,0.0,0.0,0.0,0.0,0.290322444997,-0.00661193768452
290.0,20.5,0.0,0.0,0.0,0.0,0.0,0.0,0.29020573334,-0.00662583729389
290.0,21.0,0.0,0.0,0.0,0.0,0.0,0.0,0.290089630954,-0.0066396988992
290.0,21.5,0.0,0.0,0.0,0.0,0.0,0.0,0.290765820209,-0.00655945023661
290.0,22.0,0.0,0.0,0.0,0.0,0.0,0.0,0.290646848124,-0.00657348545158
290.0,22.5,0.0,0.0,0.0,0.0,0.0,0.0,0.290528528772,-0.00658747916467
290.0,23.0,0.0,0.0,0.0,0.0,0.0,0.0,0.290410853911,-0.006601431872
290.0,23.5,0.0,0.0,0.0,0.0,0.0,0.0,0.290293815502,-0.0066153440553
290.0,24.0,0.0,0.0,0.0,0.0,0.0,0.0,0.290969064982,-0.00653555582484
291.0,0.5,0.0,0.0,0.0,0.0,0.0,0.0,0.290849180483,-0.00654963744108
291.0,1.0,0.0,0.0,0.0,0.0,0.0,0.0,0.290729975186,-0.00656367513602
291.0,1.5,0.0,0.0,0.0,0.0,0.0,0.0,0.290611439989,-0.00657766947975
291.0,2.0,0.0,0.0,0.0,0.0,0.0,0.0,0.290493566021,-0.00659162102568
291.0,2.5,0.0,0.0,0.0,0.0,0.0,0.0,0.295123979901,-0.00606907747418
291.0,3.0,0.0,0.0,0.0,0.0,0.0,0.0,0.294980616947,-0.00608449833503
291.0,3.5,0.0,0.0,0.0,0.0,0.0,0.0,0.294838386949,-0.00609984348446
291.0,4.0,0.0,0.0,0.0,0.0,0.0,0.0,0.29469726538,-0.00611511464048
291.0,4.5,0.0,0.0,0.0,0.0,0.0,0.0,0.29455722855,-0.00613031346322
291.0,5.0,0.0,0.0,0.0,0.0,0.0,0.0,0.294418253583,-0.0061454415564
291.0,5.5,0.0,0.0,0.0,0.0,0.0,0.0,0.294280318382,-0.00616050046896
291.0,6.0,0.0,0.0,0.0,0.0,0.0,0.0,0.294143401605,-0.00617549169677
291.0,6.5,0.0,0.0,0.0,0.0,0.0,0.0,0.294007482631,-0.00619041668436
291.0,7.0,0.0,0.0,0.0,0.0,0.0,0.0,0.293872541541,-0.00620527682667
291.0,7.5,0.0,0.0,0.0,0.0,0.0,0.0,0.293738559079,-0.00622007347082
291,8.0,3.334362157179006,0.11915842142713746,16.316179009192318,False,0.12144565903233004,0.1840471318695946,0.2936055166376396,-0.00623480791783528
291,8.5,6.031041511102139,0.2468678273625202,32.205242937567384,False,0.2000976405494476,0.44034074788559013,0.2934618895870733,-0.006250761316527293
291,9.0,6.67780008415746,0.3023438747005648,31.82551586626766,False,0.2052970040936432,0.5334546400806612,0.29330459426708017,-0.006268288754207527
291,9.5,7.686369358408193,0.4039832068448272,31.29119741004498,False,0.21418669189547632,1.0258278347412007,0.2931425477598901,-0.0062864068906156945
291,10.0,8.37465310105796,0.45987335122820977,31.06623234638246,False,0.22451871538400409,0.9212972987731634,0.2929588300155087,-0.006307023576947816
291,10.5,3.2460827091974354,0.14509354019957132,15.93973265428123,False,0.10084642964864343,0.26674464741843107,0.2935690716999169,-0.006238851447672314
291,11.0,3.4025733052846294,0.15049113474302148,15.979014222128523,True,0.10735526744628698,0.35730455865447786,0.29658482001927466,-0.005914567249075805
291,11.5,7.19669090439632,0.28118510961480214,32.42999109185591,False,0.25051403568282526,0.6300816729850868,0.2964149601835662,-0.005932290192204377
291,12.0,7.5546128956214655,0.33414306628117735,32.009271179825674,False,0.24080444688603977,0.8775546464837453,0.2962310791605556,-0.005951547461123632
291,12.5,7.377552749374616,0.3715118740135113,31.37516204935889,False,0.20865008541159874,0.5333508294417619,0.2960370555606995,-0.005971947744032152
291,13.0,7.133932956700732,0.36943849847980303,31.23626506504439,False,0.19689798945583614,0.43141581140882174,0.29585590454677513,-0.0059910698096674085
291,13.5,1.8321296648143017,0.07641589213335,16.02655809045468,False,0.058917016906726384,0.010724438160372133,0.29567989946008433,-0.0060097185907511215
291.0,14.0,0.0,0.0,0.0,0.0,0.0,0.00981657433596,0.295532150309,-0.00602542690753
291,14.5,1.4742965612584855,0.041878159180687,16.770992722150517,True,0.06782257756437181,0.17930657327022875,0.2961792564004631,-0.0059569881397001515
291,15.0,1.2952254335753883,0.03559073825573517,16.776362372109528,True,0.05977033033715329,0.0999759587329516,0.29602374503630147,-0.005973350307983704
291,15.5,3.2133067534769184,0.08361670004798456,16.7326997436821,False,0.1446199179631051,0.04517453666073398,0.2966633720337885,-0.00590639257578239
291.0,16.0,0.0,0.0,0.0,0.0,0.0,0.0141808958768,0.297299283111,-0.00584070845056
291.0,16.5,0.0,0.0,0.0,0.0,0.0,0.0,0.297145091742,-0.00585655481644
291.0,17.0,0.0,0.0,0.0,0.0,0.0,0.0,0.29699277328,-0.0058722590225
291.0,17.5,0.0,0.0,0.0,0.0,0.0,0.0,0.297632281883,-0.00580665986599
291.0,18.0,0.0,0.0,0.0,0.0,0.0,0.0,0.297477357297,-0.0058224711518
291.0,18.5,0.0,0.0,0.0,0.0,0.0,0.0,0.297323785017,-0.00583819507729
291.0,19.0,0.0,0.0,0.0,0.0,0.0,0.0,0.297171529514,-0.00585383415115
291.0,19.5,0.0,0.0,0.0,0.0,0.0,0.0,0.297020556695,-0.00586939078315
291.0,20.0,0.0,0.0,0.0,0.0,0.0,0.0,0.296870833849,-0.00588486728667
291.0,20.5,0.0,0.0,0.0,0.0,0.0,0.0,0.296722329591,-0.00590026588174
291.0,21.0,0.0,0.0,0.0,0.0,0.0,0.0,0.296575013809,-0.00591558869825
291.0,21.5,0.0,0.0,0.0,0.0,0.0,0.0,0.296428857609,-0.00593083777931
291.0,22.0,0.0,0.0,0.0,0.0,0.0,0.0,0.29628383326,-0.00594601508472
291.0,22.5,0.0,0.0,0.0,0.0,0.0,0.0,0.296930671452,-0.00587867618633
291.0,23.0,0.0,0.0,0.0,0.0,0.0,0.0,0.296782874505,-0.00589398211326
291.0,23.5,0.0,0.0,0.0,0.0,0.0,0.0,0.296636236062,-0.0059092150124
291.0,24.0,0.0,0.0,0.0,0.0,0.0,0.0,0.29649072839,-0.00592437683487
292.0,0.5,0.0,0.0,0.0,0.0,0.0,0.0,0.29634632486,-0.00593946945288
292.0,1.0,0.0,0.0,0.0,0.0,0.0,0.0,0.296202999901,-0.0059544946628
292.0,1.5,0.0,0.0,0.0,0.0,0.0,0.0,0.296060728947,-0.00596945418821
292.0,2.0,0.0,0.0,0.0,0.0,0.0,0.0,0.295919488401,-0.00598434968292
292.0,2.5,0.0,0.0,0.0,0.0,0.0,0.0,0.295779255581,-0.00599918273382
292.0,3.0,0.0,0.0,0.0,0.0,0.0,0.0,0.295640008686,-0.0060139548638
292.0,3.5,0.0,0.0,0.0,0.0,0.0,0.0,0.295501726751,-0.00602866753441
292.0,4.0,0.0,0.0,0.0,0.0,0.0,0.0,0.295364389612,-0.00604332214857
292.0,4.5,0.0,0.0,0.0,0.0,0.0,0.0,0.295227977864,-0.00605792005307
292.0,5.0,0.0,0.0,0.0,0.0,0.0,0.0,0.295092472834,-0.00607246254103
292.0,5.5,0.0,0.0,0.0,0.0,0.0,0.0,0.29495785654,-0.00608695085422
292.0,6.0,0.0,0.0,0.0,0.0,0.0,0.0,0.294824111664,-0.00610138618533
292.0,6.5,0.0,0.0,0.0,0.0,0.0,0.0,0.294691221518,-0.00611576968011
292.0,7.0,0.0,0.0,0.0,0.0,0.0,0.0,0.29455917002,-0.00613010243939
292.0,7.5,0.0,0.0,0.0,0.0,0.0,0.0145268501981,0.294427941663,-0.0061443855211
292,8.0,2.6833809161144515,0.06662107035844674,33.780345945612694,True,0.1325834660484333,0.2068931871816321,0.2950881683081324,-0.0060729251868123415
292,8.5,4.075079744768722,0.10858715947722081,33.780345904330474,True,0.20134606821589163,0.5916507354853596,0.29494362209948494,-0.00608848526724366
292,9.0,1.6096606287302115,0.045543299825893384,16.751048571076343,True,0.07320535201236002,0.22979833542753916,0.29715658679236956,-0.005855371695640473
292,9.5,5.192348293439313,0.15685518799082687,33.555416243165794,True,0.2397967685229506,1.0210743646164888,0.296999343648913,-0.005871580575315745
292,10.0,6.077830993261998,0.2218330259858818,32.83833277559246,True,0.23232584659097413,1.0946455934077244,0.297599655681008,-0.005809985372715315
292,10.5,5.771017446758464,0.22781550028331166,32.300682620118934,False,0.19535920006640858,0.42620768758258837,0.29740007917299205,-0.005830377172220762
292,11.0,5.809143030396504,0.21828577676587338,32.49664525494046,False,0.20520699889664343,0.45167140608156586,0.2972268057354429,-0.005848150635149847
292,11.5,7.0175567199883595,0.272446952772654,32.59932573983113,True,0.2536780952675612,1.005765828527696,0.2978447094300821,-0.005785063027396835
292,12.0,7.314634212044531,0.34336936392390777,31.717092731364268,True,0.22026012649061516,0.924159414875909,0.29764492684213334,-0.005805371606888281
292,12.5,7.356527838372481,0.39401385646815695,31.14141284267365,False,0.1997543500618587,0.9166551007070292,0.2974467388664599,-0.005825602074024947
292,13.0,7.792750174772886,0.4714907296228498,30.574438650829592,False,0.19292829978423212,0.9593745689103578,0.2972480737166191,-0.005845965607245065
292,13.5,6.346213748851035,0.3103063613300131,31.45834036669134,False,0.18217597598800758,0.5395470390642937,0.29704597912984865,-0.005866767743624488
292,14.0,6.321561205958172,0.30609838556951974,31.484642168765305,False,0.18233368529289773,0.4609119643888139,0.2968670390796374,-0.005885260174563037
292,14.5,5.886781905944238,0.2964470040049104,31.300432761407905,False,0.16430558291561898,0.3701130639681481,0.2966923223428497,-0.005903383199048471
292,15.0,5.397861001023046,0.2688740901800563,31.332273551765383,False,0.15150573400664064,0.32024830124031123,0.2965224724336712,-0.00592106517310421
292,15.5,4.5530520497781,0.23801055955011222,31.104887735109358,False,0.12286460377821831,0.23034604917784504,0.29635659236042516,-0.005938394813301565
292,16.0,2.8545749915105056,0.14490368515810167,15.588509874738744,False,0.07798523688631948,0.07737147860004501,0.29619630372682093,-0.005955197750587713
292.0,16.5,0.0,0.0,0.0,0.0,0.0,0.0,0.299998844617,-0.00557137751475
292.0,17.0,0.0,0.0,0.0,0.0,0.0,0.0,0.300622289418,-0.00551129685426
292.0,17.5,0.0,0.0,0.0,0.0,0.0,0.0,0.300451568664,-0.00552767193706
292.0,18.0,0.0,0.0,0.0,0.0,0.0,0.0,0.300282454467,-0.00554395010837
292.0,18.5,0.0,0.0,0.0,0.0,0.0,0.0,0.300114898701,-0.00556013463147
292.0,19.0,0.0,0.0,0.0,0.0,0.0,0.0,0.299948855397,-0.00557622862767
292.0,19.5,0.0,0.0,0.0,0.0,0.0,0.0,0.299784280624,-0.00559223508419
292.0,20.0,0.0,0.0,0.0,0.0,0.0,0.0,0.299621132366,-0.0056081568615
292.0,20.5,0.0,0.0,0.0,0.0,0.0,0.0,0.299459370456,-0.00562399669673
292.0,21.0,0.0,0.0,0.0,0.0,0.0,0.0,0.299298956512,-0.00563975720642
292.0,21.5,0.0,0.0,0.0,0.0,0.0,0.0,0.299139853862,-0.00565544089002
292.0,22.0,0.0,0.0,0.0,0.0,0.0,0.0,0.298982027475,-0.00567105013402
292.0,22.5,0.0,0.0,0.0,0.0,0.0,0.0,0.298825443887,-0.00568658721623
292.0,23.0,0.0,0.0,0.0,0.0,0.0,0.0,0.298670071127,-0.00570205431024
292.0,23.5,0.0,0.0,0.0,0.0,0.0,0.0,0.300096552021,-0.00556191018868
292.0,24.0,0.0,0.0,0.0,0.0,0.0,0.0,0.300722899455,-0.00550167367307
293.0,0.5,0.0,0.0,0.0,0.0,0.0,0.0,0.30134489687,-0.00544262314152
293.0,1.0,0.0,0.0,0.0,0.0,0.0,0.0,0.301962507401,-0.00538473476504
293.0,1.5,0.0,0.0,0.0,0.0,0.0,0.0,0.302575696271,-0.00532798511677
293.0,2.0,0.0,0.0,0.0,0.0,0.0,0.0,0.302394863724,-0.00534464647351
293.0,2.5,0.0,0.0,0.0,0.0,0.0,0.0,0.302215772778,-0.00536120858479
293.0,3.0,0.0,0.0,0.0,0.0,0.0,0.0,0.303617523552,-0.0052331907529
293.0,3.5,0.0,0.0,0.0,0.0,0.0,0.0,0.304218931989,-0.00517938434234
293.0,4.0,0.0,0.0,0.0,0.0,0.0,0.0,0.304026592041,-0.00519652048214
293.0,4.5,0.0,0.0,0.0,0.0,0.0,0.0,0.303836250505,-0.00521354512044
293.0,5.0,0.0,0.0,0.0,0.0,0.0,0.0,0.303647835615,-0.00523046292383
293.0,5.5,0.0,0.0,0.0,0.0,0.0,0.0,0.303461279316,-0.00524727832762
293.0,6.0,0.0,0.0,0.0,0.0,0.0,0.0,0.30327651702,-0.00526399555023
293.0,6.5,0.0,0.0,0.0,0.0,0.0,0.0,0.303093487387,-0.00528061860641
293.0,7.0,0.0,0.0,0.0,0.0,0.0,0.0,0.302912132153,-0.00529715131626
293.0,7.5,0.0,0.0,0.0,0.0,0.0,0.0,0.302732396054,-0.00531359730663
293,8.0,0.7432315395950233,0.018580173762865415,16.89017298976714,True,0.036722409779491275,0.06383841725432064,0.30255422670889787,-0.005329960015639382
293,8.5,3.6565036701021354,0.0944820320807156,33.78034590990293,True,0.1806645964013709,0.2799542154826326,0.3023744467149074,-0.00534653153169736
293,9.0,4.414357059662337,0.11837905732478901,33.78034589558432,True,0.21810945879158977,0.3991733541229346,0.30218505479820545,-0.005364055486123421
293,9.5,4.883627829455818,0.1269713795152172,33.78034588911906,True,0.2412957104343597,0.43909028069586303,0.3019916572505907,-0.0053820207389975415
293,10.0,5.651260308207346,0.17300071953519763,33.68799408163905,True,0.2714378883049567,1.1096049711563816,0.3017978022429545,-0.00540010047734897
293,10.5,6.944834005433835,0.2629789137459325,32.970744574626295,True,0.2741910851925513,1.2568078215535918,0.3015780979652866,-0.005420678583566675
293,11.0,7.98958556279931,0.3754744559642671,32.0826648307562,False,0.2584703320356919,1.3169657481244932,0.3013506984087866,-0.005442075925989872
293,11.5,8.636804408411527,0.5002598224640807,31.011560864059867,False,0.23126221400967023,1.5238191124308238,0.30111801658180487,-0.005464074559781175
293,12.0,8.96089954598973,0.6087365632407072,30.169791408847438,False,0.20870550297414386,1.4318110131554291,0.30087398509011953,-0.00548726016345525
293,12.5,8.940894010966266,0.6751868750683847,29.626768344587806,False,0.19290315274017883,1.5273637367953636,0.3006305325107414,-0.005510507662415234
293,13.0,9.077951714528364,0.7282140231577066,29.28738334742275,False,0.18724161590216515,1.4125930544915444,0.30038210541309973,-0.005534351255983219
293,13.5,8.958171056337845,0.7454539899373569,28.986212695073966,False,0.17782703888377674,0.9365568517039926,0.30013716617285235,-0.005557980534551442
293,14.0,8.486854608125359,0.7114816889910419,28.912225071006873,False,0.16692983416153243,0.7426066179075738,0.29991075564720887,-0.005579929328458034
293,14.5,7.6812763383464775,0.6253046199226661,29.002658676008338,False,0.1527931952731682,0.47223949275170496,0.2996940863547098,-0.005601030552696223
293,15.0,6.179391219018234,0.4682541627279088,29.34453999114841,False,0.12840757730748134,0.24590577301075478,0.2994920149971151,-0.005620795832524157
293,15.5,5.058495451628014,0.3663117680739644,29.575984896313816,False,0.10839238374547197,0.21938289555518709,0.2993055369376787,-0.0056391096519342356
293,16.0,2.953335626463002,0.20304399778616977,14.889204197167103,False,0.06505731480822045,0.07197418233331149,0.2991249559972979,-0.0056569121192080575
293.0,16.5,0.0,0.0,0.0,0.0,0.0,0.0,0.298957166181,-0.00567351362697
293.0,17.0,0.0,0.0,0.0,0.0,0.0,0.0,0.298800794407,-0.0056890376908
293.0,17.5,0.0,0.0,0.0,0.0,0.0,0.0,0.298645384878,-0.00570451639649
293.0,18.0,0.0,0.0,0.0,0.0,0.0,0.0,0.298490919646,-0.00571995079795
293.0,18.5,0.0,0.0,0.0,0.0,0.0,0.0,0.298337381623,-0.00573534188519
293.0,19.0,0.0,0.0,0.0,0.0,0.0,0.0,0.298184754529,-0.00575069058835
293.0,19.5,0.0,0.0,0.0,0.0,0.0,0.0,0.298823526479,-0.00568677778612
293.0,20.0,0.0,0.0,0.0,0.0,0.0,0.0,0.298667458556,-0.00570231481537
293.0,20.5,0.0,0.0,0.0,0.0,0.0,0.0,0.2993027499,-0.00563938390278
293.0,21.0,0.0,0.0,0.0,0.0,0.0,0.0,0.299933527441,-0.00557771710935
293.0,21.5,0.0,0.0,0.0,0.0,0.0,0.0,0.300559743678,-0.00551728935874
293.0,22.0,0.0,0.0,0.0,0.0,0.0,0.0,0.302760718687,-0.00531100173038
293.0,22.5,0.0,0.0,0.0,0.0,0.0,0.0,0.302575875881,-0.00532796859886
293.0,23.0,0.0,0.0,0.0,0.0,0.0,0.0,0.304760494898,-0.00513149533574
293.0,23.5,0.0,0.0,0.0,0.0,0.0,0.0,0.305348657926,-0.00508008193869
293.0,24.0,0.0,0.0,0.0,0.0,0.0,0.0,0.305931989775,-0.00502969592298
294.0,0.5,0.0,0.0,0.0,0.0,0.0,0.0,0.305721837539,-0.00504777917062
294.0,1.0,0.0,0.0,0.0,0.0,0.0,0.0,0.305513939287,-0.00506574473899
294.0,1.5,0.0,0.0,0.0,0.0,0.0,0.0,0.305308215063,-0.00508359748165
294.0,2.0,0.0,0.0,0.0,0.0,0.0,0.0,0.305104589103,-0.00510134200616
294.0,2.5,0.0,0.0,0.0,0.0,0.0,0.0,0.304902989563,-0.00511898268977
294.0,3.0,0.0,0.0,0.0,0.0,0.0,0.0,0.305492316047,-0.00506761768613
294.0,3.5,0.0,0.0,0.0,0.0,0.0,0.0,0.305287903567,-0.00508536417554
294.0,4.0,0.0,0.0,0.0,0.0,0.0,0.0,0.306663043443,-0.00496738839048
294.0,4.5,0.0,0.0,0.0,0.0,0.0,0.0,0.307237395713,-0.0049190808292
294.0,5.0,0.0,0.0,0.0,0.0,0.0,0.0,0.3078067636,-0.00487174396176
294.0,5.5,0.0,0.0,0.0,0.0,0.0,0.0,0.308371129358,-0.00482535761999
294.0,6.0,0.0,0.0,0.0,0.0,0.0,0.0,0.308930476569,-0.00477990207337
294.0,6.5,0.0,0.0,0.0,0.0,0.0,0.0,0.308696892952,-0.00479882201502
294.0,7.0,0.0,0.0,0.0,0.0,0.0,0.0,0.31004179735,-0.00469109480796
294.0,7.5,0.0,0.0,0.0,0.0,0.0,0.0,0.310585821512,-0.00464833837041
294.0,8.0,0.0,0.0,0.0,0.0,0.0,0.0,0.31033734342,-0.00466780912641
294.0,8.5,0.0,0.0,0.0,0.0,0.0,0.0,0.310092027148,-0.00468712752349
294.0,9.0,0.0,0.0,0.0,0.0,0.0,0.0,0.309849724776,-0.00470630216327
294.0,9.5,0.0,0.0,0.0,0.0,0.0,0.0,0.31039801186,-0.0046630461921
294.0,10.0,0.0,0.0,0.0,0.0,0.0,0.0,0.310153491325,-0.00468227835502
294,10.5,2.9721994706631074,0.07854413118072197,16.890172939831988,False,0.1468537341237564,0.23162833294334906,0.30991184561480073,-0.004701377325063897
294,11.0,7.435600753360258,0.19506889329430355,33.78034587459162,False,0.3673864243844823,0.47315802867907675,0.30966117271119226,-0.004721287948667832
294,11.5,3.69743048748854,0.09749473794943524,16.884307711376877,False,0.18202357144266063,0.2508286604061133,0.30939953337334725,-0.0047421768751581194
294,12.0,3.61159341061407,0.09498989516453954,16.856814874073077,False,0.1748230216368907,0.19206558234655827,0.3091525424722269,-0.004761997406703299
294,12.5,3.4577392150597075,0.09211152426662586,16.828503272182157,False,0.1645405595139032,0.1678665590350731,0.30891027928472403,-0.004781534510273107
294,13.0,2.5662864353155763,0.06790469352083714,16.78716763554766,False,0.11917263208608592,0.06061347975118329,0.308671348383342,-0.00480089649671472
294,13.5,2.265160049385167,0.06120345626057646,16.75104856179523,False,0.10301664575742608,0.040082243670083555,0.30843962027892796,-0.004819764095242998
294.0,14.0,0.0,0.0,0.0,0.0,0.0,0.0204256878655,0.308211055333,-0.00483846075521
294.0,14.5,0.0,0.0,0.0,0.0,0.0,0.0,0.307987610592,-0.00485682217231
294.0,15.0,0.0,0.0,0.0,0.0,0.0,0.0,0.307766920093,-0.00487503881143
294.0,15.5,0.0,0.0,0.0,0.0,0.0,0.0,0.309912517391,-0.00470132410134
294.0,16.0,0.0,0.0,0.0,0.0,0.0,0.0125975315316,0.313609132168,-0.00441901379226
294.0,16.5,0.0,0.0,0.0,0.0,0.0,0.0,0.313330051122,-0.00443960904905
294.0,17.0,0.0,0.0,0.0,0.0,0.0,0.0,0.313055144361,-0.00446000816555
294.0,17.5,0.0,0.0,0.0,0.0,0.0,0.0,0.312783749172,-0.00448025634934
294.0,18.0,0.0,0.0,0.0,0.0,0.0,0.0,0.31251569377,-0.00450036296311
294.0,18.5,0.0,0.0,0.0,0.0,0.0,0.0,0.31303773824,-0.00446130352044
294.0,19.0,0.0,0.0,0.0,0.0,0.0,0.0,0.31276729888,-0.00448148718537
294.0,19.5,0.0,0.0,0.0,0.0,0.0,0.0,0.314073450256,-0.00438500031758
294.0,20.0,0.0,0.0,0.0,0.0,0.0,0.0,0.31379162979,-0.00440560762122
294.0,20.5,0.0,0.0,0.0,0.0,0.0,0.0,0.313513294295,-0.00442607345074
294.0,21.0,0.0,0.0,0.0,0.0,0.0,0.0,0.313238268956,-0.0044464072457
294.0,21.5,0.0,0.0,0.0,0.0,0.0,0.0,0.312966392409,-0.00446661772819
294.0,22.0,0.0,0.0,0.0,0.0,0.0,0.0,0.312697516238,-0.00448671291086
294.0,22.5,0.0,0.0,0.0,0.0,0.0,0.0,0.3124315042,-0.00450670012684
294.0,23.0,0.0,0.0,0.0,0.0,0.0,0.0,0.312168231367,-0.00452658606897
294.0,23.5,0.0,0.0,0.0,0.0,0.0,0.0,0.311907583244,-0.00454637683245
294.0,24.0,0.0,0.0,0.0,0.0,0.0,0.0,0.312436584875,-0.00450631739019
295.0,0.5,0.0,0.0,0.0,0.0,0.0,0.0,0.312172458208,-0.00452626597576
295.0,1.0,0.0,0.0,0.0,0.0,0.0,0.0,0.311910919659,-0.00454612285099
295.0,1.5,0.0,0.0,0.0,0.0,0.0,0.0,0.3116518717,-0.00456589303084
295.0,2.0,0.0,0.0,0.0,0.0,0.0,0.0,0.311395224711,-0.00458558107312
295.0,2.5,0.0,0.0,0.0,0.0,0.0,0.0,0.311140896331,-0.00460519111233
295.0,3.0,0.0,0.0,0.0,0.0,0.0,0.0,0.310888810849,-0.00462472689217
295.0,3.5,0.0,0.0,0.0,0.0,0.0,0.0,0.310638898632,-0.0046441917966
295.0,4.0,0.0,0.0,0.0,0.0,0.0,0.0,0.310391095594,-0.00466358887905
295.0,4.5,0.0,0.0,0.0,0.0,0.0,0.0,0.310145342711,-0.00468292088976
295.0,5.0,0.0,0.0,0.0,0.0,0.0,0.0,0.309901585567,-0.00470219030138
295.0,5.5,0.0,0.0,0.0,0.0,0.0,0.0,0.309659773943,-0.0047213993326
295.0,6.0,0.0,0.0,0.0,0.0,0.0,0.0,0.309419861438,-0.00474054997023
295.0,6.5,0.0,0.0,0.0,0.0,0.0,0.0,0.309181805123,-0.00475964398946
295.0,7.0,0.0,0.0,0.0,0.0,0.0,0.0,0.308945565223,-0.00477868297268
295.0,7.5,0.0,0.0,0.0,0.0,0.0,0.0,0.308711104829,-0.00479766832681
295,8.0,6.509730455505919,0.17433746899039917,33.63192757778975,False,0.3074665288691848,0.3343944815313435,0.30847838963202506,-0.004816601299277807
295,8.5,2.906523776394799,0.0851318356965609,16.710751050360162,False,0.12920799077164935,0.21351024130392562,0.3082280813316266,-0.0048370650496855445
295,9.0,6.564898592727737,0.21393104546271008,16.508484925268608,False,0.26219879438048005,0.33346486422245886,0.3079874293718131,-0.0048568370976232135
295,9.5,3.453701457258387,0.12489656805707763,16.347751855468154,False,0.12763762534861164,0.21016501607914473,0.3085270756143787,-0.004812633008538356
295,10.0,9.065011647935563,0.3165330292425462,32.90380386105642,False,0.3520496230299507,0.6979853807853198,0.3090686848276474,-0.004768749251153762
295,10.5,4.283398084373608,0.15915797783266988,16.34575957251359,False,0.15815412775943588,0.36794227314990685,0.30879069689263744,-0.0047912133266723765
295,11.0,9.102768913854764,0.35808878334049155,32.455747489522786,False,0.3186598317752915,0.7011887015407793,0.3085331743303615,-0.004812136189776909
295,11.5,10.202559512872572,0.494140322866243,31.717092711113274,False,0.30722206793786033,1.0788893188257633,0.30825738318513624,-0.004834664154517472
295,12.0,9.789164436007805,0.5655158992027801,30.88811528465267,False,0.2547925524911597,0.8930857021697385,0.30796398466492697,-0.00485876846568987
295,12.5,4.107964605754904,0.2760981380381615,15.070632616533047,False,0.09527938435039522,0.31206644577967557,0.30767678232283646,-0.004882502536328449
295,13.0,2.527174152275452,0.1509039291672826,15.321368473504052,False,0.06323845382921996,0.05811131816401104,0.3090002047497758,-0.004774271424123805
295,13.5,3.8226290980677926,0.18323738813438675,15.845986953706756,False,0.11456326211223847,0.3555518557028896,0.30953617958986895,-0.004731253521911104
295,14.0,3.1458699100615286,0.17139036136354993,15.54868749892224,False,0.08478359417320523,0.22460996491558635,0.3092662359949944,-0.0047528614905623535
295,14.5,7.398216536702866,0.3696720735681415,31.463861586364906,False,0.21258683043311283,0.4819538095881771,0.30979154000451803,-0.00471092053234219
295,15.0,6.202030172088466,0.34307181745902954,31.00837037671841,False,0.16466646842235066,0.3596629677188314,0.3095062805853924,-0.004733641052190446
295,15.5,4.482555277238529,0.2950130338562336,30.210466681578872,False,0.10502724673540803,0.22911938107520907,0.30922915148229485,-0.004755839143649125
295.0,16.0,0.0,0.0,0.0,0.0,0.0,0.0,0.308961214036,-0.00477741900485
295.0,16.5,0.0,0.0,0.0,0.0,0.0,0.0,0.308715518663,-0.00479731008897
295.0,17.0,0.0,0.0,0.0,0.0,0.0,0.0,0.309259705087,-0.0047533857202
295.0,17.5,0.0,0.0,0.0,0.0,0.0,0.0,0.309010552315,-0.00477343651712
295.0,18.0,0.0,0.0,0.0,0.0,0.0,0.0,0.308763816869,-0.004793392167
295.0,18.5,0.0,0.0,0.0,0.0,0.0,0.0,0.309306995249,-0.0047495913408
295.0,19.0,0.0,0.0,0.0,0.0,0.0,0.0,0.309056897639,-0.00476969921721
295.0,19.5,0.0,0.0,0.0,0.0,0.0,0.0,0.308809276958,-0.00478970795389
295.0,20.0,0.0,0.0,0.0,0.0,0.0,0.0,0.308564067406,-0.00480962049051
295.0,20.5,0.0,0.0,0.0,0.0,0.0,0.0,0.308321206765,-0.00482943957809
295.0,21.0,0.0,0.0,0.0,0.0,0.0,0.0,0.308080636179,-0.00484916778967
295.0,21.5,0.0,0.0,0.0,0.0,0.0,0.0,0.308630047896,-0.00480425278183
295.0,22.0,0.0,0.0,0.0,0.0,0.0,0.0,0.309173628499,-0.00476030144614
295.0,22.5,0.0,0.0,0.0,0.0,0.0,0.0,0.308923997273,-0.00478042568736
295.0,23.0,0.0,0.0,0.0,0.0,0.0,0.0,0.308676902956,-0.00480044531735
295.0,23.5,0.0,0.0,0.0,0.0,0.0,0.0,0.31236737406,-0.00451153450106
295.0,24.0,0.0,0.0,0.0,0.0,0.0,0.0,0.313654955846,-0.00441564304632
296.0,0.5,0.0,0.0,0.0,0.0,0.0,0.0,0.317281484177,-0.00415833175587
296.0,1.0,0.0,0.0,0.0,0.0,0.0,0.0,0.317720020648,-0.00412844274818
296.0,1.5,0.0,0.0,0.0,0.0,0.0,0.0,0.318153882881,-0.0040991238728
296.0,2.0,0.0,0.0,0.0,0.0,0.0,0.0,0.317798938781,-0.00412309119623
296.0,2.5,0.0,0.0,0.0,0.0,0.0,0.0,0.317450572951,-0.00414677685524
296.0,3.0,0.0,0.0,0.0,0.0,0.0,0.0,0.31710838632,-0.00417020038227
296.0,3.5,0.0,0.0,0.0,0.0,0.0,0.0,0.316772014277,-0.00419337969438
296.0,4.0,0.0,0.0,0.0,0.0,0.0,0.0,0.322710331289,-0.00380572489563
296.0,4.5,0.0,0.0,0.0,0.0,0.0,0.0,0.322292380936,-0.00383157117363
296.0,5.0,0.0,0.0,0.0,0.0,0.0,0.0,0.321883913296,-0.00385703336267
296.0,5.5,0.0,0.0,0.0,0.0,0.0,0.0,0.321484188607,-0.00388214596479
296.0,6.0,0.0,0.0,0.0,0.0,0.0,0.0,0.32109254505,-0.00390694003932
296.0,6.5,0.0,0.0,0.0,0.0,0.0,0.0,0.320708388428,-0.00393144364304
296.0,7.0,0.0,0.0,0.0,0.0,0.0,0.0,0.320331183577,-0.00395568219713
296.0,7.5,0.0,0.0,0.0,0.0,0.0,0.0,0.319960447152,-0.00397967879487
296.0,8.0,0.0,0.0,0.0,0.0,0.0,0.0,0.319595741547,-0.00400345446138
296.0,8.5,0.0,0.0,0.0,0.0,0.0,0.0,0.31923666972,-0.00402702837413
296.0,9.0,0.0,0.0,0.0,0.0,0.0,0.0,0.318882873356,-0.00405041788039
296,9.5,2.8564892982394903,0.15868442706627559,15.48111276296639,False,0.07526134412868685,0.10403799921996934,0.318534031229854,-0.004073638508533166
296,10.0,2.7027081261444783,0.11632454735327735,16.002217249226177,False,0.08606582711653647,0.1030063853288818,0.3220987444272148,-0.003843616628008249
296,10.5,2.8865587030804356,0.1086033051114156,16.259588457203698,False,0.10247993831545042,0.15198443892618715,0.32247602815510457,-0.0038201886528196065
296,11.0,7.840013087274141,0.3316755830799926,32.171209581391565,False,0.2582823273587009,0.7529118520602139,0.32284594139405565,-0.00379738336439764
296,11.5,7.991248128239577,0.4930322454419936,30.511600906367825,False,0.1959265624897903,0.6140573906871852,0.32239621823497966,-0.003825130343622656
296,12.0,9.055874001644554,0.6897657576255902,29.523266954034405,False,0.19267916470459498,0.9269451431211315,0.32195255096445585,-0.0038527407135636113
296,12.5,8.788535114249846,0.7426420433170711,28.964627351456407,False,0.1739909771612136,0.7405917964054269,0.3214959611102113,-0.0038814035811396176
296,13.0,8.920093316415453,0.7994233517996691,28.67582232036966,False,0.17046856812424066,0.9447184947800817,0.32105041822198704,-0.003909618217144789
296,13.5,2.861964828084349,0.1900202902235302,15.071122814338962,False,0.06638938132922559,0.13540631287780694,0.32373139357547437,-0.0037434504735978217
296,14.0,5.896444002743079,0.3203589645882327,31.03411424960221,False,0.15722858358021907,0.27868710967237365,0.3232907245074152,-0.0037701767308986694
296,14.5,2.011341158342188,0.11907896222067618,15.332512365162192,False,0.05050763911595222,0.06822373161525332,0.32284691459273746,-0.003797323580616767
296,15.0,6.783895376710327,0.4422871604808917,30.236473413572263,False,0.15955932665847475,0.5743727393236753,0.3232078331354182,-0.003775229403431923
296,15.5,4.591612342436231,0.3253001327032244,29.804524976207432,False,0.1015130771898595,0.19777200897998623,0.322748419057923,-0.0038033798709434003
296.0,16.0,0.0,0.0,0.0,0.0,0.0,0.0171288205292,0.322314245721,-0.00383021386935
296.0,16.5,0.0,0.0,0.0,0.0,0.0,0.0,0.322687925757,-0.0038071051859
296.0,17.0,0.0,0.0,0.0,0.0,0.0,0.0,0.32227281759,-0.00383278609687
296.0,17.5,0.0,0.0,0.0,0.0,0.0,0.0,0.321863725924,-0.00385829697971
296.0,18.0,0.0,0.0,0.0,0.0,0.0,0.0,0.321460327606,-0.00388365117805
296.0,18.5,0.0,0.0,0.0,0.0,0.0,0.0,0.321845189897,-0.00385945766619
296.0,19.0,0.0,0.0,0.0,0.0,0.0,0.0,0.325349062152,-0.00364725598939
296.0,19.5,0.0,0.0,0.0,0.0,0.0,0.0,0.324882847232,-0.00367467415162
296.0,20.0,0.0,0.0,0.0,0.0,0.0,0.0,0.324425048866,-0.00370183663482
296.0,20.5,0.0,0.0,0.0,0.0,0.0,0.0,0.32475641101,-0.00368215216836
296.0,21.0,0.0,0.0,0.0,0.0,0.0,0.0,0.3250811951,-0.0036629793764
296.0,21.5,0.0,0.0,0.0,0.0,0.0,0.0,0.324618568244,-0.00369032548923
296.0,22.0,0.0,0.0,0.0,0.0,0.0,0.0,0.324163805204,-0.00371744416914
296.0,22.5,0.0,0.0,0.0,0.0,0.0,0.0,0.32449779064,-0.0036975047124
296.0,23.0,0.0,0.0,0.0,0.0,0.0,0.0,0.324043649656,-0.00372464896376
296.0,23.5,0.0,0.0,0.0,0.0,0.0,0.0,0.323596753297,-0.00375159228965
296.0,24.0,0.0,0.0,0.0,0.0,0.0,0.0,0.32315670407,-0.00377835001662
297.0,0.5,0.0,0.0,0.0,0.0,0.0,0.0,0.32272315264,-0.00380493530593
297.0,1.0,0.0,0.0,0.0,0.0,0.0,0.0,0.322295791947,-0.00383135938996
297.0,1.5,0.0,0.0,0.0,0.0,0.0,0.0,0.321874351689,-0.00385763180454
297.0,2.0,0.0,0.0,0.0,0.0,0.0,0.0,0.321458593362,-0.00388376060571
297.0,2.5,0.0,0.0,0.0,0.0,0.0,0.0,0.321048305855,-0.00390975256666
297.0,3.0,0.0,0.0,0.0,0.0,0.0,0.0,0.3206433016,-0.00393561335397
297.0,3.5,0.0,0.0,0.0,0.0,0.0,0.0,0.320243413215,-0.00396134768376
297.0,4.0,0.0,0.0,0.0,0.0,0.0,0.0,0.319848490602,-0.00398695945924
297.0,4.5,0.0,0.0,0.0,0.0,0.0,0.0,0.319458398451,-0.00401245189118
297.0,5.0,0.0,0.0,0.0,0.0,0.0,0.0,0.31985624547,-0.00398645463991
297.0,5.5,0.0,0.0,0.0,0.0,0.0,0.0,0.320246406539,-0.00396115430859
297.0,6.0,0.0,0.0,0.0,0.0,0.0,0.0,0.320629083986,-0.00393652488979
297.0,6.5,0.0,0.0,0.0,0.0,0.0,0.0,0.320221908428,-0.00396273726987
297.0,7.0,0.0,0.0,0.0,0.0,0.0,0.0,0.319820491685,-0.0039887827414
297.0,7.5,0.0,0.0,0.0,0.0,0.0,0.0,0.319424639664,-0.00401466713734
297.0,8.0,0.0,0.0,0.0,0.0,0.0,0.0,0.319034173395,-0.00404039566716
297,8.5,4.309441110729292,0.1405869613368917,33.00589768660106,True,0.17163980831202724,0.4309064220047884,0.31943216313042055,-0.00401417332250754
297,9.0,5.00876736380214,0.1906111625547399,32.528612466863926,True,0.1781988128087636,0.6762072362976529,0.3190182668115913,-0.0040414479386482165
297,9.5,5.684837529311277,0.24714397485592746,32.05148209775373,True,0.18275075040505043,0.8891068998440317,0.31859860179398436,-0.004069328439855918
297,10.0,6.486186330875284,0.349095062773425,31.192384371145423,True,0.1776674269323018,1.1885742809847555,0.31817397845245377,-0.004097771907121218
297,10.5,7.083901500461784,0.4333448872844524,30.638294528933123,False,0.1771394176602307,1.3862280531408293,0.3177392280557508,-0.004127139504659543
297,11.0,7.7253802998060195,0.5527855037862497,29.876511001648588,False,0.17252155625821056,1.5718673695884158,0.31729873761108235,-0.004157150964112392
297,11.5,8.214143407112363,0.6224722913674958,29.579408529622143,False,0.17609215783124654,1.6729577496415287,0.31685148926919965,-0.0041878892719835635
297,12.0,8.79577353173606,0.7534073688213138,28.93797921942685,False,0.173558697773031,1.7755822124631246,0.31640245082692764,-0.004219023426256184
297,12.5,8.84324760244981,0.7852730842160325,28.74097856482306,False,0.17033325624964477,1.7365909316663546,0.3159491191487319,-0.004250735407989335
297,13.0,8.984096722157277,0.838107967488516,28.466590152837156,False,0.16748197405367216,1.7791319948390454,0.3155005152957833,-0.004282396628696106
297,13.5,8.108834081345446,0.7370091861648661,28.563874141464368,False,0.15290849718892977,1.147507862564443,0.3150526432771377,-0.004314286889471187
297,14.0,8.191375771336899,0.7701917601085272,28.369419554086793,False,0.1509847554912659,1.108960031457161,0.31463682950745997,-0.004344148071898082
297,14.5,7.20393988965948,0.6541158938901924,28.521346562001675,False,0.13516350675911232,0.7002233561802214,0.31422537643734155,-0.00437393880583565
297,15.0,7.489733662378866,0.6961762189270535,28.38177760814766,False,0.1382499332553944,0.7283004523698108,0.3138379076577069,-0.004402215781111244
297,15.5,6.615357520544862,0.592234984961488,28.543572611073955,False,0.12444648766276903,0.4765432974987594,0.31345175986631274,-0.004430613315453271
297,16.0,5.659333180048177,0.49519656186133537,28.615036253791484,False,0.10736934230903006,0.287603597284707,0.31308301248817416,-0.004457935166300399
297.0,16.5,0.0,0.0,0.0,0.0,0.0,0.0,0.312728942164,-0.0044843586587
297.0,17.0,0.0,0.0,0.0,0.0,0.0,0.0,0.31240832897,-0.00450844645144
297.0,17.5,0.0,0.0,0.0,0.0,0.0,0.0,0.312091394251,-0.00453240954951
297.0,18.0,0.0,0.0,0.0,0.0,0.0,0.0,0.311778069171,-0.00455624904652
297.0,18.5,0.0,0.0,0.0,0.0,0.0,0.0,0.311468287237,-0.00457996598009
297.0,19.0,0.0,0.0,0.0,0.0,0.0,0.0,0.311161984093,-0.00460356134242
297.0,19.5,0.0,0.0,0.0,0.0,0.0,0.0,0.310859097336,-0.00462703608919
297.0,20.0,0.0,0.0,0.0,0.0,0.0,0.0,0.310559566361,-0.00465039114699
297.0,20.5,0.0,0.0,0.0,0.0,0.0,0.0,0.310263332227,-0.00467362741957
297.0,21.0,0.0,0.0,0.0,0.0,0.0,0.0,0.309970337538,-0.00469674579307
297.0,21.5,0.0,0.0,0.0,0.0,0.0,0.0,0.309680526346,-0.00471974714022
297.0,22.0,0.0,0.0,0.0,0.0,0.0,0.0,0.309393844061,-0.00474263232394
297.0,22.5,0.0,0.0,0.0,0.0,0.0,0.0,0.309110237376,-0.00476540220019
297.0,23.0,0.0,0.0,0.0,0.0,0.0,0.0,0.308829654199,-0.00478805762023
297.0,23.5,0.0,0.0,0.0,0.0,0.0,0.0,0.308552043598,-0.00481059943252
297.0,24.0,0.0,0.0,0.0,0.0,0.0,0.0,0.308277355743,-0.00483302848409
298.0,0.5,0.0,0.0,0.0,0.0,0.0,0.0,0.30800554187,-0.00485534562168
298.0,1.0,0.0,0.0,0.0,0.0,0.0,0.0,0.307736554229,-0.0048775516925
298.0,1.5,0.0,0.0,0.0,0.0,0.0,0.0,0.307470346061,-0.00489964754486
298.0,2.0,0.0,0.0,0.0,0.0,0.0,0.0,0.307206871552,-0.00492163402846
298.0,2.5,0.0,0.0,0.0,0.0,0.0,0.0,0.306946085815,-0.00494351199464
298.0,3.0,0.0,0.0,0.0,0.0,0.0,0.0,0.306687944855,-0.00496528229643
298.0,3.5,0.0,0.0,0.0,0.0,0.0,0.0,0.30643240555,-0.00498694578848
298.0,4.0,0.0,0.0,0.0,0.0,0.0,0.0,0.306966715984,-0.0049417770633
298.0,4.5,0.0,0.0,0.0,0.0,0.0,0.0,0.306707991976,-0.0049635875382
298.0,5.0,0.0,0.0,0.0,0.0,0.0,0.0,0.306452001786,-0.00498528052469
298.0,5.5,0.0,0.0,0.0,0.0,0.0,0.0,0.306198692814,-0.00500685758354
298.0,6.0,0.0,0.0,0.0,0.0,0.0,0.0,0.305948014045,-0.00502832023122
298.0,6.5,0.0,0.0,0.0,0.0,0.0,0.0,0.305699915972,-0.0050496699428
298.0,7.0,0.0,0.0,0.0,0.0,0.0,0.0,0.305454350523,-0.00507090815454
298.0,7.5,0.0,0.0,0.0,0.0,0.0,0.0,0.305211270996,-0.0050920362663
298,8.0,2.0424274621680265,0.11014602132431195,15.536841561917099,False,0.05482492229410857,0.10415928681583092,0.3049706319956889,-0.005113055643604971
298,8.5,2.1195008539255915,0.11533224670818082,15.510916801999926,False,0.05640035658814397,0.0516085113605617,0.30472425650237317,-0.005134683287531889
298,9.0,2.3642742734030966,0.1088043261407189,15.85706401822232,False,0.07115369742119729,0.06464207271846996,0.3044820319249374,-0.005156052892731723
298,9.5,3.6043357528462856,0.18214734817295364,15.69501089928976,False,0.10220692551552978,0.3060800152954657,0.30424187209055753,-0.005177345037343306
298,10.0,3.681970435912327,0.20889649425564497,15.438737766072586,False,0.09566785256641898,0.2662806751031373,0.30399203726545676,-0.005199606223859569
298,10.5,3.758332354397851,0.23942479771603745,15.17110392220427,False,0.08980100705953034,0.2540521775588791,0.30374492898212424,-0.005221736739652638
298,11.0,3.2188851577812425,0.2249805695182722,14.942395805499547,False,0.07196711840906095,0.13085933681566206,0.30349931888351206,-0.005243844378538485
298,11.5,2.965132225748845,0.18911187169168628,15.157244853049027,False,0.07055466892847435,0.09664875849040921,0.30483719708421075,-0.005124755491985432
298,12.0,2.287950058158795,0.10670598598542896,15.827678013935941,False,0.06809951435873142,0.029856693059124476,0.30537644095965627,-0.00507766854452403
298,12.5,3.491027237275478,0.16085231579666384,15.875682201742613,False,0.10580911313231112,0.21049610836666657,0.30591590794521495,-0.005031077007217508
298,13.0,3.63418897337278,0.17869034304791168,15.756968474635151,False,0.10538115890379195,0.28489515737491405,0.3056536232570422,-0.005053665540882732
298,13.5,2.7050153184805215,0.1404872672724561,15.621381040816125,False,0.07474322067923786,0.10513596179775342,0.30539073803351213,-0.005076427150799351
298,14.0,2.3653564316435514,0.13498755388525388,15.41994133113797,False,0.061083492788681984,0.07684020142101494,0.3051389470609233,-0.005098342790299975
298,14.5,3.2939875366884683,0.18323469446823637,15.469080789619566,False,0.08644380054466724,0.21130134495877334,0.30489118754800476,-0.005120017658557886
298.0,15.0,0.0,0.0,0.0,0.0,0.0,0.0,0.304639172879,-0.00514217751408
298.0,15.5,0.0,0.0,0.0,0.0,0.0,0.0,0.304404742282,-0.00516289385034
298.0,16.0,0.0,0.0,0.0,0.0,0.0,0.0,0.306535962367,-0.00497815315511
298.0,16.5,0.0,0.0,0.0,0.0,0.0,0.0,0.307070298147,-0.00493307709171
298.0,17.0,0.0,0.0,0.0,0.0,0.0,0.0,0.315454580579,-0.00428565440634
298.0,17.5,0.0,0.0,0.0,0.0,0.0,0.0,0.316739685293,-0.00419561555223
298.0,18.0,0.0,0.0,0.0,0.0,0.0,0.0,0.325934792235,-0.00361315381256
298.0,18.5,0.0,0.0,0.0,0.0,0.0,0.0,0.325360261107,-0.003646600381
298.0,19.0,0.0,0.0,0.0,0.0,0.0,0.0,0.324809291139,-0.00367902239175
298.0,19.5,0.0,0.0,0.0,0.0,0.0,0.0,0.324279254927,-0.00371053718341
298.0,20.0,0.0,0.0,0.0,0.0,0.0,0.0,0.323767938681,-0.00374124419272
298.0,20.5,0.0,0.0,0.0,0.0,0.0,0.0,0.323273459378,-0.00377122846822
298.0,21.0,0.0,0.0,0.0,0.0,0.0,0.0,0.322794201823,-0.00380056335142
298.0,21.5,0.0,0.0,0.0,0.0,0.0,0.0,0.322328770123,-0.00382931255197
298.0,22.0,0.0,0.0,0.0,0.0,0.0,0.0,0.321875949796,-0.00385753177449
298.0,22.5,0.0,0.0,0.0,0.0,0.0,0.0,0.321434677809,-0.00388527000869
298.0,23.0,0.0,0.0,0.0,0.0,0.0,0.0,0.321004018644,-0.00391257056334
298.0,23.5,0.0,0.0,0.0,0.0,0.0,0.0,0.321365308019,-0.00388965215982
298.0,24.0,0.0,0.0,0.0,0.0,0.0,0.0,0.324983028643,-0.00366876181083
299.0,0.5,0.0,0.0,0.0,0.0,0.0,0.0,0.324537959114,-0.00369511518563
299.0,1.0,0.0,0.0,0.0,0.0,0.0,0.0,0.324103006096,-0.00372108774192
299.0,1.5,0.0,0.0,0.0,0.0,0.0,0.0,0.323677375389,-0.00374671446949
299.0,2.0,0.0,0.0,0.0,0.0,0.0,0.0,0.323260356116,-0.00377202691107
299.0,2.5,0.0,0.0,0.0,0.0,0.0,0.0,0.324415946684,-0.00370237911407
299.0,3.0,0.0,0.0,0.0,0.0,0.0,0.0,0.323988754078,-0.00372794616131
299.0,3.5,0.0,0.0,0.0,0.0,0.0,0.0,0.323569734664,-0.00375322867093
299.0,4.0,0.0,0.0,0.0,0.0,0.0,0.0,0.324722759697,-0.0036841455152
299.0,4.5,0.0,0.0,0.0,0.0,0.0,0.0,0.326636958961,-0.00357277187811
299.0,5.0,0.0,0.0,0.0,0.0,0.0,0.0,0.330073842114,-0.00338270340966
299.0,5.5,0.0,0.0,0.0,0.0,0.0,0.0,0.329546033371,-0.00341109501137
299.0,6.0,0.0,0.0,0.0,0.0,0.0,0.0,0.329810477725,-0.00339683482225
299.0,6.5,0.0,0.0,0.0,0.0,0.0,0.0,0.329291746751,-0.00342487476358
299.0,7.0,0.0,0.0,0.0,0.0,0.0,0.0,0.328784364685,-0.00345256843681
299.0,7.5,0.0,0.0,0.0,0.0,0.0,0.0,0.328287202913,-0.003479963454
299,8.0,4.2371913320524275,0.3754632056392317,14.31232538451696,False,0.08048063725597594,0.09911886130157704,0.32779927472205894,-0.003507101860876332
299,8.5,6.538427698105285,0.6032371333856199,28.44078022112726,False,0.12152213774398724,0.3545537477427096,0.3273017033711658,-0.0035350367091675737
299,9.0,7.556171776132476,0.7244153203923089,28.238819974613115,False,0.13720043015473135,0.5588858556916129,0.326793398784319,-0.0035638483375305743
299,9.5,7.109263555127612,0.6744214066010961,28.288949200971985,False,0.12982858470031486,0.43718432053936473,0.326279697351924,-0.0035932505814416185
299,10.0,7.81620377656248,0.7411175072451908,28.292779217515655,False,0.14280143518118657,0.5807883244125615,0.32655996423316813,-0.003577173536744018
299,10.5,8.645279763383911,0.8424867218271969,28.166822546314545,False,0.15569632186203977,0.9364718008064888,0.3260431136373493,-0.0036068888586586554
299,11.0,7.802897343651404,0.7842643365484284,27.968102041811242,False,0.13743366436311982,0.5677856414154487,0.32551515710756473,-0.0036375468569218505
299,11.5,3.740934580614021,0.32805371745578293,14.351514874188032,False,0.07172603707240044,0.25117037649348656,0.326571143537225,-0.003576534034007174
299,12.0,3.87734578592111,0.3285164175868838,14.447691524590118,False,0.07610589479503976,0.35710009703498996,0.3260718122668147,-0.0036052311936024166
299,12.5,8.080569420630644,0.614256508970196,29.44207886710954,False,0.17008102601371633,0.6905762426011399,0.32557504259771497,-0.003634053787124174
299,13.0,8.347161430778725,0.6793795892789251,29.180751413901067,False,0.16982047430894742,1.4761452795212486,0.3250610376299958,-0.003664165853219074
299,13.5,8.636362446481806,0.7258051265297958,29.009404449811164,False,0.1719364550462249,1.5769098552799552,0.3245207319386268,-0.0036961397638247406
299,14.0,8.425268804504341,0.7063184445275515,28.995175350164686,False,0.16743575296522983,1.3292642571578162,0.32476179709267927,-0.003681833241250704
299,14.5,6.77644641217822,0.6285037521732886,28.392210645069348,False,0.12523526287272976,0.5481047437861543,0.32422341246139824,-0.003713876147602743
299,15.0,5.425666195342018,0.4354802895476969,29.129560524156943,False,0.10966557977782734,0.27299350479268614,0.323723633066049,-0.003743919186301752
299,15.5,2.3911723170326327,0.19148252576199612,14.5566991192496,False,0.04823221574470476,0.032281570315219915,0.3232474326255036,-0.003772814596847357
299.0,16.0,0.0,0.0,0.0,0.0,0.0,0.0,0.322795274503,-0.00380049739078
299.0,16.5,0.0,0.0,0.0,0.0,0.0,0.0,0.322357113327,-0.00382755443122
299.0,17.0,0.0,0.0,0.0,0.0,0.0,0.0,0.321924333517,-0.00385450476359
299.0,17.5,0.0,0.0,0.0,0.0,0.0,0.0,0.32149682635,-0.00388134902506
299.0,18.0,0.0,0.0,0.0,0.0,0.0,0.0,0.321074495029,-0.00390808728657
299.0,18.5,0.0,0.0,0.0,0.0,0.0,0.0,0.320657252157,-0.0039347191845
299.0,19.0,0.0,0.0,0.0,0.0,0.0,0.0,0.320245017692,-0.00396124402969
299.0,19.5,0.0,0.0,0.0,0.0,0.0,0.0,0.319837717282,-0.00398766089747
299.0,20.0,0.0,0.0,0.0,0.0,0.0,0.0,0.319435280936,-0.00401396870152
299.0,20.5,0.0,0.0,0.0,0.0,0.0,0.0,0.319037641954,-0.00404016625425
299.0,21.0,0.0,0.0,0.0,0.0,0.0,0.0,0.318644736079,-0.00406625231574
299.0,21.5,0.0,0.0,0.0,0.0,0.0,0.0,0.318256500836,-0.00409222563306
299.0,22.0,0.0,0.0,0.0,0.0,0.0,0.0,0.317872875013,-0.00411808497158
299.0,22.5,0.0,0.0,0.0,0.0,0.0,0.0,0.317493798267,-0.00414382913958
299.0,23.0,0.0,0.0,0.0,0.0,0.0,0.0,0.317119210827,-0.00416945700716
299.0,23.5,0.0,0.0,0.0,0.0,0.0,0.0,0.316749053277,-0.00419496752055
299.0,24.0,0.0,0.0,0.0,0.0,0.0,0.0,0.316383266408,-0.00422035971254
300.0,0.5,0.0,0.0,0.0,0.0,0.0,0.0,0.31602179111,-0.00424563270969
300.0,1.0,0.0,0.0,0.0,0.0,0.0,0.0,0.31566456832,-0.00427078573695
300.0,1.5,0.0,0.0,0.0,0.0,0.0,0.0,0.316095750868,-0.00424044707975
300.0,2.0,0.0,0.0,0.0,0.0,0.0,0.0,0.315735712511,-0.00426576215219
300.0,2.5,0.0,0.0,0.0,0.0,0.0,0.0,0.315380186601,-0.00429093683513
300.0,3.0,0.0,0.0,0.0,0.0,0.0,0.0,0.315813356949,-0.00426028760907
300.0,3.5,0.0,0.0,0.0,0.0,0.0,0.0,0.316239586632,-0.00423038374154
300.0,4.0,0.0,0.0,0.0,0.0,0.0,0.0,0.315875197273,-0.00425593336807
300.0,4.5,0.0,0.0,0.0,0.0,0.0,0.0,0.316299887005,-0.00422617334744
300.0,5.0,0.0,0.0,0.0,0.0,0.0,0.0,0.315934189479,-0.00425178460682
300.0,5.5,0.0,0.0,0.0,0.0,0.0,0.0,0.315573758821,-0.0042772081594
300.0,6.0,0.0,0.0,0.0,0.0,0.0,0.0,0.316002578038,-0.00424698105521
300.0,6.5,0.0,0.0,0.0,0.0,0.0,0.0,0.316424996019,-0.00421745369034
300.0,7.0,0.0,0.0,0.0,0.0,0.0,0.0,0.31605741431,-0.00424313407458
300.0,7.5,0.0,0.0,0.0,0.0,0.0,0.0,0.316479385027,-0.00421366965423
300.0,8.0,0.0,0.0,0.0,0.0,0.0,0.0,0.316111489737,-0.00423934453542
300.0,8.5,0.0,0.0,0.0,0.0,0.0,0.0,0.315749323191,-0.00426480188668
300,9.0,2.6352784617790106,0.14562582799358598,15.490793360986412,False,0.06965635755777849,0.13191892726498608,0.3161767742508851,-0.004234774848794452
300,9.5,3.639447958807599,0.30816813047112496,14.482684926452578,False,0.07205860983884922,0.33333710808187406,0.315803716731958,-0.004260966864767997
300,10.0,8.877444012741675,0.9387867766954008,27.792493860881585,False,0.15337768599669974,1.1993585656146433,0.3169902981894099,-0.004178320374643054
300,10.5,6.734479607888851,0.7510837582387153,13.719677313463114,False,0.1120554777464241,0.4408285291677044,0.31653495538676735,-0.004209807604463746
300,11.0,8.265258842853285,0.9509915742301142,27.29465294862456,False,0.13547577499906735,0.7498717994246421,0.31612175131668385,-0.004238625871861287
300,11.5,8.81794360033111,0.9915394132810447,27.436172181200035,False,0.14667355689524508,1.000945201834611,0.31569519360720655,-0.004268622381607842
300,12.0,4.050498605780978,0.43399902898077064,13.849777219273271,False,0.06928209112728585,0.381013430851224,0.3170505383879534,-0.004174175778290642
300,12.5,7.091625910745793,0.4997964898956211,26.27294743668647,False,0.1264561943851744,0.4961052923456446,0.31842868176804723,-0.004080682240537526
300,13.0,6.270120939396794,0.4586770710590061,26.28099514156366,False,0.11179739661458121,0.36008756223566396,0.31799340208884347,-0.004109939596343598
300.0,13.5,0.0,0.0,0.0,0.0,0.0,0.0,0.317572332505,-0.00413847994639
300.0,14.0,0.0,0.0,0.0,0.0,0.0,0.0,0.317189429296,-0.0041646385724
300.0,14.5,0.0,0.0,0.0,0.0,0.0,0.0,0.316813260875,-0.00419052915916
300.0,15.0,0.0,0.0,0.0,0.0,0.0,0.0,0.317818656974,-0.00412175536806
300.0,15.5,0.0,0.0,0.0,0.0,0.0,0.0,0.318808938163,-0.00405532616834
300.0,16.0,0.0,0.0,0.0,0.0,0.0,0.0,0.318410502008,-0.00408189921852
300.0,16.5,0.0,0.0,0.0,0.0,0.0,0.0,0.318019569928,-0.00410817367715
300.0,17.0,0.0,0.0,0.0,0.0,0.0,0.0,0.317635733668,-0.00413416751174
300.0,17.5,0.0,0.0,0.0,0.0,0.0,0.0,0.317258621259,-0.00415989706554
300.0,18.0,0.0,0.0,0.0,0.0,0.0,0.0,0.316887893827,-0.00418537717276
300.0,18.5,0.0,0.0,0.0,0.0,0.0,0.0,0.317295346098,-0.00415738304119
300.0,19.0,0.0,0.0,0.0,0.0,0.0,0.0,0.316925262506,-0.00418280041144
300.0,19.5,0.0,0.0,0.0,0.0,0.0,0.0,0.316561222232,-0.00420798356937
300.0,20.0,0.0,0.0,0.0,0.0,0.0,0.0,0.316202945449,-0.00423294460499
300.0,20.5,0.0,0.0,0.0,0.0,0.0,0.0,0.315850175941,-0.00425769450686
300.0,21.0,0.0,0.0,0.0,0.0,0.0,0.0,0.316275295772,-0.00422788979475
300.0,21.5,0.0,0.0,0.0,0.0,0.0,0.0,0.315922084276,-0.00425263553975
300.0,22.0,0.0,0.0,0.0,0.0,0.0,0.0,0.315574187999,-0.00427717777908
300.0,22.5,0.0,0.0,0.0,0.0,0.0,0.0,0.315231387355,-0.00430152578904
300.0,23.0,0.0,0.0,0.0,0.0,0.0,0.0,0.314893479985,-0.00432568803715
300.0,23.5,0.0,0.0,0.0,0.0,0.0,0.0,0.315333325395,-0.00429426825063
300.0,24.0,0.0,0.0,0.0,0.0,0.0,0.0,0.314994273453,-0.00431846386074
301.0,0.5,0.0,0.0,0.0,0.0,0.0,0.0,0.314660015048,-0.00434247655974
301.0,1.0,0.0,0.0,0.0,0.0,0.0,0.0,0.314330370293,-0.00436631378937
301.0,1.5,0.0,0.0,0.0,0.0,0.0,0.0,0.314005172408,-0.00438998237656
301.0,2.0,0.0,0.0,0.0,0.0,0.0,0.0,0.313684266511,-0.00441348858835
301.0,2.5,0.0,0.0,0.0,0.0,0.0,0.0,0.31336750852,-0.00443683818263
301.0,3.0,0.0,0.0,0.0,0.0,0.0,0.0,0.313054764164,-0.00446003645481
301.0,3.5,0.0,0.0,0.0,0.0,0.0,0.0,0.313519688599,-0.00442560201203
301.0,4.0,0.0,0.0,0.0,0.0,0.0,0.0,0.31320488656,-0.00444888291576
301.0,4.5,0.0,0.0,0.0,0.0,0.0,0.0,0.31289410709,-0.0044720096075
301.0,5.0,0.0,0.0,0.0,0.0,0.0,0.0,0.312587222831,-0.00449498712918
301.0,5.5,0.0,0.0,0.0,0.0,0.0,0.0,0.312284114469,-0.00451782014774
301.0,6.0,0.0,0.0,0.0,0.0,0.0,0.0,0.311984670053,-0.00454051298708
301.0,6.5,0.0,0.0,0.0,0.0,0.0,0.0,0.311688784376,-0.00456306965746
301.0,7.0,0.0,0.0,0.0,0.0,0.0,0.0,0.311396358403,-0.0045854938826
301.0,7.5,0.0,0.0,0.0,0.0,0.0,0.0,0.311881679542,-0.00454834930234
301,8.0,2.691635069843062,0.17314792127592651,15.06769407027951,False,0.0623758455582364,0.10602068963750967,0.31158673478329413,-0.0045708802963137585
301,8.5,5.746709390912362,0.4046637015385076,29.722228303688308,False,0.1256137154740565,0.37490643751091607,0.31128471020745424,-0.004594090067470876
301,9.0,6.777770614189787,0.485885397765229,29.664168743157102,False,0.1469784927630378,0.6783656680449397,0.3109671112983887,-0.004618648316518426
301,9.5,7.647254512897156,0.5891106486594662,29.325134399388652,False,0.15850794006469465,0.986918835213751,0.3106382363920714,-0.004644243505996059
301,10.0,7.937537596211101,0.6493091906171419,29.035737477373292,False,0.15854643637829252,1.1846448859747605,0.310296968960095,-0.004670982041239247
301,10.5,8.137266289814884,0.6788323752094636,28.923979795654326,False,0.1602866633433361,1.1669681058531072,0.30994906428409513,-0.004698429631459517
301,11.0,8.051393548772646,0.6452564330219784,29.10418926189714,False,0.16221483997040453,0.9116423543858216,0.31037858376448396,-0.004664570814932852
301,11.5,8.095725395691355,0.6976335169093547,28.785666895004212,False,0.15678326879958307,1.5275991709257122,0.3100384911722471,-0.004691356079069264
301,12.0,8.408691679498224,0.7600227875155714,28.55912882530226,False,0.15847377854145223,1.973352555395924,0.3096762550117837,-0.004720087144070581
301,12.5,8.467373643559473,0.8127698010748516,28.21804284539865,False,0.1533817423608554,1.954307698838852,0.3092978697998791,-0.004750323250439616
301,13.0,8.631144334322856,0.8611527033707562,28.004523016788326,False,0.15263721688743626,2.115794498445633,0.3089212603511947,-0.004780646887882673
301,13.5,8.709662004002016,0.8606526852526755,28.056973994459174,False,0.1549291236037908,2.0923042995039083,0.30853966516927,-0.004811607494691978
301,14.0,7.103290384845359,0.6541109714340348,28.366822199488077,False,0.13088959940984557,0.7794360616946747,0.30816188720958587,-0.004842494004416197
301,14.5,6.29945237856154,0.5238265297501199,28.88880994139255,False,0.12354764548638554,0.5021391051740414,0.307844609202474,-0.004868616785002504
301,15.0,7.4737632154629265,0.6963366415957735,28.29597314298968,False,0.1365951766254704,0.9255896709091489,0.30754557231477253,-0.0048933915362572135
301,15.5,7.062079152984767,0.658304484075281,28.2647672036907,False,0.12860988279972457,0.7084639771600583,0.3072266303041586,-0.004919981123710934
301,16.0,4.216212663814641,0.3618773047532721,14.332354212937595,False,0.08046702933805544,0.19075423577750666,0.3069200240859902,-0.004945704740374999
301.0,16.5,0.0,0.0,0.0,0.0,0.0,0.0,0.306646910558,-0.00496875343437
301.0,17.0,0.0,0.0,0.0,0.0,0.0,0.0,0.306397311738,-0.00498992967354
301.0,17.5,0.0,0.0,0.0,0.0,0.0,0.0,0.3061502037,-0.00501100060319
301.0,18.0,0.0,0.0,0.0,0.0,0.0,0.0,0.306681275496,-0.00496584626839
301.0,18.5,0.0,0.0,0.0,0.0,0.0,0.0,0.306431107593,-0.00498705611061
301.0,19.0,0.0,0.0,0.0,0.0,0.0,0.0,0.306183526538,-0.00500815298566
301.0,19.5,0.0,0.0,0.0,0.0,0.0,0.0,0.305938476265,-0.00502913900049
301.0,20.0,0.0,0.0,0.0,0.0,0.0,0.0,0.305695903098,-0.00505001615126
301.0,20.5,0.0,0.0,0.0,0.0,0.0,0.0,0.305455755585,-0.00507078633253
301.0,21.0,0.0,0.0,0.0,0.0,0.0,0.0,0.305217984341,-0.00509145134557
301.0,21.5,0.0,0.0,0.0,0.0,0.0,0.0,0.305758564794,-0.00504461327297
301.0,22.0,0.0,0.0,0.0,0.0,0.0,0.0,0.305517780716,-0.00506541209105
301.0,22.5,0.0,0.0,0.0,0.0,0.0,0.0,0.305279461414,-0.00508609868916
301.0,23.0,0.0,0.0,0.0,0.0,0.0,0.0,0.30504355336,-0.00510667519693
301.0,23.5,0.0,0.0,0.0,0.0,0.0,0.0,0.304810005226,-0.00512714364117
301.0,24.0,0.0,0.0,0.0,0.0,0.0,0.0,0.304578767735,-0.00514750595358
302.0,0.5,0.0,0.0,0.0,0.0,0.0,0.0,0.304349793538,-0.00516776397784
302.0,1.0,0.0,0.0,0.0,0.0,0.0,0.0,0.304123037081,-0.00518791947593
302.0,1.5,0.0,0.0,0.0,0.0,0.0,0.0,0.303898454505,-0.00520797413407
302.0,2.0,0.0,0.0,0.0,0.0,0.0,0.0,0.303676003534,-0.005227929568
302.0,2.5,0.0,0.0,0.0,0.0,0.0,0.0,0.30345564339,-0.00524778732792
302.0,3.0,0.0,0.0,0.0,0.0,0.0,0.0,0.303237334698,-0.00526754890295
302.0,3.5,0.0,0.0,0.0,0.0,0.0,0.0,0.303021039415,-0.00528721572525
302.0,4.0,0.0,0.0,0.0,0.0,0.0,0.0,0.302806720749,-0.00530678917377
302.0,4.5,0.0,0.0,0.0,0.0,0.0,0.0,0.302594343094,-0.00532627057775
302.0,5.0,0.0,0.0,0.0,0.0,0.0,0.0,0.302383871971,-0.00534566121984
302.0,5.5,0.0,0.0,0.0,0.0,0.0,0.0,0.302175273961,-0.00536496233908
302.0,6.0,0.0,0.0,0.0,0.0,0.0,0.0,0.301968516659,-0.00538417513357
302.0,6.5,0.0,0.0,0.0,0.0,0.0,0.0,0.301763568621,-0.00540330076292
302.0,7.0,0.0,0.0,0.0,0.0,0.0,0.0,0.301560399315,-0.00542234035061
302.0,7.5,0.0,0.0,0.0,0.0,0.0,0.0,0.302136058351,-0.00536860014011
302,8.0,2.450355106697823,0.08384596705141435,16.346755405315804,False,0.09051528502722875,0.1699600801314866,0.30192973207580465,-0.005387788292320266
302,8.5,1.351336210977433,0.052404939646802505,16.17339258447704,True,0.046198360323517804,0.1551119964335449,0.3017156379736852,-0.005407785294750057
302,9.0,1.612411811726077,0.06498742704522231,16.077161393783804,False,0.052934369318647485,0.08365470631197842,0.3015051300389967,-0.005427533618869579
302,9.5,1.958105774386849,0.08323944171884035,16.00624990027739,True,0.06245532559472897,0.21175607449263364,0.30129865241899273,-0.0054469873779403755
302,10.0,2.340491427592108,0.10782694856095816,15.863000398060437,True,0.07059651307190284,0.31618392525857586,0.3010883843018975,-0.005466883708639866
302,10.5,2.5598786486135734,0.12581124287908207,15.703150928554782,False,0.07280087644216936,0.2315358031040464,0.30087495226669775,-0.005487168040223128
302,11.0,2.905724143927362,0.15464245903039453,15.55683577200243,True,0.07852829115010217,0.3725019269284412,0.30066575189577494,-0.00550713728268576
302,11.5,3.04484129119711,0.1778087139349531,15.324705018758213,False,0.07627230026862236,0.2581849450370051,0.3004517799872803,-0.005527651631699301
302,12.0,3.061244931797131,0.18108538137194227,15.294878687239791,False,0.07596960490523517,0.24592018187499382,0.30024291087246696,-0.0055477646318543026
302,12.5,5.970979026505543,0.3675072519240966,15.177294432580567,False,0.14293544926181756,0.37424426831312896,0.30003599868725717,-0.005567775222920127
302,13.0,2.81717332833615,0.19045864453481343,14.970211105859672,False,0.06348207217250378,0.13270735483979026,0.29981873074560605,-0.005588879957777511
302,13.5,5.48184501917078,0.37072271550856634,14.952088611169058,False,0.12289670873842468,0.2890745986337789,0.2996189107104541,-0.005608374047198937
302,14.0,2.233340633981793,0.15149464300328408,14.969277904655893,False,0.05031270744563232,0.08866610452162711,0.29940785264499853,-0.005629052543215289
302,14.5,1.8604968543561793,0.12532327446211936,14.987552253420736,False,0.04213134478832571,0.07180180649160181,0.2992142320826188,-0.005648102531943489
302.0,15.0,0.0,0.0,0.0,0.0,0.0,0.0190051785789,0.299023732917,-0.00566692042466
302.0,15.5,0.0,0.0,0.0,0.0,0.0,0.0,0.29884145811,-0.005684995871
302.0,16.0,0.0,0.0,0.0,0.0,0.0,0.0,0.298661346408,-0.00570292432647
302.0,16.5,0.0,0.0,0.0,0.0,0.0,0.0,0.2984826543,-0.00572077808538
302.0,17.0,0.0,0.0,0.0,0.0,0.0,0.0,0.298305360088,-0.0057385580304
302.0,17.5,0.0,0.0,0.0,0.0,0.0,0.0,0.298129442621,-0.00575626502166
302.0,18.0,0.0,0.0,0.0,0.0,0.0,0.0,0.29795488127,-0.0057738998977
302.0,18.5,0.0,0.0,0.0,0.0,0.0,0.0,0.297781655914,-0.00579146347654
302.0,19.0,0.0,0.0,0.0,0.0,0.0,0.0,0.297609746912,-0.00580895655656
302.0,19.5,0.0,0.0,0.0,0.0,0.0,0.0,0.297439135093,-0.00582637991735
302.0,20.0,0.0,0.0,0.0,0.0,0.0,0.0,0.297269801734,-0.00584373432057
302.0,20.5,0.0,0.0,0.0,0.0,0.0,0.0,0.297101728545,-0.00586102051066
302.0,21.0,0.0,0.0,0.0,0.0,0.0,0.0,0.296934897655,-0.00587823921558
302.0,21.5,0.0,0.0,0.0,0.0,0.0,0.0,0.296769291592,-0.00589539114749
302.0,22.0,0.0,0.0,0.0,0.0,0.0,0.0,0.296604893279,-0.00591247700338
302.0,22.5,0.0,0.0,0.0,0.0,0.0,0.0,0.29644168601,-0.00592949746564
302.0,23.0,0.0,0.0,0.0,0.0,0.0,0.0,0.296279653444,-0.00594645320268
302.0,23.5,0.0,0.0,0.0,0.0,0.0,0.0,0.296118779592,-0.0059633448694
302.0,24.0,0.0,0.0,0.0,0.0,0.0,0.0,0.295959048804,-0.00598017310774
303.0,0.5,0.0,0.0,0.0,0.0,0.0,0.0,0.295800445758,-0.00599693854712
303.0,1.0,0.0,0.0,0.0,0.0,0.0,0.0,0.296421419282,-0.00593161510243
303.0,1.5,0.0,0.0,0.0,0.0,0.0,0.0,0.296259721178,-0.00594854298276
303.0,2.0,0.0,0.0,0.0,0.0,0.0,0.0,0.29609921827,-0.00596540269363
303.0,2.5,0.0,0.0,0.0,0.0,0.0,0.0,0.295939892649,-0.00598219507801
303.0,3.0,0.0,0.0,0.0,0.0,0.0,0.0,0.295781726855,-0.00599892095727
303.0,3.5,0.0,0.0,0.0,0.0,0.0,0.0,0.295624703858,-0.00601558113212
303.0,4.0,0.0,0.0,0.0,0.0,0.0,0.0,0.295468807042,-0.00603217638339
303.0,4.5,0.0,0.0,0.0,0.0,0.0,0.0,0.295314020191,-0.00604870747288
303.0,5.0,0.0,0.0,0.0,0.0,0.0,0.0,0.295160327472,-0.00606517514411
303.0,5.5,0.0,0.0,0.0,0.0,0.0,0.0,0.295007713425,-0.00608158012299
303.0,6.0,0.0,0.0,0.0,0.0,0.0,0.0,0.294856162946,-0.00609792311855
303.0,6.5,0.0,0.0,0.0,0.0,0.0,0.0,0.294705661278,-0.00611420482357
303.0,7.0,0.0,0.0,0.0,0.0,0.0,0.0,0.294556193998,-0.00613042591518
303.0,7.5,0.0,0.0,0.0,0.0,0.0,0.0,0.294407747005,-0.00614658705544
303.0,8.0,0.0,0.0,0.0,0.0,0.0,0.0338466154619,0.294260306508,-0.0061626888919
303,8.5,0.9395848104800147,0.024327782837974214,16.89017297590995,True,0.046424050373095584,0.16186320046713948,0.2941125745444397,-0.00617887299124936
303,9.0,3.0824755050718453,0.0768928689401741,33.78034591359895,True,0.15230237496940932,0.2920586752807747,0.2939600409330896,-0.0061956362771479105
303,9.5,3.5244543946608666,0.09284753880304947,33.78034590420083,True,0.174140159068583,0.5002210485490829,0.2938015384676604,-0.00621311297533791
303,10.0,4.292492075502434,0.11568941329714304,33.780345892575724,True,0.21208821823911048,0.5520446066224804,0.2936354850314879,-0.00623148529343078
303,10.5,5.316881560901505,0.15019858354274238,33.780345883887186,True,0.2627023922246822,0.8337551576829428,0.29346753993030317,-0.00625013278532015
303,11.0,6.438211689724393,0.19536396643506485,33.78034587777776,False,0.31810631723997573,1.2250134726756516,0.293288524072993,-0.0062700827528717
303,11.5,6.672287574080445,0.21161508937252285,33.53930728554937,False,0.30671002964332483,1.4629997170427904,0.2930938638562596,-0.00629186233698827
303,12.0,7.3057852686543345,0.3481730994649507,31.776912575168428,False,0.22251324492321697,1.3225305560527518,0.29289046161606025,-0.0063147163958186476
303,12.5,7.530191429657412,0.48723922569968897,30.384668106654004,False,0.18108006289543016,1.5966207469334635,0.2926881026853144,-0.0063375514451672055
303,13.0,7.760128581892221,0.5410199475067888,30.011030117322818,False,0.17663306532430145,1.7297358066635886,0.2924709482142295,-0.006362165615211238
303,13.5,7.744580485094903,0.6202403580535515,29.2610736414603,False,0.15919647236142395,1.6259121374988799,0.29224757384140737,-0.006387603740060931
303,14.0,7.272457150354554,0.6381543374565207,28.721963561999672,False,0.13975588106291353,1.1706066990829873,0.2920259952249158,-0.006412957179615516
303,14.5,6.674939392895388,0.5813517051115417,28.7212610300234,False,0.12826240859229332,0.807990301045663,0.29182186714788827,-0.006436420068885887
303,15.0,5.691235076298675,0.47104105904036675,28.9483233361632,False,0.11244404214854811,0.4742864271853799,0.2916344972555971,-0.006458046818431411
303,15.5,3.8531083139124407,0.29421842526783015,29.323521457164553,False,0.07984825318164958,0.1548366681896489,0.29146480884408354,-0.006477707470669218
303,16.0,3.7180527330025557,0.260108955988376,14.84654912815678,False,0.08094658552160369,0.09355805310856151,0.2913147751902885,-0.0064951502861677396
303.0,16.5,0.0,0.0,0.0,0.0,0.0,0.0,0.291169173038,-0.00651213143109
303.0,17.0,0.0,0.0,0.0,0.0,0.0,0.0,0.291037794526,-0.00652749913064
303.0,17.5,0.0,0.0,0.0,0.0,0.0,0.0,0.290907208654,-0.00654281695107
303.0,18.0,0.0,0.0,0.0,0.0,0.0,0.0,0.290777406242,-0.00655808533352
303.0,18.5,0.0,0.0,0.0,0.0,0.0,0.0,0.290648378277,-0.00657330471133
303.0,19.0,0.0,0.0,0.0,0.0,0.0,0.0,0.290520115913,-0.00658847551032
303.0,19.5,0.0,0.0,0.0,0.0,0.0,0.0,0.29039261046,-0.00660359814906
303.0,20.0,0.0,0.0,0.0,0.0,0.0,0.0,0.290265853386,-0.00661867303901
303.0,20.5,0.0,0.0,0.0,0.0,0.0,0.0,0.290919309866,-0.00654139567065
303.0,21.0,0.0,0.0,0.0,0.0,0.0,0.0,0.290789690378,-0.00655663855923
303.0,21.5,0.0,0.0,0.0,0.0,0.0,0.0,0.290660869833,-0.00657182944264
303.0,22.0,0.0,0.0,0.0,0.0,0.0,0.0,0.290532838165,-0.00658696886726
303.0,22.5,0.0,0.0,0.0,0.0,0.0,0.0,0.290405585526,-0.00660205736747
303.0,23.0,0.0,0.0,0.0,0.0,0.0,0.0,0.290279102271,-0.0066170954661
303.0,23.5,0.0,0.0,0.0,0.0,0.0,0.0,0.290153378957,-0.00663208367482
303.0,24.0,0.0,0.0,0.0,0.0,0.0,0.0,0.290028406334,-0.00664702249454
304.0,0.5,0.0,0.0,0.0,0.0,0.0,0.0,0.289904175341,-0.00666191241575
304.0,1.0,0.0,0.0,0.0,0.0,0.0,0.0,0.289780677098,-0.00667675391893
304.0,1.5,0.0,0.0,0.0,0.0,0.0,0.0,0.289657902902,-0.00669154747481
304.0,2.0,0.0,0.0,0.0,0.0,0.0,0.0,0.28953584422,-0.00670629354477
304.0,2.5,0.0,0.0,0.0,0.0,0.0,0.0,0.289414492685,-0.00672099258107
304.0,3.0,0.0,0.0,0.0,0.0,0.0,0.0,0.289293840095,-0.0067356450272
304.0,3.5,0.0,0.0,0.0,0.0,0.0,0.0,0.289173878399,-0.00675025131817
304.0,4.0,0.0,0.0,0.0,0.0,0.0,0.0,0.289054599702,-0.00676481188072
304.0,4.5,0.0,0.0,0.0,0.0,0.0,0.0,0.288935996255,-0.00677932713362
304.0,5.0,0.0,0.0,0.0,0.0,0.0,0.0,0.288818060454,-0.00679379748791
304.0,5.5,0.0,0.0,0.0,0.0,0.0,0.0,0.288700784831,-0.00680822334716
304.0,6.0,0.0,0.0,0.0,0.0,0.0,0.0,0.288584162059,-0.00682260510763
304.0,6.5,0.0,0.0,0.0,0.0,0.0,0.0,0.288468184939,-0.00683694315855
304.0,7.0,0.0,0.0,0.0,0.0,0.0,0.0,0.288352846401,-0.00685123788233
304.0,7.5,0.0,0.0,0.0,0.0,0.0,0.0,0.288238139503,-0.00686548965471
304,8.0,0.9481877036412886,0.02323110640514397,16.89017297569103,True,0.04684911167785348,0.16954696772055775,0.2881240574200857,-0.0068796988449915525
304,8.5,1.755140880380675,0.044334815861232876,33.780345977286444,True,0.08671995091219592,0.3612268074935136,0.2880032775315486,-0.006894780464968218
304,9.0,2.341360118586505,0.06414900078238454,33.590660947324295,True,0.10924819628089498,0.45927112802167747,0.28787503404188824,-0.00691083719419693
304,9.5,3.046888102713461,0.09802754907950507,33.08884609410389,True,0.12392754688669373,0.5630190790261727,0.2885228439724931,-0.006830181288358214
304,10.0,3.5489787389955803,0.135428121814149,32.46499663730102,True,0.12449217040435925,0.6163063829238512,0.28838220774337925,-0.0068475955467808755
304,10.5,4.438181078778568,0.21490226283779237,31.667032617090648,True,0.13238913518152562,1.1294371184633771,0.2882387839734028,-0.006865409483758916
304,11.0,5.432856317646705,0.3189389521064254,30.891668579534382,True,0.14148874112026022,1.5324265991400932,0.28807351720461744,-0.006886004945384469
304,11.5,6.4699864701320475,0.437604438316938,30.130496941246456,False,0.14982845713753962,1.4551858787493166,0.2878896475658593,-0.006909005260078126
304,12.0,7.246246554965869,0.5734481646664024,29.34778275475975,False,0.15064061219453717,1.5223013918572597,0.28770483717812934,-0.006932215551074623
304,12.5,7.3888970227618636,0.6297487278727388,28.947583729188175,False,0.14597203148891746,1.709165051937722,0.2890726543485953,-0.006762605516233997
304,13.0,7.438863477924409,0.6842102035873212,28.507259537659834,False,0.13933973863099164,1.6622712393850816,0.2896439033699378,-0.00669323681389851
304,13.5,7.409972726792327,0.7156551941959073,28.22558718448539,False,0.13434292551356786,1.517479559850939,0.2909907937610187,-0.006533007428642248
304,14.0,7.230503571091148,0.7357473311676563,27.904905743298592,False,0.1264671101890958,1.2721659016720452,0.2915545001786397,-0.006467306669045139
304,14.5,6.9846774808722385,0.6997039935954655,27.950888097985946,False,0.12278820528550638,1.05676572118896,0.29212311390557066,-0.006401829946858447
304,15.0,6.4789391293437095,0.6403406971745759,27.989561490088214,False,0.11438635542695835,0.7780372913673316,0.2926975927246069,-0.006336478351939751
304,15.5,5.51300480320069,0.5058675619683518,28.348682562223942,False,0.10137301533479728,0.4685192298503364,0.29328118986345264,-0.006270901711822192
304,16.0,4.412348003254971,0.3802715005134468,14.32439014355786,False,0.08404968790188151,0.17574840910638653,0.2938778914563841,-0.006204686868347865
304.0,16.5,0.0,0.0,0.0,0.0,0.0,0.0,0.294486694676,-0.00613798586245
304.0,17.0,0.0,0.0,0.0,0.0,0.0,0.0,0.295891249918,-0.00598733307643
304.0,17.5,0.0,0.0,0.0,0.0,0.0,0.0,0.297286221654,-0.00584204880447
304.0,18.0,0.0,0.0,0.0,0.0,0.0,0.0,0.297893412259,-0.00578012505913
304.0,18.5,0.0,0.0,0.0,0.0,0.0,0.0,0.298496693225,-0.00571937299863
304.0,19.0,0.0,0.0,0.0,0.0,0.0,0.0,0.299873661749,-0.00558353514063
304.0,19.5,0.0,0.0,0.0,0.0,0.0,0.0,0.300462818307,-0.00552659111859
304.0,20.0,0.0,0.0,0.0,0.0,0.0,0.0,0.300270674622,-0.00554508610954
304.0,20.5,0.0,0.0,0.0,0.0,0.0,0.0,0.300858468986,-0.00548873831889
304.0,21.0,0.0,0.0,0.0,0.0,0.0,0.0,0.301442312119,-0.00543344337793
304.0,21.5,0.0,0.0,0.0,0.0,0.0,0.0,0.302022201577,-0.00537917862731
304.0,22.0,0.0,0.0,0.0,0.0,0.0,0.0,0.301821048802,-0.00539792859048
304.0,22.5,0.0,0.0,0.0,0.0,0.0,0.0,0.301622628042,-0.00541650023529
304.0,23.0,0.0,0.0,0.0,0.0,0.0,0.0,0.301426834844,-0.00543490061981
304.0,23.5,0.0,0.0,0.0,0.0,0.0,0.0,0.301233570746,-0.00545313640837
304.0,24.0,0.0,0.0,0.0,0.0,0.0,0.0,0.301042742831,-0.00547121390063
305.0,0.5,0.0,0.0,0.0,0.0,0.0,0.0,0.300854263312,-0.00548913905787
305.0,1.0,0.0,0.0,0.0,0.0,0.0,0.0,0.300668049164,-0.00550691752697
305.0,1.5,0.0,0.0,0.0,0.0,0.0,0.0,0.300484021782,-0.00552455466225
305.0,2.0,0.0,0.0,0.0,0.0,0.0,0.0,0.300302106672,-0.00554205554543
305.0,2.5,0.0,0.0,0.0,0.0,0.0,0.0,0.300122233174,-0.00555942500391
305.0,3.0,0.0,0.0,0.0,0.0,0.0,0.0,0.299944334197,-0.00557666762744
305.0,3.5,0.0,0.0,0.0,0.0,0.0,0.0,0.299768345988,-0.00559378778352
305.0,4.0,0.0,0.0,0.0,0.0,0.0,0.0,0.299594207909,-0.00561078963147
305.0,4.5,0.0,0.0,0.0,0.0,0.0,0.0,0.299421862246,-0.00562767713543
305.0,5.0,0.0,0.0,0.0,0.0,0.0,0.0,0.299251254016,-0.00564445407629
305.0,5.5,0.0,0.0,0.0,0.0,0.0,0.0,0.299082330804,-0.00566112406277
305.0,6.0,0.0,0.0,0.0,0.0,0.0,0.0,0.298915042606,-0.0056776905416
305.0,6.5,0.0,0.0,0.0,0.0,0.0,0.0,0.299527544758,-0.00561731453306
305.0,7.0,0.0,0.0,0.0,0.0,0.0,0.0,0.299357847519,-0.00563396511804
305.0,7.5,0.0,0.0,0.0,0.0,0.0,0.0,0.300745860161,-0.00549948032658
305.0,8.0,0.0,0.0,0.0,0.0,0.0,0.0,0.300567997485,-0.0055164981174
305.0,8.5,0.0,0.0,0.0,0.0,0.0,0.0,0.301947532124,-0.00538612968727
305.0,9.0,0.0,0.0,0.0,0.0,0.0,0.0,0.302033776419,-0.00537810206986
305.0,9.5,0.0,0.0,0.0,0.0,0.0,0.0,0.30211993059,-0.00537009707023
305,10.0,4.28872828507189,0.10742687545369912,33.78034589238952,False,0.21190225269923324,0.44610396503242,0.3019336202554375,-0.005387425940550316
305,10.5,2.5108030331107227,0.06581697624337575,16.890172942530036,True,0.12405654623823091,0.3760729301100373,0.30172832492899443,-0.0054065978346127235
305,11.0,2.455556226997868,0.0604701005762432,16.890172943952543,False,0.12132685065212888,0.1385653492792206,0.30152921882008843,-0.005425269435913609
305,11.5,2.959902869815719,0.07572655741771216,16.89017294017992,False,0.14624617000523327,0.29783726049240916,0.3013412159518181,-0.005442970368890352
305,12.0,2.701211322194665,0.06678770024541127,16.890172942273047,False,0.13346445056500686,0.15687813572933687,0.30137348095823036,-0.005439927653374576
305.0,12.5,0.0,0.0,0.0,0.0,0.0,0.03465518084,0.301964233696,-0.00538457399117
305.0,13.0,0.0,0.0,0.0,0.0,0.0,0.00150693514326,0.301780191283,-0.00540174653286
305.0,13.5,0.0,0.0,0.0,0.0,0.0,0.0,0.301599259615,-0.005418692464
305.0,14.0,0.0,0.0,0.0,0.0,0.0,0.0104933470058,0.301420176812,-0.00543552764098
305,14.5,1.8077628588494008,0.045050018758674766,16.877014513609325,False,0.08859578996502539,0.0984904433398316,0.3012424294719569,-0.0054522989343443705
305.0,15.0,0.0,0.0,0.0,0.0,0.0,0.104438381937,0.30106131164,-0.00546945170928
305.0,15.5,0.0,0.0,0.0,0.0,0.0,0.0880465568126,0.300883304123,-0.00548637260544
305.0,16.0,0.0,0.0,0.0,0.0,0.0,0.0,0.300707495471,-0.00550314573954
305.0,16.5,0.0,0.0,0.0,0.0,0.0,0.0,0.300536557883,-0.00551951276086
305.0,17.0,0.0,0.0,0.0,0.0,0.0,0.0,0.300367105271,-0.00553579487412
305.0,17.5,0.0,0.0,0.0,0.0,0.0,0.0,0.300199095142,-0.00555199491428
305.0,18.0,0.0,0.0,0.0,0.0,0.0,0.0,0.300032487108,-0.00556811557115
305.0,18.5,0.0,0.0,0.0,0.0,0.0,0.0,0.299867242763,-0.00558415939716
305.0,19.0,0.0,0.0,0.0,0.0,0.0,0.0,0.299703325577,-0.00560012881478
305.0,19.5,0.0,0.0,0.0,0.0,0.0,0.0,0.299540700776,-0.00561602612351
305.0,20.0,0.0,0.0,0.0,0.0,0.0,0.0,0.299379335255,-0.00563185350658
305.0,20.5,0.0,0.0,0.0,0.0,0.0,0.0,0.299219197472,-0.00564761303724
305.0,21.0,0.0,0.0,0.0,0.0,0.0,0.0,0.299838675072,-0.00558693865921
305.0,21.5,0.0,0.0,0.0,0.0,0.0,0.0,0.299675556648,-0.00560283955319
305.0,22.0,0.0,0.0,0.0,0.0,0.0,0.0,0.299513694896,-0.00561867127334
305.0,22.5,0.0,0.0,0.0,0.0,0.0,0.0,0.300131422613,-0.00555853605636
305.0,23.0,0.0,0.0,0.0,0.0,0.0,0.0,0.299966583917,-0.00557450762005
305.0,23.5,0.0,0.0,0.0,0.0,0.0,0.0,0.299803030458,-0.00559040872445
305.0,24.0,0.0,0.0,0.0,0.0,0.0,0.0,0.299640730218,-0.00560624143878
306.0,0.5,0.0,0.0,0.0,0.0,0.0,0.0,0.299479652623,-0.00562200773329
306.0,1.0,0.0,0.0,0.0,0.0,0.0,0.0,0.300098156168,-0.00556175491539
306.0,1.5,0.0,0.0,0.0,0.0,0.0,0.0,0.299934060677,-0.00557766531945
306.0,2.0,0.0,0.0,0.0,0.0,0.0,0.0,0.299771219552,-0.00559350774028
306.0,2.5,0.0,0.0,0.0,0.0,0.0,0.0,0.299609602414,-0.00560928412133
306.0,3.0,0.0,0.0,0.0,0.0,0.0,0.0,0.300227550815,-0.00554924716381
306.0,3.5,0.0,0.0,0.0,0.0,0.0,0.0,0.300062902253,-0.00556516850614
306.0,4.0,0.0,0.0,0.0,0.0,0.0,0.0,0.299899510227,-0.00558102217669
306.0,4.5,0.0,0.0,0.0,0.0,0.0,0.0,0.299737344424,-0.00559681010316
306.0,5.0,0.0,0.0,0.0,0.0,0.0,0.0,0.299576375856,-0.00561253412427
306.0,5.5,0.0,0.0,0.0,0.0,0.0,0.0,0.299416576794,-0.00562819599338
306.0,6.0,0.0,0.0,0.0,0.0,0.0,0.0,0.29925792071,-0.00564379738206
306.0,6.5,0.0,0.0,0.0,0.0,0.0,0.0,0.299878844516,-0.00558303116907
306.0,7.0,0.0,0.0,0.0,0.0,0.0,0.0,0.299717091729,-0.00559878557421
306.0,7.5,0.0,0.0,0.0,0.0,0.0,0.0,0.299556519558,-0.00561447740757
306.0,8.0,0.0,0.0,0.0,0.0,0.0,0.0262340288305,0.299397101204,-0.00563010834925
306,8.5,2.158919767140473,0.08012351923269304,16.256764502490537,False,0.07655047582109585,0.1524302258837946,0.29923781542769323,-0.005645778104136347
306,9.0,6.3473647449922925,0.23507725039921676,32.591604115649695,False,0.22904938292740146,0.6740984714310465,0.2990718034097559,-0.005662164886561034
306,9.5,6.0509541752517055,0.25182987195788903,32.10748830407874,False,0.1967470591128244,0.5713899069231569,0.2988811936603917,-0.005681049610803149
306,10.0,7.135966762905602,0.34097100894955307,31.643717695261415,False,0.2119364320081032,0.9933151600544099,0.29869490341409216,-0.005699578936051088
306,10.5,6.281567424230687,0.32469885723742115,31.22201161647957,False,0.17294484380251435,0.6300952956305204,0.29849025408409113,-0.005720017409465152
306,11.0,7.473834922388972,0.4087814065147376,31.112415547265,False,0.20194011987525892,1.2136051619853285,0.29830102159732735,-0.005738993940467634
306,11.5,6.96815100076926,0.4086007688141191,30.696442372988116,False,0.1758523122329258,0.8468582483540903,0.2980874492948908,-0.005760501484146371
306,12.0,6.228490279538805,0.4119165545378927,30.09448312323656,False,0.14348379523734484,0.6142838168464417,0.2978887781238572,-0.005780594696719313
306,12.5,6.325377348381215,0.42346222710870157,30.03292800280221,False,0.14442833215188655,0.638564863693229,0.2976997653103557,-0.0057997886436891395
306,13.0,7.0856349483350005,0.5151024028260118,29.704549606006978,False,0.15450513623886222,1.007276566089064,0.29751033338520955,-0.005819101386811631
306,13.5,6.827868396872637,0.5563470851224506,29.150429250258266,False,0.13837431660088345,1.0639328101710754,0.2973043548644354,-0.005840188091008213
306,14.0,6.967310341797846,0.5992670243020669,28.885162737238602,False,0.13658455625322127,1.304876042823753,0.297095568649094,-0.005861655207454013
306,14.5,6.167829875614279,0.5256473734927828,28.86334158640693,False,0.12058757338752231,0.8639735536414533,0.2968769020352445,-0.005884239087676523
306,15.0,5.257369874042033,0.39476645671675153,29.469526537355016,False,0.11106123575142596,0.5564918353327298,0.2966786388751581,-0.0059048053640486505
306,15.5,3.9356999128942456,0.2699278995278396,29.864579467464864,False,0.08774424601434881,0.2824551512645865,0.2972767479691654,-0.00584302121407936
306.0,16.0,0.0,0.0,0.0,0.0,0.0,0.0,0.297107053023,-0.00586047195882
306.0,16.5,0.0,0.0,0.0,0.0,0.0,0.0,0.296959248402,-0.00587572220914
306.0,17.0,0.0,0.0,0.0,0.0,0.0,0.0,0.296812355411,-0.00589092526828
306.0,17.5,0.0,0.0,0.0,0.0,0.0,0.0,0.296666358885,-0.00590608200882
306.0,18.0,0.0,0.0,0.0,0.0,0.0,0.0,0.296521244247,-0.00592119326128
306.0,18.5,0.0,0.0,0.0,0.0,0.0,0.0,0.296376997471,-0.00593625981648
306.0,19.0,0.0,0.0,0.0,0.0,0.0,0.0,0.296233605059,-0.00595128242776
306.0,19.5,0.0,0.0,0.0,0.0,0.0,0.0,0.296091054007,-0.00596626181307
306.0,20.0,0.0,0.0,0.0,0.0,0.0,0.0,0.295949331782,-0.00598119865692
306.0,20.5,0.0,0.0,0.0,0.0,0.0,0.0,0.295808426294,-0.00599609361224
306.0,21.0,0.0,0.0,0.0,0.0,0.0,0.0,0.295668325877,-0.00601094730211
306.0,21.5,0.0,0.0,0.0,0.0,0.0,0.0,0.295529019263,-0.0060257603214
306.0,22.0,0.0,0.0,0.0,0.0,0.0,0.0,0.295390495563,-0.00604053323832
306.0,22.5,0.0,0.0,0.0,0.0,0.0,0.0,0.296031839343,-0.00597249734349
306.0,23.0,0.0,0.0,0.0,0.0,0.0,0.0,0.295890145822,-0.00598744976001
306.0,23.5,0.0,0.0,0.0,0.0,0.0,0.0,0.295749287596,-0.00600235825974
306.0,24.0,0.0,0.0,0.0,0.0,0.0,0.0,0.295609252487,-0.00601722350336
307.0,0.5,0.0,0.0,0.0,0.0,0.0,0.0,0.295470028717,-0.00603204612389
307.0,1.0,0.0,0.0,0.0,0.0,0.0,0.0,0.295331604891,-0.00604682672814
307.0,1.5,0.0,0.0,0.0,0.0,0.0,0.0,0.295193969975,-0.00606156589802
307.0,2.0,0.0,0.0,0.0,0.0,0.0,0.0,0.295057113282,-0.00607626419187
307.0,2.5,0.0,0.0,0.0,0.0,0.0,0.0,0.294921024451,-0.0060909221456
307.0,3.0,0.0,0.0,0.0,0.0,0.0,0.0,0.294785693437,-0.00610554027389
307.0,3.5,0.0,0.0,0.0,0.0,0.0,0.0,0.294651110492,-0.00612011907122
307.0,4.0,0.0,0.0,0.0,0.0,0.0,0.0,0.294517266151,-0.00613465901291
307.0,4.5,0.0,0.0,0.0,0.0,0.0,0.0,0.294384151224,-0.00614916055609
307.0,5.0,0.0,0.0,0.0,0.0,0.0,0.0,0.294251756777,-0.00616362414058
307.0,5.5,0.0,0.0,0.0,0.0,0.0,0.0,0.294120074125,-0.0061780501898
307.0,6.0,0.0,0.0,0.0,0.0,0.0,0.0,0.302896035376,-0.00529862170875
307.0,6.5,0.0,0.0,0.0,0.0,0.0,0.0,0.305196152079,-0.00509335384129
307.0,7.0,0.0,0.0,0.0,0.0,0.0,0.0,0.305003293409,-0.00511019667362
307.0,7.5,0.0,0.0,0.0,0.0,0.0,0.0,0.304812517105,-0.0051269229775
307.0,8.0,0.0,0.0,0.0,0.0,0.0,0.0,0.304623755563,-0.00514353687666
307.0,8.5,0.0,0.0,0.0,0.0,0.0,0.0,0.304436944324,-0.00516004231275
307.0,9.0,0.0,0.0,0.0,0.0,0.0,0.0203609853917,0.30425202189,-0.00517644305647
307.0,9.5,0.0,0.0,0.0,0.0,0.0,0.0218668543857,0.304068156834,-0.00519281163609
307,10.0,2.231630968614561,0.08319999209389374,16.240856280334913,False,0.07857145216094934,0.08423387347086764,0.30466371824881383,-0.0051400142035527676
307.0,10.5,0.0,0.0,0.0,0.0,0.0,0.0139091429939,0.304471754708,-0.00515696191323
307,11.0,3.379387435768091,0.13161050872575206,16.208595034702576,False,0.11730658686021443,0.3715306691490906,0.30428744215997416,-0.00517329683442645
307,11.5,5.800341676739348,0.28893835517370725,31.40086714424024,False,0.16479690882965276,0.5757656563259936,0.3040863309478457,-0.005191190942435644
307,12.0,7.0270974764612415,0.4273797719773596,30.5952429518154,False,0.1745378311157765,1.1383439978519512,0.30387321156744934,-0.00521023403441579
307,12.5,6.970476688029005,0.4749258529163634,30.156978930206357,False,0.16204321777526734,1.713402770181979,0.30363514948425135,-0.005231604362018915
307,13.0,7.377856362878623,0.5964241480958881,29.292184021546113,False,0.15227026890532858,2.1198422696736525,0.30337507062559765,-0.005255070573554873
307,13.5,6.467646197799756,0.48282740328749685,29.587122151463966,False,0.13879558963372457,0.9276640270372577,0.30387441388505915,-0.005210126369178086
307,14.0,6.390363435817624,0.4881665096905507,29.49883163203931,False,0.13552296663852664,1.135996999705397,0.3036410930566341,-0.005231069550465496
307,14.5,6.793208811525803,0.5673787312511236,29.036492225356774,False,0.13570217557191389,1.3447759719786452,0.3034012791064629,-0.005252700179158069
307,15.0,4.883200970204288,0.3822438522208709,29.30099991788872,False,0.10089892155422461,0.493573710236039,0.30315210258098507,-0.005275288278119153
307,15.5,2.7420194297159486,0.19881421680492195,14.813817135191552,False,0.05916704906918788,0.20650649182503264,0.30294377474652096,-0.005294262276829022
307.0,16.0,0.0,0.0,0.0,0.0,0.0,0.0,0.302754777075,-0.00531154611335
307.0,16.5,0.0,0.0,0.0,0.0,0.0,0.0,0.302582593125,-0.00532735088791
307.0,17.0,0.0,0.0,0.0,0.0,0.0,0.0,0.30241179979,-0.00534308340412
307.0,17.5,0.0,0.0,0.0,0.0,0.0,0.0,0.30224235758,-0.00535874619406
307.0,18.0,0.0,0.0,0.0,0.0,0.0,0.0,0.302074228629,-0.0053743416906
307.0,18.5,0.0,0.0,0.0,0.0,0.0,0.0,0.301907376614,-0.00538987223212
307.0,19.0,0.0,0.0,0.0,0.0,0.0,0.0,0.302519972611,-0.00533311271882
307.0,19.5,0.0,0.0,0.0,0.0,0.0,0.0,0.302350018721,-0.00534878795639
307.0,20.0,0.0,0.0,0.0,0.0,0.0,0.0,0.302181362138,-0.00536439783823
307.0,20.5,0.0,0.0,0.0,0.0,0.0,0.0,0.302013966436,-0.00537994472081
307.0,21.0,0.0,0.0,0.0,0.0,0.0,0.0,0.30184779669,-0.00539543086798
307.0,21.5,0.0,0.0,0.0,0.0,0.0,0.0,0.301682819393,-0.00541085845516
307.0,22.0,0.0,0.0,0.0,0.0,0.0,0.0,0.301519002484,-0.00542622956517
307.0,22.5,0.0,0.0,0.0,0.0,0.0,0.0,0.30135631533,-0.00544154618645
307.0,23.0,0.0,0.0,0.0,0.0,0.0,0.0,0.301194728707,-0.00545681021328
307.0,23.5,0.0,0.0,0.0,0.0,0.0,0.0,0.301034214753,-0.00547202344718
307.0,24.0,0.0,0.0,0.0,0.0,0.0,0.0,0.300874746922,-0.00548718759911
308.0,0.5,0.0,0.0,0.0,0.0,0.0,0.0,0.300716299934,-0.00550230429224
308.0,1.0,0.0,0.0,0.0,0.0,0.0,0.0,0.301337314827,-0.0054433383975
308.0,1.5,0.0,0.0,0.0,0.0,0.0,0.0,0.301175527425,-0.00545862742147
308.0,2.0,0.0,0.0,0.0,0.0,0.0,0.0,0.301014796545,-0.00547386729561
308.0,2.5,0.0,0.0,0.0,0.0,0.0,0.0,0.300855097045,-0.00548905961267
308.0,3.0,0.0,0.0,0.0,0.0,0.0,0.0,0.302280733117,-0.00535519407428
308.0,3.5,0.0,0.0,0.0,0.0,0.0,0.0,0.302111964272,-0.00537083666334
308.0,4.0,0.0,0.0,0.0,0.0,0.0,0.0,0.301944382841,-0.0053864230925
308.0,4.5,0.0,0.0,0.0,0.0,0.0,0.0,0.301777958381,-0.00540195527977
308.0,5.0,0.0,0.0,0.0,0.0,0.0,0.0,0.301612661823,-0.00541743505269
308.0,5.5,0.0,0.0,0.0,0.0,0.0,0.0,0.301448465445,-0.00543286414921
308.0,6.0,0.0,0.0,0.0,0.0,0.0,0.0,0.301285342824,-0.00544824421953
308.0,6.5,0.0,0.0,0.0,0.0,0.0,0.0,0.301901586909,-0.00539041209559
308.0,7.0,0.0,0.0,0.0,0.0,0.0,0.0,0.301735085166,-0.00540596522403
308.0,7.5,0.0,0.0,0.0,0.0,0.0,0.0,0.301569695089,-0.00542146747327
308.0,8.0,0.0,0.0,0.0,0.0,0.0,0.0,0.301405390264,-0.00543692047481
308.0,8.5,0.0,0.0,0.0,0.0,0.0,0.00466259924426,0.301242145514,-0.00545232577636
308,9.0,1.7050173570904203,0.04399518789328941,16.89017295141229,False,0.08424339217673167,0.17138769150972513,0.3010797599077498,-0.005467701627011369
308,9.5,2.0652937403374043,0.055782937753764694,16.89017294653579,True,0.10204432805558007,0.32526559927391524,0.30091039071768055,-0.005483793810531892
308,10.0,4.593361982200945,0.11780453896636077,33.78034588998743,False,0.22695393291279117,0.5427406993814876,0.3007357260029923,-0.005500448274620576
308,10.5,5.0951678570977785,0.13400132888522837,33.780345885625174,False,0.25174771518117894,0.6956814727950391,0.3005514251548999,-0.005518086940880616
308,11.0,5.924466684950847,0.1738302402530048,33.78034588039022,False,0.29272263317600206,1.1704378590256403,0.3011400951925442,-0.005461982619056703
308,11.5,6.46157801234439,0.19661767001674021,33.78034587821899,False,0.3192608264724,1.5524822333992843,0.3009263911889081,-0.00548227115493012
308,12.0,6.567009926832338,0.2758240882290502,32.29716290165619,False,0.22213858251380597,1.3822396638151608,0.3006983413138409,-0.00550402076982211
308,12.5,5.630602475224585,0.31035292220526417,30.923795728367352,False,0.1474140089384745,0.5918390895172214,0.3004747426115586,-0.005525445756364795
308,13.0,6.32359687774368,0.3921603733847753,30.488024700262212,False,0.1544783735444911,1.1199915415716954,0.30028080544861113,-0.005544109116444713
308,13.5,6.326220052142491,0.43973826094428276,29.98735956794222,False,0.14350894734397707,1.3904786949554473,0.3000646774478788,-0.005564996556666771
308,14.0,6.620866594621695,0.5200043648744268,29.364034051612485,False,0.13793265933100882,1.5840968286306552,0.2998374178024982,-0.00558706101289823
308,14.5,1.7885442376628622,0.10815436896802709,15.247755585015286,False,0.04374241574047494,0.11512029139207922,0.2996006858556183,-0.005610156060127161
308,15.0,3.8367432248433224,0.1981729282982893,31.175742277192995,False,0.10479447884007073,0.28478466421554116,0.2994362362981129,-0.005626266363372481
308,15.5,4.529999833229275,0.2277867841239033,31.276731491907775,False,0.12591292403868823,0.4439447358851277,0.29926282123391157,-0.005643314720182134
308.0,16.0,0.0,0.0,0.0,0.0,0.0,0.0,0.299083116747,-0.00566104636724
308.0,16.5,0.0,0.0,0.0,0.0,0.0,0.0,0.298929764781,-0.00567623029503
308.0,17.0,0.0,0.0,0.0,0.0,0.0,0.0,0.298777259637,-0.00569137852302
308.0,17.5,0.0,0.0,0.0,0.0,0.0,0.0,0.298625588423,-0.00570649171377
308.0,18.0,0.0,0.0,0.0,0.0,0.0,0.0,0.299253414338,-0.00564424126653
308.0,18.5,0.0,0.0,0.0,0.0,0.0,0.0,0.299098261168,-0.005659549491
308.0,19.0,0.0,0.0,0.0,0.0,0.0,0.0,0.298943999522,-0.00567481882098
308.0,19.5,0.0,0.0,0.0,0.0,0.0,0.0,0.298790615458,-0.00569004997595
308.0,20.0,0.0,0.0,0.0,0.0,0.0,0.0,0.298638095636,-0.0057052436322
308.0,20.5,0.0,0.0,0.0,0.0,0.0,0.0,0.298486427285,-0.0057204004255
308.0,21.0,0.0,0.0,0.0,0.0,0.0,0.0,0.298335598168,-0.0057355209535
308.0,21.5,0.0,0.0,0.0,0.0,0.0,0.0,0.298185596546,-0.00575060577807
308.0,22.0,0.0,0.0,0.0,0.0,0.0,0.0,0.298036411158,-0.00576565542744
308.0,22.5,0.0,0.0,0.0,0.0,0.0,0.0,0.297888031183,-0.00578067039832
308.0,23.0,0.0,0.0,0.0,0.0,0.0,0.0,0.298519226032,-0.00571711866071
308.0,23.5,0.0,0.0,0.0,0.0,0.0,0.0,0.298367413554,-0.005732327521
308.0,24.0,0.0,0.0,0.0,0.0,0.0,0.0,0.298216466219,-0.00574749752825
309.0,0.5,0.0,0.0,0.0,0.0,0.0,0.0,0.298066371782,-0.00576262927211
309.0,1.0,0.0,0.0,0.0,0.0,0.0,0.0,0.297917118449,-0.00577772331129
309.0,1.5,0.0,0.0,0.0,0.0,0.0,0.0,0.297768694858,-0.00579278017526
309.0,2.0,0.0,0.0,0.0,0.0,0.0,0.0,0.297621090049,-0.00580780036588
309.0,2.5,0.0,0.0,0.0,0.0,0.0,0.0,0.297474293447,-0.00582278435898
309.0,3.0,0.0,0.0,0.0,0.0,0.0,0.0,0.297328294841,-0.00583773260581
309.0,3.5,0.0,0.0,0.0,0.0,0.0,0.0,0.297183084364,-0.00585264553444
309.0,4.0,0.0,0.0,0.0,0.0,0.0,0.0,0.297038652474,-0.00586752355104
309.0,4.5,0.0,0.0,0.0,0.0,0.0,0.0,0.297673895314,-0.00580242160395
309.0,5.0,0.0,0.0,0.0,0.0,0.0,0.0,0.297526102522,-0.00581749078941
309.0,5.5,0.0,0.0,0.0,0.0,0.0,0.0,0.297379147781,-0.00583252078147
309.0,6.0,0.0,0.0,0.0,0.0,0.0,0.0,0.297233019952,-0.00584751209894
309.0,6.5,0.0,0.0,0.0,0.0,0.0,0.0,0.297087708252,-0.00586246523754
309.0,7.0,0.0,0.0,0.0,0.0,0.0,0.0,0.296943202237,-0.00587738067103
309.0,7.5,0.0,0.0,0.0,0.0,0.0,0.0,0.296799491783,-0.00589225885232
309.0,8.0,0.0,0.0,0.0,0.0,0.0,0.0,0.296656567076,-0.00590710021455
309,8.5,0.8442801080119458,0.021039699214325597,16.890172981284742,True,0.04171512973195605,0.09809197117370796,0.2965144185942938,-0.0059219051720112315
309,9.0,1.4197347755704104,0.0352680453817226,16.86831803079484,False,0.06920826564581224,0.2709600667694299,0.297147494567055,-0.0058563074836349505
309,9.5,2.799110845898067,0.0878174138440493,33.20487245755314,True,0.1173302443216332,0.7546336053020979,0.2969904306884549,-0.0058725009377700805
309,10.0,3.024153781264294,0.11200011148013599,32.51917697070134,True,0.10736490223797296,0.5129438047253236,0.2968138513296744,-0.005890770208347943
309,10.5,3.8224781989138332,0.1902448497080664,31.603281107392842,True,0.1126760136696992,1.1855585815566996,0.29664634936025114,-0.005908162931411142
309,11.0,4.067144582509032,0.2365391661647539,30.801495093808306,True,0.10438038988232223,1.2721682459736672,0.29645116450214204,-0.005928507382908635
309,11.5,3.8908198721424885,0.22037217525377167,30.80033801563781,True,0.09983650423588142,0.760891472988229,0.2962517376431583,-0.005949380254605034
309,12.0,3.89133226697738,0.22256712678694304,30.82122305253212,True,0.10018715629944452,1.1033561744909215,0.2960731187627172,-0.005968149643619867
309,12.5,4.128139076234456,0.2555329660177024,30.489093168679826,True,0.10086235206274859,1.2639508911669621,0.29588220169702634,-0.005988289395091517
309,13.0,4.29019567314656,0.2823486847958525,30.178685341353294,True,0.10005188355536784,1.1993121093055235,0.2956847110563309,-0.00600920785489366
309,13.5,4.426720881989122,0.29483171825673943,30.11391076078947,True,0.10226469908411195,1.1655730594555909,0.29548941852396765,-0.00602997916015341
309,14.0,4.590811923526195,0.30310394417505776,30.149114732756676,True,0.10660045509336963,1.2329432368038231,0.2952956863373999,-0.006050669084338933
309,14.5,4.178523262953068,0.2509928607929196,30.548315646684493,False,0.10303053700688053,0.879915305320039,0.2950998284218137,-0.00607167206769965
309,15.0,3.6080449472175173,0.2128132450724993,30.56462238162142,False,0.08918958620697093,0.4261815498317254,0.29569920663504035,-0.0060076695072117155
309,15.5,2.127945587818544,0.11383099457823377,15.473283377141996,False,0.05592101093574675,0.12319764238987238,0.2955341791675297,-0.006025210873386691
309.0,16.0,0.0,0.0,0.0,0.0,0.0,0.0,0.29538520711,-0.00604109808218
309.0,16.5,0.0,0.0,0.0,0.0,0.0,0.0,0.295246020804,-0.00605598680511
309.0,17.0,0.0,0.0,0.0,0.0,0.0,0.0,0.295107615042,-0.00607083540677
309.0,17.5,0.0,0.0,0.0,0.0,0.0,0.0,0.294969980134,-0.006085644345
309.0,18.0,0.0,0.0,0.0,0.0,0.0,0.0,0.294833106669,-0.00610041405939
309.0,18.5,0.0,0.0,0.0,0.0,0.0,0.0,0.2946969855,-0.00611514497231
309.0,19.0,0.0,0.0,0.0,0.0,0.0,0.0,0.294561607732,-0.00612983748983
309.0,19.5,0.0,0.0,0.0,0.0,0.0,0.0,0.294426964711,-0.00614449200254
309.0,20.0,0.0,0.0,0.0,0.0,0.0,0.0,0.294293048013,-0.00615910888646
309.0,20.5,0.0,0.0,0.0,0.0,0.0,0.0,0.294159849431,-0.00617368850372
309.0,21.0,0.0,0.0,0.0,0.0,0.0,0.0,0.294027360969,-0.00618823120339
309.0,21.5,0.0,0.0,0.0,0.0,0.0,0.0,0.293895574828,-0.0062027373221
309.0,22.0,0.0,0.0,0.0,0.0,0.0,0.0,0.293764483401,-0.00621720718472
309.0,22.5,0.0,0.0,0.0,0.0,0.0,0.0,0.293634079264,-0.006231641105
309.0,23.0,0.0,0.0,0.0,0.0,0.0,0.0,0.293504355167,-0.00624603938612
309.0,23.5,0.0,0.0,0.0,0.0,0.0,0.0,0.293375304025,-0.00626040232124
309.0,24.0,0.0,0.0,0.0,0.0,0.0,0.0,0.293246918916,-0.00627473019408
310.0,0.5,0.0,0.0,0.0,0.0,0.0,0.0,0.293119193068,-0.00628902327932
310.0,1.0,0.0,0.0,0.0,0.0,0.0,0.0,0.292992119857,-0.00630328184316
310.0,1.5,0.0,0.0,0.0,0.0,0.0,0.0,0.292865692801,-0.00631750614369
310.0,2.0,0.0,0.0,0.0,0.0,0.0,0.0,0.292739905552,-0.00633169643132
310.0,2.5,0.0,0.0,0.0,0.0,0.0,0.0,0.292614751891,-0.00634585294923
310.0,3.0,0.0,0.0,0.0,0.0,0.0,0.0,0.292490225725,-0.00635997593364
310.0,3.5,0.0,0.0,0.0,0.0,0.0,0.0,0.29236632108,-0.00637406561427
310.0,4.0,0.0,0.0,0.0,0.0,0.0,0.0,0.292243032098,-0.0063881222146
310.0,4.5,0.0,0.0,0.0,0.0,0.0,0.0,0.292120353031,-0.00640214595219
310.0,5.0,0.0,0.0,0.0,0.0,0.0,0.0,0.291998278239,-0.00641613703903
310.0,5.5,0.0,0.0,0.0,0.0,0.0,0.0,0.291876802182,-0.00643009568176
310.0,6.0,0.0,0.0,0.0,0.0,0.0,0.0,0.291755919423,-0.00644402208197
310.0,6.5,0.0,0.0,0.0,0.0,0.0,0.0,0.291635624618,-0.00645791643644
310.0,7.0,0.0,0.0,0.0,0.0,0.0,0.0,0.291515912517,-0.00647177893739
310.0,7.5,0.0,0.0,0.0,0.0,0.0,0.0,0.291396777957,-0.0064856097727
310.0,8.0,0.0,0.0,0.0,0.0,0.0,0.0477467824657,0.291278215862,-0.0064994091261
310,8.5,1.4212403839706125,0.03469487490460094,16.890172956773046,False,0.0702222241587981,0.26279575094973195,0.29115840925318615,-0.006513388877674597
310,9.0,2.639795986529708,0.06460570989309634,33.78034592035916,False,0.13042997341638848,0.2973681276837482,0.2918094395635423,-0.006437851820365624
310,9.5,3.4242665520077264,0.10117780796271708,33.308609567906124,True,0.14756855943061742,0.6599192033000404,0.2916747589594969,-0.006453392407263395
310,10.0,4.168391969978408,0.17503349480131972,32.11081202407975,True,0.13562759819105244,0.9955457694370312,0.2915255466752908,-0.006470662003778892
310,10.5,4.40161052963393,0.21683098107938623,31.395440550157137,False,0.1249356516069608,0.623237149038939,0.29136140332092597,-0.006489723343037266
310,11.0,4.812128916195221,0.2569525859013646,31.074926453785366,False,0.12919918167375014,0.8004783564215484,0.291210405466393,-0.006507317252707266
310,11.5,5.5682279822614795,0.34654803113849536,30.44974470388032,False,0.1352306192019474,1.4000459175614135,0.29105175530074207,-0.0065258640507430965
310,12.0,5.691644906368049,0.3855077965816253,30.010080529586887,False,0.12953343418177304,1.1186185248243612,0.29086754212362237,-0.006547478342735969
310,12.5,5.711420388090636,0.412869587938656,29.697498964074228,False,0.12441958677372805,1.131506318132489,0.2906931154752878,-0.006568023014051202
310,13.0,5.619779927505718,0.42307740799010296,29.505558603588405,False,0.11928787296924243,1.1949937209583124,0.2905177405663028,-0.006588756858188675
310,13.5,5.328621171035168,0.39627925618458737,29.53003279298104,False,0.11347819104008952,0.7658261069612534,0.29034014255713486,-0.006609833053344347
310,14.0,4.95462014014883,0.3642665173079409,29.57684053637705,False,0.10617880326132204,0.5939198634615172,0.2901804165795132,-0.006628856951016885
310,14.5,4.9930332225300855,0.38619051071078825,29.343729848240432,False,0.10374411219023477,0.7831343093341815,0.2915885187380822,-0.006463367008498676
310,15.0,4.340044588568876,0.3432375826161756,29.2105014041809,False,0.08863411974266153,0.4925738395230297,0.2929805537391697,-0.0063045815594838794
310,15.5,2.4483236604443923,0.18541446558613636,14.697540734924171,False,0.05121421440425067,0.1677144872967035,0.2935976339925924,-0.00623568222480957
310.0,16.0,0.0,0.0,0.0,0.0,0.0,0.0,0.294229259333,-0.00616608592726
310.0,16.5,0.0,0.0,0.0,0.0,0.0,0.0,0.294870469108,-0.00609637812686
310.0,17.0,0.0,0.0,0.0,0.0,0.0,0.0,0.295507820275,-0.00602801830413
310.0,17.5,0.0,0.0,0.0,0.0,0.0,0.0,0.296141273352,-0.0059609796021
310.0,18.0,0.0,0.0,0.0,0.0,0.0,0.0,0.29677079123,-0.00589523556166
310.0,18.5,0.0,0.0,0.0,0.0,0.0,0.0,0.297396339178,-0.00583076012073
310.0,19.0,0.0,0.0,0.0,0.0,0.0,0.0,0.297239403354,-0.00584685626473
310.0,19.5,0.0,0.0,0.0,0.0,0.0,0.0,0.297862359055,-0.00578327295561
310.0,20.0,0.0,0.0,0.0,0.0,0.0,0.0,0.297702889081,-0.00579947081322
310.0,20.5,0.0,0.0,0.0,0.0,0.0,0.0,0.297544840924,-0.00581557761346
310.0,21.0,0.0,0.0,0.0,0.0,0.0,0.0,0.298166668564,-0.00575251261636
310.0,21.5,0.0,0.0,0.0,0.0,0.0,0.0,0.298006090013,-0.00576871992486
310.0,22.0,0.0,0.0,0.0,0.0,0.0,0.0,0.297846951456,-0.00578483559859
310.0,22.5,0.0,0.0,0.0,0.0,0.0,0.0,0.29768921547,-0.00580086219868
310.0,23.0,0.0,0.0,0.0,0.0,0.0,0.0,0.297532846133,-0.00581680218572
310.0,23.5,0.0,0.0,0.0,0.0,0.0,0.0,0.297377808947,-0.00583265792495
310.0,24.0,0.0,0.0,0.0,0.0,0.0,0.0,0.302504688415,-0.00533452017346
311.0,0.5,0.0,0.0,0.0,0.0,0.0,0.0,0.307585754066,-0.0048900538182
311.0,1.0,0.0,0.0,0.0,0.0,0.0,0.0,0.307350642363,-0.00490962207009
311.0,1.5,0.0,0.0,0.0,0.0,0.0,0.0,0.307119239585,-0.00492897279915
311.0,2.0,0.0,0.0,0.0,0.0,0.0,0.0,0.306891371318,-0.00494811682495
311.0,2.5,0.0,0.0,0.0,0.0,0.0,0.0,0.306666874912,-0.00496706426593
311.0,3.0,0.0,0.0,0.0,0.0,0.0,0.0,0.311234554821,-0.00459795795527
311.0,3.5,0.0,0.0,0.0,0.0,0.0,0.0,0.313846746311,-0.00440156832428
311.0,4.0,0.0,0.0,0.0,0.0,0.0,0.0,0.314321285147,-0.00436697295774
311.0,4.5,0.0,0.0,0.0,0.0,0.0,0.0,0.31401870159,-0.00438899465133
311.0,5.0,0.0,0.0,0.0,0.0,0.0,0.0,0.31372243447,-0.00441068495869
311.0,5.5,0.0,0.0,0.0,0.0,0.0,0.0,0.313432077829,-0.00443206658061
311.0,6.0,0.0,0.0,0.0,0.0,0.0,0.0,0.314035990075,-0.00438773285606
311.0,6.5,0.0,0.0,0.0,0.0,0.0,0.0,0.315796006998,-0.00426151019034
311.0,7.0,0.0,0.0,0.0,0.0,0.0,0.0,0.315491140338,-0.00428306127884
311.0,7.5,0.0,0.0,0.0,0.0,0.0,0.0,0.315966300472,-0.00424952835347
311.0,8.0,0.0,0.0,0.0,0.0,0.0,0.0,0.315663598766,-0.00427085424706
311.0,8.5,0.0,0.0,0.0,0.0,0.0,0.0,0.315366522356,-0.00429190792339
311,9.0,1.5924336463066842,0.04022247041470568,16.890172953245166,False,0.07868073109247677,0.19330683145035216,0.3150747075574999,-0.004312709213322076
311,9.5,3.3849069646912193,0.08390181881708916,33.780345905624046,False,0.16724524458498544,0.3756962715194958,0.31555340567341067,-0.004278649196190787
311,10.0,3.7268512493765504,0.09912182953376335,33.60983727993212,False,0.1748790448477997,0.5069034434679909,0.31524466710422216,-0.004300579502082539
311,10.5,2.193558987946373,0.08416436205444942,16.22326255184623,True,0.07663419995362873,0.37544197301177146,0.31493508206388215,-0.0043227045450967795
311,11.0,2.2069854706371546,0.0893308304328153,16.120679020689426,False,0.07377898919051389,0.34940500102609884,0.31463547328636615,-0.0043442458695006035
311,11.5,4.13402190711586,0.1667031919825342,32.23790146193306,False,0.13809903744340785,0.6675767440938005,0.31434080920335905,-0.004365556545556163
311,12.0,4.462038749213262,0.20846138641575065,31.686089562242948,False,0.1335781308969429,0.8382553616411885,0.31403504115352,-0.004387802101611294
311,12.5,4.260758548918586,0.2299678357744719,31.037806307228117,False,0.1136834112084543,0.5901037769902475,0.31372489139660176,-0.004410504557728714
311,13.0,3.9733613198249715,0.21044188787914628,31.10739541116309,False,0.10726721685873492,0.45065123581282096,0.313426813615961,-0.004432455371269539
311,13.5,3.679158861398097,0.2019260128178491,30.942962318724817,False,0.09662833941530638,0.32931751269907183,0.3139132008834076,-0.0043967039672400355
311.0,14.0,0.0,0.0,0.0,0.0,0.0,0.0,0.31362403322,-0.00441791734884
311,14.5,2.2985690890918744,0.0664316928207658,16.62511824821098,False,0.09751466705571395,0.11632586241746289,0.3133582384940299,-0.0044375237298735016
311,15.0,3.1013615654448228,0.09319022125716091,33.22865711145502,False,0.13081954439902074,0.43560466715678936,0.31308854402897623,-0.00445752383352382
311,15.5,2.5901525897186124,0.09126986665123403,16.321070140756852,False,0.09455148660825034,0.2896532470028804,0.31280858963206953,-0.004478398511347745
311.0,16.0,0.0,0.0,0.0,0.0,0.0,0.0,0.312536967069,-0.00449876334837
311.0,16.5,0.0,0.0,0.0,0.0,0.0,0.0,0.312282382008,-0.00451795104989
311.0,17.0,0.0,0.0,0.0,0.0,0.0,0.0,0.312030252243,-0.00453704987715
311.0,17.5,0.0,0.0,0.0,0.0,0.0,0.0,0.311780462981,-0.00455606634672
311.0,18.0,0.0,0.0,0.0,0.0,0.0,0.0,0.311532909826,-0.00457500634986
311.0,18.5,0.0,0.0,0.0,0.0,0.0,0.0,0.311287497851,-0.0045938752035
311.0,19.0,0.0,0.0,0.0,0.0,0.0,0.0,0.311044140736,-0.00461267769774
311.0,19.5,0.0,0.0,0.0,0.0,0.0,0.0,0.310802759995,-0.00463141813992
311.0,20.0,0.0,0.0,0.0,0.0,0.0,0.0,0.310563284254,-0.0046501003954
311.0,20.5,0.0,0.0,0.0,0.0,0.0,0.0,0.310325648598,-0.00466872792518
311.0,21.0,0.0,0.0,0.0,0.0,0.0,0.0,0.310089793975,-0.0046873038206
311.0,21.5,0.0,0.0,0.0,0.0,0.0,0.0,0.309855666653,-0.0047058308353
311.0,22.0,0.0,0.0,0.0,0.0,0.0,0.0,0.309623217721,-0.00472431141466
311.0,22.5,0.0,0.0,0.0,0.0,0.0,0.0,0.30939240264,-0.00474274772288
311.0,23.0,0.0,0.0,0.0,0.0,0.0,0.0,0.30916318083,-0.00476114166784
311.0,23.5,0.0,0.0,0.0,0.0,0.0,0.0,0.308935515294,-0.0047794949241
311.0,24.0,0.0,0.0,0.0,0.0,0.0,0.0,0.308709372276,-0.00479780895388
312.0,0.5,0.0,0.0,0.0,0.0,0.0,0.0,0.308484720951,-0.00481608502651
312.0,1.0,0.0,0.0,0.0,0.0,0.0,0.0,0.308261533137,-0.00483432423623
312.0,1.5,0.0,0.0,0.0,0.0,0.0,0.0,0.308039783043,-0.00485252751853
312.0,2.0,0.0,0.0,0.0,0.0,0.0,0.0,0.307819447029,-0.00487069566527
312.0,2.5,0.0,0.0,0.0,0.0,0.0,0.0,0.307600503391,-0.00488882933846
312.0,3.0,0.0,0.0,0.0,0.0,0.0,0.0,0.307382932171,-0.00490692908298
312.0,3.5,0.0,0.0,0.0,0.0,0.0,0.0,0.307166714976,-0.00492499533828
312.0,4.0,0.0,0.0,0.0,0.0,0.0,0.0,0.306951834816,-0.00494302844905
312.0,4.5,0.0,0.0,0.0,0.0,0.0,0.0,0.306738275962,-0.00496102867507
312.0,5.0,0.0,0.0,0.0,0.0,0.0,0.0,0.30652602381,-0.00497899620021
312.0,5.5,0.0,0.0,0.0,0.0,0.0,0.0,0.306315064759,-0.00499693114071
312.0,6.0,0.0,0.0,0.0,0.0,0.0,0.0,0.306105386106,-0.00501483355274
312.0,6.5,0.0,0.0,0.0,0.0,0.0,0.0,0.305896975942,-0.00503270343932
312.0,7.0,0.0,0.0,0.0,0.0,0.0,0.0,0.305689823066,-0.00505054075666
312.0,7.5,0.0,0.0,0.0,0.0,0.0,0.0,0.305483916903,-0.00506834541994
312.0,8.0,0.0,0.0,0.0,0.0,0.0,0.0,0.30527924743,-0.00508611730862
312,8.5,2.138737503017708,0.06241725423190541,33.30124574247618,True,0.09198526358503789,0.36205982672728737,0.3050758051091839,-0.005103856271244117
312,9.0,2.494426007318875,0.08810063112358756,32.70748844052821,True,0.09244329215641985,0.5450340183707456,0.3056345261048782,-0.005055314944006496
312,9.5,2.6098464604542233,0.09964253942849013,32.433658190583834,True,0.09092070443411299,0.60888516435577,0.3054028069734587,-0.00507537950409717
312,10.0,2.6948424350831868,0.10414330243023406,32.398991016403194,True,0.09317438767357134,0.678939048808078,0.30516957583299004,-0.0050956708781225565
312,10.5,2.911861312469237,0.12224996249817716,32.076076142518204,True,0.0940752994056321,0.6284899504206196,0.3049348506263551,-0.005116189902277419
312,11.0,3.006577048980109,0.12895487842172987,31.98195292028491,True,0.09531337716599729,0.5687822419385973,0.3047026747534185,-0.005136582990948855
312,11.5,3.070356387607161,0.14123342842279807,31.699343159237074,False,0.09214575870369929,0.5365686935598956,0.3052508688390753,-0.005088587339383097
312,12.0,3.058774572427331,0.13555218292053164,31.85161512485565,False,0.09451325424387466,0.5332842155849488,0.3050173898334114,-0.0051089633517433265
312,12.5,1.7517862382953011,0.07724813708708707,15.94907883112229,True,0.05462234362261926,0.33923461217630835,0.3047856882913814,-0.005129280420711757
312,13.0,1.692885977753692,0.07928824234372099,15.813888561686834,False,0.05012910354323847,0.17772576947521437,0.30456498311513824,-0.0051487228399332554
312,13.5,1.584696098770356,0.0774068695407974,15.731930837439073,False,0.0455360449597556,0.18066851119558086,0.30435173231969587,-0.005167592049732824
312,14.0,1.4071375871683551,0.06759568536710288,15.768208900551894,True,0.04097088378128959,0.18208438068806007,0.30413982739281836,-0.005186423843437308
312.0,14.5,0.0,0.0,0.0,0.0,0.0,0.135886141601,0.303929611371,-0.00520518639316
312.0,15.0,0.0,0.0,0.0,0.0,0.0,0.0,0.304502211649,-0.00515426855036
312.0,15.5,0.0,0.0,0.0,0.0,0.0,0.0,0.30507456146,-0.00510396493655
312.0,16.0,0.0,0.0,0.0,0.0,0.0,0.0,0.307194453439,-0.00492267319573
312.0,16.5,0.0,0.0,0.0,0.0,0.0,0.0,0.308517074596,-0.00481344785227
312.0,17.0,0.0,0.0,0.0,0.0,0.0,0.0,0.31137625103,-0.00458704060363
312.0,17.5,0.0,0.0,0.0,0.0,0.0,0.0,0.313427404811,-0.00443241170629
312.0,18.0,0.0,0.0,0.0,0.0,0.0,0.0,0.316226455207,-0.00423130128852
312.0,18.5,0.0,0.0,0.0,0.0,0.0,0.0,0.318986778081,-0.00404353198229
312.0,19.0,0.0,0.0,0.0,0.0,0.0,0.0,0.321310874891,-0.00389309487268
312.0,19.5,0.0,0.0,0.0,0.0,0.0,0.0,0.324995505446,-0.00366802626944
312.0,20.0,0.0,0.0,0.0,0.0,0.0,0.0,0.328479172538,-0.00346935479942
312.0,20.5,0.0,0.0,0.0,0.0,0.0,0.0,0.330606602039,-0.003354330545
312.0,21.0,0.0,0.0,0.0,0.0,0.0,0.0,0.332588198735,-0.00325125670483
312.0,21.5,0.0,0.0,0.0,0.0,0.0,0.0,0.333291363226,-0.00321559135507
312.0,22.0,0.0,0.0,0.0,0.0,0.0,0.0,0.334512069265,-0.00315477630615
312.0,22.5,0.0,0.0,0.0,0.0,0.0,0.0,0.336769680419,-0.00304587442666
312.0,23.0,0.0,0.0,0.0,0.0,0.0,0.0,0.338832864317,-0.00295024787435
312.0,23.5,0.0,0.0,0.0,0.0,0.0,0.0,0.339575234334,-0.00291671774617
312.0,24.0,0.0,0.0,0.0,0.0,0.0,0.0,0.341085526304,-0.00284989427518
313.0,0.5,0.0,0.0,0.0,0.0,0.0,0.0,0.340283847464,-0.00288513501461
313.0,1.0,0.0,0.0,0.0,0.0,0.0,0.0,0.339515370095,-0.00291940470451
313.0,1.5,0.0,0.0,0.0,0.0,0.0,0.0,0.338774960964,-0.00295288241235
313.0,2.0,0.0,0.0,0.0,0.0,0.0,0.0,0.33805848627,-0.00298571426868
313.0,2.5,0.0,0.0,0.0,0.0,0.0,0.0,0.337362568392,-0.00301802135158
313.0,3.0,0.0,0.0,0.0,0.0,0.0,0.0,0.336684427323,-0.00304990464094
313.0,3.5,0.0,0.0,0.0,0.0,0.0,0.0,0.336021753399,-0.00308144916478
313.0,4.0,0.0,0.0,0.0,0.0,0.0,0.0,0.335372612041,-0.00311272712475
313.0,4.5,0.0,0.0,0.0,0.0,0.0,0.0,0.334735371553,-0.00314380027651
313.0,5.0,0.0,0.0,0.0,0.0,0.0,0.0,0.334108647638,-0.00317472176636
313.0,5.5,0.0,0.0,0.0,0.0,0.0,0.0,0.333491260169,-0.00320553756637
313.0,6.0,0.0,0.0,0.0,0.0,0.0,0.0,0.332882289876,-0.00323628300047
313.0,6.5,0.0,0.0,0.0,0.0,0.0,0.0,0.332281088336,-0.00326698148168
313.0,7.0,0.0,0.0,0.0,0.0,0.0,0.0,0.331687211498,-0.00329764718933
313.0,7.5,0.0,0.0,0.0,0.0,0.0,0.0,0.33110036797,-0.00332828720149
313.0,8.0,0.0,0.0,0.0,0.0,0.0,0.0,0.330520378698,-0.00335890320068
313.0,8.5,0.0,0.0,0.0,0.0,0.0,0.240666529625,0.32994714554,-0.00338949284013
313,9.0,3.198493434570835,0.16879290653288406,31.188537367781656,False,0.0875540548539963,0.5544014146585985,0.33013767366610636,-0.0033792889359296296
313,9.5,3.5782339846103013,0.20595054856711562,30.82005971209583,False,0.09210871174085783,0.7481199631949944,0.32953364844525107,-0.0034117646164677122
313,10.0,3.6106594021201737,0.20903184282401716,30.777264025395652,False,0.09230418648585093,0.6297795000703689,0.32892843648530085,-0.003444677745408697
313,10.5,3.850256802930189,0.2307612395199866,30.63829461856821,False,0.09627918285833521,0.8582690884809888,0.328335128845866,-0.0034773113479137567
313,11.0,4.305988754432044,0.29877105606813154,30.039615867653595,False,0.09841378474740736,1.6544460202294835,0.32773982551084985,-0.0035104256113513295
313,11.5,4.52692374476799,0.3367301577289259,29.638040607944838,False,0.09781962924489063,1.3657107757712743,0.3271192038617852,-0.003545349067302019
313,12.0,4.608609867758284,0.3574330431002853,29.457028560711265,False,0.09719495721441018,1.7670550140346464,0.326515556335023,-0.003579715199278079
313,12.5,4.59296041459206,0.35664719583269894,29.389345270290598,False,0.09600347063230619,1.005807489824929,0.3259033273880245,-0.0036149760654086735
313,13.0,4.785780709674524,0.38587263768986924,29.25868987619608,False,0.0983455198421321,1.8816831250718113,0.32532742680480525,-0.003648522962056942
313,13.5,4.576043952030276,0.3853527667530487,28.99741921891074,False,0.0909654287470088,1.352785482703994,0.32472455505290215,-0.003684039134205453
313,14.0,4.688935871976731,0.39740072918843633,28.966855633916822,False,0.09285493110716639,1.4428559155194887,0.32414911325892976,-0.0037183242393372035
313,14.5,3.8189933001725835,0.3070631997640433,29.187779030499097,False,0.07776615478575002,0.5987507533000423,0.32357708830262205,-0.00375278321422029
313,15.0,4.280724554042318,0.36633055807574166,28.865519012172157,False,0.08371507686639144,0.8765208965990402,0.32304776352570264,-0.00378500935429539
313,15.5,2.4239114709230365,0.19386696065474823,14.581421756336722,False,0.04920106306931165,0.21869058193112811,0.32251282456558167,-0.003817912845524947
313.0,16.0,0.0,0.0,0.0,0.0,0.0,0.0,0.32201650249,-0.00384874626084
313.0,16.5,0.0,0.0,0.0,0.0,0.0,0.0,0.321542868197,-0.00387844726116
313.0,17.0,0.0,0.0,0.0,0.0,0.0,0.0,0.321076182751,-0.00390797999907
313.0,17.5,0.0,0.0,0.0,0.0,0.0,0.0,0.320616357986,-0.00393734100682
313.0,18.0,0.0,0.0,0.0,0.0,0.0,0.0,0.320163300596,-0.00396652731225
313.0,18.5,0.0,0.0,0.0,0.0,0.0,0.0,0.319716912792,-0.00399553641282
313.0,19.0,0.0,0.0,0.0,0.0,0.0,0.0,0.319277092956,-0.00402436624731
313.0,19.5,0.0,0.0,0.0,0.0,0.0,0.0,0.318843736277,-0.0040530151661
313.0,20.0,0.0,0.0,0.0,0.0,0.0,0.0,0.318416735355,-0.00408148190103
313.0,20.5,0.0,0.0,0.0,0.0,0.0,0.0,0.31799598077,-0.00410976553561
313.0,21.0,0.0,0.0,0.0,0.0,0.0,0.0,0.317581361604,-0.00413786547588
313.0,21.5,0.0,0.0,0.0,0.0,0.0,0.0,0.317172765927,-0.00416578142242
313.0,22.0,0.0,0.0,0.0,0.0,0.0,0.0,0.316770081224,-0.00419351334358
313.0,22.5,0.0,0.0,0.0,0.0,0.0,0.0,0.316373194795,-0.00422106145029
313.0,23.0,0.0,0.0,0.0,0.0,0.0,0.0,0.315981994098,-0.00424842617234
313.0,23.5,0.0,0.0,0.0,0.0,0.0,0.0,0.31559636706,-0.00427560813623
313.0,24.0,0.0,0.0,0.0,0.0,0.0,0.0,0.31521620235,-0.0043026081446
314.0,0.5,0.0,0.0,0.0,0.0,0.0,0.0,0.314841389608,-0.00432942715722
314.0,1.0,0.0,0.0,0.0,0.0,0.0,0.0,0.314471819659,-0.00435606627345
314.0,1.5,0.0,0.0,0.0,0.0,0.0,0.0,0.314107384681,-0.00438252671604
314.0,2.0,0.0,0.0,0.0,0.0,0.0,0.0,0.313747978355,-0.00440880981642
314.0,2.5,0.0,0.0,0.0,0.0,0.0,0.0,0.31339349599,-0.00443491700111
314.0,3.0,0.0,0.0,0.0,0.0,0.0,0.0,0.313043834626,-0.00446084977942
314.0,3.5,0.0,0.0,0.0,0.0,0.0,0.0,0.312698893115,-0.00448660973216
314.0,4.0,0.0,0.0,0.0,0.0,0.0,0.0,0.312358572193,-0.00451219850146
314.0,4.5,0.0,0.0,0.0,0.0,0.0,0.0,0.312022774524,-0.0045376177815
314.0,5.0,0.0,0.0,0.0,0.0,0.0,0.0,0.311691404744,-0.00456286931007
314.0,5.5,0.0,0.0,0.0,0.0,0.0,0.0,0.311364369483,-0.00458795486101
314.0,6.0,0.0,0.0,0.0,0.0,0.0,0.0,0.311041577385,-0.00461287623735
314.0,6.5,0.0,0.0,0.0,0.0,0.0,0.0,0.310722939107,-0.0046376352651
314.0,7.0,0.0,0.0,0.0,0.0,0.0,0.0,0.310408367328,-0.00466223378772
314.0,7.5,0.0,0.0,0.0,0.0,0.0,0.0,0.31009777673,-0.00468667366109
314.0,8.0,0.0,0.0,0.0,0.0,0.0,0.00316077040378,0.309791083995,-0.00471095674906
314,8.5,0.1943066961650993,0.00485016712764342,16.89017318019787,True,0.009600521155711273,0.28884577029568376,0.3094880878250814,-0.004735094504246466
314.0,9.0,0.0,0.0,0.0,0.0,0.0,0.282441045239,0.309177802985,-0.00475996577529
314,9.5,0.4339572658604691,0.010843795245842024,16.890173038034447,True,0.021441442800448258,0.378841286569562,0.3088716049254314,-0.004784662202978363
314,10.0,1.2200281150491548,0.032688735744809606,33.69366889613826,True,0.0587002212721177,0.801794757762789,0.3085649210475949,-0.004809550998586156
314,10.5,0.9045266024377275,0.02661515321752001,16.66046335257536,True,0.03911102089930043,0.5153349316064727,0.30824486747537044,-0.004835689475860302
314,11.0,1.8118740570494642,0.05753718508563242,33.13931845615839,True,0.07465867431792449,0.7978255853680704,0.3079393540415002,-0.004860798514981943
314,11.5,2.141990929728378,0.07741544134269517,32.68952892053767,True,0.0790513224783482,0.8612182266089359,0.30762531504847684,-0.004886770314253871
314,12.0,2.432428962241298,0.10019649188989556,32.21380599971951,True,0.08084741087051657,0.9332149528196956,0.30731141605523077,-0.004912895934391825
314,12.5,2.6890323800130473,0.1266824657157162,31.635014059305774,True,0.0797340258115522,0.6504588479543162,0.30699715379277426,-0.00493921866532425
314,13.0,1.4705360244150643,0.07639298010489161,15.600045307802448,False,0.040333945673832694,0.424787627860031,0.30669578561732375,-0.004964619366203998
314,13.5,2.8343683120358136,0.1593006509634894,30.875115545750415,False,0.07361640944037778,0.5196789441843505,0.3064079955427255,-0.004989021047615248
314.0,14.0,0.0,0.0,0.0,0.0,0.0,0.300550342057,0.306116501782,-0.00501388257748
314.0,14.5,0.0,0.0,0.0,0.0,0.0,0.182187882449,0.305842353113,-0.00503739955181
314.0,15.0,0.0,0.0,0.0,0.0,0.0,0.0259646155162,0.30557562149,-0.00506040652224
314.0,15.5,0.0,0.0,0.0,0.0,0.0,0.0,0.305317686697,-0.00508277388895
314.0,16.0,0.0,0.0,0.0,0.0,0.0,0.0,0.306614186033,-0.00497152371171
314.0,16.5,0.0,0.0,0.0,0.0,0.0,0.0,0.309444699384,-0.00473856303099
314.0,17.0,0.0,0.0,0.0,0.0,0.0,0.0,0.313011479825,-0.00446325850688
314.0,17.5,0.0,0.0,0.0,0.0,0.0,0.0,0.31652565103,-0.00421045394808
314.0,18.0,0.0,0.0,0.0,0.0,0.0,0.0,0.316901442582,-0.00418444269839
314.0,18.5,0.0,0.0,0.0,0.0,0.0,0.0,0.317274437717,-0.00415881411691
314.0,19.0,0.0,0.0,0.0,0.0,0.0,0.0,0.317644671786,-0.00413355998749
314.0,19.5,0.0,0.0,0.0,0.0,0.0,0.0,0.318012173046,-0.00410867275914
314.0,20.0,0.0,0.0,0.0,0.0,0.0,0.0,0.317606091406,-0.00413618305907
314.0,20.5,0.0,0.0,0.0,0.0,0.0,0.0,0.317980764387,-0.00411079276708
314.0,21.0,0.0,0.0,0.0,0.0,0.0,0.0,0.317581270977,-0.00413787164297
314.0,21.5,0.0,0.0,0.0,0.0,0.0,0.0,0.317190847758,-0.00416454130498
314.0,22.0,0.0,0.0,0.0,0.0,0.0,0.0,0.317580499332,-0.00413792415267
314.0,22.5,0.0,0.0,0.0,0.0,0.0,0.0,0.317966387595,-0.00411176360036
314.0,23.0,0.0,0.0,0.0,0.0,0.0,0.0,0.317577180496,-0.00413815000548
314.0,23.5,0.0,0.0,0.0,0.0,0.0,0.0,0.317196196762,-0.00416417453531
314.0,24.0,0.0,0.0,0.0,0.0,0.0,0.0,0.316822924513,-0.00418986164298
315.0,0.5,0.0,0.0,0.0,0.0,0.0,0.0,0.317228962353,-0.00416192870868
315.0,1.0,0.0,0.0,0.0,0.0,0.0,0.0,0.319944097632,-0.00398074103478
315.0,1.5,0.0,0.0,0.0,0.0,0.0,0.0,0.320304189101,-0.00395742363416
315.0,2.0,0.0,0.0,0.0,0.0,0.0,0.0,0.319890238653,-0.00398424268102
315.0,2.5,0.0,0.0,0.0,0.0,0.0,0.0,0.31948542263,-0.00401067961841
315.0,3.0,0.0,0.0,0.0,0.0,0.0,0.0,0.319089106501,-0.00403676417561
315.0,3.5,0.0,0.0,0.0,0.0,0.0,0.0,0.318700720159,-0.00406252315093
315.0,4.0,0.0,0.0,0.0,0.0,0.0,0.0,0.318319749652,-0.00408798077647
315.0,4.5,0.0,0.0,0.0,0.0,0.0,0.0,0.317945731786,-0.00411315892012
315.0,5.0,0.0,0.0,0.0,0.0,0.0,0.0,0.317578249737,-0.00413807724004
315.0,5.5,0.0,0.0,0.0,0.0,0.0,0.0,0.317216928329,-0.00416275337981
315.0,6.0,0.0,0.0,0.0,0.0,0.0,0.0,0.316861429518,-0.00418720316612
315.0,6.5,0.0,0.0,0.0,0.0,0.0,0.0,0.316511448272,-0.00421144079585
315.0,7.0,0.0,0.0,0.0,0.0,0.0,0.0,0.316166708862,-0.00423547900783
315.0,7.5,0.0,0.0,0.0,0.0,0.0,0.0,0.315826961572,-0.0042593292383
315.0,8.0,0.0,0.0,0.0,0.0,0.0,0.0,0.31549197978,-0.00428300176049
315,8.5,1.0452409903456399,0.026282589280586695,16.890172968461137,True,0.05164442831194793,0.124014002458246,0.31516155738926305,-0.004306505809389499
315,9.0,1.3069910716342847,0.0340870919099377,16.83411579479845,False,0.06240423581203555,0.4061984783381682,0.3148298028062128,-0.0043302593975487165
315,9.5,3.0938535785527472,0.09285132993569363,33.365728873291346,False,0.13542495115937161,0.8793014965109928,0.3144912431168306,-0.004354661350017345
315,10.0,3.6142653567549567,0.1365660468594988,32.659826263456424,False,0.13247355012230216,1.2806411611771873,0.3149100519886456,-0.004324499282413302
315,10.5,4.061089172020589,0.18124589658024373,32.00121360933498,False,0.1292391821540362,1.3224052263508586,0.31453238902532205,-0.0043516869967874195
315,11.0,4.2410157571444005,0.20780987240967835,31.648077644212858,False,0.1260597192431491,1.5181655322056862,0.3141555866642118,-0.0043790159585934876
315,11.5,4.165519677008713,0.20698671261682305,31.473544338435623,False,0.11990540310960424,1.0288739085122462,0.31377433928879556,-0.004406875691502121
315,12.0,2.223172848147505,0.11323652140552513,15.653521747544854,False,0.06212288527132157,0.5774684855562461,0.31341554676407757,-0.004433287625881431
315,12.5,2.435982213498565,0.13339523323774552,15.5115298724125,False,0.06483528930610939,0.7927747866356244,0.31308117138882013,-0.004458072082943328
315,13.0,2.0172489732787935,0.10654342200922587,15.571339385916557,False,0.05478689823155719,0.5081204643351305,0.3127414717826356,-0.004483420421159547
315,13.5,2.146861274570706,0.1169922046155822,15.519518890891883,False,0.05729330381188372,0.6428242934224732,0.31241709727137096,-0.004507785638261761
315,14.0,4.088106967547017,0.2991963161677128,29.70278575432596,False,0.08912127760991055,1.1532475786672864,0.3120906172567504,-0.004532468483429781
315,14.5,3.634565576048784,0.2529408729312275,29.91900884362372,False,0.0816534813579467,0.6954208004510786,0.3117411616739247,-0.004559066996494105
315,15.0,3.325570108704423,0.2438719372743925,29.63977738887069,False,0.07187724177951081,0.5229749434861485,0.31141405845776576,-0.004584132854062475
315.0,15.5,0.0,0.0,0.0,0.0,0.0,0.121106983036,0.311096984722,-0.0046085870324
315.0,16.0,0.0,0.0,0.0,0.0,0.0,0.0,0.310807481442,-0.00463105070491
315.0,16.5,0.0,0.0,0.0,0.0,0.0,0.0,0.310525567107,-0.00465305100674
315.0,17.0,0.0,0.0,0.0,0.0,0.0,0.0,0.310246578173,-0.00467494571683
315.0,17.5,0.0,0.0,0.0,0.0,0.0,0.0,0.30997045087,-0.00469673682446
315.0,18.0,0.0,0.0,0.0,0.0,0.0,0.0,0.309697124833,-0.00471842615566
315.0,18.5,0.0,0.0,0.0,0.0,0.0,0.0,0.309426542779,-0.00474001539132
315.0,19.0,0.0,0.0,0.0,0.0,0.0,0.0,0.309158650219,-0.00476150608329
315.0,19.5,0.0,0.0,0.0,0.0,0.0,0.0,0.308893395204,-0.00478289966865
315.0,20.0,0.0,0.0,0.0,0.0,0.0,0.0,0.308630728099,-0.00480419748245
315.0,20.5,0.0,0.0,0.0,0.0,0.0,0.0,0.30837060138,-0.00482540076902
315.0,21.0,0.0,0.0,0.0,0.0,0.0,0.0,0.308112969453,-0.00484651069201
315.0,21.5,0.0,0.0,0.0,0.0,0.0,0.0,0.307857788496,-0.00486752834339
315.0,22.0,0.0,0.0,0.0,0.0,0.0,0.0,0.307605016315,-0.00488845475135
315.0,22.5,0.0,0.0,0.0,0.0,0.0,0.0,0.307354612215,-0.00490929088746
315.0,23.0,0.0,0.0,0.0,0.0,0.0,0.0,0.307106536886,-0.00493003767292
315.0,23.5,0.0,0.0,0.0,0.0,0.0,0.0,0.306860752301,-0.00495069598418
315.0,24.0,0.0,0.0,0.0,0.0,0.0,0.0,0.306617221624,-0.00497126665794
316.0,0.5,0.0,0.0,0.0,0.0,0.0,0.0,0.306375909125,-0.00499175049554
316.0,1.0,0.0,0.0,0.0,0.0,0.0,0.0,0.306136780109,-0.00501214826694
316.0,1.5,0.0,0.0,0.0,0.0,0.0,0.0,0.305899800849,-0.0050324607142
316.0,2.0,0.0,0.0,0.0,0.0,0.0,0.0,0.305664938522,-0.00505268855453
316.0,2.5,0.0,0.0,0.0,0.0,0.0,0.0,0.305432161161,-0.00507283248311
316.0,3.0,0.0,0.0,0.0,0.0,0.0,0.0,0.3052014376,-0.00509289317549
316.0,3.5,0.0,0.0,0.0,0.0,0.0,0.0,0.304972737433,-0.00511287128973
316.0,4.0,0.0,0.0,0.0,0.0,0.0,0.0,0.304746030973,-0.00513276746834
316.0,4.5,0.0,0.0,0.0,0.0,0.0,0.0,0.304521289217,-0.00515258233992
316.0,5.0,0.0,0.0,0.0,0.0,0.0,0.0,0.304298483809,-0.00517231652069
316.0,5.5,0.0,0.0,0.0,0.0,0.0,0.0,0.304077587013,-0.00519197061577
316.0,6.0,0.0,0.0,0.0,0.0,0.0,0.0,0.303858571687,-0.00521154522033
316.0,6.5,0.0,0.0,0.0,0.0,0.0,0.0,0.303641411252,-0.00523104092063
316.0,7.0,0.0,0.0,0.0,0.0,0.0,0.0,0.303426079673,-0.00525045829486
316.0,7.5,0.0,0.0,0.0,0.0,0.0,0.0,0.30321255144,-0.00526979791394
316.0,8.0,0.0,0.0,0.0,0.0,0.0,0.0,0.303000801541,-0.00528906034222
316.0,8.5,0.0,0.0,0.0,0.0,0.0,0.0,0.302790805453,-0.00530824613801
316,9.0,1.567455321660681,0.06885936020635662,15.942064414888018,False,0.04874070680592057,0.1413929952170674,0.302582539116183,-0.00532735585414412
316,9.5,1.6385346856328866,0.07441779986752826,15.872690056107142,False,0.04960558613241635,0.40714992496441116,0.3023679998607673,-0.005347126920313391
316,10.0,1.9857799746488356,0.09489804747201129,15.780938889685503,False,0.058089604071785615,0.6162230951684453,0.3021448471809588,-0.005367784596649754
316,10.5,2.192856579290205,0.11064521884030092,15.67348005275476,False,0.06170842077306801,0.731614060582247,0.301914643198087,-0.005389194747630067
316,11.0,2.403404852977582,0.12936092017727205,15.548062177802617,False,0.06475987288560746,0.9330234317969777,0.3016811004371709,-0.005411019477053609
316,11.5,2.4155963756024676,0.13299030588107613,15.502963843715182,False,0.06410894741385421,0.9956071730382466,0.30144081992102506,-0.005433583853511679
316,12.0,2.4378565957636975,0.13838618249198628,15.442874096541285,False,0.06342801052733604,1.0659842884641564,0.3011996210656549,-0.005456347315992318
316,12.5,2.3190558961912684,0.1375413610324345,15.331394990761893,False,0.05821425854268189,0.8510954613014201,0.30095711992440305,-0.005479348323413757
316,13.0,2.0037658481701115,0.12285830277903274,15.240809554765114,False,0.048901647137132784,0.5616920791154576,0.3007243583851597,-0.005501534276133994
316.0,13.5,0.0,0.0,0.0,0.0,0.0,0.386851515008,0.300504669026,-0.00552257248738
316,14.0,1.6050910592883083,0.10683845382251474,15.050150990047062,False,0.037007166946363954,0.09925709510686623,0.3002977893910455,-0.005542471685063057
316.0,14.5,0.0,0.0,0.0,0.0,0.0,0.187585221505,0.30009926181,-0.00556164789789
316.0,15.0,0.0,0.0,0.0,0.0,0.0,0.0852014351406,0.299902909717,-0.00558069178181
316.0,15.5,0.0,0.0,0.0,0.0,0.0,0.0,0.299711897089,-0.00559929239927
316.0,16.0,0.0,0.0,0.0,0.0,0.0,0.0,0.299525553165,-0.00561750960657
316.0,16.5,0.0,0.0,0.0,0.0,0.0,0.0,0.299340626184,-0.00563565814896
316.0,17.0,0.0,0.0,0.0,0.0,0.0,0.0,0.299157098082,-0.00565373851712
316.0,17.5,0.0,0.0,0.0,0.0,0.0,0.0,0.298974951102,-0.00567175119845
316.0,18.0,0.0,0.0,0.0,0.0,0.0,0.0,0.29879416778,-0.00568969667709
316.0,18.5,0.0,0.0,0.0,0.0,0.0,0.0,0.298614730942,-0.00570757543405
316.0,19.0,0.0,0.0,0.0,0.0,0.0,0.0,0.298436623696,-0.00572538794724
316.0,19.5,0.0,0.0,0.0,0.0,0.0,0.0,0.298259829429,-0.00574313469151
316.0,20.0,0.0,0.0,0.0,0.0,0.0,0.0,0.298862224954,-0.00568293304428
316.0,20.5,0.0,0.0,0.0,0.0,0.0,0.0,0.29868215318,-0.00570084976658
316.0,21.0,0.0,0.0,0.0,0.0,0.0,0.0,0.298503478448,-0.0057186940466
316.0,21.5,0.0,0.0,0.0,0.0,0.0,0.0,0.298326180399,-0.0057364666576
316.0,22.0,0.0,0.0,0.0,0.0,0.0,0.0,0.298150239147,-0.00575416835555
316.0,22.5,0.0,0.0,0.0,0.0,0.0,0.0,0.297975635257,-0.00577179987988
316.0,23.0,0.0,0.0,0.0,0.0,0.0,0.0,0.297802349735,-0.00578936195421
316.0,23.5,0.0,0.0,0.0,0.0,0.0,0.0,0.297630364012,-0.00580685528701
316.0,24.0,0.0,0.0,0.0,0.0,0.0,0.0,0.297459659923,-0.00582428057225
317.0,0.5,0.0,0.0,0.0,0.0,0.0,0.0,0.297290219701,-0.00584163848996
317.0,1.0,0.0,0.0,0.0,0.0,0.0,0.0,0.297122025959,-0.00585892970682
317.0,1.5,0.0,0.0,0.0,0.0,0.0,0.0,0.296955061681,-0.00587615487666
317.0,2.0,0.0,0.0,0.0,0.0,0.0,0.0,0.296789310204,-0.00589331464095
317.0,2.5,0.0,0.0,0.0,0.0,0.0,0.0,0.296624755215,-0.00591040962925
317.0,3.0,0.0,0.0,0.0,0.0,0.0,0.0,0.296461380733,-0.00592744045969
317.0,3.5,0.0,0.0,0.0,0.0,0.0,0.0,0.296299171103,-0.00594440773931
317.0,4.0,0.0,0.0,0.0,0.0,0.0,0.0,0.296138110983,-0.00596131206451
317.0,4.5,0.0,0.0,0.0,0.0,0.0,0.0,0.295978185339,-0.00597815402136
317.0,5.0,0.0,0.0,0.0,0.0,0.0,0.0,0.29581937943,-0.00599493418599
317.0,5.5,0.0,0.0,0.0,0.0,0.0,0.0,0.295661678806,-0.00601165312488
317.0,6.0,0.0,0.0,0.0,0.0,0.0,0.0,0.295505069294,-0.00602831139517
317.0,6.5,0.0,0.0,0.0,0.0,0.0,0.0,0.295349536994,-0.006044909545
317.0,7.0,0.0,0.0,0.0,0.0,0.0,0.0,0.295195068269,-0.00606144811371
317.0,7.5,0.0,0.0,0.0,0.0,0.0,0.0,0.296598668292,-0.00591312512242
317.0,8.0,0.0,0.0,0.0,0.0,0.0,0.0,0.297992169731,-0.00577012746992
317.0,8.5,0.0,0.0,0.0,0.0,0.0,0.0,0.297819409488,-0.00578763016614
317.0,9.0,0.0,0.0,0.0,0.0,0.0,0.0,0.298426153921,-0.0057264370895
317.0,9.5,0.0,0.0,0.0,0.0,0.0,0.0,0.300583707405,-0.00551499247825
317.0,10.0,0.0,0.0,0.0,0.0,0.0,0.0,0.302723155147,-0.00531444449969
317.0,10.5,0.0,0.0,0.0,0.0,0.0,0.0,0.304843352073,-0.00512421510857
317.0,11.0,0.0,0.0,0.0,0.0,0.0,0.0853743127213,0.306943164792,-0.00494375770196
317.0,11.5,0.0,0.0,0.0,0.0,0.0,0.08754347243,0.309793104526,-0.0047107962791
317,12.0,1.765056372363935,0.05786452876837326,16.485372309251844,False,0.06968672279075773,0.15805542549108767,0.31183610485749996,-0.004551822119515375
317.0,12.5,0.0,0.0,0.0,0.0,0.0,0.067471434575,0.31307679028,-0.00445839791209
317,13.0,1.993172229532856,0.07637962703906878,16.242719687212126,False,0.07023370736854277,0.3639407524795497,0.3127623279865747,-0.0044818591944456
317,13.5,1.803975446402924,0.07281906354248291,16.135443187418588,False,0.060683011789181764,0.2212568890203497,0.31244027766933835,-0.004506039229407437
317,14.0,1.7421600568005575,0.07685125510867888,15.977425692629673,False,0.05493262360454504,0.5428599370520748,0.31212994950367806,-0.004529486334098555
317.0,14.5,0.0,0.0,0.0,0.0,0.0,0.21107673652,0.311813079949,-0.00455357783199
317.0,15.0,0.0,0.0,0.0,0.0,0.0,0.10860080805,0.311517208638,-0.00457621079003
317.0,15.5,0.0,0.0,0.0,0.0,0.0,0.0,0.311230417595,-0.00459827718349
317.0,16.0,0.0,0.0,0.0,0.0,0.0,0.0,0.310952663752,-0.00461976918368
317.0,16.5,0.0,0.0,0.0,0.0,0.0,0.0,0.310679571511,-0.00464101726875
317.0,17.0,0.0,0.0,0.0,0.0,0.0,0.0,0.31118590824,-0.00460171319419
317.0,17.5,0.0,0.0,0.0,0.0,0.0,0.0,0.310912934377,-0.00462285313292
317.0,18.0,0.0,0.0,0.0,0.0,0.0,0.0,0.310644304425,-0.00464376972414
317.0,18.5,0.0,0.0,0.0,0.0,0.0,0.0,0.310379804574,-0.00466447499426
317.0,19.0,0.0,0.0,0.0,0.0,0.0,0.0,0.310119236289,-0.00468498014168
317.0,19.5,0.0,0.0,0.0,0.0,0.0,0.0,0.309862414906,-0.0047052956112
317.0,20.0,0.0,0.0,0.0,0.0,0.0,0.0,0.309609168375,-0.00472543115995
317.0,20.5,0.0,0.0,0.0,0.0,0.0,0.0,0.309359336156,-0.00474539591599
317.0,21.0,0.0,0.0,0.0,0.0,0.0,0.0,0.309112768233,-0.00476519843052
317.0,21.5,0.0,0.0,0.0,0.0,0.0,0.0,0.308869324232,-0.00478484672453
317.0,22.0,0.0,0.0,0.0,0.0,0.0,0.0,0.308628872632,-0.00480434833058
317.0,22.5,0.0,0.0,0.0,0.0,0.0,0.0,0.308391290062,-0.00482371033035
317.0,23.0,0.0,0.0,0.0,0.0,0.0,0.0,0.30815646066,-0.00484293938839
317.0,23.5,0.0,0.0,0.0,0.0,0.0,0.0,0.307924275635,-0.00486204177184
317.0,24.0,0.0,0.0,0.0,0.0,0.0,0.0,0.307694633009,-0.00488102335606
318.0,0.5,0.0,0.0,0.0,0.0,0.0,0.0,0.307467437272,-0.00489988963846
318.0,1.0,0.0,0.0,0.0,0.0,0.0,0.0,0.307242599005,-0.00491864575633
318.0,1.5,0.0,0.0,0.0,0.0,0.0,0.0,0.307020034492,-0.00493729650631
318.0,2.0,0.0,0.0,0.0,0.0,0.0,0.0,0.306799665342,-0.00495584636435
318.0,2.5,0.0,0.0,0.0,0.0,0.0,0.0,0.306581418128,-0.00497429950549
318.0,3.0,0.0,0.0,0.0,0.0,0.0,0.0,0.306365224037,-0.00499265982304
318.0,3.5,0.0,0.0,0.0,0.0,0.0,0.0,0.306151018548,-0.00501093094694
318.0,4.0,0.0,0.0,0.0,0.0,0.0,0.0,0.306715481921,-0.00496295452456
318.0,4.5,0.0,0.0,0.0,0.0,0.0,0.0,0.306498127611,-0.00498136342379
318.0,5.0,0.0,0.0,0.0,0.0,0.0,0.0,0.307059421994,-0.00493398973296
318.0,5.5,0.0,0.0,0.0,0.0,0.0,0.0,0.306838976995,-0.00495253117789
318.0,6.0,0.0,0.0,0.0,0.0,0.0,0.0,0.306620610034,-0.00497097974616
318.0,6.5,0.0,0.0,0.0,0.0,0.0,0.0,0.307180871417,-0.00492381006003
318.0,7.0,0.0,0.0,0.0,0.0,0.0,0.0,0.306959405782,-0.00494239174488
318.0,7.5,0.0,0.0,0.0,0.0,0.0,0.0,0.306740030579,-0.00496088046591
318.0,8.0,0.0,0.0,0.0,0.0,0.0,0.0,0.306522681983,-0.00497927971127
318.0,8.5,0.0,0.0,0.0,0.0,0.0,0.0,0.306307299872,-0.00499759274949
318.0,9.0,0.0,0.0,0.0,0.0,0.0,0.0979263039097,0.306093827602,-0.00501582264095
318,9.5,1.848059869609204,0.15346463015875642,14.551328349881738,False,0.03722641943716265,0.5939690474219167,0.30587849549360213,-0.005034291682921381
318,10.0,1.7119552169314212,0.14165118163611287,14.556315097826435,False,0.034528399017975976,0.45136123747607126,0.30564032074696335,-0.005054814398429227
318,10.5,1.7752125136744108,0.13817406351220707,14.70987629411845,False,0.03725488411188659,0.47414291893681104,0.3054097649419861,-0.005074775633340628
318,11.0,2.1479976145573794,0.17390072797431472,14.616671839839972,False,0.043996279974013904,0.4233624447037693,0.30518019039315725,-0.0050947453023743195
318,11.5,2.1089873171780824,0.17266070586663912,14.585699470043373,False,0.042855449569187486,0.3701680893569252,0.30495285871062383,-0.005114612203314663
318,12.0,1.9039462329156405,0.15289064310687414,14.630934352781477,False,0.03914126284565721,0.573896345921876,0.30472922444877043,-0.005134246109497292
318,12.5,2.046841579541471,0.18425794590898223,14.340346746067498,False,0.03913932698603071,0.7331116278231503,0.3045002028863435,-0.0051544461372474044
318,13.0,2.153370015494927,0.2012833296265312,14.251956201880121,False,0.04031957348062426,0.9769852773269593,0.3042655069494756,-0.005175244971067641
318,13.5,2.1131356912388215,0.20644169915858354,14.157592943598493,True,0.038706429066830285,1.4260991775963852,0.30402243437380344,-0.005196891646385603
318,14.0,3.366544765401776,0.34361558934830844,28.04728288262102,False,0.059819912621553215,1.4640501529462626,0.30376361468973384,-0.005220059368421198
318,14.5,3.2975211412669694,0.3381173378339255,28.009321363262032,False,0.05834603614813218,1.2596268676928195,0.303499611238673,-0.005243817997106627
318,15.0,2.9836271873576563,0.30221966430736147,28.055155670267197,False,0.053062536578042184,0.780867430299695,0.30324500779252095,-0.005266852823077802
318.0,15.5,0.0,0.0,0.0,0.0,0.0,0.197741135634,0.303011341802,-0.00528809953579
318.0,16.0,0.0,0.0,0.0,0.0,0.0,0.0,0.302812655017,-0.00530624604371
318.0,16.5,0.0,0.0,0.0,0.0,0.0,0.0,0.302622828284,-0.00532365268913
318.0,17.0,0.0,0.0,0.0,0.0,0.0,0.0,0.302434333948,-0.00534100451803
318.0,17.5,0.0,0.0,0.0,0.0,0.0,0.0,0.30224714973,-0.00535830246928
318.0,18.0,0.0,0.0,0.0,0.0,0.0,0.0,0.302061254382,-0.00537554741659
318.0,18.5,0.0,0.0,0.0,0.0,0.0,0.0,0.301876627609,-0.00539274017357
318.0,19.0,0.0,0.0,0.0,0.0,0.0,0.0,0.301693250002,-0.00540988149837
318.0,19.5,0.0,0.0,0.0,0.0,0.0,0.0,0.301511102977,-0.00542697209804
318.0,20.0,0.0,0.0,0.0,0.0,0.0,0.0,0.301330168713,-0.00544401263246
318.0,20.5,0.0,0.0,0.0,0.0,0.0,0.0,0.3011504301,-0.00546100371805
318.0,21.0,0.0,0.0,0.0,0.0,0.0,0.0,0.300971870692,-0.00547794593119
318.0,21.5,0.0,0.0,0.0,0.0,0.0,0.0,0.300794474656,-0.00549483981134
318.0,22.0,0.0,0.0,0.0,0.0,0.0,0.0,0.300618226737,-0.00551168586396
318.0,22.5,0.0,0.0,0.0,0.0,0.0,0.0,0.300443112213,-0.00552848456317
318.0,23.0,0.0,0.0,0.0,0.0,0.0,0.0,0.300269116864,-0.0055452363543
318.0,23.5,0.0,0.0,0.0,0.0,0.0,0.0,0.300096226934,-0.00556194165614
318.0,24.0,0.0,0.0,0.0,0.0,0.0,0.0,0.299924429105,-0.00557860086305
319.0,0.5,0.0,0.0,0.0,0.0,0.0,0.0,0.29975371047,-0.005595214347
319.0,1.0,0.0,0.0,0.0,0.0,0.0,0.0,0.2995840585,-0.00561178245931
319.0,1.5,0.0,0.0,0.0,0.0,0.0,0.0,0.299415461027,-0.00562830553238
319.0,2.0,0.0,0.0,0.0,0.0,0.0,0.0,0.299247906218,-0.00564478388121
319.0,2.5,0.0,0.0,0.0,0.0,0.0,0.0,0.299081382557,-0.00566121780488
319.0,3.0,0.0,0.0,0.0,0.0,0.0,0.0,0.298915878824,-0.00567760758781
319.0,3.5,0.0,0.0,0.0,0.0,0.0,0.0,0.298751384078,-0.00569395350107
319.0,4.0,0.0,0.0,0.0,0.0,0.0,0.0,0.298587887641,-0.00571025580345
319.0,4.5,0.0,0.0,0.0,0.0,0.0,0.0,0.298425379084,-0.00572651474252
319.0,5.0,0.0,0.0,0.0,0.0,0.0,0.0,0.298263848212,-0.00574273055561
319.0,5.5,0.0,0.0,0.0,0.0,0.0,0.0,0.29810328505,-0.00575890347069
319.0,6.0,0.0,0.0,0.0,0.0,0.0,0.0,0.297943679834,-0.0057750337072
319.0,6.5,0.0,0.0,0.0,0.0,0.0,0.0,0.297785022997,-0.00579112147681
319.0,7.0,0.0,0.0,0.0,0.0,0.0,0.0,0.297627305161,-0.00580716698411
319.0,7.5,0.0,0.0,0.0,0.0,0.0,0.0,0.297470517127,-0.00582317042724
319.0,8.0,0.0,0.0,0.0,0.0,0.0,0.0,0.297314649864,-0.00583913199853
319.0,8.5,0.0,0.0,0.0,0.0,0.0,0.0,0.297159694507,-0.00585505188501
319.0,9.0,0.0,0.0,0.0,0.0,0.0,0.139832122349,0.29700564234,-0.00587093026891
319.0,9.5,0.0,0.0,0.0,0.0,0.0,0.440743713402,0.296847178177,-0.00588731696432
319,10.0,1.1797557134386036,0.03980105866287466,16.4701629703949,True,0.046229284715359135,0.30930800010884146,0.2966781806339907,-0.005904852997530158
319,10.5,1.2595939221084618,0.04535660347486057,16.34575961796175,False,0.04650746303709068,0.2524517471861812,0.29651353853078827,-0.005921996969432406
319,11.0,1.9305537828460662,0.07481426633661131,16.207682954833768,False,0.06698745540102513,0.48707793217279816,0.2963517130350265,-0.0059389054750544545
319,11.5,1.5108979067177304,0.0642340098070843,16.055406029920416,False,0.049160313059780705,0.7636500166413546,0.29618072728250683,-0.005956833635582235
319,12.0,1.7997145902501135,0.09533777220581736,15.680181322399116,True,0.05076550504874546,1.507290654952292,0.2960005009493671,-0.005975800538033621
319,12.5,1.842373436019725,0.10725464380836576,15.415853968248504,True,0.04751480878314029,1.0407447334927493,0.2957917191012882,-0.0059978626394186305
319,13.0,1.6850611191027454,0.09460611088002512,15.473283393637232,False,0.044282298291915524,0.6954694784765899,0.2956010287101732,-0.006018097850423219
319,13.5,1.666851445407715,0.09502929631624077,15.448205579510597,False,0.04344380702805107,0.6868189961535642,0.29542475223742576,-0.006036875908741862
319,14.0,1.6870339039228928,0.1111291546214138,15.198068379548031,True,0.040638904178623377,1.6268598731904502,0.295249611246774,-0.006055602187377356
319,14.5,1.386948256976378,0.09159012372930903,15.147549271854187,True,0.03290668282761057,1.0535465247391065,0.2950390006519564,-0.0060782126534923405
319,15.0,0.9024322816572025,0.058254514835181875,15.177811353676695,True,0.021606109489663922,0.5875006732258056,0.294851697394604,-0.006098405470574646
319.0,15.5,0.0,0.0,0.0,0.0,0.0,0.0876852724506,0.294684147088,-0.00611653651992
319.0,16.0,0.0,0.0,0.0,0.0,0.0,0.0,0.29453856988,-0.00613234196843
319.0,16.5,0.0,0.0,0.0,0.0,0.0,0.0,0.294397107715,-0.00614774728281
319.0,17.0,0.0,0.0,0.0,0.0,0.0,0.0,0.294256426048,-0.00616311335155
319.0,17.5,0.0,0.0,0.0,0.0,0.0,0.0,0.294116518075,-0.00617844031841
319.0,18.0,0.0,0.0,0.0,0.0,0.0,0.0,0.293977377074,-0.00619372832628
319.0,18.5,0.0,0.0,0.0,0.0,0.0,0.0,0.293838996405,-0.00620897751733
319.0,19.0,0.0,0.0,0.0,0.0,0.0,0.0,0.293701369509,-0.00622418803312
319.0,19.5,0.0,0.0,0.0,0.0,0.0,0.0,0.293564489902,-0.00623936001471
319.0,20.0,0.0,0.0,0.0,0.0,0.0,0.0,0.293428351177,-0.00625449360274
319.0,20.5,0.0,0.0,0.0,0.0,0.0,0.0,0.293292947001,-0.00626958893756
319.0,21.0,0.0,0.0,0.0,0.0,0.0,0.0,0.293158271111,-0.00628464615925
319.0,21.5,0.0,0.0,0.0,0.0,0.0,0.0,0.293024317314,-0.00629966540776
319.0,22.0,0.0,0.0,0.0,0.0,0.0,0.0,0.292891079487,-0.00631464682289
319.0,22.5,0.0,0.0,0.0,0.0,0.0,0.0,0.292758551571,-0.00632959054441
319.0,23.0,0.0,0.0,0.0,0.0,0.0,0.0,0.292626727575,-0.00634449671209
319.0,23.5,0.0,0.0,0.0,0.0,0.0,0.0,0.29249560157,-0.0063593654657
319.0,24.0,0.0,0.0,0.0,0.0,0.0,0.0,0.292365167693,-0.00637419694509
320.0,0.5,0.0,0.0,0.0,0.0,0.0,0.0,0.292235420139,-0.00638899129021
320.0,1.0,0.0,0.0,0.0,0.0,0.0,0.0,0.292106353165,-0.00640374864111
320.0,1.5,0.0,0.0,0.0,0.0,0.0,0.0,0.291977961089,-0.006418469138
320.0,2.0,0.0,0.0,0.0,0.0,0.0,0.0,0.291850238285,-0.00643315292122
320.0,2.5,0.0,0.0,0.0,0.0,0.0,0.0,0.291723179187,-0.00644780013129
320.0,3.0,0.0,0.0,0.0,0.0,0.0,0.0,0.291596778284,-0.00646241090888
320.0,3.5,0.0,0.0,0.0,0.0,0.0,0.0,0.291471030122,-0.00647698539485
320.0,4.0,0.0,0.0,0.0,0.0,0.0,0.0,0.291345929301,-0.00649152373025
320.0,4.5,0.0,0.0,0.0,0.0,0.0,0.0,0.291221470474,-0.0065060260563
320.0,5.0,0.0,0.0,0.0,0.0,0.0,0.0,0.291097648352,-0.00652049251438
320.0,5.5,0.0,0.0,0.0,0.0,0.0,0.0,0.290974457693,-0.00653492324605
320.0,6.0,0.0,0.0,0.0,0.0,0.0,0.0,0.290851893312,-0.00654931839307
320.0,6.5,0.0,0.0,0.0,0.0,0.0,0.0,0.290729950072,-0.0065636780973
320.0,7.0,0.0,0.0,0.0,0.0,0.0,0.0,0.290608622888,-0.00657800250079
320.0,7.5,0.0,0.0,0.0,0.0,0.0,0.0,0.290487906725,-0.00659229174572
320.0,8.0,0.0,0.0,0.0,0.0,0.0,0.0,0.290367796598,-0.00660654597438
320.0,8.5,0.0,0.0,0.0,0.0,0.0,0.0,0.29024828757,-0.0066207653292
320.0,9.0,0.0,0.0,0.0,0.0,0.0,0.063141073906,0.290129374753,-0.00663494995268
320.0,9.5,0.0,0.0,0.0,0.0,0.0,0.109208857032,0.290008657106,-0.00664938691974
320,10.0,0.8613787332902317,0.021847194273605493,16.890172979908424,True,0.04255995760952072,0.28740840604572193,0.28988677776677024,-0.0066640008032063805
320,10.5,1.0032883466164086,0.025598261269093696,16.89017297176522,True,0.04957158547323136,0.3744949093070009,0.2897578884948191,-0.006679496861758806
320,11.0,1.0970675060732085,0.027902002146015206,16.890172967195394,True,0.05420513039010253,0.3511406119250954,0.28962612907273244,-0.006695382390322851
320,11.5,1.1590929504195036,0.029434530619371534,16.89017296455078,True,0.05726975246639491,0.3452762970371845,0.28949574099488484,-0.006711146916150952
320.0,12.0,0.0,0.0,0.0,0.0,0.0,0.178370144713,0.289366085176,-0.00672686678135
320.0,12.5,0.0,0.0,0.0,0.0,0.0,0.453727135946,0.289244443779,-0.00674165485659
320.0,13.0,0.0,0.0,0.0,0.0,0.0,0.48629671097,0.289112911383,-0.00675768899979
320.0,13.5,0.0,0.0,0.0,0.0,0.0,0.346353184622,0.288980697282,-0.00677385205646
320.0,14.0,0.0,0.0,0.0,0.0,0.0,0.126214630998,0.288854343908,-0.00678934170558
320.0,14.5,0.0,0.0,0.0,0.0,0.0,0.0243939911876,0.288736890269,-0.00680377819841
320.0,15.0,0.0,0.0,0.0,0.0,0.0,0.0,0.288623841861,-0.00681770778974
320.0,15.5,0.0,0.0,0.0,0.0,0.0,0.0,0.288512256044,-0.00683149049872
320.0,16.0,0.0,0.0,0.0,0.0,0.0,0.0,0.288401202806,-0.00684524039885
320.0,16.5,0.0,0.0,0.0,0.0,0.0,0.0,0.288290677927,-0.00685895763209
320.0,17.0,0.0,0.0,0.0,0.0,0.0,0.0,0.288180677229,-0.00687264234024
320.0,17.5,0.0,0.0,0.0,0.0,0.0,0.0,0.288071196574,-0.00688629466487
320.0,18.0,0.0,0.0,0.0,0.0,0.0,0.0,0.287962231865,-0.00689991474732
320.0,18.5,0.0,0.0,0.0,0.0,0.0,0.0,0.287853779045,-0.0069135027287
320.0,19.0,0.0,0.0,0.0,0.0,0.0,0.0,0.287745834095,-0.00692705874985
320.0,19.5,0.0,0.0,0.0,0.0,0.0,0.0,0.287638393036,-0.00694058295137
320.0,20.0,0.0,0.0,0.0,0.0,0.0,0.0,0.287531451928,-0.00695407547355
320.0,20.5,0.0,0.0,0.0,0.0,0.0,0.0,0.287425006868,-0.00696753645642
320.0,21.0,0.0,0.0,0.0,0.0,0.0,0.0,0.287319053993,-0.00698096603969
320.0,21.5,0.0,0.0,0.0,0.0,0.0,0.0,0.287213589475,-0.00699436436276
320.0,22.0,0.0,0.0,0.0,0.0,0.0,0.0,0.287108609524,-0.00700773156471
320.0,22.5,0.0,0.0,0.0,0.0,0.0,0.0,0.287004110387,-0.00702106778427
320.0,23.0,0.0,0.0,0.0,0.0,0.0,0.0,0.286900088348,-0.00703437315983
320.0,23.5,0.0,0.0,0.0,0.0,0.0,0.0,0.286796539725,-0.00704764782942
320.0,24.0,0.0,0.0,0.0,0.0,0.0,0.0,0.286693460873,-0.0070608919307
321.0,0.5,0.0,0.0,0.0,0.0,0.0,0.0,0.286590848182,-0.00707410560094
321.0,1.0,0.0,0.0,0.0,0.0,0.0,0.0,0.286488698076,-0.00708728897703
321.0,1.5,0.0,0.0,0.0,0.0,0.0,0.0,0.286387007015,-0.00710044219545
321.0,2.0,0.0,0.0,0.0,0.0,0.0,0.0,0.28706605347,-0.00701315893844
321.0,2.5,0.0,0.0,0.0,0.0,0.0,0.0,0.287741897071,-0.00692755377034
321.0,3.0,0.0,0.0,0.0,0.0,0.0,0.0,0.287634407277,-0.00694108526577
321.0,3.5,0.0,0.0,0.0,0.0,0.0,0.0,0.287527463513,-0.00695457928725
321.0,4.0,0.0,0.0,0.0,0.0,0.0,0.0,0.28742106011,-0.00696803615791
321.0,4.5,0.0,0.0,0.0,0.0,0.0,0.0,0.287315191501,-0.00698145619492
321.0,5.0,0.0,0.0,0.0,0.0,0.0,0.0,0.287209852217,-0.00699483970969
321.0,5.5,0.0,0.0,0.0,0.0,0.0,0.0,0.287105036883,-0.00700818700801
321.0,6.0,0.0,0.0,0.0,0.0,0.0,0.0,0.287000740213,-0.00702149839026
321.0,6.5,0.0,0.0,0.0,0.0,0.0,0.0,0.286896957017,-0.0070347741515
321.0,7.0,0.0,0.0,0.0,0.0,0.0,0.0,0.286793682186,-0.00704801458171
321.0,7.5,0.0,0.0,0.0,0.0,0.0,0.0,0.286690910699,-0.00706121996585
321.0,8.0,0.0,0.0,0.0,0.0,0.0,0.0,0.287368885474,-0.00697464603503
321.0,8.5,0.0,0.0,0.0,0.0,0.0,0.0,0.287263521518,-0.00698801712815
321.0,9.0,0.0,0.0,0.0,0.0,0.0,0.125323752988,0.287158697986,-0.00700134995766
321.0,9.5,0.0,0.0,0.0,0.0,0.0,0.499801255183,0.287049652924,-0.00701525191418
321,10.0,1.3694448150056002,0.03446694861960222,16.890172958990526,False,0.0676630511326756,0.6763186757939746,0.28848720221852553,-0.0068345896261008034
321,10.5,1.4550764089834491,0.03723404462532056,16.890172956295967,False,0.07189403208087249,0.8516760999116957,0.2883496123081874,-0.0068516392194513265
321,11.0,1.4309464788449795,0.035801844651718435,16.890172957995652,False,0.07070179367966281,0.6333558138573211,0.2882058920671924,-0.006869502600283687
321,11.5,1.6104259426828813,0.04264075608873644,16.866874443639094,False,0.07843455632850016,1.0586340130859804,0.2880711325648787,-0.006886302656317562
321,12.0,1.7236505937560656,0.0570714205763644,16.573135143561785,True,0.07115152908915362,1.499900550047041,0.2879205872333532,-0.006905128608786005
321,12.5,1.7975187169191258,0.07752437490845307,16.113776685515937,True,0.059916797843154145,1.8686907482514046,0.2877533532465342,-0.006926113448684622
321,13.0,1.775125404955114,0.08931335452410077,15.793759892580086,True,0.05217337968662887,1.8706048579172125,0.2875719447507557,-0.006948962910799238
321,13.5,1.6820201810396342,0.09337340161029185,15.525069597074985,True,0.04497183900945106,1.2809523481942668,0.28739060586694615,-0.006971893424237316
321,14.0,1.4813339409028499,0.07372721027078454,15.725725205989221,True,0.04247073257269065,0.7669935485741314,0.28723207239656207,-0.0069920140602288015
321,14.5,1.2352968647022622,0.05967083276850433,15.78306940651292,True,0.03616421537966708,0.5557359159050207,0.28709436414990935,-0.007009547786887392
321.0,15.0,0.0,0.0,0.0,0.0,0.0,0.261121304941,0.286965774394,-0.00702596781846
321.0,15.5,0.0,0.0,0.0,0.0,0.0,0.0,0.286851190638,-0.00704063800582
321.0,16.0,0.0,0.0,0.0,0.0,0.0,0.0,0.286747070512,-0.00705400019125
321.0,16.5,0.0,0.0,0.0,0.0,0.0,0.0,0.286643497824,-0.00706732210968
321.0,17.0,0.0,0.0,0.0,0.0,0.0,0.0,0.286540466067,-0.00708060420421
321.0,17.5,0.0,0.0,0.0,0.0,0.0,0.0,0.286437968872,-0.00709384690782
321.0,18.0,0.0,0.0,0.0,0.0,0.0,0.0,0.286336000003,-0.00710705064377
321.0,18.5,0.0,0.0,0.0,0.0,0.0,0.0,0.286234553354,-0.00712021582581
321.0,19.0,0.0,0.0,0.0,0.0,0.0,0.0,0.286133622945,-0.00713334285858
321.0,19.5,0.0,0.0,0.0,0.0,0.0,0.0,0.286033202918,-0.00714643213786
321.0,20.0,0.0,0.0,0.0,0.0,0.0,0.0,0.285933287532,-0.00715948405086
321.0,20.5,0.0,0.0,0.0,0.0,0.0,0.0,0.285833871162,-0.00717249897649
321.0,21.0,0.0,0.0,0.0,0.0,0.0,0.0,0.285734948294,-0.00718547728564
321.0,21.5,0.0,0.0,0.0,0.0,0.0,0.0,0.285636513521,-0.00719841934139
321.0,22.0,0.0,0.0,0.0,0.0,0.0,0.0,0.285538561541,-0.00721132549929
321.0,22.5,0.0,0.0,0.0,0.0,0.0,0.0,0.285441087156,-0.00722419610759
321.0,23.0,0.0,0.0,0.0,0.0,0.0,0.0,0.285344085264,-0.00723703150743
321.0,23.5,0.0,0.0,0.0,0.0,0.0,0.0,0.28524755086,-0.00724983203308
321.0,24.0,0.0,0.0,0.0,0.0,0.0,0.0,0.285151479033,-0.00726259801214
322.0,0.5,0.0,0.0,0.0,0.0,0.0,0.0,0.285055864963,-0.00727532976577
322.0,1.0,0.0,0.0,0.0,0.0,0.0,0.0,0.284960703917,-0.0072880276088
322.0,1.5,0.0,0.0,0.0,0.0,0.0,0.0,0.284865991249,-0.00730069185001
322.0,2.0,0.0,0.0,0.0,0.0,0.0,0.0,0.284771722396,-0.00731332279225
322.0,2.5,0.0,0.0,0.0,0.0,0.0,0.0,0.284677892876,-0.00732592073261
322.0,3.0,0.0,0.0,0.0,0.0,0.0,0.0,0.284584498287,-0.00733848596264
322.0,3.5,0.0,0.0,0.0,0.0,0.0,0.0,0.284491534303,-0.00735101876841
322.0,4.0,0.0,0.0,0.0,0.0,0.0,0.0,0.284398996674,-0.00736351943079
322.0,4.5,0.0,0.0,0.0,0.0,0.0,0.0,0.284306881222,-0.00737598822547
322.0,5.0,0.0,0.0,0.0,0.0,0.0,0.0,0.284215183841,-0.0073884254232
322.0,5.5,0.0,0.0,0.0,0.0,0.0,0.0,0.284123900494,-0.00740083128988
322.0,6.0,0.0,0.0,0.0,0.0,0.0,0.0,0.28403302721,-0.0074132060867
322.0,6.5,0.0,0.0,0.0,0.0,0.0,0.0,0.283942560088,-0.00742555007027
322.0,7.0,0.0,0.0,0.0,0.0,0.0,0.0,0.283852495287,-0.00743786349275
322.0,7.5,0.0,0.0,0.0,0.0,0.0,0.0,0.28376282903,-0.00745014660198
322.0,8.0,0.0,0.0,0.0,0.0,0.0,0.0,0.283673557602,-0.00746239964154
322.0,8.5,0.0,0.0,0.0,0.0,0.0,0.0,0.283584677347,-0.00747462285094
322.0,9.0,0.0,0.0,0.0,0.0,0.0,0.0644270333154,0.283496184666,-0.00748681646566
322.0,9.5,0.0,0.0,0.0,0.0,0.0,0.133711353116,0.283405631017,-0.00749931860926
322.0,10.0,0.0,0.0,0.0,0.0,0.0,0.0737879200782,0.283312828578,-0.0075121570458
322.0,10.5,0.0,0.0,0.0,0.0,0.0,0.0771190290785,0.283222677347,-0.0075246537933
322.0,11.0,0.0,0.0,0.0,0.0,0.0,0.100149897918,0.283132773438,-0.00753714093231
322.0,11.5,0.0,0.0,0.0,0.0,0.0,0.151050368602,0.283042365919,-0.00754972292588
322,12.0,0.9607771366679237,0.023982877936880746,16.890172972859077,True,0.04747114437408091,0.32474542314680493,0.28295039386205323,-0.007562548342698163
322.0,12.5,0.0,0.0,0.0,0.0,0.0,0.209652318087,0.282851283844,-0.00757639821248
322.0,13.0,0.0,0.0,0.0,0.0,0.0,0.0262121463039,0.282757812479,-0.0075894878226
322.0,13.5,0.0,0.0,0.0,0.0,0.0,0.0680638268574,0.282671660253,-0.00760157633875
322.0,14.0,0.0,0.0,0.0,0.0,0.0,0.103829296132,0.282584274267,-0.0076138614148
322.0,14.5,0.0,0.0,0.0,0.0,0.0,0.111349313573,0.28249588245,-0.00762631196788
322.0,15.0,0.0,0.0,0.0,0.0,0.0,0.0,0.28240755372,-0.00763877787451
322.0,15.5,0.0,0.0,0.0,0.0,0.0,0.0,0.282323796207,-0.00765062107361
322.0,16.0,0.0,0.0,0.0,0.0,0.0,0.0,0.282240381299,-0.00766243757862
322.0,16.5,0.0,0.0,0.0,0.0,0.0,0.0,0.282157306127,-0.00767422757589
322.0,17.0,0.0,0.0,0.0,0.0,0.0,0.0,0.28207456786,-0.00768599124908
322.0,17.5,0.0,0.0,0.0,0.0,0.0,0.0,0.281992163708,-0.00769772877919
322.0,18.0,0.0,0.0,0.0,0.0,0.0,0.0,0.28191009092,-0.00770944034468
322.0,18.5,0.0,0.0,0.0,0.0,0.0,0.0,0.281828346783,-0.00772112612146
322.0,19.0,0.0,0.0,0.0,0.0,0.0,0.0,0.281746928618,-0.007732786283
322.0,19.5,0.0,0.0,0.0,0.0,0.0,0.0,0.281665833788,-0.00774442100036
322.0,20.0,0.0,0.0,0.0,0.0,0.0,0.0,0.281585059686,-0.00775603044225
322.0,20.5,0.0,0.0,0.0,0.0,0.0,0.0,0.281504603744,-0.00776761477509
322.0,21.0,0.0,0.0,0.0,0.0,0.0,0.0,0.281424463426,-0.00777917416304
322.0,21.5,0.0,0.0,0.0,0.0,0.0,0.0,0.282125628691,-0.00767872891709
322.0,22.0,0.0,0.0,0.0,0.0,0.0,0.0,0.282043253149,-0.00769044915824
322.0,22.5,0.0,0.0,0.0,0.0,0.0,0.0,0.281961218912,-0.00770214202709
322.0,23.0,0.0,0.0,0.0,0.0,0.0,0.0,0.281879522946,-0.00771380773738
322.0,23.5,0.0,0.0,0.0,0.0,0.0,0.0,0.281798162267,-0.00772544649943
322.0,24.0,0.0,0.0,0.0,0.0,0.0,0.0,0.281717133932,-0.00773705852023
323.0,0.5,0.0,0.0,0.0,0.0,0.0,0.0,0.281636435046,-0.00774864400352
323.0,1.0,0.0,0.0,0.0,0.0,0.0,0.0,0.281556062752,-0.00776020314989
323.0,1.5,0.0,0.0,0.0,0.0,0.0,0.0,0.281476014242,-0.0077717361568
323.0,2.0,0.0,0.0,0.0,0.0,0.0,0.0,0.281396286743,-0.00778324321873
323.0,2.5,0.0,0.0,0.0,0.0,0.0,0.0,0.281316877527,-0.00779472452717
323.0,3.0,0.0,0.0,0.0,0.0,0.0,0.0,0.281237783903,-0.00780618027075
323.0,3.5,0.0,0.0,0.0,0.0,0.0,0.0,0.28115900322,-0.00781761063526
323.0,4.0,0.0,0.0,0.0,0.0,0.0,0.0,0.281080532865,-0.00782901580377
323.0,4.5,0.0,0.0,0.0,0.0,0.0,0.0,0.281002370259,-0.00784039595663
323.0,5.0,0.0,0.0,0.0,0.0,0.0,0.0,0.280924512865,-0.00785175127158
323.0,5.5,0.0,0.0,0.0,0.0,0.0,0.0,0.280846958176,-0.00786308192376
323.0,6.0,0.0,0.0,0.0,0.0,0.0,0.0,0.280769703723,-0.00787438808583
323.0,6.5,0.0,0.0,0.0,0.0,0.0,0.0,0.280692747071,-0.00788566992797
323.0,7.0,0.0,0.0,0.0,0.0,0.0,0.0,0.280616085816,-0.00789692761796
323.0,7.5,0.0,0.0,0.0,0.0,0.0,0.0,0.280539717589,-0.00790816132124
323.0,8.0,0.0,0.0,0.0,0.0,0.0,0.0,0.280463640052,-0.00791937120094
323.0,8.5,0.0,0.0,0.0,0.0,0.0,0.0114545954434,0.2803878509,-0.00793055741793
323.0,9.0,0.0,0.0,0.0,0.0,0.0,0.274562904411,0.280311913155,-0.00794178445328
323.0,9.5,0.0,0.0,0.0,0.0,0.0,0.286658188099,0.280226274326,-0.00795446847617
323.0,10.0,0.0,0.0,0.0,0.0,0.0,0.497522076005,0.280140458129,-0.00796720298842
323,10.5,0.7958039272906122,0.03169959144225784,16.13108707231986,True,0.026720416622150984,0.3518066443597549,0.28004691911847934,-0.00798111118927684
323,11.0,0.9144159972862165,0.041860729619458845,15.944399420200401,True,0.02846014336808166,1.7425074219876908,0.27995798430587837,-0.007994361632807303
323,11.5,1.0142936484968967,0.05294952508791104,15.625938545653469,True,0.028070742604101043,1.317408486105644,0.27981616202682713,-0.008015546075055847
323,12.0,1.0023069012319807,0.056907905482259345,15.403064114938148,True,0.02574273885923356,0.7299157193600072,0.27969032448029035,-0.008034398850591514
323,12.5,1.0156990862538802,0.0622689135278266,15.234419435396166,True,0.024739499123594084,0.8287873647192086,0.2795869030266533,-0.00804993284764362
323,13.0,1.0027292128431011,0.06484819531237164,15.107727621588591,True,0.023511438086084843,0.736591598140312,0.2794797948922385,-0.008066058323489722
323.0,13.5,0.0,0.0,0.0,0.0,0.0,0.536085180226,0.279376354618,-0.00808166813673
323,14.0,0.8750822197408333,0.055139202471978656,15.170074318262351,True,0.020902611922944778,0.5336525768189823,0.2792832494603717,-0.00809574910046005
323.0,14.5,0.0,0.0,0.0,0.0,0.0,0.230299802953,0.279188407039,-0.00811012286806
323.0,15.0,0.0,0.0,0.0,0.0,0.0,0.255051205163,0.27910743037,-0.00812241929128
323.0,15.5,0.0,0.0,0.0,0.0,0.0,0.304601706445,0.279025773464,-0.00813484151018
323.0,16.0,0.0,0.0,0.0,0.0,0.0,0.0,0.278942493296,-0.00814753399342
323.0,16.5,0.0,0.0,0.0,0.0,0.0,0.0,0.278871028048,-0.00815844461512
323.0,17.0,0.0,0.0,0.0,0.0,0.0,0.0,0.278799816248,-0.00816933386316
323.0,17.5,0.0,0.0,0.0,0.0,0.0,0.0,0.278728856064,-0.00818020186534
323.0,18.0,0.0,0.0,0.0,0.0,0.0,0.0,0.278658145687,-0.00819104874788
323.0,18.5,0.0,0.0,0.0,0.0,0.0,0.0,0.27858768333,-0.00820187463545
323.0,19.0,0.0,0.0,0.0,0.0,0.0,0.0,0.278517467228,-0.0082126796512
323.0,19.5,0.0,0.0,0.0,0.0,0.0,0.0,0.278447495635,-0.00822346391682
323.0,20.0,0.0,0.0,0.0,0.0,0.0,0.0,0.278377766828,-0.0082342275525
323.0,20.5,0.0,0.0,0.0,0.0,0.0,0.0,0.278308279102,-0.00824497067703
323.0,21.0,0.0,0.0,0.0,0.0,0.0,0.0,0.278239030773,-0.00825569340779
323.0,21.5,0.0,0.0,0.0,0.0,0.0,0.0,0.278170020176,-0.00826639586078
323.0,22.0,0.0,0.0,0.0,0.0,0.0,0.0,0.278101245666,-0.00827707815068
323.0,22.5,0.0,0.0,0.0,0.0,0.0,0.0,0.278032705616,-0.00828774039081
323.0,23.0,0.0,0.0,0.0,0.0,0.0,0.0,0.277964398418,-0.00829838269321
323.0,23.5,0.0,0.0,0.0,0.0,0.0,0.0,0.277896322481,-0.00830900516865
323.0,24.0,0.0,0.0,0.0,0.0,0.0,0.0,0.277828476234,-0.00831960792665
324.0,0.5,0.0,0.0,0.0,0.0,0.0,0.0,0.277760858123,-0.0083301910755
324.0,1.0,0.0,0.0,0.0,0.0,0.0,0.0,0.277693466608,-0.0083407547223
324.0,1.5,0.0,0.0,0.0,0.0,0.0,0.0,0.277626300171,-0.00835129897294
324.0,2.0,0.0,0.0,0.0,0.0,0.0,0.0,0.277559357308,-0.00836182393218
324.0,2.5,0.0,0.0,0.0,0.0,0.0,0.0,0.277492636532,-0.00837232970363
324.0,3.0,0.0,0.0,0.0,0.0,0.0,0.0,0.277426136371,-0.00838281638978
324.0,3.5,0.0,0.0,0.0,0.0,0.0,0.0,0.27735985537,-0.00839328409203
324.0,4.0,0.0,0.0,0.0,0.0,0.0,0.0,0.27729379209,-0.00840373291069
324.0,4.5,0.0,0.0,0.0,0.0,0.0,0.0,0.277227945107,-0.00841416294502
324.0,5.0,0.0,0.0,0.0,0.0,0.0,0.0,0.277162313012,-0.00842457429323
324.0,5.5,0.0,0.0,0.0,0.0,0.0,0.0,0.27709689441,-0.00843496705251
324.0,6.0,0.0,0.0,0.0,0.0,0.0,0.0,0.277031687923,-0.00844534131906
324.0,6.5,0.0,0.0,0.0,0.0,0.0,0.0,0.276966692185,-0.00845569718806
324.0,7.0,0.0,0.0,0.0,0.0,0.0,0.0,0.276901905846,-0.00846603475376
324.0,7.5,0.0,0.0,0.0,0.0,0.0,0.0,0.276837327569,-0.00847635410941
324.0,8.0,0.0,0.0,0.0,0.0,0.0,0.0,0.27677295603,-0.00848665534736
324.0,8.5,0.0,0.0,0.0,0.0,0.0,0.0529901196982,0.276708789921,-0.00849693855902
324.0,9.0,0.0,0.0,0.0,0.0,0.0,0.304589893632,0.276642816973,-0.00850752681593
324,9.5,0.19494307110707837,0.005802897528421281,16.634779678070075,True,0.008313116265044938,0.5970402771346267,0.2765674986770359,-0.008519634169228987
324,10.0,0.2879377775827794,0.010076322450636287,16.389173676073774,True,0.010850065372417428,0.9089570180673225,0.27648106326440897,-0.008533553897489912
324,10.5,0.37014305148204474,0.014015770661217784,16.234352060837868,True,0.0129946143161061,0.7433835630758145,0.2763828287743219,-0.008549406684084911
324,11.0,0.44987323209222174,0.018575288303134457,16.10176671927853,True,0.014920554128132818,1.1334472986042126,0.27629092736511657,-0.008564269234916523
324,11.5,0.5594743518492173,0.025140886167650013,15.933530055137984,True,0.01733924688653471,1.2009481979965895,0.2761842478699011,-0.008581560364734672
324,12.0,0.6990477021025328,0.03484469804022711,15.731930958369489,True,0.02008704862506741,1.3831234939879047,0.27607495418120526,-0.008599318369676659
324,12.5,0.7469712382810785,0.03819140715343922,15.650877134562126,True,0.020853499208161666,0.8298408122647621,0.2759585741085183,-0.008618275923407524
324.0,13.0,0.0,0.0,0.0,0.0,0.0,0.389518358946,0.2758632583,-0.00863383934635
324.0,13.5,0.0,0.0,0.0,0.0,0.0,0.197648252422,0.275786295107,-0.00864643054522
324,14.0,0.7166692351668189,0.03538227998535376,15.71748407495942,True,0.020486479861086017,0.43160342992695033,0.2757168052391241,-0.008657817904763884
324,14.5,0.6502759434218958,0.032597673289159475,15.688255473502009,True,0.0183953503556562,0.3036035860274531,0.27563728473285287,-0.008670870924243101
324.0,15.0,0.0,0.0,0.0,0.0,0.0,0.194183054631,0.275562917044,-0.00868309934924
324.0,15.5,0.0,0.0,0.0,0.0,0.0,0.0107705672974,0.275494127354,-0.00869442887066
324.0,16.0,0.0,0.0,0.0,0.0,0.0,0.0,0.275432485445,-0.00870459613269
324.0,16.5,0.0,0.0,0.0,0.0,0.0,0.0,0.275371438449,-0.00871467923415
324.0,17.0,0.0,0.0,0.0,0.0,0.0,0.0,0.275310576516,-0.00872474562489
324.0,17.5,0.0,0.0,0.0,0.0,0.0,0.0,0.275249898551,-0.00873479538235
324.0,18.0,0.0,0.0,0.0,0.0,0.0,0.0,0.275189403468,-0.0087448285833
324.0,18.5,0.0,0.0,0.0,0.0,0.0,0.0,0.275129090191,-0.00875484530379
324.0,19.0,0.0,0.0,0.0,0.0,0.0,0.0,0.275068957654,-0.00876484561921
324.0,19.5,0.0,0.0,0.0,0.0,0.0,0.0,0.275009004803,-0.00877482960428
324.0,20.0,0.0,0.0,0.0,0.0,0.0,0.0,0.274949230592,-0.00878479733305
324.0,20.5,0.0,0.0,0.0,0.0,0.0,0.0,0.274889633984,-0.00879474887894
324.0,21.0,0.0,0.0,0.0,0.0,0.0,0.0,0.274830213952,-0.00880468431472
324.0,21.5,0.0,0.0,0.0,0.0,0.0,0.0,0.274770969481,-0.00881460371251
324.0,22.0,0.0,0.0,0.0,0.0,0.0,0.0,0.274711899561,-0.00882450714386
324.0,22.5,0.0,0.0,0.0,0.0,0.0,0.0,0.274653003195,-0.00883439467965
324.0,23.0,0.0,0.0,0.0,0.0,0.0,0.0,0.274594279391,-0.00884426639021
324.0,23.5,0.0,0.0,0.0,0.0,0.0,0.0,0.27453572717,-0.00885412234524
324.0,24.0,0.0,0.0,0.0,0.0,0.0,0.0,0.274477345558,-0.00886396261387
325.0,0.5,0.0,0.0,0.0,0.0,0.0,0.0,0.274419133594,-0.00887378726465
325.0,1.0,0.0,0.0,0.0,0.0,0.0,0.0,0.274361090321,-0.00888359636555
325.0,1.5,0.0,0.0,0.0,0.0,0.0,0.0,0.274303214793,-0.008893389984
325.0,2.0,0.0,0.0,0.0,0.0,0.0,0.0,0.274245506072,-0.00890316818687
325.0,2.5,0.0,0.0,0.0,0.0,0.0,0.0,0.274187963228,-0.00891293104048
325.0,3.0,0.0,0.0,0.0,0.0,0.0,0.0,0.27413058534,-0.00892267861061
325.0,3.5,0.0,0.0,0.0,0.0,0.0,0.0,0.274073371493,-0.00893241096251
325.0,4.0,0.0,0.0,0.0,0.0,0.0,0.0,0.274016320781,-0.00894212816091
325.0,4.5,0.0,0.0,0.0,0.0,0.0,0.0,0.273959432307,-0.00895183027003
325.0,5.0,0.0,0.0,0.0,0.0,0.0,0.0,0.273902705179,-0.00896151735357
325.0,5.5,0.0,0.0,0.0,0.0,0.0,0.0,0.273846138516,-0.00897118947473
325.0,6.0,0.0,0.0,0.0,0.0,0.0,0.0,0.274571518197,-0.00884809617361
325.0,6.5,0.0,0.0,0.0,0.0,0.0,0.0,0.274513189146,-0.0088579196044
325.0,7.0,0.0,0.0,0.0,0.0,0.0,0.0,0.274455035454,-0.00886772644102
325.0,7.5,0.0,0.0,0.0,0.0,0.0,0.0,0.27439705603,-0.00887751677063
325.0,8.0,0.0,0.0,0.0,0.0,0.0,0.0,0.274339249794,-0.00888729067949
325.0,8.5,0.0,0.0,0.0,0.0,0.0,0.0,0.275063360273,-0.00876577718143
325.0,9.0,0.0,0.0,0.0,0.0,0.0,0.00118264660566,0.275003775399,-0.00877570110253
325.0,9.5,0.0,0.0,0.0,0.0,0.0,0.118148878586,0.274944334167,-0.00878561444061
325.0,10.0,0.0,0.0,0.0,0.0,0.0,0.110177969558,0.274880641296,-0.00879625165974
325.0,10.5,0.0,0.0,0.0,0.0,0.0,0.201092475643,0.274817436859,-0.00880682247883
325.0,11.0,0.0,0.0,0.0,0.0,0.0,0.110008615486,0.274750966891,-0.00881795578489
325.0,11.5,0.0,0.0,0.0,0.0,0.0,0.133254471219,0.274688136965,-0.00882849482659
325.0,12.0,0.0,0.0,0.0,0.0,0.0,0.334292158579,0.274624607035,-0.00883916654961
325.0,12.5,0.0,0.0,0.0,0.0,0.0,0.122323629511,0.274553628684,-0.008851107638
325.0,13.0,0.0,0.0,0.0,0.0,0.0,0.139520756603,0.274490874266,-0.00886168117962
325.0,13.5,0.0,0.0,0.0,0.0,0.0,0.436730192586,0.274427645759,-0.00887234982511
325.0,14.0,0.0,0.0,0.0,0.0,0.0,0.343624042414,0.274353315526,-0.00888491125838
325.0,14.5,0.0,0.0,0.0,0.0,0.0,0.289163726164,0.274282694853,-0.00889686542911
325.0,15.0,0.0,0.0,0.0,0.0,0.0,0.0399938247886,0.274214315977,-0.00890845838911
325.0,15.5,0.0,0.0,0.0,0.0,0.0,0.0,0.274155566972,-0.00891843307716
325.0,16.0,0.0,0.0,0.0,0.0,0.0,0.0,0.274098508486,-0.00892813348146
325.0,16.5,0.0,0.0,0.0,0.0,0.0,0.0,0.274041621637,-0.00893781722315
325.0,17.0,0.0,0.0,0.0,0.0,0.0,0.0,0.27398490532,-0.0089474843964
325.0,17.5,0.0,0.0,0.0,0.0,0.0,0.0,0.273928358439,-0.0089571350943
325.0,18.0,0.0,0.0,0.0,0.0,0.0,0.0,0.273871979914,-0.00896676940886
325.0,18.5,0.0,0.0,0.0,0.0,0.0,0.0,0.273815768674,-0.00897638743108
325.0,19.0,0.0,0.0,0.0,0.0,0.0,0.0,0.273759723662,-0.00898598925091
325.0,19.5,0.0,0.0,0.0,0.0,0.0,0.0,0.27370384383,-0.00899557495729
325.0,20.0,0.0,0.0,0.0,0.0,0.0,0.0,0.273648128143,-0.0090051446382
325.0,20.5,0.0,0.0,0.0,0.0,0.0,0.0,0.273592575576,-0.00901469838062
325.0,21.0,0.0,0.0,0.0,0.0,0.0,0.0,0.273537185116,-0.00902423627057
325.0,21.5,0.0,0.0,0.0,0.0,0.0,0.0,0.273481955759,-0.00903375839316
325.0,22.0,0.0,0.0,0.0,0.0,0.0,0.0,0.273426886514,-0.00904326483253
325.0,22.5,0.0,0.0,0.0,0.0,0.0,0.0,0.273371976398,-0.00905275567196
325.0,23.0,0.0,0.0,0.0,0.0,0.0,0.0,0.27331722444,-0.00906223099379
325.0,23.5,0.0,0.0,0.0,0.0,0.0,0.0,0.273262629677,-0.00907169087952
325.0,24.0,0.0,0.0,0.0,0.0,0.0,0.0,0.273208191158,-0.00908113540975
326.0,0.5,0.0,0.0,0.0,0.0,0.0,0.0,0.273153907942,-0.00909056466426
326.0,1.0,0.0,0.0,0.0,0.0,0.0,0.0,0.273099779095,-0.00909997872197
326.0,1.5,0.0,0.0,0.0,0.0,0.0,0.0,0.273045803695,-0.00910937766098
326.0,2.0,0.0,0.0,0.0,0.0,0.0,0.0,0.272991980827,-0.0091187615586
326.0,2.5,0.0,0.0,0.0,0.0,0.0,0.0,0.272938309588,-0.00912813049132
326.0,3.0,0.0,0.0,0.0,0.0,0.0,0.0,0.272884789083,-0.00913748453485
326.0,3.5,0.0,0.0,0.0,0.0,0.0,0.0,0.272831418424,-0.00914682376414
326.0,4.0,0.0,0.0,0.0,0.0,0.0,0.0,0.272778196734,-0.00915614825336
326.0,4.5,0.0,0.0,0.0,0.0,0.0,0.0,0.272725123144,-0.00916545807595
326.0,5.0,0.0,0.0,0.0,0.0,0.0,0.0,0.272672196793,-0.0091747533046
326.0,5.5,0.0,0.0,0.0,0.0,0.0,0.0,0.27261941683,-0.0091840340113
326.0,6.0,0.0,0.0,0.0,0.0,0.0,0.0,0.27256678241,-0.0091933002673
326.0,6.5,0.0,0.0,0.0,0.0,0.0,0.0,0.272514292697,-0.00920255214315
326.0,7.0,0.0,0.0,0.0,0.0,0.0,0.0,0.272461946865,-0.00921178970872
326.0,7.5,0.0,0.0,0.0,0.0,0.0,0.0,0.272409744093,-0.00922101303321
326.0,8.0,0.0,0.0,0.0,0.0,0.0,0.0,0.272357683569,-0.00923022218511
326.0,8.5,0.0,0.0,0.0,0.0,0.0,0.0,0.27230576449,-0.00923941723229
326.0,9.0,0.0,0.0,0.0,0.0,0.0,0.0302841461332,0.272253986058,-0.00924859824194
326.0,9.5,0.0,0.0,0.0,0.0,0.0,0.295926280953,0.272201198202,-0.0092579694278
326.0,10.0,0.0,0.0,0.0,0.0,0.0,0.260018671032,0.272138468318,-0.00926912029091
326.0,10.5,0.0,0.0,0.0,0.0,0.0,0.163567779602,0.272077239428,-0.0092800197733
326.0,11.0,0.0,0.0,0.0,0.0,0.0,0.272987506742,0.272019808379,-0.00929025707593
326.0,11.5,0.0,0.0,0.0,0.0,0.0,0.384934127867,0.271958361631,-0.00930122509559
326.0,12.0,0.0,0.0,0.0,0.0,0.0,0.245368961955,0.271892802537,-0.00931294417008
326.0,12.5,0.0,0.0,0.0,0.0,0.0,0.120306841523,0.271832675208,-0.00932370775397
326.0,13.0,0.0,0.0,0.0,0.0,0.0,0.265604407979,0.271777428516,-0.00933361070819
326.0,13.5,0.0,0.0,0.0,0.0,0.0,0.343147083466,0.271716801591,-0.00934449249344
326.0,14.0,0.0,0.0,0.0,0.0,0.0,0.210904029299,0.271653365002,-0.00935589476568
326.0,14.5,0.0,0.0,0.0,0.0,0.0,0.29402753899,0.271595079387,-0.00936638580276
326.0,15.0,0.0,0.0,0.0,0.0,0.0,0.026435912635,0.271533770883,-0.00937743606981
326.0,15.5,0.0,0.0,0.0,0.0,0.0,0.0,0.271482748404,-0.00938664422411
326.0,16.0,0.0,0.0,0.0,0.0,0.0,0.0,0.271432859403,-0.00939565823556
326.0,16.5,0.0,0.0,0.0,0.0,0.0,0.0,0.271383099944,-0.00940465911653
326.0,17.0,0.0,0.0,0.0,0.0,0.0,0.0,0.271333469338,-0.00941364692514
326.0,17.5,0.0,0.0,0.0,0.0,0.0,0.0,0.271283966904,-0.00942262171897
326.0,18.0,0.0,0.0,0.0,0.0,0.0,0.0,0.271234591965,-0.00943158355511
326.0,18.5,0.0,0.0,0.0,0.0,0.0,0.0,0.271185343851,-0.00944053249016
326.0,19.0,0.0,0.0,0.0,0.0,0.0,0.0,0.271136221897,-0.00944946858021
326.0,19.5,0.0,0.0,0.0,0.0,0.0,0.0,0.271087225444,-0.00945839188088
326.0,20.0,0.0,0.0,0.0,0.0,0.0,0.0,0.27103835384,-0.00946730244731
326.0,20.5,0.0,0.0,0.0,0.0,0.0,0.0,0.270989606437,-0.00947620033416
326.0,21.0,0.0,0.0,0.0,0.0,0.0,0.0,0.270940982592,-0.00948508559565
326.0,21.5,0.0,0.0,0.0,0.0,0.0,0.0,0.27089248167,-0.00949395828551
326.0,22.0,0.0,0.0,0.0,0.0,0.0,0.0,0.270844103038,-0.00950281845704
326.0,22.5,0.0,0.0,0.0,0.0,0.0,0.0,0.270795846071,-0.00951166616308
326.0,23.0,0.0,0.0,0.0,0.0,0.0,0.0,0.270747710149,-0.00952050145605
326.0,23.5,0.0,0.0,0.0,0.0,0.0,0.0,0.270699694656,-0.00952932438792
326.0,24.0,0.0,0.0,0.0,0.0,0.0,0.0,0.270651798981,-0.00953813501023
327.0,0.5,0.0,0.0,0.0,0.0,0.0,0.0,0.270604022519,-0.00954693337412
327.0,1.0,0.0,0.0,0.0,0.0,0.0,0.0,0.27055636467,-0.00955571953027
327.0,1.5,0.0,0.0,0.0,0.0,0.0,0.0,0.270508824839,-0.009564493529
327.0,2.0,0.0,0.0,0.0,0.0,0.0,0.0,0.270461402435,-0.00957325542018
327.0,2.5,0.0,0.0,0.0,0.0,0.0,0.0,0.270414096872,-0.00958200525331
327.0,3.0,0.0,0.0,0.0,0.0,0.0,0.0,0.270366907569,-0.00959074307748
327.0,3.5,0.0,0.0,0.0,0.0,0.0,0.0,0.27031983395,-0.00959946894139
327.0,4.0,0.0,0.0,0.0,0.0,0.0,0.0,0.270272875444,-0.00960818289334
327.0,4.5,0.0,0.0,0.0,0.0,0.0,0.0,0.270226031483,-0.00961688498129
327.0,5.0,0.0,0.0,0.0,0.0,0.0,0.0,0.270179301505,-0.00962557525278
327.0,5.5,0.0,0.0,0.0,0.0,0.0,0.0,0.270132684952,-0.009634253755
327.0,6.0,0.0,0.0,0.0,0.0,0.0,0.0,0.270086181271,-0.00964292053478
327.0,6.5,0.0,0.0,0.0,0.0,0.0,0.0,0.270039789911,-0.00965157563857
327.0,7.0,0.0,0.0,0.0,0.0,0.0,0.0,0.269993510329,-0.00966021911247
327.0,7.5,0.0,0.0,0.0,0.0,0.0,0.0,0.269947341983,-0.00966885100223
327.0,8.0,0.0,0.0,0.0,0.0,0.0,0.0,0.269901284338,-0.00967747135325
327.0,8.5,0.0,0.0,0.0,0.0,0.0,0.00449015649935,0.26985533686,-0.00968608021059
327.0,9.0,0.0,0.0,0.0,0.0,0.0,0.252531466035,0.269809328621,-0.0096947095966
327.0,9.5,0.0,0.0,0.0,0.0,0.0,0.532233907335,0.269754016343,-0.00970509619347
327.0,10.0,0.0,0.0,0.0,0.0,0.0,0.819806100525,0.269688197968,-0.0097174729166
327,10.5,0.5533773758288549,0.02686404725269723,15.781648878017553,True,0.01619205893943493,1.2516054231885156,0.26961157432176214,-0.00973190519987637
327,11.0,0.6438982320086094,0.03638601718547329,15.461898069752602,True,0.01685780875962107,1.622699268607045,0.2695176519921982,-0.009749630593236101
327,11.5,0.72127090827494,0.045293918352257254,15.21379183562765,True,0.01745780256896095,1.4156651056506655,0.26940939237149963,-0.009770109521619979
327,12.0,0.7716821881878149,0.05268636083224464,15.014555863669958,True,0.017610293023821225,1.4011021068814804,0.26930875818769084,-0.00978919196379177
327,12.5,0.7581068349898692,0.051915729664852195,14.999825868105605,True,0.01722768782519675,1.0620557363469076,0.2692085021810195,-0.00980824686872628
327,13.0,0.8065497267211824,0.06025134881984996,14.797854899538597,True,0.017328618645040417,1.497046894133575,0.26912124777044477,-0.009824866634990298
327,13.5,0.7953874343006827,0.062475540075504134,14.66620090193816,True,0.01650196285576015,1.143663587757568,0.2690172741965702,-0.00984471481515884
327,14.0,0.7431269441785078,0.05815412047899622,14.664585302945028,True,0.01541121603453847,0.540691298932295,0.26892673166926007,-0.009862037983567308
327.0,14.5,0.0,0.0,0.0,0.0,0.0,0.213755161295,0.268859339998,-0.00987495536369
327.0,15.0,0.0,0.0,0.0,0.0,0.0,0.211702280311,0.26880666609,-0.00988506573602
327.0,15.5,0.0,0.0,0.0,0.0,0.0,0.0,0.26875417322,-0.00989515363191
327.0,16.0,0.0,0.0,0.0,0.0,0.0,0.0,0.268709817096,-0.00990368739902
327.0,16.5,0.0,0.0,0.0,0.0,0.0,0.0,0.268665563156,-0.00991221024671
327.0,17.0,0.0,0.0,0.0,0.0,0.0,0.0,0.268621410933,-0.00992072221507
327.0,17.5,0.0,0.0,0.0,0.0,0.0,0.0,0.268577359961,-0.00992922334394
327.0,18.0,0.0,0.0,0.0,0.0,0.0,0.0,0.268533409781,-0.00993771367286
327.0,18.5,0.0,0.0,0.0,0.0,0.0,0.0,0.268489559934,-0.00994619324108
327.0,19.0,0.0,0.0,0.0,0.0,0.0,0.0,0.268445809967,-0.0099546620876
327.0,19.5,0.0,0.0,0.0,0.0,0.0,0.0,0.268402159428,-0.00996312025113
327.0,20.0,0.0,0.0,0.0,0.0,0.0,0.0,0.26835860787,-0.00997156777012
327.0,20.5,0.0,0.0,0.0,0.0,0.0,0.0,0.268315154848,-0.00998000468274
327.0,21.0,0.0,0.0,0.0,0.0,0.0,0.0,0.268271799922,-0.0099884310269
327.0,21.5,0.0,0.0,0.0,0.0,0.0,0.0,0.268228542652,-0.00999684684027
327.0,22.0,0.0,0.0,0.0,0.0,0.0,0.0,0.268185382603,-0.0100052521602
327.0,22.5,0.0,0.0,0.0,0.0,0.0,0.0,0.268142319345,-0.0100136470239
327.0,23.0,0.0,0.0,0.0,0.0,0.0,0.0,0.268893518001,-0.00986840173583
327.0,23.5,0.0,0.0,0.0,0.0,0.0,0.0,0.272025069931,-0.00928931862448
327.0,24.0,0.0,0.0,0.0,0.0,0.0,0.0,0.275148514123,-0.00875161792035
328.0,0.5,0.0,0.0,0.0,0.0,0.0,0.0,0.277469408728,-0.00837599081508
328.0,1.0,0.0,0.0,0.0,0.0,0.0,0.0,0.279782936241,-0.00802051878206
328.0,1.5,0.0,0.0,0.0,0.0,0.0,0.0,0.281295504127,-0.00779781822643
328.0,2.0,0.0,0.0,0.0,0.0,0.0,0.0,0.281216899575,-0.00780920845707
328.0,2.5,0.0,0.0,0.0,0.0,0.0,0.0,0.281138759987,-0.00782055096503
328.0,3.0,0.0,0.0,0.0,0.0,0.0,0.0,0.281061077893,-0.00783184652671
328.0,3.5,0.0,0.0,0.0,0.0,0.0,0.0,0.280983846006,-0.0078430958999
328.0,4.0,0.0,0.0,0.0,0.0,0.0,0.0,0.280907057218,-0.00785429982437
328.0,4.5,0.0,0.0,0.0,0.0,0.0,0.0,0.280830704593,-0.00786545902245
328.0,5.0,0.0,0.0,0.0,0.0,0.0,0.0,0.280754781363,-0.00787657419957
328.0,5.5,0.0,0.0,0.0,0.0,0.0,0.0,0.280679280917,-0.0078876460448
328.0,6.0,0.0,0.0,0.0,0.0,0.0,0.0,0.280604196806,-0.00789867523135
328.0,6.5,0.0,0.0,0.0,0.0,0.0,0.0,0.280529522728,-0.00790966241707
328.0,7.0,0.0,0.0,0.0,0.0,0.0,0.0,0.280455252529,-0.0079206082449
328.0,7.5,0.0,0.0,0.0,0.0,0.0,0.0,0.280381380197,-0.00793151334335
328.0,8.0,0.0,0.0,0.0,0.0,0.0,0.0,0.280307899857,-0.00794237832691
328.0,8.5,0.0,0.0,0.0,0.0,0.0,0.0,0.28023480577,-0.00795320379646
328.0,9.0,0.0,0.0,0.0,0.0,0.0,0.219459466189,0.280162092322,-0.00796399033971
328.0,9.5,0.0,0.0,0.0,0.0,0.0,0.859669145076,0.280081425553,-0.00797597710496
328.0,10.0,0.0,0.0,0.0,0.0,0.0,1.0531730593,0.279976832649,-0.00799155122099
328,10.5,0.5185994292174263,0.024507416575601012,15.820407255961026,True,0.01539392863196516,1.3150584346001275,0.2798652608240836,-0.00800820447141523
328,11.0,0.5735393587217147,0.030997631381957175,15.546812348829791,True,0.015447507340308456,1.610646917673411,0.27974317981945523,-0.008026473721956435
328,11.5,0.6273856167805015,0.037738928139602744,15.311393009886027,True,0.015650196411979973,1.7843142291468086,0.2796099893353469,-0.008046462162712409
328,12.0,0.659705954562351,0.04310951507584127,15.112225009388897,True,0.015488953440000851,1.8843255230079476,0.27947030183352206,-0.00806748939005237
328,12.5,0.6718000947385849,0.046551353738314157,14.972078982033674,True,0.01514633066973845,1.9071760033225496,0.2793269597676746,-0.008089134838618079
328,13.0,0.6739696528319851,0.04905764253101553,14.855806361272782,True,0.014710421671292504,1.8080582377750014,0.2791829598780704,-0.00811094933105137
328,13.5,0.6619703348346803,0.0492466379138534,14.799144743770064,True,0.014227305339038146,1.6207200715417787,0.2790429617523091,-0.008132224827850629
328,14.0,0.637555430523618,0.04736717087013588,14.800865685971923,True,0.013708946177983971,1.3465222862818425,0.2789103967827547,-0.008152432026156467
328,14.5,0.5881698054286408,0.04400577529356221,14.777324750395731,True,0.012567063003921145,0.9693088974210126,0.27878863537109994,-0.008171045143048814
328.0,15.0,0.0,0.0,0.0,0.0,0.0,0.549889487235,0.27868163887,-0.00818744302328
328.0,15.5,0.0,0.0,0.0,0.0,0.0,0.0,0.278592547216,-0.00820112679691
328.0,16.0,0.0,0.0,0.0,0.0,0.0,0.0,0.27852463758,-0.0082115754837
328.0,16.5,0.0,0.0,0.0,0.0,0.0,0.0,0.278457037625,-0.00822199227894
328.0,17.0,0.0,0.0,0.0,0.0,0.0,0.0,0.278389743379,-0.00823237760769
328.0,17.5,0.0,0.0,0.0,0.0,0.0,0.0,0.278322750948,-0.00824273188631
328.0,18.0,0.0,0.0,0.0,0.0,0.0,0.0,0.278256056522,-0.00825305552259
328.0,18.5,0.0,0.0,0.0,0.0,0.0,0.0,0.278189656367,-0.00826334891607
328.0,19.0,0.0,0.0,0.0,0.0,0.0,0.0,0.278123546825,-0.00827361245817
328.0,19.5,0.0,0.0,0.0,0.0,0.0,0.0,0.278057724311,-0.00828384653242
328.0,20.0,0.0,0.0,0.0,0.0,0.0,0.0,0.277992185314,-0.00829405151463
328.0,20.5,0.0,0.0,0.0,0.0,0.0,0.0,0.277926926393,-0.00830422777312
328.0,21.0,0.0,0.0,0.0,0.0,0.0,0.0,0.277861944173,-0.00831437566887
328.0,21.5,0.0,0.0,0.0,0.0,0.0,0.0,0.277797235348,-0.00832449555572
328.0,22.0,0.0,0.0,0.0,0.0,0.0,0.0,0.277732796676,-0.00833458778052
328.0,22.5,0.0,0.0,0.0,0.0,0.0,0.0,0.277668624978,-0.00834465268332
328.0,23.0,0.0,0.0,0.0,0.0,0.0,0.0,0.277604717139,-0.00835469059755
328.0,23.5,0.0,0.0,0.0,0.0,0.0,0.0,0.277541070101,-0.00836470185011
328.0,24.0,0.0,0.0,0.0,0.0,0.0,0.0,0.277477680866,-0.00837468676162
329.0,0.5,0.0,0.0,0.0,0.0,0.0,0.0,0.277414546495,-0.00838464564649
329.0,1.0,0.0,0.0,0.0,0.0,0.0,0.0,0.277351664101,-0.00839457881312
329.0,1.5,0.0,0.0,0.0,0.0,0.0,0.0,0.277289030856,-0.00840448656402
329.0,2.0,0.0,0.0,0.0,0.0,0.0,0.0,0.278020127562,-0.00828969883702
329.0,2.5,0.0,0.0,0.0,0.0,0.0,0.0,0.277955669999,-0.00829974375893
329.0,3.0,0.0,0.0,0.0,0.0,0.0,0.0,0.277891477552,-0.00830976178204
329.0,3.5,0.0,0.0,0.0,0.0,0.0,0.0,0.277827547136,-0.00831975323458
329.0,4.0,0.0,0.0,0.0,0.0,0.0,0.0,0.277763875722,-0.00832971843849
329.0,4.5,0.0,0.0,0.0,0.0,0.0,0.0,0.277700460343,-0.00833965770959
329.0,5.0,0.0,0.0,0.0,0.0,0.0,0.0,0.277637298085,-0.00834957135767
329.0,5.5,0.0,0.0,0.0,0.0,0.0,0.0,0.27757438609,-0.00835945968668
329.0,6.0,0.0,0.0,0.0,0.0,0.0,0.0,0.277511721551,-0.00836932299484
329.0,6.5,0.0,0.0,0.0,0.0,0.0,0.0,0.277449301718,-0.00837916157475
329.0,7.0,0.0,0.0,0.0,0.0,0.0,0.0,0.277387123888,-0.00838897571355
329.0,7.5,0.0,0.0,0.0,0.0,0.0,0.0,0.277325185409,-0.00839876569304
329.0,8.0,0.0,0.0,0.0,0.0,0.0,0.0,0.277263483678,-0.00840853178976
329.0,8.5,0.0,0.0,0.0,0.0,0.0,0.0,0.27720201614,-0.00841827427518
329.0,9.0,0.0,0.0,0.0,0.0,0.0,0.0,0.277140780283,-0.00842799341574
329.0,9.5,0.0,0.0,0.0,0.0,0.0,0.0,0.277079773646,-0.008437689473
329.0,10.0,0.0,0.0,0.0,0.0,0.0,0.154072794157,0.277018993807,-0.00844736270375
329.0,10.5,0.0,0.0,0.0,0.0,0.0,0.206060869013,0.276952591335,-0.00845794589465
329.0,11.0,0.0,0.0,0.0,0.0,0.0,0.101159328247,0.276884438007,-0.0084688245685
329.0,11.5,0.0,0.0,0.0,0.0,0.0,0.097578871998,0.276820485481,-0.00847904787261
329.0,12.0,0.0,0.0,0.0,0.0,0.0,0.0,0.276756886375,-0.00848922926573
329.0,12.5,0.0,0.0,0.0,0.0,0.0,0.0,0.27669720571,-0.00849879661749
329.0,13.0,0.0,0.0,0.0,0.0,0.0,0.0,0.277431323132,-0.00838199790539
329.0,13.5,0.0,0.0,0.0,0.0,0.0,0.0,0.277369850931,-0.00839170450473
329.0,14.0,0.0,0.0,0.0,0.0,0.0,0.0,0.278102132439,-0.00827694030939
329.0,14.5,0.0,0.0,0.0,0.0,0.0,0.0,0.278832295079,-0.00816436526375
329.0,15.0,0.0,0.0,0.0,0.0,0.0,0.0,0.280353584281,-0.00793562123205
329.0,15.5,0.0,0.0,0.0,0.0,0.0,0.0,0.281076775163,-0.00782956245912
329.0,16.0,0.0,0.0,0.0,0.0,0.0,0.0,0.281004497438,-0.0078400859875
329.0,16.5,0.0,0.0,0.0,0.0,0.0,0.0,0.280932568626,-0.0078505754496
329.0,17.0,0.0,0.0,0.0,0.0,0.0,0.0,0.281654150341,-0.00774609894885
329.0,17.5,0.0,0.0,0.0,0.0,0.0,0.0,0.2815802817,-0.0077567178185
329.0,18.0,0.0,0.0,0.0,0.0,0.0,0.0,0.28150677978,-0.00776730119058
329.0,18.5,0.0,0.0,0.0,0.0,0.0,0.0,0.281433639248,-0.00777784960978
329.0,19.0,0.0,0.0,0.0,0.0,0.0,0.0,0.281360854892,-0.0077883636091
329.0,19.5,0.0,0.0,0.0,0.0,0.0,0.0,0.28128842161,-0.00779884371019
329.0,20.0,0.0,0.0,0.0,0.0,0.0,0.0,0.281216334415,-0.00780929042362
329.0,20.5,0.0,0.0,0.0,0.0,0.0,0.0,0.281144588426,-0.00781970424923
329.0,21.0,0.0,0.0,0.0,0.0,0.0,0.0,0.281073178867,-0.00783008567641
329.0,21.5,0.0,0.0,0.0,0.0,0.0,0.0,0.281795284971,-0.00772585848368
329.0,22.0,0.0,0.0,0.0,0.0,0.0,0.0,0.281721927835,-0.00773637093645
329.0,22.5,0.0,0.0,0.0,0.0,0.0,0.0,0.281648924778,-0.00774684957196
329.0,23.0,0.0,0.0,0.0,0.0,0.0,0.0,0.282369400565,-0.00764416996811
329.0,23.5,0.0,0.0,0.0,0.0,0.0,0.0,0.282294431407,-0.0076547783953
329.0,24.0,0.0,0.0,0.0,0.0,0.0,0.0,0.282219834169,-0.00766535160969
330.0,0.5,0.0,0.0,0.0,0.0,0.0,0.0,0.282145603313,-0.00767589017124
330.0,1.0,0.0,0.0,0.0,0.0,0.0,0.0,0.282071733425,-0.00768639462772
330.0,1.5,0.0,0.0,0.0,0.0,0.0,0.0,0.281998219213,-0.00769686551504
330.0,2.0,0.0,0.0,0.0,0.0,0.0,0.0,0.281925055502,-0.00770730335759
330.0,2.5,0.0,0.0,0.0,0.0,0.0,0.0,0.281852237229,-0.0077177086686
330.0,3.0,0.0,0.0,0.0,0.0,0.0,0.0,0.281779759445,-0.0077280819504
330.0,3.5,0.0,0.0,0.0,0.0,0.0,0.0,0.281707617305,-0.00773842369476
330.0,4.0,0.0,0.0,0.0,0.0,0.0,0.0,0.28163580607,-0.00774873438319
330.0,4.5,0.0,0.0,0.0,0.0,0.0,0.0,0.281564321102,-0.00775901448717
330.0,5.0,0.0,0.0,0.0,0.0,0.0,0.0,0.281493157861,-0.00776926446849
330.0,5.5,0.0,0.0,0.0,0.0,0.0,0.0,0.281422311905,-0.00777948477946
330.0,6.0,0.0,0.0,0.0,0.0,0.0,0.0,0.281351778882,-0.00778967586319
330.0,6.5,0.0,0.0,0.0,0.0,0.0,0.0,0.281281554532,-0.00779983815381
330.0,7.0,0.0,0.0,0.0,0.0,0.0,0.0,0.281211634684,-0.00780997207676
330.0,7.5,0.0,0.0,0.0,0.0,0.0,0.0,0.281142015252,-0.00782007804895
330.0,8.0,0.0,0.0,0.0,0.0,0.0,0.0,0.281072692232,-0.00783015647902
330.0,8.5,0.0,0.0,0.0,0.0,0.0,0.0,0.281003661704,-0.00784020776755
330.0,9.0,0.0,0.0,0.0,0.0,0.0,0.00106341389867,0.280934919826,-0.00785023230721
330.0,9.5,0.0,0.0,0.0,0.0,0.0,0.0123109298353,0.280866422476,-0.00786023638144
330.0,10.0,0.0,0.0,0.0,0.0,0.0,0.194958921777,0.280797779482,-0.0078702769693
330.0,10.5,0.0,0.0,0.0,0.0,0.0,0.150003181363,0.280722482591,-0.00788130842038
330.0,11.0,0.0,0.0,0.0,0.0,0.0,0.866943387375,0.280649165813,-0.0078920674798
330.0,11.5,0.0,0.0,0.0,0.0,0.0,0.936039396383,0.28054891177,-0.00790680785705
330.0,12.0,0.0,0.0,0.0,0.0,0.0,0.58076118838,0.280446302719,-0.00792192847223
330.0,12.5,0.0,0.0,0.0,0.0,0.0,0.876850035376,0.280357440311,-0.00793505120771
330.0,13.0,0.0,0.0,0.0,0.0,0.0,0.846441491539,0.280257601939,-0.00794982572499
330.0,13.5,0.0,0.0,0.0,0.0,0.0,1.4034406689,0.280159174972,-0.00796442347231
330.0,14.0,0.0,0.0,0.0,0.0,0.0,0.820336287367,0.280039864186,-0.00798216135122
330.0,14.5,0.0,0.0,0.0,0.0,0.0,0.740980805109,0.279942933392,-0.00799660666864
330.0,15.0,0.0,0.0,0.0,0.0,0.0,0.211054118141,0.279849262343,-0.00801059579845
330.0,15.5,0.0,0.0,0.0,0.0,0.0,0.0,0.279775947256,-0.00802156524994
330.0,16.0,0.0,0.0,0.0,0.0,0.0,0.0,0.279710884055,-0.00803131504078
330.0,16.5,0.0,0.0,0.0,0.0,0.0,0.0,0.279646060429,-0.00804104297588
330.0,17.0,0.0,0.0,0.0,0.0,0.0,0.0,0.279581473615,-0.00805074933837
330.0,17.5,0.0,0.0,0.0,0.0,0.0,0.0,0.27951712091,-0.0080604344054
330.0,18.0,0.0,0.0,0.0,0.0,0.0,0.0,0.279452999665,-0.00807009844829
330.0,18.5,0.0,0.0,0.0,0.0,0.0,0.0,0.279389107281,-0.00807974173265
330.0,19.0,0.0,0.0,0.0,0.0,0.0,0.0,0.279325441216,-0.0080893645185
330.0,19.5,0.0,0.0,0.0,0.0,0.0,0.0,0.279261998975,-0.00809896706048
330.0,20.0,0.0,0.0,0.0,0.0,0.0,0.0,0.279198778116,-0.0081085496079
330.0,20.5,0.0,0.0,0.0,0.0,0.0,0.0,0.27913577624,-0.00811811240492
330.0,21.0,0.0,0.0,0.0,0.0,0.0,0.0,0.279072991001,-0.00812765569064
330.0,21.5,0.0,0.0,0.0,0.0,0.0,0.0,0.279010420095,-0.00813717969926
330.0,22.0,0.0,0.0,0.0,0.0,0.0,0.0,0.278948061265,-0.00814668466016
330.0,22.5,0.0,0.0,0.0,0.0,0.0,0.0,0.278885912295,-0.00815617079804
330.0,23.0,0.0,0.0,0.0,0.0,0.0,0.0,0.278823971013,-0.00816563833302
330.0,23.5,0.0,0.0,0.0,0.0,0.0,0.0,0.279555741445,-0.00805462035948
330.0,24.0,0.0,0.0,0.0,0.0,0.0,0.0,0.279491914939,-0.00806423168138
331.0,0.5,0.0,0.0,0.0,0.0,0.0,0.0,0.279428311573,-0.00807382299807
331.0,1.0,0.0,0.0,0.0,0.0,0.0,0.0,0.279364928941,-0.0080833945526
331.0,1.5,0.0,0.0,0.0,0.0,0.0,0.0,0.279301764681,-0.00809294658315
331.0,2.0,0.0,0.0,0.0,0.0,0.0,0.0,0.27923881648,-0.00810247932307
331.0,2.5,0.0,0.0,0.0,0.0,0.0,0.0,0.279176082066,-0.00811199300104
331.0,3.0,0.0,0.0,0.0,0.0,0.0,0.0,0.279113559212,-0.00812148784116
331.0,3.5,0.0,0.0,0.0,0.0,0.0,0.0,0.279051245733,-0.00813096406305
331.0,4.0,0.0,0.0,0.0,0.0,0.0,0.0,0.278989139484,-0.00814042188198
331.0,4.5,0.0,0.0,0.0,0.0,0.0,0.0,0.278927238362,-0.00814986150891
331.0,5.0,0.0,0.0,0.0,0.0,0.0,0.0,0.278865540301,-0.00815928315065
331.0,5.5,0.0,0.0,0.0,0.0,0.0,0.0,0.279597557711,-0.00804833085186
331.0,6.0,0.0,0.0,0.0,0.0,0.0,0.0,0.279533973439,-0.00805789676277
331.0,6.5,0.0,0.0,0.0,0.0,0.0,0.0,0.279470607671,-0.00806744328077
331.0,7.0,0.0,0.0,0.0,0.0,0.0,0.0,0.279407458106,-0.00807697063594
331.0,7.5,0.0,0.0,0.0,0.0,0.0,0.0,0.279344522488,-0.00808647905381
331.0,8.0,0.0,0.0,0.0,0.0,0.0,0.0,0.279281798601,-0.00809596875556
331.0,8.5,0.0,0.0,0.0,0.0,0.0,0.0,0.279219284271,-0.00810543995801
331.0,9.0,0.0,0.0,0.0,0.0,0.0,0.170134856312,0.279156977363,-0.00811489287381
331.0,9.5,0.0,0.0,0.0,0.0,0.0,0.531011287023,0.279088419175,-0.00812530938739
331.0,10.0,0.0,0.0,0.0,0.0,0.0,0.80856574637,0.279006369017,-0.00813779677803
331.0,10.5,0.0,0.0,0.0,0.0,0.0,1.14234363932,0.278913986934,-0.00815188398305
331.0,11.0,0.0,0.0,0.0,0.0,0.0,1.47929928225,0.27880913727,-0.00816790756823
331.0,11.5,0.0,0.0,0.0,0.0,0.0,1.5675111183,0.278691697482,-0.00818589980975
331.0,12.0,0.0,0.0,0.0,0.0,0.0,1.92639403668,0.278571105475,-0.0082044241459
331.0,12.5,0.0,0.0,0.0,0.0,0.0,1.62172021861,0.27843708742,-0.00822506950837
331.0,13.0,0.0,0.0,0.0,0.0,0.0,1.41510999096,0.27831482342,-0.00824395818299
331.0,13.5,0.0,0.0,0.0,0.0,0.0,1.33489983923,0.27820059016,-0.00826165290107
331.0,14.0,0.0,0.0,0.0,0.0,0.0,1.04932604599,0.278089588989,-0.00827889033486
331.0,14.5,0.0,0.0,0.0,0.0,0.0,0.763849364898,0.277989611706,-0.00829445255307
331.0,15.0,0.0,0.0,0.0,0.0,0.0,0.427363377953,0.277900652914,-0.00830832897151
331.0,15.5,0.0,0.0,0.0,0.0,0.0,0.0,0.277824646737,-0.00832020686659
331.0,16.0,0.0,0.0,0.0,0.0,0.0,0.0,0.27776504032,-0.00832953603987
331.0,16.5,0.0,0.0,0.0,0.0,0.0,0.0,0.277705613625,-0.00833884949387
331.0,17.0,0.0,0.0,0.0,0.0,0.0,0.0,0.277646365065,-0.00834814738472
331.0,17.5,0.0,0.0,0.0,0.0,0.0,0.0,0.27758729308,-0.0083574298654
331.0,18.0,0.0,0.0,0.0,0.0,0.0,0.0,0.277528396137,-0.00836669708582
331.0,18.5,0.0,0.0,0.0,0.0,0.0,0.0,0.277469672731,-0.00837594919291
331.0,19.0,0.0,0.0,0.0,0.0,0.0,0.0,0.277411121383,-0.00838518633069
331.0,19.5,0.0,0.0,0.0,0.0,0.0,0.0,0.277352740642,-0.00839440864033
331.0,20.0,0.0,0.0,0.0,0.0,0.0,0.0,0.277294529079,-0.00840361626022
331.0,20.5,0.0,0.0,0.0,0.0,0.0,0.0,0.277236485293,-0.00841280932604
331.0,21.0,0.0,0.0,0.0,0.0,0.0,0.0,0.277178607904,-0.00842198797081
331.0,21.5,0.0,0.0,0.0,0.0,0.0,0.0,0.277120895557,-0.00843115232497
331.0,22.0,0.0,0.0,0.0,0.0,0.0,0.0,0.277063346921,-0.00844030251644
331.0,22.5,0.0,0.0,0.0,0.0,0.0,0.0,0.277005960686,-0.00844943867065
331.0,23.0,0.0,0.0,0.0,0.0,0.0,0.0,0.276948735564,-0.00845856091064
331.0,23.5,0.0,0.0,0.0,0.0,0.0,0.0,0.276891670289,-0.00846766935708
331.0,24.0,0.0,0.0,0.0,0.0,0.0,0.0,0.276834763615,-0.00847676412836
332.0,0.5,0.0,0.0,0.0,0.0,0.0,0.0,0.276778014319,-0.00848584534059
332.0,1.0,0.0,0.0,0.0,0.0,0.0,0.0,0.276721421195,-0.00849491310771
332.0,1.5,0.0,0.0,0.0,0.0,0.0,0.0,0.276664983058,-0.00850396754151
332.0,2.0,0.0,0.0,0.0,0.0,0.0,0.0,0.276608698741,-0.00851300875168
332.0,2.5,0.0,0.0,0.0,0.0,0.0,0.0,0.276552567098,-0.00852203684584
332.0,3.0,0.0,0.0,0.0,0.0,0.0,0.0,0.276496586999,-0.00853105192965
332.0,3.5,0.0,0.0,0.0,0.0,0.0,0.0,0.276440757333,-0.00854005410677
332.0,4.0,0.0,0.0,0.0,0.0,0.0,0.0,0.276385077007,-0.00854904347897
332.0,4.5,0.0,0.0,0.0,0.0,0.0,0.0,0.276329544942,-0.00855802014614
332.0,5.0,0.0,0.0,0.0,0.0,0.0,0.0,0.27627416008,-0.00856698420637
332.0,5.5,0.0,0.0,0.0,0.0,0.0,0.0,0.276218921377,-0.00857593575591
332.0,6.0,0.0,0.0,0.0,0.0,0.0,0.0,0.276163827804,-0.0085848748893
332.0,6.5,0.0,0.0,0.0,0.0,0.0,0.0,0.276108878349,-0.00859380169938
332.0,7.0,0.0,0.0,0.0,0.0,0.0,0.0,0.276054072017,-0.00860271627728
332.0,7.5,0.0,0.0,0.0,0.0,0.0,0.0,0.275999407825,-0.00861161871253
332.0,8.0,0.0,0.0,0.0,0.0,0.0,0.0,0.275944884805,-0.00862050909306
332.0,8.5,0.0,0.0,0.0,0.0,0.0,0.0,0.275890502005,-0.00862938750522
332.0,9.0,0.0,0.0,0.0,0.0,0.0,0.32821007189,0.275836258486,-0.00863825403384
332.0,9.5,0.0,0.0,0.0,0.0,0.0,0.0625531473218,0.275769697768,-0.00864914874137
332.0,10.0,0.0,0.0,0.0,0.0,0.0,0.458745090796,0.27571335616,-0.00865838357342
332.0,10.5,0.0,0.0,0.0,0.0,0.0,0.715772095493,0.275642115634,-0.00867007727974
332.0,11.0,0.0,0.0,0.0,0.0,0.0,0.1326161388,0.275561256605,-0.00868337261282
332.0,11.5,0.0,0.0,0.0,0.0,0.0,0.179103601297,0.275502663103,-0.00869302209346
332.0,12.0,0.0,0.0,0.0,0.0,0.0,0.135973774751,0.27544243933,-0.00870295337293
332.0,12.5,0.0,0.0,0.0,0.0,0.0,0.284011420132,0.275383985408,-0.0087126057235
332.0,13.0,0.0,0.0,0.0,0.0,0.0,0.0,0.275320045707,-0.00872317853791
332.0,13.5,0.0,0.0,0.0,0.0,0.0,0.0,0.275267015641,-0.00873195897703
332.0,14.0,0.0,0.0,0.0,0.0,0.0,0.0,0.276801674543,-0.00848205774421
332.0,14.5,0.0,0.0,0.0,0.0,0.0,0.0,0.279919100258,-0.00800016322144
332.0,15.0,0.0,0.0,0.0,0.0,0.0,0.0,0.279853480147,-0.00800996527182
332.0,15.5,0.0,0.0,0.0,0.0,0.0,0.0,0.281374777628,-0.0077863511034
332.0,16.0,0.0,0.0,0.0,0.0,0.0,0.0,0.282891070494,-0.00757083470349
332.0,16.5,0.0,0.0,0.0,0.0,0.0,0.0,0.284402072493,-0.00736310351978
332.0,17.0,0.0,0.0,0.0,0.0,0.0,0.0,0.285907488815,-0.0071628587408
332.0,17.5,0.0,0.0,0.0,0.0,0.0,0.0,0.285821753587,-0.00717408725499
332.0,18.0,0.0,0.0,0.0,0.0,0.0,0.0,0.285736503296,-0.00718527305879
332.0,18.5,0.0,0.0,0.0,0.0,0.0,0.0,0.28565172959,-0.0071964169418
332.0,19.0,0.0,0.0,0.0,0.0,0.0,0.0,0.285567424327,-0.00720751967423
332.0,19.5,0.0,0.0,0.0,0.0,0.0,0.0,0.285483579571,-0.0072185820075
332.0,20.0,0.0,0.0,0.0,0.0,0.0,0.0,0.285400187587,-0.00722960467484
332.0,20.5,0.0,0.0,0.0,0.0,0.0,0.0,0.285317240832,-0.00724058839191
332.0,21.0,0.0,0.0,0.0,0.0,0.0,0.0,0.285234731949,-0.00725153385733
332.0,21.5,0.0,0.0,0.0,0.0,0.0,0.0,0.28594546228,-0.00715789214906
332.0,22.0,0.0,0.0,0.0,0.0,0.0,0.0,0.285860835206,-0.00716896624046
332.0,22.5,0.0,0.0,0.0,0.0,0.0,0.0,0.285776665327,-0.00718000075855
332.0,23.0,0.0,0.0,0.0,0.0,0.0,0.0,0.285692944912,-0.00719099643316
332.0,23.5,0.0,0.0,0.0,0.0,0.0,0.0,0.285609666423,-0.0072019539766
332.0,24.0,0.0,0.0,0.0,0.0,0.0,0.0,0.285526822509,-0.00721287408421
333.0,0.5,0.0,0.0,0.0,0.0,0.0,0.0,0.285444405997,-0.00722375743491
333.0,1.0,0.0,0.0,0.0,0.0,0.0,0.0,0.285362409891,-0.00723460469172
333.0,1.5,0.0,0.0,0.0,0.0,0.0,0.0,0.285280827364,-0.0072454165022
333.0,2.0,0.0,0.0,0.0,0.0,0.0,0.0,0.285199651752,-0.00725619349899
333.0,2.5,0.0,0.0,0.0,0.0,0.0,0.0,0.28511887655,-0.00726693630018
333.0,3.0,0.0,0.0,0.0,0.0,0.0,0.0,0.285831361577,-0.00717282787916
333.0,3.5,0.0,0.0,0.0,0.0,0.0,0.0,0.286541230989,-0.00708050548655
333.0,4.0,0.0,0.0,0.0,0.0,0.0,0.0,0.287248431801,-0.00698993457083
333.0,4.5,0.0,0.0,0.0,0.0,0.0,0.0,0.287952911424,-0.0069010812487
333.0,5.0,0.0,0.0,0.0,0.0,0.0,0.0,0.289447019783,-0.00671704888511
333.0,5.5,0.0,0.0,0.0,0.0,0.0,0.0,0.289350114005,-0.00672880620808
333.0,6.0,0.0,0.0,0.0,0.0,0.0,0.0,0.289253826015,-0.00674051287053
333.0,6.5,0.0,0.0,0.0,0.0,0.0,0.0,0.289158143066,-0.00675217001863
333.0,7.0,0.0,0.0,0.0,0.0,0.0,0.0,0.289063052787,-0.00676377876638
333.0,7.5,0.0,0.0,0.0,0.0,0.0,0.0,0.288968543166,-0.00677534019683
333.0,8.0,0.0,0.0,0.0,0.0,0.0,0.0,0.288874602539,-0.00678685536324
333.0,8.5,0.0,0.0,0.0,0.0,0.0,0.0,0.288781219574,-0.0067983252901
333.0,9.0,0.0,0.0,0.0,0.0,0.0,0.0,0.288688383262,-0.00680975097423
333.0,9.5,0.0,0.0,0.0,0.0,0.0,0.0,0.288596082903,-0.00682113338573
333.0,10.0,0.0,0.0,0.0,0.0,0.0,0.205172649186,0.288504308095,-0.00683247346894
333.0,10.5,0.0,0.0,0.0,0.0,0.0,0.389763349755,0.288405262431,-0.00684473718172
333.0,11.0,0.0,0.0,0.0,0.0,0.0,0.545059531033,0.28829971716,-0.00685783454465
333.0,11.5,0.0,0.0,0.0,0.0,0.0,0.618169514308,0.288188774437,-0.00687163389335
333.0,12.0,0.0,0.0,0.0,0.0,0.0,0.574989425001,0.288075543912,-0.0068857519327
333.0,12.5,0.0,0.0,0.0,0.0,0.0,0.400025257277,0.287964429725,-0.00689963970802
333.0,13.0,0.0,0.0,0.0,0.0,0.0,0.53009896156,0.287860424256,-0.00691266923831
333.0,13.5,0.0,0.0,0.0,0.0,0.0,1.24223491534,0.287751942742,-0.00692629076432
333.0,14.0,0.0,0.0,0.0,0.0,0.0,0.311287773515,0.28761688759,-0.00694329373847
333.0,14.5,0.0,0.0,0.0,0.0,0.0,0.116142521538,0.287517605572,-0.00695582472172
333.0,15.0,0.0,0.0,0.0,0.0,0.0,0.0,0.28742616511,-0.0069673898188
333.0,15.5,0.0,0.0,0.0,0.0,0.0,0.0,0.287339560324,-0.00697836444605
333.0,16.0,0.0,0.0,0.0,0.0,0.0,0.0,0.287253376078,-0.00698930623495
333.0,16.5,0.0,0.0,0.0,0.0,0.0,0.0,0.28716760503,-0.00700021586545
333.0,17.0,0.0,0.0,0.0,0.0,0.0,0.0,0.287082240024,-0.00701109400113
333.0,17.5,0.0,0.0,0.0,0.0,0.0,0.0,0.286997274082,-0.00702194128951
333.0,18.0,0.0,0.0,0.0,0.0,0.0,0.0,0.286912700406,-0.00703275836216
333.0,18.5,0.0,0.0,0.0,0.0,0.0,0.0,0.286828512373,-0.00704354583477
333.0,19.0,0.0,0.0,0.0,0.0,0.0,0.0,0.28674470353,-0.0070543043073
333.0,19.5,0.0,0.0,0.0,0.0,0.0,0.0,0.286661267595,-0.00706503436427
333.0,20.0,0.0,0.0,0.0,0.0,0.0,0.0,0.286578198449,-0.00707573657493
333.0,20.5,0.0,0.0,0.0,0.0,0.0,0.0,0.286495490136,-0.00708641149355
333.0,21.0,0.0,0.0,0.0,0.0,0.0,0.0,0.286413136855,-0.00709705965976
333.0,21.5,0.0,0.0,0.0,0.0,0.0,0.0,0.28633113296,-0.00710768159875
333.0,22.0,0.0,0.0,0.0,0.0,0.0,0.0,0.286249472954,-0.00711827782169
333.0,22.5,0.0,0.0,0.0,0.0,0.0,0.0,0.286168151486,-0.00712884882597
333.0,23.0,0.0,0.0,0.0,0.0,0.0,0.0,0.286087163346,-0.00713939509552
333.0,23.5,0.0,0.0,0.0,0.0,0.0,0.0,0.286006503461,-0.00714991710117
333.0,24.0,0.0,0.0,0.0,0.0,0.0,0.0,0.285926166895,-0.00716041530094
334.0,0.5,0.0,0.0,0.0,0.0,0.0,0.0,0.28584614884,-0.00717089014035
334.0,1.0,0.0,0.0,0.0,0.0,0.0,0.0,0.285766444614,-0.00718134205274
334.0,1.5,0.0,0.0,0.0,0.0,0.0,0.0,0.285687049662,-0.00719177145959
334.0,2.0,0.0,0.0,0.0,0.0,0.0,0.0,0.285607959544,-0.00720217877081
334.0,2.5,0.0,0.0,0.0,0.0,0.0,0.0,0.28552916994,-0.00721256438504
334.0,3.0,0.0,0.0,0.0,0.0,0.0,0.0,0.285450676641,-0.00722292868994
334.0,3.5,0.0,0.0,0.0,0.0,0.0,0.0,0.285372475548,-0.00723327206251
334.0,4.0,0.0,0.0,0.0,0.0,0.0,0.0,0.286087512853,-0.00713934954283
334.0,4.5,0.0,0.0,0.0,0.0,0.0,0.0,0.286007044038,-0.00714984652195
334.0,5.0,0.0,0.0,0.0,0.0,0.0,0.0,0.285926887101,-0.0071603211045
334.0,5.5,0.0,0.0,0.0,0.0,0.0,0.0,0.285847037623,-0.00717077369309
334.0,6.0,0.0,0.0,0.0,0.0,0.0,0.0,0.285767491299,-0.00718120467951
334.0,6.5,0.0,0.0,0.0,0.0,0.0,0.0,0.285688243934,-0.00719161444504
334.0,7.0,0.0,0.0,0.0,0.0,0.0,0.0,0.285609291441,-0.00720200336063
334.0,7.5,0.0,0.0,0.0,0.0,0.0,0.0,0.285530629837,-0.00721237178723
334.0,8.0,0.0,0.0,0.0,0.0,0.0,0.0,0.28545225524,-0.00722272007595
334.0,8.5,0.0,0.0,0.0,0.0,0.0,0.0,0.285374163867,-0.00723304856837
334.0,9.0,0.0,0.0,0.0,0.0,0.0,0.0239263935949,0.285296352032,-0.00724335759676
334.0,9.5,0.0,0.0,0.0,0.0,0.0,0.22427583886,0.285217908137,-0.00725376809
334.0,10.0,0.0,0.0,0.0,0.0,0.0,0.403365066538,0.285132133432,-0.00726517188504
334.0,10.5,0.0,0.0,0.0,0.0,0.0,0.486989193701,0.285039831329,-0.00727746737098
334.0,11.0,0.0,0.0,0.0,0.0,0.0,0.542350793392,0.284944621394,-0.0072901761927
334.0,11.5,0.0,0.0,0.0,0.0,0.0,0.739937803443,0.284847572943,-0.00730315764684
334.0,12.0,0.0,0.0,0.0,0.0,0.0,0.583919634579,0.284743285367,-0.00731713813771
334.0,12.5,0.0,0.0,0.0,0.0,0.0,0.303623911029,0.28464517488,-0.00733031966516
334.0,13.0,0.0,0.0,0.0,0.0,0.0,0.28632179658,0.284557954803,-0.00734206178567
334.0,13.5,0.0,0.0,0.0,0.0,0.0,0.236066871886,0.284471641611,-0.00735370388446
334.0,14.0,0.0,0.0,0.0,0.0,0.0,0.000313085215104,0.284387483004,-0.00736507655289
334.0,14.5,0.0,0.0,0.0,0.0,0.0,0.0,0.28431251587,-0.00737522479461
334.0,15.0,0.0,0.0,0.0,0.0,0.0,0.0,0.284237802531,-0.00738535526068
334.0,15.5,0.0,0.0,0.0,0.0,0.0,0.0,0.284163328457,-0.0073954697886
334.0,16.0,0.0,0.0,0.0,0.0,0.0,0.0,0.284089091065,-0.00740556860219
334.0,16.5,0.0,0.0,0.0,0.0,0.0,0.0,0.284015087838,-0.00741565191881
334.0,17.0,0.0,0.0,0.0,0.0,0.0,0.0,0.285527406203,-0.00721279707535
334.0,17.5,0.0,0.0,0.0,0.0,0.0,0.0,0.285448366358,-0.00722323400982
334.0,18.0,0.0,0.0,0.0,0.0,0.0,0.0,0.285369609829,-0.00723365143571
334.0,18.5,0.0,0.0,0.0,0.0,0.0,0.0,0.285291133162,-0.00724404965359
334.0,19.0,0.0,0.0,0.0,0.0,0.0,0.0,0.285212932986,-0.00725442895616
334.0,19.5,0.0,0.0,0.0,0.0,0.0,0.0,0.285135006012,-0.00726478962837
334.0,20.0,0.0,0.0,0.0,0.0,0.0,0.0,0.28505734903,-0.00727513194765
334.0,20.5,0.0,0.0,0.0,0.0,0.0,0.0,0.284979958905,-0.00728545618406
334.0,21.0,0.0,0.0,0.0,0.0,0.0,0.0,0.284902832579,-0.0072957626005
334.0,21.5,0.0,0.0,0.0,0.0,0.0,0.0,0.284825967064,-0.00730605145286
334.0,22.0,0.0,0.0,0.0,0.0,0.0,0.0,0.284749359446,-0.00731632299019
334.0,22.5,0.0,0.0,0.0,0.0,0.0,0.0,0.284673006878,-0.00732657745492
334.0,23.0,0.0,0.0,0.0,0.0,0.0,0.0,0.28459690658,-0.00733681508296
334.0,23.5,0.0,0.0,0.0,0.0,0.0,0.0,0.284521055837,-0.00734703610391
334.0,24.0,0.0,0.0,0.0,0.0,0.0,0.0,0.284445451998,-0.00735724074122
335.0,0.5,0.0,0.0,0.0,0.0,0.0,0.0,0.284370092475,-0.0073674292123
335.0,1.0,0.0,0.0,0.0,0.0,0.0,0.0,0.284294974736,-0.00737760172877
335.0,1.5,0.0,0.0,0.0,0.0,0.0,0.0,0.284220096312,-0.00738775849649
335.0,2.0,0.0,0.0,0.0,0.0,0.0,0.0,0.284145454788,-0.00739789971582
335.0,2.5,0.0,0.0,0.0,0.0,0.0,0.0,0.284071047804,-0.0074080255817
335.0,3.0,0.0,0.0,0.0,0.0,0.0,0.0,0.283996873056,-0.0074181362838
335.0,3.5,0.0,0.0,0.0,0.0,0.0,0.0,0.28392292829,-0.00742823200667
335.0,4.0,0.0,0.0,0.0,0.0,0.0,0.0,0.283849211303,-0.00743831292989
335.0,4.5,0.0,0.0,0.0,0.0,0.0,0.0,0.283775719943,-0.00744837922816
335.0,5.0,0.0,0.0,0.0,0.0,0.0,0.0,0.283702452104,-0.00745843107146
335.0,5.5,0.0,0.0,0.0,0.0,0.0,0.0,0.283629405727,-0.00746846862518
335.0,6.0,0.0,0.0,0.0,0.0,0.0,0.0,0.283556578801,-0.00747849205021
335.0,6.5,0.0,0.0,0.0,0.0,0.0,0.0,0.284277100746,-0.00738002470597
335.0,7.0,0.0,0.0,0.0,0.0,0.0,0.0,0.284202042047,-0.00739020993159
335.0,7.5,0.0,0.0,0.0,0.0,0.0,0.0,0.28412722285,-0.00740037932987
335.0,8.0,0.0,0.0,0.0,0.0,0.0,0.0,0.284052640824,-0.00741053309028
335.0,8.5,0.0,0.0,0.0,0.0,0.0,0.0,0.283978293687,-0.00742067139748
335.0,9.0,0.0,0.0,0.0,0.0,0.0,0.104233322,0.283904179206,-0.00743079443141
335.0,9.5,0.0,0.0,0.0,0.0,0.0,0.329425721185,0.283826339545,-0.00744144399446
335.0,10.0,0.0,0.0,0.0,0.0,0.0,0.610420746615,0.283740182175,-0.00745325274822
335.0,10.5,0.0,0.0,0.0,0.0,0.0,0.989254493671,0.283643587295,-0.00746651862871
335.0,11.0,0.0,0.0,0.0,0.0,0.0,0.605998914304,0.283532839883,-0.00748176278396
335.0,11.5,0.0,0.0,0.0,0.0,0.0,0.768305147444,0.283436859181,-0.00749500433513
335.0,12.0,0.0,0.0,0.0,0.0,0.0,1.00799984249,0.283334939185,-0.00750909585463
335.0,12.5,0.0,0.0,0.0,0.0,0.0,0.697401862589,0.283224141083,-0.00752445069278
335.0,13.0,0.0,0.0,0.0,0.0,0.0,0.816215324172,0.283125346574,-0.00753817358497
335.0,13.5,0.0,0.0,0.0,0.0,0.0,0.586761206466,0.283022257673,-0.00755252478687
335.0,14.0,0.0,0.0,0.0,0.0,0.0,0.472925028422,0.282928089315,-0.00756566260089
335.0,14.5,0.0,0.0,0.0,0.0,0.0,0.232930380205,0.282838452043,-0.00757819356773
335.0,15.0,0.0,0.0,0.0,0.0,0.0,0.0381789685124,0.282758131836,-0.0075894430544
335.0,15.5,0.0,0.0,0.0,0.0,0.0,0.0,0.282685410027,-0.00759964549098
335.0,16.0,0.0,0.0,0.0,0.0,0.0,0.0,0.282614343044,-0.0076096315566
335.0,16.5,0.0,0.0,0.0,0.0,0.0,0.0,0.28254348038,-0.00761960448314
335.0,17.0,0.0,0.0,0.0,0.0,0.0,0.0,0.282472820446,-0.00762956438793
335.0,17.5,0.0,0.0,0.0,0.0,0.0,0.0,0.283195566847,-0.00752841668925
335.0,18.0,0.0,0.0,0.0,0.0,0.0,0.0,0.284708868917,-0.007321758904
335.0,18.5,0.0,0.0,0.0,0.0,0.0,0.0,0.287801984706,-0.00692000325463
335.0,19.0,0.0,0.0,0.0,0.0,0.0,0.0,0.290089542916,-0.00663970942324
335.0,19.5,0.0,0.0,0.0,0.0,0.0,0.0,0.295533120492,-0.00602532360073
335.0,20.0,0.0,0.0,0.0,0.0,0.0,0.0,0.298571440436,-0.00571189883818
335.0,20.5,0.0,0.0,0.0,0.0,0.0,0.0,0.299218682702,-0.00564766378161
335.0,21.0,0.0,0.0,0.0,0.0,0.0,0.0,0.299862279265,-0.00558464216225
335.0,21.5,0.0,0.0,0.0,0.0,0.0,0.0,0.301336716301,-0.00544339486459
335.0,22.0,0.0,0.0,0.0,0.0,0.0,0.0,0.301176582547,-0.00545852754609
335.0,22.5,0.0,0.0,0.0,0.0,0.0,0.0,0.301018232956,-0.00547354093863
335.0,23.0,0.0,0.0,0.0,0.0,0.0,0.0,0.300861603994,-0.00548843962137
335.0,23.5,0.0,0.0,0.0,0.0,0.0,0.0,0.300706635203,-0.00550322796407
335.0,24.0,0.0,0.0,0.0,0.0,0.0,0.0,0.300553269005,-0.00551791014018
336.0,0.5,0.0,0.0,0.0,0.0,0.0,0.0,0.300401450525,-0.00553249013878
336.0,1.0,0.0,0.0,0.0,0.0,0.0,0.0,0.300251127419,-0.00554697177568
336.0,1.5,0.0,0.0,0.0,0.0,0.0,0.0,0.300102249721,-0.00556135870364
336.0,2.0,0.0,0.0,0.0,0.0,0.0,0.0,0.299954769708,-0.00557565442179
336.0,2.5,0.0,0.0,0.0,0.0,0.0,0.0,0.299808641758,-0.0055898622844
336.0,3.0,0.0,0.0,0.0,0.0,0.0,0.0,0.299663822239,-0.00560398550892
336.0,3.5,0.0,0.0,0.0,0.0,0.0,0.0,0.29952026939,-0.00561802718354
336.0,4.0,0.0,0.0,0.0,0.0,0.0,0.0,0.299377943219,-0.0056319902741
336.0,4.5,0.0,0.0,0.0,0.0,0.0,0.0,0.299236805408,-0.00564587763059
336.0,5.0,0.0,0.0,0.0,0.0,0.0,0.0,0.299096819218,-0.00565969199316
336.0,5.5,0.0,0.0,0.0,0.0,0.0,0.0,0.298957949411,-0.00567343599771
336.0,6.0,0.0,0.0,0.0,0.0,0.0,0.0,0.298820162167,-0.00568711218112
336.0,6.5,0.0,0.0,0.0,0.0,0.0,0.0,0.298683425015,-0.00570072298609
336.0,7.0,0.0,0.0,0.0,0.0,0.0,0.0,0.298547706764,-0.00571427076573
336.0,7.5,0.0,0.0,0.0,0.0,0.0,0.0,0.298412977439,-0.00572775778775
336.0,8.0,0.0,0.0,0.0,0.0,0.0,0.0,0.29827920822,-0.00574118623845
336.0,8.5,0.0,0.0,0.0,0.0,0.0,0.0,0.29814637139,-0.00575455822646
336.0,9.0,0.0,0.0,0.0,0.0,0.0,0.0,0.298014440283,-0.00576787578616
336.0,9.5,0.0,0.0,0.0,0.0,0.0,0.0,0.297883389231,-0.00578114088098
336.0,10.0,0.0,0.0,0.0,0.0,0.0,0.0335672177293,0.297753193522,-0.00579435540646
336.0,10.5,0.0,0.0,0.0,0.0,0.0,0.0257217568388,0.297622555482,-0.00580765101627
336.0,11.0,0.0,0.0,0.0,0.0,0.0,0.00443005400957,0.29749302379,-0.00582086993227
336.0,11.5,0.0,0.0,0.0,0.0,0.0,0.0214583167667,0.297365086637,-0.00583396132758
336.0,12.0,0.0,0.0,0.0,0.0,0.0,0.0,0.297237268483,-0.00584707559279
336.0,12.5,0.0,0.0,0.0,0.0,0.0,0.0,0.297111009359,-0.00586006439873
336.0,13.0,0.0,0.0,0.0,0.0,0.0,0.0,0.296985475122,-0.00587301272956
336.0,13.5,0.0,0.0,0.0,0.0,0.0,0.0,0.296860646706,-0.0058859220736
336.0,14.0,0.0,0.0,0.0,0.0,0.0,0.0,0.296736505784,-0.00589879386336
336.0,14.5,0.0,0.0,0.0,0.0,0.0,0.0,0.296613034757,-0.00591162947525
336.0,15.0,0.0,0.0,0.0,0.0,0.0,0.0,0.296490216742,-0.00592443023001
336.0,15.5,0.0,0.0,0.0,0.0,0.0,0.0,0.296368035556,-0.00593719739349
336.0,16.0,0.0,0.0,0.0,0.0,0.0,0.0,0.297037964987,-0.00586759447724
336.0,16.5,0.0,0.0,0.0,0.0,0.0,0.0,0.296912747874,-0.00588052983573
336.0,17.0,0.0,0.0,0.0,0.0,0.0,0.0,0.296788189928,-0.00589343082283
336.0,17.5,0.0,0.0,0.0,0.0,0.0,0.0,0.296664275022,-0.00590629868282
336.0,18.0,0.0,0.0,0.0,0.0,0.0,0.0,0.2965409877,-0.00591913460708
336.0,18.5,0.0,0.0,0.0,0.0,0.0,0.0,0.296418313163,-0.00593193973523
336.0,19.0,0.0,0.0,0.0,0.0,0.0,0.0,0.296296237241,-0.00594471515644
336.0,19.5,0.0,0.0,0.0,0.0,0.0,0.0,0.296174746374,-0.00595746191084
336.0,20.0,0.0,0.0,0.0,0.0,0.0,0.0,0.296053827591,-0.00597018099102
336.0,20.5,0.0,0.0,0.0,0.0,0.0,0.0,0.295933468486,-0.00598287334359
336.0,21.0,0.0,0.0,0.0,0.0,0.0,0.0,0.295813657193,-0.00599553987074
336.0,21.5,0.0,0.0,0.0,0.0,0.0,0.0,0.295694382369,-0.00600818143178
336.0,22.0,0.0,0.0,0.0,0.0,0.0,0.0,0.295575633171,-0.00602079884473
336.0,22.5,0.0,0.0,0.0,0.0,0.0,0.0,0.295457399231,-0.00603339288783
336.0,23.0,0.0,0.0,0.0,0.0,0.0,0.0,0.295339670643,-0.00604596430106
336.0,23.5,0.0,0.0,0.0,0.0,0.0,0.0,0.295222437937,-0.00605851378761
336.0,24.0,0.0,0.0,0.0,0.0,0.0,0.0,0.295105692062,-0.00607104201537
337.0,0.5,0.0,0.0,0.0,0.0,0.0,0.0,0.294989424369,-0.00608354961825
337.0,1.0,0.0,0.0,0.0,0.0,0.0,0.0,0.294873626593,-0.00609603719762
337.0,1.5,0.0,0.0,0.0,0.0,0.0,0.0,0.294758290833,-0.00610850532362
337.0,2.0,0.0,0.0,0.0,0.0,0.0,0.0,0.29464340954,-0.0061209545364
337.0,2.5,0.0,0.0,0.0,0.0,0.0,0.0,0.294528975496,-0.00613338534742
337.0,3.0,0.0,0.0,0.0,0.0,0.0,0.0,0.294414981806,-0.00614579824062
337.0,3.5,0.0,0.0,0.0,0.0,0.0,0.0,0.294301421876,-0.00615819367358
337.0,4.0,0.0,0.0,0.0,0.0,0.0,0.0,0.294188289404,-0.00617057207867
337.0,4.5,0.0,0.0,0.0,0.0,0.0,0.0,0.294075578363,-0.00618293386406
337.0,5.0,0.0,0.0,0.0,0.0,0.0,0.0,0.293963282994,-0.00619527941485
337.0,5.5,0.0,0.0,0.0,0.0,0.0,0.0,0.293851397785,-0.006207609094
337.0,6.0,0.0,0.0,0.0,0.0,0.0,0.0,0.293739917469,-0.00621992324333
337.0,6.5,0.0,0.0,0.0,0.0,0.0,0.0,0.293628837004,-0.00623222218445
337.0,7.0,0.0,0.0,0.0,0.0,0.0,0.0,0.293518151569,-0.00624450621964
337.0,7.5,0.0,0.0,0.0,0.0,0.0,0.0,0.293407856549,-0.00625677563271
337.0,8.0,0.0,0.0,0.0,0.0,0.0,0.0,0.293297947527,-0.00626903068987
337.0,8.5,0.0,0.0,0.0,0.0,0.0,0.0,0.293188420277,-0.00628127164045
337.0,9.0,0.0,0.0,0.0,0.0,0.0,0.0,0.293079270749,-0.00629349871773
337.0,9.5,0.0,0.0,0.0,0.0,0.0,0.0,0.292970495067,-0.00630571213965
337.0,10.0,0.0,0.0,0.0,0.0,0.0,0.0836301211145,0.292862089514,-0.00631791210953
337.0,10.5,0.0,0.0,0.0,0.0,0.0,0.27749935999,0.292750876773,-0.00633045723733
337.0,11.0,0.0,0.0,0.0,0.0,0.0,0.32990235227,0.292632669861,-0.00634382388091
337.0,11.5,0.0,0.0,0.0,0.0,0.0,0.816925051737,0.292512834142,-0.00635740904725
337.0,12.0,0.0,0.0,0.0,0.0,0.0,0.958745772559,0.29237487268,-0.00637309198445
337.0,12.5,0.0,0.0,0.0,0.0,0.0,0.982941755357,0.292231882861,-0.00638939519752
337.0,13.0,0.0,0.0,0.0,0.0,0.0,0.549818632116,0.292088325646,-0.0064058131153
337.0,13.5,0.0,0.0,0.0,0.0,0.0,0.553313819554,0.291961553496,-0.00642035321663
337.0,14.0,0.0,0.0,0.0,0.0,0.0,0.365577541471,0.291834994104,-0.00643490815648
337.0,14.5,0.0,0.0,0.0,0.0,0.0,0.425540771915,0.291715902138,-0.00644864022254
337.0,15.0,0.0,0.0,0.0,0.0,0.0,0.065716210226,0.291594874959,-0.00646263121699
337.0,15.5,0.0,0.0,0.0,0.0,0.0,0.0,0.291487841134,-0.00647503469582
337.0,16.0,0.0,0.0,0.0,0.0,0.0,0.0,0.291383636998,-0.00648713751773
337.0,16.5,0.0,0.0,0.0,0.0,0.0,0.0,0.291279766446,-0.00649922842919
337.0,17.0,0.0,0.0,0.0,0.0,0.0,0.0,0.291176227381,-0.00651130748573
337.0,17.5,0.0,0.0,0.0,0.0,0.0,0.0,0.291073017782,-0.00652337473566
337.0,18.0,0.0,0.0,0.0,0.0,0.0,0.0,0.290970135706,-0.00653543022042
337.0,18.5,0.0,0.0,0.0,0.0,0.0,0.0,0.290867579275,-0.00654747397502
337.0,19.0,0.0,0.0,0.0,0.0,0.0,0.0,0.29076534668,-0.00655950602839
337.0,19.5,0.0,0.0,0.0,0.0,0.0,0.0,0.29066343617,-0.00657152640374
337.0,20.0,0.0,0.0,0.0,0.0,0.0,0.0,0.290561846056,-0.00658353511892
337.0,20.5,0.0,0.0,0.0,0.0,0.0,0.0,0.290460574702,-0.00659553218671
337.0,21.0,0.0,0.0,0.0,0.0,0.0,0.0,0.290359620523,-0.00660751761517
337.0,21.5,0.0,0.0,0.0,0.0,0.0,0.0,0.290258981985,-0.00661949140791
337.0,22.0,0.0,0.0,0.0,0.0,0.0,0.0,0.290158657597,-0.00663145356438
337.0,22.5,0.0,0.0,0.0,0.0,0.0,0.0,0.290058645913,-0.00664340408016
337.0,23.0,0.0,0.0,0.0,0.0,0.0,0.0,0.289958945526,-0.00665534294717
337.0,23.5,0.0,0.0,0.0,0.0,0.0,0.0,0.28985955507,-0.00666727015396
337.0,24.0,0.0,0.0,0.0,0.0,0.0,0.0,0.289760473209,-0.00667918568593
338.0,0.5,0.0,0.0,0.0,0.0,0.0,0.0,0.289661698647,-0.00669108952554
338.0,1.0,0.0,0.0,0.0,0.0,0.0,0.0,0.289563230115,-0.00670298165254
338.0,1.5,0.0,0.0,0.0,0.0,0.0,0.0,0.289465066374,-0.00671486204416
338.0,2.0,0.0,0.0,0.0,0.0,0.0,0.0,0.289367206214,-0.00672673067532
338.0,2.5,0.0,0.0,0.0,0.0,0.0,0.0,0.28926964845,-0.00673858751878
338.0,3.0,0.0,0.0,0.0,0.0,0.0,0.0,0.28917239192,-0.00675043254536
338.0,3.5,0.0,0.0,0.0,0.0,0.0,0.0,0.289075435486,-0.00676226572406
338.0,4.0,0.0,0.0,0.0,0.0,0.0,0.0,0.28897877803,-0.00677408702225
338.0,4.5,0.0,0.0,0.0,0.0,0.0,0.0,0.288882418454,-0.00678589640581
338.0,5.0,0.0,0.0,0.0,0.0,0.0,0.0,0.288786355677,-0.00679769383926
338.0,5.5,0.0,0.0,0.0,0.0,0.0,0.0,0.288690588637,-0.00680947928593
338.0,6.0,0.0,0.0,0.0,0.0,0.0,0.0,0.288595116286,-0.00682125270805
338.0,6.5,0.0,0.0,0.0,0.0,0.0,0.0,0.288499937591,-0.00683301406688
338.0,7.0,0.0,0.0,0.0,0.0,0.0,0.0,0.288405051533,-0.00684476332285
338.0,7.5,0.0,0.0,0.0,0.0,0.0,0.0,0.288310457105,-0.00685650043565
338.0,8.0,0.0,0.0,0.0,0.0,0.0,0.0,0.28821615331,-0.00686822536434
338.0,8.5,0.0,0.0,0.0,0.0,0.0,0.0,0.288122139166,-0.00687993806744
338.0,9.0,0.0,0.0,0.0,0.0,0.0,0.0,0.288028413696,-0.00689163850303
338.0,9.5,0.0,0.0,0.0,0.0,0.0,0.033233200789,0.287934975935,-0.00690332662885
338.0,10.0,0.0,0.0,0.0,0.0,0.0,0.205864344823,0.287840563726,-0.00691516064538
338.0,10.5,0.0,0.0,0.0,0.0,0.0,0.472936928865,0.287739885976,-0.00692780665101
338.0,11.0,0.0,0.0,0.0,0.0,0.0,0.639305740046,0.287629357693,-0.00694172171347
338.0,11.5,0.0,0.0,0.0,0.0,0.0,0.544895897241,0.287512799643,-0.00695643199048
338.0,12.0,0.0,0.0,0.0,0.0,0.0,0.703287520892,0.287400107432,-0.00697068970422
338.0,12.5,0.0,0.0,0.0,0.0,0.0,0.385281551087,0.287281686332,-0.00698570976565
338.0,13.0,0.0,0.0,0.0,0.0,0.0,0.227558279567,0.287175614687,-0.00699919622041
338.0,13.5,0.0,0.0,0.0,0.0,0.0,0.249592299952,0.28707580886,-0.00701191434534
338.0,14.0,0.0,0.0,0.0,0.0,0.0,0.130699484457,0.286975446161,-0.00702473120721
338.0,14.5,0.0,0.0,0.0,0.0,0.0,0.0646913864101,0.28687987385,-0.00703696226525
338.0,15.0,0.0,0.0,0.0,0.0,0.0,0.0,0.286787084049,-0.00704886150961
338.0,15.5,0.0,0.0,0.0,0.0,0.0,0.0,0.28669702589,-0.00706043338415
338.0,16.0,0.0,0.0,0.0,0.0,0.0,0.0,0.286607243442,-0.00707199236947
338.0,16.5,0.0,0.0,0.0,0.0,0.0,0.0,0.286517735811,-0.00708353842447
338.0,17.0,0.0,0.0,0.0,0.0,0.0,0.0,0.286428502103,-0.00709507150843
338.0,17.5,0.0,0.0,0.0,0.0,0.0,0.0,0.28633954143,-0.00710659158114
338.0,18.0,0.0,0.0,0.0,0.0,0.0,0.0,0.286250852903,-0.00711809860287
338.0,18.5,0.0,0.0,0.0,0.0,0.0,0.0,0.286162435637,-0.00712959253442
338.0,19.0,0.0,0.0,0.0,0.0,0.0,0.0,0.286074288744,-0.00714107333716
338.0,19.5,0.0,0.0,0.0,0.0,0.0,0.0,0.285986411341,-0.00715254097306
338.0,20.0,0.0,0.0,0.0,0.0,0.0,0.0,0.285898802544,-0.00716399540471
338.0,20.5,0.0,0.0,0.0,0.0,0.0,0.0,0.285811461471,-0.00717543659534
338.0,21.0,0.0,0.0,0.0,0.0,0.0,0.0,0.285724387239,-0.00718686450885
338.0,21.5,0.0,0.0,0.0,0.0,0.0,0.0,0.285637578964,-0.00719827910984
338.0,22.0,0.0,0.0,0.0,0.0,0.0,0.0,0.285551035767,-0.00720968036362
338.0,22.5,0.0,0.0,0.0,0.0,0.0,0.0,0.285464756764,-0.00722106823621
338.0,23.0,0.0,0.0,0.0,0.0,0.0,0.0,0.285378741073,-0.00723244269439
338.0,23.5,0.0,0.0,0.0,0.0,0.0,0.0,0.285292987812,-0.00724380370569
338.0,24.0,0.0,0.0,0.0,0.0,0.0,0.0,0.285207496099,-0.0072551512384
339.0,0.5,0.0,0.0,0.0,0.0,0.0,0.0,0.285122265051,-0.00726648526162
339.0,1.0,0.0,0.0,0.0,0.0,0.0,0.0,0.285037293784,-0.00727780574522
339.0,1.5,0.0,0.0,0.0,0.0,0.0,0.0,0.284952581415,-0.00728911265987
339.0,2.0,0.0,0.0,0.0,0.0,0.0,0.0,0.284868127061,-0.00730040597704
339.0,2.5,0.0,0.0,0.0,0.0,0.0,0.0,0.284783929835,-0.00731168566905
339.0,3.0,0.0,0.0,0.0,0.0,0.0,0.0,0.284699988854,-0.007322951709
339.0,3.5,0.0,0.0,0.0,0.0,0.0,0.0,0.284616303231,-0.00733420407084
339.0,4.0,0.0,0.0,0.0,0.0,0.0,0.0,0.28453287208,-0.00734544272933
339.0,4.5,0.0,0.0,0.0,0.0,0.0,0.0,0.284449694514,-0.00735666766007
339.0,5.0,0.0,0.0,0.0,0.0,0.0,0.0,0.284366769646,-0.00736787883949
339.0,5.5,0.0,0.0,0.0,0.0,0.0,0.0,0.284284096588,-0.00737907624486
339.0,6.0,0.0,0.0,0.0,0.0,0.0,0.0,0.284201674451,-0.00739025985427
339.0,6.5,0.0,0.0,0.0,0.0,0.0,0.0,0.284119502347,-0.00740142964665
339.0,7.0,0.0,0.0,0.0,0.0,0.0,0.0,0.284037579384,-0.00741258560177
339.0,7.5,0.0,0.0,0.0,0.0,0.0,0.0,0.283955904674,-0.00742372770021
339.0,8.0,0.0,0.0,0.0,0.0,0.0,0.0,0.283874477326,-0.00743485592338
339.0,8.5,0.0,0.0,0.0,0.0,0.0,0.0,0.283793296448,-0.00744597025354
339.0,9.0,0.0,0.0,0.0,0.0,0.0,0.0,0.28371236115,-0.00745707067374
339.0,9.5,0.0,0.0,0.0,0.0,0.0,0.0229759590353,0.28363167054,-0.00746815716785
339.0,10.0,0.0,0.0,0.0,0.0,0.0,0.276003152408,0.284343215725,-0.00737106696652
339.0,10.5,0.0,0.0,0.0,0.0,0.0,1.10787389542,0.284249609632,-0.00738375322007
339.0,11.0,0.0,0.0,0.0,0.0,0.0,0.487757581821,0.284124706303,-0.00740072166778
339.0,11.5,0.0,0.0,0.0,0.0,0.0,0.444438631438,0.284023607178,-0.00741449028261
339.0,12.0,0.0,0.0,0.0,0.0,0.0,0.455603141057,0.28392442144,-0.00742802798405
339.0,12.5,0.0,0.0,0.0,0.0,0.0,0.649840452137,0.283825080072,-0.00744161645749
339.0,13.0,0.0,0.0,0.0,0.0,0.0,0.425633863443,0.283718634105,-0.00745620962227
339.0,13.5,0.0,0.0,0.0,0.0,0.0,0.256609653639,0.28362096211,-0.00746962992914
339.0,14.0,0.0,0.0,0.0,0.0,0.0,0.08679209199,0.283529968574,-0.0074821585066
339.0,14.5,0.0,0.0,0.0,0.0,0.0,0.155037898101,0.283445682272,-0.00749378593185
339.0,15.0,0.0,0.0,0.0,0.0,0.0,0.0163399807811,0.283359067386,-0.00750575702529
339.0,15.5,0.0,0.0,0.0,0.0,0.0,0.0,0.283277976105,-0.00751698535517
339.0,16.0,0.0,0.0,0.0,0.0,0.0,0.0,0.283197763648,-0.0075281116932
339.0,16.5,0.0,0.0,0.0,0.0,0.0,0.0,0.283117808616,-0.00753922185666
339.0,17.0,0.0,0.0,0.0,0.0,0.0,0.0,0.283038109724,-0.00755031587605
339.0,17.5,0.0,0.0,0.0,0.0,0.0,0.0,0.282958665693,-0.00756139378184
339.0,18.0,0.0,0.0,0.0,0.0,0.0,0.0,0.282879475254,-0.00757245560442
339.0,18.5,0.0,0.0,0.0,0.0,0.0,0.0,0.282800537148,-0.00758350137413
339.0,19.0,0.0,0.0,0.0,0.0,0.0,0.0,0.282721850123,-0.00759453112129
339.0,19.5,0.0,0.0,0.0,0.0,0.0,0.0,0.282643412935,-0.0076055448762
339.0,20.0,0.0,0.0,0.0,0.0,0.0,0.0,0.282565224349,-0.00761654266912
339.0,20.5,0.0,0.0,0.0,0.0,0.0,0.0,0.282487283138,-0.00762752453033
339.0,21.0,0.0,0.0,0.0,0.0,0.0,0.0,0.282409588083,-0.00763849049009
339.0,21.5,0.0,0.0,0.0,0.0,0.0,0.0,0.282332137973,-0.00764944057866
339.0,22.0,0.0,0.0,0.0,0.0,0.0,0.0,0.282254931605,-0.00766037482633
339.0,22.5,0.0,0.0,0.0,0.0,0.0,0.0,0.282177967782,-0.0076712932634
339.0,23.0,0.0,0.0,0.0,0.0,0.0,0.0,0.282101245317,-0.00768219592018
339.0,23.5,0.0,0.0,0.0,0.0,0.0,0.0,0.282024763028,-0.00769308282703
339.0,24.0,0.0,0.0,0.0,0.0,0.0,0.0,0.281948519742,-0.00770395401433
340.0,0.5,0.0,0.0,0.0,0.0,0.0,0.0,0.281872514294,-0.0077148095125
340.0,1.0,0.0,0.0,0.0,0.0,0.0,0.0,0.281796745523,-0.007725649352
340.0,1.5,0.0,0.0,0.0,0.0,0.0,0.0,0.281721212278,-0.00773647356333
340.0,2.0,0.0,0.0,0.0,0.0,0.0,0.0,0.281645913413,-0.00774728217706
340.0,2.5,0.0,0.0,0.0,0.0,0.0,0.0,0.281570847791,-0.00775807522378
340.0,3.0,0.0,0.0,0.0,0.0,0.0,0.0,0.28149601428,-0.00776885273415
340.0,3.5,0.0,0.0,0.0,0.0,0.0,0.0,0.281421411756,-0.00777961473889
340.0,4.0,0.0,0.0,0.0,0.0,0.0,0.0,0.2813470391,-0.00779036126877
340.0,4.5,0.0,0.0,0.0,0.0,0.0,0.0,0.281272895202,-0.00780109235461
340.0,5.0,0.0,0.0,0.0,0.0,0.0,0.0,0.281198978956,-0.00781180802732
340.0,5.5,0.0,0.0,0.0,0.0,0.0,0.0,0.281125289264,-0.00782250831784
340.0,6.0,0.0,0.0,0.0,0.0,0.0,0.0,0.281051825034,-0.00783319325719
340.0,6.5,0.0,0.0,0.0,0.0,0.0,0.0,0.280978585182,-0.00784386287647
340.0,7.0,0.0,0.0,0.0,0.0,0.0,0.0,0.280905568626,-0.00785451720682
340.0,7.5,0.0,0.0,0.0,0.0,0.0,0.0,0.280832774295,-0.00786515627945
340.0,8.0,0.0,0.0,0.0,0.0,0.0,0.0,0.280760201122,-0.00787578012566
340.0,8.5,0.0,0.0,0.0,0.0,0.0,0.0,0.280687848045,-0.00788638877678
340.0,9.0,0.0,0.0,0.0,0.0,0.0,0.0,0.28061571401,-0.00789698226423
340.0,9.5,0.0,0.0,0.0,0.0,0.0,0.0,0.280543797968,-0.00790756061951
340.0,10.0,0.0,0.0,0.0,0.0,0.0,0.0,0.280472098877,-0.00791812387415
340.0,10.5,0.0,0.0,0.0,0.0,0.0,0.0,0.2804006157,-0.00792867205978
340.0,11.0,0.0,0.0,0.0,0.0,0.0,0.0,0.281122524777,-0.00782291008164
340.0,11.5,0.0,0.0,0.0,0.0,0.0,0.0,0.281048850953,-0.00783362618593
340.0,12.0,0.0,0.0,0.0,0.0,0.0,0.0,0.280975415335,-0.00784432505209
340.0,12.5,0.0,0.0,0.0,0.0,0.0,0.0,0.280902216513,-0.00785500674973
340.0,13.0,0.0,0.0,0.0,0.0,0.0,0.0,0.280829253089,-0.00786567134779
340.0,13.5,0.0,0.0,0.0,0.0,0.0,0.0,0.280756523678,-0.00787631891455
340.0,14.0,0.0,0.0,0.0,0.0,0.0,0.0271526406311,0.280684026909,-0.00788694951765
340.0,14.5,0.0,0.0,0.0,0.0,0.0,0.0306973720971,0.280610730985,-0.00789771468913
340.0,15.0,0.0,0.0,0.0,0.0,0.0,0.0,0.280537530477,-0.00790848332403
340.0,15.5,0.0,0.0,0.0,0.0,0.0,0.0,0.280465723539,-0.00791906395117
340.0,16.0,0.0,0.0,0.0,0.0,0.0,0.0,0.280394143887,-0.00792962787844
340.0,16.5,0.0,0.0,0.0,0.0,0.0,0.0,0.280322790212,-0.00794017517049
340.0,17.0,0.0,0.0,0.0,0.0,0.0,0.0,0.280251661219,-0.00795070589142
340.0,17.5,0.0,0.0,0.0,0.0,0.0,0.0,0.280180755622,-0.00796122010477
340.0,18.0,0.0,0.0,0.0,0.0,0.0,0.0,0.280110072148,-0.00797171787354
340.0,18.5,0.0,0.0,0.0,0.0,0.0,0.0,0.280039609536,-0.00798219926021
340.0,19.0,0.0,0.0,0.0,0.0,0.0,0.0,0.279969366536,-0.00799266432673
340.0,19.5,0.0,0.0,0.0,0.0,0.0,0.0,0.279899341907,-0.00800311313456
340.0,20.0,0.0,0.0,0.0,0.0,0.0,0.0,0.279829534421,-0.00801354574465
340.0,20.5,0.0,0.0,0.0,0.0,0.0,0.0,0.279759942861,-0.00802396221747
340.0,21.0,0.0,0.0,0.0,0.0,0.0,0.0,0.279690566019,-0.00803436261302
340.0,21.5,0.0,0.0,0.0,0.0,0.0,0.0,0.2796214027,-0.00804474699081
340.0,22.0,0.0,0.0,0.0,0.0,0.0,0.0,0.279552451716,-0.00805511540992
340.0,22.5,0.0,0.0,0.0,0.0,0.0,0.0,0.279483711892,-0.00806546792895
340.0,23.0,0.0,0.0,0.0,0.0,0.0,0.0,0.27941518206,-0.00807580460608
340.0,23.5,0.0,0.0,0.0,0.0,0.0,0.0,0.279346861066,-0.00808612549904
340.0,24.0,0.0,0.0,0.0,0.0,0.0,0.0,0.279278747763,-0.00809643066515
341.0,0.5,0.0,0.0,0.0,0.0,0.0,0.0,0.279210841013,-0.0081067201613
341.0,1.0,0.0,0.0,0.0,0.0,0.0,0.0,0.279143139689,-0.00811699404397
341.0,1.5,0.0,0.0,0.0,0.0,0.0,0.0,0.279075642673,-0.00812725236924
341.0,2.0,0.0,0.0,0.0,0.0,0.0,0.0,0.279008348857,-0.00813749519279
341.0,2.5,0.0,0.0,0.0,0.0,0.0,0.0,0.27894125714,-0.00814772256992
341.0,3.0,0.0,0.0,0.0,0.0,0.0,0.0,0.278874366432,-0.00815793455554
341.0,3.5,0.0,0.0,0.0,0.0,0.0,0.0,0.278807675652,-0.00816813120417
341.0,4.0,0.0,0.0,0.0,0.0,0.0,0.0,0.278741183725,-0.00817831256998
341.0,4.5,0.0,0.0,0.0,0.0,0.0,0.0,0.278674889589,-0.00818847870676
341.0,5.0,0.0,0.0,0.0,0.0,0.0,0.0,0.278608792186,-0.00819862966796
341.0,5.5,0.0,0.0,0.0,0.0,0.0,0.0,0.278542890469,-0.00820876550666
341.0,6.0,0.0,0.0,0.0,0.0,0.0,0.0,0.2784771834,-0.0082188862756
341.0,6.5,0.0,0.0,0.0,0.0,0.0,0.0,0.278411669948,-0.00822899202717
341.0,7.0,0.0,0.0,0.0,0.0,0.0,0.0,0.27834634909,-0.00823908281344
341.0,7.5,0.0,0.0,0.0,0.0,0.0,0.0,0.278281219811,-0.00824915868614
341.0,8.0,0.0,0.0,0.0,0.0,0.0,0.0,0.278216281104,-0.00825921969667
341.0,8.5,0.0,0.0,0.0,0.0,0.0,0.0,0.278151531972,-0.00826926589612
341.0,9.0,0.0,0.0,0.0,0.0,0.0,0.0,0.278086971422,-0.00827929733524
341.0,9.5,0.0,0.0,0.0,0.0,0.0,0.0,0.278022598471,-0.00828931406449
341.0,10.0,0.0,0.0,0.0,0.0,0.0,0.0,0.277958412144,-0.00829931613402
341.0,10.5,0.0,0.0,0.0,0.0,0.0,0.0,0.277894411472,-0.00830930359367
341.0,11.0,0.0,0.0,0.0,0.0,0.0,0.116095983023,0.277830595493,-0.00831927649299
341.0,11.5,0.0,0.0,0.0,0.0,0.0,0.0156618709557,0.277762557418,-0.00832992491629
341.0,12.0,0.0,0.0,0.0,0.0,0.0,0.0224008963601,0.277698513607,-0.00833996305053
341.0,12.5,0.0,0.0,0.0,0.0,0.0,0.0346122028196,0.277634395905,-0.00835002720746
341.0,13.0,0.0,0.0,0.0,0.0,0.0,0.145710500073,0.277569995706,-0.00836015027541
341.0,13.5,0.0,0.0,0.0,0.0,0.0,0.220668119047,0.27750155933,-0.00837092382026
341.0,14.0,0.0,0.0,0.0,0.0,0.0,0.0589218826862,0.277430457394,-0.0083821345144
341.0,14.5,0.0,0.0,0.0,0.0,0.0,0.0,0.277365671888,-0.00839236487115
341.0,15.0,0.0,0.0,0.0,0.0,0.0,0.0,0.277303299727,-0.00840222819257
341.0,15.5,0.0,0.0,0.0,0.0,0.0,0.0,0.27724110393,-0.00841207738048
341.0,16.0,0.0,0.0,0.0,0.0,0.0,0.0,0.277179083606,-0.00842191248165
341.0,16.5,0.0,0.0,0.0,0.0,0.0,0.0,0.277117237871,-0.00843173354259
341.0,17.0,0.0,0.0,0.0,0.0,0.0,0.0,0.277055565846,-0.00844154060955
341.0,17.5,0.0,0.0,0.0,0.0,0.0,0.0,0.27699406666,-0.00845133372851
341.0,18.0,0.0,0.0,0.0,0.0,0.0,0.0,0.276932739446,-0.00846111294522
341.0,18.5,0.0,0.0,0.0,0.0,0.0,0.0,0.276871583347,-0.00847087830515
341.0,19.0,0.0,0.0,0.0,0.0,0.0,0.0,0.276810597507,-0.00848062985356
341.0,19.5,0.0,0.0,0.0,0.0,0.0,0.0,0.276749781082,-0.00849036763543
341.0,20.0,0.0,0.0,0.0,0.0,0.0,0.0,0.27668913323,-0.00850009169553
341.0,20.5,0.0,0.0,0.0,0.0,0.0,0.0,0.276628653116,-0.00850980207837
341.0,21.0,0.0,0.0,0.0,0.0,0.0,0.0,0.276568339911,-0.00851949882822
341.0,21.5,0.0,0.0,0.0,0.0,0.0,0.0,0.276508192794,-0.00852918198915
341.0,22.0,0.0,0.0,0.0,0.0,0.0,0.0,0.276448210946,-0.00853885160496
341.0,22.5,0.0,0.0,0.0,0.0,0.0,0.0,0.276388393556,-0.00854850771926
341.0,23.0,0.0,0.0,0.0,0.0,0.0,0.0,0.27632873982,-0.00855815037539
341.0,23.5,0.0,0.0,0.0,0.0,0.0,0.0,0.276269248937,-0.00856777961651
341.0,24.0,0.0,0.0,0.0,0.0,0.0,0.0,0.276209920113,-0.00857739548553
342.0,0.5,0.0,0.0,0.0,0.0,0.0,0.0,0.27615075256,-0.00858699802516
342.0,1.0,0.0,0.0,0.0,0.0,0.0,0.0,0.276091745493,-0.00859658727788
342.0,1.5,0.0,0.0,0.0,0.0,0.0,0.0,0.276032898136,-0.00860616328597
342.0,2.0,0.0,0.0,0.0,0.0,0.0,0.0,0.275974209717,-0.00861572609149
342.0,2.5,0.0,0.0,0.0,0.0,0.0,0.0,0.275915679467,-0.00862527573628
342.0,3.0,0.0,0.0,0.0,0.0,0.0,0.0,0.275857306627,-0.008634812262
342.0,3.5,0.0,0.0,0.0,0.0,0.0,0.0,0.275799090438,-0.00864433571008
342.0,4.0,0.0,0.0,0.0,0.0,0.0,0.0,0.27574103015,-0.00865384612175
342.0,4.5,0.0,0.0,0.0,0.0,0.0,0.0,0.275683125017,-0.00866334353805
342.0,5.0,0.0,0.0,0.0,0.0,0.0,0.0,0.275625374298,-0.00867282799981
342.0,5.5,0.0,0.0,0.0,0.0,0.0,0.0,0.275567777256,-0.00868229954768
342.0,6.0,0.0,0.0,0.0,0.0,0.0,0.0,0.275510333162,-0.00869175822207
342.0,6.5,0.0,0.0,0.0,0.0,0.0,0.0,0.275453041288,-0.00870120406325
342.0,7.0,0.0,0.0,0.0,0.0,0.0,0.0,0.275395900913,-0.00871063711127
342.0,7.5,0.0,0.0,0.0,0.0,0.0,0.0,0.275338911322,-0.00872005740598
342.0,8.0,0.0,0.0,0.0,0.0,0.0,0.0,0.275282071802,-0.00872946498706
342.0,8.5,0.0,0.0,0.0,0.0,0.0,0.0,0.275225381648,-0.00873885989399
342.0,9.0,0.0,0.0,0.0,0.0,0.0,0.0,0.275168840157,-0.00874824216608
342.0,9.5,0.0,0.0,0.0,0.0,0.0,0.0,0.275112446631,-0.00875761184243
342.0,10.0,0.0,0.0,0.0,0.0,0.0,0.0,0.275056200379,-0.00876696896199
342.0,10.5,0.0,0.0,0.0,0.0,0.0,0.0,0.275000100712,-0.0087763135635
342.0,11.0,0.0,0.0,0.0,0.0,0.0,0.0,0.274944146946,-0.00878564568552
342.0,11.5,0.0,0.0,0.0,0.0,0.0,0.0,0.274888338403,-0.00879496536647
342.0,12.0,0.0,0.0,0.0,0.0,0.0,0.0,0.274832674407,-0.00880427264454
342.0,12.5,0.0,0.0,0.0,0.0,0.0,0.0,0.27477715429,-0.00881356755778
342.0,13.0,0.0,0.0,0.0,0.0,0.0,0.0,0.274721777384,-0.00882285014406
342.0,13.5,0.0,0.0,0.0,0.0,0.0,0.0,0.274666543029,-0.00883212044107
342.0,14.0,0.0,0.0,0.0,0.0,0.0,0.0,0.274611450568,-0.00884137848633
342.0,14.5,0.0,0.0,0.0,0.0,0.0,0.0,0.274556499348,-0.0088506243172
342.0,15.0,0.0,0.0,0.0,0.0,0.0,0.0,0.27450168872,-0.00885985797085
342.0,15.5,0.0,0.0,0.0,0.0,0.0,0.0,0.27444701804,-0.0088690794843
342.0,16.0,0.0,0.0,0.0,0.0,0.0,0.0,0.274392486669,-0.00887828889441
342.0,16.5,0.0,0.0,0.0,0.0,0.0,0.0,0.274338093968,-0.00888748623785
342.0,17.0,0.0,0.0,0.0,0.0,0.0,0.0,0.274283839308,-0.00889667155114
342.0,17.5,0.0,0.0,0.0,0.0,0.0,0.0,0.27422972206,-0.00890584487065
342.0,18.0,0.0,0.0,0.0,0.0,0.0,0.0,0.2741757416,-0.00891500623257
342.0,18.5,0.0,0.0,0.0,0.0,0.0,0.0,0.274121897308,-0.00892415567293
342.0,19.0,0.0,0.0,0.0,0.0,0.0,0.0,0.274068188568,-0.00893329322761
342.0,19.5,0.0,0.0,0.0,0.0,0.0,0.0,0.274014614769,-0.00894241893232
342.0,20.0,0.0,0.0,0.0,0.0,0.0,0.0,0.273961175302,-0.00895153282264
342.0,20.5,0.0,0.0,0.0,0.0,0.0,0.0,0.273907869564,-0.00896063493396
342.0,21.0,0.0,0.0,0.0,0.0,0.0,0.0,0.273854696952,-0.00896972530154
342.0,21.5,0.0,0.0,0.0,0.0,0.0,0.0,0.273801656872,-0.00897880396046
342.0,22.0,0.0,0.0,0.0,0.0,0.0,0.0,0.27374874873,-0.00898787094568
342.0,22.5,0.0,0.0,0.0,0.0,0.0,0.0,0.273695971936,-0.00899692629199
342.0,23.0,0.0,0.0,0.0,0.0,0.0,0.0,0.273643325907,-0.00900597003402
342.0,23.5,0.0,0.0,0.0,0.0,0.0,0.0,0.273590810059,-0.00901500220626
342.0,24.0,0.0,0.0,0.0,0.0,0.0,0.0,0.273538423814,-0.00902402284307
343.0,0.5,0.0,0.0,0.0,0.0,0.0,0.0,0.273486166599,-0.00903303197863
343.0,1.0,0.0,0.0,0.0,0.0,0.0,0.0,0.273434037842,-0.00904202964698
343.0,1.5,0.0,0.0,0.0,0.0,0.0,0.0,0.273382036975,-0.00905101588204
343.0,2.0,0.0,0.0,0.0,0.0,0.0,0.0,0.273330163436,-0.00905999071755
343.0,2.5,0.0,0.0,0.0,0.0,0.0,0.0,0.273278416663,-0.00906895418713
343.0,3.0,0.0,0.0,0.0,0.0,0.0,0.0,0.273226796099,-0.00907790632424
343.0,3.5,0.0,0.0,0.0,0.0,0.0,0.0,0.273175301192,-0.00908684716222
343.0,4.0,0.0,0.0,0.0,0.0,0.0,0.0,0.273123931391,-0.00909577673424
343.0,4.5,0.0,0.0,0.0,0.0,0.0,0.0,0.273072686148,-0.00910469507335
343.0,5.0,0.0,0.0,0.0,0.0,0.0,0.0,0.273021564922,-0.00911360221246
343.0,5.5,0.0,0.0,0.0,0.0,0.0,0.0,0.272970567172,-0.00912249818432
343.0,6.0,0.0,0.0,0.0,0.0,0.0,0.0,0.272919692361,-0.00913138302157
343.0,6.5,0.0,0.0,0.0,0.0,0.0,0.0,0.272868939956,-0.00914025675668
343.0,7.0,0.0,0.0,0.0,0.0,0.0,0.0,0.272818309426,-0.00914911942203
343.0,7.5,0.0,0.0,0.0,0.0,0.0,0.0,0.272767800245,-0.00915797104982
343.0,8.0,0.0,0.0,0.0,0.0,0.0,0.0,0.272717411889,-0.00916681167213
343.0,8.5,0.0,0.0,0.0,0.0,0.0,0.0,0.272667143837,-0.00917564132091
343.0,9.0,0.0,0.0,0.0,0.0,0.0,0.0,0.272616995572,-0.00918446002798
343.0,9.5,0.0,0.0,0.0,0.0,0.0,0.0,0.272566966579,-0.00919326782502
343.0,10.0,0.0,0.0,0.0,0.0,0.0,0.0,0.272517056347,-0.00920206474358
343.0,10.5,0.0,0.0,0.0,0.0,0.0,0.0,0.272467264369,-0.00921085081508
343.0,11.0,0.0,0.0,0.0,0.0,0.0,0.0,0.272417590138,-0.0092196260708
343.0,11.5,0.0,0.0,0.0,0.0,0.0,0.0,0.272368033153,-0.0092283905419
343.0,12.0,0.0,0.0,0.0,0.0,0.0,0.0,0.272318592915,-0.00923714425942
343.0,12.5,0.0,0.0,0.0,0.0,0.0,0.0,0.272269268927,-0.00924588725425
343.0,13.0,0.0,0.0,0.0,0.0,0.0,0.0,0.272220060697,-0.00925461955718
343.0,13.5,0.0,0.0,0.0,0.0,0.0,0.0,0.272170967734,-0.00926334119884
343.0,14.0,0.0,0.0,0.0,0.0,0.0,0.0,0.272121989551,-0.00927205220976
343.0,14.5,0.0,0.0,0.0,0.0,0.0,0.0,0.272073125664,-0.00928075262033
343.0,15.0,0.0,0.0,0.0,0.0,0.0,0.0,0.27202437559,-0.00928944246083
343.0,15.5,0.0,0.0,0.0,0.0,0.0,0.0,0.271975738852,-0.0092981217614
343.0,16.0,0.0,0.0,0.0,0.0,0.0,0.0,0.271927214973,-0.00930679055207
343.0,16.5,0.0,0.0,0.0,0.0,0.0,0.0,0.27187880348,-0.00931544886274
343.0,17.0,0.0,0.0,0.0,0.0,0.0,0.0,0.271830503904,-0.00932409672318
343.0,17.5,0.0,0.0,0.0,0.0,0.0,0.0,0.271782315776,-0.00933273416306
343.0,18.0,0.0,0.0,0.0,0.0,0.0,0.0,0.271734238631,-0.00934136121192
343.0,18.5,0.0,0.0,0.0,0.0,0.0,0.0,0.271686272009,-0.00934997789916
343.0,19.0,0.0,0.0,0.0,0.0,0.0,0.0,0.271638415448,-0.00935858425408
343.0,19.5,0.0,0.0,0.0,0.0,0.0,0.0,0.271590668493,-0.00936718030588
343.0,20.0,0.0,0.0,0.0,0.0,0.0,0.0,0.271543030689,-0.0093757660836
343.0,20.5,0.0,0.0,0.0,0.0,0.0,0.0,0.271495501585,-0.00938434161618
343.0,21.0,0.0,0.0,0.0,0.0,0.0,0.0,0.271448080733,-0.00939290693247
343.0,21.5,0.0,0.0,0.0,0.0,0.0,0.0,0.271400767686,-0.00940146206115
343.0,22.0,0.0,0.0,0.0,0.0,0.0,0.0,0.271353562,-0.00941000703084
343.0,22.5,0.0,0.0,0.0,0.0,0.0,0.0,0.271306463234,-0.00941854187
343.0,23.0,0.0,0.0,0.0,0.0,0.0,0.0,0.271259470951,-0.009427066607
343.0,23.5,0.0,0.0,0.0,0.0,0.0,0.0,0.271212584713,-0.0094355812701
343.0,24.0,0.0,0.0,0.0,0.0,0.0,0.0,0.271165804088,-0.00944408588742
344.0,0.5,0.0,0.0,0.0,0.0,0.0,0.0,0.271119128644,-0.009452580487
344.0,1.0,0.0,0.0,0.0,0.0,0.0,0.0,0.271072557953,-0.00946106509673
344.0,1.5,0.0,0.0,0.0,0.0,0.0,0.0,0.271026091589,-0.00946953974444
344.0,2.0,0.0,0.0,0.0,0.0,0.0,0.0,0.270979729128,-0.00947800445779
344.0,2.5,0.0,0.0,0.0,0.0,0.0,0.0,0.27093347015,-0.00948645926438
344.0,3.0,0.0,0.0,0.0,0.0,0.0,0.0,0.270887314234,-0.00949490419167
344.0,3.5,0.0,0.0,0.0,0.0,0.0,0.0,0.270841260965,-0.00950333926701
344.0,4.0,0.0,0.0,0.0,0.0,0.0,0.0,0.270795309928,-0.00951176451767
344.0,4.5,0.0,0.0,0.0,0.0,0.0,0.0,0.270749460713,-0.00952017997078
344.0,5.0,0.0,0.0,0.0,0.0,0.0,0.0,0.270703712909,-0.00952858565337
344.0,5.5,0.0,0.0,0.0,0.0,0.0,0.0,0.270658066109,-0.00953698159237
344.0,6.0,0.0,0.0,0.0,0.0,0.0,0.0,0.270612519909,-0.00954536781461
344.0,6.5,0.0,0.0,0.0,0.0,0.0,0.0,0.270567073906,-0.00955374434679
344.0,7.0,0.0,0.0,0.0,0.0,0.0,0.0,0.270521727699,-0.00956211121553
344.0,7.5,0.0,0.0,0.0,0.0,0.0,0.0,0.270476480891,-0.00957046844732
344.0,8.0,0.0,0.0,0.0,0.0,0.0,0.0,0.270431333086,-0.00957881606857
344.0,8.5,0.0,0.0,0.0,0.0,0.0,0.0,0.270386283891,-0.00958715410557
344.0,9.0,0.0,0.0,0.0,0.0,0.0,0.0,0.270341332913,-0.00959548258452
344.0,9.5,0.0,0.0,0.0,0.0,0.0,0.0,0.270296479764,-0.00960380153149
344.0,10.0,0.0,0.0,0.0,0.0,0.0,0.0,0.270251724057,-0.00961211097247
344.0,10.5,0.0,0.0,0.0,0.0,0.0,0.0,0.270207065407,-0.00962041093336
344.0,11.0,0.0,0.0,0.0,0.0,0.0,0.0,0.270162503431,-0.00962870143992
344.0,11.5,0.0,0.0,0.0,0.0,0.0,0.0,0.270118037748,-0.00963698251784
344.0,12.0,0.0,0.0,0.0,0.0,0.0,0.0,0.27007366798,-0.0096452541927
344.0,12.5,0.0,0.0,0.0,0.0,0.0,0.0,0.270029393751,-0.00965351648998
344.0,13.0,0.0,0.0,0.0,0.0,0.0,0.0,0.269985214686,-0.00966176943505
344.0,13.5,0.0,0.0,0.0,0.0,0.0,0.0,0.269941130412,-0.00967001305321
344.0,14.0,0.0,0.0,0.0,0.0,0.0,0.0,0.269897140561,-0.00967824736963
344.0,14.5,0.0,0.0,0.0,0.0,0.0,0.0,0.269853244763,-0.00968647240939
344.0,15.0,0.0,0.0,0.0,0.0,0.0,0.0,0.269809442652,-0.00969468819749
344.0,15.5,0.0,0.0,0.0,0.0,0.0,0.0,0.269765733864,-0.00970289475881
344.0,16.0,0.0,0.0,0.0,0.0,0.0,0.0,0.269722118038,-0.00971109211814
344.0,16.5,0.0,0.0,0.0,0.0,0.0,0.0,0.269678594811,-0.00971928030018
344.0,17.0,0.0,0.0,0.0,0.0,0.0,0.0,0.269635163828,-0.00972745932953
344.0,17.5,0.0,0.0,0.0,0.0,0.0,0.0,0.26959182473,-0.0097356292307
344.0,18.0,0.0,0.0,0.0,0.0,0.0,0.0,0.269548577165,-0.00974379002809
344.0,18.5,0.0,0.0,0.0,0.0,0.0,0.0,0.269505420778,-0.00975194174603
344.0,19.0,0.0,0.0,0.0,0.0,0.0,0.0,0.269462355221,-0.00976008440872
344.0,19.5,0.0,0.0,0.0,0.0,0.0,0.0,0.269419380144,-0.0097682180403
344.0,20.0,0.0,0.0,0.0,0.0,0.0,0.0,0.2693764952,-0.00977634266481
344.0,20.5,0.0,0.0,0.0,0.0,0.0,0.0,0.269333700045,-0.00978445830618
344.0,21.0,0.0,0.0,0.0,0.0,0.0,0.0,0.269290994335,-0.00979256498827
344.0,21.5,0.0,0.0,0.0,0.0,0.0,0.0,0.26924837773,-0.00980066273483
344.0,22.0,0.0,0.0,0.0,0.0,0.0,0.0,0.26920584989,-0.00980875156953
344.0,22.5,0.0,0.0,0.0,0.0,0.0,0.0,0.269163410477,-0.00981683151594
344.0,23.0,0.0,0.0,0.0,0.0,0.0,0.0,0.269121059156,-0.00982490259756
344.0,23.5,0.0,0.0,0.0,0.0,0.0,0.0,0.269078795594,-0.00983296483777
344.0,24.0,0.0,0.0,0.0,0.0,0.0,0.0,0.269036619457,-0.00984101825987
345.0,0.5,0.0,0.0,0.0,0.0,0.0,0.0,0.268994530415,-0.0098490628871
345.0,1.0,0.0,0.0,0.0,0.0,0.0,0.0,0.26895252814,-0.00985709874257
345.0,1.5,0.0,0.0,0.0,0.0,0.0,0.0,0.268910612306,-0.00986512584932
345.0,2.0,0.0,0.0,0.0,0.0,0.0,0.0,0.268868782586,-0.0098731442303
345.0,2.5,0.0,0.0,0.0,0.0,0.0,0.0,0.268827038658,-0.00988115390837
345.0,3.0,0.0,0.0,0.0,0.0,0.0,0.0,0.268785380199,-0.00988915490632
345.0,3.5,0.0,0.0,0.0,0.0,0.0,0.0,0.268743806891,-0.00989714724683
345.0,4.0,0.0,0.0,0.0,0.0,0.0,0.0,0.268702318414,-0.0099051309525
345.0,4.5,0.0,0.0,0.0,0.0,0.0,0.0,0.268660914452,-0.00991310604584
345.0,5.0,0.0,0.0,0.0,0.0,0.0,0.0,0.26861959469,-0.0099210725493
345.0,5.5,0.0,0.0,0.0,0.0,0.0,0.0,0.268578358814,-0.00992903048522
345.0,6.0,0.0,0.0,0.0,0.0,0.0,0.0,0.268537206514,-0.00993697987585
345.0,6.5,0.0,0.0,0.0,0.0,0.0,0.0,0.268496137479,-0.00994492074338
345.0,7.0,0.0,0.0,0.0,0.0,0.0,0.0,0.2684551514,-0.00995285310989
345.0,7.5,0.0,0.0,0.0,0.0,0.0,0.0,0.268414247972,-0.00996077699741
345.0,8.0,0.0,0.0,0.0,0.0,0.0,0.0,0.268373426888,-0.00996869242784
345.0,8.5,0.0,0.0,0.0,0.0,0.0,0.0,0.268332687846,-0.00997659942304
345.0,9.0,0.0,0.0,0.0,0.0,0.0,0.0,0.268292030542,-0.00998449800477
345.0,9.5,0.0,0.0,0.0,0.0,0.0,0.0,0.268251454677,-0.0099923881947
345.0,10.0,0.0,0.0,0.0,0.0,0.0,0.0,0.268210959953,-0.0100002700144
345.0,10.5,0.0,0.0,0.0,0.0,0.0,0.0,0.26817054607,-0.0100081434855
345.0,11.0,0.0,0.0,0.0,0.0,0.0,0.0,0.268130212735,-0.0100160086293
345.0,11.5,0.0,0.0,0.0,0.0,0.0,0.0,0.268089959652,-0.0100238654672
345.0,12.0,0.0,0.0,0.0,0.0,0.0,0.0,0.268049786529,-0.0100317140205
345.0,12.5,0.0,0.0,0.0,0.0,0.0,0.0,0.268009693074,-0.0100395543104
345.0,13.0,0.0,0.0,0.0,0.0,0.0,0.0,0.267969678998,-0.0100473863579
345.0,13.5,0.0,0.0,0.0,0.0,0.0,0.0,0.267929744013,-0.0100552101842
345.0,14.0,0.0,0.0,0.0,0.0,0.0,0.0,0.267889887832,-0.0100630258102
345.0,14.5,0.0,0.0,0.0,0.0,0.0,0.0,0.267850110169,-0.0100708332567
345.0,15.0,0.0,0.0,0.0,0.0,0.0,0.0,0.267810410741,-0.0100786325446
345.0,15.5,0.0,0.0,0.0,0.0,0.0,0.0,0.267770789266,-0.0100864236946
345.0,16.0,0.0,0.0,0.0,0.0,0.0,0.0,0.267731245462,-0.0100942067273
345.0,16.5,0.0,0.0,0.0,0.0,0.0,0.0,0.267691779049,-0.0101019816634
345.0,17.0,0.0,0.0,0.0,0.0,0.0,0.0,0.267652389751,-0.0101097485232
345.0,17.5,0.0,0.0,0.0,0.0,0.0,0.0,0.26761307729,-0.0101175073272
345.0,18.0,0.0,0.0,0.0,0.0,0.0,0.0,0.26757384139,-0.0101252580958
345.0,18.5,0.0,0.0,0.0,0.0,0.0,0.0,0.267534681779,-0.0101330008491
345.0,19.0,0.0,0.0,0.0,0.0,0.0,0.0,0.267495598184,-0.0101407356075
345.0,19.5,0.0,0.0,0.0,0.0,0.0,0.0,0.267456590333,-0.010148462391
345.0,20.0,0.0,0.0,0.0,0.0,0.0,0.0,0.267417657956,-0.0101561812197
345.0,20.5,0.0,0.0,0.0,0.0,0.0,0.0,0.267378800786,-0.0101638921135
345.0,21.0,0.0,0.0,0.0,0.0,0.0,0.0,0.267340018556,-0.0101715950923
345.0,21.5,0.0,0.0,0.0,0.0,0.0,0.0,0.267301310999,-0.0101792901759
345.0,22.0,0.0,0.0,0.0,0.0,0.0,0.0,0.267262677851,-0.0101869773842
345.0,22.5,0.0,0.0,0.0,0.0,0.0,0.0,0.26722411885,-0.0101946567367
345.0,23.0,0.0,0.0,0.0,0.0,0.0,0.0,0.267185633733,-0.010202328253
345.0,23.5,0.0,0.0,0.0,0.0,0.0,0.0,0.267147222241,-0.0102099919527
345.0,24.0,0.0,0.0,0.0,0.0,0.0,0.0,0.267108884114,-0.0102176478553
346.0,0.5,0.0,0.0,0.0,0.0,0.0,0.0,0.267070619094,-0.0102252959801
346.0,1.0,0.0,0.0,0.0,0.0,0.0,0.0,0.267032426925,-0.0102329363464
346.0,1.5,0.0,0.0,0.0,0.0,0.0,0.0,0.266994307352,-0.0102405689735
346.0,2.0,0.0,0.0,0.0,0.0,0.0,0.0,0.26695626012,-0.0102481938805
346.0,2.5,0.0,0.0,0.0,0.0,0.0,0.0,0.266918284977,-0.0102558110867
346.0,3.0,0.0,0.0,0.0,0.0,0.0,0.0,0.266880381672,-0.0102634206109
346.0,3.5,0.0,0.0,0.0,0.0,0.0,0.0,0.266842549953,-0.0102710224721
346.0,4.0,0.0,0.0,0.0,0.0,0.0,0.0,0.266804789574,-0.0102786166893
346.0,4.5,0.0,0.0,0.0,0.0,0.0,0.0,0.266767100284,-0.0102862032813
346.0,5.0,0.0,0.0,0.0,0.0,0.0,0.0,0.266729481839,-0.0102937822668
346.0,5.5,0.0,0.0,0.0,0.0,0.0,0.0,0.266691933992,-0.0103013536645
346.0,6.0,0.0,0.0,0.0,0.0,0.0,0.0,0.2666544565,-0.010308917493
346.0,6.5,0.0,0.0,0.0,0.0,0.0,0.0,0.266617049119,-0.0103164737709
346.0,7.0,0.0,0.0,0.0,0.0,0.0,0.0,0.266579711609,-0.0103240225167
346.0,7.5,0.0,0.0,0.0,0.0,0.0,0.0,0.266542443727,-0.0103315637487
346.0,8.0,0.0,0.0,0.0,0.0,0.0,0.0,0.266505245236,-0.0103390974854
346.0,8.5,0.0,0.0,0.0,0.0,0.0,0.0,0.266468115897,-0.0103466237451
346.0,9.0,0.0,0.0,0.0,0.0,0.0,0.0,0.266431055472,-0.0103541425458
346.0,9.5,0.0,0.0,0.0,0.0,0.0,0.0,0.266394063726,-0.0103616539059
346.0,10.0,0.0,0.0,0.0,0.0,0.0,0.0,0.266357140425,-0.0103691578433
346.0,10.5,0.0,0.0,0.0,0.0,0.0,0.0,0.266320285334,-0.0103766543761
346.0,11.0,0.0,0.0,0.0,0.0,0.0,0.0,0.266283498221,-0.0103841435223
346.0,11.5,0.0,0.0,0.0,0.0,0.0,0.0,0.266246778855,-0.0103916252997
346.0,12.0,0.0,0.0,0.0,0.0,0.0,0.0,0.266210127005,-0.0103990997262
346.0,12.5,0.0,0.0,0.0,0.0,0.0,0.0,0.266173542443,-0.0104065668195
346.0,13.0,0.0,0.0,0.0,0.0,0.0,0.0,0.26613702494,-0.0104140265973
346.0,13.5,0.0,0.0,0.0,0.0,0.0,0.0,0.26610057427,-0.0104214790773
346.0,14.0,0.0,0.0,0.0,0.0,0.0,0.0,0.266064190207,-0.0104289242771
346.0,14.5,0.0,0.0,0.0,0.0,0.0,0.0,0.266027872525,-0.0104363622141
346.0,15.0,0.0,0.0,0.0,0.0,0.0,0.0,0.265991621002,-0.0104437929058
346.0,15.5,0.0,0.0,0.0,0.0,0.0,0.0,0.265955435415,-0.0104512163695
346.0,16.0,0.0,0.0,0.0,0.0,0.0,0.0,0.265919315542,-0.0104586326227
346.0,16.5,0.0,0.0,0.0,0.0,0.0,0.0,0.265883261162,-0.0104660416825
346.0,17.0,0.0,0.0,0.0,0.0,0.0,0.0,0.265847272058,-0.0104734435662
346.0,17.5,0.0,0.0,0.0,0.0,0.0,0.0,0.265811348009,-0.0104808382908
346.0,18.0,0.0,0.0,0.0,0.0,0.0,0.0,0.265775488799,-0.0104882258736
346.0,18.5,0.0,0.0,0.0,0.0,0.0,0.0,0.265739694211,-0.0104956063314
346.0,19.0,0.0,0.0,0.0,0.0,0.0,0.0,0.265703964031,-0.0105029796813
346.0,19.5,0.0,0.0,0.0,0.0,0.0,0.0,0.265668298043,-0.01051034594
346.0,20.0,0.0,0.0,0.0,0.0,0.0,0.0,0.265632696035,-0.0105177051246
346.0,20.5,0.0,0.0,0.0,0.0,0.0,0.0,0.265597157795,-0.0105250572517
346.0,21.0,0.0,0.0,0.0,0.0,0.0,0.0,0.265561683111,-0.010532402338
346.0,21.5,0.0,0.0,0.0,0.0,0.0,0.0,0.265526271773,-0.0105397404003
346.0,22.0,0.0,0.0,0.0,0.0,0.0,0.0,0.265490923572,-0.010547071455
346.0,22.5,0.0,0.0,0.0,0.0,0.0,0.0,0.2654556383,-0.0105543955188
346.0,23.0,0.0,0.0,0.0,0.0,0.0,0.0,0.265420415749,-0.0105617126082
346.0,23.5,0.0,0.0,0.0,0.0,0.0,0.0,0.265385255713,-0.0105690227394
346.0,24.0,0.0,0.0,0.0,0.0,0.0,0.0,0.265350157987,-0.010576325929
347.0,0.5,0.0,0.0,0.0,0.0,0.0,0.0,0.265315122366,-0.0105836221932
347.0,1.0,0.0,0.0,0.0,0.0,0.0,0.0,0.265280148647,-0.0105909115483
347.0,1.5,0.0,0.0,0.0,0.0,0.0,0.0,0.265245236628,-0.0105981940104
347.0,2.0,0.0,0.0,0.0,0.0,0.0,0.0,0.265210386107,-0.0106054695957
347.0,2.5,0.0,0.0,0.0,0.0,0.0,0.0,0.265175596883,-0.0106127383203
347.0,3.0,0.0,0.0,0.0,0.0,0.0,0.0,0.265140868757,-0.0106200002001
347.0,3.5,0.0,0.0,0.0,0.0,0.0,0.0,0.26510620153,-0.0106272552513
347.0,4.0,0.0,0.0,0.0,0.0,0.0,0.0,0.265071595004,-0.0106345034895
347.0,4.5,0.0,0.0,0.0,0.0,0.0,0.0,0.265037048982,-0.0106417449308
347.0,5.0,0.0,0.0,0.0,0.0,0.0,0.0,0.265002563269,-0.0106489795909
347.0,5.5,0.0,0.0,0.0,0.0,0.0,0.0,0.26496813767,-0.0106562074856
347.0,6.0,0.0,0.0,0.0,0.0,0.0,0.0,0.264933771989,-0.0106634286305
347.0,6.5,0.0,0.0,0.0,0.0,0.0,0.0,0.264899466035,-0.0106706430413
347.0,7.0,0.0,0.0,0.0,0.0,0.0,0.0,0.264865219614,-0.0106778507336
347.0,7.5,0.0,0.0,0.0,0.0,0.0,0.0,0.264831032535,-0.0106850517228
347.0,8.0,0.0,0.0,0.0,0.0,0.0,0.0,0.264796904607,-0.0106922460245
347.0,8.5,0.0,0.0,0.0,0.0,0.0,0.0,0.264762835642,-0.0106994336541
347.0,9.0,0.0,0.0,0.0,0.0,0.0,0.0,0.264728825449,-0.0107066146269
347.0,9.5,0.0,0.0,0.0,0.0,0.0,0.0,0.26469487384,-0.0107137889583
347.0,10.0,0.0,0.0,0.0,0.0,0.0,0.0,0.26466098063,-0.0107209566635
347.0,10.5,0.0,0.0,0.0,0.0,0.0,0.0,0.264627145631,-0.0107281177577
347.0,11.0,0.0,0.0,0.0,0.0,0.0,0.0,0.264593368657,-0.010735272256
347.0,11.5,0.0,0.0,0.0,0.0,0.0,0.0,0.264559649526,-0.0107424201736
347.0,12.0,0.0,0.0,0.0,0.0,0.0,0.0,0.264525988051,-0.0107495615255
347.0,12.5,0.0,0.0,0.0,0.0,0.0,0.0,0.264492384051,-0.0107566963268
347.0,13.0,0.0,0.0,0.0,0.0,0.0,0.0,0.264458837344,-0.0107638245922
347.0,13.5,0.0,0.0,0.0,0.0,0.0,0.0,0.264425347748,-0.0107709463369
347.0,14.0,0.0,0.0,0.0,0.0,0.0,0.0,0.264391915082,-0.0107780615755
347.0,14.5,0.0,0.0,0.0,0.0,0.0,0.0,0.264358539168,-0.0107851703229
347.0,15.0,0.0,0.0,0.0,0.0,0.0,0.0,0.264325219826,-0.0107922725938
347.0,15.5,0.0,0.0,0.0,0.0,0.0,0.0,0.264291956879,-0.0107993684029
347.0,16.0,0.0,0.0,0.0,0.0,0.0,0.0,0.264258750148,-0.0108064577648
347.0,16.5,0.0,0.0,0.0,0.0,0.0,0.0,0.264225599458,-0.0108135406942
347.0,17.0,0.0,0.0,0.0,0.0,0.0,0.0,0.264192504633,-0.0108206172056
347.0,17.5,0.0,0.0,0.0,0.0,0.0,0.0,0.264159465498,-0.0108276873135
347.0,18.0,0.0,0.0,0.0,0.0,0.0,0.0,0.264126481879,-0.0108347510322
347.0,18.5,0.0,0.0,0.0,0.0,0.0,0.0,0.264093553602,-0.0108418083762
347.0,19.0,0.0,0.0,0.0,0.0,0.0,0.0,0.264060680496,-0.0108488593599
347.0,19.5,0.0,0.0,0.0,0.0,0.0,0.0,0.264027862388,-0.0108559039975
347.0,20.0,0.0,0.0,0.0,0.0,0.0,0.0,0.263995099108,-0.0108629423033
347.0,20.5,0.0,0.0,0.0,0.0,0.0,0.0,0.263962390485,-0.0108699742915
347.0,21.0,0.0,0.0,0.0,0.0,0.0,0.0,0.26392973635,-0.0108769999761
347.0,21.5,0.0,0.0,0.0,0.0,0.0,0.0,0.263897136534,-0.0108840193714
347.0,22.0,0.0,0.0,0.0,0.0,0.0,0.0,0.263864590869,-0.0108910324914
347.0,22.5,0.0,0.0,0.0,0.0,0.0,0.0,0.263832099188,-0.01089803935
347.0,23.0,0.0,0.0,0.0,0.0,0.0,0.0,0.263799661324,-0.0109050399613
347.0,23.5,0.0,0.0,0.0,0.0,0.0,0.0,0.263767277112,-0.0109120343391
347.0,24.0,0.0,0.0,0.0,0.0,0.0,0.0,0.263734946386,-0.0109190224973
348.0,0.5,0.0,0.0,0.0,0.0,0.0,0.0,0.263702668983,-0.0109260044498
348.0,1.0,0.0,0.0,0.0,0.0,0.0,0.0,0.263670444738,-0.0109329802102
348.0,1.5,0.0,0.0,0.0,0.0,0.0,0.0,0.263638273489,-0.0109399497924
348.0,2.0,0.0,0.0,0.0,0.0,0.0,0.0,0.263606155074,-0.01094691321
348.0,2.5,0.0,0.0,0.0,0.0,0.0,0.0,0.263574089332,-0.0109538704765
348.0,3.0,0.0,0.0,0.0,0.0,0.0,0.0,0.2635420761,-0.0109608216057
348.0,3.5,0.0,0.0,0.0,0.0,0.0,0.0,0.263510115221,-0.0109677666111
348.0,4.0,0.0,0.0,0.0,0.0,0.0,0.0,0.263478206533,-0.0109747055061
348.0,4.5,0.0,0.0,0.0,0.0,0.0,0.0,0.26344634988,-0.0109816383042
348.0,5.0,0.0,0.0,0.0,0.0,0.0,0.0,0.263414545101,-0.0109885650188
348.0,5.5,0.0,0.0,0.0,0.0,0.0,0.0,0.263382792042,-0.0109954856632
348.0,6.0,0.0,0.0,0.0,0.0,0.0,0.0,0.263351090544,-0.0110024002509
348.0,6.5,0.0,0.0,0.0,0.0,0.0,0.0,0.263319440452,-0.0110093087949
348.0,7.0,0.0,0.0,0.0,0.0,0.0,0.0,0.263287841611,-0.0110162113087
348.0,7.5,0.0,0.0,0.0,0.0,0.0,0.0,0.263256293866,-0.0110231078053
348.0,8.0,0.0,0.0,0.0,0.0,0.0,0.0,0.263224797063,-0.0110299982979
348.0,8.5,0.0,0.0,0.0,0.0,0.0,0.0,0.26319335105,-0.0110368827996
348.0,9.0,0.0,0.0,0.0,0.0,0.0,0.0,0.263161955673,-0.0110437613235
348.0,9.5,0.0,0.0,0.0,0.0,0.0,0.0,0.26313061078,-0.0110506338825
348.0,10.0,0.0,0.0,0.0,0.0,0.0,0.0,0.263099316221,-0.0110575004896
348.0,10.5,0.0,0.0,0.0,0.0,0.0,0.0,0.263068071845,-0.0110643611577
348.0,11.0,0.0,0.0,0.0,0.0,0.0,0.0,0.263036877502,-0.0110712158998
348.0,11.5,0.0,0.0,0.0,0.0,0.0,0.0,0.263005733043,-0.0110780647286
348.0,12.0,0.0,0.0,0.0,0.0,0.0,0.0,0.262974638318,-0.011084907657
348.0,12.5,0.0,0.0,0.0,0.0,0.0,0.0,0.262943593181,-0.0110917446977
348.0,13.0,0.0,0.0,0.0,0.0,0.0,0.0,0.262912597483,-0.0110985758634
348.0,13.5,0.0,0.0,0.0,0.0,0.0,0.0,0.262881651077,-0.0111054011668
348.0,14.0,0.0,0.0,0.0,0.0,0.0,0.0,0.262850753819,-0.0111122206205
348.0,14.5,0.0,0.0,0.0,0.0,0.0,0.0,0.262819905561,-0.0111190342371
348.0,15.0,0.0,0.0,0.0,0.0,0.0,0.0,0.262789106159,-0.0111258420292
348.0,15.5,0.0,0.0,0.0,0.0,0.0,0.0,0.26275835547,-0.0111326440091
348.0,16.0,0.0,0.0,0.0,0.0,0.0,0.0,0.262727653349,-0.0111394401895
348.0,16.5,0.0,0.0,0.0,0.0,0.0,0.0,0.262696999653,-0.0111462305828
348.0,17.0,0.0,0.0,0.0,0.0,0.0,0.0,0.262666394239,-0.0111530152012
348.0,17.5,0.0,0.0,0.0,0.0,0.0,0.0,0.262635836967,-0.0111597940572
348.0,18.0,0.0,0.0,0.0,0.0,0.0,0.0,0.262605327694,-0.011166567163
348.0,18.5,0.0,0.0,0.0,0.0,0.0,0.0,0.26257486628,-0.011173334531
348.0,19.0,0.0,0.0,0.0,0.0,0.0,0.0,0.262544452585,-0.0111800961732
348.0,19.5,0.0,0.0,0.0,0.0,0.0,0.0,0.262514086469,-0.011186852102
348.0,20.0,0.0,0.0,0.0,0.0,0.0,0.0,0.262483767794,-0.0111936023295
348.0,20.5,0.0,0.0,0.0,0.0,0.0,0.0,0.262453496421,-0.0112003468676
348.0,21.0,0.0,0.0,0.0,0.0,0.0,0.0,0.262423272213,-0.0112070857287
348.0,21.5,0.0,0.0,0.0,0.0,0.0,0.0,0.262393095031,-0.0112138189245
348.0,22.0,0.0,0.0,0.0,0.0,0.0,0.0,0.262362964741,-0.0112205464672
348.0,22.5,0.0,0.0,0.0,0.0,0.0,0.0,0.262332881205,-0.0112272683686
348.0,23.0,0.0,0.0,0.0,0.0,0.0,0.0,0.262302844288,-0.0112339846407
348.0,23.5,0.0,0.0,0.0,0.0,0.0,0.0,0.262272853856,-0.0112406952954
348.0,24.0,0.0,0.0,0.0,0.0,0.0,0.0,0.262242909773,-0.0112474003444
349.0,0.5,0.0,0.0,0.0,0.0,0.0,0.0,0.262213011907,-0.0112540997996
349.0,1.0,0.0,0.0,0.0,0.0,0.0,0.0,0.262183160124,-0.0112607936727
349.0,1.5,0.0,0.0,0.0,0.0,0.0,0.0,0.262153354291,-0.0112674819754
349.0,2.0,0.0,0.0,0.0,0.0,0.0,0.0,0.262123594277,-0.0112741647195
349.0,2.5,0.0,0.0,0.0,0.0,0.0,0.0,0.262093879949,-0.0112808419165
349.0,3.0,0.0,0.0,0.0,0.0,0.0,0.0,0.262064211177,-0.011287513578
349.0,3.5,0.0,0.0,0.0,0.0,0.0,0.0,0.26203458783,-0.0112941797157
349.0,4.0,0.0,0.0,0.0,0.0,0.0,0.0,0.262005009778,-0.011300840341
349.0,4.5,0.0,0.0,0.0,0.0,0.0,0.0,0.261975476892,-0.0113074954655
349.0,5.0,0.0,0.0,0.0,0.0,0.0,0.0,0.261945989043,-0.0113141451006
349.0,5.5,0.0,0.0,0.0,0.0,0.0,0.0,0.261916546103,-0.0113207892577
349.0,6.0,0.0,0.0,0.0,0.0,0.0,0.0,0.261887147943,-0.0113274279482
349.0,6.5,0.0,0.0,0.0,0.0,0.0,0.0,0.261857794437,-0.0113340611834
349.0,7.0,0.0,0.0,0.0,0.0,0.0,0.0,0.261828485458,-0.0113406889747
349.0,7.5,0.0,0.0,0.0,0.0,0.0,0.0,0.261799220879,-0.0113473113334
349.0,8.0,0.0,0.0,0.0,0.0,0.0,0.0,0.261770000575,-0.0113539282706
349.0,8.5,0.0,0.0,0.0,0.0,0.0,0.0,0.26174082442,-0.0113605397975
349.0,9.0,0.0,0.0,0.0,0.0,0.0,0.0,0.26171169229,-0.0113671459254
349.0,9.5,0.0,0.0,0.0,0.0,0.0,0.0,0.26168260406,-0.0113737466654
349.0,10.0,0.0,0.0,0.0,0.0,0.0,0.0,0.261653559607,-0.0113803420286
349.0,10.5,0.0,0.0,0.0,0.0,0.0,0.0,0.261624558808,-0.0113869320259
349.0,11.0,0.0,0.0,0.0,0.0,0.0,0.0,0.26159560154,-0.0113935166686
349.0,11.5,0.0,0.0,0.0,0.0,0.0,0.0,0.26156668768,-0.0114000959674
349.0,12.0,0.0,0.0,0.0,0.0,0.0,0.0,0.261537817108,-0.0114066699335
349.0,12.5,0.0,0.0,0.0,0.0,0.0,0.0,0.261508989701,-0.0114132385777
349.0,13.0,0.0,0.0,0.0,0.0,0.0,0.0,0.261480205339,-0.0114198019109
349.0,13.5,0.0,0.0,0.0,0.0,0.0,0.0,0.261451463901,-0.011426359944
349.0,14.0,0.0,0.0,0.0,0.0,0.0,0.0,0.261422765269,-0.0114329126877
349.0,14.5,0.0,0.0,0.0,0.0,0.0,0.0,0.261394109322,-0.011439460153
349.0,15.0,0.0,0.0,0.0,0.0,0.0,0.0,0.261365495942,-0.0114460023504
349.0,15.5,0.0,0.0,0.0,0.0,0.0,0.0,0.262131611164,-0.011272364027
349.0,16.0,0.0,0.0,0.0,0.0,0.0,0.0,0.262896597466,-0.0111021040811
349.0,16.5,0.0,0.0,0.0,0.0,0.0,0.0,0.262865814087,-0.0111088959872
349.0,17.0,0.0,0.0,0.0,0.0,0.0,0.0,0.262835083364,-0.0111156812143
349.0,17.5,0.0,0.0,0.0,0.0,0.0,0.0,0.2628044051,-0.0111224597843
349.0,18.0,0.0,0.0,0.0,0.0,0.0,0.0,0.262773779102,-0.011129231719
349.0,18.5,0.0,0.0,0.0,0.0,0.0,0.0,0.262743205176,-0.0111359970402
349.0,19.0,0.0,0.0,0.0,0.0,0.0,0.0,0.262712683132,-0.0111427557694
349.0,19.5,0.0,0.0,0.0,0.0,0.0,0.0,0.262682212778,-0.0111495079281
349.0,20.0,0.0,0.0,0.0,0.0,0.0,0.0,0.262651793925,-0.0111562535374
349.0,20.5,0.0,0.0,0.0,0.0,0.0,0.0,0.262621426384,-0.0111629926187
349.0,21.0,0.0,0.0,0.0,0.0,0.0,0.0,0.26259110997,-0.0111697251928
349.0,21.5,0.0,0.0,0.0,0.0,0.0,0.0,0.262560844495,-0.0111764512808
349.0,22.0,0.0,0.0,0.0,0.0,0.0,0.0,0.26411983774,-0.0108361745946
349.0,22.5,0.0,0.0,0.0,0.0,0.0,0.0,0.265676280511,-0.0105086967501
349.0,23.0,0.0,0.0,0.0,0.0,0.0,0.0,0.266435602548,-0.010353219687
349.0,23.5,0.0,0.0,0.0,0.0,0.0,0.0,0.267193587614,-0.0102007421848
349.0,24.0,0.0,0.0,0.0,0.0,0.0,0.0,0.267950196318,-0.0100512023832
350.0,0.5,0.0,0.0,0.0,0.0,0.0,0.0,0.268705388665,-0.0099045398755
350.0,1.0,0.0,0.0,0.0,0.0,0.0,0.0,0.268664871036,-0.00991234361126
350.0,1.5,0.0,0.0,0.0,0.0,0.0,0.0,0.269418722185,-0.00976834263091
350.0,2.0,0.0,0.0,0.0,0.0,0.0,0.0,0.269376873066,-0.00977627104236
350.0,2.5,0.0,0.0,0.0,0.0,0.0,0.0,0.270129355024,-0.00963487403724
350.0,3.0,0.0,0.0,0.0,0.0,0.0,0.0,0.271674401666,-0.00935211173989
350.0,3.5,0.0,0.0,0.0,0.0,0.0,0.0,0.272422004309,-0.0092188458774
350.0,4.0,0.0,0.0,0.0,0.0,0.0,0.0,0.27237395728,-0.0092273422997
350.0,4.5,0.0,0.0,0.0,0.0,0.0,0.0,0.272326081415,-0.00923581773582
350.0,5.0,0.0,0.0,0.0,0.0,0.0,0.0,0.273072372337,-0.00910474971889
350.0,5.5,0.0,0.0,0.0,0.0,0.0,0.0,0.273023024894,-0.00911334768943
350.0,6.0,0.0,0.0,0.0,0.0,0.0,0.0,0.272973859737,-0.00912192352191
350.0,6.5,0.0,0.0,0.0,0.0,0.0,0.0,0.273718827141,-0.00899300350374
350.0,7.0,0.0,0.0,0.0,0.0,0.0,0.0,0.273668167874,-0.00900170123424
350.0,7.5,0.0,0.0,0.0,0.0,0.0,0.0,0.273617702385,-0.00901037566193
350.0,8.0,0.0,0.0,0.0,0.0,0.0,0.0,0.273567428628,-0.00901902703791
350.0,8.5,0.0,0.0,0.0,0.0,0.0,0.0,0.273517344589,-0.00902765560934
350.0,9.0,0.0,0.0,0.0,0.0,0.0,0.0,0.274261368261,-0.00890047921134
350.0,9.5,0.0,0.0,0.0,0.0,0.0,0.0,0.274209773075,-0.00890922923047
350.0,10.0,0.0,0.0,0.0,0.0,0.0,0.0,0.274158379339,-0.00891795527688
350.0,10.5,0.0,0.0,0.0,0.0,0.0,0.0,0.274107184866,-0.00892665761654
350.0,11.0,0.0,0.0,0.0,0.0,0.0,0.0,0.274850068708,-0.00880136297669
350.0,11.5,0.0,0.0,0.0,0.0,0.0,0.0,0.277178592418,-0.00842199042834
350.0,12.0,0.0,0.0,0.0,0.0,0.0,0.0,0.277119925231,-0.00843130650825
350.0,12.5,0.0,0.0,0.0,0.0,0.0,0.0,0.277061531123,-0.00844059141955
350.0,13.0,0.0,0.0,0.0,0.0,0.0,0.0,0.277797038229,-0.00832452640579
350.0,13.5,0.0,0.0,0.0,0.0,0.0,0.0,0.277737013539,-0.0083339269003
350.0,14.0,0.0,0.0,0.0,0.0,0.0,0.0,0.277677275667,-0.00834329503636
350.0,14.5,0.0,0.0,0.0,0.0,0.0,0.0,0.277617820774,-0.00835263125598
350.0,15.0,0.0,0.0,0.0,0.0,0.0,0.0,0.2775586451,-0.00836193599269
350.0,15.5,0.0,0.0,0.0,0.0,0.0,0.0,0.277499744956,-0.00837120967172
350.0,16.0,0.0,0.0,0.0,0.0,0.0,0.0,0.277441116727,-0.00838045271024
350.0,16.5,0.0,0.0,0.0,0.0,0.0,0.0,0.27738275687,-0.00838966551753
350.0,17.0,0.0,0.0,0.0,0.0,0.0,0.0,0.27732466191,-0.00839884849525
350.0,17.5,0.0,0.0,0.0,0.0,0.0,0.0,0.277266828437,-0.00840800203755
350.0,18.0,0.0,0.0,0.0,0.0,0.0,0.0,0.277209253109,-0.00841712653132
350.0,18.5,0.0,0.0,0.0,0.0,0.0,0.0,0.277151932647,-0.00842622235634
350.0,19.0,0.0,0.0,0.0,0.0,0.0,0.0,0.277094863834,-0.00843528988546
350.0,19.5,0.0,0.0,0.0,0.0,0.0,0.0,0.277038043512,-0.0084443294848
350.0,20.0,0.0,0.0,0.0,0.0,0.0,0.0,0.276981468584,-0.00845334151385
350.0,20.5,0.0,0.0,0.0,0.0,0.0,0.0,0.276925136011,-0.00846232632569
350.0,21.0,0.0,0.0,0.0,0.0,0.0,0.0,0.276869042806,-0.00847128426715
350.0,21.5,0.0,0.0,0.0,0.0,0.0,0.0,0.276813186042,-0.00848021567889
350.0,22.0,0.0,0.0,0.0,0.0,0.0,0.0,0.276757562841,-0.00848912089561
350.0,22.5,0.0,0.0,0.0,0.0,0.0,0.0,0.27670217038,-0.00849800024619
350.0,23.0,0.0,0.0,0.0,0.0,0.0,0.0,0.276647005885,-0.00850685405379
350.0,23.5,0.0,0.0,0.0,0.0,0.0,0.0,0.276592066633,-0.00851568263601
350.0,24.0,0.0,0.0,0.0,0.0,0.0,0.0,0.276537349949,-0.00852448630501
351.0,0.5,0.0,0.0,0.0,0.0,0.0,0.0,0.276482853203,-0.00853326536763
351.0,1.0,0.0,0.0,0.0,0.0,0.0,0.0,0.276428573815,-0.00854202012555
351.0,1.5,0.0,0.0,0.0,0.0,0.0,0.0,0.276374509247,-0.00855075087534
351.0,2.0,0.0,0.0,0.0,0.0,0.0,0.0,0.276320657007,-0.00855945790863
351.0,2.5,0.0,0.0,0.0,0.0,0.0,0.0,0.276267014645,-0.00856814151222
351.0,3.0,0.0,0.0,0.0,0.0,0.0,0.0,0.276213579753,-0.00857680196816
351.0,3.5,0.0,0.0,0.0,0.0,0.0,0.0,0.276160349964,-0.00858543955385
351.0,4.0,0.0,0.0,0.0,0.0,0.0,0.0,0.276107322953,-0.00859405454219
351.0,4.5,0.0,0.0,0.0,0.0,0.0,0.0,0.27605449643,-0.00860264720163
351.0,5.0,0.0,0.0,0.0,0.0,0.0,0.0,0.276001868148,-0.00861121779631
351.0,5.5,0.0,0.0,0.0,0.0,0.0,0.0,0.275949435895,-0.00861976658611
351.0,6.0,0.0,0.0,0.0,0.0,0.0,0.0,0.275897197495,-0.00862829382678
351.0,6.5,0.0,0.0,0.0,0.0,0.0,0.0,0.275845150811,-0.00863679976998
351.0,7.0,0.0,0.0,0.0,0.0,0.0,0.0,0.275793293738,-0.00864528466345
351.0,7.5,0.0,0.0,0.0,0.0,0.0,0.0,0.275741624206,-0.00865374875099
351.0,8.0,0.0,0.0,0.0,0.0,0.0,0.0,0.275690140179,-0.00866219227263
351.0,8.5,0.0,0.0,0.0,0.0,0.0,0.0,0.275638839653,-0.00867061546467
351.0,9.0,0.0,0.0,0.0,0.0,0.0,0.0,0.275587720659,-0.00867901855973
351.0,9.5,0.0,0.0,0.0,0.0,0.0,0.0,0.275536781256,-0.00868740178691
351.0,10.0,0.0,0.0,0.0,0.0,0.0,0.00370310031153,0.275486019535,-0.00869576537176
351.0,10.5,0.0,0.0,0.0,0.0,0.0,0.0499275993091,0.275435293085,-0.0087041327306
351.0,11.0,0.0,0.0,0.0,0.0,0.0,0.0708888639124,0.275382986372,-0.00871277080269
351.0,11.5,0.0,0.0,0.0,0.0,0.0,0.0,0.275330056314,-0.0087215222149
351.0,12.0,0.0,0.0,0.0,0.0,0.0,0.0,0.275279986827,-0.0087298103039
351.0,12.5,0.0,0.0,0.0,0.0,0.0,0.0,0.275230085917,-0.00873807982659
351.0,13.0,0.0,0.0,0.0,0.0,0.0,0.0,0.275180351847,-0.00874633098899
351.0,13.5,0.0,0.0,0.0,0.0,0.0,0.0,0.275130782907,-0.00875456399413
351.0,14.0,0.0,0.0,0.0,0.0,0.0,0.0,0.275081377412,-0.00876277904203
351.0,14.5,0.0,0.0,0.0,0.0,0.0,0.0,0.275032133703,-0.0087709763298
351.0,15.0,0.0,0.0,0.0,0.0,0.0,0.0,0.274983050146,-0.0087791560517
351.0,15.5,0.0,0.0,0.0,0.0,0.0,0.0,0.274934125133,-0.00878731839916
351.0,16.0,0.0,0.0,0.0,0.0,0.0,0.0,0.274885357076,-0.00879546356089
351.0,16.5,0.0,0.0,0.0,0.0,0.0,0.0,0.274836744415,-0.00880359172289
351.0,17.0,0.0,0.0,0.0,0.0,0.0,0.0,0.27478828561,-0.00881170306849
351.0,17.5,0.0,0.0,0.0,0.0,0.0,0.0,0.274739979146,-0.00881979777845
351.0,18.0,0.0,0.0,0.0,0.0,0.0,0.0,0.274691823529,-0.00882787603098
351.0,18.5,0.0,0.0,0.0,0.0,0.0,0.0,0.274643817286,-0.00883593800177
351.0,19.0,0.0,0.0,0.0,0.0,0.0,0.0,0.274595958967,-0.00884398386408
351.0,19.5,0.0,0.0,0.0,0.0,0.0,0.0,0.274548247143,-0.00885201378873
351.0,20.0,0.0,0.0,0.0,0.0,0.0,0.0,0.274500680403,-0.00886002794421
351.0,20.5,0.0,0.0,0.0,0.0,0.0,0.0,0.274453257359,-0.00886802649667
351.0,21.0,0.0,0.0,0.0,0.0,0.0,0.0,0.274405976641,-0.00887600960998
351.0,21.5,0.0,0.0,0.0,0.0,0.0,0.0,0.2743588369,-0.00888397744577
351.0,22.0,0.0,0.0,0.0,0.0,0.0,0.0,0.274311836806,-0.00889193016349
351.0,22.5,0.0,0.0,0.0,0.0,0.0,0.0,0.274264975045,-0.00889986792041
351.0,23.0,0.0,0.0,0.0,0.0,0.0,0.0,0.274218250325,-0.0089077908717
351.0,23.5,0.0,0.0,0.0,0.0,0.0,0.0,0.274171661369,-0.00891569917042
351.0,24.0,0.0,0.0,0.0,0.0,0.0,0.0,0.27412520692,-0.00892359296762
352.0,0.5,0.0,0.0,0.0,0.0,0.0,0.0,0.274078885737,-0.00893147241231
352.0,1.0,0.0,0.0,0.0,0.0,0.0,0.0,0.274032696597,-0.00893933765155
352.0,1.5,0.0,0.0,0.0,0.0,0.0,0.0,0.273986638293,-0.00894718883044
352.0,2.0,0.0,0.0,0.0,0.0,0.0,0.0,0.273940709634,-0.00895502609218
352.0,2.5,0.0,0.0,0.0,0.0,0.0,0.0,0.273894909447,-0.00896284957809
352.0,3.0,0.0,0.0,0.0,0.0,0.0,0.0,0.273849236573,-0.00897065942766
352.0,3.5,0.0,0.0,0.0,0.0,0.0,0.0,0.27380368987,-0.00897845577857
352.0,4.0,0.0,0.0,0.0,0.0,0.0,0.0,0.27375826821,-0.00898623876671
352.0,4.5,0.0,0.0,0.0,0.0,0.0,0.0,0.273712970482,-0.00899400852621
352.0,5.0,0.0,0.0,0.0,0.0,0.0,0.0,0.273667795587,-0.0090017651895
352.0,5.5,0.0,0.0,0.0,0.0,0.0,0.0,0.273622742443,-0.00900950888731
352.0,6.0,0.0,0.0,0.0,0.0,0.0,0.0,0.273577809982,-0.0090172397487
352.0,6.5,0.0,0.0,0.0,0.0,0.0,0.0,0.273532997148,-0.00902495790109
352.0,7.0,0.0,0.0,0.0,0.0,0.0,0.0,0.273488302902,-0.00903266347031
352.0,7.5,0.0,0.0,0.0,0.0,0.0,0.0,0.273443726215,-0.00904035658058
352.0,8.0,0.0,0.0,0.0,0.0,0.0,0.0,0.273399266075,-0.00904803735458
352.0,8.5,0.0,0.0,0.0,0.0,0.0,0.0,0.27335492148,-0.00905570591344
352.0,9.0,0.0,0.0,0.0,0.0,0.0,0.0886465448943,0.273310691444,-0.0090633623768
352.0,9.5,0.0,0.0,0.0,0.0,0.0,0.615012614028,0.273263210858,-0.00907159011375
352.0,10.0,0.0,0.0,0.0,0.0,0.0,0.88905856737,0.273195867326,-0.00908327509546
352.0,10.5,0.0,0.0,0.0,0.0,0.0,0.83384328885,0.273118235435,-0.00909676750144
352.0,11.0,0.0,0.0,0.0,0.0,0.0,0.307864494181,0.273042809693,-0.00910989935624
352.0,11.5,0.0,0.0,0.0,0.0,0.0,0.160504853905,0.272987454624,-0.00911955121692
352.0,12.0,0.0,0.0,0.0,0.0,0.0,0.243683507188,0.272937800737,-0.00912821937198
352.0,12.5,0.0,0.0,0.0,0.0,0.0,0.357759009031,0.272885098213,-0.00913743047386
352.0,13.0,0.0,0.0,0.0,0.0,0.0,0.516839452594,0.272828173626,-0.00914739193181
352.0,13.5,0.0,0.0,0.0,0.0,0.0,0.365232652239,0.27355947393,-0.00902039683154
352.0,14.0,0.0,0.0,0.0,0.0,0.0,0.762895368579,0.273500822154,-0.00903050428247
352.0,14.5,0.0,0.0,0.0,0.0,0.0,0.803701365674,0.27342719506,-0.00904321153602
352.0,15.0,0.0,0.0,0.0,0.0,0.0,0.206080368508,0.273352134337,-0.00905618815584
352.0,15.5,0.0,0.0,0.0,0.0,0.0,0.0,0.273299867264,-0.00906523727649
352.0,16.0,0.0,0.0,0.0,0.0,0.0,0.0,0.273255533918,-0.00907292125821
352.0,16.5,0.0,0.0,0.0,0.0,0.0,0.0,0.273211312591,-0.00908059355631
352.0,17.0,0.0,0.0,0.0,0.0,0.0,0.0,0.273167202334,-0.00908825428652
352.0,17.5,0.0,0.0,0.0,0.0,0.0,0.0,0.273123202207,-0.00909590356297
352.0,18.0,0.0,0.0,0.0,0.0,0.0,0.0,0.273079311283,-0.00910354149822
352.0,18.5,0.0,0.0,0.0,0.0,0.0,0.0,0.27303552865,-0.00911116820326
352.0,19.0,0.0,0.0,0.0,0.0,0.0,0.0,0.272991853408,-0.00911878378756
352.0,19.5,0.0,0.0,0.0,0.0,0.0,0.0,0.272948284667,-0.00912638835905
352.0,20.0,0.0,0.0,0.0,0.0,0.0,0.0,0.272904821553,-0.00913398202417
352.0,20.5,0.0,0.0,0.0,0.0,0.0,0.0,0.272861463201,-0.00914156488784
352.0,21.0,0.0,0.0,0.0,0.0,0.0,0.0,0.272818208759,-0.00914913705355
352.0,21.5,0.0,0.0,0.0,0.0,0.0,0.0,0.272775057388,-0.00915669862332
352.0,22.0,0.0,0.0,0.0,0.0,0.0,0.0,0.272732008258,-0.00916424969772
352.0,22.5,0.0,0.0,0.0,0.0,0.0,0.0,0.272689060553,-0.00917179037593
352.0,23.0,0.0,0.0,0.0,0.0,0.0,0.0,0.272646213466,-0.00917932075572
352.0,23.5,0.0,0.0,0.0,0.0,0.0,0.0,0.272603466202,-0.00918684093347
352.0,24.0,0.0,0.0,0.0,0.0,0.0,0.0,0.272560817978,-0.00919435100421
353.0,0.5,0.0,0.0,0.0,0.0,0.0,0.0,0.27251826802,-0.00920185106164
353.0,1.0,0.0,0.0,0.0,0.0,0.0,0.0,0.272475815566,-0.0092093411981
353.0,1.5,0.0,0.0,0.0,0.0,0.0,0.0,0.272433459863,-0.00921682150465
353.0,2.0,0.0,0.0,0.0,0.0,0.0,0.0,0.27239120017,-0.00922429207105
353.0,2.5,0.0,0.0,0.0,0.0,0.0,0.0,0.272349035754,-0.00923175298578
353.0,3.0,0.0,0.0,0.0,0.0,0.0,0.0,0.272306965894,-0.00923920433608
353.0,3.5,0.0,0.0,0.0,0.0,0.0,0.0,0.272264989878,-0.00924664620795
353.0,4.0,0.0,0.0,0.0,0.0,0.0,0.0,0.272223107003,-0.00925407868615
353.0,4.5,0.0,0.0,0.0,0.0,0.0,0.0,0.272181316577,-0.00926150185426
353.0,5.0,0.0,0.0,0.0,0.0,0.0,0.0,0.272139617915,-0.00926891579465
353.0,5.5,0.0,0.0,0.0,0.0,0.0,0.0,0.272098010344,-0.00927632058856
353.0,6.0,0.0,0.0,0.0,0.0,0.0,0.0,0.272056493198,-0.00928371631602
353.0,6.5,0.0,0.0,0.0,0.0,0.0,0.0,0.272015065822,-0.00929110305598
353.0,7.0,0.0,0.0,0.0,0.0,0.0,0.0,0.271973727567,-0.00929848088622
353.0,7.5,0.0,0.0,0.0,0.0,0.0,0.0,0.271932477795,-0.00930584988345
353.0,8.0,0.0,0.0,0.0,0.0,0.0,0.0,0.271891315876,-0.00931321012329
353.0,8.5,0.0,0.0,0.0,0.0,0.0,0.0,0.271850241188,-0.00932056168025
353.0,9.0,0.0,0.0,0.0,0.0,0.0,0.0,0.271809253117,-0.00932790462783
353.0,9.5,0.0,0.0,0.0,0.0,0.0,0.0,0.271768351058,-0.00933523903845
353.0,10.0,0.0,0.0,0.0,0.0,0.0,0.0,0.271727534413,-0.00934256498353
353.0,10.5,0.0,0.0,0.0,0.0,0.0,0.0,0.271686802594,-0.00934988253347
353.0,11.0,0.0,0.0,0.0,0.0,0.0,0.0,0.271646155017,-0.00935719175765
353.0,11.5,0.0,0.0,0.0,0.0,0.0,0.0,0.27160559111,-0.0093644927245
353.0,12.0,0.0,0.0,0.0,0.0,0.0,0.0,0.271565110306,-0.00937178550146
353.0,12.5,0.0,0.0,0.0,0.0,0.0,0.0,0.271524712044,-0.00937907015502
353.0,13.0,0.0,0.0,0.0,0.0,0.0,0.0,0.271484395775,-0.00938634675074
353.0,13.5,0.0,0.0,0.0,0.0,0.0,0.0,0.271444160953,-0.00939361535323
353.0,14.0,0.0,0.0,0.0,0.0,0.0,0.0,0.27140400704,-0.00940087602621
353.0,14.5,0.0,0.0,0.0,0.0,0.0,0.0,0.271363933507,-0.00940812883248
353.0,15.0,0.0,0.0,0.0,0.0,0.0,0.0,0.271323939828,-0.00941537383397
353.0,15.5,0.0,0.0,0.0,0.0,0.0,0.0,0.271284025488,-0.00942261109173
353.0,16.0,0.0,0.0,0.0,0.0,0.0,0.0,0.271244189976,-0.00942984066594
353.0,16.5,0.0,0.0,0.0,0.0,0.0,0.0,0.271204432788,-0.00943706261595
353.0,17.0,0.0,0.0,0.0,0.0,0.0,0.0,0.271164753426,-0.00944427700025
353.0,17.5,0.0,0.0,0.0,0.0,0.0,0.0,0.271125151401,-0.00945148387653
353.0,18.0,0.0,0.0,0.0,0.0,0.0,0.0,0.271085626227,-0.00945868330166
353.0,18.5,0.0,0.0,0.0,0.0,0.0,0.0,0.271046177426,-0.0094658753317
353.0,19.0,0.0,0.0,0.0,0.0,0.0,0.0,0.271006804524,-0.00947306002194
353.0,19.5,0.0,0.0,0.0,0.0,0.0,0.0,0.270967507057,-0.00948023742688
353.0,20.0,0.0,0.0,0.0,0.0,0.0,0.0,0.270928284562,-0.00948740760026
353.0,20.5,0.0,0.0,0.0,0.0,0.0,0.0,0.270889136585,-0.00949457059506
353.0,21.0,0.0,0.0,0.0,0.0,0.0,0.0,0.270850062676,-0.00950172646354
353.0,21.5,0.0,0.0,0.0,0.0,0.0,0.0,0.270811062393,-0.0095088752572
353.0,22.0,0.0,0.0,0.0,0.0,0.0,0.0,0.270772135297,-0.00951601702684
353.0,22.5,0.0,0.0,0.0,0.0,0.0,0.0,0.270733280956,-0.00952315182253
353.0,23.0,0.0,0.0,0.0,0.0,0.0,0.0,0.270694498941,-0.00953027969366
353.0,23.5,0.0,0.0,0.0,0.0,0.0,0.0,0.270655788832,-0.00953740068893
353.0,24.0,0.0,0.0,0.0,0.0,0.0,0.0,0.270617150211,-0.00954451485634
354.0,0.5,0.0,0.0,0.0,0.0,0.0,0.0,0.270578582666,-0.00955162224324
354.0,1.0,0.0,0.0,0.0,0.0,0.0,0.0,0.270540085791,-0.00955872289633
354.0,1.5,0.0,0.0,0.0,0.0,0.0,0.0,0.270501659185,-0.00956581686162
354.0,2.0,0.0,0.0,0.0,0.0,0.0,0.0,0.270463302449,-0.00957290418453
354.0,2.5,0.0,0.0,0.0,0.0,0.0,0.0,0.270425015193,-0.00957998490981
354.0,3.0,0.0,0.0,0.0,0.0,0.0,0.0,0.270386797028,-0.00958705908162
354.0,3.5,0.0,0.0,0.0,0.0,0.0,0.0,0.270348647573,-0.00959412674348
354.0,4.0,0.0,0.0,0.0,0.0,0.0,0.0,0.270310566449,-0.00960118793832
354.0,4.5,0.0,0.0,0.0,0.0,0.0,0.0,0.270272553282,-0.00960824270849
354.0,5.0,0.0,0.0,0.0,0.0,0.0,0.0,0.270234607704,-0.00961529109572
354.0,5.5,0.0,0.0,0.0,0.0,0.0,0.0,0.27019672935,-0.00962233314119
354.0,6.0,0.0,0.0,0.0,0.0,0.0,0.0,0.270158917858,-0.00962936888552
354.0,6.5,0.0,0.0,0.0,0.0,0.0,0.0,0.270121172874,-0.00963639836873
354.0,7.0,0.0,0.0,0.0,0.0,0.0,0.0,0.270083494046,-0.00964342163033
354.0,7.5,0.0,0.0,0.0,0.0,0.0,0.0,0.270045881024,-0.00965043870927
354.0,8.0,0.0,0.0,0.0,0.0,0.0,0.0,0.270008333467,-0.00965744964395
354.0,8.5,0.0,0.0,0.0,0.0,0.0,0.0,0.269970851033,-0.00966445447228
354.0,9.0,0.0,0.0,0.0,0.0,0.0,0.0,0.269933433387,-0.0096714532316
354.0,9.5,0.0,0.0,0.0,0.0,0.0,0.0,0.269896080197,-0.00967844595879
354.0,10.0,0.0,0.0,0.0,0.0,0.0,0.0,0.269858791135,-0.00968543269017
354.0,10.5,0.0,0.0,0.0,0.0,0.0,0.0,0.269821565877,-0.00969241346162
354.0,11.0,0.0,0.0,0.0,0.0,0.0,0.0,0.269784404102,-0.00969938830849
354.0,11.5,0.0,0.0,0.0,0.0,0.0,0.0,0.269747305493,-0.00970635726566
354.0,12.0,0.0,0.0,0.0,0.0,0.0,0.0,0.269710269736,-0.00971332036753
354.0,12.5,0.0,0.0,0.0,0.0,0.0,0.0,0.269673296522,-0.00972027764803
354.0,13.0,0.0,0.0,0.0,0.0,0.0,0.0,0.269636385545,-0.00972722914065
354.0,13.5,0.0,0.0,0.0,0.0,0.0,0.0,0.269599536502,-0.00973417487839
354.0,14.0,0.0,0.0,0.0,0.0,0.0,0.0,0.269562749092,-0.00974111489383
354.0,14.5,0.0,0.0,0.0,0.0,0.0,0.0,0.269526023021,-0.00974804921909
354.0,15.0,0.0,0.0,0.0,0.0,0.0,0.0,0.269489357995,-0.00975497788586
354.0,15.5,0.0,0.0,0.0,0.0,0.0,0.0,0.269452753724,-0.00976190092541
354.0,16.0,0.0,0.0,0.0,0.0,0.0,0.0,0.269416209922,-0.00976881836857
354.0,16.5,0.0,0.0,0.0,0.0,0.0,0.0,0.269379726307,-0.00977573024577
354.0,17.0,0.0,0.0,0.0,0.0,0.0,0.0,0.269343302597,-0.00978263658702
354.0,17.5,0.0,0.0,0.0,0.0,0.0,0.0,0.269306938516,-0.00978953742193
354.0,18.0,0.0,0.0,0.0,0.0,0.0,0.0,0.269270633789,-0.0097964327797
354.0,18.5,0.0,0.0,0.0,0.0,0.0,0.0,0.269234388146,-0.00980332268916
354.0,19.0,0.0,0.0,0.0,0.0,0.0,0.0,0.269198201318,-0.00981020717873
354.0,19.5,0.0,0.0,0.0,0.0,0.0,0.0,0.26916207304,-0.00981708627646
354.0,20.0,0.0,0.0,0.0,0.0,0.0,0.0,0.26912600305,-0.00982396001002
354.0,20.5,0.0,0.0,0.0,0.0,0.0,0.0,0.269089991088,-0.00983082840672
354.0,21.0,0.0,0.0,0.0,0.0,0.0,0.0,0.269054036896,-0.00983769149349
354.0,21.5,0.0,0.0,0.0,0.0,0.0,0.0,0.269018140222,-0.00984454929691
354.0,22.0,0.0,0.0,0.0,0.0,0.0,0.0,0.268982300812,-0.0098514018432
354.0,22.5,0.0,0.0,0.0,0.0,0.0,0.0,0.26894651842,-0.00985824915823
354.0,23.0,0.0,0.0,0.0,0.0,0.0,0.0,0.268910792797,-0.00986509126754
354.0,23.5,0.0,0.0,0.0,0.0,0.0,0.0,0.268875123701,-0.00987192819631
354.0,24.0,0.0,0.0,0.0,0.0,0.0,0.0,0.269633940393,-0.0097276898485
355.0,0.5,0.0,0.0,0.0,0.0,0.0,0.0,0.269596997748,-0.00973465362991
355.0,1.0,0.0,0.0,0.0,0.0,0.0,0.0,0.269560117992,-0.00974161148188
355.0,1.5,0.0,0.0,0.0,0.0,0.0,0.0,0.269523300823,-0.00974856343693
355.0,2.0,0.0,0.0,0.0,0.0,0.0,0.0,0.269486545944,-0.0097555095272
355.0,2.5,0.0,0.0,0.0,0.0,0.0,0.0,0.269449853059,-0.0097624497844
355.0,3.0,0.0,0.0,0.0,0.0,0.0,0.0,0.269413221875,-0.00976938423987
355.0,3.5,0.0,0.0,0.0,0.0,0.0,0.0,0.269376652103,-0.00977631292453
355.0,4.0,0.0,0.0,0.0,0.0,0.0,0.0,0.269340143458,-0.00978323586893
355.0,4.5,0.0,0.0,0.0,0.0,0.0,0.0,0.269303695655,-0.00979015310322
355.0,5.0,0.0,0.0,0.0,0.0,0.0,0.0,0.269267308416,-0.00979706465721
355.0,5.5,0.0,0.0,0.0,0.0,0.0,0.0,0.269230981461,-0.00980397056028
355.0,6.0,0.0,0.0,0.0,0.0,0.0,0.0,0.269194714518,-0.0098108708415
355.0,6.5,0.0,0.0,0.0,0.0,0.0,0.0,0.269158507313,-0.00981776552954
355.0,7.0,0.0,0.0,0.0,0.0,0.0,0.0,0.269122359578,-0.00982465465272
355.0,7.5,0.0,0.0,0.0,0.0,0.0,0.0,0.269086271047,-0.00983153823903
355.0,8.0,0.0,0.0,0.0,0.0,0.0,0.0,0.269050241456,-0.00983841631608
355.0,8.5,0.0,0.0,0.0,0.0,0.0,0.0,0.269014270544,-0.00984528891116
355.0,9.0,0.0,0.0,0.0,0.0,0.0,0.0,0.268978358054,-0.0098521560512
355.0,9.5,0.0,0.0,0.0,0.0,0.0,0.0,0.268942503729,-0.00985901776281
355.0,10.0,0.0,0.0,0.0,0.0,0.0,0.0,0.268906707316,-0.00986587407228
355.0,10.5,0.0,0.0,0.0,0.0,0.0,0.0,0.268870968565,-0.00987272500555
355.0,11.0,0.0,0.0,0.0,0.0,0.0,0.0,0.268835287227,-0.00987957058826
355.0,11.5,0.0,0.0,0.0,0.0,0.0,0.0,0.268799663058,-0.00988641084572
355.0,12.0,0.0,0.0,0.0,0.0,0.0,0.0,0.268764095813,-0.00989324580294
355.0,12.5,0.0,0.0,0.0,0.0,0.0,0.0,0.268728585252,-0.0099000754846
355.0,13.0,0.0,0.0,0.0,0.0,0.0,0.0,0.268693131137,-0.00990689991511
355.0,13.5,0.0,0.0,0.0,0.0,0.0,0.0,0.26865773323,-0.00991371911854
355.0,14.0,0.0,0.0,0.0,0.0,0.0,0.0,0.268622391299,-0.00992053311871
355.0,14.5,0.0,0.0,0.0,0.0,0.0,0.0,0.268587105112,-0.0099273419391
355.0,15.0,0.0,0.0,0.0,0.0,0.0,0.0,0.26855187444,-0.00993414560294
355.0,15.5,0.0,0.0,0.0,0.0,0.0,0.0,0.268516699054,-0.00994094413316
355.0,16.0,0.0,0.0,0.0,0.0,0.0,0.0,0.268481578731,-0.00994773755241
355.0,16.5,0.0,0.0,0.0,0.0,0.0,0.0,0.268446513247,-0.00995452588306
355.0,17.0,0.0,0.0,0.0,0.0,0.0,0.0,0.268411502382,-0.00996130914722
355.0,17.5,0.0,0.0,0.0,0.0,0.0,0.0,0.268376545917,-0.00996808736672
355.0,18.0,0.0,0.0,0.0,0.0,0.0,0.0,0.268341643636,-0.00997486056313
355.0,18.5,0.0,0.0,0.0,0.0,0.0,0.0,0.268306795323,-0.00998162875776
355.0,19.0,0.0,0.0,0.0,0.0,0.0,0.0,0.268272000767,-0.00998839197165
355.0,19.5,0.0,0.0,0.0,0.0,0.0,0.0,0.268237259756,-0.0099951502256
355.0,20.0,0.0,0.0,0.0,0.0,0.0,0.0,0.268202572083,-0.0100019035402
355.0,20.5,0.0,0.0,0.0,0.0,0.0,0.0,0.26816793754,-0.0100086519356
355.0,21.0,0.0,0.0,0.0,0.0,0.0,0.0,0.268133355922,-0.010015395432
355.0,21.5,0.0,0.0,0.0,0.0,0.0,0.0,0.268098827028,-0.0100221340492
355.0,22.0,0.0,0.0,0.0,0.0,0.0,0.0,0.268064350655,-0.0100288678067
355.0,22.5,0.0,0.0,0.0,0.0,0.0,0.0,0.268029926605,-0.0100355967238
355.0,23.0,0.0,0.0,0.0,0.0,0.0,0.0,0.267995554679,-0.0100423208198
355.0,23.5,0.0,0.0,0.0,0.0,0.0,0.0,0.267961234684,-0.0100490401133
355.0,24.0,0.0,0.0,0.0,0.0,0.0,0.0,0.267926966423,-0.0100557546232
356.0,0.5,0.0,0.0,0.0,0.0,0.0,0.0,0.267892749706,-0.0100624643679
356.0,1.0,0.0,0.0,0.0,0.0,0.0,0.0,0.267858584342,-0.0100691693654
356.0,1.5,0.0,0.0,0.0,0.0,0.0,0.0,0.267824470142,-0.010075869634
356.0,2.0,0.0,0.0,0.0,0.0,0.0,0.0,0.267790406918,-0.0100825651912
356.0,2.5,0.0,0.0,0.0,0.0,0.0,0.0,0.267756394487,-0.0100892560548
356.0,3.0,0.0,0.0,0.0,0.0,0.0,0.0,0.267722432663,-0.010095942242
356.0,3.5,0.0,0.0,0.0,0.0,0.0,0.0,0.267688521265,-0.01010262377
356.0,4.0,0.0,0.0,0.0,0.0,0.0,0.0,0.268449153064,-0.00995401464864
356.0,4.5,0.0,0.0,0.0,0.0,0.0,0.0,0.268414018862,-0.00996082140217
356.0,5.0,0.0,0.0,0.0,0.0,0.0,0.0,0.268378940955,-0.00996762278248
356.0,5.5,0.0,0.0,0.0,0.0,0.0,0.0,0.269138369994,-0.0098216026384
356.0,6.0,0.0,0.0,0.0,0.0,0.0,0.0,0.271485094922,-0.00938622050601
356.0,6.5,0.0,0.0,0.0,0.0,0.0,0.0,0.273827013847,-0.00897446234306
356.0,7.0,0.0,0.0,0.0,0.0,0.0,0.0,0.276163631806,-0.00858490671048
356.0,7.5,0.0,0.0,0.0,0.0,0.0,0.0,0.27849441424,-0.00821623079576
356.0,8.0,0.0,0.0,0.0,0.0,0.0,0.0,0.281612244833,-0.00775212088149
356.0,8.5,0.0,0.0,0.0,0.0,0.0,0.0,0.283258300232,-0.00751971279763
356.0,9.0,0.0,0.0,0.0,0.0,0.0,0.0,0.28725707335,-0.00698883641681
356.0,9.5,0.0,0.0,0.0,0.0,0.0,0.0,0.289430513777,-0.00671904978478
356.0,10.0,0.0,0.0,0.0,0.0,0.0,0.0,0.292169192524,-0.00639655860267
356.0,10.5,0.0,0.0,0.0,0.0,0.0,0.0,0.297235596026,-0.0058472474211
356.0,11.0,0.0,0.0,0.0,0.0,0.0,0.0,0.301025537974,-0.00547284725586
356.0,11.5,0.0,0.0,0.0,0.0,0.0,0.0,0.304142091283,-0.00518622222193
356.0,12.0,0.0,0.0,0.0,0.0,0.0,0.0,0.306590687639,-0.00497351409101
356.0,12.5,0.0,0.0,0.0,0.0,0.0,0.0,0.30955744472,-0.00472955630697
356.0,13.0,0.0,0.0,0.0,0.0,0.0,0.0,0.312427911424,-0.00450697080077
356.0,13.5,0.0,0.0,0.0,0.0,0.0,0.0,0.315192873576,-0.00430427160324
356.0,14.0,0.0,0.0,0.0,0.0,0.0,0.0,0.317843494035,-0.0041200734909
356.0,14.5,0.0,0.0,0.0,0.0,0.0,0.0,0.318225143341,-0.00409433209501
356.0,15.0,0.0,0.0,0.0,0.0,0.0,0.0,0.318803553847,-0.0040556838902
356.0,15.5,0.0,0.0,0.0,0.0,0.0,0.0,0.319538768638,-0.00400718387066
356.0,16.0,0.0,0.0,0.0,0.0,0.0,0.0,0.320236511445,-0.00396179359577
356.0,16.5,0.0,0.0,0.0,0.0,0.0,0.0,0.320312690803,-0.00395687508351
356.0,17.0,0.0,0.0,0.0,0.0,0.0,0.0,0.320710898951,-0.00393128291483
356.0,17.5,0.0,0.0,0.0,0.0,0.0,0.0,0.321110563485,-0.00390579519985
356.0,18.0,0.0,0.0,0.0,0.0,0.0,0.0,0.320728019893,-0.00393018700974
356.0,18.5,0.0,0.0,0.0,0.0,0.0,0.0,0.321141520159,-0.00390382923504
356.0,19.0,0.0,0.0,0.0,0.0,0.0,0.0,0.321554979324,-0.00387768439296
356.0,19.5,0.0,0.0,0.0,0.0,0.0,0.0,0.321968145104,-0.00385176623857
356.0,20.0,0.0,0.0,0.0,0.0,0.0,0.0,0.321597108683,-0.00387503209761
356.0,20.5,0.0,0.0,0.0,0.0,0.0,0.0,0.321236670781,-0.00389779388379
356.0,21.0,0.0,0.0,0.0,0.0,0.0,0.0,0.320885931149,-0.0039200963116
356.0,21.5,0.0,0.0,0.0,0.0,0.0,0.0,0.320544092477,-0.00394197921106
356.0,22.0,0.0,0.0,0.0,0.0,0.0,0.0,0.320210445414,-0.00396347821874
356.0,22.5,0.0,0.0,0.0,0.0,0.0,0.0,0.319884356411,-0.00398462533776
356.0,23.0,0.0,0.0,0.0,0.0,0.0,0.0,0.319565257434,-0.00400544941679
356.0,23.5,0.0,0.0,0.0,0.0,0.0,0.0,0.319252637342,-0.00402597655419
356.0,24.0,0.0,0.0,0.0,0.0,0.0,0.0,0.318946034616,-0.00404623043986
357.0,0.5,0.0,0.0,0.0,0.0,0.0,0.0,0.318645031217,-0.00406623264551
357.0,1.0,0.0,0.0,0.0,0.0,0.0,0.0,0.318349247367,-0.0040860028723
357.0,1.5,0.0,0.0,0.0,0.0,0.0,0.0,0.318058337081,-0.00410555916305
357.0,2.0,0.0,0.0,0.0,0.0,0.0,0.0,0.318558239106,-0.00407202200194
357.0,2.5,0.0,0.0,0.0,0.0,0.0,0.0,0.318266980034,-0.00409152197334
357.0,3.0,0.0,0.0,0.0,0.0,0.0,0.0,0.317980082534,-0.00411083880499
357.0,3.5,0.0,0.0,0.0,0.0,0.0,0.0,0.317697271689,-0.00412998692418
357.0,4.0,0.0,0.0,0.0,0.0,0.0,0.0,0.317418294911,-0.00414897965961
357.0,4.5,0.0,0.0,0.0,0.0,0.0,0.0,0.317142919651,-0.00416782935062
357.0,5.0,0.0,0.0,0.0,0.0,0.0,0.0,0.316870931399,-0.00418654744291
357.0,5.5,0.0,0.0,0.0,0.0,0.0,0.0,0.316602131935,-0.00420514457277
357.0,6.0,0.0,0.0,0.0,0.0,0.0,0.0,0.316336337778,-0.00422363064152
357.0,6.5,0.0,0.0,0.0,0.0,0.0,0.0,0.316073378826,-0.00424201488124
357.0,7.0,0.0,0.0,0.0,0.0,0.0,0.0,0.315813097145,-0.00426030591331
357.0,7.5,0.0,0.0,0.0,0.0,0.0,0.0,0.315555345894,-0.00427851180039
357.0,8.0,0.0,0.0,0.0,0.0,0.0,0.0,0.315299988372,-0.00429664009291
357.0,8.5,0.0,0.0,0.0,0.0,0.0,0.0,0.315046897159,-0.00431469787064
357.0,9.0,0.0,0.0,0.0,0.0,0.0,0.0,0.314795953353,-0.00433269177998
357.0,9.5,0.0,0.0,0.0,0.0,0.0,0.0,0.314547045881,-0.00435062806753
357.0,10.0,0.0,0.0,0.0,0.0,0.0,0.0474485746437,0.314300070883,-0.00436851261028
357.0,10.5,0.0,0.0,0.0,0.0,0.0,0.0573231853941,0.31405313048,-0.00438648229496
357.0,11.0,0.0,0.0,0.0,0.0,0.0,0.118584548365,0.313807559545,-0.00440443973161
357.0,11.5,0.0,0.0,0.0,0.0,0.0,0.115893908778,0.313561322588,-0.0044225338876
357.0,12.0,0.0,0.0,0.0,0.0,0.0,0.0575251790512,0.313316766499,-0.00444059225848
357.0,12.5,0.0,0.0,0.0,0.0,0.0,0.104470918216,0.313075929074,-0.00445846196453
357.0,13.0,0.0,0.0,0.0,0.0,0.0,0.0853006721251,0.312834743007,-0.00447644347125
357.0,13.5,0.0,0.0,0.0,0.0,0.0,0.0148226660823,0.312595651018,-0.00449435420487
357.0,14.0,0.0,0.0,0.0,0.0,0.0,0.0,0.312360537811,-0.00451205020788
357.0,14.5,0.0,0.0,0.0,0.0,0.0,0.0,0.312127232545,-0.00452969225725
357.0,15.0,0.0,0.0,0.0,0.0,0.0,0.0,0.311895117429,-0.00454732593028
357.0,15.5,0.0,0.0,0.0,0.0,0.0,0.0,0.311664140429,-0.00456495439052
357.0,16.0,0.0,0.0,0.0,0.0,0.0,0.0,0.31143425433,-0.00458258049995
357.0,16.5,0.0,0.0,0.0,0.0,0.0,0.0,0.311205418935,-0.00460020664094
357.0,17.0,0.0,0.0,0.0,0.0,0.0,0.0,0.310977600309,-0.00461783476282
357.0,17.5,0.0,0.0,0.0,0.0,0.0,0.0,0.310750770093,-0.00463546642432
357.0,18.0,0.0,0.0,0.0,0.0,0.0,0.0,0.310524904884,-0.00465310283233
357.0,18.5,0.0,0.0,0.0,0.0,0.0,0.0,0.310299985676,-0.00467074487728
357.0,19.0,0.0,0.0,0.0,0.0,0.0,0.0,0.31007599735,-0.00468839316558
357.0,19.5,0.0,0.0,0.0,0.0,0.0,0.0,0.30985292822,-0.00470604804925
357.0,20.0,0.0,0.0,0.0,0.0,0.0,0.0,0.30963076961,-0.00472370965305
357.0,20.5,0.0,0.0,0.0,0.0,0.0,0.0,0.309409515482,-0.00474137789937
357.0,21.0,0.0,0.0,0.0,0.0,0.0,0.0,0.309189162094,-0.00475905253099
357.0,21.5,0.0,0.0,0.0,0.0,0.0,0.0,0.308969707691,-0.00477673313191
357.0,22.0,0.0,0.0,0.0,0.0,0.0,0.0,0.308751152226,-0.00479441914645
357.0,22.5,0.0,0.0,0.0,0.0,0.0,0.0,0.308533497113,-0.00481210989668
357.0,23.0,0.0,0.0,0.0,0.0,0.0,0.0,0.308316744993,-0.00482980459841
357.0,23.5,0.0,0.0,0.0,0.0,0.0,0.0,0.308100899537,-0.00484750237571
357.0,24.0,0.0,0.0,0.0,0.0,0.0,0.0,0.30788596526,-0.00486520227423
358.0,0.5,0.0,0.0,0.0,0.0,0.0,0.0,0.307671947355,-0.00488290327331
358.0,1.0,0.0,0.0,0.0,0.0,0.0,0.0,0.308247393329,-0.0048354825301
358.0,1.5,0.0,0.0,0.0,0.0,0.0,0.0,0.309604553564,-0.00472579903342
358.0,2.0,0.0,0.0,0.0,0.0,0.0,0.0,0.310947073581,-0.00462020296634
358.0,2.5,0.0,0.0,0.0,0.0,0.0,0.0,0.312274442377,-0.0045185510144
358.0,3.0,0.0,0.0,0.0,0.0,0.0,0.0,0.312799438301,-0.00447908283998
358.0,3.5,0.0,0.0,0.0,0.0,0.0,0.0,0.31253108321,-0.0044992057088
358.0,4.0,0.0,0.0,0.0,0.0,0.0,0.0,0.312265131568,-0.00451925471396
358.0,4.5,0.0,0.0,0.0,0.0,0.0,0.0,0.312001518541,-0.00453923255525
358.0,5.0,0.0,0.0,0.0,0.0,0.0,0.0,0.311740182882,-0.00455914175719
358.0,5.5,0.0,0.0,0.0,0.0,0.0,0.0,0.311481067003,-0.0045789846554
358.0,6.0,0.0,0.0,0.0,0.0,0.0,0.0,0.311224116925,-0.00459876339362
358.0,6.5,0.0,0.0,0.0,0.0,0.0,0.0,0.310969282136,-0.00461847992697
358.0,7.0,0.0,0.0,0.0,0.0,0.0,0.0,0.313077602332,-0.00445833751649
358.0,7.5,0.0,0.0,0.0,0.0,0.0,0.0,0.312801278368,-0.00447894523135
358.0,8.0,0.0,0.0,0.0,0.0,0.0,0.0,0.312527689583,-0.00449946087214
358.0,8.5,0.0,0.0,0.0,0.0,0.0,0.0,0.312256752429,-0.00451988811068
358.0,9.0,0.0,0.0,0.0,0.0,0.0,0.0,0.311988388297,-0.0045402303753
358.0,9.5,0.0,0.0,0.0,0.0,0.0,0.0477723288089,0.311722523491,-0.00456049084243
358.0,10.0,0.0,0.0,0.0,0.0,0.0,0.16154595206,0.311457276107,-0.00458081169679
358.0,10.5,0.0,0.0,0.0,0.0,0.0,0.625609001228,0.311190076965,-0.00460139124921
358.0,11.0,0.0,0.0,0.0,0.0,0.0,0.78546948718,0.310907572418,-0.00462326953695
358.0,11.5,0.0,0.0,0.0,0.0,0.0,0.491055106518,0.310621250723,-0.00464557002494
358.0,12.0,0.0,0.0,0.0,0.0,0.0,0.324445251992,0.310348299073,-0.00466694859556
358.0,12.5,0.0,0.0,0.0,0.0,0.0,0.893850314839,0.310083818231,-0.00468777561251
358.0,13.0,0.0,0.0,0.0,0.0,0.0,0.410076474677,0.309799830621,-0.00471026214163
358.0,13.5,0.0,0.0,0.0,0.0,0.0,0.0515316918039,0.309536261442,-0.00473124698772
358.0,14.0,0.0,0.0,0.0,0.0,0.0,0.0112972430357,0.309288318091,-0.00475108949233
358.0,14.5,0.0,0.0,0.0,0.0,0.0,0.0,0.309043883042,-0.00477074836579
358.0,15.0,0.0,0.0,0.0,0.0,0.0,0.0,0.30958945415,-0.00472700293433
358.0,15.5,0.0,0.0,0.0,0.0,0.0,0.0,0.31091596746,-0.00462261760668
358.0,16.0,0.0,0.0,0.0,0.0,0.0,0.0,0.31144043622,-0.00458210545464
358.0,16.5,0.0,0.0,0.0,0.0,0.0,0.0,0.311958708595,-0.00454248681833
358.0,17.0,0.0,0.0,0.0,0.0,0.0,0.0,0.311684193927,-0.00456342065804
358.0,17.5,0.0,0.0,0.0,0.0,0.0,0.0,0.311412619502,-0.00458424348319
358.0,18.0,0.0,0.0,0.0,0.0,0.0,0.0,0.311143895352,-0.00460495929073
358.0,18.5,0.0,0.0,0.0,0.0,0.0,0.0,0.310877936693,-0.00462557182205
358.0,19.0,0.0,0.0,0.0,0.0,0.0,0.0,0.310614663728,-0.00464608456671
358.0,19.5,0.0,0.0,0.0,0.0,0.0,0.0,0.310354001401,-0.00466650077101
358.0,20.0,0.0,0.0,0.0,0.0,0.0,0.0,0.310095879122,-0.00468682344931
358.0,20.5,0.0,0.0,0.0,0.0,0.0,0.0,0.309840230483,-0.00470705539667
358.0,21.0,0.0,0.0,0.0,0.0,0.0,0.0,0.309586992977,-0.00472719920225
358.0,21.5,0.0,0.0,0.0,0.0,0.0,0.0,0.310123463422,-0.00468464663591
358.0,22.0,0.0,0.0,0.0,0.0,0.0,0.0,0.311440738589,-0.00458208222076
358.0,22.5,0.0,0.0,0.0,0.0,0.0,0.0,0.31274258152,-0.00448333733357
358.0,23.0,0.0,0.0,0.0,0.0,0.0,0.0,0.313242644178,-0.00444608289676
358.0,23.5,0.0,0.0,0.0,0.0,0.0,0.0,0.312950708285,-0.00446778697419
358.0,24.0,0.0,0.0,0.0,0.0,0.0,0.0,0.313448640618,-0.00443084359393
359.0,0.5,0.0,0.0,0.0,0.0,0.0,0.0,0.313154638757,-0.0044526124377
359.0,1.0,0.0,0.0,0.0,0.0,0.0,0.0,0.312864365821,-0.00447423030871
359.0,1.5,0.0,0.0,0.0,0.0,0.0,0.0,0.312577672316,-0.00449570446441
359.0,2.0,0.0,0.0,0.0,0.0,0.0,0.0,0.312294418688,-0.00451704166971
359.0,2.5,0.0,0.0,0.0,0.0,0.0,0.0,0.312014474956,-0.0045382482013
359.0,3.0,0.0,0.0,0.0,0.0,0.0,0.0,0.3125242718,-0.00449971786912
359.0,3.5,0.0,0.0,0.0,0.0,0.0,0.0,0.31224164556,-0.00452103033789
359.0,4.0,0.0,0.0,0.0,0.0,0.0,0.0,0.311962292443,-0.00454221428014
359.0,4.5,0.0,0.0,0.0,0.0,0.0,0.0,0.311686094845,-0.00456327530375
359.0,5.0,0.0,0.0,0.0,0.0,0.0,0.0,0.311412943318,-0.00458421858745
359.0,5.5,0.0,0.0,0.0,0.0,0.0,0.0,0.311142735986,-0.00460504890704
359.0,6.0,0.0,0.0,0.0,0.0,0.0,0.0,0.310875377981,-0.00462577066253
359.0,6.5,0.0,0.0,0.0,0.0,0.0,0.0,0.310610780899,-0.00464638790493
359.0,7.0,0.0,0.0,0.0,0.0,0.0,0.0,0.310348862284,-0.00466690436227
359.0,7.5,0.0,0.0,0.0,0.0,0.0,0.0,0.310089545152,-0.00468732346433
359.0,8.0,0.0,0.0,0.0,0.0,0.0,0.0,0.309832757546,-0.00470764836602
359.0,8.5,0.0,0.0,0.0,0.0,0.0,0.0,0.309578432121,-0.00472788196935
359.0,9.0,0.0,0.0,0.0,0.0,0.0,0.0,0.309326505771,-0.00474802694382
359.0,9.5,0.0,0.0,0.0,0.0,0.0,0.0,0.309076919273,-0.00476808574545
359.0,10.0,0.0,0.0,0.0,0.0,0.0,0.0302956643527,0.308829616975,-0.00478806063443
359.0,10.5,0.0,0.0,0.0,0.0,0.0,0.0624659958643,0.308583396777,-0.00480804724907
359.0,11.0,0.0,0.0,0.0,0.0,0.0,0.84356781967,0.308338138164,-0.0048280547087
359.0,11.5,0.0,0.0,0.0,0.0,0.0,0.65905723455,0.308065372611,-0.00485042272876
359.0,12.0,0.0,0.0,0.0,0.0,0.0,0.492942944934,0.307801700983,-0.00487216246648
359.0,12.5,0.0,0.0,0.0,0.0,0.0,0.803582113115,0.307546383401,-0.00489332413613
359.0,13.0,0.0,0.0,0.0,0.0,0.0,0.422613134804,0.307281287515,-0.0049154122567
359.0,13.5,0.0,0.0,0.0,0.0,0.0,0.00560654314952,0.307032622243,-0.00493623941606
359.0,14.0,0.0,0.0,0.0,0.0,0.0,0.0,0.306801719477,-0.00495567307189
359.0,14.5,0.0,0.0,0.0,0.0,0.0,0.0,0.306572932583,-0.00497501862333
359.0,15.0,0.0,0.0,0.0,0.0,0.0,0.0,0.306346016345,-0.0049942949416
359.0,15.5,0.0,0.0,0.0,0.0,0.0,0.0,0.30612093976,-0.00501350295686
359.0,16.0,0.0,0.0,0.0,0.0,0.0,0.0,0.305897673159,-0.00503264353082
359.0,16.5,0.0,0.0,0.0,0.0,0.0,0.0,0.305676188097,-0.00505171746317
359.0,17.0,0.0,0.0,0.0,0.0,0.0,0.0,0.305456457256,-0.00507072549743
359.0,17.5,0.0,0.0,0.0,0.0,0.0,0.0,0.306814994045,-0.00495455336686
359.0,18.0,0.0,0.0,0.0,0.0,0.0,0.0,0.307371974584,-0.00490784275421
359.0,18.5,0.0,0.0,0.0,0.0,0.0,0.0,0.307923229957,-0.00486212800498
359.0,19.0,0.0,0.0,0.0,0.0,0.0,0.0,0.308468773905,-0.00481738551764
359.0,19.5,0.0,0.0,0.0,0.0,0.0,0.0,0.308221166968,-0.00483763179652
359.0,20.0,0.0,0.0,0.0,0.0,0.0,0.0,0.307976157282,-0.00485776557487
359.0,20.5,0.0,0.0,0.0,0.0,0.0,0.0,0.307733674093,-0.00487779011392
359.0,21.0,0.0,0.0,0.0,0.0,0.0,0.0,0.30749365013,-0.00489770850034
359.0,21.5,0.0,0.0,0.0,0.0,0.0,0.0,0.307256021433,-0.00491752365265
359.0,22.0,0.0,0.0,0.0,0.0,0.0,0.0,0.307020727185,-0.00493723832852
359.0,22.5,0.0,0.0,0.0,0.0,0.0,0.0,0.306787709532,-0.00495685513265
359.0,23.0,0.0,0.0,0.0,0.0,0.0,0.0,0.306556913417,-0.00497637652473
359.0,23.5,0.0,0.0,0.0,0.0,0.0,0.0,0.306328286409,-0.00499580482754
359.0,24.0,0.0,0.0,0.0,0.0,0.0,0.0,0.30610177855,-0.00501514223479
360.0,0.5,0.0,0.0,0.0,0.0,0.0,0.0,0.305877342201,-0.00503439081881
360.0,1.0,0.0,0.0,0.0,0.0,0.0,0.0,0.305654931903,-0.00505355253784
360.0,1.5,0.0,0.0,0.0,0.0,0.0,0.0,0.30543450424,-0.00507262924316
360.0,2.0,0.0,0.0,0.0,0.0,0.0,0.0,0.305216017714,-0.00509162268568
360.0,2.5,0.0,0.0,0.0,0.0,0.0,0.0,0.304999432627,-0.00511053452234
360.0,3.0,0.0,0.0,0.0,0.0,0.0,0.0,0.304784710971,-0.00512936632208
360.0,3.5,0.0,0.0,0.0,0.0,0.0,0.0,0.304571816322,-0.00514811957149
360.0,4.0,0.0,0.0,0.0,0.0,0.0,0.0,0.304360713746,-0.0051667956801
360.0,4.5,0.0,0.0,0.0,0.0,0.0,0.0,0.304151369707,-0.00518539598537
360.0,5.0,0.0,0.0,0.0,0.0,0.0,0.0,0.303943751985,-0.00520392175735
360.0,5.5,0.0,0.0,0.0,0.0,0.0,0.0,0.303737829594,-0.0052223742031
360.0,6.0,0.0,0.0,0.0,0.0,0.0,0.0,0.303533572711,-0.00524075447074
360.0,6.5,0.0,0.0,0.0,0.0,0.0,0.0,0.30333095261,-0.00525906365332
360.0,7.0,0.0,0.0,0.0,0.0,0.0,0.0,0.303129941593,-0.00527730279235
360.0,7.5,0.0,0.0,0.0,0.0,0.0,0.0,0.303719487471,-0.00522402159576
360.0,8.0,0.0,0.0,0.0,0.0,0.0,0.0,0.303514939759,-0.00524243500951
360.0,8.5,0.0,0.0,0.0,0.0,0.0,0.0,0.303312088613,-0.00526077211911
360.0,9.0,0.0,0.0,0.0,0.0,0.0,0.0,0.303110902854,-0.00527903421483
360.0,9.5,0.0,0.0,0.0,0.0,0.0,0.0,0.302911352438,-0.00529722252964
360.0,10.0,0.0,0.0,0.0,0.0,0.0,0.0,0.30507981995,-0.00510350548868
360.0,10.5,0.0,0.0,0.0,0.0,0.0,0.0,0.308015225778,-0.00485454842286
360.0,11.0,0.0,0.0,0.0,0.0,0.0,0.0,0.310918995263,-0.00462238250475
360.0,11.5,0.0,0.0,0.0,0.0,0.0,0.0,0.316143594208,-0.0042370966014
360.0,12.0,0.0,0.0,0.0,0.0,0.0,0.0,0.318504402736,-0.00407561802328
360.0,12.5,0.0,0.0,0.0,0.0,0.0,0.0,0.319467714853,-0.00401184080683
360.0,13.0,0.0,0.0,0.0,0.0,0.0,0.0,0.321556228916,-0.00387760569252
360.0,13.5,0.0,0.0,0.0,0.0,0.0,0.0,0.325870397809,-0.0036168843194
360.0,14.0,0.0,0.0,0.0,0.0,0.0,0.0,0.325888778989,-0.00361581899053
360.0,14.5,0.0,0.0,0.0,0.0,0.0,0.0,0.326487371349,-0.00358132946825
360.0,15.0,0.0,0.0,0.0,0.0,0.0,0.0,0.326470952587,-0.00358227023741
360.0,15.5,0.0,0.0,0.0,0.0,0.0,0.0,0.325975839809,-0.00361077823131
360.0,16.0,0.0,0.0,0.0,0.0,0.0,0.0,0.325495547918,-0.00363869151362
360.0,16.5,0.0,0.0,0.0,0.0,0.0,0.0,0.325028617649,-0.00366607506705
360.0,17.0,0.0,0.0,0.0,0.0,0.0,0.0,0.324573779388,-0.0036929858747
360.0,17.5,0.0,0.0,0.0,0.0,0.0,0.0,0.324129922002,-0.00371947419915
360.0,18.0,0.0,0.0,0.0,0.0,0.0,0.0,0.325259195957,-0.00365252201768
360.0,18.5,0.0,0.0,0.0,0.0,0.0,0.0,0.324807680508,-0.00367911767214
360.0,19.0,0.0,0.0,0.0,0.0,0.0,0.0,0.324366031407,-0.00370535568982
360.0,19.5,0.0,0.0,0.0,0.0,0.0,0.0,0.323933375595,-0.00373127588787
360.0,20.0,0.0,0.0,0.0,0.0,0.0,0.0,0.323508939861,-0.00375691381392
360.0,20.5,0.0,0.0,0.0,0.0,0.0,0.0,0.323092037394,-0.00378230128764
360.0,21.0,0.0,0.0,0.0,0.0,0.0,0.0,0.322682067443,-0.00380746618502
360.0,21.5,0.0,0.0,0.0,0.0,0.0,0.0,0.322278507237,-0.00383243271099
360.0,22.0,0.0,0.0,0.0,0.0,0.0,0.0,0.321880902857,-0.00385722176807
360.0,22.5,0.0,0.0,0.0,0.0,0.0,0.0,0.321488860512,-0.00388185133041
360.0,23.0,0.0,0.0,0.0,0.0,0.0,0.0,0.321102038638,-0.00390633679423
360.0,23.5,0.0,0.0,0.0,0.0,0.0,0.0,0.320720140897,-0.00393069129612
360.0,24.0,0.0,0.0,0.0,0.0,0.0,0.0,0.320342910035,-0.00395492599763
361.0,0.5,0.0,0.0,0.0,0.0,0.0,0.0,0.319970122531,-0.00397905033773
361.0,1.0,0.0,0.0,0.0,0.0,0.0,0.0,0.319601583943,-0.00400307225581
361.0,1.5,0.0,0.0,0.0,0.0,0.0,0.0,0.319237124866,-0.00402699838819
361.0,2.0,0.0,0.0,0.0,0.0,0.0,0.0,0.318876597432,-0.00405083424105
361.0,2.5,0.0,0.0,0.0,0.0,0.0,0.0,0.31851987227,-0.00407458434244
361.0,3.0,0.0,0.0,0.0,0.0,0.0,0.0,0.319734906607,-0.00399436218193
361.0,3.5,0.0,0.0,0.0,0.0,0.0,0.0,0.320929700314,-0.00391730488086
361.0,4.0,0.0,0.0,0.0,0.0,0.0,0.0,0.321321295631,-0.00389243551487
361.0,4.5,0.0,0.0,0.0,0.0,0.0,0.0,0.320922809615,-0.00391774418627
361.0,5.0,0.0,0.0,0.0,0.0,0.0,0.0,0.320529807307,-0.00394289684406
361.0,5.5,0.0,0.0,0.0,0.0,0.0,0.0,0.320142054521,-0.00396790231672
361.0,6.0,0.0,0.0,0.0,0.0,0.0,0.0,0.320542651258,-0.00394207177877
361.0,6.5,0.0,0.0,0.0,0.0,0.0,0.0,0.320935911129,-0.00391690897062
361.0,7.0,0.0,0.0,0.0,0.0,0.0,0.0,0.32210447053,-0.00384325978027
361.0,7.5,0.0,0.0,0.0,0.0,0.0,0.0,0.323252305377,-0.00377251757997
361.0,8.0,0.0,0.0,0.0,0.0,0.0,0.0,0.323597982488,-0.00375151786405
361.0,8.5,0.0,0.0,0.0,0.0,0.0,0.0,0.324718541041,-0.00368439549934
361.0,9.0,0.0,0.0,0.0,0.0,0.0,0.0,0.328935357475,-0.00344429922982
361.0,9.5,0.0,0.0,0.0,0.0,0.0,0.0,0.329170456345,-0.00343147082963
361.0,10.0,0.0,0.0,0.0,0.0,0.0,0.0,0.329402734223,-0.00341885222861
361.0,10.5,0.0,0.0,0.0,0.0,0.0,0.0,0.330409805646,-0.00336477806102
361.0,11.0,0.0,0.0,0.0,0.0,0.0,0.0,0.333724234787,-0.00319386736262
361.0,11.5,0.0,0.0,0.0,0.0,0.0,0.0,0.333856689601,-0.00318725498607
361.0,12.0,0.0,0.0,0.0,0.0,0.0,0.0,0.333213943067,-0.00321949528145
361.0,12.5,0.0,0.0,0.0,0.0,0.0,0.0527762250588,0.332589334657,-0.00325119871058
361.0,13.0,0.0,0.0,0.0,0.0,0.0,0.0,0.331978762418,-0.00328254986949
361.0,13.5,0.0,0.0,0.0,0.0,0.0,0.0,0.332161476858,-0.00327313037969
361.0,14.0,0.0,0.0,0.0,0.0,0.0,0.0,0.332339297189,-0.00326399410327
361.0,14.5,0.0,0.0,0.0,0.0,0.0,0.0,0.332511929268,-0.00325515344898
361.0,15.0,0.0,0.0,0.0,0.0,0.0,0.0,0.331902545474,-0.00328648863086
361.0,15.5,0.0,0.0,0.0,0.0,0.0,0.0,0.332082589572,-0.0032771933053
361.0,16.0,0.0,0.0,0.0,0.0,0.0,0.0,0.332256186493,-0.003268260482
361.0,16.5,0.0,0.0,0.0,0.0,0.0,0.0,0.331646742983,-0.00329974929448
361.0,17.0,0.0,0.0,0.0,0.0,0.0,0.0,0.331049025733,-0.00333098396151
361.0,17.5,0.0,0.0,0.0,0.0,0.0,0.0,0.330462162987,-0.00336199473672
361.0,18.0,0.0,0.0,0.0,0.0,0.0,0.0,0.329885439354,-0.0033928054373
361.0,18.5,0.0,0.0,0.0,0.0,0.0,0.0,0.329318268517,-0.00342343445914
361.0,19.0,0.0,0.0,0.0,0.0,0.0,0.0,0.328760169128,-0.00345389571833
361.0,19.5,0.0,0.0,0.0,0.0,0.0,0.0,0.328210744373,-0.00348419947717
361.0,20.0,0.0,0.0,0.0,0.0,0.0,0.0,0.328448256557,-0.00347106067724
361.0,20.5,0.0,0.0,0.0,0.0,0.0,0.0,0.32789897788,-0.00350153596288
361.0,21.0,0.0,0.0,0.0,0.0,0.0,0.0,0.327358398385,-0.00353184036656
361.0,21.5,0.0,0.0,0.0,0.0,0.0,0.0,0.328383439344,-0.0034746403978
361.0,22.0,0.0,0.0,0.0,0.0,0.0,0.0,0.329382731151,-0.00341993672648
361.0,22.5,0.0,0.0,0.0,0.0,0.0,0.0,0.329579748991,-0.00340927293127
361.0,23.0,0.0,0.0,0.0,0.0,0.0,0.0,0.33054742549,-0.00335746803753
361.0,23.5,0.0,0.0,0.0,0.0,0.0,0.0,0.330714375865,-0.00334862543411
361.0,24.0,0.0,0.0,0.0,0.0,0.0,0.0,0.331652576793,-0.00329944616335
362.0,0.5,0.0,0.0,0.0,0.0,0.0,0.0,0.332566690093,-0.00325235505707
362.0,1.0,0.0,0.0,0.0,0.0,0.0,0.0,0.33190752723,-0.00328623101031
362.0,1.5,0.0,0.0,0.0,0.0,0.0,0.0,0.332040770066,-0.00327934956893
362.0,2.0,0.0,0.0,0.0,0.0,0.0,0.0,0.331395091779,-0.00331285701059
362.0,2.5,0.0,0.0,0.0,0.0,0.0,0.0,0.33231630522,-0.00326517370161
362.0,3.0,0.0,0.0,0.0,0.0,0.0,0.0,0.333213201746,-0.00321953268996
362.0,3.5,0.0,0.0,0.0,0.0,0.0,0.0,0.334859677442,-0.00313770995476
362.0,4.0,0.0,0.0,0.0,0.0,0.0,0.0,0.337231280507,-0.00302416282985
362.0,4.5,0.0,0.0,0.0,0.0,0.0,0.0,0.337991069,-0.00298882594137
362.0,5.0,0.0,0.0,0.0,0.0,0.0,0.0,0.337189442339,-0.00302612309337
362.0,5.5,0.0,0.0,0.0,0.0,0.0,0.0,0.336414168175,-0.00306272280598
362.0,6.0,0.0,0.0,0.0,0.0,0.0,0.0,0.335662056635,-0.00309873413924
362.0,6.5,0.0,0.0,0.0,0.0,0.0,0.0,0.334930513052,-0.00313424567771
362.0,7.0,0.0,0.0,0.0,0.0,0.0,0.0,0.334217465242,-0.00316932698352
362.0,7.5,0.0,0.0,0.0,0.0,0.0,0.0,0.333521259585,-0.00320403198408
362.0,8.0,0.0,0.0,0.0,0.0,0.0,0.0,0.332840571123,-0.00323840210955
362.0,8.5,0.0,0.0,0.0,0.0,0.0,0.0,0.33217433107,-0.00327246891903
362.0,9.0,0.0,0.0,0.0,0.0,0.0,0.0,0.331521669611,-0.0033062562322
362.0,9.5,0.0,0.0,0.0,0.0,0.0,0.0,0.330881871164,-0.00333978183835
362.0,10.0,0.0,0.0,0.0,0.0,0.0,0.0,0.330254339514,-0.00337305885854
362.0,10.5,0.0,0.0,0.0,0.0,0.0,0.181045169791,0.329638570717,-0.00340609682724
362.0,11.0,0.0,0.0,0.0,0.0,0.0,0.16000465998,0.329027261417,-0.00343927760992
362.0,11.5,0.0,0.0,0.0,0.0,0.0,0.0963335341698,0.328427703024,-0.00347219533038
362.0,12.0,0.0,0.0,0.0,0.0,0.0,0.222441285225,0.32784117804,-0.00350476133789
362.0,12.5,0.0,0.0,0.0,0.0,0.0,0.824992934387,0.327260181854,-0.00353737978929
362.0,13.0,0.0,0.0,0.0,0.0,0.0,0.451149164122,0.326666356358,-0.00357109298106
362.0,13.5,0.0,0.0,0.0,0.0,0.0,0.17509498139,0.326096498361,-0.00360380602327
362.0,14.0,0.0,0.0,0.0,0.0,0.0,0.048314063616,0.325546654861,-0.00363570912122
362.0,14.5,0.0,0.0,0.0,0.0,0.0,0.0,0.325010931429,-0.00366711710882
362.0,15.0,0.0,0.0,0.0,0.0,0.0,0.0,0.324486130641,-0.00369819868272
362.0,15.5,0.0,0.0,0.0,0.0,0.0,0.0,0.323970207383,-0.00372906091883
362.0,16.0,0.0,0.0,0.0,0.0,0.0,0.0,0.323462956646,-0.00375970400011
362.0,16.5,0.0,0.0,0.0,0.0,0.0,0.0,0.322964178987,-0.0037901282077
362.0,17.0,0.0,0.0,0.0,0.0,0.0,0.0,0.322473679789,-0.00382033395088
362.0,17.5,0.0,0.0,0.0,0.0,0.0,0.0,0.321991268769,-0.00385032178539
362.0,18.0,0.0,0.0,0.0,0.0,0.0,0.0,0.321516759627,-0.00388009242307
362.0,18.5,0.0,0.0,0.0,0.0,0.0,0.0,0.321049969834,-0.00390964673483
362.0,19.0,0.0,0.0,0.0,0.0,0.0,0.0,0.320590720493,-0.00393898574886
362.0,19.5,0.0,0.0,0.0,0.0,0.0,0.0,0.320138836267,-0.00396811064535
362.0,20.0,0.0,0.0,0.0,0.0,0.0,0.0,0.31969414534,-0.00399702274873
362.0,20.5,0.0,0.0,0.0,0.0,0.0,0.0,0.319256479407,-0.00402572351837
362.0,21.0,0.0,0.0,0.0,0.0,0.0,0.0,0.318825673679,-0.00405421453817
362.0,21.5,0.0,0.0,0.0,0.0,0.0,0.0,0.318401566894,-0.00408249750578
362.0,22.0,0.0,0.0,0.0,0.0,0.0,0.0,0.317984001324,-0.0041105742215
362.0,22.5,0.0,0.0,0.0,0.0,0.0,0.0,0.317572822792,-0.0041384465774
362.0,23.0,0.0,0.0,0.0,0.0,0.0,0.0,0.317167880667,-0.00416611654668
362.0,23.5,0.0,0.0,0.0,0.0,0.0,0.0,0.319116319086,-0.00403496665942
362.0,24.0,0.0,0.0,0.0,0.0,0.0,0.0,0.318685246262,-0.00406355347759
363.0,0.5,0.0,0.0,0.0,0.0,0.0,0.0,0.318261827247,-0.00409186795592
363.0,1.0,0.0,0.0,0.0,0.0,0.0,0.0,0.317845778963,-0.00411991880481
363.0,1.5,0.0,0.0,0.0,0.0,0.0,0.0,0.317436836045,-0.00414771415559
363.0,2.0,0.0,0.0,0.0,0.0,0.0,0.0,0.317034749272,-0.00417526161415
363.0,2.5,0.0,0.0,0.0,0.0,0.0,0.0,0.316639284169,-0.00420256830912
363.0,3.0,0.0,0.0,0.0,0.0,0.0,0.0,0.316250219751,-0.0042296409352
363.0,3.5,0.0,0.0,0.0,0.0,0.0,0.0,0.315867347396,-0.00425648579209
363.0,4.0,0.0,0.0,0.0,0.0,0.0,0.0,0.315490469841,-0.00428310881932
363.0,4.5,0.0,0.0,0.0,0.0,0.0,0.0,0.315119400276,-0.00430951562752
363.0,5.0,0.0,0.0,0.0,0.0,0.0,0.0,0.314753961528,-0.00433571152652
363.0,5.5,0.0,0.0,0.0,0.0,0.0,0.0,0.314393985331,-0.00436170155046
363.0,6.0,0.0,0.0,0.0,0.0,0.0,0.0,0.314039311661,-0.00438749048048
363.0,6.5,0.0,0.0,0.0,0.0,0.0,0.0,0.313689788145,-0.004413082865
363.0,7.0,0.0,0.0,0.0,0.0,0.0,0.0,0.313345269514,-0.00443848303804
363.0,7.5,0.0,0.0,0.0,0.0,0.0,0.0,0.313005617114,-0.00446369513573
363.0,8.0,0.0,0.0,0.0,0.0,0.0,0.0,0.312670698462,-0.00448872311113
363.0,8.5,0.0,0.0,0.0,0.0,0.0,0.0,0.312340386837,-0.00451357074773
363.0,9.0,0.0,0.0,0.0,0.0,0.0,0.0,0.312014560914,-0.00453824167156
363.0,9.5,0.0,0.0,0.0,0.0,0.0,0.0,0.311693104421,-0.00456273936223
363.0,10.0,0.0,0.0,0.0,0.0,0.0,0.0,0.311375905831,-0.00458706716289
363.0,10.5,0.0,0.0,0.0,0.0,0.0,0.0,0.311062858078,-0.00461122828934
363.0,11.0,0.0,0.0,0.0,0.0,0.0,0.0,0.310753858296,-0.00463522583827
363.0,11.5,0.0,0.0,0.0,0.0,0.0,0.0,0.310448807579,-0.00465906279478
363.0,12.0,0.0,0.0,0.0,0.0,0.0,0.0,0.310147610756,-0.00468274203927
363.0,12.5,0.0,0.0,0.0,0.0,0.0,0.0,0.309850176191,-0.00470626635372
363.0,13.0,0.0,0.0,0.0,0.0,0.0,0.0,0.309556415588,-0.00472963842743
363.0,13.5,0.0,0.0,0.0,0.0,0.0,0.0758668063121,0.309266243822,-0.00475286086232
363.0,14.0,0.0,0.0,0.0,0.0,0.0,0.0294355308266,0.309762944737,-0.00471319223743
363.0,14.5,0.0,0.0,0.0,0.0,0.0,0.0,0.311041195769,-0.00461290579552
363.0,15.0,0.0,0.0,0.0,0.0,0.0,0.0,0.311518964279,-0.00457607609582
363.0,15.5,0.0,0.0,0.0,0.0,0.0,0.0,0.311991063758,-0.00454002703507
363.0,16.0,0.0,0.0,0.0,0.0,0.0,0.0,0.312457603829,-0.00450473440472
363.0,16.5,0.0,0.0,0.0,0.0,0.0,0.0,0.312918694787,-0.0044701747014
363.0,17.0,0.0,0.0,0.0,0.0,0.0,0.0,0.312589507916,-0.00449481551766
363.0,17.5,0.0,0.0,0.0,0.0,0.0,0.0,0.313835509347,-0.00440239148384
363.0,18.0,0.0,0.0,0.0,0.0,0.0,0.0,0.315064858731,-0.00431341335524
363.0,18.5,0.0,0.0,0.0,0.0,0.0,0.0,0.316277403711,-0.00422774262981
363.0,19.0,0.0,0.0,0.0,0.0,0.0,0.0,0.317473032584,-0.00414524492691
363.0,19.5,0.0,0.0,0.0,0.0,0.0,0.0,0.318651671819,-0.00406579009674
363.0,20.0,0.0,0.0,0.0,0.0,0.0,0.0,0.319813282671,-0.0039892523513
363.0,20.5,0.0,0.0,0.0,0.0,0.0,0.0,0.320957856939,-0.00391551041028
363.0,21.0,0.0,0.0,0.0,0.0,0.0,0.0,0.322866283069,-0.00379613400463
363.0,21.5,0.0,0.0,0.0,0.0,0.0,0.0,0.323181718859,-0.00377682287927
363.0,22.0,0.0,0.0,0.0,0.0,0.0,0.0,0.325055896361,-0.00366446854365
363.0,22.5,0.0,0.0,0.0,0.0,0.0,0.0,0.3261176464,-0.00360258564468
363.0,23.0,0.0,0.0,0.0,0.0,0.0,0.0,0.32647395954,-0.00358209792173
363.0,23.5,0.0,0.0,0.0,0.0,0.0,0.0,0.329413740381,-0.00341825568728
363.0,24.0,0.0,0.0,0.0,0.0,0.0,0.0,0.3333161875,-0.00321434078064
364.0,0.5,0.0,0.0,0.0,0.0,0.0,0.0,0.338065946637,-0.00298537016952
364.0,1.0,0.0,0.0,0.0,0.0,0.0,0.0,0.341249488256,-0.00284275003451
364.0,1.5,0.0,0.0,0.0,0.0,0.0,0.0,0.345244466402,-0.00267509551681
364.0,2.0,0.0,0.0,0.0,0.0,0.0,0.0,0.350447301392,-0.00247407312127
364.0,2.5,0.0,0.0,0.0,0.0,0.0,0.0,0.355462534795,-0.00229711388685
364.0,3.0,0.0,0.0,0.0,0.0,0.0,0.0,0.378617445939,-0.00165213115135
364.0,3.5,0.0,0.0,0.0,0.0,0.0,0.0,0.378595564452,-0.00165262991598
364.0,4.0,0.0,0.0,0.0,0.0,0.0,0.0,0.376614527646,-0.00169853826081
364.0,4.5,0.0,0.0,0.0,0.0,0.0,0.0,0.375772845623,-0.00171850231569
364.0,5.0,0.0,0.0,0.0,0.0,0.0,0.0,0.374987795343,-0.00173737558046
364.0,5.5,0.0,0.0,0.0,0.0,0.0,0.0,0.375660806864,-0.00172118082295
364.0,6.0,0.0,0.0,0.0,0.0,0.0,0.0,0.374731295166,-0.00174359551619
364.0,6.5,0.0,0.0,0.0,0.0,0.0,0.0,0.37448041567,-0.00174970483711
364.0,7.0,0.0,0.0,0.0,0.0,0.0,0.0,0.374096522066,-0.00175910271522
364.0,7.5,0.0,0.0,0.0,0.0,0.0,0.0,0.374994073128,-0.00173722368064
364.0,8.0,0.0,0.0,0.0,0.0,0.0,0.0,0.37417207458,-0.00175724841341
364.0,8.5,0.0,0.0,0.0,0.0,0.0,0.0,0.37461134182,-0.00174651339756
364.0,9.0,0.0,0.0,0.0,0.0,0.0,0.0,0.372701728508,-0.00179375791203
364.0,9.5,0.0,0.0,0.0,0.0,0.0,0.0,0.370168257133,-0.00185880890736
364.0,10.0,0.0,0.0,0.0,0.0,0.0,0.0,0.367804393969,-0.00192205458671
364.0,10.5,0.0,0.0,0.0,0.0,0.0,0.0,0.364903260217,-0.00200321489665
364.0,11.0,0.0,0.0,0.0,0.0,0.0,0.0,0.362233785461,-0.00208152531591
364.0,11.5,0.0,0.0,0.0,0.0,0.0,0.0,0.360497817768,-0.00213441043136
364.0,12.0,0.0,0.0,0.0,0.0,0.0,0.0,0.358168075569,-0.00220792287171
364.0,12.5,0.0,0.0,0.0,0.0,0.0,0.0,0.356013852511,-0.00227859587027
364.0,13.0,0.0,0.0,0.0,0.0,0.0,0.0,0.354013273916,-0.00234665439673
364.0,13.5,0.0,0.0,0.0,0.0,0.0,0.0,0.352148045367,-0.00241230066159
364.0,14.0,0.0,0.0,0.0,0.0,0.0,0.0,0.350402717554,-0.00247571762936
364.0,14.5,0.0,0.0,0.0,0.0,0.0,0.0,0.34876415031,-0.00253707104694
364.0,15.0,0.0,0.0,0.0,0.0,0.0,0.0,0.347221101185,-0.00259651098539
364.0,15.5,0.0,0.0,0.0,0.0,0.0,0.0,0.345763899858,-0.0026541732415
364.0,16.0,0.0,0.0,0.0,0.0,0.0,0.0,0.3443841862,-0.00271018068154
364.0,16.5,0.0,0.0,0.0,0.0,0.0,0.0,0.343074697577,-0.00276464452471
364.0,17.0,0.0,0.0,0.0,0.0,0.0,0.0,0.341829095101,-0.00281766554646
364.0,17.5,0.0,0.0,0.0,0.0,0.0,0.0,0.340641821029,-0.00286933518617
364.0,18.0,0.0,0.0,0.0,0.0,0.0,0.0,0.339507981235,-0.00291973655201
364.0,18.5,0.0,0.0,0.0,0.0,0.0,0.0,0.339186292125,-0.00293422788133
364.0,19.0,0.0,0.0,0.0,0.0,0.0,0.0,0.338118124182,-0.00298296487256
364.0,19.5,0.0,0.0,0.0,0.0,0.0,0.0,0.33709508963,-0.00303054940532
364.0,20.0,0.0,0.0,0.0,0.0,0.0,0.0,0.336113524285,-0.00307705758868
364.0,20.5,0.0,0.0,0.0,0.0,0.0,0.0,0.33517021331,-0.0031225566823
364.0,21.0,0.0,0.0,0.0,0.0,0.0,0.0,0.334262316191,-0.00316710661502
364.0,21.5,0.0,0.0,0.0,0.0,0.0,0.0,0.333387307616,-0.00321076116392
364.0,22.0,0.0,0.0,0.0,0.0,0.0,0.0,0.332542930206,-0.00325356888446
364.0,22.5,0.0,0.0,0.0,0.0,0.0,0.0,0.33172715625,-0.00329557385516
364.0,23.0,0.0,0.0,0.0,0.0,0.0,0.0,0.330938156351,-0.00333681628158
364.0,23.5,0.0,0.0,0.0,0.0,0.0,0.0,0.330174273498,-0.00337733299216
364.0,24.0,0.0,0.0,0.0,0.0,0.0,0.0,0.329434001412,-0.00341715784967
365.0,0.5,0.0,0.0,0.0,0.0,0.0,0.0,0.32871596632,-0.00345632209602
365.0,1.0,0.0,0.0,0.0,0.0,0.0,0.0,0.328018911499,-0.00349485464384
365.0,1.5,0.0,0.0,0.0,0.0,0.0,0.0,0.32734168408,-0.00353278232496
365.0,2.0,0.0,0.0,0.0,0.0,0.0,0.0,0.326683223717,-0.00357013010387
365.0,2.5,0.0,0.0,0.0,0.0,0.0,0.0,0.326042552803,-0.00360692126213
365.0,3.0,0.0,0.0,0.0,0.0,0.0,0.0,0.325418767966,-0.00364317755889
365.0,3.5,0.0,0.0,0.0,0.0,0.0,0.0,0.324811032668,-0.00367891937114
365.0,4.0,0.0,0.0,0.0,0.0,0.0,0.0,0.324218570707,-0.00371416581714
365.0,4.5,0.0,0.0,0.0,0.0,0.0,0.0,0.323640660515,-0.00374893486533
365.0,5.0,0.0,0.0,0.0,0.0,0.0,0.0,0.323076630118,-0.00378324343101
365.0,5.5,0.0,0.0,0.0,0.0,0.0,0.0,0.322525852672,-0.00381710746235
365.0,6.0,0.0,0.0,0.0,0.0,0.0,0.0,0.321987742496,-0.00385054201739
365.0,6.5,0.0,0.0,0.0,0.0,0.0,0.0,0.321461751542,-0.00388356133297
365.0,7.0,0.0,0.0,0.0,0.0,0.0,0.0,0.32094736623,-0.00391617888687
365.0,7.5,0.0,0.0,0.0,0.0,0.0,0.0,0.320444104616,-0.00394840745381
365.0,8.0,0.0,0.0,0.0,0.0,0.0,0.0,0.319951513848,-0.0039802591561
365.0,8.5,0.0,0.0,0.0,0.0,0.0,0.0,0.319469167875,-0.00401174550973
365.0,9.0,0.0,0.0,0.0,0.0,0.0,0.0,0.31899666537,-0.00404287746608
365.0,9.5,0.0,0.0,0.0,0.0,0.0,0.0891609451313,0.318533627864,-0.00407366545016
365.0,10.0,0.0,0.0,0.0,0.0,0.0,0.412261240778,0.31807631439,-0.00410434741964
365.0,10.5,0.0,0.0,0.0,0.0,0.0,0.670226558985,0.31761550926,-0.00413554255827
365.0,11.0,0.0,0.0,0.0,0.0,0.0,0.838880631758,0.317153364851,-0.00416711250766
365.0,11.5,0.0,0.0,0.0,0.0,0.0,1.04754672145,0.31669296796,-0.00419884901156
365.0,12.0,0.0,0.0,0.0,0.0,0.0,1.14129779066,0.316232513345,-0.00423087795186
365.0,12.5,0.0,0.0,0.0,0.0,0.0,1.21206537525,0.315776089966,-0.00426291417886
365.0,13.0,0.0,0.0,0.0,0.0,0.0,1.18383513512,0.315324311739,-0.00429490939485
365.0,13.5,0.0,0.0,0.0,0.0,0.0,0.990539317906,0.314880690187,-0.00432660575023
365.0,14.0,0.0,0.0,0.0,0.0,0.0,0.680374475424,0.314451256148,-0.00435755424701
365.0,14.5,0.0,0.0,0.0,0.0,0.0,0.297402586468,0.314040222684,-0.0043874240061
365.0,15.0,0.0,0.0,0.0,0.0,0.0,0.0818301016667,0.313650141286,-0.00441599705673
365.0,15.5,0.0,0.0,0.0,0.0,0.0,0.0,0.313274457537,-0.00444372532015
365.0,16.0,0.0,0.0,0.0,0.0,0.0,0.0,0.31290790361,-0.00447097990415
365.0,16.5,0.0,0.0,0.0,0.0,0.0,0.0,0.312547190475,-0.00449799485523
365.0,17.0,0.0,0.0,0.0,0.0,0.0,0.0,0.312192142758,-0.00452477564519
365.0,17.5,0.0,0.0,0.0,0.0,0.0,0.0,0.311842592798,-0.00455132754192
365.0,18.0,0.0,0.0,0.0,0.0,0.0,0.0,0.311498380197,-0.00457765562035
365.0,18.5,0.0,0.0,0.0,0.0,0.0,0.0,0.311159351401,-0.00460376477273
365.0,19.0,0.0,0.0,0.0,0.0,0.0,0.0,0.310825359316,-0.00462965971799
365.0,19.5,0.0,0.0,0.0,0.0,0.0,0.0,0.310496262943,-0.00465534501058
365.0,20.0,0.0,0.0,0.0,0.0,0.0,0.0,0.310171927045,-0.00468082504864
365.0,20.5,0.0,0.0,0.0,0.0,0.0,0.0,0.30985222184,-0.00470610408159
365.0,21.0,0.0,0.0,0.0,0.0,0.0,0.0,0.309537022705,-0.00473118621726
365.0,21.5,0.0,0.0,0.0,0.0,0.0,0.0,0.309226209909,-0.00475607542857
365.0,22.0,0.0,0.0,0.0,0.0,0.0,0.0,0.308919668359,-0.00478077555974
365.0,22.5,0.0,0.0,0.0,0.0,0.0,0.0,0.308617287362,-0.00480529033216
365.0,23.0,0.0,0.0,0.0,0.0,0.0,0.0,0.308318960408,-0.00482962334984
365.0,23.5,0.0,0.0,0.0,0.0,0.0,0.0,0.308024584957,-0.00485377810466
