doy,hod,A(std),A(psi2),E(std),E(psi2),Ci(std),Ci(psi2),Rublim(std),Rublim(psi2),gs(std),gs(psi2),Es(std),Es(psi2),sw(std),sw(psi2),Ps(std),Ps(psi2)
[-],[h],[umol m-2 s-1],[umol m-2 s-1],[mmol m-2 s-1],[mmol m-2 s-1],[Pa],[Pa],[-],[-],[mol m-2 s-1],[mol m-2 s-1],[mmol m-2 s-1],[mmol m-2 s-1],[m3 m-3],[m3 m-3],[MPa],[MPa]
1.0,0.5,0.0,0.0,0.0,0.0,0.0,0.0,0.0,0.0,0.0,0.0,0.0,0.0,0.2797234638826749,0.2797234638826749,-0.008029428839526169,-0.008029428839526169
1.0,1.0,0.0,0.0,0.0,0.0,0.0,0.0,0.0,0.0,0.0,0.0,0.0,0.0,0.2797177940864112,0.2797177940864112,-0.008030278895306548,-0.008030278895306548
1.0,1.5,0.0,0.0,0.0,0.0,0.0,0.0,0.0,0.0,0.0,0.0,0.0,0.0,0.2797095262274781,0.2797095262274781,-0.008031518663126572,-0.008031518663126572
1.0,2.0,0.0,0.0,0.0,0.0,0.0,0.0,0.0,0.0,0.0,0.0,0.0,0.0,0.279701258368545,0.279701258368545,-0.00803275865900519,-0.00803275865900519
1.0,2.5,0.0,0.0,0.0,0.0,0.0,0.0,0.0,0.0,0.0,0.0,0.0,0.0,0.2796929905096119,0.2796929905096119,-0.008033998882991087,-0.008033998882991087
1.0,3.0,0.0,0.0,0.0,0.0,0.0,0.0,0.0,0.0,0.0,0.0,0.0,0.0,0.2796847226506788,0.2796847226506788,-0.008035239335132978,-0.008035239335132978
1.0,3.5,0.0,0.0,0.0,0.0,0.0,0.0,0.0,0.0,0.0,0.0,0.0,0.0,0.27967645479174574,0.27967645479174574,-0.008036480015479566,-0.008036480015479566
1.0,4.0,0.0,0.0,0.0,0.0,0.0,0.0,0.0,0.0,0.0,0.0,0.0,0.0,0.2796681869328126,0.2796681869328126,-0.008037720924079608,-0.008037720924079608
1.0,4.5,0.0,0.0,0.0,0.0,0.0,0.0,0.0,0.0,0.0,0.0,0.0,0.0,0.27965991907387944,0.27965991907387944,-0.008038962060981838,-0.008038962060981838
1.0,5.0,0.0,0.0,0.0,0.0,0.0,0.0,0.0,0.0,0.0,0.0,0.0,0.0,0.2796516512149464,0.2796516512149464,-0.008040203426234984,-0.008040203426234984
1.0,5.5,0.0,0.0,0.0,0.0,0.0,0.0,0.0,0.0,0.0,0.0,0.0,0.0,0.2796433833560133,0.2796433833560133,-0.008041445019887841,-0.008041445019887841
1.0,6.0,0.0,0.0,0.0,0.0,0.0,0.0,0.0,0.0,0.0,0.0,0.0,0.0,0.2796351154970801,0.2796351154970801,-0.008042686841989199,-0.008042686841989199
1.0,6.5,0.0,0.0,0.0,0.0,0.0,0.0,0.0,0.0,0.0,0.0,0.0,0.0,0.27962684763814705,0.27962684763814705,-0.008043928892587801,-0.008043928892587801
1.0,7.0,0.0,0.0,0.0,0.0,0.0,0.0,0.0,0.0,0.0,0.0,0.0,0.0,0.27961857977921395,0.27961857977921395,-0.00804517117173249,-0.00804517117173249
1.0,7.5,0.0,0.0,0.0,0.0,0.0,0.0,0.0,0.0,0.0,0.0,0.0,0.0,0.2796103119202808,0.2796103119202808,-0.008046413679472064,-0.008046413679472064
1.0,8.0,0.0,0.0,0.0,0.0,0.0,0.0,0.0,0.0,0.0,0.0,0.0,0.0,0.27960204406134775,0.27960204406134775,-0.008047656415855345,-0.008047656415855345
1.0,8.5,0.0,0.0,0.0,0.0,0.0,0.0,0.0,0.0,0.0,0.0,0.0,0.0,0.2795937762024146,0.2795937762024146,-0.00804889938093118,-0.00804889938093118
1.0,9.0,0.0,0.0,0.0,0.0,0.0,0.0,0.0,0.0,0.0,0.0,0.0,0.0,0.2795855083434815,0.2795855083434815,-0.00805014257474841,-0.00805014257474841
1.0,9.5,0.0,0.0,0.0,0.0,0.0,0.0,0.0,0.0,0.0,0.0,0.0,0.0,0.2795772404845484,0.2795772404845484,-0.008051385997355904,-0.008051385997355904
1.0,10.0,0.0,0.0,0.0,0.0,0.0,0.0,0.0,0.0,0.0,0.0,0.0,0.0,0.2795689726256153,0.2795689726256153,-0.008052629648802526,-0.008052629648802526
1.0,10.5,0.0,0.0,0.0,0.0,0.0,0.0,0.0,0.0,0.0,0.0,0.0,0.0,0.2794193136906414,0.2794193136906414,-0.00807518096589489,-0.00807518096589489
1.0,11.0,0.0,0.0,0.0,0.0,0.0,0.0,0.0,0.0,0.0,0.0,0.0,0.0,0.27925171613218663,0.27925171613218663,-0.008100524738135793,-0.008100524738135793
1.0,11.5,0.0,0.0,0.0,0.0,0.0,0.0,0.0,0.0,0.0,0.0,0.0,0.0,0.2790842567262504,0.2790842567262504,-0.008125942329492828,-0.008125942329492828
1.0,12.0,0.0,0.0,0.0,0.0,0.0,0.0,0.0,0.0,0.0,0.0,0.0,0.0,0.2921237514660774,0.2921237514660774,-0.006401756975320995,-0.006401756975320995
1.0,12.5,0.0,0.0,0.0,0.0,0.0,0.0,0.0,0.0,0.0,0.0,0.0,0.0,0.3126511335232235,0.3126511335232235,-0.004490190332028867,-0.004490190332028867
1.0,13.0,0.0,0.0,0.0,0.0,0.0,0.0,0.0,0.0,0.0,0.0,0.0,0.0,0.3220707729878492,0.3220707729878492,-0.00384536036116436,-0.00384536036116436
1.0,13.5,0.0,0.0,0.0,0.0,0.0,0.0,0.0,0.0,0.0,0.0,0.0,0.0,0.33096615080124364,0.33096615080124364,-0.003335342476897812,-0.003335342476897812
1.0,14.0,0.0,0.0,0.0,0.0,0.0,0.0,0.0,0.0,0.0,0.0,0.0,0.0,0.3368437742827766,0.3368437742827766,-0.0030423769015458157,-0.0030423769015458157
1.0,14.5,0.0,0.0,0.0,0.0,0.0,0.0,0.0,0.0,0.0,0.0,0.0,0.0,0.33995840490431206,0.33995840490431206,-0.0028995890577699335,-0.0028995890577699335
1.0,15.0,0.0,0.0,0.0,0.0,0.0,0.0,0.0,0.0,0.0,0.0,0.0,0.0,0.3453462773709281,0.3453462773709281,-0.0026709792303582433,-0.0026709792303582433
1.0,15.5,0.0,0.0,0.0,0.0,0.0,0.0,0.0,0.0,0.0,0.0,0.0,0.0,0.345567724608928,0.345567724608928,-0.002662051998055724,-0.002662051998055724
1.0,16.0,0.0,0.0,0.0,0.0,0.0,0.0,0.0,0.0,0.0,0.0,0.0,0.0,0.3482252639236696,0.3482252639236696,-0.00255764346947585,-0.00255764346947585
1.0,16.5,0.0,0.0,0.0,0.0,0.0,0.0,0.0,0.0,0.0,0.0,0.0,0.0,0.3505915009492966,0.3505915009492966,-0.0024687631183708224,-0.0024687631183708224
1.0,17.0,0.0,0.0,0.0,0.0,0.0,0.0,0.0,0.0,0.0,0.0,0.0,0.0,0.35259894767450684,0.35259894767450684,-0.0023962328348083595,-0.0023962328348083595
1.0,17.5,0.0,0.0,0.0,0.0,0.0,0.0,0.0,0.0,0.0,0.0,0.0,0.0,0.3664444375836603,0.3664444375836603,-0.0019596022252923954,-0.0019596022252923954
1.0,18.0,0.0,0.0,0.0,0.0,0.0,0.0,0.0,0.0,0.0,0.0,0.0,0.0,0.3789611049073985,0.3789611049073985,-0.0016443212981334938,-0.0016443212981334938
1.0,18.5,0.0,0.0,0.0,0.0,0.0,0.0,0.0,0.0,0.0,0.0,0.0,0.0,0.37610468119396917,0.37610468119396917,-0.0017105982209332934,-0.0017105982209332934
1.0,19.0,0.0,0.0,0.0,0.0,0.0,0.0,0.0,0.0,0.0,0.0,0.0,0.0,0.37068241695691845,0.37068241695691845,-0.0018453826216034569,-0.0018453826216034569
1.0,19.5,0.0,0.0,0.0,0.0,0.0,0.0,0.0,0.0,0.0,0.0,0.0,0.0,0.3609226265555203,0.3609226265555203,-0.00212132238250202,-0.00212132238250202
1.0,20.0,0.0,0.0,0.0,0.0,0.0,0.0,0.0,0.0,0.0,0.0,0.0,0.0,0.3557903432163074,0.3557903432163074,-0.002286081728625942,-0.002286081728625942
1.0,20.5,0.0,0.0,0.0,0.0,0.0,0.0,0.0,0.0,0.0,0.0,0.0,0.0,0.35092968986816814,0.35092968986816814,-0.002456362827793959,-0.002456362827793959
1.0,21.0,0.0,0.0,0.0,0.0,0.0,0.0,0.0,0.0,0.0,0.0,0.0,0.0,0.34874134269964213,0.34874134269964213,-0.0025379377409051576,-0.0025379377409051576
1.0,21.5,0.0,0.0,0.0,0.0,0.0,0.0,0.0,0.0,0.0,0.0,0.0,0.0,0.35189760789034263,0.35189760789034263,-0.0024212804033869645,-0.0024212804033869645
1.0,22.0,0.0,0.0,0.0,0.0,0.0,0.0,0.0,0.0,0.0,0.0,0.0,0.0,0.3523815669014298,0.3523815669014298,-0.002403963190068677,-0.002403963190068677
1.0,22.5,0.0,0.0,0.0,0.0,0.0,0.0,0.0,0.0,0.0,0.0,0.0,0.0,0.35019321973290374,0.35019321973290374,-0.0024834625731665772,-0.0024834625731665772
1.0,23.0,0.0,0.0,0.0,0.0,0.0,0.0,0.0,0.0,0.0,0.0,0.0,0.0,0.3453325663847644,0.3453325663847644,-0.002671533134866683,-0.002671533134866683
1.0,23.5,0.0,0.0,0.0,0.0,0.0,0.0,0.0,0.0,0.0,0.0,0.0,0.0,0.34314421921623844,0.34314421921623844,-0.002761720414987272,-0.002761720414987272
1.0,24.0,0.0,0.0,0.0,0.0,0.0,0.0,0.0,0.0,0.0,0.0,0.0,0.0,0.3382835658680991,0.3382835658680991,-0.0029753535422214197,-0.0029753535422214197
2.0,0.5,0.0,0.0,0.0,0.0,0.0,0.0,0.0,0.0,0.0,0.0,0.0,0.0,0.34143983105879955,0.34143983105879955,-0.0028344830598055364,-0.0028344830598055364
2.0,1.0,0.0,0.0,0.0,0.0,0.0,0.0,0.0,0.0,0.0,0.0,0.0,0.0,0.3365791777106603,0.3365791777106603,-0.0030548889284126254,-0.0030548889284126254
2.0,1.5,0.0,0.0,0.0,0.0,0.0,0.0,0.0,0.0,0.0,0.0,0.0,0.0,0.33242073586516746,0.33242073586516746,-0.003259819990764251,-0.003259819990764251
2.0,2.0,0.0,0.0,0.0,0.0,0.0,0.0,0.0,0.0,0.0,0.0,0.0,0.0,0.3340748073280543,0.3340748073280543,-0.0031764016762332106,-0.0031764016762332106
2.0,2.5,0.0,0.0,0.0,0.0,0.0,0.0,0.0,0.0,0.0,0.0,0.0,0.0,0.33352300045005057,0.33352300045005057,-0.0032039446410471123,-0.0032039446410471123
2.0,3.0,0.0,0.0,0.0,0.0,0.0,0.0,0.0,0.0,0.0,0.0,0.0,0.0,0.33081785312634393,0.33081785312634393,-0.0033431586418237683,-0.0033431586418237683
2.0,3.5,0.0,0.0,0.0,0.0,0.0,0.0,0.0,0.0,0.0,0.0,0.0,0.0,0.32841861815544365,0.32841861815544365,-0.0034726969993105956,-0.0034726969993105956
2.0,4.0,0.0,0.0,0.0,0.0,0.0,0.0,0.0,0.0,0.0,0.0,0.0,0.0,0.3286547182618572,0.3286547182618572,-0.003459687478058271,-0.003459687478058271
2.0,4.5,0.0,0.0,0.0,0.0,0.0,0.0,0.0,0.0,0.0,0.0,0.0,0.0,0.34517251435062396,0.34517251435062396,-0.002678009145688907,-0.002678009145688907
2.0,5.0,0.0,0.0,0.0,0.0,0.0,0.0,0.0,0.0,0.0,0.0,0.0,0.0,0.343611320468173,0.343611320468173,-0.002742169204918068,-0.002742169204918068
2.0,5.5,0.0,0.0,0.0,0.0,0.0,0.0,0.0,0.0,0.0,0.0,0.0,0.0,0.34943989183848667,0.34943989183848667,-0.002511551999474333,-0.002511551999474333
2.0,6.0,0.0,0.0,0.0,0.0,0.0,0.0,0.0,0.0,0.0,0.0,0.0,0.0,0.34732292439066637,0.34732292439066637,-0.0025925378671462114,-0.0025925378671462114
2.0,6.5,0.0,0.0,0.0,0.0,0.0,0.0,0.0,0.0,0.0,0.0,0.0,0.0,0.343200270912949,0.343200270912949,-0.0027593655396506702,-0.0027593655396506702
2.0,7.0,0.0,0.0,0.0,0.0,0.0,0.0,0.0,0.0,0.0,0.0,0.0,0.0,0.3393488966695274,0.3393488966695274,-0.002926892249336318,-0.002926892249336318
2.0,7.5,0.0,0.0,0.0,0.0,0.0,0.0,0.0,0.0,0.0,0.0,0.0,0.0,0.33812612182269997,0.33812612182269997,-0.002982596398894486,-0.002982596398894486
2.0,8.0,0.0,0.0,0.0,0.0,0.0,0.0,0.0,0.0,0.0,0.0,0.0,0.0,0.33702888739812753,0.33702888739812753,-0.0030336597163287083,-0.0030336597163287083
2.0,8.5,0.0,0.0,0.0,0.0,0.0,0.0,0.0,0.0,0.0,0.0,0.0,0.0,0.33379407965469954,0.33379407965469954,-0.003190378549494497,-0.003190378549494497
2.0,9.0,0.0,0.0,0.0,0.0,0.0,0.0,0.0,0.0,0.0,0.0,0.0,0.0,0.3309350495873748,0.3309350495873748,-0.003336979889050941,-0.003336979889050941
2.0,9.5,0.0,0.0,0.0,0.0,0.0,0.0,0.0,0.0,0.0,0.0,0.0,0.0,0.3283692567927618,0.3283692567927618,-0.003475424257205351,-0.003475424257205351
2.0,10.0,0.0,0.0,0.0,0.0,0.0,0.0,0.0,0.0,0.0,0.0,0.0,0.0,0.3260430785465878,0.3260430785465878,-0.003606890886096238,-0.003606890886096238
2.0,10.5,0.0,0.0,0.0,0.0,0.0,0.0,0.0,0.0,0.0,0.0,0.0,0.0,0.3239175436215883,0.3239175436215883,-0.0037322284637841636,-0.0037322284637841636
2.0,11.0,0.0,0.0,0.0,0.0,0.0,0.0,0.0,0.0,0.0,0.0,0.0,0.0,0.3219626778188751,0.3219626778188751,-0.003852107854793169,-0.003852107854793169
2.0,11.5,0.0,0.0,0.0,0.0,0.0,0.0,0.0,0.0,0.0,0.0,0.05119794075646644,0.05119794075646644,0.32015469269832,0.32015469269832,-0.003967084330158647,-0.003967084330158647
2.0,12.0,0.0,0.0,0.0,0.0,0.0,0.0,0.0,0.0,0.0,0.0,0.0,0.0,0.323390069800922,0.323390069800922,-0.0037641317147367793,-0.0037641317147367793
2.0,12.5,0.0,0.0,0.0,0.0,0.0,0.0,0.0,0.0,0.0,0.0,0.0,0.0,0.35059709060814165,0.35059709060814165,-0.002468557558364564,-0.002468557558364564
2.0,13.0,0.0,0.0,0.0,0.0,0.0,0.0,0.0,0.0,0.0,0.0,0.0,0.0,0.3617702743376819,0.3617702743376819,-0.0020954915931845086,-0.0020954915931845086
2.0,13.5,0.0,0.0,0.0,0.0,0.0,0.0,0.0,0.0,0.0,0.0,0.0,0.0,0.3747496231280173,0.3747496231280173,-0.001743150197739996,-0.001743150197739996
2.0,14.0,0.0,0.0,0.0,0.0,0.0,0.0,0.0,0.0,0.0,0.0,0.0,0.0,0.3796870060330447,0.3796870060330447,-0.0016279688703347845,-0.0016279688703347845
2.0,14.5,0.0,0.0,0.0,0.0,0.0,0.0,0.0,0.0,0.0,0.0,0.0,0.0,0.37248661001117556,0.37248661001117556,-0.0017991748929791194,-0.0017991748929791194
2.0,15.0,0.0,0.0,0.0,0.0,0.0,0.0,0.0,0.0,0.0,0.0,0.0,0.0,0.36717717889269025,0.36717717889269025,-0.0019392641458929477,-0.0019392641458929477
2.0,15.5,0.0,0.0,0.0,0.0,0.0,0.0,0.0,0.0,0.0,0.0,0.0,0.0,0.36775550230792936,0.36775550230792936,-0.0019233895215361983,-0.0019233895215361983
2.0,16.0,0.0,0.0,0.0,0.0,0.0,0.0,0.0,0.0,0.0,0.0,0.0,0.0,0.36825575699101454,0.36825575699101454,-0.0019097825933122772,-0.0019097825933122772
2.0,16.5,0.0,0.0,0.0,0.0,0.0,0.0,0.0,0.0,0.0,0.0,0.0,0.0,0.36847787256877645,0.36847787256877645,-0.0019037778335544912,-0.0019037778335544912
2.0,17.0,0.0,0.0,0.0,0.0,0.0,0.0,0.0,0.0,0.0,0.0,0.0,0.0,0.36548702363109015,0.36548702363109015,-0.0019865606593874657,-0.0019865606593874657
2.0,17.5,0.0,0.0,0.0,0.0,0.0,0.0,0.0,0.0,0.0,0.0,0.0,0.0,0.3616551889440974,0.3616551889440974,-0.0020989765712478153,-0.0020989765712478153
2.0,18.0,0.0,0.0,0.0,0.0,0.0,0.0,0.0,0.0,0.0,0.0,0.0,0.0,0.35879876523066806,0.35879876523066806,-0.0021877283417571385,-0.0021877283417571385
2.0,18.5,0.0,0.0,0.0,0.0,0.0,0.0,0.0,0.0,0.0,0.0,0.0,0.0,0.35393811188252877,0.35393811188252877,-0.0023492582222359327,-0.0023492582222359327
2.0,19.0,0.0,0.0,0.0,0.0,0.0,0.0,0.0,0.0,0.0,0.0,0.0,0.0,0.3490774585343895,0.3490774585343895,-0.0025252008898842904,-0.0025252008898842904
2.0,19.5,0.0,0.0,0.0,0.0,0.0,0.0,0.0,0.0,0.0,0.0,0.0,0.0,0.3442168051862502,0.3442168051862502,-0.002717070615876697,-0.002717070615876697
2.0,20.0,0.0,0.0,0.0,0.0,0.0,0.0,0.0,0.0,0.0,0.0,0.0,0.0,0.3393561518381109,0.3393561518381109,-0.002926565454083623,-0.002926565454083623
2.0,20.5,0.0,0.0,0.0,0.0,0.0,0.0,0.0,0.0,0.0,0.0,0.0,0.0,0.3344954984899717,0.3344954984899717,-0.003155592631662838,-0.003155592631662838
2.0,21.0,0.0,0.0,0.0,0.0,0.0,0.0,0.0,0.0,0.0,0.0,0.0,0.0,0.32963484514183233,0.32963484514183233,-0.003406297886659553,-0.003406297886659553
2.0,21.5,0.0,0.0,0.0,0.0,0.0,0.0,0.0,0.0,0.0,0.0,0.0,0.0,0.33024347157177997,0.33024347157177997,-0.003373638639583915,-0.003373638639583915
2.0,22.0,0.0,0.0,0.0,0.0,0.0,0.0,0.0,0.0,0.0,0.0,0.0,0.0,0.3295439137904793,0.3295439137904793,-0.0034112095978031916,-0.0034112095978031916
2.0,22.5,0.0,0.0,0.0,0.0,0.0,0.0,0.0,0.0,0.0,0.0,0.0,0.0,0.346061709879246,0.346061709879246,-0.00264226568192138,-0.00264226568192138
2.0,23.0,0.0,0.0,0.0,0.0,0.0,0.0,0.0,0.0,0.0,0.0,0.0,0.0,0.35723489360878624,0.35723489360878624,-0.0022382121269881225,-0.0022382121269881225
2.0,23.5,0.0,0.0,0.0,0.0,0.0,0.0,0.0,0.0,0.0,0.0,0.0,0.0,0.3577188526198734,0.3577188526198734,-0.002222442395225803,-0.002222442395225803
2.0,24.0,0.0,0.0,0.0,0.0,0.0,0.0,0.0,0.0,0.0,0.0,0.0,0.0,0.3528581992717342,0.3528581992717342,-0.0023870521859779173,-0.0023870521859779173
3.0,0.5,0.0,0.0,0.0,0.0,0.0,0.0,0.0,0.0,0.0,0.0,0.0,0.0,0.3533421582828214,0.3533421582828214,-0.0023700260545410166,-0.0023700260545410166
3.0,1.0,0.0,0.0,0.0,0.0,0.0,0.0,0.0,0.0,0.0,0.0,0.0,0.0,0.35917072965313507,0.35917072965313507,-0.002175921300268288,-0.002175921300268288
3.0,1.5,0.0,0.0,0.0,0.0,0.0,0.0,0.0,0.0,0.0,0.0,0.0,0.0,0.3596546886642223,0.3596546886642223,-0.002160672733530959,-0.002160672733530959
3.0,2.0,0.0,0.0,0.0,0.0,0.0,0.0,0.0,0.0,0.0,0.0,0.0,0.0,0.35479403531608295,0.35479403531608295,-0.0023198089757455837,-0.0023198089757455837
3.0,2.5,0.0,0.0,0.0,0.0,0.0,0.0,0.0,0.0,0.0,0.0,0.0,0.0,0.3499333819679437,0.3499333819679437,-0.00249310868342739,-0.00249310868342739
3.0,3.0,0.0,0.0,0.0,0.0,0.0,0.0,0.0,0.0,0.0,0.0,0.0,0.0,0.34507272861980437,0.34507272861980437,-0.002682056133028593,-0.002682056133028593
3.0,3.5,0.0,0.0,0.0,0.0,0.0,0.0,0.0,0.0,0.0,0.0,0.0,0.0,0.340212075271665,0.340212075271665,-0.0028883152766206238,-0.0028883152766206238
3.0,4.0,0.0,0.0,0.0,0.0,0.0,0.0,0.0,0.0,0.0,0.0,0.0,0.0,0.338023728103139,0.338023728103139,-0.0029873180643328065,-0.0029873180643328065
3.0,4.5,0.0,0.0,0.0,0.0,0.0,0.0,0.0,0.0,0.0,0.0,0.0,0.0,0.33583538093461296,0.33583538093461296,-0.0030903907805256725,-0.0030903907805256725
3.0,5.0,0.0,0.0,0.0,0.0,0.0,0.0,0.0,0.0,0.0,0.0,0.0,0.0,0.3312313697783593,0.3312313697783593,-0.0033214180862909354,-0.0033214180862909354
3.0,5.5,0.0,0.0,0.0,0.0,0.0,0.0,0.0,0.0,0.0,0.0,0.0,0.0,0.3281582088306776,0.3281582088306776,-0.0034871136585475494,-0.0034871136585475494
3.0,6.0,0.0,0.0,0.0,0.0,0.0,0.0,0.0,0.0,0.0,0.0,0.0,0.0,0.3256349722209009,0.3256349722209009,-0.0036305621433546844,-0.0036305621433546844
3.0,6.5,0.0,0.0,0.0,0.0,0.0,0.0,0.0,0.0,0.0,0.0,0.0,0.0,0.3329208872016315,0.3329208872016315,-0.0032343239159307604,-0.0032343239159307604
3.0,7.0,0.0,0.0,0.0,0.0,0.0,0.0,0.0,0.0,0.0,0.0,0.0,0.0,0.34676637711078495,0.34676637711078495,-0.0026143429999375004,-0.0026143429999375004
3.0,7.5,0.0,0.0,0.0,0.0,0.0,0.0,0.0,0.0,0.0,0.0,0.0,0.0,0.3446527870507087,0.3446527870507087,-0.002699167670980345,-0.002699167670980345
3.0,8.0,0.0,0.0,0.0,0.0,0.0,0.0,0.0,0.0,0.0,0.0,0.0,0.0,0.3410384205488981,0.3410384205488981,-0.002851950747609784,-0.002851950747609784
3.0,8.5,0.0,0.0,0.0,0.0,0.0,0.0,0.0,0.0,0.0,0.0,0.0,0.0,0.3378186616151099,0.3378186616151099,-0.002996801069189534,-0.002996801069189534
3.0,9.0,0.0,0.0,0.0,0.0,0.0,0.0,0.0,0.0,0.0,0.0,0.0,0.0,0.33944772296912207,0.33944772296912207,-0.002922444541650521,-0.002922444541650521
3.0,9.5,0.0,0.0,0.0,0.0,0.0,0.0,0.0,0.0,0.0,0.0,0.0,0.0,0.33618046861471806,0.33618046861471806,-0.0030738587585684846,-0.0030738587585684846
3.0,10.0,0.0,0.0,0.0,0.0,0.0,0.0,0.0,0.0,0.0,0.0,0.0,0.0,0.33323296065509456,0.33323296065509456,-0.003218535792943991,-0.003218535792943991
3.0,10.5,0.0,0.0,0.0,0.0,0.0,0.0,0.0,0.0,0.0,0.0,0.23138018744382252,0.23138018744382252,0.33055043972169346,0.33055043972169346,-0.003357308140929512,-0.003357308140929512
3.0,11.0,0.0,0.0,0.0,0.0,0.0,0.0,0.0,0.0,0.0,0.0,0.18578019567045279,0.18578019567045279,0.3280685713324528,0.3280685713324528,-0.003492092617741858,-0.003492092617741858
3.0,11.5,0.0,0.0,0.0,0.0,0.0,0.0,0.0,0.0,0.0,0.0,0.0,0.0,0.325794205041378,0.325794205041378,-0.0036213042585007413,-0.0036213042585007413
3.0,12.0,0.0,0.0,0.0,0.0,0.0,0.0,0.0,0.0,0.0,0.0,0.0,0.0,0.3237204328419529,0.3237204328419529,-0.003744112491100454,-0.003744112491100454
3.0,12.5,0.0,0.0,0.0,0.0,0.0,0.0,0.0,0.0,0.0,0.0,0.0,0.0,0.32180201319448765,0.32180201319448765,-0.0038621629127397914,-0.0038621629127397914
3.0,13.0,0.0,0.0,0.0,0.0,0.0,0.0,0.0,0.0,0.0,0.0,0.08832103054059734,0.08832103054059734,0.3200203171458252,0.3200203171458252,-0.0039757918805988866,-0.0039757918805988866
3.0,13.5,0.0,0.0,0.0,0.0,0.0,0.0,0.0,0.0,0.0,0.0,0.0,0.0,0.3183480830163505,0.3183480830163505,-0.004086080923620558,-0.004086080923620558
3.0,14.0,0.0,0.0,0.0,0.0,0.0,0.0,0.0,0.0,0.0,0.0,0.0,0.0,0.31679410583734186,0.31679410583734186,-0.00419185266862812,-0.00419185266862812
3.0,14.5,0.0,0.0,0.0,0.0,0.0,0.0,0.0,0.0,0.0,0.0,0.031190036800122632,0.031190036800122632,0.3153353809504032,0.3153353809504032,-0.004294122054284236,-0.004294122054284236
3.0,15.0,0.0,0.0,0.0,0.0,0.0,0.0,0.0,0.0,0.0,0.0,0.0,0.0,0.31395785196092535,0.31395785196092535,-0.004393439184861913,-0.004393439184861913
3.0,15.5,0.0,0.0,0.0,0.0,0.0,0.0,0.0,0.0,0.0,0.0,0.0,0.0,0.31266078889901616,0.31266078889901616,-0.004489466181216679,-0.004489466181216679
3.0,16.0,0.0,0.0,0.0,0.0,0.0,0.0,0.0,0.0,0.0,0.0,0.0,0.0,0.3114327158925188,0.3114327158925188,-0.004582698729787102,-0.004582698729787102
3.0,16.5,0.0,0.0,0.0,0.0,0.0,0.0,0.0,0.0,0.0,0.0,0.0,0.0,0.3102671224838264,0.3102671224838264,-0.004673329243625882,-0.004673329243625882
3.0,17.0,0.0,0.0,0.0,0.0,0.0,0.0,0.0,0.0,0.0,0.0,0.0,0.0,0.30915833283509064,0.30915833283509064,-0.004761531612981495,-0.004761531612981495
3.0,17.5,0.0,0.0,0.0,0.0,0.0,0.0,0.0,0.0,0.0,0.0,0.0,0.0,0.3081013766273928,0.3081013766273928,-0.004847463172636667,-0.004847463172636667
3.0,18.0,0.0,0.0,0.0,0.0,0.0,0.0,0.0,0.0,0.0,0.0,0.0,0.0,0.3070918822881796,0.3070918822881796,-0.0049312665158942875,-0.0049312665158942875
3.0,18.5,0.0,0.0,0.0,0.0,0.0,0.0,0.0,0.0,0.0,0.0,0.0,0.0,0.30612598852088285,0.30612598852088285,-0.005013071132082086,-0.005013071132082086
3.0,19.0,0.0,0.0,0.0,0.0,0.0,0.0,0.0,0.0,0.0,0.0,0.0,0.0,0.3052002707914956,0.3052002707914956,-0.0050929948657846376,-0.0050929948657846376
3.0,19.5,0.0,0.0,0.0,0.0,0.0,0.0,0.0,0.0,0.0,0.0,0.0,0.0,0.3043116800315955,0.3043116800315955,-0.005171145207106074,-0.005171145207106074
3.0,20.0,0.0,0.0,0.0,0.0,0.0,0.0,0.0,0.0,0.0,0.0,0.0,0.0,0.3034574913306185,0.3034574913306185,-0.005247620427394168,-0.005247620427394168
3.0,20.5,0.0,0.0,0.0,0.0,0.0,0.0,0.0,0.0,0.0,0.0,0.0,0.0,0.30263526081456055,0.30263526081456055,-0.00532251057661166,-0.00532251057661166
3.0,21.0,0.0,0.0,0.0,0.0,0.0,0.0,0.0,0.0,0.0,0.0,0.0,0.0,0.3018427892537033,0.3018427892537033,-0.0053958983584679035,-0.0053958983584679035
3.0,21.5,0.0,0.0,0.0,0.0,0.0,0.0,0.0,0.0,0.0,0.0,0.0,0.0,0.30107809122061696,0.30107809122061696,-0.005467859898423967,-0.005467859898423967
3.0,22.0,0.0,0.0,0.0,0.0,0.0,0.0,0.0,0.0,0.0,0.0,0.0,0.0,0.3003393688434251,0.3003393688434251,-0.005538465418274638,-0.005538465418274638
3.0,22.5,0.0,0.0,0.0,0.0,0.0,0.0,0.0,0.0,0.0,0.0,0.0,0.0,0.29962498937861776,0.29962498937861776,-0.005607779829479019,-0.005607779829479019
3.0,23.0,0.0,0.0,0.0,0.0,0.0,0.0,0.0,0.0,0.0,0.0,0.0,0.0,0.29893346597138154,0.29893346597138154,-0.005675863255912258,-0.005675863255912258
3.0,23.5,0.0,0.0,0.0,0.0,0.0,0.0,0.0,0.0,0.0,0.0,0.0,0.0,0.29826344108670905,0.29826344108670905,-0.005742771495319946,-0.005742771495319946
3.0,24.0,0.0,0.0,0.0,0.0,0.0,0.0,0.0,0.0,0.0,0.0,0.0,0.0,0.29761367218725016,0.29761367218725016,-0.005808556427507017,-0.005808556427507017
4.0,0.5,0.0,0.0,0.0,0.0,0.0,0.0,0.0,0.0,0.0,0.0,0.0,0.0,0.29698301930862503,0.29698301930862503,-0.005873266376189995,-0.005873266376189995
4.0,1.0,0.0,0.0,0.0,0.0,0.0,0.0,0.0,0.0,0.0,0.0,0.0,0.0,0.2963704342433775,0.2963704342433775,-0.005936946430482218,-0.005936946430482218
4.0,1.5,0.0,0.0,0.0,0.0,0.0,0.0,0.0,0.0,0.0,0.0,0.0,0.0,0.2957749510938222,0.2957749510938222,-0.005999638731152094,-0.005999638731152094
4.0,2.0,0.0,0.0,0.0,0.0,0.0,0.0,0.0,0.0,0.0,0.0,0.0,0.0,0.29519567799401286,0.29519567799401286,-0.006061382726081885,-0.006061382726081885
4.0,2.5,0.0,0.0,0.0,0.0,0.0,0.0,0.0,0.0,0.0,0.0,0.0,0.0,0.29463178983373567,0.29463178983373567,-0.0061222153987440095,-0.0061222153987440095
4.0,3.0,0.0,0.0,0.0,0.0,0.0,0.0,0.0,0.0,0.0,0.0,0.0,0.0,0.29408252184424905,0.29408252184424905,-0.006182171472989029,-0.006182171472989029
4.0,3.5,0.0,0.0,0.0,0.0,0.0,0.0,0.0,0.0,0.0,0.0,0.0,0.0,0.29354716392757507,0.29354716392757507,-0.006241283596993451,-0.006241283596993451
4.0,4.0,0.0,0.0,0.0,0.0,0.0,0.0,0.0,0.0,0.0,0.0,0.0,0.0,0.2930250556294065,0.2930250556294065,-0.006299582508833013,-0.006299582508833013
4.0,4.5,0.0,0.0,0.0,0.0,0.0,0.0,0.0,0.0,0.0,0.0,0.0,0.0,0.2925155816708367,0.2925155816708367,-0.006357097185821131,-0.006357097185821131
4.0,5.0,0.0,0.0,0.0,0.0,0.0,0.0,0.0,0.0,0.0,0.0,0.0,0.0,0.2920181679667348,0.2920181679667348,-0.006413854979471771,-0.006413854979471771
4.0,5.5,0.0,0.0,0.0,0.0,0.0,0.0,0.0,0.0,0.0,0.0,0.0,0.0,0.29153227806912363,0.29153227806912363,-0.006469881737706446,-0.006469881737706446
4.0,6.0,0.0,0.0,0.0,0.0,0.0,0.0,0.0,0.0,0.0,0.0,0.0,0.0,0.2910574099827515,0.2910574099827515,-0.006525201915718908,-0.006525201915718908
4.0,6.5,0.0,0.0,0.0,0.0,0.0,0.0,0.0,0.0,0.0,0.0,0.0,0.0,0.29059309330747896,0.29059309330747896,-0.006579838676733907,-0.006579838676733907
4.0,7.0,0.0,0.0,0.0,0.0,0.0,0.0,0.0,0.0,0.0,0.0,0.0,0.0,0.2901388866683757,0.2901388866683757,-0.006633813983743171,-0.006633813983743171
4.0,7.5,0.0,0.0,0.0,0.0,0.0,0.0,0.0,0.0,0.0,0.0,0.0,0.0,0.2896943753997257,0.2896943753997257,-0.006687148683170419,-0.006687148683170419
4.0,8.0,0.0,0.0,0.0,0.0,0.0,0.0,0.0,0.0,0.0,0.0,0.0,0.0,0.28925916945365077,0.28925916945365077,-0.006739862581302565,-0.006739862581302565
4.0,8.5,0.0,0.0,0.0,0.0,0.0,0.0,0.0,0.0,0.0,0.0,0.0,0.0,0.2888329015078993,0.2888329015078993,-0.006791974514225274,-0.006791974514225274
4.0,9.0,0.0,0.0,0.0,0.0,0.0,0.0,0.0,0.0,0.0,0.0,0.042557641050839506,0.042557641050839506,0.28841522525062463,0.28841522525062463,-0.006843502411915619,-0.006843502411915619
4.0,9.5,0.0,0.0,0.0,0.0,0.0,0.0,0.0,0.0,0.0,0.0,0.23817277802891942,0.23817277802891942,0.28800039058397525,0.28800039058397525,-0.006895141435941816,-0.006895141435941816
4.0,10.0,0.0,0.0,0.0,0.0,0.0,0.0,0.0,0.0,0.0,0.0,0.13143849934414686,0.13143849934414686,0.28756858414149483,0.28756858414149483,-0.0069493870458032445,-0.0069493870458032445
4.0,10.5,0.0,0.0,0.0,0.0,0.0,0.0,0.0,0.0,0.0,0.0,0.11419128728072556,0.11419128728072556,0.28715804307351245,0.28715804307351245,-0.007001433353166755,-0.007001433353166755
4.0,11.0,0.0,0.0,0.0,0.0,0.0,0.0,0.0,0.0,0.0,0.0,0.2859449565451761,0.2859449565451761,0.2867570872886705,0.2867570872886705,-0.0070527133822106125,-0.0070527133822106125
4.0,11.5,0.0,0.0,0.0,0.0,0.0,0.0,0.0,0.0,0.0,0.0,0.5331611323627925,0.5331611323627925,0.28634136990298187,0.28634136990298187,-0.007106354576559618,-0.007106354576559618
4.0,12.0,0.0,0.0,0.0,0.0,0.0,0.0,0.0,0.0,0.0,0.0,0.46011835920971833,0.46011835920971833,0.2859010260931758,0.2859010260931758,-0.0071637044161389375,-0.0071637044161389375
4.0,12.5,0.0,0.0,0.0,0.0,0.0,0.0,0.0,0.0,0.0,0.0,0.4256022120408545,0.4256022120408545,0.2854766315679663,0.2854766315679663,-0.007219499622404863,-0.007219499622404863
4.0,13.0,0.0,0.0,0.0,0.0,0.0,0.0,0.0,0.0,0.0,0.0,1.0101254173652148,1.0101254173652148,0.2850630528215697,0.2850630528215697,-0.0072743717227872744,-0.0072743717227872744
4.0,13.5,0.0,0.0,0.0,0.0,0.0,0.0,0.0,0.0,0.0,0.0,0.49598044605203745,0.49598044605203745,0.2845811910963896,0.2845811910963896,-0.007338931379815141,-0.007338931379815141
4.0,14.0,0.0,0.0,0.0,0.0,0.0,0.0,0.0,0.0,0.0,0.0,0.35430367105076144,0.35430367105076144,0.2841708503035365,0.2841708503035365,-0.007394447477020173,-0.007394447477020173
4.0,14.5,0.0,0.0,0.0,0.0,0.0,0.0,0.0,0.0,0.0,0.0,0.0,0.0,0.2837843731070877,0.2837843731070877,-0.007447193139578131,-0.007447193139578131
4.0,15.0,0.0,0.0,0.0,0.0,0.0,0.0,0.0,0.0,0.0,0.0,0.0,0.0,0.2834486716715457,0.2834486716715457,-0.007493373171469725,-0.007493373171469725
4.0,15.5,0.0,0.0,0.0,0.0,0.0,0.0,0.0,0.0,0.0,0.0,0.0,0.0,0.28311842124964837,0.28311842124964837,-0.007539136653858332,-0.007539136653858332
4.0,16.0,0.0,0.0,0.0,0.0,0.0,0.0,0.0,0.0,0.0,0.0,0.0,0.0,0.2827934550892559,0.2827934550892559,-0.007584493301226088,-0.007584493301226088
4.0,16.5,0.0,0.0,0.0,0.0,0.0,0.0,0.0,0.0,0.0,0.0,0.0,0.0,0.28247361400986193,0.28247361400986193,-0.0076294524446814,-0.0076294524446814
4.0,17.0,0.0,0.0,0.0,0.0,0.0,0.0,0.0,0.0,0.0,0.0,0.0,0.0,0.2821587459283181,0.2821587459283181,-0.00767402305585457,-0.00767402305585457
4.0,17.5,0.0,0.0,0.0,0.0,0.0,0.0,0.0,0.0,0.0,0.0,0.0,0.0,0.28184870542441826,0.28184870542441826,-0.007718213768565117,-0.007718213768565117
4.0,18.0,0.0,0.0,0.0,0.0,0.0,0.0,0.0,0.0,0.0,0.0,0.0,0.0,0.2815433533419936,0.2815433533419936,-0.007762032898537854,-0.007762032898537854
4.0,18.5,0.0,0.0,0.0,0.0,0.0,0.0,0.0,0.0,0.0,0.0,0.0,0.0,0.28124255642175017,0.28124255642175017,-0.007805488461404316,-0.007805488461404316
4.0,19.0,0.0,0.0,0.0,0.0,0.0,0.0,0.0,0.0,0.0,0.0,0.0,0.0,0.2809461869625801,0.2809461869625801,-0.00784858818919084,-0.00784858818919084
4.0,19.5,0.0,0.0,0.0,0.0,0.0,0.0,0.0,0.0,0.0,0.0,0.0,0.0,0.28065412250849003,0.28065412250849003,-0.00789133954546684,-0.00789133954546684
4.0,20.0,0.0,0.0,0.0,0.0,0.0,0.0,0.0,0.0,0.0,0.0,0.0,0.0,0.28036624555865064,0.28036624555865064,-0.00793374973930161,-0.00793374973930161
4.0,20.5,0.0,0.0,0.0,0.0,0.0,0.0,0.0,0.0,0.0,0.0,0.0,0.0,0.28008244329837056,0.28008244329837056,-0.007975825738158466,-0.007975825738158466
4.0,21.0,0.0,0.0,0.0,0.0,0.0,0.0,0.0,0.0,0.0,0.0,0.0,0.0,0.27980260734905804,0.27980260734905804,-0.008017574279837592,-0.008017574279837592
4.0,21.5,0.0,0.0,0.0,0.0,0.0,0.0,0.0,0.0,0.0,0.0,0.0,0.0,0.27952663353545926,0.27952663353545926,-0.008059001883564064,-0.008059001883564064
4.0,22.0,0.0,0.0,0.0,0.0,0.0,0.0,0.0,0.0,0.0,0.0,0.0,0.0,0.2792544216686496,0.2792544216686496,-0.008100114860305993,-0.008100114860305993
4.0,22.5,0.0,0.0,0.0,0.0,0.0,0.0,0.0,0.0,0.0,0.0,0.0,0.0,0.27898587534342667,0.27898587534342667,-0.008140919322396205,-0.008140919322396205
4.0,23.0,0.0,0.0,0.0,0.0,0.0,0.0,0.0,0.0,0.0,0.0,0.0,0.0,0.27872090174889325,0.27872090174889325,-0.00818142119252263,-0.00818142119252263
4.0,23.5,0.0,0.0,0.0,0.0,0.0,0.0,0.0,0.0,0.0,0.0,0.0,0.0,0.278459411491148,0.278459411491148,-0.008221626212144577,-0.008221626212144577
4.0,24.0,0.0,0.0,0.0,0.0,0.0,0.0,0.0,0.0,0.0,0.0,0.0,0.0,0.2782013184271109,0.2782013184271109,-0.008261539949385234,-0.008261539949385234
5.0,0.5,0.0,0.0,0.0,0.0,0.0,0.0,0.0,0.0,0.0,0.0,0.0,0.0,0.2779465395086064,0.2779465395086064,-0.008301167806445402,-0.008301167806445402
5.0,1.0,0.0,0.0,0.0,0.0,0.0,0.0,0.0,0.0,0.0,0.0,0.0,0.0,0.27769499463591474,0.27769499463591474,-0.008340515026578175,-0.008340515026578175
5.0,1.5,0.0,0.0,0.0,0.0,0.0,0.0,0.0,0.0,0.0,0.0,0.0,0.0,0.2774466065200732,0.2774466065200732,-0.008379586700660191,-0.008379586700660191
5.0,2.0,0.0,0.0,0.0,0.0,0.0,0.0,0.0,0.0,0.0,0.0,0.0,0.0,0.2772013005532811,0.2772013005532811,-0.008418387773391177,-0.008418387773391177
5.0,2.5,0.0,0.0,0.0,0.0,0.0,0.0,0.0,0.0,0.0,0.0,0.0,0.0,0.27695900468681617,0.27695900468681617,-0.008456923049150392,-0.008456923049150392
5.0,3.0,0.0,0.0,0.0,0.0,0.0,0.0,0.0,0.0,0.0,0.0,0.0,0.0,0.27671964931592563,0.27671964931592563,-0.008495197197535562,-0.008495197197535562
5.0,3.5,0.0,0.0,0.0,0.0,0.0,0.0,0.0,0.0,0.0,0.0,0.0,0.0,0.27648316717120164,0.27648316717120164,-0.008533214758607615,-0.008533214758607615
5.0,4.0,0.0,0.0,0.0,0.0,0.0,0.0,0.0,0.0,0.0,0.0,0.0,0.0,0.276249493215993,0.276249493215993,-0.008570980147861873,-0.008570980147861873
5.0,4.5,0.0,0.0,0.0,0.0,0.0,0.0,0.0,0.0,0.0,0.0,0.0,0.0,0.276018564549441,0.276018564549441,-0.00860849766094514,-0.00860849766094514
5.0,5.0,0.0,0.0,0.0,0.0,0.0,0.0,0.0,0.0,0.0,0.0,0.0,0.0,0.27579032031476425,0.27579032031476425,-0.008645771478135545,-0.008645771478135545
5.0,5.5,0.0,0.0,0.0,0.0,0.0,0.0,0.0,0.0,0.0,0.0,0.0,0.0,0.2755647016124454,0.2755647016124454,-0.008682805668601112,-0.008682805668601112
5.0,6.0,0.0,0.0,0.0,0.0,0.0,0.0,0.0,0.0,0.0,0.0,0.0,0.0,0.2753416514180012,0.2753416514180012,-0.00871960419445137,-0.00871960419445137
5.0,6.5,0.0,0.0,0.0,0.0,0.0,0.0,0.0,0.0,0.0,0.0,0.0,0.0,0.2751211145040414,0.2751211145040414,-0.008756170914595292,-0.008756170914595292
5.0,7.0,0.0,0.0,0.0,0.0,0.0,0.0,0.0,0.0,0.0,0.0,0.0,0.0,0.2749030373663472,0.2749030373663472,-0.008792509588417341,-0.008792509588417341
5.0,7.5,0.0,0.0,0.0,0.0,0.0,0.0,0.0,0.0,0.0,0.0,0.0,0.0,0.2746873681537161,0.2746873681537161,-0.008828623879283118,-0.008828623879283118
5.0,8.0,0.0,0.0,0.0,0.0,0.0,0.0,0.0,0.0,0.0,0.0,0.0,0.0,0.27447405660134394,0.27447405660134394,-0.008864517357884497,-0.008864517357884497
5.0,8.5,0.0,0.0,0.0,0.0,0.0,0.0,0.0,0.0,0.0,0.0,0.0,0.0,0.27426305396752715,0.27426305396752715,-0.00890019350543389,-0.00890019350543389
5.0,9.0,0.0,0.0,0.0,0.0,0.0,0.0,0.0,0.0,0.0,0.0,0.0,0.0,0.2740543129734866,0.2740543129734866,-0.00893565571671635,-0.00893565571671635
5.0,9.5,0.0,0.0,0.0,0.0,0.0,0.0,0.0,0.0,0.0,0.0,0.0,0.0,0.27384778774612833,0.27384778774612833,-0.008970907303007456,-0.008970907303007456
5.0,10.0,0.0,0.0,0.0,0.0,0.0,0.0,0.0,0.0,0.0,0.0,0.0,0.0,0.27364343376356914,0.27364343376356914,-0.00900595149486457,-0.00900595149486457
5.0,10.5,0.0,0.0,0.0,0.0,0.0,0.0,0.0,0.0,0.0,0.0,0.0,0.0,0.2734412078032654,0.2734412078032654,-0.009040791444798545,-0.009040791444798545
5.0,11.0,0.0,0.0,0.0,0.0,0.0,0.0,0.0,0.0,0.0,0.0,0.0,0.0,0.2732410678925985,0.2732410678925985,-0.009075430229832038,-0.009075430229832038
5.0,11.5,0.0,0.0,0.0,0.0,0.0,0.0,0.0,0.0,0.0,0.0,0.0,0.0,0.27304297326177496,0.27304297326177496,-0.009109870853950862,-0.009109870853950862
5.0,12.0,0.0,0.0,0.0,0.0,0.0,0.0,0.0,0.0,0.0,0.0,0.0,0.0,0.27284688429891424,0.27284688429891424,-0.00914411625045363,-0.00914411625045363
5.0,12.5,0.0,0.0,0.0,0.0,0.0,0.0,0.0,0.0,0.0,0.0,0.0,0.0,0.27265276250720066,0.27265276250720066,-0.009178169284205217,-0.009178169284205217
5.0,13.0,0.0,0.0,0.0,0.0,0.0,0.0,0.0,0.0,0.0,0.0,0.0,0.0,0.2724605704639875,0.2724605704639875,-0.009212032753798878,-0.009212032753798878
5.0,13.5,0.0,0.0,0.0,0.0,0.0,0.0,0.0,0.0,0.0,0.0,0.0,0.0,0.27227027178174645,0.27227027178174645,-0.009245709393631545,-0.009245709393631545
5.0,14.0,0.0,0.0,0.0,0.0,0.0,0.0,0.0,0.0,0.0,0.0,0.0,0.0,0.2720818310707645,0.2720818310707645,-0.00927920187589674,-0.00927920187589674
5.0,14.5,0.0,0.0,0.0,0.0,0.0,0.0,0.0,0.0,0.0,0.0,0.0,0.0,0.2718952139034931,0.2718952139034931,-0.009312512812499034,-0.009312512812499034
5.0,15.0,0.0,0.0,0.0,0.0,0.0,0.0,0.0,0.0,0.0,0.0,0.0,0.0,0.271710386780464,0.271710386780464,-0.009345644756894053,-0.009345644756894053
5.0,15.5,0.0,0.0,0.0,0.0,0.0,0.0,0.0,0.0,0.0,0.0,0.0,0.0,0.2715273170976896,0.2715273170976896,-0.009378600205857375,-0.009378600205857375
5.0,16.0,0.0,0.0,0.0,0.0,0.0,0.0,0.0,0.0,0.0,0.0,0.0,0.0,0.2713459731154708,0.2713459731154708,-0.009411381601185804,-0.009411381601185804
5.0,16.5,0.0,0.0,0.0,0.0,0.0,0.0,0.0,0.0,0.0,0.0,0.0,0.0,0.2711663239285396,0.2711663239285396,-0.009443991331334283,-0.009443991331334283
5.0,17.0,0.0,0.0,0.0,0.0,0.0,0.0,0.0,0.0,0.0,0.0,0.0,0.0,0.2709883394374699,0.2709883394374699,-0.00947643173299117,-0.00947643173299117
5.0,17.5,0.0,0.0,0.0,0.0,0.0,0.0,0.0,0.0,0.0,0.0,0.0,0.0,0.27081199032129116,0.27081199032129116,-0.009508705092595056,-0.009508705092595056
5.0,18.0,0.0,0.0,0.0,0.0,0.0,0.0,0.0,0.0,0.0,0.0,0.0,0.0,0.2706372480112459,0.2706372480112459,-0.009540813647795436,-0.009540813647795436
5.0,18.5,0.0,0.0,0.0,0.0,0.0,0.0,0.0,0.0,0.0,0.0,0.0,0.0,0.2704640846656333,0.2704640846656333,-0.009572759588860093,-0.009572759588860093
5.0,19.0,0.0,0.0,0.0,0.0,0.0,0.0,0.0,0.0,0.0,0.0,0.0,0.0,0.27029247314568716,0.27029247314568716,-0.009604545060031222,-0.009604545060031222
5.0,19.5,0.0,0.0,0.0,0.0,0.0,0.0,0.0,0.0,0.0,0.0,0.0,0.0,0.270122386992436,0.270122386992436,-0.009636172160832858,-0.009636172160832858
5.0,20.0,0.0,0.0,0.0,0.0,0.0,0.0,0.0,0.0,0.0,0.0,0.0,0.0,0.2699538004044992,0.2699538004044992,-0.009667642947331564,-0.009667642947331564
5.0,20.5,0.0,0.0,0.0,0.0,0.0,0.0,0.0,0.0,0.0,0.0,0.0,0.0,0.26978668821677343,0.26978668821677343,-0.009698959433352491,-0.009698959433352491
5.0,21.0,0.0,0.0,0.0,0.0,0.0,0.0,0.0,0.0,0.0,0.0,0.0,0.0,0.269621025879968,0.269621025879968,-0.009730123591652646,-0.009730123591652646
5.0,21.5,0.0,0.0,0.0,0.0,0.0,0.0,0.0,0.0,0.0,0.0,0.0,0.0,0.26945678944094853,0.26945678944094853,-0.009761137355053212,-0.009761137355053212
5.0,22.0,0.0,0.0,0.0,0.0,0.0,0.0,0.0,0.0,0.0,0.0,0.0,0.0,0.26929395552385016,0.26929395552385016,-0.009792002617532821,-0.009792002617532821
5.0,22.5,0.0,0.0,0.0,0.0,0.0,0.0,0.0,0.0,0.0,0.0,0.0,0.0,0.2691325013119274,0.2691325013119274,-0.009822721235283022,-0.009822721235283022
5.0,23.0,0.0,0.0,0.0,0.0,0.0,0.0,0.0,0.0,0.0,0.0,0.0,0.0,0.26897240453010307,0.26897240453010307,-0.009853295027727978,-0.009853295027727978
5.0,23.5,0.0,0.0,0.0,0.0,0.0,0.0,0.0,0.0,0.0,0.0,0.0,0.0,0.26881364342818753,0.26881364342818753,-0.009883725778509446,-0.009883725778509446
5.0,24.0,0.0,0.0,0.0,0.0,0.0,0.0,0.0,0.0,0.0,0.0,0.0,0.0,0.2686561967647354,0.2686561967647354,-0.009914015236438855,-0.009914015236438855
6.0,0.5,0.0,0.0,0.0,0.0,0.0,0.0,0.0,0.0,0.0,0.0,0.0,0.0,0.2685000437915129,0.2685000437915129,-0.009944165116417445,-0.009944165116417445
6.0,1.0,0.0,0.0,0.0,0.0,0.0,0.0,0.0,0.0,0.0,0.0,0.0,0.0,0.2683451642385471,0.2683451642385471,-0.009974177100325972,-0.009974177100325972
6.0,1.5,0.0,0.0,0.0,0.0,0.0,0.0,0.0,0.0,0.0,0.0,0.0,0.0,0.2681915382997322,0.2681915382997322,-0.010004052837885186,-0.010004052837885186
6.0,2.0,0.0,0.0,0.0,0.0,0.0,0.0,0.0,0.0,0.0,0.0,0.0,0.0,0.268039146618968,0.268039146618968,-0.010033793947488096,-0.010033793947488096
6.0,2.5,0.0,0.0,0.0,0.0,0.0,0.0,0.0,0.0,0.0,0.0,0.0,0.0,0.2678879702768069,0.2678879702768069,-0.010063402017005316,-0.010063402017005316
6.0,3.0,0.0,0.0,0.0,0.0,0.0,0.0,0.0,0.0,0.0,0.0,0.0,0.0,0.2677379907775877,0.2677379907775877,-0.010092878604564478,-0.010092878604564478
6.0,3.5,0.0,0.0,0.0,0.0,0.0,0.0,0.0,0.0,0.0,0.0,0.0,0.0,0.2675891900370359,0.2675891900370359,-0.010122225239304485,-0.010122225239304485
6.0,4.0,0.0,0.0,0.0,0.0,0.0,0.0,0.0,0.0,0.0,0.0,0.0,0.0,0.2674415503703085,0.2674415503703085,-0.010151443422106115,-0.010151443422106115
6.0,4.5,0.0,0.0,0.0,0.0,0.0,0.0,0.0,0.0,0.0,0.0,0.0,0.0,0.2672950544804668,0.2672950544804668,-0.010180534626299252,-0.010180534626299252
6.0,5.0,0.0,0.0,0.0,0.0,0.0,0.0,0.0,0.0,0.0,0.0,0.0,0.0,0.2671496854473579,0.2671496854473579,-0.010209500298348025,-0.010209500298348025
6.0,5.5,0.0,0.0,0.0,0.0,0.0,0.0,0.0,0.0,0.0,0.0,0.0,0.0,0.267005426716887,0.267005426716887,-0.010238341858514667,-0.010238341858514667
6.0,6.0,0.0,0.0,0.0,0.0,0.0,0.0,0.0,0.0,0.0,0.0,0.0,0.0,0.26686226209066594,0.26686226209066594,-0.01026706070150269,-0.01026706070150269
6.0,6.5,0.0,0.0,0.0,0.0,0.0,0.0,0.0,0.0,0.0,0.0,0.0,0.0,0.26672017571602136,0.26672017571602136,-0.010295658197080329,-0.010295658197080329
6.0,7.0,0.0,0.0,0.0,0.0,0.0,0.0,0.0,0.0,0.0,0.0,0.0,0.0,0.2665791520763477,0.2665791520763477,-0.010324135690684867,-0.010324135690684867
6.0,7.5,0.0,0.0,0.0,0.0,0.0,0.0,0.0,0.0,0.0,0.0,0.0,0.0,0.26643917598179107,0.26643917598179107,-0.010352494504008691,-0.010352494504008691
6.0,8.0,0.0,0.0,0.0,0.0,0.0,0.0,0.0,0.0,0.0,0.0,0.0,0.0,0.2663002325602509,0.2663002325602509,-0.01038073593556754,-0.01038073593556754
6.0,8.5,0.0,0.0,0.0,0.0,0.0,0.0,0.0,0.0,0.0,0.0,0.0,0.0,0.26616230724868606,0.26616230724868606,-0.010408861261251767,-0.010408861261251767
6.0,9.0,0.0,0.0,0.0,0.0,0.0,0.0,0.0,0.0,0.0,0.0,0.0,0.0,0.26602538578471363,0.26602538578471363,-0.010436871734861124,-0.010436871734861124
6.0,9.5,0.0,0.0,0.0,0.0,0.0,0.0,0.0,0.0,0.0,0.0,0.0,0.0,0.26588945419848825,0.26588945419848825,-0.010464768588623715,-0.010464768588623715
6.0,10.0,0.0,0.0,0.0,0.0,0.0,0.0,0.0,0.0,0.0,0.0,0.0,0.0,0.2657544988048515,0.2657544988048515,-0.010492553033699649,-0.010492553033699649
6.0,10.5,0.0,0.0,0.0,0.0,0.0,0.0,0.0,0.0,0.0,0.0,0.0,0.0,0.2656205061957401,0.2656205061957401,-0.01052022626066999,-0.01052022626066999
6.0,11.0,0.0,0.0,0.0,0.0,0.0,0.0,0.0,0.0,0.0,0.0,0.0,0.0,0.2654874632328437,0.2654874632328437,-0.0105477894400113,-0.0105477894400113
6.0,11.5,0.0,0.0,0.0,0.0,0.0,0.0,0.0,0.0,0.0,0.0,0.0,0.0,0.2653553570405011,0.2653553570405011,-0.010575243722556719,-0.010575243722556719
6.0,12.0,0.0,0.0,0.0,0.0,0.0,0.0,0.0,0.0,0.0,0.0,0.0,0.0,0.26522417499882756,0.26522417499882756,-0.010602590239943574,-0.010602590239943574
6.0,12.5,0.0,0.0,0.0,0.0,0.0,0.0,0.0,0.0,0.0,0.0,0.0,0.0,0.26509390473706257,0.26509390473706257,-0.010629830105048244,-0.010629830105048244
6.0,13.0,0.0,0.0,0.0,0.0,0.0,0.0,0.0,0.0,0.0,0.0,0.0,0.0,0.2649645341271312,0.2649645341271312,-0.010656964412408688,-0.010656964412408688
6.0,13.5,0.0,0.0,0.0,0.0,0.0,0.0,0.0,0.0,0.0,0.0,0.0,0.0,0.2648360512774097,0.2648360512774097,-0.010683994238635036,-0.010683994238635036
6.0,14.0,0.0,0.0,0.0,0.0,0.0,0.0,0.0,0.0,0.0,0.0,0.0,0.0,0.26470844452668857,0.26470844452668857,-0.010710920642808557,-0.010710920642808557
6.0,14.5,0.0,0.0,0.0,0.0,0.0,0.0,0.0,0.0,0.0,0.0,0.0,0.0,0.26458170243832485,0.26458170243832485,-0.010737744666869607,-0.010737744666869607
6.0,15.0,0.0,0.0,0.0,0.0,0.0,0.0,0.0,0.0,0.0,0.0,0.0,0.0,0.2644558137945777,0.2644558137945777,-0.010764467335994718,-0.010764467335994718
6.0,15.5,0.0,0.0,0.0,0.0,0.0,0.0,0.0,0.0,0.0,0.0,0.0,0.0,0.26433076759111945,0.26433076759111945,-0.010791089658963263,-0.010791089658963263
6.0,16.0,0.0,0.0,0.0,0.0,0.0,0.0,0.0,0.0,0.0,0.0,0.0,0.0,0.26420655303171625,0.26420655303171625,-0.010817612628514096,-0.010817612628514096
6.0,16.5,0.0,0.0,0.0,0.0,0.0,0.0,0.0,0.0,0.0,0.0,0.0,0.0,0.2640831595230718,0.2640831595230718,-0.010844037221692434,-0.010844037221692434
6.0,17.0,0.0,0.0,0.0,0.0,0.0,0.0,0.0,0.0,0.0,0.0,0.0,0.0,0.2639605766698288,0.2639605766698288,-0.010870364400187306,-0.010870364400187306
6.0,17.5,0.0,0.0,0.0,0.0,0.0,0.0,0.0,0.0,0.0,0.0,0.0,0.0,0.2638387942697212,0.2638387942697212,-0.010896595110659909,-0.010896595110659909
6.0,18.0,0.0,0.0,0.0,0.0,0.0,0.0,0.0,0.0,0.0,0.0,0.0,0.0,0.26371780230887387,0.26371780230887387,-0.010922730285063083,-0.010922730285063083
6.0,18.5,0.0,0.0,0.0,0.0,0.0,0.0,0.0,0.0,0.0,0.0,0.0,0.0,0.26359759095724206,0.26359759095724206,-0.010948770840952344,-0.010948770840952344
6.0,19.0,0.0,0.0,0.0,0.0,0.0,0.0,0.0,0.0,0.0,0.0,0.0,0.0,0.26347815056418733,0.26347815056418733,-0.010974717681788633,-0.010974717681788633
6.0,19.5,0.0,0.0,0.0,0.0,0.0,0.0,0.0,0.0,0.0,0.0,0.0,0.0,0.26335947165418483,0.26335947165418483,-0.011000571697232972,-0.011000571697232972
6.0,20.0,0.0,0.0,0.0,0.0,0.0,0.0,0.0,0.0,0.0,0.0,0.0,0.0,0.26324154492265667,0.26324154492265667,-0.011026333763433488,-0.011026333763433488
6.0,20.5,0.0,0.0,0.0,0.0,0.0,0.0,0.0,0.0,0.0,0.0,0.0,0.0,0.26312436123192773,0.26312436123192773,-0.01105200474330492,-0.01105200474330492
6.0,21.0,0.0,0.0,0.0,0.0,0.0,0.0,0.0,0.0,0.0,0.0,0.0,0.0,0.2630079116072994,0.2630079116072994,-0.011077585486800738,-0.011077585486800738
6.0,21.5,0.0,0.0,0.0,0.0,0.0,0.0,0.0,0.0,0.0,0.0,0.0,0.0,0.26289218723323693,0.26289218723323693,-0.011103076831178416,-0.011103076831178416
6.0,22.0,0.0,0.0,0.0,0.0,0.0,0.0,0.0,0.0,0.0,0.0,0.0,0.0,0.2627771794496666,0.2627771794496666,-0.011128479601257733,-0.011128479601257733
6.0,22.5,0.0,0.0,0.0,0.0,0.0,0.0,0.0,0.0,0.0,0.0,0.0,0.0,0.2626628797483796,0.2626628797483796,-0.01115379460967255,-0.01115379460967255
6.0,23.0,0.0,0.0,0.0,0.0,0.0,0.0,0.0,0.0,0.0,0.0,0.0,0.0,0.262549279769538,0.262549279769538,-0.011179022657116027,-0.011179022657116027
6.0,23.5,0.0,0.0,0.0,0.0,0.0,0.0,0.0,0.0,0.0,0.0,0.0,0.0,0.2624363712982794,0.2624363712982794,-0.011204164532579977,-0.011204164532579977
6.0,24.0,0.0,0.0,0.0,0.0,0.0,0.0,0.0,0.0,0.0,0.0,0.0,0.0,0.2623241462614187,0.2623241462614187,-0.011229221013587674,-0.011229221013587674
7.0,0.5,0.0,0.0,0.0,0.0,0.0,0.0,0.0,0.0,0.0,0.0,0.0,0.0,0.26221259672424096,0.26221259672424096,-0.011254192866421327,-0.011254192866421327
7.0,1.0,0.0,0.0,0.0,0.0,0.0,0.0,0.0,0.0,0.0,0.0,0.0,0.0,0.2621017148873844,0.2621017148873844,-0.011279080846343572,-0.011279080846343572
7.0,1.5,0.0,0.0,0.0,0.0,0.0,0.0,0.0,0.0,0.0,0.0,0.0,0.0,0.2619914930838099,0.2619914930838099,-0.011303885697813603,-0.011303885697813603
7.0,2.0,0.0,0.0,0.0,0.0,0.0,0.0,0.0,0.0,0.0,0.0,0.0,0.0,0.2618819237758545,0.2618819237758545,-0.011328608154697882,-0.011328608154697882
7.0,2.5,0.0,0.0,0.0,0.0,0.0,0.0,0.0,0.0,0.0,0.0,0.0,0.0,0.26177299955236477,0.26177299955236477,-0.011353248940475787,-0.011353248940475787
7.0,3.0,0.0,0.0,0.0,0.0,0.0,0.0,0.0,0.0,0.0,0.0,0.0,0.0,0.2616647131259098,0.2616647131259098,-0.011377808768440082,-0.011377808768440082
7.0,3.5,0.0,0.0,0.0,0.0,0.0,0.0,0.0,0.0,0.0,0.0,0.0,0.0,0.2615570573300688,0.2615570573300688,-0.011402288341892748,-0.011402288341892748
7.0,4.0,0.0,0.0,0.0,0.0,0.0,0.0,0.0,0.0,0.0,0.0,0.0,0.0,0.26145002511679316,0.26145002511679316,-0.011426688354335749,-0.011426688354335749
7.0,4.5,0.0,0.0,0.0,0.0,0.0,0.0,0.0,0.0,0.0,0.0,0.0,0.0,0.2613436095538383,0.2613436095538383,-0.011451009489657549,-0.011451009489657549
7.0,5.0,0.0,0.0,0.0,0.0,0.0,0.0,0.0,0.0,0.0,0.0,0.0,0.0,0.26123780382226497,0.26123780382226497,-0.011475252422314947,-0.011475252422314947
7.0,5.5,0.0,0.0,0.0,0.0,0.0,0.0,0.0,0.0,0.0,0.0,0.0,0.0,0.2611326012140073,0.2611326012140073,-0.011499417817510573,-0.011499417817510573
7.0,6.0,0.0,0.0,0.0,0.0,0.0,0.0,0.0,0.0,0.0,0.0,0.0,0.0,0.261027995129504,0.261027995129504,-0.011523506331366387,-0.011523506331366387
7.0,6.5,0.0,0.0,0.0,0.0,0.0,0.0,0.0,0.0,0.0,0.0,0.0,0.0,0.2609239790753937,0.2609239790753937,-0.011547518611092796,-0.011547518611092796
7.0,7.0,0.0,0.0,0.0,0.0,0.0,0.0,0.0,0.0,0.0,0.0,0.0,0.0,0.2608205466622697,0.2608205466622697,-0.011571455295153965,-0.011571455295153965
7.0,7.5,0.0,0.0,0.0,0.0,0.0,0.0,0.0,0.0,0.0,0.0,0.0,0.0,0.2607176916024929,0.2607176916024929,-0.011595317013429363,-0.011595317013429363
7.0,8.0,0.0,0.0,0.0,0.0,0.0,0.0,0.0,0.0,0.0,0.0,0.0,0.0,0.26061540770806296,0.26061540770806296,-0.011619104387371206,-0.011619104387371206
7.0,8.5,0.0,0.0,0.0,0.0,0.0,0.0,0.0,0.0,0.0,0.0,0.0,0.0,0.26051368888854265,0.26051368888854265,-0.011642818030158715,-0.011642818030158715
7.0,9.0,0.0,0.0,0.0,0.0,0.0,0.0,0.0,0.0,0.0,0.0,0.0,0.0,0.26041252914903723,0.26041252914903723,-0.01166645854684841,-0.01166645854684841
7.0,9.5,0.0,0.0,0.0,0.0,0.0,0.0,0.0,0.0,0.0,0.0,0.0,0.0,0.2603119225882245,0.2603119225882245,-0.011690026534521156,-0.011690026534521156
7.0,10.0,0.0,0.0,0.0,0.0,0.0,0.0,0.0,0.0,0.0,0.0,0.0,0.0,0.2602118633964349,0.2602118633964349,-0.011713522582425967,-0.011713522582425967
7.0,10.5,0.0,0.0,0.0,0.0,0.0,0.0,0.0,0.0,0.0,0.0,0.0,0.0,0.260112345853781,0.260112345853781,-0.01173694727212021,-0.01173694727212021
7.0,11.0,0.0,0.0,0.0,0.0,0.0,0.0,0.0,0.0,0.0,0.0,0.0,0.0,0.26001336432833355,0.26001336432833355,-0.011760301177606982,-0.011760301177606982
7.0,11.5,0.0,0.0,0.0,0.0,0.0,0.0,0.0,0.0,0.0,0.0,0.0,0.0,0.2599149132743434,0.2599149132743434,-0.011783584865469194,-0.011783584865469194
7.0,12.0,0.0,0.0,0.0,0.0,0.0,0.0,0.0,0.0,0.0,0.0,0.0,0.0,0.25981698723050783,0.25981698723050783,-0.011806798895000699,-0.011806798895000699
7.0,12.5,0.0,0.0,0.0,0.0,0.0,0.0,0.0,0.0,0.0,0.0,0.0,0.0,0.2597195808182801,0.2597195808182801,-0.011829943818334509,-0.011829943818334509
7.0,13.0,0.0,0.0,0.0,0.0,0.0,0.0,0.0,0.0,0.0,0.0,0.0,0.0,0.2596226887402204,0.2596226887402204,-0.011853020180568248,-0.011853020180568248
7.0,13.5,0.0,0.0,0.0,0.0,0.0,0.0,0.0,0.0,0.0,0.0,0.0,0.0,0.259526305778388,0.259526305778388,-0.011876028519886556,-0.011876028519886556
7.0,14.0,0.0,-0.0010366808424143556,0.0,0.029916333945299318,0.0,18.5,0.0,0.0,0.0,0.031846182437854934,0.0,0.0,0.25943042679277195,0.25943042679277195,-0.011898969367681237,-0.011898969367681237
7.0,14.5,0.0,-0.001019972684569942,0.0,0.02848083462026926,0.0,18.5,0.0,0.0,0.0,0.02718058521422496,0.0,0.0,0.2593350467197609,0.25933123439794464,-0.011921843248668363,-0.011922758601312582
7.0,15.0,0.0,-0.0009080170196615759,0.0,0.024900655581245018,0.0,18.5,0.0,0.0,0.0,0.02310918690296195,0.0,0.0,0.25924016057064936,0.2592327188566968,-0.011944650681003085,-0.0119464416157395
7.0,15.5,0.0,0.0,0.0,0.0,0.0,0.0,0.0,0.0,0.0,0.0,0.0,0.0,0.2591457634301806,0.2591351485562853,-0.011967392176391813,-0.011969952662510554
7.0,16.0,0.0,0.0,0.0,0.0,0.0,0.0,0.0,0.0,0.0,0.0,0.0,0.0,0.25905185045512386,0.25904123558124964,-0.011990068240202125,-0.011992634508097826
7.0,16.5,0.0,0.0,0.0,0.0,0.0,0.0,0.0,0.0,0.0,0.0,0.0,0.0,0.25895841687288657,0.2589478019991147,-0.012012679371570065,-0.012015251406752386
7.0,17.0,0.0,0.0,0.0,0.0,0.0,0.0,0.0,0.0,0.0,0.0,0.0,0.0,0.25886545798015853,0.25885484310668283,-0.012035226063505503,-0.012037803851561358
7.0,17.5,0.0,0.0,0.0,0.0,0.0,0.0,0.0,0.0,0.0,0.0,0.0,0.0,0.2587729691415893,0.25876235426876393,-0.012057708802994829,-0.012060292329575268
7.0,18.0,0.0,0.0,0.0,0.0,0.0,0.0,0.0,0.0,0.0,0.0,0.0,0.0,0.2586809457884959,0.2586703309168789,-0.012080128071101872,-0.012082717321909887
7.0,18.5,0.0,0.0,0.0,0.0,0.0,0.0,0.0,0.0,0.0,0.0,0.0,0.0,0.2585893834176013,0.2585787685479942,-0.012102484343066424,-0.012105079303845632
7.0,19.0,0.0,0.0,0.0,0.0,0.0,0.0,0.0,0.0,0.0,0.0,0.0,0.0,0.25849827758980265,0.2584876627232862,-0.012124778088400737,-0.012127378744924944
7.0,19.5,0.0,0.0,0.0,0.0,0.0,0.0,0.0,0.0,0.0,0.0,0.0,0.0,0.25840762392896777,0.25839700906693375,-0.012147009770984062,-0.012149616109047669
7.0,20.0,0.0,0.0,0.0,0.0,0.0,0.0,0.0,0.0,0.0,0.0,0.0,0.0,0.2583174181207595,0.25830680326493993,-0.012169179849155248,-0.012171791854564268
7.0,20.5,0.0,0.0,0.0,0.0,0.0,0.0,0.0,0.0,0.0,0.0,0.0,0.0,0.2582276559114874,0.2582170410639807,-0.012191288775803317,-0.012193906434367106
7.0,21.0,0.0,0.0,0.0,0.0,0.0,0.0,0.0,0.0,0.0,0.0,0.0,0.0,0.2581383331069862,0.2581277182702794,-0.012213336998456123,-0.012215960295979985
7.0,21.5,0.0,0.0,0.0,0.0,0.0,0.0,0.0,0.0,0.0,0.0,0.0,0.0,0.2580494455715187,0.2580388307485087,-0.012235324959367506,-0.012237953881645551
7.0,22.0,0.0,0.0,0.0,0.0,0.0,0.0,0.0,0.0,0.0,0.0,0.0,0.0,0.25796098922670513,0.2579503744207161,-0.012257253095602196,-0.012259887628411086
7.0,22.5,0.0,0.0,0.0,0.0,0.0,0.0,0.0,0.0,0.0,0.0,0.0,0.0,0.2578729600504759,0.25786234526527474,-0.012279121839119304,-0.012281761968212467
7.0,23.0,0.0,0.0,0.0,0.0,0.0,0.0,0.0,0.0,0.0,0.0,0.0,0.0,0.25778535407604786,0.25777473931585804,-0.012300931616854105,-0.012303577327956346
7.0,23.5,0.0,0.0,0.0,0.0,0.0,0.0,0.0,0.0,0.0,0.0,0.0,0.0,0.2576981673909241,0.25768755266043686,-0.01232268285079802,-0.012325334129600773
7.0,24.0,0.0,0.0,0.0,0.0,0.0,0.0,0.0,0.0,0.0,0.0,0.0,0.0,0.2576113961359161,0.2576007814402999,-0.012344375958077044,-0.012347032790234051
8.0,0.5,0.0,0.0,0.0,0.0,0.0,0.0,0.0,0.0,0.0,0.0,0.0,0.0,0.25752503650418723,0.257514421849096,-0.012366011351028678,-0.012368673722151918
8.0,1.0,0.0,0.0,0.0,0.0,0.0,0.0,0.0,0.0,0.0,0.0,0.0,0.0,0.2574390847403175,0.25742847013189685,-0.012387589437277267,-0.012390257332933531
8.0,1.5,0.0,0.0,0.0,0.0,0.0,0.0,0.0,0.0,0.0,0.0,0.0,0.0,0.25735353713938974,0.25734292258428143,-0.012409110619807784,-0.012411784025515508
8.0,2.0,0.0,0.0,0.0,0.0,0.0,0.0,0.0,0.0,0.0,0.0,0.0,0.0,0.25726839004609475,0.2572577755514406,-0.012430575297038277,-0.01243325419826468
8.0,2.5,0.0,0.0,0.0,0.0,0.0,0.0,0.0,0.0,0.0,0.0,0.0,0.0,0.257183639853857,0.25717302542730075,-0.012451983862890741,-0.012454668245049405
8.0,3.0,0.0,0.0,0.0,0.0,0.0,0.0,0.0,0.0,0.0,0.0,0.0,0.0,0.2570992830039789,0.2570886686536674,-0.012473336706860733,-0.012476026555309393
8.0,3.5,0.0,0.0,0.0,0.0,0.0,0.0,0.0,0.0,0.0,0.0,0.0,0.0,0.25701531598480354,0.2570047017193867,-0.012494634214085575,-0.012497329514124286
8.0,4.0,0.0,0.0,0.0,0.0,0.0,0.0,0.0,0.0,0.0,0.0,0.0,0.0,0.2569317353308962,0.25692112115952576,-0.012515876765411176,-0.012518577502280677
8.0,4.5,0.0,0.0,0.0,0.0,0.0,0.0,0.0,0.0,0.0,0.0,0.0,0.0,0.25684853762224263,0.2568379235545705,-0.012537064737457602,-0.012539770896337945
8.0,5.0,0.0,0.0,0.0,0.0,0.0,0.0,0.0,0.0,0.0,0.0,0.0,0.0,0.25676571948346516,0.2567551055296404,-0.012558198502683473,-0.012560910068692956
8.0,5.5,0.0,0.0,0.0,0.0,0.0,0.0,0.0,0.0,0.0,0.0,0.0,0.0,0.25668327758305537,0.25667266375372066,-0.012579278429448853,-0.012581995387643114
8.0,6.0,0.0,0.0,0.0,0.0,0.0,0.0,0.0,0.0,0.0,0.0,0.0,0.0,0.2566012086326229,0.2565905949389104,-0.01260030488207727,-0.012603027217448553
8.0,6.5,0.0,0.0,0.0,0.0,0.0,0.0,0.0,0.0,0.0,0.0,0.0,0.0,0.25651950938616036,0.25650889583968656,-0.012621278220916346,-0.012624005918393091
8.0,7.0,0.0,0.0,0.0,0.0,0.0,0.0,0.0,0.0,0.0,0.0,0.0,0.0,0.2564381766393239,0.2564275632521843,-0.012642198802397215,-0.012644931846843689
8.0,7.5,0.0,0.0,0.0,0.0,0.0,0.0,0.0,0.0,0.0,0.0,0.0,0.0,0.2563572072287282,0.2563465940134913,-0.01266306697909313,-0.012665805355309274
8.0,8.0,0.0,0.0,0.0,0.0,0.0,0.0,0.0,0.0,0.0,0.0,0.0,0.0,0.25627659803125746,0.2562659850009582,-0.01268388309977648,-0.012686626792497978
8.0,8.5,0.0,0.0,0.0,0.0,0.0,0.0,0.0,0.0,0.0,0.0,0.0,0.0,0.2561963459633892,0.25618573313152215,-0.012704647509475284,-0.012707396503373618
8.0,9.0,0.0,0.0,0.0,0.0,0.0,0.0,0.0,0.0,0.0,0.0,0.0,0.0,0.25611644798053357,0.25610583536104525,-0.012725360549528159,-0.012728114829211004
8.0,9.5,0.0,0.0,0.0,0.0,0.0,0.0,0.0,0.0,0.0,0.0,0.0,0.0,0.2560369010763852,0.2560262886836668,-0.012746022557638511,-0.012748782107650106
8.0,10.0,0.0,0.0,0.0,0.0,0.0,0.0,0.0,0.0,0.0,0.0,0.0,0.0,0.25595770228228915,0.2559470901311681,-0.012766633867927694,-0.012769398672749383
8.0,10.5,0.0,0.0,0.0,0.0,0.0,0.0,0.0,0.0,0.0,0.0,0.0,0.0,0.25587884866661925,0.25586823677235143,-0.012787194810987132,-0.012789964855037991
8.0,11.0,0.0,0.0,0.0,0.0,0.0,0.0,0.0,0.0,0.0,0.0,0.0,0.0,0.2558003373341696,0.2557897257124304,-0.012807705713929533,-0.012810480981567096
8.0,11.5,0.0,0.0,0.0,0.0,0.0,0.0,0.0,0.0,0.0,0.0,0.0,0.0,0.2557221654255585,0.25571155409243435,-0.012828166900439069,-0.012830947375960173
8.0,12.0,0.0,0.0,0.0,0.0,0.0,0.0,0.0,0.0,0.0,0.0,0.0,0.0,0.2556443301166437,0.2556337190886231,-0.012848578690820765,-0.012851364358462476
8.0,12.5,0.0,0.0,0.0,0.0,0.0,0.0,0.0,0.0,0.0,0.0,0.0,0.0,0.2555668286179507,0.25555621791191513,-0.012868941402048915,-0.012871732245989462
8.0,13.0,0.0,0.0,0.0,0.0,0.0,0.0,0.0,0.0,0.0,0.0,0.0,0.0,0.25548965817411134,0.25547904780732583,-0.01288925534781461,-0.012892051352174532
8.0,13.5,0.0,0.0,0.0,0.0,0.0,0.0,0.0,0.0,0.0,0.0,0.0,0.0,0.2554128160633143,0.2554022060534185,-0.012909520838572466,-0.012912321987415647
8.0,14.0,0.0,0.0,0.0,0.0,0.0,0.0,0.0,0.0,0.0,0.0,0.0,0.0,0.2553362995967664,0.25532568996176497,-0.012929738181586452,-0.012932544458921346
8.0,14.5,0.0,0.0,0.0,0.0,0.0,0.0,0.0,0.0,0.0,0.0,0.0,0.0,0.2552601061181649,0.25524949687641796,-0.01294990768097489,-0.012952719070755757
8.0,15.0,0.0,0.0,0.0,0.0,0.0,0.0,0.0,0.0,0.0,0.0,0.0,0.0,0.2551842330031793,0.25517362417339323,-0.012970029637754768,-0.012972846123882883
8.0,15.5,0.0,0.0,0.0,0.0,0.0,0.0,0.0,0.0,0.0,0.0,0.0,0.0,0.2551086776589447,0.2550980692601623,-0.012990104349885066,-0.012992925916210141
8.0,16.0,0.0,0.0,0.0,0.0,0.0,0.0,0.0,0.0,0.0,0.0,0.0,0.0,0.2550334375235643,0.2550228295751551,-0.013010132112309449,-0.013012958742631024
8.0,16.5,0.0,0.0,0.0,0.0,0.0,0.0,0.0,0.0,0.0,0.0,0.0,0.0,0.25495851006562137,0.2549479025872725,-0.013030113216998245,-0.01303294489506694
8.0,17.0,0.0,0.0,0.0,0.0,0.0,0.0,0.0,0.0,0.0,0.0,0.0,0.0,0.2548838927837016,0.2548732857954079,-0.013050047952989575,-0.013052884662508632
8.0,17.5,0.0,0.0,0.0,0.0,0.0,0.0,0.0,0.0,0.0,0.0,0.0,0.0,0.2548095832059242,0.25479897672797874,-0.01306993660642976,-0.013072778331056462
8.0,18.0,0.0,0.0,0.0,0.0,0.0,0.0,0.0,0.0,0.0,0.0,0.0,0.0,0.2547355788894818,0.25472497294246654,-0.013089779460613135,-0.013092626183960291
8.0,18.5,0.0,0.0,0.0,0.0,0.0,0.0,0.0,0.0,0.0,0.0,0.0,0.0,0.25466187742019003,0.25465127202496624,-0.013109576796021071,-0.013112428501658523
8.0,19.0,0.0,0.0,0.0,0.0,0.0,0.0,0.0,0.0,0.0,0.0,0.0,0.0,0.2545884764120451,0.2545778715897439,-0.013129328890360342,-0.013132185561816462
8.0,19.5,0.0,0.0,0.0,0.0,0.0,0.0,0.0,0.0,0.0,0.0,0.0,0.0,0.2545153735067898,0.25450476927880306,-0.013149036018600837,-0.013151897639364073
8.0,20.0,0.0,0.0,0.0,0.0,0.0,0.0,0.0,0.0,0.0,0.0,0.0,0.0,0.25444256637348855,0.25443196276145946,-0.013168698453012634,-0.013171565006533055
8.0,20.5,0.0,0.0,0.0,0.0,0.0,0.0,0.0,0.0,0.0,0.0,0.0,0.0,0.2543700527081093,0.25435944973392344,-0.013188316463202449,-0.013191187932893235
8.0,21.0,0.0,0.0,0.0,0.0,0.0,0.0,0.0,0.0,0.0,0.0,0.0,0.0,0.25429783023311475,0.2542872279188906,-0.01320789031614936,-0.013210766685388477
8.0,21.5,0.0,0.0,0.0,0.0,0.0,0.0,0.0,0.0,0.0,0.0,0.0,0.0,0.2542258966970599,0.2542152950651403,-0.013227420276240085,-0.01323030152837172
8.0,22.0,0.0,0.0,0.0,0.0,0.0,0.0,0.0,0.0,0.0,0.0,0.0,0.0,0.25415424987419827,0.25414364894714114,-0.013246906605303527,-0.013249792723639756
8.0,22.5,0.0,0.0,0.0,0.0,0.0,0.0,0.0,0.0,0.0,0.0,0.0,0.0,0.25408288756409475,0.2540722873646648,-0.0132663495626448,-0.013269240530467068
8.0,23.0,0.0,0.0,0.0,0.0,0.0,0.0,0.0,0.0,0.0,0.0,0.0,0.0,0.25401180759124603,0.25400120814240573,-0.0132857494050787,-0.01328864520563942
8.0,23.5,0.0,0.0,0.0,0.0,0.0,0.0,0.0,0.0,0.0,0.0,0.0,0.0,0.25394100780470813,0.2539304091296093,-0.013305106386962513,-0.01330800700348662
8.0,24.0,0.0,0.0,0.0,0.0,0.0,0.0,0.0,0.0,0.0,0.0,0.0,0.0,0.2538704860777306,0.2538598881997058,-0.01332442076022837,-0.013327326175914898
9.0,0.5,0.0,0.0,0.0,0.0,0.0,0.0,0.0,0.0,0.0,0.0,0.0,0.0,0.2538002403073975,0.25378964324995207,-0.013343692774415066,-0.013346602972438636
9.0,1.0,0.0,0.0,0.0,0.0,0.0,0.0,0.0,0.0,0.0,0.0,0.0,0.0,0.2537302684142752,0.25371967220107877,-0.013362922676699265,-0.013365837640211669
9.0,1.5,0.0,0.0,0.0,0.0,0.0,0.0,0.0,0.0,0.0,0.0,0.0,0.0,0.2536605683420662,0.25364997299694486,-0.013382110711926309,-0.013385030424058038
9.0,2.0,0.0,0.0,0.0,0.0,0.0,0.0,0.0,0.0,0.0,0.0,0.0,0.0,0.2535911380572701,0.2535805436041983,-0.013401257122640307,-0.013404181566502096
9.0,2.5,0.0,0.0,0.0,0.0,0.0,0.0,0.0,0.0,0.0,0.0,0.0,0.0,0.2535219755488496,0.2535113820119424,-0.013420362149114101,-0.013423291307798353
9.0,3.0,0.0,0.0,0.0,0.0,0.0,0.0,0.0,0.0,0.0,0.0,0.0,0.0,0.25345307882790336,0.2534424862314088,-0.013439426029378317,-0.013442359885960695
9.0,3.5,0.0,0.0,0.0,0.0,0.0,0.0,0.0,0.0,0.0,0.0,0.0,0.0,0.2533844459273445,0.25337385429563625,-0.013458448999250259,-0.013461387536791068
9.0,4.0,0.0,0.0,0.0,0.0,0.0,0.0,0.0,0.0,0.0,0.0,0.0,0.0,0.2533160749015853,0.2533054842591548,-0.013477431292362044,-0.013480374493907854
9.0,4.5,0.0,0.0,0.0,0.0,0.0,0.0,0.0,0.0,0.0,0.0,0.0,0.0,0.25324796382622655,0.2532373741976762,-0.013496373140188684,-0.013499320988773638
9.0,5.0,0.0,0.0,0.0,0.0,0.0,0.0,0.0,0.0,0.0,0.0,0.0,0.0,0.2531801107977535,0.2531695222077895,-0.013515274772075338,-0.013518227250722626
9.0,5.5,0.0,0.0,0.0,0.0,0.0,0.0,0.0,0.0,0.0,0.0,0.0,0.0,0.25311251393323686,0.25310192640666185,-0.0135341364152642,-0.01353709350698758
9.0,6.0,0.0,0.0,0.0,0.0,0.0,0.0,0.0,0.0,0.0,0.0,0.0,0.0,0.25304517137003874,0.25303458493174524,-0.013552958294921199,-0.013555919982726324
9.0,6.5,0.0,0.0,0.0,0.0,0.0,0.0,0.0,0.0,0.0,0.0,0.0,0.0,0.2529780812655243,0.2529674959404881,-0.013571740634162003,-0.013574706901047742
9.0,7.0,0.0,0.0,0.0,0.0,0.0,0.0,0.0,0.0,0.0,0.0,0.0,0.0,0.25291124179677843,0.2529006576100518,-0.013590483654077605,-0.013593454483037564
9.0,7.5,0.0,0.0,0.0,0.0,0.0,0.0,0.0,0.0,0.0,0.0,0.0,0.0,0.252844651160327,0.2528340681370322,-0.013609187573759774,-0.0136121629477836
9.0,8.0,0.0,0.0,0.0,0.0,0.0,0.0,0.0,0.0,0.0,0.0,0.0,0.0,0.25277830757186326,0.2527677257371864,-0.013627852610325824,-0.013630832512400496
9.0,8.5,0.0,0.0,0.0,0.0,0.0,0.0,0.0,0.0,0.0,0.0,0.0,0.0,0.25271220926597937,0.2527016286451643,-0.013646478978943078,-0.013649463392054252
9.0,9.0,0.0,0.0,0.0,0.0,0.0,0.0,0.0,0.0,0.0,0.0,0.0,0.0,0.2526463544959018,0.2526357751142437,-0.013665066892853026,-0.013668055799986402
9.0,9.5,0.0,0.0,0.0,0.0,0.0,0.0,0.0,0.0,0.0,0.0,0.0,0.0,0.2525807415332319,0.25257016341607186,-0.013683616563395016,-0.013686609947537473
9.0,10.0,0.0,0.0,0.0,0.0,0.0,0.0,0.0,0.0,0.0,0.0,0.0,0.0,0.25251536866769103,0.2525047918404098,-0.013702128200029551,-0.013705126044170575
9.0,10.5,0.0,-0.0007044750753679349,0.0,0.04153334583797872,0.0,18.5,0.0,0.0,0.0,0.05072092675306565,0.0,0.0,0.2524502342068694,0.2524396586948822,-0.013720602010361365,-0.013723604297494155
9.0,11.0,0.0,-0.000886094696706244,0.0,0.041918051883505975,0.0,18.5,0.0,0.0,0.0,0.03703669135554286,0.0,0.0,0.2523853364759802,0.25236946959471057,-0.013739038200161941,-0.013743550163526366
9.0,11.5,0.0,-0.0010472317888871464,0.0,0.042089431297471856,0.0,18.5,0.0,0.0,0.0,0.029192559871336076,0.0,0.0,0.25232067381761686,0.25229946656836844,-0.013757436973391915,-0.013763477564538934
9.0,12.0,0.0,-0.0011956719410568506,0.0,0.04208200926963926,0.0,18.5,0.0,0.0,0.0,0.023179828535101758,0.0,0.0,0.25225624459151536,0.2522296751604169,-0.01377579853222288,-0.013783379004680745
9.0,12.5,0.0,-0.0013264141455628978,0.0,0.04189441183185895,0.0,18.5,0.0,0.0,0.0,0.019654544070714132,0.0,0.0,0.25219204717432,0.25216011653268666,-0.013794123077059078,-0.013803248190758056
9.0,13.0,0.0,-0.0014338042933946132,0.0,0.041488657656261134,0.0,18.5,0.0,0.0,0.0,0.017814084504602406,0.0,0.0,0.25212807995935355,0.2520908120387844,-0.013812410806558565,-0.013823078733065108
9.0,13.5,0.0,-0.0014656878037394524,0.0,0.040768883017100764,0.0,18.5,0.0,0.0,0.0,0.016663115113135632,0.0,0.0,0.2520643413563907,0.252021787888851,-0.013830661917654304,-0.013842862806901751
9.0,14.0,0.0,-0.0013678437859406482,0.0,0.03951343477482373,0.0,18.5,0.0,0.0,0.0,0.017884740997374724,0.0,0.0,0.2520008297914363,0.2519530825254601,-0.01384887660557458,-0.013862589021428047
9.0,14.5,0.0,-0.001262720720476131,0.0,0.037143761032846855,0.0,18.5,0.0,0.0,0.0,0.018253650462736686,0.0,0.0,0.2519375437065058,0.251884762653101,-0.013867055063863522,-0.01388223777630294
9.0,15.0,0.0,-0.0010494962816511315,0.0,0.03164447192560663,0.0,18.5,0.0,0.0,0.0,0.016171515396803463,0.0,0.0,0.2518744815594111,0.251816968718571,-0.013885197484400933,-0.013901768080833262
9.0,15.5,0.0,0.0,0.0,0.0,0.0,0.0,0.0,0.0,0.0,0.0,0.0,0.0,0.25181164182354865,0.2517500980110363,-0.013903304057422126,-0.013921064498929788
9.0,16.0,0.0,0.0,0.0,0.0,0.0,0.0,0.0,0.0,0.0,0.0,0.0,0.0,0.25174902298769186,0.25168748077298814,-0.013921374971537146,-0.013939162461889228
9.0,16.5,0.0,0.0,0.0,0.0,0.0,0.0,0.0,0.0,0.0,0.0,0.0,0.0,0.2516866235557862,0.2516250829653599,-0.01393941041375013,-0.013957224896673717
9.0,17.0,0.0,0.0,0.0,0.0,0.0,0.0,0.0,0.0,0.0,0.0,0.0,0.0,0.2516244420467485,0.25156290310735624,-0.013957410569477888,-0.01397525198881997
9.0,17.5,0.0,0.0,0.0,0.0,0.0,0.0,0.0,0.0,0.0,0.0,0.0,0.0,0.25156247699426887,0.2515009397329974,-0.013975375622568639,-0.013993243922281405
9.0,18.0,0.0,0.0,0.0,0.0,0.0,0.0,0.0,0.0,0.0,0.0,0.0,0.0,0.25150072694661635,0.2514391913909208,-0.01399330575532019,-0.014011200879447535
9.0,18.5,0.0,0.0,0.0,0.0,0.0,0.0,0.0,0.0,0.0,0.0,0.0,0.0,0.2514391904664474,0.2513776566441876,-0.014011201148497925,-0.014029123041162384
9.0,19.0,0.0,0.0,0.0,0.0,0.0,0.0,0.0,0.0,0.0,0.0,0.0,0.0,0.2513778661306177,0.2513163340700911,-0.01402906198135262,-0.014047010586743302
9.0,19.5,0.0,0.0,0.0,0.0,0.0,0.0,0.0,0.0,0.0,0.0,0.0,0.0,0.251316752529997,0.2512552222599699,-0.014046888431637802,-0.014064863693998708
9.0,20.0,0.0,0.0,0.0,0.0,0.0,0.0,0.0,0.0,0.0,0.0,0.0,0.0,0.2512558482692868,0.25119431981902257,-0.014064680675627092,-0.014082682539246319
9.0,20.5,0.0,0.0,0.0,0.0,0.0,0.0,0.0,0.0,0.0,0.0,0.0,0.0,0.251195151966841,0.25113362536612627,-0.014082438888131113,-0.014100467297330624
9.0,21.0,0.0,0.0,0.0,0.0,0.0,0.0,0.0,0.0,0.0,0.0,0.0,0.0,0.25113466225448966,0.25107313753365845,-0.01410016324251422,-0.0141182181416401
9.0,21.5,0.0,0.0,0.0,0.0,0.0,0.0,0.0,0.0,0.0,0.0,0.0,0.0,0.25107437777736563,0.25101285496732106,-0.014117853910710909,-0.014135935244124393
9.0,22.0,0.0,0.0,0.0,0.0,0.0,0.0,0.0,0.0,0.0,0.0,0.0,0.0,0.25101429719373325,0.25095277632596774,-0.014135511063242194,-0.01415361877531107
9.0,22.5,0.0,0.0,0.0,0.0,0.0,0.0,0.0,0.0,0.0,0.0,0.0,0.0,0.25095441917482053,0.2508929002814339,-0.014153134869231561,-0.014171268904322201
9.0,23.0,0.0,0.0,0.0,0.0,0.0,0.0,0.0,0.0,0.0,0.0,0.0,0.0,0.250894742404654,0.2508332255183696,-0.014170725496420653,-0.014188885798890546
9.0,23.5,0.0,0.0,0.0,0.0,0.0,0.0,0.0,0.0,0.0,0.0,0.0,0.0,0.2508352655798956,0.25077375073407515,-0.01418828311118491,-0.014206469625375667
9.0,24.0,0.0,0.0,0.0,0.0,0.0,0.0,0.0,0.0,0.0,0.0,0.0,0.0,0.25077598740968254,0.2507144746383393,-0.014205807878548896,-0.014224020548779618
10.0,0.5,0.0,0.0,0.0,0.0,0.0,0.0,0.0,0.0,0.0,0.0,0.0,0.0,0.2507169066154695,0.2506553959532796,-0.014223299962201386,-0.014241538732762689
10.0,1.0,0.0,0.0,0.0,0.0,0.0,0.0,0.0,0.0,0.0,0.0,0.0,0.0,0.2506580219308738,0.25059651341318656,-0.014240759524510265,-0.014259024339658486
10.0,1.5,0.0,0.0,0.0,0.0,0.0,0.0,0.0,0.0,0.0,0.0,0.0,0.0,0.250599332101522,0.25053782576436867,-0.014258186726537178,-0.014276477530489185
10.0,2.0,0.0,0.0,0.0,0.0,0.0,0.0,0.0,0.0,0.0,0.0,0.0,0.0,0.25054083588490017,0.2504793317650013,-0.014275581728052072,-0.014293898464980324
10.0,2.5,0.0,0.0,0.0,0.0,0.0,0.0,0.0,0.0,0.0,0.0,0.0,0.0,0.2504825320502051,0.2504210301849769,-0.01429294468754743,-0.014311287301575515
10.0,3.0,0.0,0.0,0.0,0.0,0.0,0.0,0.0,0.0,0.0,0.0,0.0,0.0,0.2504244193781991,0.25036291980575853,-0.014310275762252304,-0.014328644197450733
10.0,3.5,0.0,0.0,0.0,0.0,0.0,0.0,0.0,0.0,0.0,0.0,0.0,0.0,0.2503664966610662,0.25030499942023493,-0.014327575108146265,-0.014345969308528678
10.0,4.0,0.0,0.0,0.0,0.0,0.0,0.0,0.0,0.0,0.0,0.0,0.0,0.0,0.2503087627022707,0.25024726783257806,-0.01434484287997307,-0.014363262789492704
10.0,4.5,0.0,0.0,0.0,0.0,0.0,0.0,0.0,0.0,0.0,0.0,0.0,0.0,0.2502512163164184,0.2501897238581033,-0.014362079231254083,-0.014380524793800625
10.0,5.0,0.0,0.0,0.0,0.0,0.0,0.0,0.0,0.0,0.0,0.0,0.0,0.0,0.2501938563291191,0.25013236632313135,-0.014379284314301684,-0.014397755473698315
10.0,5.5,0.0,0.0,0.0,0.0,0.0,0.0,0.0,0.0,0.0,0.0,0.0,0.0,0.2501366815768522,0.25007519406485224,-0.014396458280232265,-0.01441495498023314
10.0,6.0,0.0,0.0,0.0,0.0,0.0,0.0,0.0,0.0,0.0,0.0,0.0,0.0,0.25007969090683335,0.250018205931192,-0.014413601278979282,-0.014432123463267072
10.0,6.5,0.0,0.0,0.0,0.0,0.0,0.0,0.0,0.0,0.0,0.0,0.0,0.0,0.25002288317688376,0.24996140078068063,-0.014430713459305973,-0.01444926107148984
10.0,7.0,0.0,0.0,0.0,0.0,0.0,0.0,0.0,0.0,0.0,0.0,0.0,0.0,0.24996625725530133,0.24990477748232268,-0.01444779496881793,-0.014466367952431667
10.0,7.5,0.0,0.0,0.0,0.0,0.0,0.0,0.0,0.0,0.0,0.0,0.0,0.0,0.24990981202073378,0.24984833491546962,-0.014464845953975548,-0.01448344425247592
10.0,8.0,0.0,0.0,0.0,0.0,0.0,0.0,0.0,0.0,0.0,0.0,0.0,0.0,0.24985354636205354,0.249792071969694,-0.01448186656010618,-0.014500490116871656
10.0,8.5,0.0,0.0,0.0,0.0,0.0,0.0,0.0,0.0,0.0,0.0,0.0,0.0,0.24979745917823443,0.24973598754466597,-0.014498856931416369,-0.014517505689745795
10.0,9.0,0.0,0.0,0.0,0.0,0.0,0.0,0.0,0.0,0.0,0.0,0.0,0.0,0.24974154937823068,0.24968008055003102,-0.014515817211003621,-0.014534491114115347
10.0,9.5,0.0,0.0,0.0,0.0,0.0,0.0,0.0,0.0,0.0,0.0,0.0,0.0,0.24968581588085717,0.24962434990529042,-0.014532747540868205,-0.014551446531899223
10.0,10.0,0.0,0.0,0.0,0.0,0.0,0.0,0.0,0.0,0.0,0.0,0.0,0.0,0.24963025761467159,0.24956879453968228,-0.014549648061924858,-0.014568372083930203
10.0,10.5,0.0,0.0,0.0,0.0,0.0,0.0,0.0,0.0,0.0,0.0,0.0,0.0,0.249574873517859,0.24951341339206579,-0.014566518914013945,-0.014585267909966382
10.0,11.0,0.0,0.0,0.0,0.0,0.0,0.0,0.0,0.0,0.0,0.0,0.0,0.0,0.2495196625381168,0.24945820541080607,-0.014583360235913107,-0.0146021341487027
10.0,11.5,0.0,-0.0022106332659167735,0.0,0.04809144292776032,0.0,18.5,0.0,0.0,0.0,0.027086965784714194,0.0,0.0,0.24946462363254274,0.24940316955366143,-0.014600172165348098,-0.014618970937782158
10.0,12.0,0.0,-0.002626464929836202,0.0,0.04808482525730543,0.0,18.5,0.0,0.0,0.0,0.0227253458953887,0.0,0.0,0.24940975576752367,0.2493421763610609,-0.014616954839003916,-0.014637657247903243
10.0,12.5,0.0,-0.0028326407711497872,0.0,0.047844429280050414,0.0,18.5,0.0,0.0,0.0,0.02057632017742024,0.0,0.0,0.2493550579186262,0.24928135407913557,-0.014633708392535694,-0.014656319542611915
10.0,13.0,0.0,-0.0030398406809558393,0.0,0.0473228040904819,0.0,18.5,0.0,0.0,0.0,0.019156557190673128,0.0,0.0,0.2493005290704894,0.24922073148418258,-0.014650432960579166,-0.014674948783383697
10.0,13.5,0.0,-0.002985291968471497,0.0,0.04640045350797492,0.0,18.5,0.0,0.0,0.0,0.019915950074554052,0.0,0.0,0.24924616821671794,0.2491603434082624,-0.01466712867676155,-0.014693534013013713
10.0,14.0,0.0,0.0,0.0,0.0,0.0,0.0,0.0,0.0,0.0,0.0,0.0,0.0,0.24919197435977813,0.24910023992002814,-0.01468379567371169,-0.0147120595099432
10.0,14.5,0.0,0.0,0.0,0.0,0.0,0.0,0.0,0.0,0.0,0.0,0.0,0.0,0.24913794651089458,0.24904621543275135,-0.014700434083070452,-0.014728735050376909
10.0,15.0,0.0,0.0,0.0,0.0,0.0,0.0,0.0,0.0,0.0,0.0,0.0,0.0,0.24908408368994853,0.2489923560278409,-0.01471704403550089,-0.014745382057231844
10.0,15.5,0.0,0.0,0.0,0.0,0.0,0.0,0.0,0.0,0.0,0.0,0.0,0.0,0.24903038492537774,0.2489386607343877,-0.014733625660698229,-0.014762000660187126
10.0,16.0,0.0,0.0,0.0,0.0,0.0,0.0,0.0,0.0,0.0,0.0,0.0,0.0,0.24897684925407784,0.24888512858994932,-0.014750179087399744,-0.014778590987958496
10.0,16.5,0.0,0.0,0.0,0.0,0.0,0.0,0.0,0.0,0.0,0.0,0.0,0.0,0.24892347572130516,0.24883175864045118,-0.014766704443394493,-0.014795153168308546
10.0,17.0,0.0,0.0,0.0,0.0,0.0,0.0,0.0,0.0,0.0,0.0,0.0,0.0,0.24887026338058044,0.24877854994008972,-0.014783201855533015,-0.014811687328056674
10.0,17.5,0.0,0.0,0.0,0.0,0.0,0.0,0.0,0.0,0.0,0.0,0.0,0.0,0.2488172112935946,0.24872550155123668,-0.014799671449736809,-0.01482819359308893
10.0,18.0,0.0,0.0,0.0,0.0,0.0,0.0,0.0,0.0,0.0,0.0,0.0,0.0,0.24876431853011566,0.24867261254434497,-0.014816113351007656,-0.01484467208836767
10.0,18.5,0.0,0.0,0.0,0.0,0.0,0.0,0.0,0.0,0.0,0.0,0.0,0.0,0.24871158416789657,0.248619881997856,-0.014832527683436913,-0.014861122937941174
10.0,19.0,0.0,0.0,0.0,0.0,0.0,0.0,0.0,0.0,0.0,0.0,0.0,0.0,0.24865900729258467,0.24856730899810783,-0.01484891457021475,-0.014877546264953098
10.0,19.5,0.0,0.0,0.0,0.0,0.0,0.0,0.0,0.0,0.0,0.0,0.0,0.0,0.2486065869976327,0.24851489263924537,-0.014865274133639006,-0.014893942191651723
10.0,20.0,0.0,0.0,0.0,0.0,0.0,0.0,0.0,0.0,0.0,0.0,0.0,0.0,0.24855432238421019,0.2484626320231313,-0.01488160649512429,-0.014910310839399227
10.0,20.5,0.0,0.0,0.0,0.0,0.0,0.0,0.0,0.0,0.0,0.0,0.0,0.0,0.24850221256111737,0.24841052625925855,-0.014897911775210538,-0.01492665232868065
10.0,21.0,0.0,0.0,0.0,0.0,0.0,0.0,0.0,0.0,0.0,0.0,0.0,0.0,0.24845025664469886,0.24835857446466386,-0.014914190093572,-0.014942966779112934
10.0,21.5,0.0,0.0,0.0,0.0,0.0,0.0,0.0,0.0,0.0,0.0,0.0,0.0,0.24839845375875977,0.248306775763843,-0.01493044156902555,-0.014959254309453583
10.0,22.0,0.0,0.0,0.0,0.0,0.0,0.0,0.0,0.0,0.0,0.0,0.0,0.0,0.24834680303448214,0.24825512928866644,-0.014946666319539309,-0.014975515037609556
10.0,22.5,0.0,0.0,0.0,0.0,0.0,0.0,0.0,0.0,0.0,0.0,0.0,0.0,0.2482953036103431,0.24820363417829697,-0.014962864462240938,-0.014991749080645688
10.0,23.0,0.0,0.0,0.0,0.0,0.0,0.0,0.0,0.0,0.0,0.0,0.0,0.0,0.2482439546320337,0.24815228957910793,-0.014979036113425952,-0.015007956554793244
10.0,23.5,0.0,0.0,0.0,0.0,0.0,0.0,0.0,0.0,0.0,0.0,0.0,0.0,0.24819275525237927,0.24810109464460314,-0.014995181388565808,-0.015024137575458202
10.0,24.0,0.0,0.0,0.0,0.0,0.0,0.0,0.0,0.0,0.0,0.0,0.0,0.0,0.24814170463126053,0.24805004853533713,-0.015011300402316,-0.015040292257229646
11.0,0.5,0.0,0.0,0.0,0.0,0.0,0.0,0.0,0.0,0.0,0.0,0.0,0.0,0.24809080193553598,0.2479991504188376,-0.015027393268524054,-0.015056420713887662
11.0,1.0,0.0,0.0,0.0,0.0,0.0,0.0,0.0,0.0,0.0,0.0,0.0,0.0,0.2480400463389654,0.2479483994695277,-0.015043460100237256,-0.01507252305841164
11.0,1.5,0.0,0.0,0.0,0.0,0.0,0.0,0.0,0.0,0.0,0.0,0.0,0.0,0.24798943702213416,0.24789779486865082,-0.015059501009710523,-0.015088599402987932
11.0,2.0,0.0,0.0,0.0,0.0,0.0,0.0,0.0,0.0,0.0,0.0,0.0,0.0,0.2479389731723786,0.24784733580419474,-0.015075516108414053,-0.01510464985901791
11.0,2.5,0.0,0.0,0.0,0.0,0.0,0.0,0.0,0.0,0.0,0.0,0.0,0.0,0.24788865398371285,0.24779702147081847,-0.015091505507040828,-0.015120674537125522
11.0,3.0,0.0,0.0,0.0,0.0,0.0,0.0,0.0,0.0,0.0,0.0,0.0,0.0,0.2478384786567561,0.24774685106977917,-0.015107469315514122,-0.015136673547164949
11.0,3.5,0.0,0.0,0.0,0.0,0.0,0.0,0.0,0.0,0.0,0.0,0.0,0.0,0.2477884463986609,0.24769682380885985,-0.015123407642994921,-0.015152646998228214
11.0,4.0,0.0,0.0,0.0,0.0,0.0,0.0,0.0,0.0,0.0,0.0,0.0,0.0,0.24773855642304282,0.24764693890229927,-0.01513932059788919,-0.015168594998652425
11.0,4.5,0.0,0.0,0.0,0.0,0.0,0.0,0.0,0.0,0.0,0.0,0.0,0.0,0.24768880794991086,0.24759719557072113,-0.015155208287855026,-0.015184517656027326
11.0,5.0,0.0,0.0,0.0,0.0,0.0,0.0,0.0,0.0,0.0,0.0,0.0,0.0,0.24763920020559835,0.24754759304106572,-0.015171070819809897,-0.015200415077202375
11.0,5.5,0.0,0.0,0.0,0.0,0.0,0.0,0.0,0.0,0.0,0.0,0.0,0.0,0.2475897324226957,0.24749813054652173,-0.015186908299937492,-0.015216287368293885
11.0,6.0,0.0,0.0,0.0,0.0,0.0,0.0,0.0,0.0,0.0,0.0,0.0,0.0,0.24754040383998308,0.24744880732645885,-0.015202720833694842,-0.015232134634692236
11.0,6.5,0.0,0.0,0.0,0.0,0.0,0.0,0.0,0.0,0.0,0.0,0.0,0.0,0.24749121370236463,0.247399622626362,-0.015218508525819113,-0.015247956981068615
11.0,7.0,0.0,0.0,0.0,0.0,0.0,0.0,0.0,0.0,0.0,0.0,0.0,0.0,0.2474421612608033,0.2473505756977656,-0.015234271480334356,-0.015263754511382083
11.0,7.5,0.0,0.0,0.0,0.0,0.0,0.0,0.0,0.0,0.0,0.0,0.0,0.0,0.24739324577225655,0.24730166579818946,-0.015250009800558248,-0.015279527328886232
11.0,8.0,0.0,0.0,0.0,0.0,0.0,0.0,0.0,0.0,0.0,0.0,0.0,0.0,0.24734446649961303,0.24725289219107488,-0.015265723589108665,-0.015295275536136018
11.0,8.5,0.0,0.0,0.0,0.0,0.0,0.0,0.0,0.0,0.0,0.0,0.0,0.0,0.24729582271162986,0.24720425414572217,-0.015281412947910302,-0.01531099923499424
11.0,9.0,0.0,0.0,0.0,0.0,0.0,0.0,0.0,0.0,0.0,0.0,0.0,0.0,0.24724731368287098,0.24715575093722852,-0.015297077978201049,-0.01532669852663821
11.0,9.5,0.0,-0.0014340591669721508,0.0,0.05044733200013419,0.0,18.5,0.0,0.0,0.0,0.09552373776134196,0.0,0.0,0.24719893869364604,0.2471073818464271,-0.015312718780538416,-0.015342373511566119
11.0,10.0,0.0,-0.0016298795066661174,0.0,0.052408627716863984,0.0,18.5,0.0,0.0,0.0,0.08721121036453468,0.0,0.0,0.24715069702995046,0.24705271751570526,-0.015328335454805844,-0.01536011159399089
11.0,10.5,0.0,-0.0024223827681426327,0.0,0.05355186986681302,0.0,18.5,0.0,0.0,0.0,0.05117651228651998,0.0,0.0,0.2471025879834058,0.24699793594792982,-0.015343928100218963,-0.015377912237446905
11.0,11.0,0.0,-0.0036258999120038745,0.0,0.05419859591163252,0.0,18.5,0.0,0.0,0.0,0.03239015948087956,0.0,0.0,0.24705461085120148,0.24694314068762915,-0.015359496815331653,-0.015395741923600183
11.0,11.5,0.0,-0.003257428819900479,0.0,0.05449150351594897,0.0,18.5,0.0,0.0,0.0,0.04049304173728575,0.0,0.0,0.24700676493603652,0.24688839431041937,-0.015375041698042255,-0.015413580306829296
11.0,12.0,0.0,-0.003345257909345014,0.0,0.05448682298836375,0.0,18.5,0.0,0.0,0.0,0.04406254173050652,0.0,0.0,0.2469590495460628,0.24683374121300328,-0.015390562845599537,-0.01543141286459487
11.0,12.5,0.0,-0.004231086254893443,0.0,0.05418375665607628,0.0,18.5,0.0,0.0,0.0,0.03094462439459696,0.0,0.0,0.2469114639948284,0.24677921863189314,-0.015406060354608616,-0.015449227335523667
11,13.0,0.01404418891688864,0.014824956435959026,0.0007949013883267024,0.045980070292549746,15.413535106431109,18.425772963890058,True,True,0.0003619259761378883,0.021572003914246487,0.0,0.0,0.24686400760122215,0.24672486391059234,-0.015421534321036918,-0.01546701135622764
11,13.5,0.018118738363943315,0.01909673686325433,0.0010630089259150424,0.03814954294133039,15.321934822338058,18.388733169907816,True,True,0.00045347145662820584,0.016665838661220404,0.0,0.0,0.24681657839291918,0.24667168317178878,-0.015437017928926407,-0.015484434879880361
11,14.0,0.013184726126479827,0.01393986930039102,0.0007769933972273899,0.02835241080559341,15.303683799745178,18.38884050792301,True,True,0.0003280995394815447,0.012189557937569134,0.0,0.0,0.24676924283013435,0.24661962819268338,-0.015452489436799915,-0.015501512225561136
11,14.5,0.016151778571302604,0.01703574385662783,0.0009596757528977245,0.035218215655736254,15.27851434439024,18.388817548545564,True,True,0.0003987941243140171,0.014861934863772693,0.0,0.0,0.24672207086089837,0.2465689489182842,-0.01546792585741197,-0.01551815981539031
11.0,15.0,0.0,0.0,0.0,0.0,0.0,0.0,0.0,0.0,0.0,0.0,0.0,0.0,0.24667500209744286,0.24651752128430204,-0.015483346821414418,-0.015535075013578986
11.0,15.5,0.0,0.0,0.0,0.0,0.0,0.0,0.0,0.0,0.0,0.0,0.0,0.0,0.24662818145842766,0.24647070752006048,-0.015498704670012941,-0.015550491755277564
11.0,16.0,0.0,0.0,0.0,0.0,0.0,0.0,0.0,0.0,0.0,0.0,0.0,0.0,0.24658148599950067,0.24642401902050715,-0.015514039538530927,-0.015565885403734636
11.0,16.5,0.0,0.0,0.0,0.0,0.0,0.0,0.0,0.0,0.0,0.0,0.0,0.0,0.24653491507543637,0.24637745514095108,-0.015529351518631265,-0.015581256050652262
11.0,17.0,0.0,0.0,0.0,0.0,0.0,0.0,0.0,0.0,0.0,0.0,0.0,0.0,0.24648846804592978,0.24633101524163137,-0.015544640701383654,-0.01559660378713367
11.0,17.5,0.0,0.0,0.0,0.0,0.0,0.0,0.0,0.0,0.0,0.0,0.0,0.0,0.24644214427554664,0.24628469868766695,-0.015559907177269957,-0.015611928703688667
11.0,18.0,0.0,0.0,0.0,0.0,0.0,0.0,0.0,0.0,0.0,0.0,0.0,0.0,0.24639594313367463,0.24623850484900628,-0.015575151036189382,-0.015627230890239364
11.0,18.5,0.0,0.0,0.0,0.0,0.0,0.0,0.0,0.0,0.0,0.0,0.0,0.0,0.24634986399447475,0.24619243310037833,-0.015590372367463726,-0.01564251043612558
11.0,19.0,0.0,0.0,0.0,0.0,0.0,0.0,0.0,0.0,0.0,0.0,0.0,0.0,0.24630390623683382,0.24614648282124368,-0.015605571259842417,-0.015657767430110305
11.0,19.5,0.0,0.0,0.0,0.0,0.0,0.0,0.0,0.0,0.0,0.0,0.0,0.0,0.2462580692443171,0.24610065339574685,-0.015620747801507661,-0.01567300196038496
11.0,20.0,0.0,0.0,0.0,0.0,0.0,0.0,0.0,0.0,0.0,0.0,0.0,0.0,0.24621235240512165,0.24605494421266844,-0.015635902080079384,-0.015688214114574814
11.0,20.5,0.0,0.0,0.0,0.0,0.0,0.0,0.0,0.0,0.0,0.0,0.0,0.0,0.24616675511203062,0.24600935466537888,-0.01565103418262018,-0.015703403979744027
11.0,21.0,0.0,0.0,0.0,0.0,0.0,0.0,0.0,0.0,0.0,0.0,0.0,0.0,0.24612127676236734,0.2459638841517917,-0.015666144195640292,-0.015718571642400925
11.0,21.5,0.0,0.0,0.0,0.0,0.0,0.0,0.0,0.0,0.0,0.0,0.0,0.0,0.24607591675795074,0.24591853207431832,-0.015681232205102372,-0.015733717188503093
11.0,22.0,0.0,0.0,0.0,0.0,0.0,0.0,0.0,0.0,0.0,0.0,0.0,0.0,0.24603067450505087,0.24587329783982298,-0.015696298296426256,-0.01574884070346224
11.0,22.5,0.0,0.0,0.0,0.0,0.0,0.0,0.0,0.0,0.0,0.0,0.0,0.0,0.2459855494143453,0.24582818085957805,-0.015711342554493725,-0.01576394227214939
11.0,23.0,0.0,0.0,0.0,0.0,0.0,0.0,0.0,0.0,0.0,0.0,0.0,0.0,0.24594054090087544,0.24578318054922063,-0.01572636506365326,-0.015779021978899504
11.0,23.5,0.0,0.0,0.0,0.0,0.0,0.0,0.0,0.0,0.0,0.0,0.0,0.0,0.24589564838400435,0.2457382963287087,-0.015741365907724483,-0.01579407990751662
11.0,24.0,0.0,0.0,0.0,0.0,0.0,0.0,0.0,0.0,0.0,0.0,0.0,0.0,0.24585087128737398,0.24569352762227872,-0.015756345170002913,-0.01580911614127836
12.0,0.5,0.0,0.0,0.0,0.0,0.0,0.0,0.0,0.0,0.0,0.0,0.0,0.0,0.24580620903886385,0.2456488738584033,-0.01577130293326444,-0.015824130762940845
12.0,1.0,0.0,0.0,0.0,0.0,0.0,0.0,0.0,0.0,0.0,0.0,0.0,0.0,0.24576166107054973,0.24560433446974939,-0.01578623927976973,-0.015839123854743255
12.0,1.5,0.0,0.0,0.0,0.0,0.0,0.0,0.0,0.0,0.0,0.0,0.0,0.0,0.2457172268186628,0.24555990889313722,-0.01580115429126876,-0.015854095498412477
12.0,2.0,0.0,0.0,0.0,0.0,0.0,0.0,0.0,0.0,0.0,0.0,0.0,0.0,0.24567290572354972,0.24551559656949976,-0.01581604804900511,-0.015869045775167588
12.0,2.5,0.0,0.0,0.0,0.0,0.0,0.0,0.0,0.0,0.0,0.0,0.0,0.0,0.24562869722963251,0.24547139694384215,-0.015830920633720373,-0.0158839747657245
12.0,3.0,0.0,0.0,0.0,0.0,0.0,0.0,0.0,0.0,0.0,0.0,0.0,0.0,0.24558460078536987,0.24542730946520247,-0.015845772125658342,-0.01589888255030024
12.0,3.5,0.0,0.0,0.0,0.0,0.0,0.0,0.0,0.0,0.0,0.0,0.0,0.0,0.2455406158432178,0.24538333358661238,-0.015860602604569313,-0.015913769208617423
12.0,4.0,0.0,0.0,0.0,0.0,0.0,0.0,0.0,0.0,0.0,0.0,0.0,0.0,0.24549674185959156,0.24533946876505827,-0.01587541214971431,-0.015928634819908652
12.0,4.5,0.0,0.0,0.0,0.0,0.0,0.0,0.0,0.0,0.0,0.0,0.0,0.0,0.2454529782948278,0.24529571446144344,-0.015890200839869157,-0.015943479462920625
12.0,5.0,0.0,0.0,0.0,0.0,0.0,0.0,0.0,0.0,0.0,0.0,0.0,0.0,0.24540932461314716,0.24525207014055003,-0.0159049687533286,-0.015958303215918547
12.0,5.5,0.0,0.0,0.0,0.0,0.0,0.0,0.0,0.0,0.0,0.0,0.0,0.0,0.2453657802826172,0.24520853527100184,-0.01591971596791039,-0.015973106156690245
12.0,6.0,0.0,0.0,0.0,0.0,0.0,0.0,0.0,0.0,0.0,0.0,0.0,0.0,0.2453223447751161,0.2451651093252274,-0.01593444256095925,-0.015987888362550343
12.0,6.5,0.0,0.0,0.0,0.0,0.0,0.0,0.0,0.0,0.0,0.0,0.0,0.0,0.24527901756629622,0.24512179177942386,-0.015949148609350906,-0.016002649910344245
12.0,7.0,0.0,0.0,0.0,0.0,0.0,0.0,0.0,0.0,0.0,0.0,0.0,0.0,0.24523579813554863,0.24507858211352082,-0.015963834189495974,-0.01601739087645234
12.0,7.5,0.0,0.0,0.0,0.0,0.0,0.0,0.0,0.0,0.0,0.0,0.0,0.0,0.24519268596596788,0.2450354798111448,-0.015978499377343865,-0.016032111336793886
12.0,8.0,0.0,0.0,0.0,0.0,0.0,0.0,0.0,0.0,0.0,0.0,0.0,0.0,0.24514968054431702,0.2449924843595843,-0.01599314424838659,-0.016046811366830956
12.0,8.5,0.0,0.0,0.0,0.0,0.0,0.0,0.0,0.0,0.0,0.0,0.0,0.0,0.24510678136099331,0.2449495952497551,-0.01600776887766264,-0.016061491041572416
12.0,9.0,0.0,0.0,0.0,0.0,0.0,0.0,0.0,0.0,0.0,0.0,0.0,0.0,0.245063987909994,0.2449068119761659,-0.016022373339760664,-0.016076150435577773
12.0,9.5,0.0,0.0,0.0,0.0,0.0,0.0,0.0,0.0,0.0,0.0,0.0,0.0,0.24502129968888303,0.24486413403688473,-0.01603695770882324,-0.016090789622960917
12.0,10.0,0.0,0.0,0.0,0.0,0.0,0.0,0.0,0.0,0.0,0.0,0.0,0.0,0.24497871619875725,0.24482156093350527,-0.016051522058550604,-0.01610540867739393
12.0,10.5,0.0,0.0,0.0,0.0,0.0,0.0,0.0,0.0,0.0,0.0,0.0,0.0,0.2449362369442141,0.2447790921711139,-0.01606606646220416,-0.01612000767211092
12.0,11.0,0.0,0.0,0.0,0.0,0.0,0.0,0.0,0.0,0.0,0.0,0.0,0.0,0.24489386143331873,0.2447367272582572,-0.016080590992610246,-0.016134586679911495
12.0,11.5,0.0,0.0,0.0,0.0,0.0,0.0,0.0,0.0,0.0,0.0,0.0,0.0,0.24485158917757216,0.24469446570690942,-0.0160950957221636,-0.016149145773164675
12.0,12.0,0.0,0.0,0.0,0.0,0.0,0.0,0.0,0.0,0.0,0.0,0.0,0.0,0.24480941969187933,0.24465230703244095,-0.01610958072283094,-0.016163685023812206
12,12.5,0.037980544354085446,0.039301078170814574,0.0014893757391435858,0.03892888011583609,16.136318622228508,18.388722920968412,True,True,0.001278079884191546,0.03401232893489365,0.0,0.0,0.24476735249451798,0.24461025075358642,-0.016124046066154394,-0.016178204503372408
12,13.0,0.06812751349741107,0.07058561387567872,0.0029380813704508444,0.04602104569155106,15.95690793841337,18.314448800371007,True,True,0.0021308182752846467,0.03398312774773316,0.0,0.0,0.24472519731180564,0.24456333557671975,-0.016138557191564578,-0.016194419805979007
12,13.5,0.08219010721276512,0.08521003748908497,0.0037182237605622643,0.04195597736357672,15.869704501017424,18.240536291116964,True,True,0.002485426968889911,0.02857681043799492,0.0,0.0,0.24468295885137786,0.24451561806847935,-0.016153112592670705,-0.01621093228646445
12,14.0,0.10060261072382748,0.10424551117556362,0.004770085395211651,0.03160870957286307,15.771031333101325,18.05544471507278,True,True,0.0029322212998429396,0.019739581467248427,0.0,0.0,0.2446407218383227,0.2444685195549214,-0.016167683138003295,-0.01622725024157224
12,14.5,0.09798072785825217,0.10171245612629792,0.004729419985502504,0.03867420881127536,15.72917164441717,18.129490381930673,True,True,0.002812658922625179,0.02330765897731839,0.0,0.0,0.24459845117816106,0.24442284012611892,-0.016182280971579126,-0.01624309523287651
12,15.0,0.06520900185495103,0.0676117280519277,0.0029826611301007593,0.02962451538995767,15.834980931952849,18.203683824992222,True,True,0.0019462255022984231,0.01955347983970255,0.0,0.0,0.24455628562934215,0.2443763603597385,-0.016196858154038814,-0.016259236765330348
12.0,15.5,0.0,0.0,0.0,0.0,0.0,0.0,0.0,0.0,0.0,0.0,0.0,0.0,0.2445144421419837,0.24433113339798468,-0.016211339465011253,-0.016274961572153804
12.0,16.0,0.0,0.0,0.0,0.0,0.0,0.0,0.0,0.0,0.0,0.0,0.0,0.0,0.2444730777515955,0.2442897806892133,-0.0162256701338954,-0.01628935521363364
12.0,16.5,0.0,0.0,0.0,0.0,0.0,0.0,0.0,0.0,0.0,0.0,0.0,0.0,0.24443181191352933,0.2442485266434383,-0.01623998170178002,-0.01630372962896339
12.0,17.0,0.0,0.0,0.0,0.0,0.0,0.0,0.0,0.0,0.0,0.0,0.0,0.0,0.24439064417506473,0.24420737080834143,-0.016254274236540876,-0.0163180848860361
12.0,17.5,0.0,0.0,0.0,0.0,0.0,0.0,0.0,0.0,0.0,0.0,0.0,0.0,0.24434957408655955,0.24416631273467967,-0.016268547805661972,-0.016332421052352303
12.0,18.0,0.0,0.0,0.0,0.0,0.0,0.0,0.0,0.0,0.0,0.0,0.0,0.0,0.2443086012014226,0.24412535197625723,-0.016282802476238686,-0.016346738195023382
12.0,18.5,0.0,0.0,0.0,0.0,0.0,0.0,0.0,0.0,0.0,0.0,0.0,0.0,0.24426772507608602,0.24408448808989783,-0.01629703831498083,-0.01636103638077466
12.0,19.0,0.0,0.0,0.0,0.0,0.0,0.0,0.0,0.0,0.0,0.0,0.0,0.0,0.2442269452699782,0.24404372063541752,-0.016311255388215793,-0.016375315675948604
12.0,19.5,0.0,0.0,0.0,0.0,0.0,0.0,0.0,0.0,0.0,0.0,0.0,0.0,0.24418626134549717,0.24400304917559734,-0.016325453761891495,-0.01638957614650808
12.0,20.0,0.0,0.0,0.0,0.0,0.0,0.0,0.0,0.0,0.0,0.0,0.0,0.0,0.24414567286798397,0.243962473276157,-0.016339633501579427,-0.016403817858039266
12.0,20.5,0.0,0.0,0.0,0.0,0.0,0.0,0.0,0.0,0.0,0.0,0.0,0.0,0.2441051794056964,0.2439219925057282,-0.016353794672477658,-0.016418040875754818
12.0,21.0,0.0,0.0,0.0,0.0,0.0,0.0,0.0,0.0,0.0,0.0,0.0,0.0,0.24406478052978328,0.24388160643582865,-0.016367937339413684,-0.016432245264496888
12.0,21.5,0.0,0.0,0.0,0.0,0.0,0.0,0.0,0.0,0.0,0.0,0.0,0.0,0.24402447581425873,0.24384131464083614,-0.016382061566847406,-0.01644643108874017
12.0,22.0,0.0,0.0,0.0,0.0,0.0,0.0,0.0,0.0,0.0,0.0,0.0,0.0,0.24398426483597677,0.24380111669796323,-0.01639616741887404,-0.016460598412594743
12.0,22.5,0.0,0.0,0.0,0.0,0.0,0.0,0.0,0.0,0.0,0.0,0.0,0.0,0.24394414717460638,0.24376101218723178,-0.016410254959226912,-0.016474747299809165
12.0,23.0,0.0,0.0,0.0,0.0,0.0,0.0,0.0,0.0,0.0,0.0,0.0,0.0,0.24390412241260673,0.24372100069144823,-0.016424324251280285,-0.016488877813773214
12.0,23.5,0.0,0.0,0.0,0.0,0.0,0.0,0.0,0.0,0.0,0.0,0.0,0.0,0.2438641901352024,0.24368108179617873,-0.01643837535805226,-0.016502990017520907
12.0,24.0,0.0,0.0,0.0,0.0,0.0,0.0,0.0,0.0,0.0,0.0,0.0,0.0,0.24382434993035965,0.24364125508972498,-0.01645240834220735,-0.016517083973733214
13.0,0.5,0.0,0.0,0.0,0.0,0.0,0.0,0.0,0.0,0.0,0.0,0.0,0.0,0.24378460138876185,0.24360152016309994,-0.016466423266059436,-0.016531159744740977
13.0,1.0,0.0,0.0,0.0,0.0,0.0,0.0,0.0,0.0,0.0,0.0,0.0,0.0,0.24374494410378614,0.24356187661000406,-0.016480420191574332,-0.016545217392527598
13.0,1.5,0.0,0.0,0.0,0.0,0.0,0.0,0.0,0.0,0.0,0.0,0.0,0.0,0.24370537767147996,0.24352232402680174,-0.01649439918037255,-0.01655925697873184
13.0,2.0,0.0,0.0,0.0,0.0,0.0,0.0,0.0,0.0,0.0,0.0,0.0,0.0,0.2436659016905375,0.24348286201249794,-0.016508360293731955,-0.01657327856465053
13.0,2.5,0.0,0.0,0.0,0.0,0.0,0.0,0.0,0.0,0.0,0.0,0.0,0.0,0.2436265157622773,0.24344349016871514,-0.01652230359259034,-0.016587282211241297
13.0,3.0,0.0,0.0,0.0,0.0,0.0,0.0,0.0,0.0,0.0,0.0,0.0,0.0,0.243587219490619,0.24340420809967062,-0.01653622913754811,-0.016601267979125155
13.0,3.5,0.0,0.0,0.0,0.0,0.0,0.0,0.0,0.0,0.0,0.0,0.0,0.0,0.24621403383278823,0.24603103887582203,-0.01563534440801225,-0.015696176888695113
13.0,4.0,0.0,0.0,0.0,0.0,0.0,0.0,0.0,0.0,0.0,0.0,0.0,0.0,0.24616867823612743,0.24598569984563884,-0.01565039561452122,-0.0157112923736577
13.0,4.5,0.0,0.0,0.0,0.0,0.0,0.0,0.0,0.0,0.0,0.0,0.0,0.0,0.25411562069002896,0.2539326673159455,-0.013257427068578805,-0.013307388926044626
13.0,5.0,0.0,0.0,0.0,0.0,0.0,0.0,0.0,0.0,0.0,0.0,0.0,0.0,0.25936787487065194,0.25918495422675053,-0.011913964551414453,-0.011957944347845358
13.0,5.5,0.0,0.0,0.0,0.0,0.0,0.0,0.0,0.0,0.0,0.0,0.0,0.0,0.26459162087111715,0.26440874274025533,-0.010735642619520732,-0.01077447956386542
13.0,6.0,0.0,0.0,0.0,0.0,0.0,0.0,0.0,0.0,0.0,0.0,0.0,0.0,0.26712704759109224,0.2669442177909198,-0.010214019861448568,-0.010250608648979876
13.0,6.5,0.0,0.0,0.0,0.0,0.0,0.0,0.0,0.0,0.0,0.0,0.0,0.0,0.26964484670047323,0.26946207172017034,-0.00972563511707109,-0.00976013803872147
13.0,7.0,0.0,0.0,0.0,0.0,0.0,0.0,0.0,0.0,0.0,0.0,0.0,0.0,0.27214334529898376,0.27196063236125784,-0.00926825278536872,-0.009300819504139662
13.0,7.5,0.0,0.0,0.0,0.0,0.0,0.0,0.0,0.0,0.0,0.0,0.0,0.0,0.2719728484260557,0.27179019742087035,-0.009298637866417325,-0.009331320772411346
13.0,8.0,0.0,0.0,0.0,0.0,0.0,0.0,0.0,0.0,0.0,0.0,0.0,0.0,0.27445389584170155,0.2742713149472557,-0.008867918750546003,-0.008898793531902557
13.0,8.5,0.0,0.0,0.0,0.0,0.0,0.0,0.0,0.0,0.0,0.0,0.0,0.0,0.2742666543143688,0.27408414349888577,-0.008899583328803319,-0.008930577626094598
13.0,9.0,0.0,0.0,0.0,0.0,0.0,0.0,0.0,0.0,0.0,0.0,0.0,0.0,0.27408321119205825,0.27390077060212453,-0.008930736281884587,-0.008961847934344938
13.0,9.5,0.0,0.0,0.0,0.0,0.0,0.0,0.0,0.0,0.0,0.0,0.0,0.0,0.2739033647207555,0.27372099466520056,-0.008961404654303392,-0.008992631583176884
13.0,10.0,0.0,0.0,0.0,0.0,0.0,0.0,0.0,0.0,0.0,0.0,0.0,0.0,0.27372692849488095,0.27354462943065266,-0.008991613504591892,-0.009022953707095466
13.0,10.5,0.0,0.0,0.0,0.0,0.0,0.0,0.0,0.0,0.0,0.0,0.0,0.0,0.27355372994148835,0.2733715024612313,-0.00902138609653382,-0.009052837640357797
13.0,11.0,0.0,0.0,0.0,0.0,0.0,0.0,0.0,0.0,0.0,0.0,0.0,0.0,0.2733836089870031,0.27320145380809663,-0.009050744067834123,-0.00908230508612175
13.0,11.5,0.0,0.0,0.0,0.0,0.0,0.0,0.0,0.0,0.0,0.0,0.0,0.0,0.2732164168807527,0.27303433483560324,-0.009079707579354043,-0.009111376266109304
13.0,12.0,0.0,0.0,0.0,0.0,0.0,0.0,0.0,0.0,0.0,0.0,0.0,0.0,0.2730520151536809,0.272870007181097,-0.009108295447544447,-0.009140070053423736
13.0,12.5,0.0,0.0,0.0,0.0,0.0,0.0,0.0,0.0,0.0,0.0,0.0,0.0,0.2728902746940323,0.2727083418315371,-0.00913652526230263,-0.009168404090751092
13.0,13.0,0.0,0.0,0.0,0.0,0.0,0.0,0.0,0.0,0.0,0.0,0.0,0.0,0.27273107492459653,0.272549218301554,-0.009164413492140462,-0.009196394895838782
13.0,13.5,0.0,0.0,0.0,0.0,0.0,0.0,0.0,0.0,0.0,0.0,0.0,0.0,0.27257430306841435,0.272392523899866,-0.00919197557827226,-0.009224057955863334
13.0,14.0,0.0,0.0,0.0,0.0,0.0,0.0,0.0,0.0,0.0,0.0,0.0,0.0,0.2724198534917835,0.27223815307290355,-0.009219226018996728,-0.009251407812065748
13.0,14.5,0.0,0.0,0.0,0.0,0.0,0.0,0.0,0.0,0.0,0.0,0.0,0.0,0.27226762711500374,0.2720860068160977,-0.009246178445553017,-0.009278458135836888
13.0,15.0,0.0,0.0,0.0,0.0,0.0,0.0,0.0,0.0,0.0,0.0,0.0,0.0,0.27211753088265805,0.27193599214463793,-0.009272845690465584,-0.009305221797270703
13.0,15.5,0.0,0.0,0.0,0.0,0.0,0.0,0.0,0.0,0.0,0.0,0.0,0.0,0.271969477286359,0.2717880216166386,-0.009299239849254843,-0.00933171092706426
13.0,16.0,0.0,0.0,0.0,0.0,0.0,0.0,0.0,0.0,0.0,0.0,0.0,0.0,0.2718233839338514,0.2716420129026112,-0.0093253723362728,-0.009357936972526239
13.0,16.5,0.0,0.0,0.0,0.0,0.0,0.0,0.0,0.0,0.0,0.0,0.0,0.0,0.2716791731591754,0.2714978883959556,-0.0093512539353235,-0.009383910748354856
13.0,17.0,0.0,0.0,0.0,0.0,0.0,0.0,0.0,0.0,0.0,0.0,0.0,0.0,0.2715367716692876,0.27135557485987105,-0.009376894845642688,-0.009409642482761826
13.0,17.5,0.0,0.0,0.0,0.0,0.0,0.0,0.0,0.0,0.0,0.0,0.0,0.0,0.2713961102231266,0.271215003106679,-0.009402304723739046,-0.009435141859445688
13.0,18.0,0.0,0.0,0.0,0.0,0.0,0.0,0.0,0.0,0.0,0.0,0.0,0.0,0.27125712333961743,0.2710761077060573,-0.00942749272153643,-0.009460418055855162
13.0,18.5,0.0,0.0,0.0,0.0,0.0,0.0,0.0,0.0,0.0,0.0,0.0,0.0,0.27111974903154146,0.27093882671911323,-0.009452467521203206,-0.00948547977813004
13.0,19.0,0.0,0.0,0.0,0.0,0.0,0.0,0.0,0.0,0.0,0.0,0.0,0.0,0.27098392856257336,0.27080310145560355,-0.009477237367008532,-0.00951033529305992
13.0,19.5,0.0,0.0,0.0,0.0,0.0,0.0,0.0,0.0,0.0,0.0,0.0,0.0,0.27084960622510934,0.2706688762519249,-0.009501810094505172,-0.00953499245736157
13.0,20.0,0.0,0.0,0.0,0.0,0.0,0.0,0.0,0.0,0.0,0.0,0.0,0.0,0.27071672913678957,0.2705360982677815,-0.009526193157303957,-0.009559458744540783
13.0,20.5,0.0,0.0,0.0,0.0,0.0,0.0,0.0,0.0,0.0,0.0,0.0,0.0,0.27058524705386033,0.2704047172996787,-0.009550393651674713,-0.009583741269573938
13.0,21.0,0.0,0.0,0.0,0.0,0.0,0.0,0.0,0.0,0.0,0.0,0.0,0.0,0.27045511219973345,0.2702746856095985,-0.009574418339182107,-0.0096078468116186
13.0,21.5,0.0,0.0,0.0,0.0,0.0,0.0,0.0,0.0,0.0,0.0,0.0,0.0,0.270326279107283,0.27014595776740175,-0.009598273667541847,-0.00963178183493909
13.0,22.0,0.0,0.0,0.0,0.0,0.0,0.0,0.0,0.0,0.0,0.0,0.0,0.0,0.2701987044735807,0.27001849050565807,-0.009621965789862845,-0.009655552508212876
13.0,22.5,0.0,0.0,0.0,0.0,0.0,0.0,0.0,0.0,0.0,0.0,0.0,0.0,0.27007234702591265,0.2698922425857476,-0.009645500582422676,-0.009679164722365923
13.0,23.0,0.0,0.0,0.0,0.0,0.0,0.0,0.0,0.0,0.0,0.0,0.0,0.0,0.26994716739804353,0.26976717467420147,-0.009668883661108782,-0.009702624107069605
13.0,23.5,0.0,0.0,0.0,0.0,0.0,0.0,0.0,0.0,0.0,0.0,0.0,0.0,0.2698231280158022,0.26964324922835686,-0.009692120396643784,-0.009725936046017786
13.0,24.0,0.0,0.0,0.0,0.0,0.0,0.0,0.0,0.0,0.0,0.0,0.0,0.0,0.269700192991161,0.2695204303904977,-0.009715215928701013,-0.009749105691090977
14.0,0.5,0.0,0.0,0.0,0.0,0.0,0.0,0.0,0.0,0.0,0.0,0.0,0.0,0.2695783280240618,0.2693986838897383,-0.009738175179006405,-0.009772137975503182
14.0,1.0,0.0,0.0,0.0,0.0,0.0,0.0,0.0,0.0,0.0,0.0,0.0,0.0,0.26945750031132204,0.2692779769509789,-0.009761002863512318,-0.009795037626018271
14.0,1.5,0.0,0.0,0.0,0.0,0.0,0.0,0.0,0.0,0.0,0.0,0.0,0.0,0.26933767846201556,0.2691582782103325,-0.009783703503721458,-0.009817809174313442
14.0,2.0,0.0,0.0,0.0,0.0,0.0,0.0,0.0,0.0,0.0,0.0,0.0,0.0,0.2692188324187849,0.2690395576364789,-0.009806281437230927,-0.009840456967560394
14.0,2.5,0.0,0.0,0.0,0.0,0.0,0.0,0.0,0.0,0.0,0.0,0.0,0.0,0.2691009333845934,0.26892178645745396,-0.00982874082755998,-0.009862985178287986
14.0,3.0,0.0,0.0,0.0,0.0,0.0,0.0,0.0,0.0,0.0,0.0,0.0,0.0,0.2689839537544723,0.2688049370924309,-0.009851085673319169,-0.009885397813584038
14.0,3.5,0.0,0.0,0.0,0.0,0.0,0.0,0.0,0.0,0.0,0.0,0.0,0.0,0.2688678670518607,0.2686889830880904,-0.009873319816772877,-0.009907698723688782
14.0,4.0,0.0,0.0,0.0,0.0,0.0,0.0,0.0,0.0,0.0,0.0,0.0,0.0,0.26875264786917097,0.2685738990592141,-0.009895446951843143,-0.009929891610027552
14.0,4.5,0.0,0.0,0.0,0.0,0.0,0.0,0.0,0.0,0.0,0.0,0.0,0.0,0.2686382718122496,0.2684596606419175,-0.009917470631597522,-0.009951980031032493
14.0,5.0,0.0,0.0,0.0,0.0,0.0,0.0,0.0,0.0,0.0,0.0,0.0,0.0,0.2685247154561848,0.2683462444492729,-0.00993939427376149,-0.009973967407692479
14.0,5.5,0.0,0.0,0.0,0.0,0.0,0.0,0.0,0.0,0.0,0.0,0.0,0.0,0.2684119563046113,0.2682336280289134,-0.009961221165731936,-0.009995857028897983
14.0,6.0,0.0,0.0,0.0,0.0,0.0,0.0,0.0,0.0,0.0,0.0,0.0,0.0,0.2709557633022339,0.27077760011355145,-0.009482383598008955,-0.009515014037387378
14.0,6.5,0.0,0.0,0.0,0.0,0.0,0.0,0.0,0.0,0.0,0.0,0.0,0.0,0.2708283635590947,0.27065036835086215,-0.009505703144401639,-0.009538398330214035
14.0,7.0,0.0,0.0,0.0,0.0,0.0,0.0,0.0,0.0,0.0,0.0,0.0,0.0,0.2707020278389082,0.27052420360078383,-0.009528895436238699,-0.00956165415944325
14.0,7.5,0.0,0.0,0.0,0.0,0.0,0.0,0.0,0.0,0.0,0.0,0.0,0.0,0.27057672229743623,0.2703990721098259,-0.00955196523906595,-0.009584786289100821
14.0,8.0,0.0,0.0,0.0,0.0,0.0,0.0,0.0,0.0,0.0,0.0,0.0,0.0,0.27045241457267616,0.27027494161122717,-0.009574917119626235,-0.009607799282586111
14.0,8.5,0.0,0.0,0.0,0.0,0.0,0.0,0.0,0.0,0.0,0.0,0.0,0.0,0.270329073716502,0.2701517812550579,-0.009597755453941731,-0.009630697511062465
14.0,9.0,0.0,0.0,0.0,0.0,0.0,0.0,0.0,0.0,0.0,0.0,0.0,0.0,0.2702066701298732,0.27002956154164837,-0.009620484435022595,-0.009653485161522514
14.0,9.5,0.0,0.0,0.0,0.0,0.0,0.0,0.0,0.0,0.0,0.0,0.0,0.0,0.2700851755009519,0.26990825425823106,-0.009643108080304654,-0.009676166244529893
14.0,10.0,0.0,0.0,0.0,0.0,0.0,0.0,0.0,0.0,0.0,0.0,0.032656933689332236,0.032656933689332236,0.26996456274605407,0.26978783241866977,-0.00966563023881293,-0.009698744601642863
14.0,10.5,0.0,0.0,0.0,0.0,0.0,0.0,0.0,0.0,0.0,0.0,0.006859442009629945,0.006859442009629945,0.2698406443892612,0.2696641086420682,-0.009688834961226292,-0.009722007460086689
14.0,11.0,0.0,0.0,0.0,0.0,0.0,0.0,0.0,0.0,0.0,0.0,0.15891092737252577,0.15891092737252577,0.2697208446472624,0.2695445072367908,-0.009711331568915418,-0.009744558441285746
14.0,11.5,0.0,0.0,0.0,0.0,0.0,0.0,0.0,0.0,0.0,0.0,0.4522208357152999,0.4522208357152999,0.269582476002617,0.26940634077306175,-0.009737392641531171,-0.009770687519460218
14.0,12.0,0.0,0.0,0.0,0.0,0.0,0.0,0.0,0.0,0.0,0.0,0.14075829435671272,0.14075829435671272,0.26940751479313046,0.26923158567178024,-0.0097704651455823,-0.009803855649973102
14.0,12.5,0.0,0.0,0.0,0.0,0.0,0.0,0.0,0.0,0.0,0.0,0.11889539821857262,0.11889539821857262,0.2692730071226401,0.26909728811488753,-0.00979598183565016,-0.009829436216015107
14.0,13.0,0.0,0.0,0.0,0.0,0.0,0.0,0.0,0.0,0.0,0.0,0.05057944807251138,0.05057944807251138,0.26914202769719325,0.26896652288110234,-0.009820905540646222,-0.009854420407849005
14.0,13.5,0.0,0.0,0.0,0.0,0.0,0.0,0.0,0.0,0.0,0.0,0.10139159734669557,0.10139159734669557,0.26902047625053016,0.2688451897708546,-0.009844102842018834,-0.00987767018569855
14.0,14.0,0.0,0.0,0.0,0.0,0.0,0.0,0.0,0.0,0.0,0.0,0.21251685902327294,0.21251685902327294,0.26889315290472815,0.26871808896674343,-0.00986847171568061,-0.009902095291611884
14.0,14.5,0.0,0.0,0.0,0.0,0.0,0.0,0.0,0.0,0.0,0.0,0.21589153969864322,0.21589153969864322,0.2687523535578057,0.2685775164210414,-0.00989550354813826,-0.009929193134359098
14.0,15.0,0.0,0.0,0.0,0.0,0.0,0.0,0.0,0.0,0.0,0.0,0.07846647360092757,0.07846647360092757,0.2686117917136459,0.26843718568561575,-0.009922577829277725,-0.0099563325359786
14.0,15.5,0.0,0.0,0.0,0.0,0.0,0.0,0.0,0.0,0.0,0.0,0.0,0.0,0.26848939316964776,0.2683150225995862,-0.009946225506069726,-0.009980030373371928
14.0,16.0,0.0,0.0,0.0,0.0,0.0,0.0,0.0,0.0,0.0,0.0,0.0,0.0,0.2683776286756346,0.2682034979482175,-0.009967877332446412,-0.010001723213561237
14.0,16.5,0.0,0.0,0.0,0.0,0.0,0.0,0.0,0.0,0.0,0.0,0.0,0.0,0.26826648372156264,0.2680925972506566,-0.00998946485222659,-0.010023350420126477
14.0,17.0,0.0,0.0,0.0,0.0,0.0,0.0,0.0,0.0,0.0,0.0,0.0,0.0,0.26815594365174633,0.26798230587429095,-0.010010990158929879,-0.01004491408443952
14.0,17.5,0.0,0.0,0.0,0.0,0.0,0.0,0.0,0.0,0.0,0.0,0.0,0.0,0.2680459944331854,0.2678726098032642,-0.010032455253766557,-0.010066416206311685
14.0,18.0,0.0,0.0,0.0,0.0,0.0,0.0,0.0,0.0,0.0,0.0,0.0,0.0,0.2679366226268429,0.26776349560994933,-0.010053862049585019,-0.010087858697933402
14.0,18.5,0.0,0.0,0.0,0.0,0.0,0.0,0.0,0.0,0.0,0.0,0.0,0.0,0.26782781536035905,0.2676549504278628,-0.010075212374637323,-0.010109243387629523
14.0,19.0,0.0,0.0,0.0,0.0,0.0,0.0,0.0,0.0,0.0,0.0,0.0,0.0,0.2677195603021175,0.26754696192593536,-0.010096507976172698,-0.010130572023440575
14.0,19.5,0.0,0.0,0.0,0.0,0.0,0.0,0.0,0.0,0.0,0.0,0.0,0.0,0.26761184563659,0.26743951828406265,-0.01011775052386804,-0.010151846276539159
14.0,20.0,0.0,0.0,0.0,0.0,0.0,0.0,0.0,0.0,0.0,0.0,0.0,0.0,0.26750466004088536,0.2673326081698616,-0.010138941613103988,-0.010173067744490623
14.0,20.5,0.0,0.0,0.0,0.0,0.0,0.0,0.0,0.0,0.0,0.0,0.0,0.0,0.26739799266243747,0.26722622071656654,-0.010160082768094698,-0.010194237954365888
14.0,21.0,0.0,0.0,0.0,0.0,0.0,0.0,0.0,0.0,0.0,0.0,0.0,0.0,0.2672918330977699,0.2671203455020001,-0.010181175444878707,-0.01021535836571454
14.0,21.5,0.0,0.0,0.0,0.0,0.0,0.0,0.0,0.0,0.0,0.0,0.0,0.0,0.2671861713722775,0.26701497252856,-0.010202221034178054,-0.010236430373405334
14.0,22.0,0.0,0.0,0.0,0.0,0.0,0.0,0.0,0.0,0.0,0.0,0.0,0.0,0.2670809979209708,0.26691009220416656,-0.010223220864132482,-0.010257455310340896
14.0,22.5,0.0,0.0,0.0,0.0,0.0,0.0,0.0,0.0,0.0,0.0,0.0,0.0,0.26697630357013113,0.26680569532411863,-0.010244176202914694,-0.010278434450053097
14.0,23.0,0.0,0.0,0.0,0.0,0.0,0.0,0.0,0.0,0.0,0.0,0.0,0.0,0.2668720795198292,0.2667017730538088,-0.010265088261232815,-0.010299369009185136
14.0,23.5,0.0,0.0,0.0,0.0,0.0,0.0,0.0,0.0,0.0,0.0,0.0,0.0,0.26676831732726025,0.2665983169122524,-0.010285958194725562,-0.010320260149866116
14.0,24.0,0.0,0.0,0.0,0.0,0.0,0.0,0.0,0.0,0.0,0.0,0.0,0.0,0.2666650088908543,0.26649531875638777,-0.010306787106255273,-0.010341108981983102
15.0,0.5,0.0,0.0,0.0,0.0,0.0,0.0,0.0,0.0,0.0,0.0,0.0,0.0,0.2665621464351212,0.26639277076610707,-0.010327576048103885,-0.01036191656535615
15.0,1.0,0.0,0.0,0.0,0.0,0.0,0.0,0.0,0.0,0.0,0.0,0.0,0.0,0.26645972249619293,0.2662906654299795,-0.010348326024076248,-0.010382683911820692
15.0,1.5,0.0,0.0,0.0,0.0,0.0,0.0,0.0,0.0,0.0,0.0,0.0,0.0,0.266357729908027,0.2661889955316322,-0.010369037991515577,-0.01040341198722183
15.0,2.0,0.0,0.0,0.0,0.0,0.0,0.0,0.0,0.0,0.0,0.0,0.0,0.0,0.26625616178923867,0.2660877541367549,-0.010389712863234713,-0.010424101713324797
15.0,2.5,0.0,0.0,0.0,0.0,0.0,0.0,0.0,0.0,0.0,0.0,0.0,0.0,0.2661550115305307,0.2659869345806963,-0.010410351509367434,-0.010444753969645523
15.0,3.0,0.0,0.0,0.0,0.0,0.0,0.0,0.0,0.0,0.0,0.0,0.0,0.0,0.266054272782689,0.26588653045662336,-0.010430954759143437,-0.010465369595205037
15.0,3.5,0.0,0.0,0.0,0.0,0.0,0.0,0.0,0.0,0.0,0.0,0.0,0.0,0.26595393944511925,0.26578653560421595,-0.010451523402590392,-0.010485949390211108
15.0,4.0,0.0,0.0,0.0,0.0,0.0,0.0,0.0,0.0,0.0,0.0,0.0,0.0,0.2658540056548963,0.2656869440988683,-0.010472058192166345,-0.010506494117670838
15.0,4.5,0.0,0.0,0.0,0.0,0.0,0.0,0.0,0.0,0.0,0.0,0.0,0.0,0.2657544657763014,0.2655877502413755,-0.010492559844325958,-0.010527004504936842
15.0,5.0,0.0,0.0,0.0,0.0,0.0,0.0,0.0,0.0,0.0,0.0,0.0,0.0,0.2656553143908256,0.26548894854807964,-0.010513029041022828,-0.010547481245190398
15.0,5.5,0.0,0.0,0.0,0.0,0.0,0.0,0.0,0.0,0.0,0.0,0.0,0.0,0.26555654628761444,0.26539053374145266,-0.010533466431151611,-0.010567924998864433
15.0,6.0,0.0,0.0,0.0,0.0,0.0,0.0,0.0,0.0,0.0,0.0,0.0,0.0,0.2654581564543358,0.2652925007410985,-0.01055387263193167,-0.01058833639500844
15.0,6.5,0.0,0.0,0.0,0.0,0.0,0.0,0.0,0.0,0.0,0.0,0.0,0.0,0.2653601400684489,0.26519484465515014,-0.010574248230235549,-0.010608716032598772
15.0,7.0,0.0,0.0,0.0,0.0,0.0,0.0,0.0,0.0,0.0,0.0,0.0,0.0,0.265262492488857,0.2650975607720472,-0.010594593783864122,-0.010629064481795751
15.0,7.5,0.0,0.0,0.0,0.0,0.0,0.0,0.0,0.0,0.0,0.0,0.0,0.0,0.2651652092479257,0.2650006445526726,-0.010614909822771003,-0.010649382285150827
15.0,8.0,0.0,0.0,0.0,0.0,0.0,0.0,0.0,0.0,0.0,0.0,0.0,0.0,0.26506828604384897,0.26490409162283457,-0.010635196850238246,-0.01066966995876503
15.0,8.5,0.0,0.0,0.0,0.0,0.0,0.0,0.0,0.0,0.0,0.0,0.0,0.0,0.2649717187333498,0.2648078977660767,-0.010655455344005237,-0.010689927993401448
15.0,9.0,0.0,0.0,0.0,0.0,0.0,0.0,0.0,0.0,0.0,0.0,0.0,0.0,0.26487550332469606,0.26471205891680005,-0.01067568575735325,-0.01071015685555353
15.0,9.5,0.0,0.0,0.0,0.0,0.0,0.0,0.0,0.0,0.0,0.0,0.0,0.0,0.26477963597102144,0.2646165711536857,-0.010695888520146784,-0.010730356988470732
15.0,10.0,0.0,0.0,0.0,0.0,0.0,0.0,0.0,0.0,0.0,0.0,0.0,0.0,0.2646841129639351,0.26452143069340134,-0.010716064039834059,-0.0107505288131438
15.0,10.5,0.0,0.0,0.0,0.0,0.0,0.0,0.0,0.0,0.0,0.0,0.0,0.0,0.26458893072740836,0.26442663388458104,-0.010736212702408002,-0.010770672729250952
15.0,11.0,0.0,0.0,0.0,0.0,0.0,0.0,0.0,0.0,0.0,0.0,0.0,0.0,0.26449408581192524,0.26433217720206503,-0.010756334873329497,-0.010790789116066778
15.0,11.5,0.0,0.0,0.0,0.0,0.0,0.0,0.0,0.0,0.0,0.0,0.004534281423974991,0.004534281423974991,0.2643995748888862,0.2642380572413881,-0.01077643089841435,-0.01081087833333531
15.0,12.0,0.0,0.0,0.0,0.0,0.0,0.0,0.0,0.0,0.0,0.0,0.05903256571300644,0.05903256571300644,0.2643048169291333,0.2641436928973861,-0.010796624377252477,-0.010831064463336086
15.0,12.5,0.0,0.0,0.0,0.0,0.0,0.0,0.0,0.0,0.0,0.0,0.2939418670631264,0.2939418670631264,0.2642034417779226,0.26404271393924555,-0.010818277956846922,-0.010852715332759503
15,13.0,0.6755031706180903,0.6873073839390023,0.043517996735057435,0.057587580342273036,15.122757756978956,15.908418177861792,True,True,0.015909312292014748,0.02134243974584179,1.4999456964127953,1.4999456964127953,0.2640724561594486,0.2639121270151016,-0.010846332958866898,-0.010880790949597544
15,13.5,0.68003771894491,0.6887142310218637,0.044991538970811186,0.054301242143036624,15.052578732984133,15.61269122390923,True,True,0.015690069702642202,0.01913251533013183,1.1775253372299022,1.1775253372299022,0.26378256227558783,0.26362084132459823,-0.010908732366745149,-0.010943728509407814
15,14.0,0.6556536723900698,0.6639370160052573,0.0438759715702584,0.05283404550141975,15.02411548526013,15.575663267640573,True,True,0.015003596811692428,0.01824311635299143,1.0337587879570564,1.0337587879570564,0.26353388652302023,0.26337138267965876,-0.010962600677443824,-0.010997973625232216
15.0,14.5,0.0,0.0,0.0,0.0,0.0,0.0,0.0,0.0,0.0,0.0,0.11545476335447043,0.11545476335447043,0.2633039897798089,0.2631407501269421,-0.011012683226486885,-0.011048410211387269
15.0,15.0,0.0,0.0,0.0,0.0,0.0,0.0,0.0,0.0,0.0,0.0,0.0,0.0,0.26319701997968253,0.26303418826786307,-0.011036079293948906,-0.01107180707743946
15.0,15.5,0.0,0.0,0.0,0.0,0.0,0.0,0.0,0.0,0.0,0.0,0.0,0.0,0.26310507404539607,0.2629426523974065,-0.011056236734584718,-0.011091951963933712
15.0,16.0,0.0,0.0,0.0,0.0,0.0,0.0,0.0,0.0,0.0,0.0,0.0,0.0,0.2630134368238322,0.26285142728713085,-0.01107637015729979,-0.011112071923467493
15.0,16.5,0.0,0.0,0.0,0.0,0.0,0.0,0.0,0.0,0.0,0.0,0.0,0.0,0.2629221059698825,0.26276051051679294,-0.011096479747734015,-0.011132167156460726
15.0,17.0,0.0,0.0,0.0,0.0,0.0,0.0,0.0,0.0,0.0,0.0,0.0,0.0,0.26283107921980087,0.2626698997477788,-0.011116565677600007,-0.011152237849437148
15.0,17.5,0.0,0.0,0.0,0.0,0.0,0.0,0.0,0.0,0.0,0.0,0.0,0.0,0.2653990551507306,0.265238351181295,-0.01056615297665989,-0.010599630982351173
15.0,18.0,0.0,0.0,0.0,0.0,0.0,0.0,0.0,0.0,0.0,0.0,0.0,0.0,0.2679521105655487,0.2677919484341059,-0.010050827367601104,-0.010082262072321527
15.0,18.5,0.0,0.0,0.0,0.0,0.0,0.0,0.0,0.0,0.0,0.0,0.0,0.0,0.27843800998151,0.27827874127985053,-0.008224927177162167,-0.008249542418984984
15.0,19.0,0.0,0.0,0.0,0.0,0.0,0.0,0.0,0.0,0.0,0.0,0.0,0.0,0.28879063858535814,0.28863279696554184,-0.006797167336749685,-0.006816603121850752
15.0,19.5,0.0,0.0,0.0,0.0,0.0,0.0,0.0,0.0,0.0,0.0,0.0,0.0,0.2884642837834156,0.28830781936433464,-0.006837426075450399,-0.006856828065390351
15.0,20.0,0.0,0.0,0.0,0.0,0.0,0.0,0.0,0.0,0.0,0.0,0.0,0.0,0.28814725950623027,0.2879921294902162,-0.006876806134565048,-0.006896174490457135
15.0,20.5,0.0,0.0,0.0,0.0,0.0,0.0,0.0,0.0,0.0,0.0,0.0,0.0,0.28783876588900914,0.28768493343481616,-0.006915386228164526,-0.006934720794720264
15.0,21.0,0.0,0.0,0.0,0.0,0.0,0.0,0.0,0.0,0.0,0.0,0.0,0.0,0.2875380967238321,0.2873855300345022,-0.006953236204324561,-0.006972536565155181
15.0,21.5,0.0,0.0,0.0,0.0,0.0,0.0,0.0,0.0,0.0,0.0,0.0,0.0,0.2872446254304139,0.2870932970085864,-0.006990418343362087,-0.0070096838652641685
15.0,22.0,0.0,0.0,0.0,0.0,0.0,0.0,0.0,0.0,0.0,0.0,0.0,0.0,0.28695779356138396,0.28680767959640524,-0.007026988425719396,-0.00704621829439826
15.0,22.5,0.0,0.0,0.0,0.0,0.0,0.0,0.0,0.0,0.0,0.0,0.0,0.0,0.28667710131140955,0.2865281811711514,-0.007062996617018658,-0.007082189866097801
15.0,23.0,0.0,0.0,0.0,0.0,0.0,0.0,0.0,0.0,0.0,0.0,0.0,0.0,0.2864020996248492,0.2862543554314294,-0.007098488206720924,-0.007117643741444001
15.0,23.5,0.0,0.0,0.0,0.0,0.0,0.0,0.0,0.0,0.0,0.0,0.0,0.0,0.2861323835892212,0.285985799862491,-0.007133504228602817,-0.007152620845308473
15.0,24.0,0.0,0.0,0.0,0.0,0.0,0.0,0.0,0.0,0.0,0.0,0.0,0.0,0.28586758687093633,0.2857221502271082,-0.007168081985101874,-0.007187158387308579
16.0,0.5,0.0,0.0,0.0,0.0,0.0,0.0,0.0,0.0,0.0,0.0,0.0,0.0,0.2856073770019488,0.28546307589739944,-0.007202255492913997,-0.0072212903046690756
16.0,1.0,0.0,0.0,0.0,0.0,0.0,0.0,0.0,0.0,0.0,0.0,0.0,0.0,0.28535145136576806,0.2852082758780932,-0.0072360558636577815,-0.007255047640665045
16.0,1.5,0.0,0.0,0.0,0.0,0.0,0.0,0.0,0.0,0.0,0.0,0.0,0.0,0.28509953376187386,0.28495747540184546,-0.007269511630666017,-0.007288458869600192
16.0,2.0,0.0,0.0,0.0,0.0,0.0,0.0,0.0,0.0,0.0,0.0,0.0,0.0,0.2848513714525278,0.2847104229982032,-0.0073026490306597365,-0.007321550177479982
16.0,2.5,0.0,0.0,0.0,0.0,0.0,0.0,0.0,0.0,0.0,0.0,0.0,0.0,0.2846067326500603,0.2844668880012439,-0.007335492242589628,-0.007354345699794971
16.0,3.0,0.0,0.0,0.0,0.0,0.0,0.0,0.0,0.0,0.0,0.0,0.0,0.0,0.28436540433091795,0.28422665838184014,-0.0073680635960862205,-0.007386867728962819
16.0,3.5,0.0,0.0,0.0,0.0,0.0,0.0,0.0,0.0,0.0,0.0,0.0,0.0,0.28412719032735617,0.28398953885485273,-0.007400383753979841,-0.007419136896004587
16.0,4.0,0.0,0.0,0.0,0.0,0.0,0.0,0.0,0.0,0.0,0.0,0.0,0.0,0.28389190965586725,0.2837553492208037,-0.007432471872628245,-0.007451172330163842
16.0,4.5,0.0,0.0,0.0,0.0,0.0,0.0,0.0,0.0,0.0,0.0,0.0,0.0,0.2836593950481804,0.28352392290823714,-0.007464345743188881,-0.0074829917995821674
16.0,5.0,0.0,0.0,0.0,0.0,0.0,0.0,0.0,0.0,0.0,0.0,0.0,0.0,0.2834294918240038,0.28329510624349735,-0.0074960218932987824,-0.007514611758757713
16.0,5.5,0.0,0.0,0.0,0.0,0.0,0.0,0.0,0.0,0.0,0.0,0.0,0.0,0.2832020585739849,0.28306875862655173,-0.0075275154433835974,-0.007546047274130306
16.0,6.0,0.0,0.0,0.0,0.0,0.0,0.0,0.0,0.0,0.0,0.0,0.0,0.0,0.2829769660052082,0.28284475139961884,-0.007558840217541097,-0.007577312132911938
16.0,6.5,0.0,0.0,0.0,0.0,0.0,0.0,0.0,0.0,0.0,0.0,0.0,0.0,0.28275409589138195,0.2826229668180399,-0.007590008845464232,-0.0076084189431517785
16.0,7.0,0.0,0.0,0.0,0.0,0.0,0.0,0.0,0.0,0.0,0.0,0.0,0.0,0.2825333401176294,0.28240329711358436,-0.0076210328561445015,-0.0076393792257564985
16.0,7.5,0.0,0.0,0.0,0.0,0.0,0.0,0.0,0.0,0.0,0.0,0.0,0.0,0.2823145998107034,0.28218564364125615,-0.007651922764055259,-0.007670203499146814
16.0,8.0,0.0,0.0,0.0,0.0,0.0,0.0,0.0,0.0,0.0,0.0,0.0,0.0,0.2820977845463279,0.2819699161015158,-0.007682688148464386,-0.007700901357183753
16.0,8.5,0.0,0.0,0.0,0.0,0.0,0.0,0.0,0.0,0.0,0.0,0.0,0.0,0.2818828116262023,0.2817560318306444,-0.007713337726473649,-0.007731481540947574
16.0,9.0,0.0,0.0,0.0,0.0,0.0,0.0,0.0,0.0,0.0,0.0,0.0,0.0,0.2816696054179759,0.28154391515271604,-0.007743879420330043,-0.007761952004902378
16.0,9.5,0.0,0.0,0.0,0.0,0.0,0.0,0.0,0.0,0.0,0.0,0.22351908003128385,0.22351908003128385,0.2814580967521933,0.2813334967873262,-0.007774320419505236,-0.007792319977931235
16,10.0,0.3680426240883388,0.376748110585745,0.011033529092065342,0.05450101411100925,16.600069810177473,18.090441382909493,True,True,0.015408015306382396,0.07771475118988602,0.5540005926384952,0.5540005926384952,0.2812197387114963,0.28109622964848435,-0.007808796705705686,-0.007826732790415378
16,10.5,0.4797406251769565,0.4912988153904131,0.016961296131335117,0.05027184629713061,16.356749259353826,17.757138494783703,True,True,0.017804088584015398,0.05457477176113558,1.005886077608365,1.005886077608365,0.28093943689041795,0.28081147993034977,-0.007849573120874689,-0.007868271749274897
16,11.0,0.5652977437900786,0.5795649959386749,0.022197430816579558,0.05762605613690157,16.157399530311945,17.571711974783288,True,True,0.019193989860512652,0.05108257836904702,1.0065004711562084,1.0065004711562084,0.2806023181773562,0.28047120777184703,-0.007898951420673138,-0.007918255264334088
16,11.5,0.6403174326132118,0.6546950635319683,0.026898859936402852,0.053522140575259995,16.040508363978038,17.23852900138411,True,True,0.02070790734552283,0.04237948327694355,1.2115840684739134,1.2115840684739134,0.28026592907947995,0.2801313951481145,-0.007948592186376361,-0.007968549287771146
16,12.0,0.7242644520853895,0.741040505429794,0.032786229825890516,0.06108912288889567,15.905888923313755,17.08996148981195,True,True,0.022207253057899643,0.04275391354737456,1.3982421700629588,1.3982421700629588,0.2799042374968929,0.2797674016426589,-0.00800238210431309,-0.008022845014586086
16,12.5,0.8088039141989938,0.8246713262860708,0.03984099661679816,0.06114437603984806,15.736079929469284,16.68274076943434,True,True,0.02327576725635907,0.03687280357622447,1.5102270141589904,1.5102270141589904,0.2795194000740767,0.2793800474350967,-0.008060091154771987,-0.008081110247372009
16,13.0,0.8861777393216151,0.8983959628362929,0.04697195766420141,0.059987876843423125,15.57768056081116,16.201958894722843,True,True,0.024120115968678777,0.031691511890312225,1.5897964213306153,1.5897964213306153,0.279120747264305,0.2789797686324938,-0.008120395576408057,-0.00814185005515865
16,13.5,0.8616840358837138,0.8742348948207407,0.045497653112136445,0.06016275793886768,15.560608696739806,16.239483370608998,True,True,0.02331722607073306,0.0313488618110183,1.0274757936780818,1.0274757936780818,0.27871236691910223,0.2785708168512595,-0.008182729748428524,-0.008204468541735472
16.0,14.0,0.0,0.0,0.0,0.0,0.0,0.0,0.0,0.0,0.0,0.0,0.1771950214616299,0.1771950214616299,0.27837712336768955,0.27823478979710464,-0.008234326957897817,-0.008256350639788433
16.0,14.5,0.0,0.0,0.0,0.0,0.0,0.0,0.0,0.0,0.0,0.0,0.22097814370859378,0.22097814370859378,0.27815729498230707,0.278016044443757,-0.008268371141933562,-0.008290334711192185
16.0,15.0,0.0,0.0,0.0,0.0,0.0,0.0,0.0,0.0,0.0,0.0,0.11187011418984225,0.11187011418984225,0.27793312626678285,0.27779295610270605,-0.008303260346183146,-0.008325165308915958
16.0,15.5,0.0,0.0,0.0,0.0,0.0,0.0,0.0,0.0,0.0,0.0,0.014979106238650597,0.014979106238650597,0.277724078434624,0.2775849856097457,-0.0083359543290891,-0.008357792707193244
16.0,16.0,0.0,0.0,0.0,0.0,0.0,0.0,0.0,0.0,0.0,0.0,0.0,0.0,0.27752857466782055,0.27739055577138666,-0.008366668976083295,-0.008388433668660284
16.0,16.5,0.0,0.0,0.0,0.0,0.0,0.0,0.0,0.0,0.0,0.0,0.0,0.0,0.27733615866999634,0.2771992099203823,-0.008397030270579453,-0.008418719376398653
16.0,17.0,0.0,0.0,0.0,0.0,0.0,0.0,0.0,0.0,0.0,0.0,0.0,0.0,0.2771449053016023,0.2770090225530663,-0.008427338287483968,-0.008448950909767872
16.0,17.5,0.0,0.0,0.0,0.0,0.0,0.0,0.0,0.0,0.0,0.0,0.0,0.0,0.27695479978380744,0.2768199785351472,-0.008457593659441077,-0.008479128970501154
16.0,18.0,0.0,0.0,0.0,0.0,0.0,0.0,0.0,0.0,0.0,0.0,0.0,0.0,0.276765828695109,0.27663206409992264,-0.008487796836355166,-0.008509254076302151
16.0,18.5,0.0,0.0,0.0,0.0,0.0,0.0,0.0,0.0,0.0,0.0,0.0,0.0,0.27657797981442755,0.27644526669270003,-0.008517948106073253,-0.008539326581357936
16.0,19.0,0.0,0.0,0.0,0.0,0.0,0.0,0.0,0.0,0.0,0.0,0.0,0.0,0.276391241979797,0.27625957483056157,-0.008548047613197753,-0.008569346695009339
16.0,19.5,0.0,0.0,0.0,0.0,0.0,0.0,0.0,0.0,0.0,0.0,0.0,0.0,0.27620560496117735,0.27607497797603275,-0.008578095376192205,-0.008599314498737999
16.0,20.0,0.0,0.0,0.0,0.0,0.0,0.0,0.0,0.0,0.0,0.0,0.0,0.0,0.27602105934606774,0.2758914664233528,-0.008608091302926502,-0.008629229961614962
16.0,20.5,0.0,0.0,0.0,0.0,0.0,0.0,0.0,0.0,0.0,0.0,0.0,0.0,0.27583759643671857,0.2757090311961733,-0.008638035204795669,-0.008659092954342267
16.0,21.0,0.0,0.0,0.0,0.0,0.0,0.0,0.0,0.0,0.0,0.0,0.0,0.0,0.2756552081578626,0.27552766395562134,-0.008667926809533533,-0.008688903262006978
16.0,21.5,0.0,0.0,0.0,0.0,0.0,0.0,0.0,0.0,0.0,0.0,0.0,0.0,0.27547388697398284,0.27534735691776635,-0.008697765772832003,-0.008718660595656715
16.0,22.0,0.0,0.0,0.0,0.0,0.0,0.0,0.0,0.0,0.0,0.0,0.0,0.0,0.27529362581522737,0.2751681027796159,-0.008727551688867428,-0.00874836460279628
16.0,22.5,0.0,0.0,0.0,0.0,0.0,0.0,0.0,0.0,0.0,0.0,0.0,0.0,0.2751144180111648,0.2749898946528513,-0.00875728409982608,-0.008778014876895864
16.0,23.0,0.0,0.0,0.0,0.0,0.0,0.0,0.0,0.0,0.0,0.0,0.0,0.0,0.27493625723164655,0.27481272600458,-0.008786962504513616,-0.008807610965994472
16.0,23.5,0.0,0.0,0.0,0.0,0.0,0.0,0.0,0.0,0.0,0.0,0.0,0.0,0.274759137434109,0.2746365906044537,-0.008816586366125881,-0.008837152380474467
16.0,24.0,0.0,0.0,0.0,0.0,0.0,0.0,0.0,0.0,0.0,0.0,0.0,0.0,0.27458305281671,0.27446148247755486,-0.008846155119252071,-0.00886663860007704
17.0,0.5,0.0,0.0,0.0,0.0,0.0,0.0,0.0,0.0,0.0,0.0,0.0,0.0,0.2744079977767475,0.27428739586251083,-0.00887566817617536,-0.008896069080222847
17.0,1.0,0.0,0.0,0.0,0.0,0.0,0.0,0.0,0.0,0.0,0.0,0.0,0.0,0.27423396687385804,0.2741143251743426,-0.00890512493253089,-0.008925443257696385
17.0,1.5,0.0,0.0,0.0,0.0,0.0,0.0,0.0,0.0,0.0,0.0,0.0,0.0,0.2740609547975381,0.2739422649715977,-0.008934524772375892,-0.008954760555748368
17.0,2.0,0.0,0.0,0.0,0.0,0.0,0.0,0.0,0.0,0.0,0.0,0.0,0.0,0.2738889563385716,0.2737712099273596,-0.008963867072722587,-0.008984020388665484
17.0,2.5,0.0,0.0,0.0,0.0,0.0,0.0,0.0,0.0,0.0,0.0,0.0,0.0,0.2737179663639841,0.2736011548037595,-0.008993151207580007,-0.009013222165853306
17.0,3.0,0.0,0.0,0.0,0.0,0.0,0.0,0.0,0.0,0.0,0.0,0.0,0.0,0.2735479797951793,0.273432094429651,-0.009022376551547426,-0.009042365295474308
17.0,3.5,0.0,0.0,0.0,0.0,0.0,0.0,0.0,0.0,0.0,0.0,0.0,0.0,0.2733789915889417,0.27326402368113917,-0.009051542482998706,-0.009071449187679317
17.0,4.0,0.0,0.0,0.0,0.0,0.0,0.0,0.0,0.0,0.0,0.0,0.0,0.0,0.2732109967210201,0.27309693746467983,-0.009080648386893401,-0.009100473257468312
17.0,4.5,0.0,0.0,0.0,0.0,0.0,0.0,0.0,0.0,0.0,0.0,0.0,0.0,0.2730439901720322,0.2729308307024952,-0.009109693657247661,-0.009129436927212601
17.0,5.0,0.0,0.0,0.0,0.0,0.0,0.0,0.0,0.0,0.0,0.0,0.0,0.0,0.27287796691544935,0.27276569832006947,-0.009138677699295826,-0.009158339628868918
17.0,5.5,0.0,0.0,0.0,0.0,0.0,0.0,0.0,0.0,0.0,0.0,0.0,0.0,0.27271292190745156,0.27260153523551295,-0.009167599931369912,-0.009187180805912704
17.0,6.0,0.0,0.0,0.0,0.0,0.0,0.0,0.0,0.0,0.0,0.0,0.0,0.0,0.27254885007845053,0.27243833635060094,-0.0091964597865235,-0.00921595991501587
17.0,6.5,0.0,0.0,0.0,0.0,0.0,0.0,0.0,0.0,0.0,0.0,0.0,0.0,0.2723857463261071,0.2722760965433112,-0.009225256713923016,-0.009244676427492608
17.0,7.0,0.0,0.0,0.0,0.0,0.0,0.0,0.0,0.0,0.0,0.0,0.0,0.0,0.27222360550967833,0.27211481066169896,-0.00925399018002846,-0.009273329830534534
17.0,7.5,0.0,0.0,0.0,0.0,0.0,0.0,0.0,0.0,0.0,0.0,0.0,0.0,0.2720624224455487,0.27195447351896646,-0.009282659669583299,-0.009301919628254647
17.0,8.0,0.0,0.0,0.0,0.0,0.0,0.0,0.0,0.0,0.0,0.0,0.0,0.0,0.2719021919038115,0.2717950798895926,-0.009311264686431902,-0.009330445342558433
17.0,8.5,0.0,0.0,0.0,0.0,0.0,0.0,0.0,0.0,0.0,0.0,0.0,0.0,0.2717429086057798,0.2716366245064041,-0.009339804754181223,-0.009358906513858619
17.0,9.0,0.0,0.0,0.0,0.0,0.0,0.0,0.0,0.0,0.0,0.0,0.0,0.0,0.2715845672223179,0.2714791020584792,-0.009368279416722079,-0.009387302701648696
17.0,9.5,0.0,0.0,0.0,0.0,0.0,0.0,0.0,0.0,0.0,0.0,0.0,0.0,0.27142716237289316,0.2713225071897867,-0.009396688238624138,-0.0094156334849492
17.0,10.0,0.0,0.0,0.0,0.0,0.0,0.0,0.0,0.0,0.0,0.0,0.03139517000993912,0.03139517000993912,0.27127068862526,0.2711668344984693,-0.009425030805417631,-0.0094438984626396
17.0,10.5,0.0,0.0,0.0,0.0,0.0,0.0,0.0,0.0,0.0,0.0,0.08928527453945856,0.08928527453945856,0.2711111397216774,0.27100807776267494,-0.009454035326454875,-0.00947282758226801
17.0,11.0,0.0,0.0,0.0,0.0,0.0,0.0,0.0,0.0,0.0,0.0,0.14930486017364292,0.14930486017364292,0.2709451338043047,0.2708428551655824,-0.009484326637895245,-0.009503047125503383
17.0,11.5,0.0,0.0,0.0,0.0,0.0,0.0,0.0,0.0,0.0,0.0,0.1565308272926394,0.1565308272926394,0.2707723939233001,0.2706708898031413,-0.009515969556855597,-0.009534622005749607
17,12.0,0.3265199498165727,0.33657292949772055,0.013760940741899043,0.06118167560551562,16.007865862750727,17.906462575643435,True,True,0.010421362735757316,0.046723114410286204,0.2935282183362399,0.2935282183362399,0.2705996420845598,0.27049890373146507,-0.00954774054508782,-0.009566325788911804
17.0,12.5,0.0,0.0,0.0,0.0,0.0,0.0,0.0,0.0,0.0,0.0,0.4310810104274714,0.4310810104274714,0.270408581881221,0.2703025576415791,-0.009583025948850852,-0.009602673759877884
17,13.0,0.40857669041769423,0.4216890422574677,0.0199160023584702,0.06184592536140936,15.736080108535598,17.573211586941927,True,True,0.01175802414600574,0.03703800744659563,0.8921939558512808,0.8921939558512808,0.27020264400688665,0.27009736819796304,-0.00962123312992003,-0.009640834805717704
17,13.5,0.4641885301443807,0.47751273532621963,0.024527781048973733,0.05315995675623259,15.589149151677125,17.129142666146144,True,True,0.012684129557461957,0.02811962093522597,1.274326850856894,1.274326850856894,0.2699362989829911,0.2698264197801702,-0.009670917024528434,-0.009691502879940833
17,14.0,0.4805282916837728,0.4943837496648966,0.026692114229740344,0.05439537504850838,15.475689282423001,16.981112905064133,True,True,0.01263801221516898,0.026240163198867874,1.0919728623635714,1.0919728623635714,0.2696215559221544,0.2695087593816684,-0.009730023690797332,-0.009751310834436411
17,14.5,0.3894219955519325,0.4020956043221571,0.021430598338831732,0.05354401904483673,15.47448605540277,17.240690926410462,True,True,0.010237820805110305,0.025802949768386728,0.5063991603257452,0.5063991603257452,0.26933065501987974,0.26921505107111304,-0.009785036068230633,-0.009807000822155175
17,15.0,0.2862285451385772,0.29533442975997126,0.01516346018555753,0.03902317285275199,15.561238548275282,17.31504627163934,True,True,0.007747022057463331,0.020130351193025822,0.49026849281960455,0.49026849281960455,0.26911592013443764,0.26899693840440053,-0.009825882501862792,-0.009848602428324402
17,15.5,0.1359283328998457,0.1402154885391934,0.0072222866086906765,0.01802621423552321,15.55432605746231,17.279019025934236,True,True,0.003670383183519692,0.00923846775540581,0.5565521382164501,0.5565521382164501,0.2689049078353035,0.26878359181634587,-0.009866218887951117,-0.00988949855911138
17.0,16.0,0.0,0.0,0.0,0.0,0.0,0.0,0.0,0.0,0.0,0.0,0.0,0.0,0.26868732328618905,0.2685653284883402,-0.009908018380794992,-0.009931546733516509
17.0,16.5,0.0,0.0,0.0,0.0,0.0,0.0,0.0,0.0,0.0,0.0,0.0,0.0,0.26854243869088656,0.2684211337414362,-0.00993596875549241,-0.0099594425474368
17.0,17.0,0.0,0.0,0.0,0.0,0.0,0.0,0.0,0.0,0.0,0.0,0.0,0.0,0.26839840481035904,0.268277781641621,-0.009963848183202593,-0.0099872679323156
17.0,17.5,0.0,0.0,0.0,0.0,0.0,0.0,0.0,0.0,0.0,0.0,0.0,0.0,0.2682552157476016,0.26813526637319207,-0.009991656522542885,-0.010015022748401683
17.0,18.0,0.0,0.0,0.0,0.0,0.0,0.0,0.0,0.0,0.0,0.0,0.0,0.0,0.268112865601632,0.26799358211795127,-0.010019393646689065,-0.010042706870000234
17.0,18.5,0.0,0.0,0.0,0.0,0.0,0.0,0.0,0.0,0.0,0.0,0.0,0.0,0.26797134846799203,0.2678527230555303,-0.010047059443313331,-0.010070320185439933
17.0,19.0,0.0,0.0,0.0,0.0,0.0,0.0,0.0,0.0,0.0,0.0,0.0,0.0,0.2678306584394426,0.2677126833639186,-0.010074653814480682,-0.010097862596997345
17.0,19.5,0.0,0.0,0.0,0.0,0.0,0.0,0.0,0.0,0.0,0.0,0.0,0.0,0.267690789606825,0.26757345722016607,-0.010102176676508083,-0.010125334020782988
17.0,20.0,0.0,0.0,0.0,0.0,0.0,0.0,0.0,0.0,0.0,0.0,0.0,0.0,0.26755173606006016,0.26743503880123287,-0.010129627959791616,-0.010152734386594196
17.0,20.5,0.0,0.0,0.0,0.0,0.0,0.0,0.0,0.0,0.0,0.0,0.0,0.0,0.2674134918892642,0.2672974222849641,-0.010157007608604983,-0.01018006363773821
17.0,21.0,0.0,0.0,0.0,0.0,0.0,0.0,0.0,0.0,0.0,0.0,0.0,0.0,0.2672760511859588,0.2671606018511666,-0.010184315580873458,-0.010207321730829815
17.0,21.5,0.0,0.0,0.0,0.0,0.0,0.0,0.0,0.0,0.0,0.0,0.0,0.0,0.26713940804435676,0.2670245716827701,-0.010211551847926647,-0.010234508635566377
17.0,22.0,0.0,0.0,0.0,0.0,0.0,0.0,0.0,0.0,0.0,0.0,0.0,0.0,0.2670035565627078,0.26688932596705484,-0.010238716394232815,-0.010261624334483911
17.0,22.5,0.0,0.0,0.0,0.0,0.0,0.0,0.0,0.0,0.0,0.0,0.0,0.0,0.26686849084468817,0.2667548588969313,-0.010265809217118015,-0.010288668822696481
17.0,23.0,0.0,0.0,0.0,0.0,0.0,0.0,0.0,0.0,0.0,0.0,0.0,0.0,0.26673420500082184,0.2666211646722582,-0.010292830326472104,-0.010315642107621757
17.0,23.5,0.0,0.0,0.0,0.0,0.0,0.0,0.0,0.0,0.0,0.0,0.0,0.0,0.2666006931499209,0.2664882375011863,-0.010319779744444212,-0.010342544208695134
17.0,24.0,0.0,0.0,0.0,0.0,0.0,0.0,0.0,0.0,0.0,0.0,0.0,0.0,0.26646794942053625,0.2663560716015186,-0.010346657505129522,-0.010369375157074113
18.0,0.5,0.0,0.0,0.0,0.0,0.0,0.0,0.0,0.0,0.0,0.0,0.0,0.0,0.26633596795240744,0.2662246612020767,-0.01037346365424944,-0.010396134995335315
18.0,1.0,0.0,0.0,0.0,0.0,0.0,0.0,0.0,0.0,0.0,0.0,0.0,0.0,0.2688579371035183,0.2687472704570577,-0.009875224479245005,-0.009896481093060095
18.0,1.5,0.0,0.0,0.0,0.0,0.0,0.0,0.0,0.0,0.0,0.0,0.0,0.0,0.2740075046169862,0.27389764576892134,-0.008943630902909927,-0.008962381936978982
18.0,2.0,0.0,0.0,0.0,0.0,0.0,0.0,0.0,0.0,0.0,0.0,0.0,0.0,0.2764599627838959,0.2763509947201012,-0.008536956074046673,-0.008554551494195099
18.0,2.5,0.0,0.0,0.0,0.0,0.0,0.0,0.0,0.0,0.0,0.0,0.0,0.0,0.27624341700919663,0.27613531379570644,-0.00857196481193719,-0.008589505750865018
18.0,3.0,0.0,0.0,0.0,0.0,0.0,0.0,0.0,0.0,0.0,0.0,0.0,0.0,0.2760300317989133,0.27592276913983577,-0.008606630038760766,-0.008624118332546872
18.0,3.5,0.0,0.0,0.0,0.0,0.0,0.0,0.0,0.0,0.0,0.0,0.0,0.0,0.2758196753703595,0.27571323046628105,-0.008640966840342145,-0.008658404188714382
18.0,4.0,0.0,0.0,0.0,0.0,0.0,0.0,0.0,0.0,0.0,0.0,0.0,0.0,0.27561222493971554,0.27550657636106207,-0.008674989261657539,-0.008692377239864874
18.0,4.5,0.0,0.0,0.0,0.0,0.0,0.0,0.0,0.0,0.0,0.0,0.0,0.0,0.27540756592717697,0.275302693500657,-0.00870871039699843,-0.008726050466456687
18.0,5.0,0.0,0.0,0.0,0.0,0.0,0.0,0.0,0.0,0.0,0.0,0.0,0.0,0.27520559124688904,0.27510147595341605,-0.00874214247071897,-0.008759435988580847
18.0,5.5,0.0,0.0,0.0,0.0,0.0,0.0,0.0,0.0,0.0,0.0,0.0,0.0,0.2750062006710746,0.2749028245537914,-0.008775296909723783,-0.008792545137502758
18.0,6.0,0.0,0.0,0.0,0.0,0.0,0.0,0.0,0.0,0.0,0.0,0.0,0.0,0.2748093002592796,0.27470664634050135,-0.008808184408689529,-0.008825388520048655
18.0,6.5,0.0,0.0,0.0,0.0,0.0,0.0,0.0,0.0,0.0,0.0,0.0,0.0,0.2746148018449268,0.2745128540509776,-0.008840814988876799,-0.008857976076678696
18.0,7.0,0.0,0.0,0.0,0.0,0.0,0.0,0.0,0.0,0.0,0.0,0.0,0.0,0.27442262257244443,0.27432136566550047,-0.00887319805127273,-0.008890317133973695
18.0,7.5,0.0,0.0,0.0,0.0,0.0,0.0,0.0,0.0,0.0,0.0,0.0,0.0,0.27423268447913673,0.2741321039953049,-0.00890534242470646,-0.008922420452167098
18.0,8.0,0.0,0.0,0.0,0.0,0.0,0.0,0.0,0.0,0.0,0.0,0.0,0.0,0.27404491411673926,0.27394499630969654,-0.008937256409496091,-0.008954294268271403
18.0,8.5,0.0,0.0,0.0,0.0,0.0,0.0,0.0,0.0,0.0,0.0,0.0,0.0,0.27385924220825175,0.27375997399785773,-0.00896894781711418,-0.008985946335278135
18.0,9.0,0.0,0.0,0.0,0.0,0.0,0.0,0.0,0.0,0.0,0.0,0.0,0.0,0.2736756033362038,0.27357697226156913,-0.009000424006298214,-0.009017383957851025
18.0,9.5,0.0,0.0,0.0,0.0,0.0,0.0,0.0,0.0,0.0,0.0,0.0,0.0,0.2734939356589886,0.27339592983554517,-0.009031691915979433,-0.009048614024880016
18.0,10.0,0.0,0.0,0.0,0.0,0.0,0.0,0.0,0.0,0.0,0.0,0.0,0.0,0.2733141806523115,0.2732167887324845,-0.0090627580953588,-0.009079643039219555
18.0,10.5,0.0,0.0,0.0,0.0,0.0,0.0,0.0,0.0,0.0,0.0,0.0,0.0,0.273136282873157,0.273039494010283,-0.009093628731419353,-0.009110477144896635
18.0,11.0,0.0,0.0,0.0,0.0,0.0,0.0,0.0,0.0,0.0,0.0,0.0,0.0,0.2729601897439846,0.2728639935591638,-0.009124309674130852,-0.009141122152040021
18.0,11.5,0.0,0.0,0.0,0.0,0.0,0.0,0.0,0.0,0.0,0.0,0.15061137912919315,0.15061137912919315,0.27278585135513017,0.2726902379067328,-0.009154806459573058,-0.00917158355975425
18.0,12.0,0.0,0.0,0.0,0.0,0.0,0.0,0.0,0.0,0.0,0.0,0.0,0.0,0.2725940274558018,0.2724989872113819,-0.00918850240438988,-0.009205251988255942
18.0,12.5,0.0,0.0,0.0,0.0,0.0,0.0,0.0,0.0,0.0,0.0,0.057421782738108586,0.057421782738108586,0.2724230585990032,0.2723285824093966,-0.009218659546018238,-0.009235374756792395
18.0,13.0,0.0,0.0,0.0,0.0,0.0,0.0,0.0,0.0,0.0,0.0,0.11509007183057006,0.11509007183057006,0.27224639160384617,0.2721524706792575,-0.009249945754243821,-0.009266629844708245
18.0,13.5,0.0,0.0,0.0,0.0,0.0,0.0,0.0,0.0,0.0,0.0,0.1353530086107396,0.1353530086107396,0.27206395415095047,0.2719705800387926,-0.009282386728864934,-0.00929904292615887
18.0,14.0,0.0,0.0,0.0,0.0,0.0,0.0,0.0,0.0,0.0,0.0,0.05750910434507799,0.05750910434507799,0.2718804739009584,0.27178763846535453,-0.009315149951138637,-0.009331779633905276
18.0,14.5,0.0,0.0,0.0,0.0,0.0,0.0,0.0,0.0,0.0,0.0,0.03655882859356579,0.03655882859356579,0.2717084156538697,0.27161611105665456,-0.009345998855465347,-0.009362598621568213
18.0,15.0,0.0,0.0,0.0,0.0,0.0,0.0,0.0,0.0,0.0,0.0,0.0,0.0,0.2715404937378026,0.27144871242087676,-0.009376223582096242,-0.009392792773646927
18.0,15.5,0.0,0.0,0.0,0.0,0.0,0.0,0.0,0.0,0.0,0.0,0.0,0.0,0.27137866320470144,0.2712873978736266,-0.009405462167477209,-0.00942199935533113
18.0,16.0,0.0,0.0,0.0,0.0,0.0,0.0,0.0,0.0,0.0,0.0,0.0,0.0,0.27121823274567236,0.2711274763544303,-0.009434555087367324,-0.009451060594688466
18.0,16.5,0.0,0.0,0.0,0.0,0.0,0.0,0.0,0.0,0.0,0.0,0.0,0.0,0.27105917123107065,0.2709689169678988,-0.009463505672454547,-0.009479979804499402
18.0,17.0,0.0,0.0,0.0,0.0,0.0,0.0,0.0,0.0,0.0,0.0,0.0,0.0,0.2709014488348787,0.27081169010910555,-0.009492317100131278,-0.009508760145486005
18.0,17.5,0.0,0.0,0.0,0.0,0.0,0.0,0.0,0.0,0.0,0.0,0.0,0.0,0.2707450369584146,0.27065576738821334,-0.009520992403642358,-0.009537404635371085
18.0,18.0,0.0,0.0,0.0,0.0,0.0,0.0,0.0,0.0,0.0,0.0,0.0,0.0,0.270589908159456,0.2705011215604429,-0.00954953448059382,-0.009565916157305301
18.0,18.5,0.0,0.0,0.0,0.0,0.0,0.0,0.0,0.0,0.0,0.0,0.0,0.0,0.2704360360863333,0.27034772646094524,-0.009577946100873697,-0.009594297467712403
18.0,19.0,0.0,0.0,0.0,0.0,0.0,0.0,0.0,0.0,0.0,0.0,0.0,0.0,0.2702833954165905,0.2701955569441786,-0.009606229914031648,-0.009622551203599377
18.0,19.5,0.0,0.0,0.0,0.0,0.0,0.0,0.0,0.0,0.0,0.0,0.0,0.0,0.2701319617998456,0.270044588827432,-0.009634388456159751,-0.00965067988937295
18.0,20.0,0.0,0.0,0.0,0.0,0.0,0.0,0.0,0.0,0.0,0.0,0.0,0.0,0.2699817118045184,0.26989479883816364,-0.009662424156313396,-0.009678685943201018
18.0,20.5,0.0,0.0,0.0,0.0,0.0,0.0,0.0,0.0,0.0,0.0,0.0,0.0,0.2698326228681237,0.2697461645648595,-0.009690339342507135,-0.00970657168295361
18.0,21.0,0.0,0.0,0.0,0.0,0.0,0.0,0.0,0.0,0.0,0.0,0.0,0.0,0.26968467325085216,0.26959866441113745,-0.00971813624731811,-0.00973433933175526
18.0,21.5,0.0,0.0,0.0,0.0,0.0,0.0,0.0,0.0,0.0,0.0,0.0,0.0,0.2695378419921892,0.2694522775528497,-0.009745817013126042,-0.009761991023177955
18.0,22.0,0.0,0.0,0.0,0.0,0.0,0.0,0.0,0.0,0.0,0.0,0.0,0.0,0.26939210887034043,0.2693069838979572,-0.009773383697016993,-0.009789528806101046
18.0,22.5,0.0,0.0,0.0,0.0,0.0,0.0,0.0,0.0,0.0,0.0,0.0,0.0,0.26924745436425435,0.269162764048969,-0.0098008382753754,-0.009816954649262665
18.0,23.0,0.0,0.0,0.0,0.0,0.0,0.0,0.0,0.0,0.0,0.0,0.0,0.0,0.26910385961805033,0.26901959926775576,-0.009828182648186946,-0.009844270445524883
18.0,23.5,0.0,0.0,0.0,0.0,0.0,0.0,0.0,0.0,0.0,0.0,0.0,0.0,0.2689613064076751,0.26887747144256535,-0.009855418643073028,-0.009871478015873096
18.0,24.0,0.0,0.0,0.0,0.0,0.0,0.0,0.0,0.0,0.0,0.0,0.0,0.0,0.2688197771096264,0.2687363630570798,-0.009882548019075938,-0.009898579113168656
19.0,0.5,0.0,0.0,0.0,0.0,0.0,0.0,0.0,0.0,0.0,0.0,0.0,0.0,0.26867925467159587,0.2685962571613685,-0.009909572470212138,-0.009925575425671764
19.0,1.0,0.0,0.0,0.0,0.0,0.0,0.0,0.0,0.0,0.0,0.0,0.0,0.0,0.26853972258489445,0.268457137344602,-0.009936493628809938,-0.009952468580350832
19.0,1.5,0.0,0.0,0.0,0.0,0.0,0.0,0.0,0.0,0.0,0.0,0.0,0.0,0.26840116485853555,0.26831898770940427,-0.00996331306864614,-0.009979260145993003
19.0,2.0,0.0,0.0,0.0,0.0,0.0,0.0,0.0,0.0,0.0,0.0,0.0,0.0,0.26826356599486006,0.26818179284772775,-0.009990032307895766,-0.010005951636129166
19.0,2.5,0.0,0.0,0.0,0.0,0.0,0.0,0.0,0.0,0.0,0.0,0.0,0.0,0.2681269109665976,0.2680455378181482,-0.010016652811907046,-0.010032544511786267
19.0,3.0,0.0,0.0,0.0,0.0,0.0,0.0,0.0,0.0,0.0,0.0,0.0,0.0,0.2679911851952646,0.26791020812448146,-0.01004317599581387,-0.010059040184078239
19.0,3.5,0.0,0.0,0.0,0.0,0.0,0.0,0.0,0.0,0.0,0.0,0.0,0.0,0.2678563745308117,0.2677757896956329,-0.010069603226995908,-0.010085440016646411
19.0,4.0,0.0,0.0,0.0,0.0,0.0,0.0,0.0,0.0,0.0,0.0,0.0,0.0,0.2677224652324327,0.26764226886659753,-0.010095935827397033,-0.010111745327959233
19.0,4.5,0.0,0.0,0.0,0.0,0.0,0.0,0.0,0.0,0.0,0.0,0.0,0.0,0.26758944395046214,0.2675096323605342,-0.010122175075710761,-0.010137957393480423
19.0,5.0,0.0,0.0,0.0,0.0,0.0,0.0,0.0,0.0,0.0,0.0,0.0,0.0,0.2674572977092866,0.2673778672718435,-0.010148322209441648,-0.010164077447714179
19.0,5.5,0.0,0.0,0.0,0.0,0.0,0.0,0.0,0.0,0.0,0.0,0.0,0.0,0.267326013891206,0.2672469610501839,-0.01017437842685044,-0.010190106686135104
19.0,6.0,0.0,0.0,0.0,0.0,0.0,0.0,0.0,0.0,0.0,0.0,0.0,0.0,0.2671955802211821,0.2671169014853657,-0.010200344888790389,-0.010216046267010483
19.0,6.5,0.0,0.0,0.0,0.0,0.0,0.0,0.0,0.0,0.0,0.0,0.0,0.0,0.267065984752418,0.2669876766930666,-0.01022622272044162,-0.010241897313121308
19.0,7.0,0.0,0.0,0.0,0.0,0.0,0.0,0.0,0.0,0.0,0.0,0.0,0.0,0.2669372158527158,0.2668592751013167,-0.010252013012949944,-0.010267660913388795
19.0,7.5,0.0,0.0,0.0,0.0,0.0,0.0,0.0,0.0,0.0,0.0,0.0,0.0,0.26680926219156353,0.26673168543770487,-0.010277716824975969,-0.010293338124411851
19.0,8.0,0.0,0.0,0.0,0.0,0.0,0.0,0.0,0.0,0.0,0.0,0.0,0.0,0.2666821127279057,0.2666048967172615,-0.010303335184160161,-0.010318929971921327
19.0,8.5,0.0,0.0,0.0,0.0,0.0,0.0,0.0,0.0,0.0,0.0,0.0,0.0,0.26655575669855525,0.2664788982309752,-0.010328869088508809,-0.010344437452155877
19.0,9.0,0.0,0.0,0.0,0.0,0.0,0.0,0.0,0.0,0.0,0.0,0.0,0.0,0.2664301836072075,0.26635367953490563,-0.01035431950770593,-0.010369861533164272
19.0,9.5,0.0,0.0,0.0,0.0,0.0,0.0,0.0,0.0,0.0,0.0,0.0829125838507889,0.0829125838507889,0.26630538321401953,0.26622923043985547,-0.010379687384355366,-0.010395203156038655
19,10.0,0.3942144143275284,0.40720827431846723,0.018826998999701344,0.07106985763300144,15.798771141007515,17.758043050016777,True,True,0.01160799818183804,0.04424376884176038,0.5614692697243892,0.5614692697243892,0.26617077974407033,0.26609497521991704,-0.01040713095959876,-0.010422624387614566
19.0,10.5,0.0,0.0,0.0,0.0,0.0,0.0,0.0,0.0,0.0,0.0,0.41567460780820675,0.41567460780820675,0.2659735462336723,0.2658914295057812,-0.010447500154163385,-0.0104643625662447
19,11.0,0.5125881418743197,0.5286390972492399,0.02696468559407946,0.0725839576703457,15.59298763507477,17.387637330385168,True,True,0.01402516238864447,0.03794837042582087,0.5027822322024144,0.5027822322024144,0.26579803434132865,0.2657162599081106,-0.010483580399840656,-0.010500441583649218
19,11.5,0.5711570124744134,0.5875448223825859,0.031266196099771285,0.0676471342669989,15.514598745352412,17.091516404045787,True,True,0.015217349955681308,0.03315073737110927,0.6583074290915658,0.6583074290915658,0.2656087200098256,0.2655214715702008,-0.010522664596689255,-0.010540735584045419
19,12.0,0.6728003954482583,0.6918288144443332,0.04028163938097327,0.07641539303735087,15.317483257530421,16.795303970000354,True,True,0.016815189700801984,0.03211425222444406,0.7316423563317869,0.7316423563317869,0.2653997635350431,0.26530821548894046,-0.010566005684484544,-0.01058506127693114
19,12.5,0.7078690142447129,0.7244017251673083,0.04366013017467043,0.07061639051072105,15.245616033596951,16.462302124557663,True,True,0.017300965583590174,0.0280808840303758,0.24001737660719719,0.24001737660719719,0.2651810290562156,0.2650852100785356,-0.010611602952195981,-0.010631651148286306
19.0,13.0,0.0,0.0,0.0,0.0,0.0,0.0,0.0,0.0,0.0,0.0,0.13823270050021633,0.13823270050021633,0.26502522063652073,0.26492629745747004,-0.010644225705990929,-0.01066500000064774
19.0,13.5,0.0,0.0,0.0,0.0,0.0,0.0,0.0,0.0,0.0,0.0,0.039791796611559696,0.039791796611559696,0.26754349107409253,0.26744494042066713,-0.01013125843466471,-0.010150771398134237
19.0,14.0,0.0,0.0,0.0,0.0,0.0,0.0,0.0,0.0,0.0,0.0,0.00581904691738913,0.00581904691738913,0.26740303970967755,0.26730485733188,-0.010159081275378033,-0.010178584874393107
19.0,14.5,0.0,0.0,0.0,0.0,0.0,0.0,0.0,0.0,0.0,0.0,0.0,0.0,0.26726793714192215,0.26717011890888837,-0.010185930485992794,-0.010205422880273074
19.0,15.0,0.0,0.0,0.0,0.0,0.0,0.0,0.0,0.0,0.0,0.0,0.0,0.0,0.26978748410103337,0.2696900742384916,-0.009698810000054386,-0.009717119835591771
19.0,15.5,0.0,0.0,0.0,0.0,0.0,0.0,0.0,0.0,0.0,0.0,0.0,0.0,0.2722866784617429,0.2721897244454826,-0.009242800176560184,-0.009260007807743848
19.0,16.0,0.0,0.0,0.0,0.0,0.0,0.0,0.0,0.0,0.0,0.0,0.0,0.0,0.2747634831750193,0.2746670354786868,-0.008815858104197454,-0.008832037739226552
19.0,16.5,0.0,0.0,0.0,0.0,0.0,0.0,0.0,0.0,0.0,0.0,0.0,0.0,0.2798573521599376,0.2797615359343384,-0.00800938648999866,-0.008023723585687656
19.0,17.0,0.0,0.0,0.0,0.0,0.0,0.0,0.0,0.0,0.0,0.0,0.0,0.0,0.2796116685672069,0.2795164630697533,-0.008046209784611999,-0.008060533481933179
19.0,17.5,0.0,0.0,0.0,0.0,0.0,0.0,0.0,0.0,0.0,0.0,0.0,0.0,0.2793707521798281,0.27927613853571576,-0.008082514608341222,-0.008096825737854776
19.0,18.0,0.0,0.0,0.0,0.0,0.0,0.0,0.0,0.0,0.0,0.0,0.0,0.0,0.27913433533535525,0.2790402963295431,-0.008118331271125675,-0.008132630536382022
19.0,18.5,0.0,0.0,0.0,0.0,0.0,0.0,0.0,0.0,0.0,0.0,0.0,0.0,0.27890217253354904,0.27880869243096323,-0.008153687638036082,-0.008167975630358783
19.0,19.0,0.0,0.0,0.0,0.0,0.0,0.0,0.0,0.0,0.0,0.0,0.0,0.0,0.2786740380617895,0.2785811024709571,-0.00818860938541874,-0.008202886593621467
19.0,19.5,0.0,0.0,0.0,0.0,0.0,0.0,0.0,0.0,0.0,0.0,0.0,0.0,0.2784497240003993,0.27835731975039363,-0.008223120213408684,-0.008237387032742982
19.0,20.0,0.0,0.0,0.0,0.0,0.0,0.0,0.0,0.0,0.0,0.0,0.0,0.0,0.2782290384704578,0.2781371534997312,-0.008257242033341435,-0.008271498773731538
19.0,20.5,0.0,0.0,0.0,0.0,0.0,0.0,0.0,0.0,0.0,0.0,0.0,0.0,0.2780118040896077,0.27792042734544364,-0.008290995133555287,-0.008305242027175284
19.0,21.0,0.0,0.0,0.0,0.0,0.0,0.0,0.0,0.0,0.0,0.0,0.0,0.0,0.2777978566069332,0.2777069779543947,-0.00832439832652319,-0.008338635534769248
19.0,21.5,0.0,0.0,0.0,0.0,0.0,0.0,0.0,0.0,0.0,0.0,0.0,0.0,0.27758704369256954,0.2774966538319474,-0.008357469079796535,-0.008371696699703932
19.0,22.0,0.0,0.0,0.0,0.0,0.0,0.0,0.0,0.0,0.0,0.0,0.0,0.0,0.27737922386147085,0.27728931425335085,-0.008390223632866322,-0.00840444170301736
19.0,22.5,0.0,0.0,0.0,0.0,0.0,0.0,0.0,0.0,0.0,0.0,0.0,0.0,0.2771742655138855,0.2770848283110563,-0.00842267710173378,-0.008436885607698834
19.0,23.0,0.0,0.0,0.0,0.0,0.0,0.0,0.0,0.0,0.0,0.0,0.0,0.0,0.27697204607768416,0.2768830740631934,-0.008454843572720474,-0.00846904245207121
19.0,23.5,0.0,0.0,0.0,0.0,0.0,0.0,0.0,0.0,0.0,0.0,0.0,0.0,0.2767724512398433,0.27668393777059136,-0.008486736186829965,-0.008500925333760196
19.0,24.0,0.0,0.0,0.0,0.0,0.0,0.0,0.0,0.0,0.0,0.0,0.0,0.0,0.2765753742562022,0.27648731321152975,-0.008518367215788736,-0.008532546485375166
20.0,0.5,0.0,0.0,0.0,0.0,0.0,0.0,0.0,0.0,0.0,0.0,0.0,0.0,0.27638071533013114,0.2762931010649173,-0.00854974813073947,-0.008563917342871876
20.0,1.0,0.0,0.0,0.0,0.0,0.0,0.0,0.0,0.0,0.0,0.0,0.0,0.0,0.2788335093487371,0.27874639412176794,-0.00816417957510171,-0.008177514198710505
20.0,1.5,0.0,0.0,0.0,0.0,0.0,0.0,0.0,0.0,0.0,0.0,0.0,0.0,0.27861718506759986,0.2785305611686406,-0.008197339893757852,-0.008210663439563658
20.0,2.0,0.0,0.0,0.0,0.0,0.0,0.0,0.0,0.0,0.0,0.0,0.0,0.0,0.2784039023031804,0.27831776270996994,-0.00823019120364206,-0.008243503483595371
20.0,2.5,0.0,0.0,0.0,0.0,0.0,0.0,0.0,0.0,0.0,0.0,0.0,0.0,0.2781935250738119,0.2781078633858951,-0.008262748767246066,-0.00827604954911203
20.0,3.0,0.0,0.0,0.0,0.0,0.0,0.0,0.0,0.0,0.0,0.0,0.0,0.0,0.2779859268788342,0.2779007372573604,-0.008295026789816707,-0.008308315801991763
20.0,3.5,0.0,0.0,0.0,0.0,0.0,0.0,0.0,0.0,0.0,0.0,0.0,0.0,0.2777809898908242,0.2776962670037555,-0.008327038505511294,-0.00834031544146893
20.0,4.0,0.0,0.0,0.0,0.0,0.0,0.0,0.0,0.0,0.0,0.0,0.0,0.0,0.2775786042293749,0.2774943432015997,-0.008358796255185463,-0.008372060777577524
20.0,4.5,0.0,0.0,0.0,0.0,0.0,0.0,0.0,0.0,0.0,0.0,0.0,0.0,0.282663313008307,0.2825796350865176,-0.00760274880748456,-0.007614514270540258
20.0,5.0,0.0,0.0,0.0,0.0,0.0,0.0,0.0,0.0,0.0,0.0,0.0,0.0,0.2824081247656588,0.28232501903529145,-0.007638697204364312,-0.007650448010006402
20.0,5.5,0.0,0.0,0.0,0.0,0.0,0.0,0.0,0.0,0.0,0.0,0.0,0.0,0.2821573790326331,0.28207483580457837,-0.007674217219683646,-0.0076859531182481965
20.0,6.0,0.0,0.0,0.0,0.0,0.0,0.0,0.0,0.0,0.0,0.0,0.0,0.0,0.2819108258577532,0.28182883653360846,-0.007709335376939908,-0.0077210560460156666
20.0,6.5,0.0,0.0,0.0,0.0,0.0,0.0,0.0,0.0,0.0,0.0,0.0,0.0,0.2816682358863991,0.28158679283659804,-0.007744076070371798,-0.007755781123631977
20.0,7.0,0.0,0.0,0.0,0.0,0.0,0.0,0.0,0.0,0.0,0.0,0.0,0.0,0.2814293983457868,0.28134849479955665,-0.007778461761410092,-0.007790150756777405
20.0,7.5,0.0,0.0,0.0,0.0,0.0,0.0,0.0,0.0,0.0,0.0,0.0,0.0,0.2811941192597516,0.28111374920586574,-0.007812513153904008,-0.007824185601069513
20.0,8.0,0.0,0.0,0.0,0.0,0.0,0.0,0.0,0.0,0.0,0.0,0.0,0.0,0.28096221986342634,0.2808823779607675,-0.007846249350741666,-0.007857904718067564
20.0,8.5,0.0,0.0,0.0,0.0,0.0,0.0,0.0,0.0,0.0,0.0,0.0,0.0,0.2807335351921565,0.2806542166891722,-0.00787968799413729,-0.00789132571497869
20.0,9.0,0.0,0.0,0.0,0.0,0.0,0.0,0.0,0.0,0.0,0.0,0.0,0.0,0.28050791282263254,0.2804291134848392,-0.007912845391554946,-0.007924464870037439
20.0,9.5,0.0,0.0,0.0,0.0,0.0,0.0,0.0,0.0,0.0,0.0,0.0,0.0,0.2802852117473137,0.2802069277920764,-0.007945736628976735,-0.007957337245267267
20.0,10.0,0.0,0.0,0.0,0.0,0.0,0.0,0.0,0.0,0.0,0.0,0.12468384574280335,0.12468384574280335,0.28270686013407376,0.28262915411121753,-0.007596634470468138,-0.007607549072042614
20,10.5,1.153205008062669,1.1648348065856016,0.05995159903572584,0.07528295746131285,15.614889866719878,16.201126858394673,True,False,0.0317929167791795,0.04007681090232707,0.221228579673457,0.221228579673457,0.2824441497815243,0.28236701558953897,-0.007633610098637551,-0.00764450718156379
20.0,11.0,0.0,0.0,0.0,0.0,0.0,0.0,0.0,0.0,0.0,0.0,0.15137675683958915,0.15137675683958915,0.28216513103170665,0.2820866095350127,-0.007673116146741522,-0.007684277836323098
20,11.5,1.293976562333718,1.298111814918549,0.07046987975578554,0.0752295292885788,15.51398443634888,15.719917568943048,False,False,0.0344683578970726,0.036859986062438954,0.1846374110060199,0.1846374110060199,0.28190610220419215,0.28182814229753217,-0.007710010064482556,-0.007721155380172609
20,12.0,1.4432688683082675,1.446665334295121,0.08135509301992921,0.08381214456293135,15.448798820373664,15.571634743811373,False,False,0.037623799640144194,0.03895644684213161,0.3805079373576368,0.3805079373576368,0.2816371324930937,0.28155912333296745,-0.007748543786401213,-0.007759762600949434
20,12.5,1.4217169360994946,1.4235630773401988,0.08237689442631531,0.08369031178727003,15.381742724950799,15.460986798558224,False,False,0.03626498016364749,0.0369182293792419,0.23186091702497544,0.23186091702497544,0.2813449356043474,0.28126716675424235,-0.007790665471978911,-0.00780192218398632
20.0,13.0,0.0,0.0,0.0,0.0,0.0,0.0,0.0,0.0,0.0,0.0,0.11086899550242879,0.11086899550242879,0.2810745259985502,0.28099713971411283,-0.007829889680247728,-0.007841158205811535
20.0,13.5,0.0,0.0,0.0,0.0,0.0,0.0,0.0,0.0,0.0,0.0,0.3542314626335031,0.3542314626335031,0.2808328730865465,0.2807560335852896,-0.007865141829218292,-0.007876390722166029
20.0,14.0,0.0,0.0,0.0,0.0,0.0,0.0,0.0,0.0,0.0,0.0,0.22886097557173019,0.22886097557173019,0.2832038533570141,0.28312762768722044,-0.0075272662964958595,-0.007537856394415479
20.0,14.5,0.0,0.0,0.0,0.0,0.0,0.0,0.0,0.0,0.0,0.0,0.15576933646839267,0.15576933646839267,0.2855596783300834,0.28548413813158485,-0.007208540820483324,-0.007218508245037096
20.0,15.0,0.0,0.0,0.0,0.0,0.0,0.0,0.0,0.0,0.0,0.0,0.04436828055888491,0.04436828055888491,0.28789123328557337,0.2878164543683605,-0.006908806510926149,-0.006918186485226562
20.0,15.5,0.0,0.0,0.0,0.0,0.0,0.0,0.0,0.0,0.0,0.0,0.0,0.0,0.2875714101932241,0.2874973784526089,-0.006949030374050946,-0.006958381011702048
20.0,16.0,0.0,0.0,0.0,0.0,0.0,0.0,0.0,0.0,0.0,0.0,0.0,0.0,0.2872634895390407,0.2871901927148461,-0.006988021191016931,-0.006997340862816061
20.0,16.5,0.0,0.0,0.0,0.0,0.0,0.0,0.0,0.0,0.0,0.0,0.0,0.0,0.289592494884668,0.28952001326772825,-0.006699444693717181,-0.006708208938051488
20.0,17.0,0.0,0.0,0.0,0.0,0.0,0.0,0.0,0.0,0.0,0.0,0.0,0.0,0.2918837219194447,0.29181213943597767,-0.006429299573284482,-0.006437540742429351
20.0,17.5,0.0,0.0,0.0,0.0,0.0,0.0,0.0,0.0,0.0,0.0,0.0,0.0,0.2915124047784872,0.291441699930628,-0.006472185663165716,-0.006480390458478934
20.0,18.0,0.0,0.0,0.0,0.0,0.0,0.0,0.0,0.0,0.0,0.0,0.0,0.0,0.29114998501933786,0.29108013974215097,-0.006514373215122755,-0.006522541181820738
20.0,18.5,0.0,0.0,0.0,0.0,0.0,0.0,0.0,0.0,0.0,0.0,0.0,0.0,0.29079570225904977,0.2907267013698541,-0.006555930643614819,-0.006564061168308471
20.0,19.0,0.0,0.0,0.0,0.0,0.0,0.0,0.0,0.0,0.0,0.0,0.0,0.0,0.29044888539670766,0.2903807160926363,-0.0065969186314111024,-0.006605010974837455
20.0,19.5,0.0,0.0,0.0,0.0,0.0,0.0,0.0,0.0,0.0,0.0,0.0,0.0,0.2901089411066821,0.29004159253254225,-0.006637391042838927,-0.00664544436876554
20.0,20.0,0.0,0.0,0.0,0.0,0.0,0.0,0.0,0.0,0.0,0.0,0.0,0.0,0.29240251571439385,0.2923360797352952,-0.0063699459394589006,-0.0063775101199016
20.0,20.5,0.0,0.0,0.0,0.0,0.0,0.0,0.0,0.0,0.0,0.0,0.0,0.0,0.29465476046993516,0.2945893330070673,-0.006119723137810944,-0.006126825050304487
20.0,21.0,0.0,0.0,0.0,0.0,0.0,0.0,0.0,0.0,0.0,0.0,0.0,0.0,0.29947444489862124,0.2994102596760539,-0.005622518346925634,-0.005628816201832156
20.0,21.5,0.0,0.0,0.0,0.0,0.0,0.0,0.0,0.0,0.0,0.0,0.0,0.0,0.30676139527359175,0.3066988898125599,-0.004959076253283952,-0.004964356938109679
20.0,22.0,0.0,0.0,0.0,0.0,0.0,0.0,0.0,0.0,0.0,0.0,0.0,0.0,0.3086556178272051,0.30859486772095024,-0.004802174511248012,-0.004807113904677222
20.0,22.5,0.0,0.0,0.0,0.0,0.0,0.0,0.0,0.0,0.0,0.0,0.0,0.0,0.30792190864137564,0.30786280054942344,-0.004862236971507468,-0.00486711448773401
20.0,23.0,0.0,0.0,0.0,0.0,0.0,0.0,0.0,0.0,0.0,0.0,0.0,0.0,0.3123807536722861,0.3123235940722895,-0.004510525385062747,-0.00451483835231445
20.0,23.5,0.0,0.0,0.0,0.0,0.0,0.0,0.0,0.0,0.0,0.0,0.0,0.0,0.3166730493500293,0.3166181568740823,-0.004200228546405201,-0.004204033117692159
20.0,24.0,0.0,0.0,0.0,0.0,0.0,0.0,0.0,0.0,0.0,0.0,0.0,0.0,0.31569877404691743,0.3156459695891095,-0.004268369546351325,-0.0042721001797663485
21.0,0.5,0.0,0.0,0.0,0.0,0.0,0.0,0.0,0.0,0.0,0.0,0.0,0.0,0.3147844051654739,0.3147335780789305,-0.004333521991717726,-0.004337178259953931
21.0,1.0,0.0,0.0,0.0,0.0,0.0,0.0,0.0,0.0,0.0,0.0,0.0,0.0,0.31903151653166245,0.318983063817552,-0.004040571404484918,-0.004043777890717567
21.0,1.5,0.0,0.0,0.0,0.0,0.0,0.0,0.0,0.0,0.0,0.0,0.0,0.0,0.31800460905720546,0.31795840837639555,-0.004109183190836819,-0.004112302537395769
21.0,2.0,0.0,0.0,0.0,0.0,0.0,0.0,0.0,0.0,0.0,0.0,0.0,0.0,0.3170316440223017,0.31698762698909877,-0.0041754752053645705,-0.004178504269860982
21.0,2.5,0.0,0.0,0.0,0.0,0.0,0.0,0.0,0.0,0.0,0.0,0.0,0.0,0.31865687413064336,0.31861525246424166,-0.004065443439791981,-0.004068217893200036
21.0,3.0,0.0,0.0,0.0,0.0,0.0,0.0,0.0,0.0,0.0,0.0,0.0,0.0,0.32020590879053396,0.32016689978439883,-0.003963771503653609,-0.003966294436050677
21.0,3.5,0.0,0.0,0.0,0.0,0.0,0.0,0.0,0.0,0.0,0.0,0.0,0.0,0.31913621718501745,0.3190997542896621,-0.004033652902279421,-0.004036060726674981
21.0,4.0,0.0,0.0,0.0,0.0,0.0,0.0,0.0,0.0,0.0,0.0,0.0,0.0,0.3181075847456499,0.31807363619772633,-0.004102240686158328,-0.004104527913643737
21.0,4.5,0.0,0.0,0.0,0.0,0.0,0.0,0.0,0.0,0.0,0.0,0.0,0.0,0.3171109277672161,0.31707948248957807,-0.004170025833710753,-0.004172186132391311
21.0,5.0,0.0,0.0,0.0,0.0,0.0,0.0,0.0,0.0,0.0,0.0,0.0,0.0,0.3161395041500753,0.31611056293744944,-0.004237382905632851,-0.00423940945040562
21.0,5.5,0.0,0.0,0.0,0.0,0.0,0.0,0.0,0.0,0.0,0.0,0.0,0.0,0.31518822787524636,0.31516179759569746,-0.004304602956498579,-0.004306488666965507
21.0,6.0,0.0,0.0,0.0,0.0,0.0,0.0,0.0,0.0,0.0,0.0,0.0,0.0,0.31425322129569866,0.31422931092420786,-0.004371915071239619,-0.004373652783825441
21.0,6.5,0.0,0.0,0.0,0.0,0.0,0.0,0.0,0.0,0.0,0.0,0.0,0.0,0.31333151163288725,0.31331012946495357,-0.004439500970900668,-0.00444108356980258
21.0,7.0,0.0,0.0,0.0,0.0,0.0,0.0,0.0,0.0,0.0,0.0,0.0,0.0,0.31242126957696154,0.31240234732969907,-0.004507471237671253,-0.004508897317231296
21.0,7.5,0.0,0.0,0.0,0.0,0.0,0.0,0.0,0.0,0.0,0.0,0.0,0.0,0.31152216874470534,0.31150558546459667,-0.004575830258782413,-0.004577102648483533
21.0,8.0,0.0,0.0,0.0,0.0,0.0,0.0,0.0,0.0,0.0,0.0,0.0,0.0,0.31063473321150686,0.3106203344280308,-0.004644517054697986,-0.004645641597037717
21.0,8.5,0.0,0.0,0.0,0.0,0.0,0.0,0.0,0.0,0.0,0.0,0.0,0.0,0.3097599045932076,0.3097475173754825,-0.004713433833523842,-0.004714418381419383
21.0,9.0,0.0,0.0,0.0,0.0,0.0,0.0,0.0,0.0,0.0,0.0,0.0,0.0,0.30889876238004127,0.30888820675702305,-0.004782465656553023,-0.004783319272589413
21.0,9.5,0.0,0.0,0.0,0.0,0.0,0.0,0.0,0.0,0.0,0.0,0.05542913687355788,0.05542913687355788,0.3080523520566888,0.3080434492842148,-0.004851493557715976,-0.0048522258965812744
21,10.0,1.169381492730088,1.1833974891146881,0.04703400011519707,0.06687234849837802,16.151221953896165,16.865060914247806,True,True,0.03960048369286045,0.0569558854603255,0.26913680048151273,0.26913680048151273,0.3072145244809114,0.3072071026866962,-0.004920993749490819,-0.0049216146892205005
21.0,10.5,0.0,0.0,0.0,0.0,0.0,0.0,0.0,0.0,0.0,0.0,0.47246016859382967,0.47246016859382967,0.3063598525273023,0.30635122221717037,-0.0049931170263616004,-0.004993851711387166
21,11.0,1.3479386221212988,1.3648512904741996,0.06183150067009044,0.08764170049271024,15.896771905440426,16.67948066099012,False,False,0.04118548159009497,0.0588659148123946,0.6164391743947366,0.6164391743947366,0.3055021910602855,0.30549473126777643,-0.005066762236597355,-0.005067408445244939
21,11.5,1.5104363638812932,1.525656680165339,0.07473155426755146,0.0896550978046012,15.766095970605415,16.271733927546766,True,True,0.043944590556613955,0.053665141425313666,0.9540962211758616,0.9540962211758616,0.3046355872904869,0.304625873178035,-0.005142493621331856,-0.005143350138688251
21,12.0,1.68858378214634,1.6814391304294452,0.09821130894633408,0.08811962984221505,15.436378235959529,15.235994780959123,True,True,0.04384032068529986,0.040202166547479184,1.2530811911820219,1.2530811911820219,0.30374178499566745,0.3037310814915497,-0.005222019030901973,-0.005222980210035208
21,12.5,1.6961295498450586,1.6747341262655138,0.10777224124139176,0.0879595655896533,15.214318081771975,14.645288675788986,True,True,0.04106007672232831,0.0338430528533281,0.9734104381103956,0.9734104381103956,0.3028244072832811,0.3028157926995804,-0.005305170620561569,-0.005305958896085355
21,13.0,1.6483816942890421,1.6208957015968402,0.10682735034122212,0.08339750685908964,15.166473766558784,14.423458411679082,True,True,0.03933146824316603,0.030974135411973917,0.8925094463477468,0.8925094463477468,0.3019588885609498,0.30195350445873487,-0.0053850718145239725,-0.005385573322561268
21,13.5,1.5771477328346124,1.559312618730666,0.1036850264286854,0.0858158381456339,15.124266515544736,14.571521508251656,False,False,0.0371612639308993,0.030913064483894873,0.6912899897914959,0.6912899897914959,0.3011210596798648,0.3011192811233775,-0.005463786170580316,-0.005463954719135816
21,14.0,1.5699507836884126,1.5397480497023652,0.10739966183422678,0.08244835555768018,15.074557405993788,14.313138796698334,True,True,0.03645487351763042,0.02860007886909397,1.3106909381245087,1.3106909381245087,0.30032627673051376,0.3003273195083031,-0.005539726498330977,-0.005539626041633037
21,14.5,1.289461971060028,1.2749684704919264,0.08546069674265708,0.07058160348700779,15.104236579592648,14.535781134827905,False,False,0.030203506178856285,0.025025547192523315,0.41698559343926217,0.41698559343926217,0.2994687742574968,0.2994734744434638,-0.005623074412089919,-0.0056226135054700185
21.0,15.0,0.0,0.0,0.0,0.0,0.0,0.0,0.0,0.0,0.0,0.0,0.14957015058610393,0.14957015058610393,0.29874427617982985,0.2987512919327942,-0.005694661078784822,-0.005693962673252011
21.0,15.5,0.0,0.0,0.0,0.0,0.0,0.0,0.0,0.0,0.0,0.0,0.09941117380038082,0.09941117380038082,0.29808066798390437,0.2980880520225441,-0.005761185959524271,-0.005760440652185813
21.0,16.0,0.0,0.0,0.0,0.0,0.0,0.0,0.0,0.0,0.0,0.0,0.0,0.0,0.2974389500522476,0.2974466573873497,-0.005826398848034832,-0.005825610408439115
21.0,16.5,0.0,0.0,0.0,0.0,0.0,0.0,0.0,0.0,0.0,0.0,0.0,0.0,0.2968249589776148,0.2968329500245448,-0.005889618993760491,-0.005888790954527107
21.0,17.0,0.0,0.0,0.0,0.0,0.0,0.0,0.0,0.0,0.0,0.0,0.0,0.0,0.29622557695903184,0.296233816841363,-0.005952124835755211,-0.005951260206895101
21.0,17.5,0.0,0.0,0.0,0.0,0.0,0.0,0.0,0.0,0.0,0.0,0.0,0.0,0.295640350020233,0.295648807966417,-0.006013918600106015,-0.006013020102499061
21.0,18.0,0.0,0.0,0.0,0.0,0.0,0.0,0.0,0.0,0.0,0.0,0.0,0.0,0.29506882417218777,0.2950774729928967,-0.0060750047919443904,-0.006074074889448012
21.0,18.5,0.0,0.0,0.0,0.0,0.0,0.0,0.0,0.0,0.0,0.0,0.0,0.0,0.29451054900803214,0.29451936464354794,-0.006135389801777949,-0.006134430729559556
21.0,19.0,0.0,0.0,0.0,0.0,0.0,0.0,0.0,0.0,0.0,0.0,0.0,0.0,0.2939650805755055,0.2939740417037659,-0.006195081560757669,-0.006194095350276967
21.0,19.5,0.0,0.0,0.0,0.0,0.0,0.0,0.0,0.0,0.0,0.0,0.0,0.0,0.293431983621662,0.29344107131872166,-0.006254089241857038,-0.006253077742887621
21.0,20.0,0.0,0.0,0.0,0.0,0.0,0.0,0.0,0.0,0.0,0.0,0.0,0.0,0.2929108333025891,0.2929200307483085,-0.006312423002969419,-0.006311387903011607
21.0,20.5,0.0,0.0,0.0,0.0,0.0,0.0,0.0,0.0,0.0,0.0,0.0,0.0,0.2924012164441038,0.2924105086668277,-0.0063700937675537595,-0.006369036608953914
21.0,21.0,0.0,0.0,0.0,0.0,0.0,0.0,0.0,0.0,0.0,0.0,0.0,0.0,0.29190273243040366,0.29191210608523493,-0.006427113038450944,-0.006426035233507713
21.0,21.5,0.0,0.0,0.0,0.0,0.0,0.0,0.0,0.0,0.0,0.0,0.0,0.0,0.29141499378797087,0.2914244369639895,-0.006483492740699846,-0.006482395585005327
21.0,22.0,0.0,0.0,0.0,0.0,0.0,0.0,0.0,0.0,0.0,0.0,0.0,0.0,0.29354714416660566,0.29355665335365777,-0.006241285791319663,-0.00624022996458307
21.0,22.5,0.0,0.0,0.0,0.0,0.0,0.0,0.0,0.0,0.0,0.0,0.0,0.0,0.29562512921462586,0.2956346989676721,-0.006015535927245563,-0.006014519007234269
21.0,23.0,0.0,0.0,0.0,0.0,0.0,0.0,0.0,0.0,0.0,0.0,0.0,0.0,0.29505001587109303,0.29505963312549455,-0.006077027605380245,-0.006075993179317077
21.0,23.5,0.0,0.0,0.0,0.0,0.0,0.0,0.0,0.0,0.0,0.0,0.0,0.0,0.2944925745060525,0.29450222801122483,-0.006137345840602043,-0.0061362952250751494
21.0,24.0,0.0,0.0,0.0,0.0,0.0,0.0,0.0,0.0,0.0,0.0,0.0,0.0,0.29395147940055816,0.2939611593967222,-0.006196578785718492,-0.006195513162091836
22.0,0.5,0.0,0.0,0.0,0.0,0.0,0.0,0.0,0.0,0.0,0.0,0.0,0.0,0.2934255761993711,0.29343527416675713,-0.006254802532135753,-0.006253722967811735
22.0,1.0,0.0,0.0,0.0,0.0,0.0,0.0,0.0,0.0,0.0,0.0,0.0,0.0,0.2929138517676092,0.29292356022912064,-0.006312083276247588,-0.0063109907414843295
22.0,1.5,0.0,0.0,0.0,0.0,0.0,0.0,0.0,0.0,0.0,0.0,0.0,0.0,0.29241541045427333,0.29242512281817595,-0.006368479026088681,-0.006367374407469211
22.0,2.0,0.0,0.0,0.0,0.0,0.0,0.0,0.0,0.0,0.0,0.0,0.0,0.0,0.291929455201613,0.29193916563460226,-0.00642404095927213,-0.006422925070619811
22.0,2.5,0.0,0.0,0.0,0.0,0.0,0.0,0.0,0.0,0.0,0.0,0.0,0.0,0.2940651759951329,0.29407487845678854,-0.006184076249066186,-0.006183010719713984
22.0,3.0,0.0,0.0,0.0,0.0,0.0,0.0,0.0,0.0,0.0,0.0,0.0,0.0,0.29614863186124957,0.29615831927184166,-0.005960206081725472,-0.005959187931458711
22.0,3.5,0.0,0.0,0.0,0.0,0.0,0.0,0.0,0.0,0.0,0.0,0.0,0.0,0.29817869781886003,0.2981883620839622,-0.0057513006807738114,-0.005750327235980808
22.0,4.0,0.0,0.0,0.0,0.0,0.0,0.0,0.0,0.0,0.0,0.0,0.0,0.0,0.30273816495138955,0.3027477932053916,-0.005313068503936113,-0.005312186075219586
22.0,4.5,0.0,0.0,0.0,0.0,0.0,0.0,0.0,0.0,0.0,0.0,0.0,0.0,0.3045728255269473,0.30458240657740565,-0.005148030481125981,-0.005147184779032757
22.0,5.0,0.0,0.0,0.0,0.0,0.0,0.0,0.0,0.0,0.0,0.0,0.0,0.0,0.30891666909190696,0.3089261838825806,-0.004781017985014368,-0.0047802489723703405
22.0,5.5,0.0,0.0,0.0,0.0,0.0,0.0,0.0,0.0,0.0,0.0,0.0,0.0,0.30798782660904606,0.3079972690283049,-0.004856804381218069,-0.004856026782133423
22.0,6.0,0.0,0.0,0.0,0.0,0.0,0.0,0.0,0.0,0.0,0.0,0.0,0.0,0.3071167043419656,0.30712606801914766,-0.004929185308000949,-0.004928400481302561
22.0,6.5,0.0,0.0,0.0,0.0,0.0,0.0,0.0,0.0,0.0,0.0,0.0,0.0,0.30629298081653883,0.3063022592709311,-0.0049988130811231,-0.004998022290729492
22.0,7.0,0.0,0.0,0.0,0.0,0.0,0.0,0.0,0.0,0.0,0.0,0.0,0.0,0.30550891315901824,0.3055180998970981,-0.00506618001517967,-0.005065384452756959
22.0,7.5,0.0,0.0,0.0,0.0,0.0,0.0,0.0,0.0,0.0,0.0,0.0,0.0,0.30475857038294046,0.30476765898454555,-0.0051316645792086205,-0.005130865378369975
22.0,8.0,0.0,0.0,0.0,0.0,0.0,0.0,0.0,0.0,0.0,0.0,0.0,0.0,0.30403734031605345,0.30404632458638486,-0.0051955611060562346,-0.005194759344475797
22.0,8.5,0.0,0.0,0.0,0.0,0.0,0.0,0.0,0.0,0.0,0.0,0.0,0.0,0.3033415885610079,0.3033504626763057,-0.005258100672869453,-0.005257297370025766
22.0,9.0,0.0,0.0,0.0,0.0,0.0,0.0,0.0,0.0,0.0,0.0,0.009702266124508724,0.009702266124508724,0.30266841707829145,0.3026771757016574,-0.005319466108772436,-0.005318662222676634
22.0,9.5,0.0,0.0,0.0,0.0,0.0,0.0,0.0,0.0,0.0,0.0,0.3003455522544314,0.3003455522544314,0.30201425335316984,0.30202289171578767,-0.005379918027513051,-0.005379114431399459
22,10.0,1.2326133331244602,1.2505532282647547,0.05394026717504617,0.07734223263360086,16.009482948368007,16.791031923637,True,True,0.03936620906292879,0.05742803591095458,0.6968658585288298,0.6968658585288298,0.3013413937548482,0.3013499077050779,-0.005442953595817995,-0.005442150503270251
22,10.5,1.3986294492490883,1.4149374926094591,0.07241649575566862,0.08721888910186655,15.692981703607451,16.236750891912482,True,True,0.03963178907187372,0.048902164676371936,1.101093563410327,1.101093563410327,0.3006279075479928,0.30063331139561467,-0.005510758961145306,-0.005510241642950489
22,11.0,1.5960663546946947,1.5955835376354246,0.09569091775821606,0.09071453917647244,15.378879432793276,15.348933776315288,True,True,0.04067491466010394,0.03951159151335156,1.37057139855786,1.37057139855786,0.29987603235721594,0.2998794190965021,-0.005583304616277366,-0.005582975300226964
22,11.5,1.4362032840975418,1.4399331409958793,0.08457244902290564,0.08769848808547588,15.36576222381651,15.534559542141317,False,False,0.036447708272530445,0.037837521654752786,0.16175459566717854,0.16175459566717854,0.29910123954792395,0.2991051273940904,-0.005659255163095787,-0.005658870987832335
22,12.0,1.5063945798853626,1.5082405593783834,0.08780294644446332,0.08781435000246106,15.394391959928738,15.460426102339843,False,False,0.038581433063829954,0.03873014393112814,0.6360649160398323,0.6360649160398323,0.29849537574244933,0.2984987305911624,-0.005719504841521695,-0.005719169122920904
22,12.5,1.431336167668571,1.4317110991310924,0.0855063421958733,0.08424041053829076,15.333071208041689,15.349651957120946,False,False,0.03594923046504501,0.0354430614576751,0.14834598240948396,0.14834598240948396,0.297841344723394,0.2978445625716437,-0.005785404359791289,-0.005785077924938305
22,13.0,1.431062689556768,1.4332459521913297,0.08701755248284884,0.08790229468056296,15.292139889152704,15.38636212021026,False,False,0.035483748219980495,0.03589424341161523,0.16830304089725456,0.16830304089725456,0.29726177443503127,0.2972650178001279,-0.005844558539217522,-0.00584422550368741
22,13.5,1.3786320109554637,1.3872621035967394,0.07736270667473717,0.08633048728025593,15.475689038263381,15.829783505935028,False,False,0.03625836084203759,0.040638724963126954,0.24219476518849697,0.24219476518849697,0.2966909036125285,0.2966938987799757,-0.005903530633101712,-0.005903219381294299
22.0,14.0,0.0,0.0,0.0,0.0,0.0,0.0,0.0,0.0,0.0,0.0,0.022197924704421983,0.022197924704421983,0.296122772618115,0.2961244904474868,-0.0059629249125119355,-0.005962744254783464
22.0,14.5,0.0,0.0,0.0,0.0,0.0,0.0,0.0,0.0,0.0,0.0,0.0883491241845402,0.0883491241845402,0.29560300903166253,0.2956045937034122,-0.006017887289984009,-0.006017718803876436
22.0,15.0,0.0,0.0,0.0,0.0,0.0,0.0,0.0,0.0,0.0,0.0,0.0,0.0,0.2950848848546333,0.29508633818312624,-0.006073278117048127,-0.006073121899375012
22.0,15.5,0.0,0.0,0.0,0.0,0.0,0.0,0.0,0.0,0.0,0.0,0.0,0.0,0.29458772194054067,0.2945890461079977,-0.006127000049540475,-0.006126856213769801
22.0,16.0,0.0,0.0,0.0,0.0,0.0,0.0,0.0,0.0,0.0,0.0,0.0,0.0,0.29409992641072613,0.29410112391231336,-0.006180260951605194,-0.006180129526201684
22.0,16.5,0.0,0.0,0.0,0.0,0.0,0.0,0.0,0.0,0.0,0.0,0.0,0.0,0.29362118877819493,0.2936222623694083,-0.006233070069439964,-0.0062329510424501515
22.0,17.0,0.0,0.0,0.0,0.0,0.0,0.0,0.0,0.0,0.0,0.0,0.0,0.0,0.2931512210458647,0.29315217369349633,-0.006285435566563157,-0.006285328890151539
22.0,17.5,0.0,0.0,0.0,0.0,0.0,0.0,0.0,0.0,0.0,0.0,0.0,0.0,0.2926897533099023,0.29269058814722204,-0.006337364784014099,-0.006337270378792766
22.0,18.0,0.0,0.0,0.0,0.0,0.0,0.0,0.0,0.0,0.0,0.0,0.0,0.0,0.29223653108485464,0.2922372513712734,-0.006388864442042683,-0.0063887822011357
22.0,18.5,0.0,0.0,0.0,0.0,0.0,0.0,0.0,0.0,0.0,0.0,0.0,0.0,0.29440473720250315,0.2944053327387927,-0.006146915251511207,-0.006146850311141721
22.0,19.0,0.0,0.0,0.0,0.0,0.0,0.0,0.0,0.0,0.0,0.0,0.0,0.0,0.29911970258211096,0.2991201478743022,-0.005657431025656282,-0.005657387039689541
22.0,19.5,0.0,0.0,0.0,0.0,0.0,0.0,0.0,0.0,0.0,0.0,0.0,0.0,0.3036904823544484,0.303690751799655,-0.005226627946143517,-0.0052266037271275125
22.0,20.0,0.0,0.0,0.0,0.0,0.0,0.0,0.0,0.0,0.0,0.0,0.0,0.0,0.3081005993190026,0.3081006693701214,-0.004847527045218341,-0.00484752128897304
22.0,20.5,0.0,0.0,0.0,0.0,0.0,0.0,0.0,0.0,0.0,0.0,0.0,0.0,0.3072248311695015,0.3072247254365019,-0.004920131601703123,-0.004920140445285984
22.0,21.0,0.0,0.0,0.0,0.0,0.0,0.0,0.0,0.0,0.0,0.0,0.0,0.0,0.3063972461332621,0.3063969832720531,-0.004989935253643554,-0.004989957611725285
22.0,21.5,0.0,0.0,0.0,0.0,0.0,0.0,0.0,0.0,0.0,0.0,0.0,0.0,0.3056099476106751,0.30560954289542014,-0.005057438709571374,-0.005057473688888932
22.0,22.0,0.0,0.0,0.0,0.0,0.0,0.0,0.0,0.0,0.0,0.0,0.0,0.0,0.30485687932875694,0.30485634584671006,-0.005123027708179345,-0.005123074530151763
22.0,22.5,0.0,0.0,0.0,0.0,0.0,0.0,0.0,0.0,0.0,0.0,0.0,0.0,0.30413332821568706,0.3041326775435484,-0.005187002710428236,-0.005187060668561415
22.0,23.0,0.0,0.0,0.0,0.0,0.0,0.0,0.0,0.0,0.0,0.0,0.0,0.0,0.303435578879663,0.3034348214797055,-0.005249599901899663,-0.005249668337988034
22.0,23.5,0.0,0.0,0.0,0.0,0.0,0.0,0.0,0.0,0.0,0.0,0.0,0.0,0.302760668283505,0.30275981374191474,-0.005311006348193028,-0.005311084639079415
22.0,24.0,0.0,0.0,0.0,0.0,0.0,0.0,0.0,0.0,0.0,0.0,0.0,0.0,0.3021062081115453,0.30210526528559783,-0.005371371140887334,-0.005371458691276545
23.0,0.5,0.0,0.0,0.0,0.0,0.0,0.0,0.0,0.0,0.0,0.0,0.0,0.0,0.30147025391010035,0.3014692310219169,-0.00543081373511641,-0.0054309099738752975
23.0,1.0,0.0,0.0,0.0,0.0,0.0,0.0,0.0,0.0,0.0,0.0,0.0,0.0,0.3008512072364394,0.300850111935314,-0.005489430278920226,-0.005489534657358495
23.0,1.5,0.0,0.0,0.0,0.0,0.0,0.0,0.0,0.0,0.0,0.0,0.0,0.0,0.3002477415516621,0.30024658095800794,-0.005547298478784455,-0.005547410470017405
23.0,2.0,0.0,0.0,0.0,0.0,0.0,0.0,0.0,0.0,0.0,0.0,0.0,0.0,0.2996587454859749,0.299657526224694,-0.005604481379595743,-0.005604600478449115
23.0,2.5,0.0,0.0,0.0,0.0,0.0,0.0,0.0,0.0,0.0,0.0,0.0,0.0,0.30684888594617726,0.30684759324828137,-0.004951695964238321,-0.004951804914676409
23.0,3.0,0.0,0.0,0.0,0.0,0.0,0.0,0.0,0.0,0.0,0.0,0.0,0.0,0.3137405367573414,0.31373915893415216,-0.004409355996051126,-0.004409457130888086
23.0,3.5,0.0,0.0,0.0,0.0,0.0,0.0,0.0,0.0,0.0,0.0,0.0,0.0,0.31269548538135294,0.3126940430153455,-0.0044868651017423815,-0.004486973195332028
23.0,4.0,0.0,0.0,0.0,0.0,0.0,0.0,0.0,0.0,0.0,0.0,0.0,0.0,0.31171335186073096,0.31171186081463514,-0.004561191694811356,-0.004561305645585364
23.0,4.5,0.0,0.0,0.0,0.0,0.0,0.0,0.0,0.0,0.0,0.0,0.0,0.0,0.3107818608485236,0.31078033397127214,-0.004633044981914037,-0.0046331638645548305
23.0,5.0,0.0,0.0,0.0,0.0,0.0,0.0,0.0,0.0,0.0,0.0,0.0,0.0,0.31245285014230356,0.3124512953138603,-0.0045050923577476115,-0.0045052094438192865
23.0,5.5,0.0,0.0,0.0,0.0,0.0,0.0,0.0,0.0,0.0,0.0,0.0,0.0,0.3140543188853996,0.3140527454434927,-0.004386395604845226,-0.00438651038249734
23.0,6.0,0.0,0.0,0.0,0.0,0.0,0.0,0.0,0.0,0.0,0.0,0.0,0.0,0.31304010926592957,0.31303852858656656,-0.004461127043472047,-0.004461244693500718
23.0,6.5,0.0,0.0,0.0,0.0,0.0,0.0,0.0,0.0,0.0,0.0,0.0,0.0,0.3120717775035912,0.312070198919788,-0.004533897731746046,-0.0045340175129100395
23.0,7.0,0.0,0.0,0.0,0.0,0.0,0.0,0.0,0.0,0.0,0.0,0.0,0.0,0.31114158646739226,0.3111400177153341,-0.004605137764198679,-0.0046052590311648905
23.0,7.5,0.0,0.0,0.0,0.0,0.0,0.0,0.0,0.0,0.0,0.0,0.0,0.0,0.3102439328938217,0.31024238036991764,-0.004675153901800352,-0.004675276091472258
23.0,8.0,0.0,0.0,0.0,0.0,0.0,0.0,0.0,0.0,0.0,0.0,0.0,0.0,0.3093747265476394,0.3093731954845479,-0.004744163127683242,-0.004744285750526577
23.0,8.5,0.0,0.0,0.0,0.0,0.0,0.0,0.0,0.0,0.0,0.0,0.0,0.0,0.308530952374719,0.3085294469817662,-0.0048123171895310055,-0.004812439822940561
23.0,9.0,0.0,0.0,0.0,0.0,0.0,0.0,0.0,0.0,0.0,0.0,0.0,0.0,0.3102792333052681,0.31027776025810067,-0.00467237664860738,-0.004672492501005963
23.0,9.5,0.0,0.0,0.0,0.0,0.0,0.0,0.0,0.0,0.0,0.0,0.0,0.0,0.3093873296095265,0.30938589148966805,-0.0047431538919185294,-0.004743269041637447
23.0,10.0,0.0,0.0,0.0,0.0,0.0,0.0,0.0,0.0,0.0,0.0,0.0,0.0,0.30852413916070787,0.30852273780786355,-0.004812872242208557,-0.004812986415796053
23.0,10.5,0.0,0.0,0.0,0.0,0.0,0.0,0.0,0.0,0.0,0.0,0.0,0.0,0.3076870394408327,0.3076856760696115,-0.0048816525246654805,-0.004881765497648479
23.0,11.0,0.0,0.0,0.0,0.0,0.0,0.0,0.0,0.0,0.0,0.0,0.0,0.0,0.30687397795040816,0.3068726532508805,-0.0049495817396931555,-0.004949693330515617
23.0,11.5,0.0,0.0,0.0,0.0,0.0,0.0,0.0,0.0,0.0,0.0,0.0,0.0,0.30608331666869876,0.3060820308948549,-0.00501672228786706,-0.005016832352424322
23.0,12.0,0.0,0.0,0.0,0.0,0.0,0.0,0.0,0.0,0.0,0.0,0.0,0.0,0.3053137197518543,0.30531247279969675,-0.005083118809772879,-0.005083227236431993
23.0,12.5,0.0,0.0,0.0,0.0,0.0,0.0,0.0,0.0,0.0,0.0,0.0,0.0,0.3045640724037352,0.3045628638798492,-0.005148803248289797,-0.005148909953359063
23.0,13.0,0.0,0.0,0.0,0.0,0.0,0.0,0.0,0.0,0.0,0.0,0.0,0.0,0.3038334222952407,0.30383225157643134,-0.005213798583421904,-0.0052139035070581504
23.0,13.5,0.0,0.0,0.0,0.0,0.0,0.0,0.0,0.0,0.0,0.0,0.0,0.0,0.3031209373248824,0.3031198036094619,-0.005278121574878246,-0.005278224677423852
23.0,14.0,0.0,0.0,0.0,0.0,0.0,0.0,0.0,0.0,0.0,0.0,0.0,0.0,0.3024258752278858,0.302424777579268,-0.005341784763221645,-0.00534188602195821
23.0,14.5,0.0,0.0,0.0,0.0,0.0,0.0,0.0,0.0,0.0,0.0,0.0,0.0,0.3017475617695095,0.30174649915283397,-0.005404797917896547,-0.00540489732419507
23.0,15.0,0.0,0.0,0.0,0.0,0.0,0.0,0.0,0.0,0.0,0.0,0.0,0.0,0.3010853751456675,0.3010843464582148,-0.005467169073768567,-0.005467266630609724
23.0,15.5,0.0,0.0,0.0,0.0,0.0,0.0,0.0,0.0,0.0,0.0,0.0,0.0,0.30043873485893136,0.3004377389550902,-0.0055289052627407395,-0.005529000982574736
23.0,16.0,0.0,0.0,0.0,0.0,0.0,0.0,0.0,0.0,0.0,0.0,0.0,0.0,0.29980709380866616,0.2998061295201881,-0.005590013020562334,-0.005590106923475316
23.0,16.5,0.0,0.0,0.0,0.0,0.0,0.0,0.0,0.0,0.0,0.0,0.0,0.0,0.2991899326783071,0.2991889988305338,-0.005650498728953702,-0.005650590841107445
23.0,17.0,0.0,0.0,0.0,0.0,0.0,0.0,0.0,0.0,0.0,0.0,0.0,0.0,0.29858675595475104,0.29858585137943583,-0.005710368838050705,-0.005710459190363186
23.0,17.5,0.0,0.0,0.0,0.0,0.0,0.0,0.0,0.0,0.0,0.0,0.0,0.0,0.2979970890991961,0.2979962126444768,-0.00576963000274191,-0.005769718629778061
23.0,18.0,0.0,0.0,0.0,0.0,0.0,0.0,0.0,0.0,0.0,0.0,0.0,0.0,0.2974204765234818,0.2974196270614895,-0.005828289157842634,-0.005828376096887082
23.0,18.5,0.0,0.0,0.0,0.0,0.0,0.0,0.0,0.0,0.0,0.0,0.0,0.0,0.29685648012422233,0.2968556565567465,-0.005886353550548141,-0.005886438840834405
23.0,19.0,0.0,0.0,0.0,0.0,0.0,0.0,0.0,0.0,0.0,0.0,0.0,0.0,0.2963046781984798,0.2963038794610479,-0.005943830743721358,-0.00594391442579471
23.0,19.5,0.0,0.0,0.0,0.0,0.0,0.0,0.0,0.0,0.0,0.0,0.0,0.0,0.2957646646165176,0.2957638896811926,-0.00600072859990789,-0.006000810715101854
23.0,20.0,0.0,0.0,0.0,0.0,0.0,0.0,0.0,0.0,0.0,0.0,0.0,0.0,0.2952360481645726,0.2952352960417207,-0.006057055253235204,-0.006057135843244259
23.0,20.5,0.0,0.0,0.0,0.0,0.0,0.0,0.0,0.0,0.0,0.0,0.0,0.0,0.2947184519974537,0.29471772173669564,-0.006112819074316892,-0.006112898180850146
23.0,21.0,0.0,0.0,0.0,0.0,0.0,0.0,0.0,0.0,0.0,0.0,0.0,0.0,0.29421151315997723,0.29421080385049564,-0.006168028631774573,-0.006168106296277432
23.0,21.5,0.0,0.0,0.0,0.0,0.0,0.0,0.0,0.0,0.0,0.0,0.0,0.0,0.29371488214986874,0.29371419292021633,-0.006222692652877957,-0.006222768916310689
23.0,22.0,0.0,0.0,0.0,0.0,0.0,0.0,0.0,0.0,0.0,0.0,0.0,0.0,0.29322822250434794,0.2932275525218717,-0.0062768199849890524,-0.006276894887652865
23.0,22.5,0.0,0.0,0.0,0.0,0.0,0.0,0.0,0.0,0.0,0.0,0.0,0.0,0.29275121039927976,0.29275055886925844,-0.006330419558904444,-0.006330493140306821
23.0,23.0,0.0,0.0,0.0,0.0,0.0,0.0,0.0,0.0,0.0,0.0,0.0,0.0,0.292283534254359,0.2922829004189284,-0.006383500354762298,-0.006383572653515062
23.0,23.5,0.0,0.0,0.0,0.0,0.0,0.0,0.0,0.0,0.0,0.0,0.0,0.0,0.2918248943408798,0.29182427747780904,-0.006436071370877378,-0.006436142424621635
23.0,24.0,0.0,0.0,0.0,0.0,0.0,0.0,0.0,0.0,0.0,0.0,0.0,0.0,0.29137500239067476,0.29137440181204116,-0.00648814159565412,-0.006488211441007356
24.0,0.5,0.0,0.0,0.0,0.0,0.0,0.0,0.0,0.0,0.0,0.0,0.0,0.0,0.2909335812060959,0.2909329962568989,-0.0065397199825815875,-0.006539788655102845
24.0,1.0,0.0,0.0,0.0,0.0,0.0,0.0,0.0,0.0,0.0,0.0,0.0,0.0,0.2905003642716864,0.2904997943284299,-0.006590815428216571,-0.006590882962386335
24.0,1.5,0.0,0.0,0.0,0.0,0.0,0.0,0.0,0.0,0.0,0.0,0.0,0.0,0.2900750953686108,0.29007453983787784,-0.006641436752999148,-0.006641503182211252
24.0,2.0,0.0,0.0,0.0,0.0,0.0,0.0,0.0,0.0,0.0,0.0,0.0,0.0,0.28965752819309964,0.2896569865101388,-0.00669159268470817,-0.006691658041271171
24.0,2.5,0.0,0.0,0.0,0.0,0.0,0.0,0.0,0.0,0.0,0.0,0.0,0.0,0.2892474259801952,0.28924689760753064,-0.006741291844345348,-0.006741356159491671
24.0,3.0,0.0,0.0,0.0,0.0,0.0,0.0,0.0,0.0,0.0,0.0,0.0,0.0,0.28884456113402074,0.2888440455600976,-0.006790542734230544,-0.0067906060381316
24.0,3.5,0.0,0.0,0.0,0.0,0.0,0.0,0.0,0.0,0.0,0.0,0.0,0.0,0.2884487148656732,0.2884482116035454,-0.0068393537280932335,-0.006839416049879233
24.0,4.0,0.0,0.0,0.0,0.0,0.0,0.0,0.0,0.0,0.0,0.0,0.0,0.0,0.2880596768396919,0.2880591854257576,-0.006887733062952751,-0.006887794430736137
24.0,4.5,0.0,0.0,0.0,0.0,0.0,0.0,0.0,0.0,0.0,0.0,0.0,0.0,0.28767724482989115,0.2876767648226788,-0.006935688832592021,-0.006935749273493545
24.0,5.0,0.0,0.0,0.0,0.0,0.0,0.0,0.0,0.0,0.0,0.0,0.0,0.0,0.287301224385187,0.287300755364194,-0.0069832289824422475,-0.006983288522619074
24.0,5.5,0.0,0.0,0.0,0.0,0.0,0.0,0.0,0.0,0.0,0.0,0.0,0.0,0.28693142850589454,0.2869309700704803,-0.00703036130571124,-0.007030419970386264
24.0,6.0,0.0,0.0,0.0,0.0,0.0,0.0,0.0,0.0,0.0,0.0,0.0,0.0,0.2865676773308338,0.28656722909916565,-0.0070770934406020865,-0.007077151254094167
24.0,6.5,0.0,0.0,0.0,0.0,0.0,0.0,0.0,0.0,0.0,0.0,0.0,0.0,0.28620979783545697,0.2862093594435092,-0.007123432868483693,-0.007123489854238283
24.0,7.0,0.0,0.0,0.0,0.0,0.0,0.0,0.0,0.0,0.0,0.0,0.0,0.0,0.2858576235410994,0.2858571946417047,-0.0071693869128882015,-0.0071694430935080825
24.0,7.5,0.0,0.0,0.0,0.0,0.0,0.0,0.0,0.0,0.0,0.0,0.0,0.0,0.285510994235364,0.28551057449731454,-0.00721496273922351,-0.00721501813649937
24.0,8.0,0.0,0.0,0.0,0.0,0.0,0.0,0.0,0.0,0.0,0.0,0.0,0.0,0.2851697557035673,0.28516934481076456,-0.0072601673551008885,-0.00726022199004153
24.0,8.5,0.0,0.0,0.0,0.0,0.0,0.0,0.0,0.0,0.0,0.0,0.0,0.0,0.2848337594711092,0.284833357121761,-0.007305007611188911,-0.0073050615040509475
24.0,9.0,0.0,0.0,0.0,0.0,0.0,0.0,0.0,0.0,0.0,0.0,0.24871750092516015,0.24871750092516015,0.2845028625565741,0.28450246846243527,-0.007349490202515087,-0.007349543372831977
24.0,9.5,0.0,-0.008859256200291668,0.0,0.08480177614170058,0.0,18.5,0.0,0.0,0.0,0.18128132934703603,0.5840628470622893,0.5840628470622893,0.2841452324709671,0.284144846356624,-0.007397929945820953,-0.007397982448859461
24.0,10.0,0.0,-0.010488769056086375,0.0,0.09296118108497746,0.0,18.5,0.0,0.0,0.0,0.19982679718429014,0.9459003298897714,0.9459003298897714,0.2837496972924882,0.2837385123679926,-0.00745194750726783,-0.007453481832858796
24,10.5,0.07835860650748544,0.0802514057470692,0.0022799781819840075,0.12482260269634651,16.89017356105057,18.461790176476004,True,True,0.0038716291015929052,0.2713074742574453,1.0264512992673307,1.0264512992673307,0.28331275317462146,0.2832897294125198,-0.007512167487925722,-0.007515356690246594
24,11.0,0.35787488426970643,0.36623887741350547,0.011932764749093024,0.10897967245169485,16.869763372588682,18.34598276241267,True,True,0.017460907243625198,0.23012491786232367,1.4674837530525182,1.4674837530525182,0.28286983144794664,0.28283119896163045,-0.007573804029058498,-0.007579208603255383
24,11.5,0.9006063170890599,0.926339332267909,0.03643803256323422,0.14628595570362282,32.56663897230841,35.95119825976577,True,True,0.0323160380669482,0.1502912940399008,1.8527251820856907,1.8527251820856907,0.2850043877088491,0.284953396142898,-0.007282195372994154,-0.007289003815134057
24,12.0,0.7500708402665196,0.7731707024282048,0.03812007237226296,0.09378604281634492,15.774562646132798,17.41818899437225,True,True,0.021890330431591904,0.05949680244799024,1.5553171012460478,1.5553171012460478,0.2844207665221832,0.2843557843267258,-0.007360576322928254,-0.00736936554639088
24,12.5,0.8751578433682825,0.9001935738894741,0.04844406703354937,0.09453824973491964,15.528160470605957,16.974707045906754,True,True,0.023423256557370625,0.048698538259742144,1.3864020747652674,1.3864020747652674,0.28388090586135795,0.28380883737623097,-0.0074339766488941885,-0.007443841041370164
24,13.0,0.9334149138067207,0.9601461922804535,0.05683387481090307,0.10107811816689508,15.295975527108954,16.679290265816014,True,True,0.02317208707018257,0.043410529780521054,1.4754334046396291,1.4754334046396291,0.28336708197115207,0.28328914683026934,-0.007504648368677504,-0.007515437409218545
24,13.5,1.6720397038797565,1.705199420691334,0.10462426715975455,0.14979972128402338,30.371156787680512,32.28879266745443,True,True,0.04012592623766818,0.05916919613867054,1.4162184608625126,1.4162184608625126,0.2828464405224849,0.28276287445787973,-0.007577075803893457,-0.00758877825978629
24,14.0,1.7929641899797137,1.8274097865579524,0.11412717917862718,0.16082063063746066,30.265679851922663,32.10371595537541,True,True,0.042353966707515636,0.06111870503434942,1.2905921834198368,1.2905921834198368,0.2823326384811995,0.2822433229441856,-0.0076493697555749356,-0.007662020497257418
24,14.5,1.7468825165987143,1.7815314453559532,0.10877783719765079,0.15925540730706572,30.330892538160327,32.29097622770601,True,True,0.041668917313777934,0.061961652012660934,1.0158281036627352,1.0158281036627352,0.28183881917277825,0.2817435609748252,-0.007719627857238718,-0.007733269025904791
24,15.0,1.7261693626275076,1.7626702730358685,0.10435748763509119,0.16675446645316735,30.437066473494184,32.69657296941183,True,True,0.04184095899807004,0.06753948830148412,0.6538223691584125,0.6538223691584125,0.28138569493868554,0.2812840122502358,-0.00778477345990582,-0.007799482226378661
24,15.5,1.6077953884453005,1.6398746875157961,0.09226101630318675,0.1573184722647705,30.64607259465804,33.028894223911394,True,True,0.040253601767767086,0.06905147235630962,0.40036555646268424,0.40036555646268424,0.2809840915639765,0.2808744659866864,-0.00784306010212449,-0.007859060835661931
24.0,16.0,0.0,0.0,0.0,0.0,0.0,0.0,0.0,0.0,0.0,0.0,0.0,0.0,0.2806209922210653,0.2805030853757956,-0.00789620654002506,-0.007913556646246786
24.0,16.5,0.0,0.0,0.0,0.0,0.0,0.0,0.0,0.0,0.0,0.0,0.0,0.0,0.28032518110095256,0.28020728421361696,-0.007939821485746913,-0.007957284382737026
24.0,17.0,0.0,0.0,0.0,0.0,0.0,0.0,0.0,0.0,0.0,0.0,0.0,0.0,0.2800337380582441,0.2799158520141108,-0.00798307338956471,-0.008000648093776253
24.0,17.5,0.0,0.0,0.0,0.0,0.0,0.0,0.0,0.0,0.0,0.0,0.0,0.0,0.2797465279349796,0.27962865372419854,-0.008025972019335742,-0.008043657551292797
24.0,18.0,0.0,0.0,0.0,0.0,0.0,0.0,0.0,0.0,0.0,0.0,0.0,0.0,0.2794634230531577,0.27934556176305303,-0.00806852654649125,-0.008086321930175814
24.0,18.5,0.0,0.0,0.0,0.0,0.0,0.0,0.0,0.0,0.0,0.0,0.0,0.0,0.2791843025692929,0.27906645537653574,-0.008110745603737746,-0.008128649866176885
24.0,19.0,0.0,0.0,0.0,0.0,0.0,0.0,0.0,0.0,0.0,0.0,0.0,0.0,0.27890905190225446,0.27879122006505275,-0.008152637335881546,-0.008170649506896752
24.0,19.5,0.0,0.0,0.0,0.0,0.0,0.0,0.0,0.0,0.0,0.0,0.0,0.0,0.2786375622245916,0.27851974707500193,-0.00819420944469976,-0.008212328556786812
24.0,20.0,0.0,0.0,0.0,0.0,0.0,0.0,0.0,0.0,0.0,0.0,0.0,0.0,0.27836973000901527,0.2782519329454558,-0.008235469228644883,-0.008253694316957884
24.0,20.5,0.0,0.0,0.0,0.0,0.0,0.0,0.0,0.0,0.0,0.0,0.0,0.0,0.2781054566229325,0.2779876791029547,-0.00827642361805573,-0.00829475372047324
24.0,21.0,0.0,0.0,0.0,0.0,0.0,0.0,0.0,0.0,0.0,0.0,0.0,0.0,0.27784464796495345,0.27772689149831536,-0.008317079206451522,-0.008335513363706496
24.0,21.5,0.0,0.0,0.0,0.0,0.0,0.0,0.0,0.0,0.0,0.0,0.0,0.0,0.27758721413816095,0.27746948028022955,-0.008357442278404213,-0.008375979534262687
24.0,22.0,0.0,0.0,0.0,0.0,0.0,0.0,0.0,0.0,0.0,0.0,0.0,0.0,0.27733306915565714,0.2772153595011576,-0.00839751883441592,-0.008416158235891815
24.0,22.5,0.0,0.0,0.0,0.0,0.0,0.0,0.0,0.0,0.0,0.0,0.0,0.0,0.2770821306745221,0.2769644468516439,-0.008437314613169572,-0.008456055210765267
24.0,23.0,0.0,0.0,0.0,0.0,0.0,0.0,0.0,0.0,0.0,0.0,0.0,0.0,0.2768343197548431,0.2767166634197052,-0.0084768351114713,-0.008495675959435456
24.0,23.5,0.0,0.0,0.0,0.0,0.0,0.0,0.0,0.0,0.0,0.0,0.0,0.0,0.2765895606409193,0.2764719334723923,-0.008516085602160562,-0.008535025758756289
24.0,24.0,0.0,0.0,0.0,0.0,0.0,0.0,0.0,0.0,0.0,0.0,0.0,0.0,0.2763477805621267,0.2762301842570061,-0.00855507115022787,-0.008574109678005417
25.0,0.5,0.0,0.0,0.0,0.0,0.0,0.0,0.0,0.0,0.0,0.0,0.0,0.0,0.27610890955125544,0.2759913458197756,-0.008593796627348676,-0.008612932593418252
25.0,1.0,0.0,0.0,0.0,0.0,0.0,0.0,0.0,0.0,0.0,0.0,0.0,0.0,0.2758728802784079,0.27575535084008646,-0.008632266725015318,-0.00865149920131631
25.0,1.5,0.0,0.0,0.0,0.0,0.0,0.0,0.0,0.0,0.0,0.0,0.0,0.0,0.27563962789879026,0.27552213447858975,-0.008670485966425898,-0.008689814029989428
25.0,2.0,0.0,0.0,0.0,0.0,0.0,0.0,0.0,0.0,0.0,0.0,0.0,0.0,0.275409089912932,0.2752916342377238,-0.008708458717269022,-0.008727881450471871
25.0,2.5,0.0,0.0,0.0,0.0,0.0,0.0,0.0,0.0,0.0,0.0,0.0,0.0,0.2751812060380504,0.27506378983336754,-0.00874618919552621,-0.008765705686334039
25.0,3.0,0.0,0.0,0.0,0.0,0.0,0.0,0.0,0.0,0.0,0.0,0.0,0.0,0.27495591808942865,0.27483854307649086,-0.008783681480398863,-0.008803290822597816
25.0,3.5,0.0,0.0,0.0,0.0,0.0,0.0,0.0,0.0,0.0,0.0,0.0,0.0,0.274733169870811,0.2746158377638084,-0.0088209395204538,-0.008840640813869254
25.0,4.0,0.0,0.0,0.0,0.0,0.0,0.0,0.0,0.0,0.0,0.0,0.0,0.0,0.27451290707293474,0.27439561957655434,-0.008857967141070087,-0.008877759491772053
25.0,4.5,0.0,0.0,0.0,0.0,0.0,0.0,0.0,0.0,0.0,0.0,0.0,0.0,0.27429507717942,0.27417783598659995,-0.008894768051260181,-0.008914650571755039
25.0,5.0,0.0,0.0,0.0,0.0,0.0,0.0,0.0,0.0,0.0,0.0,0.0,0.0,0.2740796293793247,0.2739624361692228,-0.008931345849929799,-0.008951317659338138
25.0,5.5,0.0,0.0,0.0,0.0,0.0,0.0,0.0,0.0,0.0,0.0,0.0,0.0,0.2738665144857522,0.27374937092191387,-0.008967704031633581,-0.008987764255854179
25.0,6.0,0.0,0.0,0.0,0.0,0.0,0.0,0.0,0.0,0.0,0.0,0.0,0.0,0.2736556848599634,0.27353859258867624,-0.009003845991877084,-0.009023993763737146
25.0,6.5,0.0,0.0,0.0,0.0,0.0,0.0,0.0,0.0,0.0,0.0,0.0,0.0,0.27344709434050624,0.27333005498932855,-0.009039775032009725,-0.009060009491401611
25.0,7.0,0.0,0.0,0.0,0.0,0.0,0.0,0.0,0.0,0.0,0.0,0.0,0.0,0.2732406981769265,0.27312371335337676,-0.009075494363748738,-0.00909581465775361
25.0,7.5,0.0,0.0,0.0,0.0,0.0,0.0,0.0,0.0,0.0,0.0,0.0,0.0,0.2730364529676694,0.2729195242580662,-0.00911100711336935,-0.009131412396367961
25.0,8.0,0.0,0.0,0.0,0.0,0.0,0.0,0.0,0.0,0.0,0.0,0.0,0.0,0.27283431660182245,0.27271744557026306,-0.009146316325592735,-0.009166805759363954
25.0,8.5,0.0,0.0,0.0,0.0,0.0,0.0,0.0,0.0,0.0,0.0,0.0,0.0,0.2726342482043851,0.27251743639185233,-0.009181424967199902,-0.009201997721007413
25.0,9.0,0.0,0.0,0.0,0.0,0.0,0.0,0.0,0.0,0.0,0.0,0.0,0.0,0.2724362080847807,0.2723194570083693,-0.009216335930396722,-0.009236991181064316
25.0,9.5,0.0,0.0,0.0,0.0,0.0,0.0,0.0,0.0,0.0,0.0,0.08851994984016862,0.08851994984016862,0.27224015768835846,0.27212346884061017,-0.009251052035952247,-0.009271788967928438
25,10.0,0.31189157642006543,0.32042034190152585,0.010151206627952334,0.10370637182866294,16.45190217059989,18.27599994079049,True,True,0.012112649841978625,0.12616562255955893,0.15187528027881983,0.15187528027881983,0.2720347792067238,0.27191815405506464,-0.009287587172915036,-0.009308410351779147
25,10.5,0.3771059100254015,0.38795204311503584,0.013267541852838865,0.10514090090361505,16.330898939546387,18.201669635150544,True,True,0.01382833121903135,0.11219378613547576,0.2857996427760579,0.2857996427760579,0.27182194942343607,0.2716934674142503,-0.009325629368174474,-0.009348684718449704
25,11.0,0.4912568808365659,0.5060874346517489,0.01905206575892811,0.10582894662416051,16.168934346660276,18.053126617570523,True,True,0.01676256097707922,0.09558719681090934,0.7162340790823722,0.7162340790823722,0.27159353659200686,0.2714534134584073,-0.009366663686406288,-0.009391943252686897
25,11.5,0.6702626054705121,0.6917750744245504,0.03060329546307581,0.10857299198106786,15.91581976618544,17.756422917705137,True,True,0.020630436989992305,0.07713675658943478,1.393433056682891,1.393433056682891,0.27131138114930536,0.27116026773927027,-0.009417650255993155,-0.009445092988010993
25,12.0,1.4456515203715847,1.4875218480641055,0.07381557028270279,0.16767973233170846,31.320301335383594,34.40320766958639,True,True,0.04049063178209139,0.0952137331887428,1.70451870904006,1.70451870904006,0.2709432688236295,0.2707822888246279,-0.009484667599605203,-0.00951415359142863
25,12.5,0.9956116611973573,1.0203595592207089,0.055431236380098566,0.09465636374999095,15.48836869833238,16.719598115693383,True,True,0.026295075154556997,0.04672043485306193,1.5704454542280744,1.5704454542280744,0.2705317871890606,0.27035891646284776,-0.009560254376818103,-0.009592223693275065
25,13.0,0.9651372588114132,0.9895178514478148,0.05312108729585616,0.09579652236122842,15.46070338839047,16.75677352389614,True,True,0.025258190768473233,0.04623465159833848,0.8282678718830753,0.8156141411023293,0.27014148177036296,0.269963684434173,-0.009632615357135001,-0.009665794476718247
25,13.5,0.8446136953831358,0.8670786715645039,0.04469272724193304,0.09110286565624115,15.530017310962679,16.979420823652063,True,True,0.022619887547450722,0.046416116081428406,0.2246166144460327,0.22106185352043142,0.26984776571872454,0.269666215878444,-0.009687499637892664,-0.00972161069602757
25.0,14.0,0.0,0.0,0.0,0.0,0.0,0.0,0.0,0.0,0.0,0.0,0.0,0.0,0.2696337358172137,0.26944679930542076,-0.009727728395214378,-0.009763027650109703
25.0,14.5,0.0,0.0,0.0,0.0,0.0,0.0,0.0,0.0,0.0,0.0,0.0,0.0,0.2694556826044702,0.26926882183965484,-0.00976134676491673,-0.009796777074900925
25.0,15.0,0.0,0.0,0.0,0.0,0.0,0.0,0.0,0.0,0.0,0.0,0.0,0.0,0.28247848195676584,0.2822917619574901,-0.007628765795578886,-0.007655156456112074
25.0,15.5,0.0,0.0,0.0,0.0,0.0,0.0,0.0,0.0,0.0,0.0,0.0,0.0,0.29001438104388316,0.28982786021245693,-0.006648701532993144,-0.006671079003541961
25.0,16.0,0.0,0.0,0.0,0.0,0.0,0.0,0.0,0.0,0.0,0.0,0.0,0.0,0.29216506658138514,0.29197876479639434,-0.006397030395184423,-0.006418376865443112
25.0,16.5,0.0,0.0,0.0,0.0,0.0,0.0,0.0,0.0,0.0,0.0,0.0,0.0,0.3020449133008803,0.30185894880373715,-0.005377066488677904,-0.005394389888364285
25.0,17.0,0.0,0.0,0.0,0.0,0.0,0.0,0.0,0.0,0.0,0.0,0.0,0.0,0.30129752088951245,0.30111187855630733,-0.005447094216236662,-0.00546465630514998
25.0,17.5,0.0,0.0,0.0,0.0,0.0,0.0,0.0,0.0,0.0,0.0,0.0,0.0,0.3006003607201955,0.3004150402926271,-0.005513396958572153,-0.005531183166595047
25.0,18.0,0.0,0.0,0.0,0.0,0.0,0.0,0.0,0.0,0.0,0.0,0.0,0.0,0.2999447245922792,0.2997597360060689,-0.005576629719216773,-0.005594626969213697
25.0,18.5,0.0,0.0,0.0,0.0,0.0,0.0,0.0,0.0,0.0,0.0,0.0,0.0,0.2993239768942506,0.2991393373752704,-0.005637295518347804,-0.00565549188768369
25.0,19.0,0.0,0.0,0.0,0.0,0.0,0.0,0.0,0.0,0.0,0.0,0.0,0.0,0.29873294324587907,0.2985486754133878,-0.005695789467500011,-0.005714173936621223
25.0,19.5,0.0,0.0,0.0,0.0,0.0,0.0,0.0,0.0,0.0,0.0,0.0,0.0,0.2981675100038276,0.297983640576681,-0.005752427832198865,-0.0057709900948667535
25.0,20.0,0.0,0.0,0.0,0.0,0.0,0.0,0.0,0.0,0.0,0.0,0.0,0.0,0.2976243527460507,0.2974409116249257,-0.005807467854290682,-0.0058261981723792275
25.0,20.5,0.0,0.0,0.0,0.0,0.0,0.0,0.0,0.0,0.0,0.0,0.0,0.0,0.29710074677987003,0.29691776838468387,-0.005861121663276535,-0.005880010546259236
25.0,21.0,0.0,0.0,0.0,0.0,0.0,0.0,0.0,0.0,0.0,0.0,0.0,0.0,0.2965944382447855,0.296411961971605,-0.005913565585186995,-0.005932603589392172
25.0,21.5,0.0,0.0,0.0,0.0,0.0,0.0,0.0,0.0,0.0,0.0,0.0,0.0,0.29610354786876447,0.2959216177150608,-0.005964947152881628,-0.005984124792868726
25.0,22.0,0.0,0.0,0.0,0.0,0.0,0.0,0.0,0.0,0.0,0.0,0.0,0.0,0.29562649759930343,0.2954451613996994,-0.006015390504697089,-0.006034698228906849
25.0,22.5,0.0,0.0,0.0,0.0,0.0,0.0,0.0,0.0,0.0,0.0,0.0,0.0,0.29516195390748506,0.29498126241904676,-0.006065000597430058,-0.006084428800193337
25.0,23.0,0.0,0.0,0.0,0.0,0.0,0.0,0.0,0.0,0.0,0.0,0.0,0.0,0.2947087834283554,0.294528789395055,-0.0061138665346284135,-0.006133405587842141
25.0,23.5,0.0,0.0,0.0,0.0,0.0,0.0,0.0,0.0,0.0,0.0,0.0,0.0,0.29426601785978546,0.29408677512503606,-0.0061620642256502,-0.006181704519988169
25.0,24.0,0.0,0.0,0.0,0.0,0.0,0.0,0.0,0.0,0.0,0.0,0.0,0.0,0.29383282590302795,0.2936543886048125,-0.0062096585318432975,-0.006229390521317002
26.0,0.5,0.0,0.0,0.0,0.0,0.0,0.0,0.0,0.0,0.0,0.0,0.0,0.0,0.2934084906256118,0.2932309124890604,-0.0062567050148319035,-0.006276519260948414
26.0,1.0,0.0,0.0,0.0,0.0,0.0,0.0,0.0,0.0,0.0,0.0,0.0,0.0,0.29299239104768715,0.2928157247786949,-0.0063032513725658846,-0.006323138585856248
26.0,1.5,0.0,0.0,0.0,0.0,0.0,0.0,0.0,0.0,0.0,0.0,0.0,0.0,0.292583987052945,0.29240828383006834,-0.00634933862772605,-0.006369289705388847
26.0,2.0,0.0,0.0,0.0,0.0,0.0,0.0,0.0,0.0,0.0,0.0,0.0,0.0,0.294801618227802,0.2946270516489365,-0.006103817948287554,-0.00612272963128234
26.0,2.5,0.0,0.0,0.0,0.0,0.0,0.0,0.0,0.0,0.0,0.0,0.0,0.0,0.2943569181179623,0.29418353676253145,-0.006152132361874572,-0.006171092738107438
26.0,3.0,0.0,0.0,0.0,0.0,0.0,0.0,0.0,0.0,0.0,0.0,0.0,0.0,0.2939214595475819,0.2937493100607849,-0.006199884914155776,-0.006218884612676455
26.0,3.5,0.0,0.0,0.0,0.0,0.0,0.0,0.0,0.0,0.0,0.0,0.0,0.0,0.293494605500366,0.2933237322580814,-0.006247123117489328,-0.006266153079336555
26.0,4.0,0.0,0.0,0.0,0.0,0.0,0.0,0.0,0.0,0.0,0.0,0.0,0.0,0.29307580039876946,0.2929062452291536,-0.006293887935994928,-0.006312939430054897
26.0,4.5,0.0,0.0,0.0,0.0,0.0,0.0,0.0,0.0,0.0,0.0,0.0,0.0,0.29266455775419964,0.29249635971842475,-0.006340214740853034,-0.006359279377868725
26.0,5.0,0.0,0.0,0.0,0.0,0.0,0.0,0.0,0.0,0.0,0.0,0.0,0.0,0.2922604498784224,0.29209364510877434,-0.006386134114953624,-0.006405203858971247
26.0,5.5,0.0,0.0,0.0,0.0,0.0,0.0,0.0,0.0,0.0,0.0,0.0,0.0,0.2918630992725861,0.29169772086377516,-0.006431672533703357,-0.006450739710633279
26.0,6.0,0.0,0.0,0.0,0.0,0.0,0.0,0.0,0.0,0.0,0.0,0.0,0.0,0.29147217139066084,0.2913082493389961,-0.00647685294334397,-0.006495910246566361
26.0,6.5,0.0,0.0,0.0,0.0,0.0,0.0,0.0,0.0,0.0,0.0,0.0,0.0,0.29108736853568823,0.2909249297202778,-0.006521695253927079,-0.0065407357470328035
26.0,7.0,0.0,0.0,0.0,0.0,0.0,0.0,0.0,0.0,0.0,0.0,0.0,0.0,0.2907084246948378,0.2905474928949378,-0.006566216760818303,-0.006585233877674139
26.0,7.5,0.0,0.0,0.0,0.0,0.0,0.0,0.0,0.0,0.0,0.0,0.0,0.0,0.2903351011563683,0.29017569709922364,-0.006610432506039606,-0.006629420048423454
26.0,8.0,0.0,0.0,0.0,0.0,0.0,0.0,0.0,0.0,0.0,0.0,0.0,0.0,0.2899671827807326,0.2898093242146347,-0.006654355588733349,-0.006673307721812898
26.0,8.5,0.0,0.0,0.0,0.0,0.0,0.0,0.0,0.0,0.0,0.0,0.0,0.0,0.2896044748211452,0.2894481766088896,-0.006697997432419286,-0.006716908678356388
26.0,9.0,0.0,0.0,0.0,0.0,0.0,0.0,0.0,0.0,0.0,0.0,0.10107582662719394,0.10107582662719394,0.28924680020734167,0.2890920744357604,-0.006741368015422138,-0.006760233245381464
26.0,9.5,0.0,0.0,0.0,0.0,0.0,0.0,0.0,0.0,0.0,0.0,0.2951092893127061,0.2951092893127061,0.2888811168467462,0.2887279729484894,-0.006786056092606242,-0.006804875739548439
26,10.0,0.52013279433644,0.5309675869133923,0.012847884962621708,0.09932606868417017,16.89017301886641,18.27351272500242,True,True,0.02569929906874273,0.2083097709115629,0.4387957903131609,0.4387957903131609,0.2884954305300928,0.2883438754143112,-0.006833571609393004,-0.006852351212316432
26,10.5,0.6530475678420353,0.6662531543054304,0.01598213474287373,0.1063433341781668,16.890172999027612,18.235588270070977,True,True,0.03226649989162533,0.22323774074763544,0.38829819707929,0.38829819707929,0.2880943831603835,0.2879334011934419,-0.006883400584072042,-0.006903523815456908
26,11.0,1.2189340901165464,1.2432229623902313,0.03004373949163747,0.192978912285101,16.89017296396227,18.230702488836798,True,True,0.06022644999140035,0.4144089870178803,0.3623354942085913,0.3623354942085913,0.2877038314956335,0.28753293012892833,-0.006932342108413782,-0.006953888759302018
26,11.5,0.8160944288996539,0.8318798271782825,0.02005363870594438,0.10167037107508205,16.89017298372384,18.160232919351436,True,True,0.040322500378741556,0.2132006751811108,0.44177581531829424,0.44177581531829424,0.28731913900399425,0.2871290701001811,-0.006980955252129885,-0.007005123912683739
26,12.0,0.896742825330783,0.9146223885844589,0.022328694179568204,0.11119855960123143,16.8901729784701,18.15996966126971,True,True,0.044307265965272666,0.23332685346074367,0.2795563819906166,0.2795563819906166,0.28692982939211464,0.2867309538015621,-0.007030565942280926,-0.007056071217730855
26,12.5,0.9726623476119747,0.9922366700438782,0.024307732703553422,0.1209798960410018,16.890172974096465,18.159480305521654,True,True,0.048058382083127744,0.25431436659365825,0.30733392944772364,0.30733392944772364,0.28656503269034855,0.2863564225568198,-0.007077434557838568,-0.007104403826427418
26,13.0,1.0100885145772671,1.027427370991424,0.024605116720591496,0.10165975673742565,16.890172971099393,18.08560585228899,True,True,0.04990757572811758,0.2124118196585121,0.3760911056582921,0.3760911056582921,0.2888290613813927,0.2886099154104446,-0.006792446153223269,-0.006819426127990916
26,13.5,1.044968774404416,1.0645652706121886,0.02591027767806929,0.10505239399845644,16.89017297015914,18.085422175819645,True,True,0.05163097836424041,0.21931463699557913,0.24015070579091743,0.24015070579091743,0.28841793996521353,0.2881907397583383,-0.0068431660022026525,-0.006871389153766752
26.0,14.0,0.0,0.0,0.0,0.0,0.0,0.0,0.0,0.0,0.0,0.0,0.03860364320036477,0.03860364320036477,0.2880296815562409,0.2877941428086391,-0.006891480068628998,-0.006920988098324204
26.0,14.5,0.0,0.0,0.0,0.0,0.0,0.0,0.0,0.0,0.0,0.0,0.004793167899671995,0.004793167899671995,0.2876758868655488,0.28744207666685423,-0.00693585982454035,-0.006965375730515862
26.0,15.0,0.0,0.0,0.0,0.0,0.0,0.0,0.0,0.0,0.0,0.0,0.0,0.0,0.29257778418250624,0.2923461340000413,-0.006350041693764197,-0.006376364687645672
26.0,15.5,0.0,0.0,0.0,0.0,0.0,0.0,0.0,0.0,0.0,0.0,0.0,0.0,0.2921463586343953,0.29191681387847457,-0.006399170128318351,-0.006425494001575743
26.0,16.0,0.0,0.0,0.0,0.0,0.0,0.0,0.0,0.0,0.0,0.0,0.0,0.0,0.29434116605016153,0.29411392993208374,-0.006153852083431837,-0.006178724277954163
26.0,16.5,0.0,0.0,0.0,0.0,0.0,0.0,0.0,0.0,0.0,0.0,0.0,0.0,0.2938767265536034,0.2936517306956154,-0.006204815321515433,-0.00622968500298113
26.0,17.0,0.0,0.0,0.0,0.0,0.0,0.0,0.0,0.0,0.0,0.0,0.0,0.0,0.29603681017300854,0.2958142615479664,-0.005971973597609412,-0.005995475897785312
26.0,17.5,0.0,0.0,0.0,0.0,0.0,0.0,0.0,0.0,0.0,0.0,0.0,0.0,0.2981472413592747,0.2979273474757849,-0.005754470530617715,-0.005776687344057947
26.0,18.0,0.0,0.0,0.0,0.0,0.0,0.0,0.0,0.0,0.0,0.0,0.0,0.0,0.30020651200314125,0.299989480160539,-0.005551278567596417,-0.005572285888567563
26.0,18.5,0.0,0.0,0.0,0.0,0.0,0.0,0.0,0.0,0.0,0.0,0.0,0.0,0.3048005159832527,0.3045869167027684,-0.0051279773544013,-0.005146786735678858
26.0,19.0,0.0,0.0,0.0,0.0,0.0,0.0,0.0,0.0,0.0,0.0,0.0,0.0,0.3040886259605379,0.3038782621539634,-0.005190986325382999,-0.00520978178189285
26.0,19.5,0.0,0.0,0.0,0.0,0.0,0.0,0.0,0.0,0.0,0.0,0.0,0.0,0.3059947819488088,0.3057878847574674,-0.005024307745560472,-0.005042087583583848
26.0,20.0,0.0,0.0,0.0,0.0,0.0,0.0,0.0,0.0,0.0,0.0,0.0,0.0,0.3078461548328877,0.30764297116813266,-0.004868489120623825,-0.0048853057298864
26.0,20.5,0.0,0.0,0.0,0.0,0.0,0.0,0.0,0.0,0.0,0.0,0.0,0.0,0.30964225642031773,0.3094430569526814,-0.00472279451789436,-0.004738694388463963
26.0,21.0,0.0,0.0,0.0,0.0,0.0,0.0,0.0,0.0,0.0,0.0,0.0,0.0,0.30881445724870815,0.30861910034662965,-0.004789288342759342,-0.0048051429033646766
26.0,21.5,0.0,0.0,0.0,0.0,0.0,0.0,0.0,0.0,0.0,0.0,0.0,0.0,0.31315969025363555,0.312969038057456,-0.004452237334153479,-0.0044664205319410455
26.0,22.0,0.0,0.0,0.0,0.0,0.0,0.0,0.0,0.0,0.0,0.0,0.0,0.0,0.31222103148094565,0.3120349442441038,-0.004522589519022837,-0.004536693580702165
26.0,22.5,0.0,0.0,0.0,0.0,0.0,0.0,0.0,0.0,0.0,0.0,0.0,0.0,0.3138908376916615,0.31370976302587633,-0.004398340197908297,-0.004411615504994708
26.0,23.0,0.0,0.0,0.0,0.0,0.0,0.0,0.0,0.0,0.0,0.0,0.0,0.0,0.31294137095199065,0.31276521014267405,-0.0044684832423021684,-0.004481643496680947
26.0,23.5,0.0,0.0,0.0,0.0,0.0,0.0,0.0,0.0,0.0,0.0,0.0,0.0,0.3120338236377473,0.3118625354994428,-0.004536778673141742,-0.0045498077047243166
26.0,24.0,0.0,0.0,0.0,0.0,0.0,0.0,0.0,0.0,0.0,0.0,0.0,0.0,0.3111599898037326,0.31099356946431195,-0.0046037154418456195,-0.004616596483394409
27.0,0.5,0.0,0.0,0.0,0.0,0.0,0.0,0.0,0.0,0.0,0.0,0.0,0.0,0.31031397616292034,0.3101524524216536,-0.004669645180023651,-0.004682360268800477
27.0,1.0,0.0,0.0,0.0,0.0,0.0,0.0,0.0,0.0,0.0,0.0,0.0,0.0,0.3120602502476812,0.3119042298572814,-0.0045347724937280535,-0.0045466321228230695
27.0,1.5,0.0,0.0,0.0,0.0,0.0,0.0,0.0,0.0,0.0,0.0,0.0,0.0,0.3111653809638374,0.3110148198694848,-0.004603298879157072,-0.004614949298987512
27.0,2.0,0.0,0.0,0.0,0.0,0.0,0.0,0.0,0.0,0.0,0.0,0.0,0.0,0.3102972335325685,0.3101520855967022,-0.004670961240872332,-0.004682389192037696
27.0,2.5,0.0,0.0,0.0,0.0,0.0,0.0,0.0,0.0,0.0,0.0,0.0,0.0,0.30945262639880516,0.3093128312216746,-0.004737929109456836,-0.004749123335204309
27.0,3.0,0.0,0.0,0.0,0.0,0.0,0.0,0.0,0.0,0.0,0.0,0.0,0.0,0.30862928005360074,0.30849475708649154,-0.0048043152070131115,-0.004815266788059409
27.0,3.5,0.0,0.0,0.0,0.0,0.0,0.0,0.0,0.0,0.0,0.0,0.0,0.0,0.30782555501239245,0.3076962018890816,-0.00487019093096296,-0.004880893377833456
27.0,4.0,0.0,0.0,0.0,0.0,0.0,0.0,0.0,0.0,0.0,0.0,0.0,0.0,0.30704026071096907,0.3069159542531364,-0.004935598086611874,-0.004946047266955813
27.0,4.5,0.0,0.0,0.0,0.0,0.0,0.0,0.0,0.0,0.0,0.0,0.0,0.0,0.30627251691457724,0.3061531156945642,-0.005000557719454143,-0.005010751680507302
27.0,5.0,0.0,0.0,0.0,0.0,0.0,0.0,0.0,0.0,0.0,0.0,0.0,0.0,0.30552165397350783,0.30540700165058204,-0.005065076713191187,-0.005075015444652793
27.0,5.5,0.0,0.0,0.0,0.0,0.0,0.0,0.0,0.0,0.0,0.0,0.0,0.0,0.30478714176715294,0.3046770706674621,-0.005129152670963831,-0.005138837841167299
27.0,6.0,0.0,0.0,0.0,0.0,0.0,0.0,0.0,0.0,0.0,0.0,0.0,0.0,0.3040685397563209,0.3039628743567027,-0.005192777482440852,-0.0052022121707004845
27.0,6.5,0.0,0.0,0.0,0.0,0.0,0.0,0.0,0.0,0.0,0.0,0.0,0.0,0.30336546247322627,0.30326402258750274,-0.005255939890543021,-0.005265128330730334
27.0,7.0,0.0,0.0,0.0,0.0,0.0,0.0,0.0,0.0,0.0,0.0,0.0,0.0,0.3026775562084758,0.30258015977254005,-0.005318627302188316,-0.005327574646662449
27.0,7.5,0.0,0.0,0.0,0.0,0.0,0.0,0.0,0.0,0.0,0.0,0.0,0.0,0.3020044837335128,0.30191094915170646,-0.005380827032808284,-0.005389539141493131
27.0,8.0,0.0,0.0,0.0,0.0,0.0,0.0,0.0,0.0,0.0,0.0,0.0,0.0,0.30134591471429745,0.301256062772125,-0.005442527131200559,-0.005451010387565318
27.0,8.5,0.0,0.0,0.0,0.0,0.0,0.0,0.0,0.0,0.0,0.0,0.0,0.0,0.3007015200907454,0.3006151754643472,-0.0055037168971656366,-0.005511978050841054
27.0,9.0,0.0,0.0,0.0,0.0,0.0,0.0,0.0,0.0,0.0,0.0,0.0,0.0,0.3000709691632037,0.29998796156935303,-0.005564387177526954,-0.005572433212026175
27.0,9.5,0.0,0.0,0.0,0.0,0.0,0.0,0.0,0.0,0.0,0.0,0.07901430401011367,0.07901430401011367,0.2994539284773317,0.2993740935129776,-0.005624530505131281,-0.005632368528434069
27,10.0,1.8165676409964038,1.8349042628672283,0.046987249427484994,0.08936161354520011,16.8243099086737,17.6007375826706,False,False,0.08622717023581242,0.16945901999475418,0.2449923228718906,0.2449923228718906,0.2988399928464726,0.29876317256693413,-0.005685141453277164,-0.005692780210312438
27,10.5,3.098306196145947,3.127626232306185,0.0881150751402601,0.18451646860288703,16.662934275452653,17.592805648974046,False,False,0.13414852611507774,0.28871747487053917,0.3870084098359041,0.3870084098359041,0.2982117543633268,0.2981323977619425,-0.005747971832876338,-0.005755967034479907
27,11.0,2.1537212922859523,2.171573293863396,0.0723366442142694,0.10261693821796432,16.413952605652643,17.00801437582345,False,False,0.08212050128261661,0.11902425484322351,0.31978506570223286,0.31978506570223286,0.2975726742058545,0.29748375235496205,-0.005812737241040483,-0.0058218174710886915
27,11.5,2.0962900666000537,2.1127454500872194,0.07309895173236333,0.10551367755580578,16.338806788241957,16.971635566864954,False,False,0.07715144105619774,0.11281939071151242,0.22990418229389867,0.22990418229389867,0.296956329529752,0.2968661313739037,-0.005876023849562656,-0.005885354157653639
27,12.0,2.229172881084568,2.246401094572814,0.08075168936011617,0.11112383066278009,16.279498257701373,16.858716161696485,False,False,0.07985073054297141,0.11181722932468142,0.2930090420495001,0.2930090420495001,0.29636316340398144,0.29627128694782634,-0.005937707181921214,-0.005947330273772229
27,12.5,2.092939680167318,2.106698233672576,0.07857835683897625,0.1054498937760937,16.204038889481488,16.748496144184266,False,False,0.07250675089265846,0.0982446988178187,0.19581968116338772,0.19581968116338772,0.2957724696229176,0.29567905219494445,-0.005999901625385058,-0.006009808530644992
27,13.0,2.000205067397244,2.0117629556766747,0.0757006039288429,0.09820615561939441,16.186841597817313,16.675598618257787,False,False,0.06877892902516251,0.08985862883753587,0.16206463869318088,0.16206463869318088,0.29520559916659544,0.2951109708185306,-0.006060318886535214,-0.0060704748757859734
27,13.5,2.03806818282886,2.051776435631392,0.07784150908278653,0.10299244323137269,16.178758817928582,16.71093888072282,False,False,0.06983685959460494,0.09350252474679581,0.20817656526468936,0.20817656526468936,0.29465423593529444,0.29455884374220354,-0.006119780035118954,-0.006130137902839711
27,14.0,1.8744983770585648,1.8845074621852789,0.07431257581089998,0.09189122086449875,16.10776069708874,16.528958942785707,False,False,0.06232563415535257,0.07766000706007443,0.17204597935444638,0.17204597935444638,0.29410724688790923,0.29401065096188633,-0.006179457583693066,-0.00619006828748394
27.0,14.5,0.0,0.0,0.0,0.0,0.0,0.0,0.0,0.0,0.0,0.0,0.07277964431184109,0.07277964431184109,0.2935755260679874,0.2934785948357875,-0.006238135114287667,-0.006248903280790712
27.0,15.0,0.0,0.0,0.0,0.0,0.0,0.0,0.0,0.0,0.0,0.0,0.023593702990374103,0.023593702990374103,0.2930758376871715,0.2929807206695704,-0.006293883753749908,-0.006304562798787103
27.0,15.5,0.0,0.0,0.0,0.0,0.0,0.0,0.0,0.0,0.0,0.0,0.04820102381822268,0.04820102381822268,0.2925920361985955,0.2924986484713845,-0.006348426433380727,-0.0063590194980163136
27.0,16.0,0.0,0.0,0.0,0.0,0.0,0.0,0.0,0.0,0.0,0.0,0.0,0.0,0.29211443205326565,0.29202269402965586,-0.00640282372077071,-0.00641333581407956
27.0,16.5,0.0,0.0,0.0,0.0,0.0,0.0,0.0,0.0,0.0,0.0,0.0,0.0,0.2916520255751839,0.2915618626872891,-0.006456019984377616,-0.006466453780604697
27.0,17.0,0.0,0.0,0.0,0.0,0.0,0.0,0.0,0.0,0.0,0.0,0.0,0.0,0.29119840458342067,0.29110974696686626,-0.006508718003270422,-0.006519077313682059
27.0,17.5,0.0,0.0,0.0,0.0,0.0,0.0,0.0,0.0,0.0,0.0,0.0,0.0,0.29075330735940524,0.2906660895459946,-0.006560924704426199,-0.006571213104656628
27.0,18.0,0.0,0.0,0.0,0.0,0.0,0.0,0.0,0.0,0.0,0.0,0.0,0.0,0.2903164802219246,0.29023064084436817,-0.00661264720803214,-0.006622868050160028
27.0,18.5,0.0,0.0,0.0,0.0,0.0,0.0,0.0,0.0,0.0,0.0,0.0,0.0,0.2898876774663519,0.28980315897715053,-0.006663892785043959,-0.006674049209903679
27.0,19.0,0.0,0.0,0.0,0.0,0.0,0.0,0.0,0.0,0.0,0.0,0.0,0.0,0.28946666127772674,0.2893834096834098,-0.006714668818542298,-0.0067247637680052375
27.0,19.5,0.0,0.0,0.0,0.0,0.0,0.0,0.0,0.0,0.0,0.0,0.0,0.0,0.28905320161947573,0.2889711662307415,-0.006764982768910661,-0.006775018997943805
27.0,20.0,0.0,0.0,0.0,0.0,0.0,0.0,0.0,0.0,0.0,0.0,0.0,0.0,0.2886470761003408,0.2885662092981679,-0.0068148421427353225,-0.006824822231100664
27.0,20.5,0.0,0.0,0.0,0.0,0.0,0.0,0.0,0.0,0.0,0.0,0.0,0.0,0.28824806982244683,0.28816832683991306,-0.006864254465249653,-0.006874180828750713
27.0,21.0,0.0,0.0,0.0,0.0,0.0,0.0,0.0,0.0,0.0,0.0,0.0,0.0,0.2878559752135503,0.2877773139328552,-0.0069132272560973014,-0.006923102157312587
27.0,21.5,0.0,0.0,0.0,0.0,0.0,0.0,0.0,0.0,0.0,0.0,0.0,0.0,0.2874705918464337,0.2873929726104756,-0.0069617680081643105,-0.006971593566631845
27.0,22.0,0.0,0.0,0.0,0.0,0.0,0.0,0.0,0.0,0.0,0.0,0.0,0.0,0.2870917262482432,0.28701511168599564,-0.007009884169220085,-0.007019662371056925
27.0,22.5,0.0,0.0,0.0,0.0,0.0,0.0,0.0,0.0,0.0,0.0,0.0,0.0,0.28671919170232263,0.2866435465672122,-0.007057583126109059,-0.007067315833062817
27.0,23.0,0.0,0.0,0.0,0.0,0.0,0.0,0.0,0.0,0.0,0.0,0.0,0.0,0.2863528080448389,0.2862780990652986,-0.007104872191242791,-0.007114561149183076
27.0,23.5,0.0,0.0,0.0,0.0,0.0,0.0,0.0,0.0,0.0,0.0,0.0,0.0,0.28599240145821897,0.28591859719959806,-0.007151758591155154,-0.007161405438019853
27.0,24.0,0.0,0.0,0.0,0.0,0.0,0.0,0.0,0.0,0.0,0.0,0.0,0.0,0.2908810335902286,0.2908083336728664,-0.006545892456151206,-0.006554443556317942
28.0,0.5,0.0,0.0,0.0,0.0,0.0,0.0,0.0,0.0,0.0,0.0,0.0,0.0,0.3008449079782494,0.30077385873381524,-0.005490030608915931,-0.005496807142157857
28.0,1.0,0.0,0.0,0.0,0.0,0.0,0.0,0.0,0.0,0.0,0.0,0.0,0.0,0.31296562560126173,0.31289714411553854,-0.0044666748849508,-0.004471782914853437
28.0,1.5,0.0,0.0,0.0,0.0,0.0,0.0,0.0,0.0,0.0,0.0,0.0,0.0,0.31690849771027474,0.3168425984423771,-0.004183956195899286,-0.0041885030570698025
28.0,2.0,0.0,0.0,0.0,0.0,0.0,0.0,0.0,0.0,0.0,0.0,0.0,0.0,0.31566636490813765,0.315602548874762,-0.004270658790764798,-0.004275170762981065
28.0,2.5,0.0,0.0,0.0,0.0,0.0,0.0,0.0,0.0,0.0,0.0,0.0,0.0,0.3170710956347772,0.3170092816433078,-0.004172762536710902,-0.004177013761846947
28.0,3.0,0.0,0.0,0.0,0.0,0.0,0.0,0.0,0.0,0.0,0.0,0.0,0.0,0.3159149966879697,0.3158549502278155,-0.004253133854519258,-0.00425735839931795
28.0,3.5,0.0,0.0,0.0,0.0,0.0,0.0,0.0,0.0,0.0,0.0,0.0,0.0,0.31484155443999523,0.31478314024443727,-0.00432941531928923,-0.004333612939783572
28.0,4.0,0.0,0.0,0.0,0.0,0.0,0.0,0.0,0.0,0.0,0.0,0.0,0.0,0.3138315532116445,0.3137746934984317,-0.004402681332697192,-0.004406849709713265
28.0,4.5,0.0,0.0,0.0,0.0,0.0,0.0,0.0,0.0,0.0,0.0,0.0,0.0,0.31287153469433054,0.31281618719988946,-0.004473694907882536,-0.004477830466454758
28.0,5.0,0.0,0.0,0.0,0.0,0.0,0.0,0.0,0.0,0.0,0.0,0.0,0.0,0.3119517220342169,0.3118978673383223,-0.004543018176201436,-0.004547116542785616
28.0,5.5,0.0,0.0,0.0,0.0,0.0,0.0,0.0,0.0,0.0,0.0,0.0,0.0,0.311065002002454,0.3110126344556419,-0.00461106230561313,-0.004615118664843436
28.0,6.0,0.0,0.0,0.0,0.0,0.0,0.0,0.0,0.0,0.0,0.0,0.0,0.0,0.31020622811848897,0.3101553480328894,-0.004678122490541843,-0.004682131964511352
28.0,6.5,0.0,0.0,0.0,0.0,0.0,0.0,0.0,0.0,0.0,0.0,0.0,0.0,0.3093716857483,0.3093222938077104,-0.004744406669000786,-0.004748364616408482
28.0,7.0,0.0,0.0,0.0,0.0,0.0,0.0,0.0,0.0,0.0,0.0,0.0,0.0,0.30855869553884574,0.3085107892100116,-0.004810057822290634,-0.004813960044935966
28.0,7.5,0.0,0.0,0.0,0.0,0.0,0.0,0.0,0.0,0.0,0.0,0.0,0.0,0.30776532194914435,0.30771889345476755,-0.004875171024953337,-0.004879013892978763
28.0,8.0,0.0,0.0,0.0,0.0,0.0,0.0,0.0,0.0,0.0,0.0,0.0,0.0,0.30699015957325837,0.3069451950015731,-0.0049398064128029625,-0.004943586925514732
28.0,8.5,0.0,0.0,0.0,0.0,0.0,0.0,0.0,0.0,0.0,0.0,0.0,0.0,0.30623217686140125,0.3061886560579025,-0.005003999012891416,-0.005007714811633164
28.0,9.0,0.0,0.0,0.0,0.0,0.0,0.0,0.0,0.0,0.0,0.0,0.0,0.0,0.3054906022925838,0.30544849925665696,-0.005067766162219858,-0.005071415509583311
28.0,9.5,0.0,0.0,0.0,0.0,0.0,0.0,0.0,0.0,0.0,0.0,0.0,0.0,0.3047648420127037,0.3047241255912078,-0.005131113071272671,-0.005134694808281306
28.0,10.0,0.0,0.0,0.0,0.0,0.0,0.0,0.0,0.0,0.0,0.0,0.0,0.0,0.30405442079610756,0.30401505552382263,-0.005194036960222749,-0.00519755045054634
28.0,10.5,0.0,0.0,0.0,0.0,0.0,0.0,0.0,0.0,0.0,0.0,0.0,0.0,0.3033589402515637,0.3033208872346622,-0.0052565300993512275,-0.005259975167317667
28,11.0,1.319543771049072,1.342179020573518,0.08342643894498811,0.11597017227047841,15.159292217067035,16.05342046035081,True,True,0.03141749544895821,0.04382326690819779,0.19444902916365348,0.19444902916365348,0.30267804971374007,0.30264126748815734,-0.0053185820118304234,-0.005321958879073506
28,11.5,1.4327422537705563,1.4518499983190358,0.09439216019424933,0.11808925007516212,15.065737534913463,15.720076129302234,True,True,0.03318339644529952,0.04170147514934856,0.27834281893619933,0.27834281893619933,0.30197601595236745,0.30193631413696437,-0.005383476835080658,-0.005387174906229478
28,12.0,1.4573905302362389,1.4710265967161256,0.098972816861326,0.11502855756376801,14.992264096964616,15.461584001221661,True,True,0.033047248428389034,0.03850704997738748,0.20636719888011246,0.20636719888011246,0.30127585314990185,0.3012343147791871,-0.005449140552231712,-0.0054530660640942745
28,12.5,1.4845294327475083,1.4929693686505991,0.103495207373789,0.11243400495572477,14.930457497419019,15.202625004269658,True,True,0.033079771795824234,0.03604217623462997,0.23976734512072764,0.23976734512072764,0.30059793616848474,0.3005554902128405,-0.005513629215641199,-0.005517697164931578
28,13.0,1.397830789037261,1.4057818415021464,0.09777439749661782,0.10799081132767388,14.919042493633382,15.240121204998049,False,False,0.031048575801734403,0.034307403058662686,0.08540654364947121,0.08540654364947121,0.2999285445191477,0.29988605323795414,-0.005578201097626273,-0.005582330283902109
28,13.5,1.369297323378437,1.378752882062922,0.09725474092172973,0.10847590925846809,14.88427251894559,15.240327542188014,True,True,0.03012231303405594,0.033640892160111485,0.12883265953840944,0.12883265953840944,0.2992926107059651,0.2992498672298464,-0.005640381756790198,-0.005644590691326667
28,14.0,1.29171343354069,1.294407958635947,0.09337279600262685,0.09582515726040029,14.845230150583806,14.944909666062,True,True,0.028112041761868878,0.028895726171760207,0.14779858480575028,0.14779858480575028,0.2986639663706349,0.2986207996058439,-0.00570266305102916,-0.005706969670840601
28.0,14.5,0.0,0.0,0.0,0.0,0.0,0.0,0.0,0.0,0.0,0.0,0.0,0.0,0.29804585446482296,0.29800334007766116,-0.005764701407421335,-0.005768997951299897
28.0,15.0,0.0,0.0,0.0,0.0,0.0,0.0,0.0,0.0,0.0,0.0,0.0,0.0,0.2974706263650939,0.2974290365894408,-0.005823159258920055,-0.005827413155488732
28.0,15.5,0.0,0.0,0.0,0.0,0.0,0.0,0.0,0.0,0.0,0.0,0.0,0.0,0.2969072441974129,0.2968665403817564,-0.005881099163497464,-0.005885311809102159
28.0,16.0,0.0,0.0,0.0,0.0,0.0,0.0,0.0,0.0,0.0,0.0,0.0,0.0,0.29895594862754266,0.29891619554546567,-0.005673634306505012,-0.005677576169011731
28.0,16.5,0.0,0.0,0.0,0.0,0.0,0.0,0.0,0.0,0.0,0.0,0.0,0.0,0.3061020734653463,0.3060635773484153,-0.005015116999354739,-0.005018412326251388
28.0,17.0,0.0,0.0,0.0,0.0,0.0,0.0,0.0,0.0,0.0,0.0,0.0,0.0,0.33023361786238886,0.3301983905810113,-0.003374164416138716,-0.0033760448803349112
28.0,17.5,0.0,0.0,0.0,0.0,0.0,0.0,0.0,0.0,0.0,0.0,0.0,0.0,0.3330143739466193,0.33298166993420564,-0.0032295846619430895,-0.0032312416305155718
28.0,18.0,0.0,0.0,0.0,0.0,0.0,0.0,0.0,0.0,0.0,0.0,0.0,0.0,0.3333406863004979,0.3333100184796315,-0.003213107170730386,-0.0032146515037476246
28.0,18.5,0.0,0.0,0.0,0.0,0.0,0.0,0.0,0.0,0.0,0.0,0.0,0.0,0.3361606511375166,0.33613210761666396,-0.00307480529270638,-0.0030761692157142773
28.0,19.0,0.0,0.0,0.0,0.0,0.0,0.0,0.0,0.0,0.0,0.0,0.0,0.0,0.33877058338541577,0.33874435072291925,-0.0029530817012506333,-0.0029542762767661946
28.0,19.5,0.0,0.0,0.0,0.0,0.0,0.0,0.0,0.0,0.0,0.0,0.0,0.0,0.33637361356793793,0.33634949935655806,-0.0030646518109528407,-0.003065799504615757
28.0,20.0,0.0,0.0,0.0,0.0,0.0,0.0,0.0,0.0,0.0,0.0,0.0,0.0,0.3341516401280836,0.33412965190347577,-0.003172589047920143,-0.0031736795993101852
28.0,20.5,0.0,0.0,0.0,0.0,0.0,0.0,0.0,0.0,0.0,0.0,0.0,0.0,0.3320285477019986,0.3320087570769967,-0.003279980087771705,-0.0032810013391667706
28.0,21.0,0.0,0.0,0.0,0.0,0.0,0.0,0.0,0.0,0.0,0.0,0.0,0.0,0.32996510426664716,0.3299475889342272,-0.003388529478910059,-0.0033894690511915007
28.0,21.5,0.0,0.0,0.0,0.0,0.0,0.0,0.0,0.0,0.0,0.0,0.0,0.0,0.3279497432554905,0.3279344783723678,-0.0034987060452992317,-0.003499556700120937
28.0,22.0,0.0,0.0,0.0,0.0,0.0,0.0,0.0,0.0,0.0,0.0,0.0,0.0,0.325995602186545,0.3259824257571141,-0.0036096351700408537,-0.0036103972503719155
28.0,22.5,0.0,0.0,0.0,0.0,0.0,0.0,0.0,0.0,0.0,0.0,0.0,0.0,0.324117411388976,0.3241060842928894,-0.003720224076109914,-0.003720903169295184
28.0,23.0,0.0,0.0,0.0,0.0,0.0,0.0,0.0,0.0,0.0,0.0,0.0,0.0,0.32232460576396227,0.3223148698726977,-0.003829570947040807,-0.0038301751321486483
28.0,23.5,0.0,0.0,0.0,0.0,0.0,0.0,0.0,0.0,0.0,0.0,0.0,0.0,0.32062088598691635,0.3206124984175964,-0.0039370506034988265,-0.003937588560402998
28.0,24.0,0.0,0.0,0.0,0.0,0.0,0.0,0.0,0.0,0.0,0.0,0.0,0.0,0.319005694681124,0.31899844226160257,-0.0040422798564080644,-0.004042759853279274
29.0,0.5,0.0,0.0,0.0,0.0,0.0,0.0,0.0,0.0,0.0,0.0,0.0,0.0,0.3273008194795996,0.3272950121740716,-0.003535086568347142,-0.0035354141717753914
29.0,1.0,0.0,0.0,0.0,0.0,0.0,0.0,0.0,0.0,0.0,0.0,0.0,0.0,0.3276242003145361,0.3276195239763033,-0.003516900864071002,-0.0035171630480689137
29.0,1.5,0.0,0.0,0.0,0.0,0.0,0.0,0.0,0.0,0.0,0.0,0.0,0.0,0.33037626897901956,0.3303726021931334,-0.003366562317914862,-0.0033667574708953416
29.0,2.0,0.0,0.0,0.0,0.0,0.0,0.0,0.0,0.0,0.0,0.0,0.0,0.0,0.3281232484730539,0.3281202880674614,-0.003489054542152401,-0.0034892189531973666
29.0,2.5,0.0,0.0,0.0,0.0,0.0,0.0,0.0,0.0,0.0,0.0,0.0,0.0,0.3260889766833871,0.32608655559146277,-0.003604240191424849,-0.0036043799555612248
29.0,3.0,0.0,0.0,0.0,0.0,0.0,0.0,0.0,0.0,0.0,0.0,0.0,0.0,0.3242129497240541,0.3242109557888099,-0.003714502139626346,-0.003714621452262645
29.0,3.5,0.0,0.0,0.0,0.0,0.0,0.0,0.0,0.0,0.0,0.0,0.0,0.0,0.32246203821288527,0.32246038830897183,-0.0038210543355311627,-0.003821156445233786
29.0,4.0,0.0,0.0,0.0,0.0,0.0,0.0,0.0,0.0,0.0,0.0,0.0,0.0,0.32574660413849876,0.32574529834456595,-0.0036240688510189114,-0.003624144725097886
29.0,4.5,0.0,0.0,0.0,0.0,0.0,0.0,0.0,0.0,0.0,0.0,0.0,0.0,0.3263193603937841,0.32631834081506955,-0.0035909701550644085,-0.0035910287541397377
29.0,5.0,0.0,0.0,0.0,0.0,0.0,0.0,0.0,0.0,0.0,0.0,0.0,0.0,0.32685927664965436,0.3268584921331426,-0.0035600985217376555,-0.0035601431493199618
29.0,5.5,0.0,0.0,0.0,0.0,0.0,0.0,0.0,0.0,0.0,0.0,0.0,0.0,0.3368759158308222,0.336875417503864,-0.003040861180847138,-0.003040884673920691
29.0,6.0,0.0,0.0,0.0,0.0,0.0,0.0,0.0,0.0,0.0,0.0,0.0,0.0,0.3455914170617632,0.3455911755481493,-0.0026610989877993312,-0.0026611087004432916
29.0,6.5,0.0,0.0,0.0,0.0,0.0,0.0,0.0,0.0,0.0,0.0,0.0,0.0,0.3567646007913034,0.35676435927768946,-0.0022536644376624356,-0.0022536724056170816
29.0,7.0,0.0,0.0,0.0,0.0,0.0,0.0,0.0,0.0,0.0,0.0,0.0,0.0,0.37061009070045675,0.3706098491868429,-0.001847264280715836,-0.0018472705678266648
29.0,7.5,0.0,0.0,0.0,0.0,0.0,0.0,0.0,0.0,0.0,0.0,0.0,0.0,0.371094049711544,0.3710938081979301,-0.0018347168547161615,-0.0018347230909785863
29.0,8.0,0.0,0.0,0.0,0.0,0.0,0.0,0.0,0.0,0.0,0.0,0.0,0.0,0.36367476887248984,0.36367505096831165,-0.002038809236601131,-0.002038800977061282
29.0,8.5,0.0,0.0,0.0,0.0,0.0,0.0,0.0,0.0,0.0,0.0,0.0,0.0,0.3700893842976245,0.370089664256067,-0.0018608787999802884,-0.0018608714480592642
29.0,9.0,0.0,0.0,0.0,0.0,0.0,0.0,0.0,0.0,0.0,0.0,0.0,0.0,0.3667003180939573,0.36670055999033113,-0.0019524712186956897,-0.0019524644920485426
29.0,9.5,0.0,0.0,0.0,0.0,0.0,0.0,0.0,0.0,0.0,0.0,0.0,0.0,0.36371498854951606,0.36371501960450486,-0.0020376320389079027,-0.002037631130266232
29,10.0,0.6486215112633948,0.661797425872746,0.01657417564162542,0.10428583134497105,16.89017299974326,18.23330891377718,True,True,0.032047812369999686,0.21381493793969603,0.13926473876293208,0.13926473876293208,0.3636158234842312,0.3636157917416365,-0.002040535985245787,-0.0020405369155839844
29.0,10.5,0.0,0.0,0.0,0.0,0.0,0.0,0.0,0.0,0.0,0.0,0.0,0.0,0.36870429955105266,0.36869307612902325,-0.001897679657468323,-0.0018979813801460854
29,11.0,0.4612694019004813,0.47114812825050134,0.011812091162783391,0.13767343802395784,16.890173031469004,18.347849934552883,True,True,0.022790911166875552,0.2827392762607373,0.1981510512927848,0.1981510512927848,0.3630430905005702,0.3630318809633309,-0.002057404689317176,-0.00205773649802795
29,11.5,0.5735988421414296,0.5856887889814674,0.01457492670833593,0.13345129061346545,16.890173010090052,18.310507770975185,True,True,0.0283410089696096,0.27262403722668577,0.4305797564802592,0.4305797564802592,0.3578006435331127,0.35778136242457964,-0.002219790345450815,-0.002220415190719204
29,12.0,1.2281691395081078,1.2536013979080485,0.03110833525441629,0.23584345683390634,33.78034601010627,36.5473218657399,True,True,0.06068274557362974,0.4796040368048899,0.4530117294973508,0.4530117294973508,0.35288326288297767,0.3528488330280649,-0.0023861668539032245,-0.0023873831340433574
29,12.5,1.4524647706713876,1.4824622306721174,0.03722836804804057,0.23604230571114448,33.78034598443514,36.47168996599348,True,True,0.07176499335312474,0.4800090810574822,0.6014659107825374,0.6014659107825374,0.3479609167656674,0.3479003969435824,-0.0025678077731483857,-0.0025701415620213637
29,13.0,1.6356037756040103,1.67068657844519,0.04653720586277792,0.21802567102892054,33.444652995248354,36.21208806631065,True,True,0.07318336198084449,0.3543239279779863,0.5108345722603379,0.5108345722603379,0.3430188728254342,0.34293301758914674,-0.0027669952081026883,-0.0027706150723626043
29,13.5,0.8474395052809522,0.8679186908257699,0.03129347543728739,0.1067553601937374,16.28045275408534,17.829381425303424,True,True,0.03036900475987811,0.10461823788108453,0.3259873912982155,0.3259873912982155,0.3407594982177381,0.3406517897283689,-0.0028641638143116393,-0.0028688966765846877
29,14.0,1.5151752811723749,1.5525281107635813,0.0530338302824148,0.2015831142978122,32.8112955905722,35.879921182383434,True,True,0.057543914837897954,0.22577183888104235,0.6502079003877428,0.6502079003877428,0.33585331557295217,0.33573599076528404,-0.003089528984982703,-0.0030951718737217467
29,14.5,1.7175744792008727,1.7632585694340093,0.07439814887666123,0.20423390040622902,32.04984904397518,35.176575216727926,True,True,0.055196733286246746,0.15589684206424265,0.8691980009160287,0.8691980009160287,0.33090304617102695,0.3307667913140664,-0.0033386658001720074,-0.0033458549510027324
29.0,15.0,0.0,0.0,0.0,0.0,0.0,0.0,0.0,0.0,0.0,0.0,0.08160906158429536,0.08160906158429536,0.3261162188325841,0.32597288262087915,-0.003602668009051661,-0.003610949312952668
29.0,15.5,0.0,0.0,0.0,0.0,0.0,0.0,0.0,0.0,0.0,0.0,0.11173907832036942,0.11173907832036942,0.32318785208270434,0.32304716860261906,-0.003776448562016283,-0.003785045759238223
29.0,16.0,0.0,0.0,0.0,0.0,0.0,0.0,0.0,0.0,0.0,0.0,0.0,0.0,0.3232374316121368,0.32309898142777715,-0.0037734242923914726,-0.003781876756597658
29.0,16.5,0.0,0.0,0.0,0.0,0.0,0.0,0.0,0.0,0.0,0.0,0.0,0.0,0.32105310718033875,0.3209166721364491,-0.0039094472035271196,-0.003918135520790732
29.0,17.0,0.0,0.0,0.0,0.0,0.0,0.0,0.0,0.0,0.0,0.0,0.0,0.0,0.319134709182817,0.31900027422881966,-0.004033752449151385,-0.00404263859925926
29.0,17.5,0.0,0.0,0.0,0.0,0.0,0.0,0.0,0.0,0.0,0.0,0.0,0.0,0.31740628715550767,0.3172738907726129,-0.004149799480807382,-0.004158851560429513
29.0,18.0,0.0,0.0,0.0,0.0,0.0,0.0,0.0,0.0,0.0,0.0,0.0,0.0,0.3158242840848666,0.31569397262446547,-0.004259517832193806,-0.004268708606238898
29.0,18.5,0.0,0.0,0.0,0.0,0.0,0.0,0.0,0.0,0.0,0.0,0.0,0.0,0.31436074037163997,0.31423255179719783,-0.004364111163161944,-0.004373417201605168
29.0,19.0,0.0,0.0,0.0,0.0,0.0,0.0,0.0,0.0,0.0,0.0,0.0,0.0,0.3129962445788036,0.3128702031875103,-0.004464393266472833,-0.004473794344486365
29.0,19.5,0.0,0.0,0.0,0.0,0.0,0.0,0.0,0.0,0.0,0.0,0.0,0.0,0.3117165272226708,0.31159264294114214,-0.004560949034239791,-0.004570427665430617
29.0,20.0,0.0,0.0,0.0,0.0,0.0,0.0,0.0,0.0,0.0,0.0,0.0,0.0,0.31803380356153776,0.3179128786082872,-0.004107213509459284,-0.0041153793462888125
29.0,20.5,0.0,0.0,0.0,0.0,0.0,0.0,0.0,0.0,0.0,0.0,0.0,0.0,0.31898592966867173,0.31886807072202505,-0.0040435881511179635,-0.004051400006339321
29.0,21.0,0.0,0.0,0.0,0.0,0.0,0.0,0.0,0.0,0.0,0.0,0.0,0.0,0.3174322592353576,0.31731727574928636,-0.004148026497758793,-0.004155882694896994
29.0,21.5,0.0,0.0,0.0,0.0,0.0,0.0,0.0,0.0,0.0,0.0,0.0,0.0,0.3160040832246922,0.3158918836033198,-0.004246875404952236,-0.004254759374870191
29.0,22.0,0.0,0.0,0.0,0.0,0.0,0.0,0.0,0.0,0.0,0.0,0.0,0.0,0.31718643876109515,0.3170772864394467,-0.004164843649412462,-0.00417233705140885
29.0,22.5,0.0,0.0,0.0,0.0,0.0,0.0,0.0,0.0,0.0,0.0,0.0,0.0,0.3158087300651705,0.3157025407889341,-0.004260613606067686,-0.0042681035744867625
29.0,23.0,0.0,0.0,0.0,0.0,0.0,0.0,0.0,0.0,0.0,0.0,0.0,0.0,0.31703674726572817,0.3169338002322491,-0.004175124191188113,-0.00418221195685928
29.0,23.5,0.0,0.0,0.0,0.0,0.0,0.0,0.0,0.0,0.0,0.0,0.0,0.0,0.31569557730757697,0.3155957728895958,-0.004268595285483932,-0.004275650177573582
29.0,24.0,0.0,0.0,0.0,0.0,0.0,0.0,0.0,0.0,0.0,0.0,0.0,0.0,0.31695681485160365,0.31686043117556023,-0.004180626187627501,-0.004187272068670329
30.0,0.5,0.0,0.0,0.0,0.0,0.0,0.0,0.0,0.0,0.0,0.0,0.0,0.0,0.31564225548148905,0.3155491653835287,-0.004272362727570173,-0.00427894948859034
30.0,1.0,0.0,0.0,0.0,0.0,0.0,0.0,0.0,0.0,0.0,0.0,0.0,0.0,0.31440618466125897,0.31431629316313925,-0.0043608177339499715,-0.0043673351992383
30.0,1.5,0.0,0.0,0.0,0.0,0.0,0.0,0.0,0.0,0.0,0.0,0.0,0.0,0.3157648663676637,0.31567844231864506,-0.004263705593955999,-0.004269805522639364
30.0,2.0,0.0,0.0,0.0,0.0,0.0,0.0,0.0,0.0,0.0,0.0,0.0,0.0,0.3145308198301143,0.3144477083504516,-0.004351800386281482,-0.004357811026502681
30.0,2.5,0.0,0.0,0.0,0.0,0.0,0.0,0.0,0.0,0.0,0.0,0.0,0.0,0.3133631543977953,0.3132832254066237,-0.004437160167799565,-0.004443075825934481
30.0,3.0,0.0,0.0,0.0,0.0,0.0,0.0,0.0,0.0,0.0,0.0,0.0,0.0,0.3122523585006655,0.31217549287824514,-0.0045202202992016645,-0.004526036180685803
30.0,3.5,0.0,0.0,0.0,0.0,0.0,0.0,0.0,0.0,0.0,0.0,0.0,0.0,0.3111913548549679,0.3111174373687356,-0.004601292564906936,-0.004607004948555722
30.0,4.0,0.0,0.0,0.0,0.0,0.0,0.0,0.0,0.0,0.0,0.0,0.0,0.0,0.3101747187412685,0.31010363487103665,-0.004680605023296378,-0.004686211283095794
30.0,4.5,0.0,0.0,0.0,0.0,0.0,0.0,0.0,0.0,0.0,0.0,0.0,0.0,0.30919817459618143,0.3091298095271133,-0.004758328096591939,-0.00476382663634084
30.0,5.0,0.0,0.0,0.0,0.0,0.0,0.0,0.0,0.0,0.0,0.0,0.0,0.0,0.30825826390210626,0.3081925026512069,-0.0048345920135182165,-0.004839982156804359
30.0,5.5,0.0,0.0,0.0,0.0,0.0,0.0,0.0,0.0,0.0,0.0,0.0,0.0,0.3073521216515614,0.30728884972014436,-0.004909498658190665,-0.004914780520390911
30.0,6.0,0.0,0.0,0.0,0.0,0.0,0.0,0.0,0.0,0.0,0.0,0.0,0.0,0.3064773232595338,0.3064164274649931,-0.004983129718393689,-0.004988304076797575
30.0,6.5,0.0,0.0,0.0,0.0,0.0,0.0,0.0,0.0,0.0,0.0,0.0,0.0,0.3056317780588989,0.3055731473576348,-0.0050555523429462014,-0.005060620514140428
30.0,7.0,0.0,0.0,0.0,0.0,0.0,0.0,0.0,0.0,0.0,0.0,0.0,0.0,0.30481365408501393,0.30475718029335297,-0.005126823099821265,-0.005131786828996483
30.0,7.5,0.0,0.0,0.0,0.0,0.0,0.0,0.0,0.0,0.0,0.0,0.0,0.0,0.30402132416046057,0.30396690253595227,-0.005196990762948409,-0.00520185212699266
30.0,8.0,0.0,0.0,0.0,0.0,0.0,0.0,0.0,0.0,0.0,0.0,0.0,0.0,0.3032533266538232,0.30320085633049126,-0.005266098284994068,-0.005270859609557741
30.0,8.5,0.0,0.0,0.0,0.0,0.0,0.0,0.0,0.0,0.0,0.0,0.0,0.0,0.3025083364601318,0.3024577207476158,-0.005334184200766779,-0.005338847990535259
30.0,9.0,0.0,0.0,0.0,0.0,0.0,0.0,0.0,0.0,0.0,0.0,0.011774218902066398,0.011774218902066398,0.3017851431781743,0.30173628974220806,-0.005401283630315884,-0.00540585251124506
30.0,9.5,0.0,-0.025747065408365084,0.0,0.2143235106223446,0.0,37.0,0.0,0.0,0.0,0.43565650013169,0.2807507408836683,0.2807507408836683,0.3010811339882664,0.3010339549323372,-0.005467571302505454,-0.005472048113421799
30.0,10.0,0.0,-0.026509266732205494,0.0,0.21411571754249506,0.0,37.0,0.0,0.0,0.0,0.4372031275324154,0.5915055612238067,0.5915055612238067,0.3003625054744254,0.30028960549974676,-0.005536237649847573,-0.005543260626655346
30.0,10.5,0.0,-0.027333708292054875,0.0,0.21397338394140147,0.0,37.0,0.0,0.0,0.0,0.437438547460468,0.6022315339932035,0.6022315339932035,0.2996229809602871,0.29952430747062847,-0.005607976153293176,-0.005617631624574631
30,11.0,0.0951600919533715,0.0976534256868982,0.002619832372654704,0.20095430203944606,33.780347950421934,36.92500838800646,True,True,0.004701775564139659,0.4090279776412906,1.093284883572438,1.093284883572438,0.3014892036554529,0.30136487005886137,-0.005429031209770996,-0.005440739496352832
30,11.5,0.030690193474041266,0.031615714185639916,0.0008099762470031346,0.06757459251340885,16.86543404182243,18.462632106294635,True,True,0.0014934235740132942,0.1319320075078378,0.2832352519617191,0.2832352519617191,0.30064474884773,0.30049664762970935,-0.005509146909840903,-0.005523342456034794
30,12.0,0.1145535454198619,0.11754443618666224,0.003096806247674906,0.2648319477550081,33.640262087658755,36.92490211014608,True,True,0.0054239934061541505,0.4922337572668217,0.5586829098292766,0.5586829098292766,0.2999263808690478,0.2997711894719269,-0.005578411267261245,-0.0055935106716911475
30,12.5,0.4175906697847592,0.4303947431348579,0.01593403183828699,0.2531182414407481,32.626504112867934,36.70094860672357,True,True,0.01518931682762355,0.25734872219292443,1.208834784623332,1.208834784623332,0.3017811465687873,0.3015940994791276,-0.005401657229185109,-0.005419176686864087
30,13.0,0.2534841003380953,0.26196989204065657,0.010108066645162363,0.24559340244190336,32.38270053297802,36.77633350186994,True,True,0.008733308324953757,0.22002482598562584,0.8966127276562954,0.8966127276562954,0.30090689190824976,0.3006910207815831,-0.0054841268354719735,-0.005504720646325572
30,13.5,0.17353300479704264,0.17844867056609298,0.005692136087671742,0.1813011921336983,33.18128784759191,36.85058346737283,True,True,0.007229050261260882,0.25009029244438535,1.212821274175754,1.212821274175754,0.3000983385701495,0.2998537799674965,-0.005561737260131346,-0.00558546894551587
30,14.0,0.4454993594232228,0.4605716513347391,0.01910554809642602,0.2444788758997188,32.17459831385722,36.58995425211733,True,True,0.014686888088616373,0.1979766419488181,1.357128998531459,1.357128998531459,0.2992730492555745,0.29900736856856125,-0.005642307501459931,-0.0056685404094632295
30,14.5,0.5917720352478393,0.6125712100811265,0.027055428415530765,0.24228403303866117,31.890357498977224,36.40355814268909,True,True,0.018423838241358258,0.17186300157060902,1.099918979896796,1.099918979896796,0.29844881815096674,0.29815562232004533,-0.005724166269126703,-0.005753625782512637
30,15.0,0.49041610563845445,0.5059846977315164,0.0196185037921671,0.21904342644705468,32.3450008319718,36.552372062004025,True,True,0.01675950889821367,0.19295927193289977,0.6509827286756337,0.6509827286756337,0.2976759349510147,0.2973564770183371,-0.005802213964899173,-0.005834843581123815
30,15.5,0.4016242369065613,0.4143802926543747,0.015565318474387455,0.25942472019576346,32.417191628506785,36.664004907262566,True,True,0.013941333844468964,0.23838931010798783,0.36100033321640773,0.36100033321640773,0.29697943417025013,0.2966356984311285,-0.0058736366876405485,-0.005909270948079103
30.0,16.0,0.0,0.0,0.0,0.0,0.0,0.0,0.0,0.0,0.0,0.0,0.0,0.0,0.29633744479380775,0.29596374783533863,-0.005940399064721441,-0.0059796772399730025
30.0,16.5,0.0,0.0,0.0,0.0,0.0,0.0,0.0,0.0,0.0,0.0,0.0,0.0,0.29575944301781426,0.2953868467684533,-0.0060012819269201914,-0.006040922948439747
30.0,17.0,0.0,0.0,0.0,0.0,0.0,0.0,0.0,0.0,0.0,0.0,0.0,0.0,0.29519651908565714,0.2948250158645565,-0.006061292527853585,-0.006101288456395357
30.0,17.5,0.0,0.0,0.0,0.0,0.0,0.0,0.0,0.0,0.0,0.0,0.0,0.0,0.29464784797790283,0.2942774352179704,-0.0061204730000478545,-0.0061608157038363625
30.0,18.0,0.0,0.0,0.0,0.0,0.0,0.0,0.0,0.0,0.0,0.0,0.0,0.0,0.29411268660360174,0.29374336596520606,-0.006178860695942912,-0.006219541885381228
30.0,18.5,0.0,0.0,0.0,0.0,0.0,0.0,0.0,0.0,0.0,0.0,0.0,0.0,0.29359036112604425,0.2932221376978485,-0.006236489027507409,-0.006277500292936286
30.0,19.0,0.0,0.0,0.0,0.0,0.0,0.0,0.0,0.0,0.0,0.0,0.0,0.0,0.293080256821938,0.29271313841285096,-0.006293388129667949,-0.006334720979459271
30.0,19.5,0.0,0.0,0.0,0.0,0.0,0.0,0.0,0.0,0.0,0.0,0.0,0.0,0.2925818098898172,0.29221580641036937,-0.006349585388309118,-0.006391231285563698
30.0,20.0,0.0,0.0,0.0,0.0,0.0,0.0,0.0,0.0,0.0,0.0,0.0,0.0,0.2920945007716348,0.2917296236997687,-0.006405105863411432,-0.00644705626021285
30.0,20.5,0.0,0.0,0.0,0.0,0.0,0.0,0.0,0.0,0.0,0.0,0.0,0.0,0.29161784865906615,0.29125411058354855,-0.006459972630444716,-0.006502218999089486
30.0,21.0,0.0,0.0,0.0,0.0,0.0,0.0,0.0,0.0,0.0,0.0,0.0,0.0,0.2911514069349649,0.29078882116885163,-0.00651420705763458,-0.006556740918576238
30.0,21.5,0.0,0.0,0.0,0.0,0.0,0.0,0.0,0.0,0.0,0.0,0.0,0.0,0.290694759358843,0.2903333396152795,-0.006567829032621755,-0.006610641979078456
30.0,22.0,0.0,0.0,0.0,0.0,0.0,0.0,0.0,0.0,0.0,0.0,0.0,0.0,0.29024751684888633,0.28988727697176564,-0.006620857148956193,-0.00666394086826903
30.0,22.5,0.0,0.0,0.0,0.0,0.0,0.0,0.0,0.0,0.0,0.0,0.0,0.0,0.2898093147458618,0.2894502684883307,-0.006673308860539243,-0.006716655152453468
30.0,23.0,0.0,0.0,0.0,0.0,0.0,0.0,0.0,0.0,0.0,0.0,0.0,0.0,0.2893798104691862,0.2890219713135699,-0.006725200610352842,-0.006768801402443611
30.0,23.5,0.0,0.0,0.0,0.0,0.0,0.0,0.0,0.0,0.0,0.0,0.0,0.0,0.2889586814944532,0.2886020625077986,-0.006776547938454255,-0.006820395298942639
30.0,24.0,0.0,0.0,0.0,0.0,0.0,0.0,0.0,0.0,0.0,0.0,0.0,0.0,0.28854562359633934,0.2881902373164093,-0.006827365573166325,-0.006871451721378743
31.0,0.5,0.0,0.0,0.0,0.0,0.0,0.0,0.0,0.0,0.0,0.0,0.0,0.0,0.2881403493121279,0.28778620765928553,-0.006877667508579693,-0.0069219848233001875
31.0,1.0,0.0,0.0,0.0,0.0,0.0,0.0,0.0,0.0,0.0,0.0,0.0,0.0,0.2877425865898977,0.2873897008008836,-0.006927467070849802,-0.006972008096804119
31.0,1.5,0.0,0.0,0.0,0.0,0.0,0.0,0.0,0.0,0.0,0.0,0.0,0.0,0.28735207759231884,0.28700045817244485,-0.006976776975275491,-0.007021534427970585
31.0,2.0,0.0,0.0,0.0,0.0,0.0,0.0,0.0,0.0,0.0,0.0,0.0,0.0,0.2869685776324284,0.286618234323176,-0.007025609375755501,-0.007070576144881257
31.0,2.5,0.0,0.0,0.0,0.0,0.0,0.0,0.0,0.0,0.0,0.0,0.0,0.0,0.28659185422205774,0.28624279598148666,-0.007073975907911298,-0.007119145059492788
31.0,3.0,0.0,0.0,0.0,0.0,0.0,0.0,0.0,0.0,0.0,0.0,0.0,0.0,0.2862216862170077,0.285873921210746,-0.007121887726919672,-0.007167252504390463
31.0,3.5,0.0,0.0,0.0,0.0,0.0,0.0,0.0,0.0,0.0,0.0,0.0,0.0,0.285857863045803,0.28551139864671377,-0.0071693555409044875,-0.007214909365253903
31.0,4.0,0.0,0.0,0.0,0.0,0.0,0.0,0.0,0.0,0.0,0.0,0.0,0.0,0.28550018401106586,0.28515502680596677,-0.007216389640580859,-0.00726212610971136
31.0,4.5,0.0,0.0,0.0,0.0,0.0,0.0,0.0,0.0,0.0,0.0,0.0,0.0,0.2851484576543275,0.28480461345638264,-0.007262999925720652,-0.007308912813136397
31.0,5.0,0.0,0.0,0.0,0.0,0.0,0.0,0.0,0.0,0.0,0.0,0.0,0.0,0.2848025011765474,0.28445997504216375,-0.007309195928907306,-0.0073552791818404985
31.0,5.5,0.0,0.0,0.0,0.0,0.0,0.0,0.0,0.0,0.0,0.0,0.0,0.0,0.28446213990779273,0.2841209361570348,-0.0073549868369672325,-0.00740123457403619
31.0,6.0,0.0,0.0,0.0,0.0,0.0,0.0,0.0,0.0,0.0,0.0,0.0,0.0,0.2841272068205044,0.28378732906019755,-0.0074003815103988345,-0.007446788018879954
31.0,6.5,0.0,0.0,0.0,0.0,0.0,0.0,0.0,0.0,0.0,0.0,0.0,0.0,0.28379754208157615,0.2834589932304035,-0.007445388501067086,-0.007491948233852546
31.0,7.0,0.0,0.0,0.0,0.0,0.0,0.0,0.0,0.0,0.0,0.0,0.0,0.0,0.28347299263914255,0.2831357749541558,-0.007490016068387487,-0.007536723640691047
31.0,7.5,0.0,0.0,0.0,0.0,0.0,0.0,0.0,0.0,0.0,0.0,0.0,0.0,0.283153411840524,0.2828175269445855,-0.007534272194187779,-0.007581122380053016
31.0,8.0,0.0,0.0,0.0,0.0,0.0,0.0,0.0,0.0,0.0,0.0,0.0,0.0,0.2828386590782437,0.28250410798800124,-0.007578164596406272,-0.007625152325064002
31.0,8.5,0.0,0.0,0.0,0.0,0.0,0.0,0.0,0.0,0.0,0.0,0.0,0.0,0.28252859946142134,0.2821953826154897,-0.007621700741761512,-0.007668821093876745
31.0,9.0,0.0,-0.008930405489743496,0.0,0.18114708491059778,0.0,0.0,0.0,0.0,0.0,0.18710899993259347,0.0,0.0,0.28222310351018376,0.28189122079726375,-0.007664887857507698,-0.0077121360613509405
31.0,9.5,0.0,-0.01493271947636984,0.0,0.25788183460932285,0.0,37.0,0.0,0.0,0.0,0.25241457878983764,0.0,0.0,0.28192204687100764,0.28156841357981294,-0.0077077329423742074,-0.007758425518075417
31.0,10.0,0.0,-0.01685300603744072,0.0,0.2551676384230072,0.0,37.0,0.0,0.0,0.0,0.21633320122183336,0.0,0.0,0.2816253100511585,0.281240146530613,-0.007750242776772948,-0.007805837782552081
31.0,10.5,0.0,-0.018787403162794564,0.0,0.25331817409462487,0.0,37.0,0.0,0.0,0.0,0.17648150736437568,0.0,0.0,0.2813327781705877,0.28091642870235217,-0.007792423932346576,-0.007852931449937518
31.0,11.0,0.0,-0.020562469761787674,0.0,0.2521469596960311,0.0,37.0,0.0,0.0,0.0,0.14953499914221008,0.0,0.0,0.281044340729835,0.28059703896721666,-0.007834282780920118,-0.007899727613074043
31.0,11.5,0.0,-0.020563521648314383,0.0,0.2515433289332766,0.0,37.0,0.0,0.0,0.0,0.1374389176634273,0.0,0.0,0.2807598913926319,0.2802817841677785,-0.007875825502910999,-0.007946244127605601
31.0,12.0,0.0,-0.021658890262072083,0.0,0.25145306664217415,0.0,37.0,0.0,0.0,0.0,0.13359774753935605,0.0,0.0,0.28047932778204,0.27997048925700113,-0.00791705809524514,-0.007992496930952407
31.0,12.5,0.0,-0.023095154856897566,0.0,0.2518684616169473,0.0,37.0,0.0,0.0,0.0,0.12726449400523526,0.0,0.0,0.2802025512890702,0.27966298991590044,-0.007957986378821306,-0.008038501052182317
31.0,13.0,0.0,-0.02255985561796492,0.0,0.252826887172226,0.0,37.0,0.0,0.0,0.0,0.13216030970125564,0.0,0.0,0.279929466892836,0.2793591264484558,-0.007998616005560637,-0.008084271475416367
31.0,13.5,0.0,-0.022454390090375496,0.0,0.25441767901241513,0.0,37.0,0.0,0.0,0.0,0.13665462083726415,0.0,0.0,0.2796599829913806,0.2790587378666886,-0.008038952465074247,-0.008129824012355033
31.0,14.0,0.0,-0.023241252893050714,0.0,0.2567982018307338,0.0,37.0,0.0,0.0,0.0,0.12324482577724968,0.0,0.0,0.27939401124239804,0.2787616551081592,-0.008079001090978083,-0.008175176344070436
31.0,14.5,0.0,-0.023277247383662963,0.0,0.2602180450204609,0.0,37.0,0.0,0.0,0.0,0.11804230920558477,0.0,0.0,0.2791314664131396,0.27846769221452466,-0.008118767066881064,-0.008220349418393228
31.0,15.0,0.0,-0.023680420521352077,0.0,0.2650296393098642,0.0,37.0,0.0,0.0,0.0,0.11648346821299378,0.0,0.0,0.2788722662388583,0.2781766344348295,-0.00815825543206991,-0.008265369377777151
31.0,15.5,0.0,-0.023643903796445303,0.0,0.2715511486378339,0.0,37.0,0.0,0.0,0.0,0.11640160086335341,0.0,0.0,0.2786163312892013,0.277888224983537,-0.008197471086911644,-0.008310269768900478
31.0,16.0,0.0,-0.022954029384333715,0.0,0.279458193382815,0.0,37.0,0.0,0.0,0.0,0.11555853443230446,0.0,0.0,0.2783635848420074,0.2776021692778843,-0.008236418797992874,-0.008355091084576752
31.0,16.5,0.0,0.0,0.0,0.0,0.0,0.0,0.0,0.0,0.0,0.0,0.0,0.0,0.27811395276401535,0.27731821669650764,-0.008275103203012883,-0.008399868017637127
31.0,17.0,0.0,0.0,0.0,0.0,0.0,0.0,0.0,0.0,0.0,0.0,0.0,0.0,0.277867363398025,0.2770729154427194,-0.008313528815446477,-0.008438780308676322
31.0,17.5,0.0,0.0,0.0,0.0,0.0,0.0,0.0,0.0,0.0,0.0,0.0,0.0,0.2776237474560934,0.27683058422909496,-0.008351700028990423,-0.008477432532630233
31.0,18.0,0.0,0.0,0.0,0.0,0.0,0.0,0.0,0.0,0.0,0.0,0.0,0.0,0.2773830379183759,0.2765911561996142,-0.008389621121807255,-0.008515829032056603
31.0,18.5,0.0,0.0,0.0,0.0,0.0,0.0,0.0,0.0,0.0,0.0,0.0,0.0,0.27714516993725796,0.2763545666896396,-0.008427296260577585,-0.008553974032315323
31.0,19.0,0.0,0.0,0.0,0.0,0.0,0.0,0.0,0.0,0.0,0.0,0.0,0.0,0.27691008074644485,0.2761207531286533,-0.008464729504372824,-0.008591871646466043
31.0,19.5,0.0,0.0,0.0,0.0,0.0,0.0,0.0,0.0,0.0,0.0,0.0,0.0,0.27667770957470456,0.2758896549487711,-0.008501924808357837,-0.008629525879843227
31.0,20.0,0.0,0.0,0.0,0.0,0.0,0.0,0.0,0.0,0.0,0.0,0.0,0.0,0.27644799756397986,0.275661213498575,-0.008538886027333367,-0.008666940634339391
31.0,20.5,0.0,0.0,0.0,0.0,0.0,0.0,0.0,0.0,0.0,0.0,0.0,0.0,0.2762208876916064,0.27543537196185636,-0.00857561691912681,-0.008704119712423268
31.0,21.0,0.0,0.0,0.0,0.0,0.0,0.0,0.0,0.0,0.0,0.0,0.0,0.0,0.2759963246963924,0.2752120752808999,-0.008612121147839472,-0.00874106682091688
31.0,21.5,0.0,0.0,0.0,0.0,0.0,0.0,0.0,0.0,0.0,0.0,0.0,0.0,0.27577425500833297,0.27499127008397445,-0.008648402286957796,-0.008777785574552574
31.0,22.0,0.0,0.0,0.0,0.0,0.0,0.0,0.0,0.0,0.0,0.0,0.0,0.0,0.27555462668174574,0.27477290461672876,-0.008684463822335928,-0.008814279499328795
31.0,22.5,0.0,0.0,0.0,0.0,0.0,0.0,0.0,0.0,0.0,0.0,0.0,0.0,0.27533738933163315,0.2745569286772172,-0.00872030915505564,-0.008850552035681369
31.0,23.0,0.0,0.0,0.0,0.0,0.0,0.0,0.0,0.0,0.0,0.0,0.0,0.0,0.2751224940730854,0.27434329355430653,-0.008755941604170264,-0.008886606541485162
31.0,23.5,0.0,0.0,0.0,0.0,0.0,0.0,0.0,0.0,0.0,0.0,0.0,0.0,0.2749098934635524,0.2741319519692347,-0.00879136440933828,-0.008922446294899493
31.0,24.0,0.0,0.0,0.0,0.0,0.0,0.0,0.0,0.0,0.0,0.0,0.0,0.0,0.27469954144782555,0.27392285802011435,-0.00882658073335171,-0.008958074497069384
32.0,0.5,0.0,0.0,0.0,0.0,0.0,0.0,0.0,0.0,0.0,0.0,0.0,0.0,0.2744913933055784,0.27371596712919133,-0.008861593664564734,-0.008993494274693077
32.0,1.0,0.0,0.0,0.0,0.0,0.0,0.0,0.0,0.0,0.0,0.0,0.0,0.0,0.27428540560132547,0.2735112359926805,-0.008896406219227196,-0.009028708682465988
32.0,1.5,0.0,0.0,0.0,0.0,0.0,0.0,0.0,0.0,0.0,0.0,0.0,0.0,0.2740815361366689,0.2733086225330215,-0.008931021343727289,-0.009063720705409426
32.0,2.0,0.0,0.0,0.0,0.0,0.0,0.0,0.0,0.0,0.0,0.0,0.0,0.0,0.27387974390470854,0.2731080858534041,-0.008965441916748087,-0.0090985332610922
32.0,2.5,0.0,0.0,0.0,0.0,0.0,0.0,0.0,0.0,0.0,0.0,0.0,0.0,0.27367998904650065,0.2729095861944278,-0.00899967075134152,-0.00913314920175222
32.0,3.0,0.0,0.0,0.0,0.0,0.0,0.0,0.0,0.0,0.0,0.0,0.0,0.0,0.2734822328094574,0.2727130848927687,-0.009033710596923669,-0.009167571316324685
32.0,3.5,0.0,0.0,0.0,0.0,0.0,0.0,0.0,0.0,0.0,0.0,0.0,0.0,0.27328643750758336,0.272518544341738,-0.00906756414119521,-0.009201802332382618
32.0,4.0,0.0,0.0,0.0,0.0,0.0,0.0,0.0,0.0,0.0,0.0,0.0,0.0,0.2730925664834561,0.27232592795362226,-0.009101234011989963,-0.009235844917995523
32.0,4.5,0.0,0.0,0.0,0.0,0.0,0.0,0.0,0.0,0.0,0.0,0.0,0.0,0.2729005840718586,0.2721352001237069,-0.009134722779055094,-0.009269701683510583
32.0,5.0,0.0,0.0,0.0,0.0,0.0,0.0,0.0,0.0,0.0,0.0,0.0,0.0,0.27271045556498047,0.2719463261958882,-0.00916803295576579,-0.009303375183261445
32.0,5.5,0.0,0.0,0.0,0.0,0.0,0.0,0.0,0.0,0.0,0.0,0.0,0.0,0.2725221471791083,0.271759272429787,-0.00920116700077731,-0.009336867917208556
32.0,6.0,0.0,0.0,0.0,0.0,0.0,0.0,0.0,0.0,0.0,0.0,0.0,0.0,0.2723356260227287,0.27157400596928355,-0.009234127319617254,-0.009370182332514822
32.0,6.5,0.0,0.0,0.0,0.0,0.0,0.0,0.0,0.0,0.0,0.0,0.0,0.0,0.2721508600659757,0.27139049481239824,-0.00926691626622047,-0.009403320825060187
32.0,7.0,0.0,0.0,0.0,0.0,0.0,0.0,0.0,0.0,0.0,0.0,0.0,0.0,0.2719678181113549,0.271208707782446,-0.009299536144409034,-0.009436285740898538
32.0,7.5,0.0,0.0,0.0,0.0,0.0,0.0,0.0,0.0,0.0,0.0,0.0,0.0,0.2717864697656804,0.27102861450039983,-0.009331989209319925,-0.009469079377659773
32.0,8.0,0.0,0.0,0.0,0.0,0.0,0.0,0.0,0.0,0.0,0.0,0.0,0.0,0.2716067854131682,0.2708501853584017,-0.00936427766878214,-0.009501703985899796
32.0,8.5,0.0,0.0,0.0,0.0,0.0,0.0,0.0,0.0,0.0,0.0,0.0,0.0,0.2714287361896273,0.27067339149436076,-0.00939640368464576,-0.009534161770401471
32.0,9.0,0.0,-0.004794599046822391,0.0,0.08259160749377786,0.0,18.5,0.0,0.0,0.0,0.12190772366599713,0.0,0.0,0.27125229395769784,0.27049820476758724,-0.009428369374064745,-0.009566454891428301
32.0,9.5,0.0,-0.014074709073482737,0.0,0.2696632404166337,0.0,37.0,0.0,0.0,0.0,0.33818805816838515,0.0,0.0,0.2710774312830844,0.2703140728566697,-0.009460176810735499,-0.009600537503671552
32.0,10.0,0.0,-0.01526928118811964,0.0,0.26687181728103876,0.0,37.0,0.0,0.0,0.0,0.25866143283162457,0.0,0.0,0.27090412141173975,0.27010765481366167,-0.009491828026092837,-0.009638917408159552
32.0,10.5,0.0,-0.016637728898289628,0.0,0.2649605414022442,0.0,37.0,0.0,0.0,0.0,0.20576849835730682,0.0,0.0,0.2707323382479524,0.2699031193038822,-0.009523325010465222,-0.00967712773786006
32.0,11.0,0.0,-0.01743305635084097,0.0,0.26374593318621203,0.0,37.0,0.0,0.0,0.0,0.19215645460541264,0.0,0.0,0.2705620563332967,0.2697003286883516,-0.00955466971419094,-0.009715190399442382
32.0,11.5,0.0,-0.018233724303316757,0.0,0.2631178952508517,0.0,37.0,0.0,0.0,0.0,0.18012331442784876,0.0,0.0,0.2703932508264053,0.26949916932451606,-0.009585864048696721,-0.009753123243479994
32.0,12.0,0.0,-0.01906806154499856,0.0,0.26302207002716355,0.0,37.0,0.0,0.0,0.0,0.17112964158595545,0.0,0.0,0.27022589748352677,0.26929954219682667,-0.00961690988754015,-0.009790941735828456
32.0,12.5,0.0,-0.019281995733058038,0.0,0.26345051028652944,0.0,37.0,0.0,0.0,0.0,0.19247599597443496,0.0,0.0,0.27005997263983145,0.2691013557960434,-0.009647809067417702,-0.009828660250194047
32.0,13.0,0.0,-0.009451417592929818,0.0,0.11740411834010793,0.0,18.5,0.0,0.0,0.0,0.11441274428513726,0.0,0.0,0.2698954531914329,0.26890452018792976,-0.00967856338913928,-0.009866293170643756
32.0,13.5,0.0,-0.008750321500665815,0.0,0.11115132350987014,0.0,18.5,0.0,0.0,0.0,0.15089782099645735,0.0,0.0,0.26973231657809116,0.26872767848864665,-0.009709174618570994,-0.009900249954306859
32.0,14.0,0.0,-0.00806858303686608,0.0,0.10183611959555242,0.0,18.5,0.0,0.0,0.0,0.1536438636392268,0.0,0.0,0.26957054076656983,0.2685529943601057,-0.009739644487546972,-0.00993392924109605
32.0,14.5,0.0,0.0,0.0,0.0,0.0,0.0,0.0,0.0,0.0,0.0,0.0,0.0,0.2694101042346146,0.268380836517232,-0.009769974694751932,-0.00996725510385414
32.0,15.0,0.0,0.0,0.0,0.0,0.0,0.0,0.0,0.0,0.0,0.0,0.0,0.0,0.2692509859555291,0.26822297412014795,-0.009800166906575038,-0.00999793082609595
32.0,15.5,0.0,0.0,0.0,0.0,0.0,0.0,0.0,0.0,0.0,0.0,0.0,0.0,0.2690931653833199,0.2680664093535755,-0.009830222757936694,-0.01002846556039078
32.0,16.0,0.0,0.0,0.0,0.0,0.0,0.0,0.0,0.0,0.0,0.0,0.0,0.0,0.26893662243838634,0.2679111221315646,-0.009860143853088912,-0.010058860954757448
32.0,16.5,0.0,0.0,0.0,0.0,0.0,0.0,0.0,0.0,0.0,0.0,0.0,0.0,0.26878133749373234,0.2677570928226244,-0.009889931766390367,-0.010089118626247787
32.0,17.0,0.0,0.0,0.0,0.0,0.0,0.0,0.0,0.0,0.0,0.0,0.0,0.0,0.2686272913616768,0.2676043022359748,-0.009919588043057226,-0.010119240161798654
32.0,17.5,0.0,0.0,0.0,0.0,0.0,0.0,0.0,0.0,0.0,0.0,0.0,0.0,0.268474465281042,0.26745273160833705,-0.009949114199890382,-0.010149227119049968
32.0,18.0,0.0,0.0,0.0,0.0,0.0,0.0,0.0,0.0,0.0,0.0,0.0,0.0,0.26832284090479963,0.2673023625912354,-0.009978511725980292,-0.010179081027130598
32.0,18.5,0.0,0.0,0.0,0.0,0.0,0.0,0.0,0.0,0.0,0.0,0.0,0.0,0.2681724002881551,0.26715317723878557,-0.010007782083389849,-0.010208803387413938
32.0,19.0,0.0,0.0,0.0,0.0,0.0,0.0,0.0,0.0,0.0,0.0,0.0,0.0,0.2680231258770516,0.2670051579959453,-0.010036926707816531,-0.010238395674244848
32.0,19.5,0.0,0.0,0.0,0.0,0.0,0.0,0.0,0.0,0.0,0.0,0.0,0.0,0.26787500049707735,0.2668582876872056,-0.010065947009234194,-0.010267859335639389
32.0,20.0,0.0,0.0,0.0,0.0,0.0,0.0,0.0,0.0,0.0,0.0,0.0,0.0,0.26772800734275803,0.2667125495057015,-0.010094844372515522,-0.010297195793958677
32.0,20.5,0.0,0.0,0.0,0.0,0.0,0.0,0.0,0.0,0.0,0.0,0.0,0.0,0.26758212996722,0.26656792700272186,-0.010123620158035612,-0.010326406446558654
32.0,21.0,0.0,0.0,0.0,0.0,0.0,0.0,0.0,0.0,0.0,0.0,0.0,0.0,0.2674373522722081,0.2664244040776012,-0.010152275702257588,-0.010355492666416315
32.0,21.5,0.0,0.0,0.0,0.0,0.0,0.0,0.0,0.0,0.0,0.0,0.0,0.0,0.2672936584984444,0.2662819649679748,-0.010180812318300729,-0.010384455802734113
32.0,22.0,0.0,0.0,0.0,0.0,0.0,0.0,0.0,0.0,0.0,0.0,0.0,0.0,0.2671510332163138,0.2661405942403809,-0.0102092312964917,-0.010413297181523366
32.0,22.5,0.0,0.0,0.0,0.0,0.0,0.0,0.0,0.0,0.0,0.0,0.0,0.0,0.2670094613168636,0.2660002767811955,-0.010237533904899647,-0.010442018106167615
32.0,23.0,0.0,0.0,0.0,0.0,0.0,0.0,0.0,0.0,0.0,0.0,0.0,0.0,0.26686892800310436,0.26586099778788275,-0.010265721389855617,-0.010470619857967248
32.0,23.5,0.0,0.0,0.0,0.0,0.0,0.0,0.0,0.0,0.0,0.0,0.0,0.0,0.26672941878160045,0.2657227427605505,-0.01029379497645678,-0.010499103696665612
32.0,24.0,0.0,0.0,0.0,0.0,0.0,0.0,0.0,0.0,0.0,0.0,0.0,0.0,0.26659091945433866,0.26558549749379395,-0.01032175586905612,-0.010527470860958262
33.0,0.5,0.0,0.0,0.0,0.0,0.0,0.0,0.0,0.0,0.0,0.0,0.0,0.0,0.26645341611086387,0.2654492480688185,-0.010349605251738076,-0.010555722568985333
33.0,1.0,0.0,0.0,0.0,0.0,0.0,0.0,0.0,0.0,0.0,0.0,0.0,0.0,0.26631689512067236,0.2653139808458273,-0.010377344288780371,-0.010583860018808478
33.0,1.5,0.0,0.0,0.0,0.0,0.0,0.0,0.0,0.0,0.0,0.0,0.0,0.0,0.2661813431258511,0.2651796824566651,-0.010404974125102983,-0.010611884388872405
33.0,2.0,0.0,0.0,0.0,0.0,0.0,0.0,0.0,0.0,0.0,0.0,0.0,0.0,0.2660467470339558,0.26504633979770453,-0.010432495886704137,-0.010639796838452295
33.0,2.5,0.0,0.0,0.0,0.0,0.0,0.0,0.0,0.0,0.0,0.0,0.0,0.0,0.2659130940111162,0.26491394002296803,-0.010459910681084239,-0.010667598508087125
33.0,3.0,0.0,0.0,0.0,0.0,0.0,0.0,0.0,0.0,0.0,0.0,0.0,0.0,0.2657803714753623,0.2647824705374736,-0.010487219597657752,-0.010695290519999946
33.0,3.5,0.0,0.0,0.0,0.0,0.0,0.0,0.0,0.0,0.0,0.0,0.0,0.0,0.26564856709016177,0.2646519189907962,-0.010514423708153774,-0.01072287397850549
33.0,4.0,0.0,0.0,0.0,0.0,0.0,0.0,0.0,0.0,0.0,0.0,0.0,0.0,0.2655176687581607,0.2645222732708371,-0.010541524067005382,-0.010750349970405323
33.0,4.5,0.0,0.0,0.0,0.0,0.0,0.0,0.0,0.0,0.0,0.0,0.0,0.0,0.26538766461512064,0.26439352149779033,-0.010568521711728427,-0.010777719565371794
33.0,5.0,0.0,0.0,0.0,0.0,0.0,0.0,0.0,0.0,0.0,0.0,0.0,0.0,0.26525854302404517,0.264265652018302,-0.010595417663289686,-0.010804983816320252
33.0,5.5,0.0,0.0,0.0,0.0,0.0,0.0,0.0,0.0,0.0,0.0,0.0,0.0,0.26778388607527076,0.2667924151650454,-0.010083847549881012,-0.01028110683636555
33.0,6.0,0.0,0.0,0.0,0.0,0.0,0.0,0.0,0.0,0.0,0.0,0.0,0.0,0.2676381976145732,0.26664814269088116,-0.010112548700139832,-0.010310192417509353
33.0,6.5,0.0,0.0,0.0,0.0,0.0,0.0,0.0,0.0,0.0,0.0,0.0,0.0,0.2674937575306518,0.26650511473302235,-0.010141100051575286,-0.01033912392751018
33.0,7.0,0.0,0.0,0.0,0.0,0.0,0.0,0.0,0.0,0.0,0.0,0.0,0.0,0.26735054046939427,0.26636330617213316,-0.010169504528265549,-0.010367904325745329
33.0,7.5,0.0,0.0,0.0,0.0,0.0,0.0,0.0,0.0,0.0,0.0,0.0,0.0,0.26720852196651296,0.26622269276554733,-0.010197764947541156,-0.010396536464191255
33.0,8.0,0.0,0.0,0.0,0.0,0.0,0.0,0.0,0.0,0.0,0.0,0.0,0.0,0.2670676784035257,0.2660832511038116,-0.0102258840253696,-0.010425023092878221
33.0,8.5,0.0,0.0,0.0,0.0,0.0,0.0,0.0,0.0,0.0,0.0,0.0,0.0,0.26692798696647374,0.2659449585699482,-0.010253864381405225,-0.010453366865002481
33,9.0,0.1593829172703725,0.16286490179985424,0.003979568091988387,0.11266558827003065,16.890173236736647,18.424926390674273,True,True,0.007874968281139622,0.23050206168797918,0.0,0.0,0.2667894256071749,0.2658077933012331,-0.010281708543728939,-0.010481570341721631
33,9.5,0.19861809409202388,0.2029664779273672,0.004998995732450347,0.13978491770990037,16.890173174971707,18.42475932983746,True,True,0.009813543495265436,0.28687819437145734,0.0,0.0,0.26665146587937383,0.2656573768633765,-0.010309521354702615,-0.010512602771906458
33,10.0,0.23770422376182362,0.24281230002700424,0.006057259824343756,0.1006221886565574,16.890173133692997,18.38751005598986,True,True,0.011744754422092912,0.204941742250502,0.0,0.0,0.2665144643783823,0.2655045901948501,-0.010337229740939494,-0.010544236340029527
33,10.5,0.2911226006922843,0.29733005395574413,0.007249980092703574,0.1230787365139282,16.890173094848333,18.38718148505978,True,True,0.014384108947419674,0.25168657196417726,0.0,0.0,0.2663783961945022,0.26535785999630385,-0.010364837234144237,-0.01057472276806474
33.0,11.0,0.0,0.0,0.0,0.0,0.0,0.0,0.0,0.0,0.0,0.0,0.0,0.0,0.26624322486563295,0.2652093147680908,-0.010392349785792369,-0.010605693348450714
33.0,11.5,0.0,0.0,0.0,0.0,0.0,0.0,0.0,0.0,0.0,0.0,0.0,0.0,0.2661100075447857,0.2650774818892291,-0.010419549798672123,-0.010633270082468484
33,12.0,0.4820327238066242,0.49221250814149453,0.012035908762220026,0.14504163547695173,16.890173026734963,18.349028323131442,True,True,0.02381680844760227,0.29714312712942637,0.0,0.0,0.26597780220020784,0.26494665907459897,-0.010446627087608943,-0.010660720027580062
33.0,12.5,0.0,0.0,0.0,0.0,0.0,0.0,0.0,0.0,0.0,0.0,0.0,0.0,0.26584505746778,0.26479834579005634,-0.010473899244796681,-0.010691942100865066
33.0,13.0,0.0,0.0,0.0,0.0,0.0,0.0,0.0,0.0,0.0,0.0,0.0,0.0,0.26571482381945244,0.2646694912017375,-0.010500737981338671,-0.010719156318455374
33.0,13.5,0.0,0.0,0.0,0.0,0.0,0.0,0.0,0.0,0.0,0.0,0.0,0.0,0.27353806179821044,0.27249473213682246,-0.009024085217744466,-0.009206002739204754
33.0,14.0,0.0,0.0,0.0,0.0,0.0,0.0,0.0,0.0,0.0,0.0,0.0,0.0,0.2759924767969704,0.2749513863888109,-0.008612748261424278,-0.00878443760577764
33.0,14.5,0.0,0.0,0.0,0.0,0.0,0.0,0.0,0.0,0.0,0.0,0.0,0.0,0.27577829612446964,0.2747394128807641,-0.008647740435514367,-0.008819892720015248
33.0,15.0,0.0,0.0,0.0,0.0,0.0,0.0,0.0,0.0,0.0,0.0,0.0,0.0,0.2755676511792405,0.27453094654779486,-0.0086823202939474,-0.008854927633554853
33.0,15.5,0.0,0.0,0.0,0.0,0.0,0.0,0.0,0.0,0.0,0.0,0.0,0.0,0.27536037974307914,0.27432582848186016,-0.008716507283487157,-0.00888956179572098
33.0,16.0,0.0,0.0,0.0,0.0,0.0,0.0,0.0,0.0,0.0,0.0,0.0,0.0,0.2751563310012603,0.27412391096091465,-0.008750319507073152,-0.008923813303536103
33.0,16.5,0.0,0.0,0.0,0.0,0.0,0.0,0.0,0.0,0.0,0.0,0.0,0.0,0.27495536451342295,0.27392505642918225,-0.008783773841757216,-0.008957699022192182
33.0,17.0,0.0,0.0,0.0,0.0,0.0,0.0,0.0,0.0,0.0,0.0,0.0,0.0,0.2747573492975244,0.2737291365907102,-0.008816886043966661,-0.008991234692398126
33.0,17.5,0.0,0.0,0.0,0.0,0.0,0.0,0.0,0.0,0.0,0.0,0.0,0.0,0.274562163012245,0.27353603160141426,-0.008849670843705117,-0.009024435026290929
33.0,18.0,0.0,0.0,0.0,0.0,0.0,0.0,0.0,0.0,0.0,0.0,0.0,0.0,0.27436969122539234,0.27334562934703743,-0.008882142029066785,-0.009057313793347805
33.0,18.5,0.0,0.0,0.0,0.0,0.0,0.0,0.0,0.0,0.0,0.0,0.0,0.0,0.27417982675765395,0.27315782479627687,-0.008914312522243334,-0.009089883897530838
33.0,19.0,0.0,0.0,0.0,0.0,0.0,0.0,0.0,0.0,0.0,0.0,0.0,0.0,0.2766382457159596,0.27561856379714705,-0.008508261057133506,-0.008673947310882129
33.0,19.5,0.0,0.0,0.0,0.0,0.0,0.0,0.0,0.0,0.0,0.0,0.0,0.0,0.2817094870201446,0.28069274079223094,-0.007738155458621109,-0.007885670849186519
33.0,20.0,0.0,0.0,0.0,0.0,0.0,0.0,0.0,0.0,0.0,0.0,0.0,0.0,0.2867086175593781,0.2856955405265142,-0.007058942663251535,-0.007190655229018169
33.0,20.5,0.0,0.0,0.0,0.0,0.0,0.0,0.0,0.0,0.0,0.0,0.0,0.0,0.2916220079930725,0.29061345582768183,-0.006459491438967252,-0.0065774311914949144
33.0,21.0,0.0,0.0,0.0,0.0,0.0,0.0,0.0,0.0,0.0,0.0,0.0,0.0,0.3010967910039904,0.32588790634972664,-0.005466086576002313,-0.003615869558120422
33.0,21.5,0.0,0.0,0.0,0.0,0.0,0.0,0.0,0.0,0.0,0.0,0.0,0.0,0.3350433560895129,0.3569178301138662,-0.003128736398420204,-0.002248615894664442
33.0,22.0,0.0,0.0,0.0,0.0,0.0,0.0,0.0,0.0,0.0,0.0,0.0,0.0,0.3449469343278076,0.359939897000631,-0.0026871683317654916,-0.002151746022355104
33.0,22.5,0.0,0.0,0.0,0.0,0.0,0.0,0.0,0.0,0.0,0.0,0.0,0.0,0.3470894567925321,0.36386406150826495,-0.002601658477835553,-0.002033275850767766
33.0,23.0,0.0,0.0,0.0,0.0,0.0,0.0,0.0,0.0,0.0,0.0,0.0,0.0,0.3563145168726811,0.3690245563336753,-0.0022685719214524626,-0.0018890941289173915
33.0,23.5,0.0,0.0,0.0,0.0,0.0,0.0,0.0,0.0,0.0,0.0,0.0,0.0,0.35652241963169445,0.3681723622549559,-0.0022616713019737956,-0.0019120429444530911
33.0,24.0,0.0,0.0,0.0,0.0,0.0,0.0,0.0,0.0,0.0,0.0,0.0,0.0,0.35335089037402073,0.36331170890681663,-0.002369720182796802,-0.0020494724652060817
34.0,0.5,0.0,0.0,0.0,0.0,0.0,0.0,0.0,0.0,0.0,0.0,0.0,0.0,0.3503592824620776,0.35845105555867735,-0.0024773210177234757,-0.002198834570594152
34.0,1.0,0.0,0.0,0.0,0.0,0.0,0.0,0.0,0.0,0.0,0.0,0.0,0.0,0.3473954199956918,0.353590402210538,-0.002589713519366076,-0.0023613487595925266
34.0,1.5,0.0,0.0,0.0,0.0,0.0,0.0,0.0,0.0,0.0,0.0,0.0,0.0,0.344428983872788,0.34872974886239877,-0.0027083401995494213,-0.0025383784443827754
34.0,2.0,0.0,0.0,0.0,0.0,0.0,0.0,0.0,0.0,0.0,0.0,0.0,0.0,0.3414568390173666,0.3438690955142595,-0.0028337457646296664,-0.0027314502748882166
34.0,2.5,0.0,0.0,0.0,0.0,0.0,0.0,0.0,0.0,0.0,0.0,0.0,0.0,0.3384762932604631,0.3390084421661202,-0.0029665160613130963,-0.002942276381819773
34.0,3.0,0.0,0.0,0.0,0.0,0.0,0.0,0.0,0.0,0.0,0.0,0.0,0.0,0.33548517546973916,0.3341477888179808,-0.003107276400649131,-0.003172780029337818
34.0,3.5,0.0,0.0,0.0,0.0,0.0,0.0,0.0,0.0,0.0,0.0,0.0,0.0,0.3324908373123317,0.32998396480961195,-0.0032562320569757045,-0.0033875180926714794
34.0,4.0,0.0,0.0,0.0,0.0,0.0,0.0,0.0,0.0,0.0,0.0,0.0,0.0,0.34366402104187194,0.34115714853915213,-0.0027399737135300577,-0.0028467708833816168
34.0,4.5,0.0,0.0,0.0,0.0,0.0,0.0,0.0,0.0,0.0,0.0,0.0,0.0,0.34414798005295905,0.3416411075502393,-0.0027199097307676295,-0.002825772352688632
34.0,5.0,0.0,0.0,0.0,0.0,0.0,0.0,0.0,0.0,0.0,0.0,0.0,0.0,0.3499765514232728,0.34746967892055297,-0.0024915029902798564,-0.0025868242746332403
34.0,5.5,0.0,0.0,0.0,0.0,0.0,0.0,0.0,0.0,0.0,0.0,0.0,0.0,0.3477882042547468,0.34528133175202697,-0.0025744746686864003,-0.0026736041533895567
34.0,6.0,0.0,0.0,0.0,0.0,0.0,0.0,0.0,0.0,0.0,0.0,0.0,0.0,0.3429275509066075,0.34107897902047535,-0.0027708457519216266,-0.00285018000092682
34.0,6.5,0.0,0.0,0.0,0.0,0.0,0.0,0.0,0.0,0.0,0.0,0.0,0.0,0.3386071686244736,0.3374949292240457,-0.0029605326222124193,-0.0030118447191609227
34.0,7.0,0.0,0.0,0.0,0.0,0.0,0.0,0.0,0.0,0.0,0.0,0.0,0.0,0.3373477804486165,0.3366009648043264,-0.0030187123694191157,-0.00305385636473577
34.0,7.5,0.0,0.0,0.0,0.0,0.0,0.0,0.0,0.0,0.0,0.0,0.0,0.0,0.33403349831943346,0.3334774731230863,-0.003178453785069961,-0.0032062297802742303
34.0,8.0,0.0,0.0,0.0,0.0,0.0,0.0,0.0,0.0,0.0,0.0,0.0,0.0,0.3311210590565043,0.3306850607369516,-0.0033272011339957244,-0.0033501761130864754
34.0,8.5,0.0,0.0,0.0,0.0,0.0,0.0,0.0,0.0,0.0,0.0,0.0,0.0,0.328515380619111,0.3281618234487318,-0.0034673581846290736,-0.0034869130602760666
34.0,9.0,0.0,0.0,0.0,0.0,0.0,0.0,0.0,0.0,0.0,0.0,0.05412650975031879,0.05412650975031879,0.32615822171995024,0.3258643869892022,-0.0036002455647568404,-0.0036172327731703443
34,9.5,0.8609362997807536,0.8818520065986042,0.025772546230968432,0.27754130300249574,33.289015903871935,36.62299294008294,True,True,0.036906099980777075,0.4100295868616828,0.26596088436643534,0.26596088436643534,0.32400126195047213,0.3237523398448571,-0.00372719459411883,-0.0037421857274614815
34,10.0,1.0689475620491833,1.0997644462188028,0.03972900003406875,0.2885559780719879,32.59353300430709,36.36392704524998,True,True,0.03859065142617332,0.28688536538560694,0.42372495779520336,0.42372495779520336,0.3219895581939572,0.3217433066048351,-0.0038504286167991464,-0.0038658448133278263
34,10.5,1.4192701115058022,1.4623233283978128,0.05973934739828941,0.27514253713775966,32.22239146793798,35.95440509130381,True,True,0.04725749882714804,0.22661932809425017,0.9073818957777483,0.9073818957777483,0.32010659612062586,0.3198561533082241,-0.003970198380183389,-0.003986460638943329
34,11.0,1.3779431056961597,1.4183293329463897,0.05528145859335923,0.26618130574313426,32.38269920534417,36.02904031786815,True,True,0.047474385889442534,0.2370891139580008,0.8181079500705895,0.8181079500705895,0.31828999607174996,0.3180343096878164,-0.0040899769929405505,-0.00410717937228579
34,11.5,1.963427626195057,2.022045798543049,0.098865968418034,0.25573723990502395,31.539237893872816,34.916886521002795,True,True,0.05719760997308161,0.15378302675272815,1.3048277290723904,1.3048277290723904,0.3165994689750424,0.31633512930910773,-0.0042053293038429055,-0.004223714911800485
34,12.0,2.287336245889502,2.3522682792128218,0.12724615770148578,0.26469718483584487,31.046435213506175,34.13741447459312,True,True,0.06111800525159869,0.1295847863189026,0.8491744349941902,0.8491744349941902,0.31494191208509736,0.3146727661512138,-0.004322214964625311,-0.004341557622673585
34,12.5,1.3947201484252054,1.4395857371349776,0.06396101557735098,0.27642567885886493,31.81635127104507,35.77091312596312,True,True,0.04280236292206463,0.18785957033786937,0.5075437197613435,0.5075437197613435,0.3184178795375245,0.3181470592283857,-0.004081405304483062,-0.004099583067116585
34,13.0,1.4027605417259243,1.4451722851202735,0.05965778090223631,0.269202279279943,32.10914998654965,35.88055744120119,True,True,0.045626318986124334,0.20978259599020913,0.4679072101974638,0.4679072101974638,0.3192337659517741,0.31894992945558853,-0.004027219686484185,-0.004045972390185883
34,13.5,1.5230779540547386,1.5709301920796794,0.07491038226628788,0.24157772017015522,31.550540146698992,35.28959294470879,True,True,0.04446158180601163,0.14566032662583095,0.6126598184454951,0.6126598184454951,0.3175456711734067,0.31724638675319067,-0.004140295003552969,-0.004160734989301952
34,14.0,1.600287524139397,1.6515194504384925,0.08486252002161873,0.2595408115825768,31.202663074750124,35.06804113082864,True,True,0.04391225226722802,0.13515059460933015,0.30932461443136916,0.30932461443136916,0.3184561450778609,0.3181460999917366,-0.004078844628741986,-0.004099647623388341
34,14.5,0.5227313309691481,0.5356355954441376,0.01579669340325833,0.28607300386506895,33.37578543348324,36.77362242933978,True,True,0.022944618032218526,0.4447963992569708,0.6199594543090235,0.6199594543090235,0.31936027535638883,0.3190377475179202,-0.004018894751851148,-0.004040159272399497
34,15.0,0.9109720683563148,0.9350077212018808,0.030896547448128534,0.2754067267950235,33.05943176654357,36.54839644931363,True,True,0.036775825535201534,0.35434081111946836,0.9302900003644288,0.9302900003644288,0.3177123453513075,0.3173636813425249,-0.004128963662560501,-0.004152709920938899
34,15.5,1.1215464378916884,1.1519250026749044,0.040271945022225,0.2650933283557129,32.72354115090184,36.32537166755599,True,True,0.04172046857453206,0.2830436899937063,0.3712458477564694,0.3712458477564694,0.316140268937664,0.31576786242121785,-0.004237329368719159,-0.004263494314640942
34,16.0,1.5371729741240454,1.5849987697741816,0.0815094178221351,0.2486966787966129,31.200091892980964,35.0671120598023,True,True,0.04216166771858917,0.12984125561428425,0.3026282070519476,0.3026282070519476,0.31473364534722736,0.314339457669387,-0.0043371734185517355,-0.004365654577689496
34.0,16.5,0.0,0.0,0.0,0.0,0.0,0.0,0.0,0.0,0.0,0.0,0.0,0.0,0.31341076038354393,0.3130017955885186,-0.004433641240376546,-0.00446397977346768
34.0,17.0,0.0,0.0,0.0,0.0,0.0,0.0,0.0,0.0,0.0,0.0,0.0,0.0,0.3147310321597126,0.31432909182301516,-0.00433736149838695,-0.004366406540955904
34.0,17.5,0.0,0.0,0.0,0.0,0.0,0.0,0.0,0.0,0.0,0.0,0.0,0.0,0.31346409616889725,0.3130688949523673,-0.004429702727716896,-0.004458985170173491
34.0,18.0,0.0,0.0,0.0,0.0,0.0,0.0,0.0,0.0,0.0,0.0,0.0,0.0,0.31226909957282734,0.3118804720580226,-0.004518954801017723,-0.004548441272577738
34.0,18.5,0.0,0.0,0.0,0.0,0.0,0.0,0.0,0.0,0.0,0.0,0.0,0.0,0.3111363462871626,0.3107541977133331,-0.004605542853126844,-0.004635199396917809
34.0,19.0,0.0,0.0,0.0,0.0,0.0,0.0,0.0,0.0,0.0,0.0,0.0,0.0,0.3100584188141161,0.30968269156513967,-0.004689781557289048,-0.004719574797037535
34.0,19.5,0.0,0.0,0.0,0.0,0.0,0.0,0.0,0.0,0.0,0.0,0.0,0.0,0.3090294608190234,0.3086601126890014,-0.004771911308855047,-0.00480180928898425
34.0,20.0,0.0,0.0,0.0,0.0,0.0,0.0,0.0,0.0,0.0,0.0,0.0,0.0,0.3080447235537024,0.30768171433524455,-0.004852121067554388,-0.004882093796386141
34.0,20.5,0.0,0.0,0.0,0.0,0.0,0.0,0.0,0.0,0.0,0.0,0.0,0.0,0.3071002686679015,0.30674355241272316,-0.004930563241853141,-0.0049605829991085865
34.0,21.0,0.0,0.0,0.0,0.0,0.0,0.0,0.0,0.0,0.0,0.0,0.0,0.0,0.3061927673866233,0.30584228841917294,-0.0050073636465101145,-0.00503740511685497
34.0,21.5,0.0,0.0,0.0,0.0,0.0,0.0,0.0,0.0,0.0,0.0,0.0,0.0,0.30531936102934626,0.3049750523688455,-0.005082628316265529,-0.005112668601089892
34.0,22.0,0.0,0.0,0.0,0.0,0.0,0.0,0.0,0.0,0.0,0.0,0.0,0.0,0.304477561683838,0.304139344954379,-0.0051564482623620315,-0.005186466810491895
34.0,22.5,0.0,0.0,0.0,0.0,0.0,0.0,0.0,0.0,0.0,0.0,0.0,0.0,0.30366517982258434,0.3033329660336243,-0.005228902853950915,-0.005258881341554789
34.0,23.0,0.0,0.0,0.0,0.0,0.0,0.0,0.0,0.0,0.0,0.0,0.0,0.0,0.30288027040527915,0.3025539611961596,-0.005300062263105231,-0.005329984444549986
34.0,23.5,0.0,0.0,0.0,0.0,0.0,0.0,0.0,0.0,0.0,0.0,0.0,0.0,0.30212109192913766,0.30180058101638063,-0.0053699892615981576,-0.00539984080644508
34.0,24.0,0.0,0.0,0.0,0.0,0.0,0.0,0.0,0.0,0.0,0.0,0.0,0.0,0.30138607472475415,0.3010712493891957,-0.005438740562163091,-0.005468508888605671
35.0,0.5,0.0,0.0,0.0,0.0,0.0,0.0,0.0,0.0,0.0,0.0,0.0,0.0,0.3006737959756708,0.3003645384921992,-0.005506367835186926,-0.0055360419466768725
35.0,1.0,0.0,0.0,0.0,0.0,0.0,0.0,0.0,0.0,0.0,0.0,0.0,0.0,0.29998295971368916,0.2996791486696088,-0.005572918491092059,-0.005602488820366543
35.0,1.5,0.0,0.0,0.0,0.0,0.0,0.0,0.0,0.0,0.0,0.0,0.0,0.0,0.29931238055827325,0.299013892034275,-0.00563843629142346,-0.005667894554373117
35.0,2.0,0.0,0.0,0.0,0.0,0.0,0.0,0.0,0.0,0.0,0.0,0.0,0.0,0.2986609703184998,0.29836767892384136,-0.005702961833167354,-0.005732300893767196
35.0,2.5,0.0,0.0,0.0,0.0,0.0,0.0,0.0,0.0,0.0,0.0,0.0,0.0,0.29802772681702927,0.2977395065812583,-0.00576653293811763,-0.0057957466848251255
35.0,3.0,0.0,0.0,0.0,0.0,0.0,0.0,0.0,0.0,0.0,0.0,0.0,0.0,0.29741172446387504,0.29712844959359025,-0.0058291849702672895,-0.00585826820375872
35.0,3.5,0.0,0.0,0.0,0.0,0.0,0.0,0.0,0.0,0.0,0.0,0.0,0.0,0.2968121062268936,0.2965336517392449,-0.005890951097989863,-0.00591989942977211
35.0,4.0,0.0,0.0,0.0,0.0,0.0,0.0,0.0,0.0,0.0,0.0,0.0,0.0,0.29622807673137647,0.29595431897731633,-0.005951862513365638,-0.005980672274605511
35.0,4.5,0.0,0.0,0.0,0.0,0.0,0.0,0.0,0.0,0.0,0.0,0.0,0.0,0.29565889628321057,0.29538971337365616,-0.006011948617847295,-0.0060406167776591475
35.0,5.0,0.0,0.0,0.0,0.0,0.0,0.0,0.0,0.0,0.0,0.0,0.0,0.0,0.2951038756557379,0.29483914780325554,-0.006071237181174571,-0.0060997612735693854
35.0,5.5,0.0,0.0,0.0,0.0,0.0,0.0,0.0,0.0,0.0,0.0,0.0,0.0,0.2945623715144493,0.2943019813021459,-0.00612975447878062,-0.006158132537483262
35.0,6.0,0.0,0.0,0.0,0.0,0.0,0.0,0.0,0.0,0.0,0.0,0.0,0.0,0.2940337823792572,0.29377761496745974,-0.006187525411707255,-0.006215755912077756
35.0,6.5,0.0,0.0,0.0,0.0,0.0,0.0,0.0,0.0,0.0,0.0,0.0,0.0,0.2935175450436175,0.2932654883237628,-0.006244573612136784,-0.006272655419476369
35.0,7.0,0.0,0.0,0.0,0.0,0.0,0.0,0.0,0.0,0.0,0.0,0.0,0.0,0.293013131384814,0.2927650760888383,-0.0063009215369685505,-0.006328853860543723
35.0,7.5,0.0,0.0,0.0,0.0,0.0,0.0,0.0,0.0,0.0,0.0,0.0,0.0,0.2925200455114445,0.29227588528389614,-0.006356590551355565,-0.006384372903529669
35.0,8.0,0.0,0.0,0.0,0.0,0.0,0.0,0.0,0.0,0.0,0.0,0.0,0.0,0.2920378212033737,0.29179745264249735,-0.006411601003727643,-0.006439233163645289
35.0,8.5,0.0,0.0,0.0,0.0,0.0,0.0,0.0,0.0,0.0,0.0,0.05490756621652119,0.05490756621652119,0.29156601960676354,0.2913293422799264,-0.006465972293528506,-0.006493454274852734
35.0,9.0,0.0,-0.03198535817667435,0.0,0.25953757593038956,0.0,37.0,0.0,0.0,0.0,0.47187906378189415,0.521310808900595,0.521310808900595,0.29109723012848443,0.2908641465665404,-0.00652054144138279,-0.006547877553686728
35,9.5,0.16784304089517776,0.1727662892211807,0.005528089634744771,0.17766102899237118,33.150916001966415,36.85050847768834,True,True,0.00693684539744877,0.23896604802232252,0.8913632729720926,0.8913632729720926,0.2905786245590297,0.2903159666368599,-0.006581549972328019,-0.006612708304382178
35,10.0,0.5201188722658497,0.5363209362909592,0.020128240722954722,0.3284250432691773,32.54566818746895,36.69976570401458,True,True,0.018575317215727694,0.31960197646201394,0.7972806737727351,0.7972806737727351,0.29002140820814315,0.289740222517836,-0.006647860212448124,-0.006681624145180712
35,10.5,0.7798547928570769,0.8046436526368449,0.0323460728916721,0.2661257390903591,32.26565680158302,36.4023524792585,True,True,0.02620415877928415,0.22391977261632637,0.7806032997173303,0.7806032997173303,0.2947058148518196,0.2943895165816809,-0.006114188183151776,-0.006148575264502421
35,11.0,0.12513297161241527,0.12803925427726398,0.0032669037202292697,0.09467480880177927,16.83975325276279,18.425108535626915,True,True,0.005994946039617129,0.1774838466640162,0.05669943619023458,0.05669943619023458,0.2966657030080936,0.29632407608432065,-0.005906150203989169,-0.0059417988981571
35,11.5,0.054444290921474126,0.055859900744232055,0.0013675821479690977,0.11405168859820854,16.890173837944907,18.462498691058926,True,True,0.0026900440237797424,0.23040469118706314,0.039213929953207535,0.039213929953207535,0.29866784021558673,0.2983192902954585,-0.005702276758403536,-0.005737158658903631
35,12.0,0.06662827240639396,0.06829426195981832,0.0016885625252631889,0.13859849802568747,16.890173671590304,18.46230868825728,True,True,0.003292043719700554,0.2827964946212029,0.08211276409830306,0.08211276409830306,0.298027681907873,0.29766920757604937,-0.005766537476384521,-0.005802898858349325
35,12.5,0.12654206474931853,0.12939398693699555,0.003251612953625283,0.08899167984144639,16.890173318217922,18.424791125296434,True,True,0.006252330947364587,0.17966029022159594,0.15642203046081926,0.15642203046081926,0.30258422090243375,0.3022135466615022,-0.005327201211965961,-0.005361414837811849
35,13.0,0.1778064002615476,0.18174145259510993,0.004642478399503953,0.12477258649045138,16.890173204591942,18.42453546500103,True,True,0.00878525620075087,0.2532615069506557,0.26211775711319635,0.26211775711319635,0.30182699145965375,0.30145024485150934,-0.005397373545049765,-0.005432696662678475
35,13.5,0.21846468830365975,0.2232605167721511,0.005652133431002813,0.1530543300080181,16.890173152235885,18.424371699682858,True,True,0.010794146075403643,0.3117935721085307,0.22385032847230515,0.22385032847230515,0.30109082648970403,0.3007033241124101,-0.005466652123462348,-0.005503544452036759
35,14.0,0.1743431820861564,0.17817504130456815,0.004485616357486382,0.12275211062637617,16.89017321008454,18.424652647916044,True,True,0.008614141668849017,0.24871803954684743,0.18153369487092633,0.18153369487092633,0.302975804515257,0.3025743514350027,-0.005291339799191061,-0.005328108797246095
35,14.5,0.3868525316466821,0.3953183406195204,0.009817627721764234,0.26953326720171816,33.78034640445055,36.84891799342208,True,True,0.01911403975012123,0.5490300155217221,0.2767717825217195,0.2767717825217195,0.30223014980095425,0.3018182007345116,-0.00535987676004541,-0.005398194624692887
35,15.0,0.6027823499839277,0.6157077433430741,0.01570959082820997,0.2531158526275631,33.78034624814585,36.77347974288766,True,True,0.02978294015350306,0.515995213734679,0.5574026881759107,0.5574026881759107,0.30150288602356135,0.30106223024488893,-0.005427744598505908,-0.005469364550673185
35,15.5,1.0250339702992672,1.0469911657970388,0.02709523465600378,0.30424415574167885,33.78034615605503,36.696632694570795,True,True,0.050646017411665606,0.6274631018463013,0.7194551851463677,0.7194551851463677,0.30076639800615845,0.30029974889403077,-0.005497519309319077,-0.005542282805362085
35,16.0,1.0472305442722782,1.073603442920846,0.036287426420552,0.27062506659180147,16.38508260766693,18.197077387156842,True,True,0.03938538949295532,0.2996464525796462,0.14256392295067957,0.14256392295067957,0.30003193571726483,0.29953414190753314,-0.005568169015082648,-0.005616668409781372
35.0,16.5,0.0,0.0,0.0,0.0,0.0,0.0,0.0,0.0,0.0,0.0,0.0,0.0,0.2993913643381736,0.2988678273513924,-0.005630671813771469,-0.005682376695824926
35.0,17.0,0.0,0.0,0.0,0.0,0.0,0.0,0.0,0.0,0.0,0.0,0.0,0.0,0.30138799372363145,0.3008690339227763,-0.005438559704004956,-0.005487731789283672
35.0,17.5,0.0,0.0,0.0,0.0,0.0,0.0,0.0,0.0,0.0,0.0,0.0,0.0,0.3007371037286442,0.30022266524608937,-0.005500316671422768,-0.005549718811253435
35.0,18.0,0.0,0.0,0.0,0.0,0.0,0.0,0.0,0.0,0.0,0.0,0.0,0.0,0.30010830107718994,0.2995983592906838,-0.005560773059329115,-0.0056103835984941345
35.0,18.5,0.0,0.0,0.0,0.0,0.0,0.0,0.0,0.0,0.0,0.0,0.0,0.0,0.30209309849938476,0.3015881872878402,-0.00537258864607298,-0.0054197315453889125
35.0,19.0,0.0,0.0,0.0,0.0,0.0,0.0,0.0,0.0,0.0,0.0,0.0,0.0,0.30659581339624664,0.3060971490287821,-0.004973079844155307,-0.005015538394870689
35.0,19.5,0.0,0.0,0.0,0.0,0.0,0.0,0.0,0.0,0.0,0.0,0.0,0.0,0.3134745748677153,0.3129843848449557,-0.004428929431665089,-0.004465276847310014
35.0,20.0,0.0,0.0,0.0,0.0,0.0,0.0,0.0,0.0,0.0,0.0,0.0,0.0,0.3224998946457557,0.3220220012794192,-0.003818712359122898,-0.0038484030334069
35.0,20.5,0.0,0.0,0.0,0.0,0.0,0.0,0.0,0.0,0.0,0.0,0.0,0.0,0.33803009813126556,0.3375750123025344,-0.0029870240645631023,-0.003008114946657306
35.0,21.0,0.0,0.0,0.0,0.0,0.0,0.0,0.0,0.0,0.0,0.0,0.0,0.0,0.3403784416690865,0.33994524743718557,-0.002880949868495947,-0.002900175239243692
35.0,21.5,0.0,0.0,0.0,0.0,0.0,0.0,0.0,0.0,0.0,0.0,0.0,0.0,0.3427039479700319,0.34229532850508937,-0.0027803008461130367,-0.0027976789081915194
35.0,22.0,0.0,0.0,0.0,0.0,0.0,0.0,0.0,0.0,0.0,0.0,0.0,0.0,0.3401592810334378,0.33977457081288776,-0.0028906572822892085,-0.0029077919041493065
35.0,22.5,0.0,0.0,0.0,0.0,0.0,0.0,0.0,0.0,0.0,0.0,0.0,0.0,0.3402409287689126,0.3398843409252331,-0.0028870362618254536,-0.002902890540091875
35.0,23.0,0.0,0.0,0.0,0.0,0.0,0.0,0.0,0.0,0.0,0.0,0.0,0.0,0.3402244018688786,0.3399008778864462,-0.0028877687819293014,-0.0029021529988740432
35.0,23.5,0.0,0.0,0.0,0.0,0.0,0.0,0.0,0.0,0.0,0.0,0.0,0.0,0.3376915716915573,0.33740259194612254,-0.0030026961631942897,-0.0030161520576416283
35.0,24.0,0.0,0.0,0.0,0.0,0.0,0.0,0.0,0.0,0.0,0.0,0.0,0.0,0.33998457657834,0.3397401509961547,-0.0028984234968454916,-0.0029093308194798064
36.0,0.5,0.0,0.0,0.0,0.0,0.0,0.0,0.0,0.0,0.0,0.0,0.0,0.0,0.33710815115030773,0.33690719728096713,-0.0030299361982778915,-0.003039386884219945
36.0,1.0,0.0,0.0,0.0,0.0,0.0,0.0,0.0,0.0,0.0,0.0,0.0,0.0,0.33434040113349883,0.33417908679136055,-0.003163245401735172,-0.0031712284004368693
36.0,1.5,0.0,0.0,0.0,0.0,0.0,0.0,0.0,0.0,0.0,0.0,0.0,0.0,0.33641568081215223,0.33629442851530256,-0.0030626508844465257,-0.003068422471291371
36.0,2.0,0.0,0.0,0.0,0.0,0.0,0.0,0.0,0.0,0.0,0.0,0.0,0.0,0.3381377233837924,0.3380503801224675,-0.002982061978944978,-0.0029860882071284845
36.0,2.5,0.0,0.0,0.0,0.0,0.0,0.0,0.0,0.0,0.0,0.0,0.0,0.0,0.3373477175075559,0.33728386547679334,-0.003018715310960838,-0.0030217011866481747
36.0,3.0,0.0,0.0,0.0,0.0,0.0,0.0,0.0,0.0,0.0,0.0,0.0,0.0,0.3343382434880283,0.334289740738008,-0.0031633520195208788,-0.0031657498623149627
36.0,3.5,0.0,0.0,0.0,0.0,0.0,0.0,0.0,0.0,0.0,0.0,0.0,0.0,0.33631979134542095,0.3362846093339663,-0.003067214134166685,-0.0030688904294721244
36.0,4.0,0.0,0.0,0.0,0.0,0.0,0.0,0.0,0.0,0.0,0.0,0.0,0.0,0.33340845748426945,0.33338178169172866,-0.003209697565403682,-0.003211039124405676
36.0,4.5,0.0,0.0,0.0,0.0,0.0,0.0,0.0,0.0,0.0,0.0,0.0,0.0,0.3307941197934259,0.3307734239978746,-0.003344411553770736,-0.003345504567028432
36.0,5.0,0.0,0.0,0.0,0.0,0.0,0.0,0.0,0.0,0.0,0.0,0.0,0.0,0.3284071545680847,0.3283908253281628,-0.00347333014500915,-0.0034742322632040847
36.0,5.5,0.0,0.0,0.0,0.0,0.0,0.0,0.0,0.0,0.0,0.0,0.0,0.0,0.3262092204867795,0.32619614791306806,-0.0035973069068042833,-0.0035980599039615833
36.0,6.0,0.0,0.0,0.0,0.0,0.0,0.0,0.0,0.0,0.0,0.0,0.0,0.0,0.32417460331047865,0.32416399971015636,-0.003716797504170375,-0.0037174325196155486
36.0,6.5,0.0,0.0,0.0,0.0,0.0,0.0,0.0,0.0,0.0,0.0,0.0,0.0,0.3222835688545742,0.32227486495387686,-0.003832118364872022,-0.0038326589299658882
36.0,7.0,0.0,0.0,0.0,0.0,0.0,0.0,0.0,0.0,0.0,0.0,0.0,0.0,0.32051985734723987,0.3205126356441024,-0.003943536147572192,-0.0039440002328476114
36.0,7.5,0.0,0.0,0.0,0.0,0.0,0.0,0.0,0.0,0.0,0.0,0.0,0.0,0.3188696346107017,0.3188635846516431,-0.00405129623196477,-0.004051697704403141
36.0,8.0,0.0,0.0,0.0,0.0,0.0,0.0,0.0,0.0,0.0,0.0,0.0,0.0,0.31732096779733626,0.31731585560090453,-0.004155630161970086,-0.00415597983670012
36.0,8.5,0.0,0.0,0.0,0.0,0.0,0.0,0.0,0.0,0.0,0.0,0.0,0.0,0.3158635002996107,0.31585914720256963,-0.004256756557257998,-0.004257062960366846
36,9.0,0.21211148692633508,0.2170847305985386,0.005413263247139475,0.3843562528033002,33.7803469030375,36.92322624494801,True,True,0.010480240042141289,0.8261091935280267,0.309347472904476,0.309347472904476,0.31448821224657925,0.31448448010979013,-0.004354880541171504,-0.004355150465661677
36,9.5,0.3199038535111921,0.327012139244946,0.008189118326776344,0.22236308541376812,33.78034650081596,36.84829436699698,True,True,0.015806165068125978,0.46019918297638596,0.3655826679354819,0.3655826679354819,0.31314711573619053,0.3130956067202593,-0.0044531711362951355,-0.004456998708075345
36,10.0,0.5803615106037285,0.5929707687219314,0.015786271165150068,0.24182668266204663,33.780346196997115,36.771462226634284,True,True,0.028675146407601937,0.5021672948390412,0.7612922570896972,0.7612922570896972,0.31186590419364396,0.3117875297706744,-0.004549551035584148,-0.004555527047835088
36,10.5,1.128887073467011,1.158334609401655,0.038216591319840856,0.2735638404052984,33.0392410622884,36.43225849909048,True,True,0.04534071084838269,0.35545962463323466,0.7927523351725781,0.7927523351725781,0.31059464620466204,0.3104878258503604,-0.004647648648321264,-0.004656005737251556
36,11.0,1.4529128060472174,1.4990489491712415,0.06369956789334968,0.2974318427901144,32.03355978027988,35.91456309002014,True,True,0.04653830652530874,0.22787499630339414,0.8896470509176383,0.8896470509176383,0.3093725381236793,0.30923603538358896,-0.004744338399717425,-0.004755286241715325
36,11.5,1.7803466064164049,1.8363280052629452,0.0850304237952104,0.27930365533248647,31.728975443925457,35.39357781009741,True,True,0.053731103738292846,0.1859397958773441,1.0986394882637358,1.0986394882637358,0.3081861472535358,0.30802013511322535,-0.004840503458470599,-0.00485414433610193
36,12.0,2.036024149323145,2.0988722973385907,0.1108713241743785,0.26682532687284394,31.127516702240833,34.54248338074078,True,True,0.055154045821037584,0.13738356063453858,1.0513351758504208,1.0513351758504208,0.3070175542269701,0.3068270446801,-0.004937504825011431,-0.00495353716117022
36,12.5,0.844951331685067,0.8725521982731247,0.04284149161351131,0.141004613390074,15.663473955213579,17.605895315035472,True,True,0.023693605908107793,0.07886354352106617,0.12721454121400888,0.12721454121400888,0.30589514887768027,0.3056850232982565,-0.005032860433944045,-0.005050954942406818
36,13.0,1.680245933481785,1.7352538562787365,0.08264788694760525,0.285017679345023,31.559040006667495,35.39761108199969,True,True,0.04912624369925517,0.1758832537954512,1.042591764919159,1.042591764919159,0.3049393364919505,0.30471697005570164,-0.005115796838702562,-0.005135324573242734
36,13.5,1.7508917143458733,1.8058223137899503,0.0865171248336972,0.26567446911643894,31.550540099283744,35.212832821191896,True,True,0.05111190466883955,0.1633287393335228,1.1580322589815797,1.1580322589815797,0.30389902099791816,0.3036511551102482,-0.005207923431572602,-0.0052301643002744405
36,14.0,1.7727251134542799,1.8273207712173964,0.08568929751936195,0.2667357278309104,31.61190772518694,35.24902179448457,True,True,0.05233866144513687,0.168551030579865,0.9205561437172358,0.9205561437172358,0.3028780819802166,0.30260770298542145,-0.005300262271514883,-0.0053250425660429585
36,14.5,2.0282086316296413,2.08433225267782,0.10278011236856713,0.24287390797407163,31.40630206321222,34.57734727473741,True,True,0.05768061156734162,0.14076283147714275,0.7770643533020205,0.7770643533020205,0.30191971465740863,0.30162661561518816,-0.005388721981042308,-0.005416126260410013
36,15.0,2.2968202408281857,2.3588580959173213,0.12340847937084641,0.2638140754023138,31.113671781203223,34.172523554617314,True,True,0.062072433464872075,0.13543997945285433,0.7123442056690341,0.7123442056690341,0.30100751200518827,0.3006969491440882,-0.005474559187244156,-0.005504153859479656
36,15.5,2.1767848011987248,2.22713112587184,0.11406169345266563,0.2776156901420265,31.15917412129047,34.39493599004979,True,True,0.05928672606690613,0.14558190810169278,0.2758132785817844,0.2758132785817844,0.30012904017601366,0.29980101352340005,-0.00555876650696619,-0.005590605153338522
36,16.0,1.812197951352268,1.8494169331831931,0.09258704256085247,0.2377419589271966,15.621381064866828,17.341533928504425,False,False,0.050073472954848514,0.12916763199900583,0.1699152703627288,0.1699152703627288,0.29933373260980206,0.29898533312232267,-0.005636336026672021,-0.005670722675124175
36.0,16.5,0.0,0.0,0.0,0.0,0.0,0.0,0.0,0.0,0.0,0.0,0.0,0.0,0.29857939084986007,0.29821300411707946,-0.005711104541367714,-0.005747846025679282
36.0,17.0,0.0,0.0,0.0,0.0,0.0,0.0,0.0,0.0,0.0,0.0,0.0,0.0,0.29788176325150967,0.29751592711250713,-0.005781305692128206,-0.00581853000477822
36.0,17.5,0.0,0.0,0.0,0.0,0.0,0.0,0.0,0.0,0.0,0.0,0.0,0.0,0.2972060499755895,0.29684080370229765,-0.00585028397676315,-0.005887977284754628
36.0,18.0,0.0,0.0,0.0,0.0,0.0,0.0,0.0,0.0,0.0,0.0,0.0,0.0,0.2965510122652479,0.2961863937625929,-0.0059180896699423105,-0.0059562384628612484
36.0,18.5,0.0,0.0,0.0,0.0,0.0,0.0,0.0,0.0,0.0,0.0,0.0,0.0,0.29591550934076244,0.29555155492751706,-0.005984769963083583,-0.006023361069321907
36.0,19.0,0.0,0.0,0.0,0.0,0.0,0.0,0.0,0.0,0.0,0.0,0.0,0.0,0.2952984883509496,0.29493523260680343,-0.006050369236768324,-0.006089389835227314
36.0,19.5,0.0,0.0,0.0,0.0,0.0,0.0,0.0,0.0,0.0,0.0,0.0,0.0,0.29469897566213366,0.29433645133019815,-0.006114929293590588,-0.006154366921225131
36.0,20.0,0.0,0.0,0.0,0.0,0.0,0.0,0.0,0.0,0.0,0.0,0.0,0.0,0.2941160692469441,0.29375430718141704,-0.006178489560748125,-0.006218332116448878
36.0,20.5,0.0,0.0,0.0,0.0,0.0,0.0,0.0,0.0,0.0,0.0,0.0,0.0,0.2961476465687131,0.2957867703171276,-0.005960309647929994,-0.005998386756664819
36.0,21.0,0.0,0.0,0.0,0.0,0.0,0.0,0.0,0.0,0.0,0.0,0.0,0.0,0.2955282019969126,0.2951682357260817,-0.00602584735277559,-0.006064326498044972
36.0,21.5,0.0,0.0,0.0,0.0,0.0,0.0,0.0,0.0,0.0,0.0,0.0,0.0,0.3128612419617579,0.31250328613102557,-0.004474463635139243,-0.004501296250393653
36.0,22.0,0.0,0.0,0.0,0.0,0.0,0.0,0.0,0.0,0.0,0.0,0.0,0.0,0.31163186779312513,0.3112757874990571,-0.004567423957500329,-0.00459477788616539
36.0,22.5,0.0,0.0,0.0,0.0,0.0,0.0,0.0,0.0,0.0,0.0,0.0,0.0,0.31050877087999146,0.31015453834824147,-0.004654365692917712,-0.004682195802711574
36.0,23.0,0.0,0.0,0.0,0.0,0.0,0.0,0.0,0.0,0.0,0.0,0.0,0.0,0.3094678467771901,0.30911549360868695,-0.00473671222259329,-0.004764979010955169
36.0,23.5,0.0,0.0,0.0,0.0,0.0,0.0,0.0,0.0,0.0,0.0,0.0,0.0,0.30849263906912755,0.3081422680692972,-0.004815439454599339,-0.004844104475744472
36.0,24.0,0.0,0.0,0.0,0.0,0.0,0.0,0.0,0.0,0.0,0.0,0.0,0.0,0.30757144904688427,0.30722321974909084,-0.0048912417610076095,-0.004920266384101132
37.0,0.5,0.0,0.0,0.0,0.0,0.0,0.0,0.0,0.0,0.0,0.0,0.0,0.0,0.30669569132384217,0.3063498007798779,-0.00496462733801625,-0.004993972728510735
37.0,1.0,0.0,0.0,0.0,0.0,0.0,0.0,0.0,0.0,0.0,0.0,0.0,0.0,0.3058588991516036,0.30551556451009165,-0.005035976480924555,-0.005065603999889284
37.0,1.5,0.0,0.0,0.0,0.0,0.0,0.0,0.0,0.0,0.0,0.0,0.0,0.0,0.30505609298238595,0.3047155375293558,-0.005105578965851188,-0.005135450662200033
37.0,2.0,0.0,0.0,0.0,0.0,0.0,0.0,0.0,0.0,0.0,0.0,0.0,0.0,0.30428336381403687,0.3039458065244852,-0.005173658979320933,-0.005203738044398028
37.0,2.5,0.0,0.0,0.0,0.0,0.0,0.0,0.0,0.0,0.0,0.0,0.0,0.0,0.30353758947988174,0.30320323761621426,-0.0052403922754282566,-0.005270643413013711
37.0,3.0,0.0,0.0,0.0,0.0,0.0,0.0,0.0,0.0,0.0,0.0,0.0,0.0,0.30281623640721067,0.3024852805890004,-0.00530591829131079,-0.005336307992942633
37.0,3.5,0.0,0.0,0.0,0.0,0.0,0.0,0.0,0.0,0.0,0.0,0.0,0.0,0.30211721809171144,0.3017898292929862,-0.00537034888497488,-0.005400845616411674
37.0,4.0,0.0,0.0,0.0,0.0,0.0,0.0,0.0,0.0,0.0,0.0,0.0,0.0,0.30143879222502934,0.3011151202322117,-0.005433774747859908,-0.005464349058726319
37.0,4.5,0.0,0.0,0.0,0.0,0.0,0.0,0.0,0.0,0.0,0.0,0.0,0.0,0.3007794847660155,0.3004596577139441,-0.005496270179385509,-0.00552689474967807
37.0,5.0,0.0,0.0,0.0,0.0,0.0,0.0,0.0,0.0,0.0,0.0,0.0,0.0,0.30013803315657583,0.29982215783772875,-0.005557896684929084,-0.005588546321566841
37.0,5.5,0.0,0.0,0.0,0.0,0.0,0.0,0.0,0.0,0.0,0.0,0.0,0.0,0.2995133433645891,0.29920150607333124,-0.005618705714645111,-0.005649357309840073
37.0,6.0,0.0,0.0,0.0,0.0,0.0,0.0,0.0,0.0,0.0,0.0,0.0,0.0,0.29890445705422436,0.29859672478307336,-0.005678740766087148,-0.005709373227589959
37.0,6.5,0.0,0.0,0.0,0.0,0.0,0.0,0.0,0.0,0.0,0.0,0.0,0.0,0.2983105262641207,0.29800694811364337,-0.005738039010121062,-0.005768633171669149
37.0,7.0,0.0,0.0,0.0,0.0,0.0,0.0,0.0,0.0,0.0,0.0,0.0,0.0,0.2977307937103064,0.2974314024097591,-0.005796632556023683,-0.00582717107472479
37.0,7.5,0.0,0.0,0.0,0.0,0.0,0.0,0.0,0.0,0.0,0.0,0.0,0.0,0.29716457734216756,0.2968693908058835,-0.0058545494411343275,-0.005885016687117193
37.0,8.0,0.0,0.0,0.0,0.0,0.0,0.0,0.0,0.0,0.0,0.0,0.0,0.0,0.29661125814078354,0.2963202810069625,-0.005911814408682507,-0.005942196351153004
37.0,8.5,0.0,-0.0183148743752947,0.0,0.1995256522347651,0.0,0.0,0.0,0.0,0.0,0.4464312101742604,0.1325486522845547,0.1325486522845547,0.2960702704074458,0.2957834955226292,-0.005968449521691019,-0.005998733614538679
37.0,9.0,0.0,-0.024698083359941166,0.0,0.26781042397752525,0.0,37.0,0.0,0.0,0.0,0.5721124605109251,0.38040994502687736,0.38040994502687736,0.29552420293341214,0.295216186648569,-0.00602627323803243,-0.0060591838445253916
37.0,9.5,0.0,-0.026639110660816503,0.0,0.2678055810618546,0.0,37.0,0.0,0.0,0.0,0.573830157388824,0.639397039450748,0.639397039450748,0.2949578801891724,0.2946198941738568,-0.0060869483053513545,-0.006123506525627383
37.0,10.0,0.0,-0.03216825111921614,0.0,0.2678004933641268,0.0,37.0,0.0,0.0,0.0,0.5727535506223015,1.0111430392610075,1.0111430392610075,0.29436943759520096,0.29400144799454186,-0.006150765964635129,-0.006191080331452193
37,10.5,0.07740944024916788,0.08034847366968065,0.002830410351616921,0.254879101431947,33.066196837268166,36.924578564581445,True,True,0.0031303805840670615,0.3422372014547548,1.509099700006191,1.509099700006191,0.2937440892266883,0.2933460556093674,-0.006219461905792583,-0.006263663034380948
37,11.0,0.2634706315562184,0.2733500433519609,0.011835054806776834,0.2933676419440282,32.08101814195028,36.77509240260021,True,True,0.008520657331265015,0.23379294806297962,1.5864011665057656,1.5864011665057656,0.29306500108550604,0.29263888430736684,-0.006295099319914281,-0.006343120324523204
37,11.5,0.4466160908651188,0.4642588481529195,0.02221056060787727,0.34271978981969686,31.623443136405765,36.62542163246589,True,True,0.013214364638785987,0.22186887924074908,1.5957650645925259,1.5957650645925259,0.29238462588442854,0.29192661808941495,-0.006371981764056685,-0.00642436703378485
37,12.0,0.5907881909361343,0.615088358132811,0.032027334138133204,0.2876756963372917,31.212970615464847,36.328941024387376,True,True,0.016240234690829334,0.15571540747132562,1.717270466970427,1.717270466970427,0.29171110270226736,0.2912161831660106,-0.006449194359746226,-0.006506643004084235
37,12.5,0.7179115044366645,0.7466370394945494,0.037788716621834965,0.3192880993050441,31.292516117042688,36.28986504747854,True,True,0.020009784776293397,0.1791388683982403,1.213309244060136,1.213309244060136,0.29102988882159675,0.29050626678390523,-0.006528425259691096,-0.006590116071524981
37,13.0,0.9501012619869671,0.9888365718529806,0.05382709421167293,0.3003478620147403,30.954991005636188,35.88105549161476,True,True,0.02500282925483029,0.14662811386658675,1.253752801254108,1.253752801254108,0.2904209011736937,0.28986522455921865,-0.006600239194174588,-0.006666589110542861
37,13.5,0.9280806508579025,0.9650281004527684,0.05350583190553765,0.24846037544596972,30.84222213595846,35.62306883106731,True,True,0.02397606509333984,0.11577170741229181,1.136433320600847,1.136433320600847,0.289813167298269,0.2892298346454679,-0.006672845566935023,-0.006743433508800007
37,14.0,0.8500788683615597,0.8851618639255567,0.048524708734406105,0.2831302024459098,30.82937629331505,35.883192222294596,True,True,0.021915246465553873,0.13134206732759343,0.8076619924056982,0.8076619924056982,0.28922860385847626,0.28862412687923306,-0.006743583381821948,-0.006817672627711343
37,14.5,1.0311994440389005,1.073769304858916,0.060929435438273234,0.2974953494716106,30.67958078062381,35.584818831317065,True,True,0.025954519575006482,0.13050194239315976,0.8340745750395976,0.8340745750395976,0.28869449239831185,0.288063758480702,-0.006808998398926518,-0.006887223372705844
37,15.0,0.904277026560025,0.9411526067826441,0.0522167635843487,0.2742504715529703,30.733799332598842,35.733867423004256,True,True,0.022956907988546372,0.12280829542833872,0.4841068892451082,0.4841068892451082,0.2881631099940379,0.28750580956289895,-0.0068748308147507115,-0.006957315357534969
37,15.5,0.8526788565234189,0.8866589139899639,0.04680853973018376,0.28765858733469185,30.92738331125156,35.91949629023155,True,True,0.022337049004372573,0.13927879431337328,0.28560658575987535,0.28560658575987535,0.2876848773011683,0.2870028027396208,-0.006934727861673513,-0.007021234858254488
37,16.0,0.7092231275412837,0.7369998511137588,0.03646893672810147,0.3054358327182575,31.196238123317812,36.21627399185219,True,True,0.019439691162569262,0.16579131412368017,0.2082852445284084,0.2082852445284084,0.28723984846659,0.2865305429082994,-0.0069910255304200634,-0.007081884994145509
37.0,16.5,0.0,0.0,0.0,0.0,0.0,0.0,0.0,0.0,0.0,0.0,0.0,0.0,0.28681299676131905,0.28607281875593105,-0.007045536085744925,-0.007141264984243085
37.0,17.0,0.0,0.0,0.0,0.0,0.0,0.0,0.0,0.0,0.0,0.0,0.0,0.0,0.28642413713308107,0.2856873041799417,-0.007095636236311498,-0.007191737996987373
37.0,17.5,0.0,0.0,0.0,0.0,0.0,0.0,0.0,0.0,0.0,0.0,0.0,0.0,0.28604188440387984,0.2853083396599551,-0.007145299417479989,-0.007241768256088021
37.0,18.0,0.0,0.0,0.0,0.0,0.0,0.0,0.0,0.0,0.0,0.0,0.0,0.0,0.28566605092156316,0.2849357385084598,-0.007194532893905294,-0.007291363246913584
37.0,18.5,0.0,0.0,0.0,0.0,0.0,0.0,0.0,0.0,0.0,0.0,0.0,0.0,0.28529645632359835,0.2845693214109191,-0.007243343767869869,-0.007340530271459723
37.0,19.0,0.0,0.0,0.0,0.0,0.0,0.0,0.0,0.0,0.0,0.0,0.0,0.0,0.2849329270806233,0.28420891595002734,-0.00729173899684467,-0.007389276468485057
37.0,19.5,0.0,0.0,0.0,0.0,0.0,0.0,0.0,0.0,0.0,0.0,0.0,0.0,0.2845752960980971,0.28385435619085264,-0.007339725406568047,-0.007437608828839026
37.0,20.0,0.0,0.0,0.0,0.0,0.0,0.0,0.0,0.0,0.0,0.0,0.0,0.0,0.2842234023648873,0.28350548231536427,-0.007387309700677944,-0.007485534207057954
37.0,20.5,0.0,0.0,0.0,0.0,0.0,0.0,0.0,0.0,0.0,0.0,0.0,0.0,0.2838770906400084,0.28316214029725106,-0.0074344984677118826,-0.007533059330079875
37.0,21.0,0.0,0.0,0.0,0.0,0.0,0.0,0.0,0.0,0.0,0.0,0.0,0.0,0.28353621117057953,0.2828241816098255,-0.007481298186115178,-0.0075801908037499656
37.0,21.5,0.0,0.0,0.0,0.0,0.0,0.0,0.0,0.0,0.0,0.0,0.0,0.0,0.2832006194355321,0.2824914629612982,-0.007527715227758698,-0.007626935117645661
37.0,22.0,0.0,0.0,0.0,0.0,0.0,0.0,0.0,0.0,0.0,0.0,0.0,0.0,0.2828701759107368,0.2821638460528765,-0.007573755860358245,-0.007673298648637489
37.0,22.5,0.0,0.0,0.0,0.0,0.0,0.0,0.0,0.0,0.0,0.0,0.0,0.0,0.282544745852123,0.28184119735606833,-0.007619426249099901,-0.007719287663511285
37.0,23.0,0.0,0.0,0.0,0.0,0.0,0.0,0.0,0.0,0.0,0.0,0.0,0.0,0.28222419909406526,0.2815233879062977,-0.0076647324577072285,-0.007764908320906079
37.0,23.5,0.0,0.0,0.0,0.0,0.0,0.0,0.0,0.0,0.0,0.0,0.0,0.0,0.28190840986086557,0.2812102931105146,-0.007709680449131666,-0.007810166672764987
37.0,24.0,0.0,0.0,0.0,0.0,0.0,0.0,0.0,0.0,0.0,0.0,0.0,0.0,0.28159725658960005,0.2809017925669373,-0.007754276086003878,-0.007855068665451265
38.0,0.5,0.0,0.0,0.0,0.0,0.0,0.0,0.0,0.0,0.0,0.0,0.0,0.0,0.28129062176293546,0.28059776989542284,-0.007798525130950616,-0.007899620140645942
38.0,1.0,0.0,0.0,0.0,0.0,0.0,0.0,0.0,0.0,0.0,0.0,0.0,0.0,0.28098839175079443,0.2802981125772453,-0.007842433246854408,-0.007943826836115444
38.0,1.5,0.0,0.0,0.0,0.0,0.0,0.0,0.0,0.0,0.0,0.0,0.0,0.0,0.2806904566599579,0.2800027118032865,-0.007886005997112776,-0.007987694386415027
38.0,2.0,0.0,0.0,0.0,0.0,0.0,0.0,0.0,0.0,0.0,0.0,0.0,0.0,0.2803967101908602,0.27971146232982264,-0.007929248845937396,-0.008031228323576608
38.0,2.5,0.0,0.0,0.0,0.0,0.0,0.0,0.0,0.0,0.0,0.0,0.0,0.0,0.2801070495009639,0.27942426234122814,-0.007972167158720804,-0.008074434077815804
38.0,3.0,0.0,0.0,0.0,0.0,0.0,0.0,0.0,0.0,0.0,0.0,0.0,0.0,0.27982137507420346,0.2791410133190349,-0.008014766202488775,-0.008117316978282284
38.0,3.5,0.0,0.0,0.0,0.0,0.0,0.0,0.0,0.0,0.0,0.0,0.0,0.0,0.2795395905960694,0.2788616199168677,-0.008057051146448849,-0.008159882253869622
38.0,4.0,0.0,0.0,0.0,0.0,0.0,0.0,0.0,0.0,0.0,0.0,0.0,0.0,0.2792616028339671,0.2785859898408534,-0.008099027062640023,-0.008202135034093932
38.0,4.5,0.0,0.0,0.0,0.0,0.0,0.0,0.0,0.0,0.0,0.0,0.0,0.0,0.2789873215225377,0.27831403373515395,-0.008140698926684165,-0.00824408035004641
38.0,5.0,0.0,0.0,0.0,0.0,0.0,0.0,0.0,0.0,0.0,0.0,0.0,0.0,0.2813517371706876,0.28068103367236646,-0.007789681894552252,-0.007887388799959897
38.0,5.5,0.0,0.0,0.0,0.0,0.0,0.0,0.0,0.0,0.0,0.0,0.0,0.0,0.28104899317601256,0.28038082392494046,-0.007833605482263086,-0.007931595528511658
38.0,6.0,0.0,0.0,0.0,0.0,0.0,0.0,0.0,0.0,0.0,0.0,0.0,0.0,0.2807511996738994,0.28008551762159023,-0.007877099021658354,-0.007975368522295254
38.0,6.5,0.0,0.0,0.0,0.0,0.0,0.0,0.0,0.0,0.0,0.0,0.0,0.0,0.2804581736580651,0.27979493448548365,-0.007920177392512573,-0.008018722651832741
38.0,7.0,0.0,0.0,0.0,0.0,0.0,0.0,0.0,0.0,0.0,0.0,0.0,0.0,0.2801697439144174,0.27950890579671395,-0.007962854458034541,-0.008061671777037609
38.0,7.5,0.0,0.0,0.0,0.0,0.0,0.0,0.0,0.0,0.0,0.0,0.0,0.0,0.27988574992504145,0.27922727332118263,-0.008005143163820094,-0.008104228845454038
38.0,8.0,0.0,0.0,0.0,0.0,0.0,0.0,0.0,0.0,0.0,0.0,0.0,0.0,0.2796060409008222,0.2789498883649737,-0.00804705562501722,-0.008146405978804531
38.0,8.5,0.0,0.0,0.0,0.0,0.0,0.0,0.0,0.0,0.0,0.0,0.0,0.0,0.2793304749249692,0.27867661093694895,-0.008088603203323427,-0.008188214549450125
38.0,9.0,0.0,0.0,0.0,0.0,0.0,0.0,0.0,0.0,0.0,0.0,0.0,0.0,0.2790589181924781,0.2784073090049871,-0.008129796575185038,-0.008229665248119999
38.0,9.5,0.0,0.0,0.0,0.0,0.0,0.0,0.0,0.0,0.0,0.0,0.0,0.0,0.27879124433285235,0.27814185783351475,-0.008170645792360532,-0.008270768144061642
38.0,10.0,0.0,0.0,0.0,0.0,0.0,0.0,0.0,0.0,0.0,0.0,0.008708528343181244,0.008708528343181244,0.2785273338053108,0.27788013939182316,-0.008211160335837336,-0.008311532738592961
38.0,10.5,0.0,0.0,0.0,0.0,0.0,0.0,0.0,0.0,0.0,0.0,0.012970092194998326,0.012970092194998326,0.27826596360524974,0.2776209320721706,-0.008251521030478298,-0.008352142379396911
38,11.0,0.5934170793279223,0.6057596942758576,0.014697499174151666,0.1379438849626553,16.890173007334326,18.310476541034408,True,True,0.0293202104543395,0.2885705867127475,0.12374851032090331,0.12374851032090331,0.2780075929713285,0.27736469640722905,-0.00829165106455773,-0.008392519024127037
38,11.5,0.6698546065286338,0.6837271773097532,0.016470706035408157,0.15494154619713055,16.890172997555997,18.30956588585614,True,True,0.03309692073485991,0.32615090834914034,0.0894874381665929,0.0894874381665929,0.27773667313496897,0.2770801791983832,-0.008333980247121703,-0.00843762497286248
38,12.0,0.7208466369862675,0.7360533098725764,0.01799964990653569,0.1667591946344302,16.890172992468546,18.30955884845519,True,True,0.035616391637526196,0.35064791078651575,0.16608384362256787,0.16608384362256787,0.27747323674599766,0.27680117974628676,-0.008375387320691787,-0.008482136932013298
38,12.5,0.7759265141379695,0.7919600441963963,0.019350417229387983,0.14779864002394338,16.89017298748116,18.27173751517665,True,True,0.03833783941202586,0.3105228488171666,0.15711440221259398,0.15711440221259398,0.27720309555288025,0.27651413981277356,-0.00841810307429041,-0.008528223986997312
38,13.0,0.819415291452761,0.8364704763505333,0.020463792012538607,0.15539029776847565,16.89017298402748,18.271533573640266,True,True,0.04048658124587351,0.3268072303296503,0.16461035228773577,0.16461035228773577,0.27693708794787925,0.27623379820378774,-0.0084604190907041,-0.008573523838300498
38,13.5,0.8299655922576648,0.8465849179530304,0.020467612898221865,0.1343657854929322,16.890172982958273,18.234741190408123,True,True,0.04100786223142705,0.28060010904256133,0.09973138339743724,0.09973138339743724,0.27667306174587974,0.27595458976461523,-0.008502670763545793,-0.008618925828073639
38.0,14.0,0.0,0.0,0.0,0.0,0.0,0.0,0.0,0.0,0.0,0.0,0.010884237474230979,0.010884237474230979,0.2764203008092001,0.2756893044503184,-0.008543355423690589,-0.008662329415295282
38.0,14.5,0.0,0.0,0.0,0.0,0.0,0.0,0.0,0.0,0.0,0.0,0.0471468176990572,0.0471468176990572,0.2761843912276378,0.2754553638098589,-0.008581537100722441,-0.008700820905940376
38.0,15.0,0.0,0.0,0.0,0.0,0.0,0.0,0.0,0.0,0.0,0.0,0.022005119884982816,0.022005119884982816,0.275946707975355,0.2752196292057504,-0.008620211635002206,-0.008739813883573155
38.0,15.5,0.0,0.0,0.0,0.0,0.0,0.0,0.0,0.0,0.0,0.0,0.0,0.0,0.27571500534070126,0.27498985563359923,-0.008658113092869152,-0.008778021382019215
38.0,16.0,0.0,0.0,0.0,0.0,0.0,0.0,0.0,0.0,0.0,0.0,0.0,0.0,0.275488815871669,0.2747655763087595,-0.00869530439313701,-0.008815507361135486
38.0,16.5,0.0,0.0,0.0,0.0,0.0,0.0,0.0,0.0,0.0,0.0,0.0,0.0,0.2752652703531917,0.2745439226460671,-0.008732248131481055,-0.008852742032986288
38.0,17.0,0.0,0.0,0.0,0.0,0.0,0.0,0.0,0.0,0.0,0.0,0.0,0.0,0.27504430629227816,0.27432483274736513,-0.008768949186308512,-0.008889730318626147
38.0,17.5,0.0,0.0,0.0,0.0,0.0,0.0,0.0,0.0,0.0,0.0,0.0,0.0,0.2748258635969859,0.2741082470827884,-0.00880541224917401,-0.008926476951915265
38.0,18.0,0.0,0.0,0.0,0.0,0.0,0.0,0.0,0.0,0.0,0.0,0.0,0.0,0.2746098844405627,0.2738941083570462,-0.008841641836162656,-0.00896298649091862
38.0,18.5,0.0,0.0,0.0,0.0,0.0,0.0,0.0,0.0,0.0,0.0,0.0,0.0,0.27439631313590995,0.27368236138586954,-0.00887764229834711,-0.008999263328374807
38.0,19.0,0.0,0.0,0.0,0.0,0.0,0.0,0.0,0.0,0.0,0.0,0.0,0.0,0.27418509601939806,0.2734729529816678,-0.008913417831408959,-0.009035311701325672
38.0,19.5,0.0,0.0,0.0,0.0,0.0,0.0,0.0,0.0,0.0,0.0,0.0,0.0,0.2739761813431737,0.27326583184754366,-0.008948972484504398,-0.009071135699987272
38.0,20.0,0.0,0.0,0.0,0.0,0.0,0.0,0.0,0.0,0.0,0.0,0.0,0.0,0.2737695191751859,0.273060948478907,-0.008984310168446093,-0.009106739275934634
38.0,20.5,0.0,0.0,0.0,0.0,0.0,0.0,0.0,0.0,0.0,0.0,0.0,0.0,0.2735650613062457,0.27285825507200934,-0.009019434663264596,-0.009142126249664125
38.0,21.0,0.0,0.0,0.0,0.0,0.0,0.0,0.0,0.0,0.0,0.0,0.0,0.0,0.2733627611635016,0.27265770543879164,-0.009054349625206471,-0.009177300317590939
38.0,21.5,0.0,0.0,0.0,0.0,0.0,0.0,0.0,0.0,0.0,0.0,0.0,0.0,0.2731625737297769,0.27245925492749967,-0.009089058593220442,-0.009212265058533162
38.0,22.0,0.0,0.0,0.0,0.0,0.0,0.0,0.0,0.0,0.0,0.0,0.0,0.0,0.2729644554682747,0.2722628603485772,-0.009123564994976574,-0.009247023939728299
38.0,22.5,0.0,0.0,0.0,0.0,0.0,0.0,0.0,0.0,0.0,0.0,0.0,0.0,0.2727683642521993,0.2720684799053972,-0.009157872152460507,-0.009281580322423672
38.0,23.0,0.0,0.0,0.0,0.0,0.0,0.0,0.0,0.0,0.0,0.0,0.0,0.0,0.27257425929889467,0.2718760731294324,-0.00919198328717871,-0.009315937467077635
38.0,23.5,0.0,0.0,0.0,0.0,0.0,0.0,0.0,0.0,0.0,0.0,0.0,0.0,0.2723821011081323,0.2716856008195085,-0.009225901525008743,-0.009350098538205148
38.0,24.0,0.0,0.0,0.0,0.0,0.0,0.0,0.0,0.0,0.0,0.0,0.0,0.0,0.2721918514042215,0.27149702498481265,-0.009259629900723947,-0.0093840666088979
39.0,0.5,0.0,0.0,0.0,0.0,0.0,0.0,0.0,0.0,0.0,0.0,0.0,0.0,0.27200347308164147,0.27131030879136697,-0.009293171362219977,-0.009417844665045803
39.0,1.0,0.0,0.0,0.0,0.0,0.0,0.0,0.0,0.0,0.0,0.0,0.0,0.0,0.271816930153927,0.2711254165116977,-0.009326528774467348,-0.009451435609284806
39.0,1.5,0.0,0.0,0.0,0.0,0.0,0.0,0.0,0.0,0.0,0.0,0.0,0.0,0.27163218770555875,0.2709423134774602,-0.009359704923212435,-0.009484842264692957
39.0,2.0,0.0,0.0,0.0,0.0,0.0,0.0,0.0,0.0,0.0,0.0,0.0,0.0,0.27144921184663745,0.2707609660347981,-0.009392702518446521,-0.009518067378254898
39.0,2.5,0.0,0.0,0.0,0.0,0.0,0.0,0.0,0.0,0.0,0.0,0.0,0.0,0.2739145448477483,0.273228128261896,-0.008959494505806485,-0.009077675165750986
39.0,3.0,0.0,0.0,0.0,0.0,0.0,0.0,0.0,0.0,0.0,0.0,0.0,0.0,0.27371006160064093,0.27302545491080693,-0.008994507749795091,-0.009112924073013395
39.0,3.5,0.0,0.0,0.0,0.0,0.0,0.0,0.0,0.0,0.0,0.0,0.0,0.0,0.2735079971621633,0.27282518197858946,-0.009029267090320576,-0.00914791580970386
39.0,4.0,0.0,0.0,0.0,0.0,0.0,0.0,0.0,0.0,0.0,0.0,0.0,0.0,0.27330828392799533,0.2726272427357575,-0.009063779352312267,-0.009182657216042932
39.0,4.5,0.0,0.0,0.0,0.0,0.0,0.0,0.0,0.0,0.0,0.0,0.0,0.0,0.2731108575673161,0.2724315736660539,-0.00909805101541517,-0.009217154788313796
39.0,5.0,0.0,0.0,0.0,0.0,0.0,0.0,0.0,0.0,0.0,0.0,0.0,0.0,0.2729156567991771,0.2722381142474668,-0.009132088238141555,-0.009251414702906358
39.0,5.5,0.0,0.0,0.0,0.0,0.0,0.0,0.0,0.0,0.0,0.0,0.0,0.0,0.2727226231880079,0.27204680675196685,-0.009165896879952833,-0.00928544283829964
39.0,6.0,0.0,0.0,0.0,0.0,0.0,0.0,0.0,0.0,0.0,0.0,0.0,0.0,0.2725317009563234,0.27185759606207643,-0.00919948252147883,-0.009319244795189125
39.0,6.5,0.0,0.0,0.0,0.0,0.0,0.0,0.0,0.0,0.0,0.0,0.0,0.0,0.2723428368129261,0.27167042950260245,-0.009232850483057779,-0.009352825914941366
39.0,7.0,0.0,0.0,0.0,0.0,0.0,0.0,0.0,0.0,0.0,0.0,0.0,0.0,0.2721559797950879,0.2714852566860502,-0.009266005841760086,-0.009386191296538376
39.0,7.5,0.0,0.0,0.0,0.0,0.0,0.0,0.0,0.0,0.0,0.0,0.0,0.0,0.2719710811233662,0.27130202937040476,-0.009298953447040894,-0.009419345812155954
39.0,8.0,0.0,0.0,0.0,0.0,0.0,0.0,0.0,0.0,0.0,0.0,0.0,0.0,0.2717880940678599,0.27112070132810645,-0.009331697935150126,-0.009452294121504768
39.0,8.5,0.0,0.0,0.0,0.0,0.0,0.0,0.0,0.0,0.0,0.0,0.0,0.0,0.27160697382483423,0.2709412282251796,-0.009364243742415887,-0.009485040685048683
39.0,9.0,0.0,0.0,0.0,0.0,0.0,0.0,0.0,0.0,0.0,0.0,0.0,0.0,0.2714276774027647,0.27076356750957775,-0.009396595117503714,-0.009517589776203607
39.0,9.5,0.0,0.0,0.0,0.0,0.0,0.0,0.0,0.0,0.0,0.0,0.014823048091569523,0.014823048091569523,0.271250163516945,0.27058767830791525,-0.009428756132744479,-0.009549945492608182
39.0,10.0,0.0,0.0,0.0,0.0,0.0,0.0,0.0,0.0,0.0,0.0,0.01662390515239501,0.01662390515239501,0.2710725035495622,0.2704116323874999,-0.009461075013725074,-0.009582461355577417
39,10.5,1.5682031551559152,1.5880596141141439,0.037839217829388316,0.15385265096353662,16.8901729545874,18.07795180179739,False,False,0.07748352406102905,0.3275611073743595,0.0528532174177344,0.0528532174177344,0.270896318797983,0.2702370514064267,-0.009493255966567886,-0.00961483699269926
39,11.0,1.844501119932678,1.8697364702817134,0.04546015082700338,0.14177856192115587,16.890172949372523,17.96415971840193,False,False,0.09113516092415291,0.3007461674245283,0.1375191195366533,0.1375191195366533,0.27071236326924647,0.270039905794611,-0.009526995562001834,-0.00965155400702838
39,11.5,1.8514841061446041,1.8747318138134306,0.04509676607532761,0.15333992649560338,16.890172949788354,18.002118385723104,False,False,0.09148018406633364,0.32564212367624806,0.1014597700388984,0.1014597700388984,0.2705182799888451,0.269835132601038,-0.009562747712650756,-0.00968986862939571
39,12.0,1.957891064086846,1.984826546663596,0.048392898421192376,0.14951689724346912,16.890172947918085,17.964297976834732,False,False,0.09673765728265228,0.31694324472587065,0.15742488827706494,0.15742488827706494,0.27033043669516654,0.2696350704655176,-0.009597502724408728,-0.0097274769205808
39,12.5,2.0350084298789874,2.064843188067157,0.05120767844816961,0.14612369768219738,16.89017294675783,17.92633078262697,True,False,0.10054795778372765,0.30949813782537205,0.22086666839010963,0.22086666839010963,0.27013660724792904,0.2694299203454794,-0.009633523190674323,-0.009766222413136176
39,13.0,1.987816636196597,2.0167061131516393,0.04979988485870652,0.14298587795976572,16.89017294723956,17.92792653238045,True,False,0.0982162532024363,0.3018309736543208,0.20804987049297372,0.20804987049297372,0.26993586850740214,0.2692186432492261,-0.009670997572364592,-0.009806317424421479
39,13.5,1.8401102152124278,1.8653120838732715,0.04537717383844626,0.14204674374927617,16.890172949535245,17.966837192454374,False,False,0.090918210224607,0.29943964104305837,0.14194518382214016,0.14194518382214016,0.26973844580042866,0.26901089411281476,-0.009708022437257869,-0.00984593430510836
39,14.0,1.6869526506807218,1.7077411953819455,0.041401670976561514,0.113693469871698,16.890172952061555,17.89327702626563,False,False,0.08335083108912682,0.23841644317849042,0.1105630932875866,0.1105630932875866,0.2695514843831557,0.2688131540416618,-0.009743241181717073,-0.0098838197553141
39.0,14.5,0.0,0.0,0.0,0.0,0.0,0.0,0.0,0.0,0.0,0.0,0.019177328139803017,0.019177328139803017,0.2693704738949701,0.2686244633443891,-0.009777484055590039,-0.009920133470035201
39.0,15.0,0.0,0.0,0.0,0.0,0.0,0.0,0.0,0.0,0.0,0.0,0.0,0.0,0.26920780246344145,0.26846331617434827,-0.009808380013995206,-0.009951272314196541
39.0,15.5,0.0,0.0,0.0,0.0,0.0,0.0,0.0,0.0,0.0,0.0,0.0,0.0,0.26904896570769804,0.26830599600143296,-0.009838659962506895,-0.009981784065162543
39.0,16.0,0.0,0.0,0.0,0.0,0.0,0.0,0.0,0.0,0.0,0.0,0.0,0.0,0.26889149393750517,0.26815003332088294,-0.009868789705433877,-0.010012142624632663
39.0,16.5,0.0,0.0,0.0,0.0,0.0,0.0,0.0,0.0,0.0,0.0,0.0,0.0,0.26873536210081694,0.2679954032560313,-0.009898771671974333,-0.010042350454229618
39.0,17.0,0.0,0.0,0.0,0.0,0.0,0.0,0.0,0.0,0.0,0.0,0.0,0.0,0.26858054592530933,0.2678420817004433,-0.009928608213030146,-0.010072409937006279
39.0,17.5,0.0,0.0,0.0,0.0,0.0,0.0,0.0,0.0,0.0,0.0,0.0,0.0,0.26842702188260864,0.2676900452827124,-0.009958301605026167,-0.010102323381267202
39.0,18.0,0.0,0.0,0.0,0.0,0.0,0.0,0.0,0.0,0.0,0.0,0.0,0.0,0.27092515779353127,0.2701898583330485,-0.00948797947551395,-0.009623611204843409
39.0,18.5,0.0,0.0,0.0,0.0,0.0,0.0,0.0,0.0,0.0,0.0,0.0,0.0,0.2707528141146832,0.2700191784878736,-0.009519564165745618,-0.009655424022682952
39.0,19.0,0.0,0.0,0.0,0.0,0.0,0.0,0.0,0.0,0.0,0.0,0.0,0.0,0.2705822496509388,0.26985026517825816,-0.00955094620485107,-0.009687031015223776
39.0,19.5,0.0,0.0,0.0,0.0,0.0,0.0,0.0,0.0,0.0,0.0,0.0,0.0,0.27306162165190584,0.27233149183003763,-0.009106622023061964,-0.009234859468584784
39.0,20.0,0.0,0.0,0.0,0.0,0.0,0.0,0.0,0.0,0.0,0.0,0.0,0.0,0.2807963332319259,0.28006884293504,-0.007870488680322616,-0.007977848770027291
39.0,20.5,0.0,0.0,0.0,0.0,0.0,0.0,0.0,0.0,0.0,0.0,0.0,0.0,0.2857845218537691,0.28506029102893987,-0.007178969926254979,-0.007274739814078182
39.0,21.0,0.0,0.0,0.0,0.0,0.0,0.0,0.0,0.0,0.0,0.0,0.0,0.0,0.2854390062932144,0.2847179117683429,-0.007224471164857338,-0.0073205444705049805
39.0,21.5,0.0,0.0,0.0,0.0,0.0,0.0,0.0,0.0,0.0,0.0,0.0,0.0,0.2851034964224384,0.28438543372574115,-0.007268983947005361,-0.007365353740854266
39.0,22.0,0.0,0.0,0.0,0.0,0.0,0.0,0.0,0.0,0.0,0.0,0.0,0.0,0.28477719867419665,0.2840620790773399,-0.007312588321933037,-0.007409247228876391
39.0,22.5,0.0,0.0,0.0,0.0,0.0,0.0,0.0,0.0,0.0,0.0,0.0,0.0,0.28708855744539963,0.2863766644666873,-0.007010288276919561,-0.007101781579933504
39.0,23.0,0.0,0.0,0.0,0.0,0.0,0.0,0.0,0.0,0.0,0.0,0.0,0.0,0.2867382994060068,0.28602953811488485,-0.007055127204405867,-0.007146910368706672
39.0,23.5,0.0,0.0,0.0,0.0,0.0,0.0,0.0,0.0,0.0,0.0,0.0,0.0,0.2890241621704115,0.28831883384066426,-0.006768533435330907,-0.006855460097519207
39.0,24.0,0.0,0.0,0.0,0.0,0.0,0.0,0.0,0.0,0.0,0.0,0.0,0.0,0.28864992360170644,0.2879479298264188,-0.0068144910384944695,-0.0069017048176294865
40.0,0.5,0.0,0.0,0.0,0.0,0.0,0.0,0.0,0.0,0.0,0.0,0.0,0.0,0.29091030143756447,0.2902119661218406,-0.006542453670384564,-0.006625094130200416
40.0,1.0,0.0,0.0,0.0,0.0,0.0,0.0,0.0,0.0,0.0,0.0,0.0,0.0,0.2905121012903586,0.28981732580482883,-0.00658942485936239,-0.006672345523431795
40.0,1.5,0.0,0.0,0.0,0.0,0.0,0.0,0.0,0.0,0.0,0.0,0.0,0.0,0.2927470173353314,0.2920561546298792,-0.0063308931259371225,-0.006409499244159124
40.0,2.0,0.0,0.0,0.0,0.0,0.0,0.0,0.0,0.0,0.0,0.0,0.0,0.0,0.2923248565914166,0.2916378115451695,-0.006378789006311104,-0.00645766352249535
40.0,2.5,0.0,0.0,0.0,0.0,0.0,0.0,0.0,0.0,0.0,0.0,0.0,0.0,0.29191636857042746,0.2912330714219484,-0.0064255451941351615,-0.006504672647887192
40.0,3.0,0.0,0.0,0.0,0.0,0.0,0.0,0.0,0.0,0.0,0.0,0.0,0.0,0.29152021944557704,0.29084062110659203,-0.006471279586361969,-0.006550644206135076
40.0,3.5,0.0,0.0,0.0,0.0,0.0,0.0,0.0,0.0,0.0,0.0,0.0,0.0,0.2911352577137622,0.29045932610598496,-0.0065160944666622315,-0.006595680263554349
40.0,4.0,0.0,0.0,0.0,0.0,0.0,0.0,0.0,0.0,0.0,0.0,0.0,0.0,0.29076048251945247,0.2900881996721041,-0.0065600791618827935,-0.006639869997147269
40.0,4.5,0.0,0.0,0.0,0.0,0.0,0.0,0.0,0.0,0.0,0.0,0.0,0.0,0.2903950185987272,0.2897263783196279,-0.006603312151621586,-0.0066832917857606085
40.0,5.0,0.0,0.0,0.0,0.0,0.0,0.0,0.0,0.0,0.0,0.0,0.0,0.0,0.29003809624788635,0.28937310261383226,-0.0066458627610285065,-0.006726014843641435
40.0,5.5,0.0,0.0,0.0,0.0,0.0,0.0,0.0,0.0,0.0,0.0,0.0,0.0,0.2896890359499207,0.289027702381818,-0.006687792436008007,-0.006768100453273313
40.0,6.0,0.0,0.0,0.0,0.0,0.0,0.0,0.0,0.0,0.0,0.0,0.0,0.0,0.28934723622955394,0.28868958436481723,-0.006729155735661791,-0.006809603004366053
40.0,6.5,0.0,0.0,0.0,0.0,0.0,0.0,0.0,0.0,0.0,0.0,0.0,0.0,0.28901216336501717,0.2883582218545686,-0.006770001182875254,-0.006850570873603223
40.0,7.0,0.0,0.0,0.0,0.0,0.0,0.0,0.0,0.0,0.0,0.0,0.0,0.0,0.2886833426427416,0.28803314594978024,-0.006810371995171675,-0.006891047173146283
40.0,7.5,0.0,0.0,0.0,0.0,0.0,0.0,0.0,0.0,0.0,0.0,0.0,0.0,0.2883603508957692,0.287713938142276,-0.006850306714646663,-0.006931070390516828
40.0,8.0,0.0,0.0,0.0,0.0,0.0,0.0,0.0,0.0,0.0,0.0,0.0,0.0,0.28804281011304633,0.28740022400031207,-0.006889839752762137,-0.0069706749381586944
40.0,8.5,0.0,0.0,0.0,0.0,0.0,0.0,0.0,0.0,0.0,0.0,0.0,0.0,0.28773038194511,0.2870916677620716,-0.006929001863152315,-0.0070098916275306
40.0,9.0,0.0,0.0,0.0,0.0,0.0,0.0,0.0,0.0,0.0,0.0,0.0,0.0,0.287422762963007,0.2867879676882143,-0.0069678205533785145,-0.007048748079826056
40.0,9.5,0.0,0.0,0.0,0.0,0.0,0.0,0.0,0.0,0.0,0.0,0.0,0.0,0.28711968055271786,0.2864888520507142,-0.007006320444729023,-0.007087269083216406
40.0,10.0,0.0,0.0,0.0,0.0,0.0,0.0,0.0,0.0,0.0,0.0,0.0,0.0,0.2868208893479855,0.2861940756577355,-0.007044523587639958,-0.007125476904750058
40.0,10.5,0.0,0.0,0.0,0.0,0.0,0.0,0.0,0.0,0.0,0.0,0.005301161362901975,0.005301161362901975,0.28652616812115994,0.285903416832254,-0.0070824497390633775,-0.007163391563623333
40,11.0,1.2346331329151095,1.25688862675931,0.030258603218763863,0.1514895016017677,16.890172962750263,18.15810671798635,True,True,0.06100212574260533,0.3172057626787828,0.08907221187668478,0.08907221187668478,0.28623464152349026,0.2856159992347599,-0.0071202043710200304,-0.0072011200249585666
40,11.5,1.3063605479117737,1.3290055783590682,0.03201547801720109,0.1443146620371059,16.890172960476434,18.120506828024304,True,True,0.06454611356552033,0.30182025534614365,0.09322462202698376,0.09322462202698376,0.2859322732113627,0.2853023362747115,-0.007159616696782272,-0.00724256414348783
40,12.0,1.3156518068262921,1.3376411831317514,0.03211674400832604,0.14480062154628207,16.8901729599449,18.120074222184844,True,True,0.06500518641031942,0.3032616028716521,0.07582973089384716,0.07582973089384716,0.2856326774404169,0.2849926273420764,-0.007198924265467559,-0.00728376495579962
40,12.5,1.3680954088588213,1.3921215697900318,0.03369111448607317,0.15018141303417992,16.890172958838928,18.119122329165307,True,True,0.06759637817432942,0.31544501929063834,0.11234779615081468,0.11234779615081468,0.2853386622993989,0.28468849112912914,-0.007237749881795559,-0.007324496472581804
40,13.0,1.3891718268778657,1.414405889283505,0.03781608743117098,0.1300494561389328,16.753690570812118,17.971585972457515,True,True,0.06327337889698952,0.22561263336592877,0.13450522554632174,0.13450522554632174,0.28504303456598823,0.2843822959417043,-0.007277040255368534,-0.007365778185487424
40,13.5,1.3905675768132455,1.417734852978911,0.041200391238327354,0.13265745691684136,16.62994048014791,17.897570572642085,True,True,0.05914566619241076,0.19715133573108895,0.15351782475098524,0.15351782475098524,0.28474717608267897,0.28407899719531315,-0.0073166159873160105,-0.0074069429808344515
40,14.0,1.2911638302825876,1.3140055244294075,0.04033938223149644,0.11589362439941124,16.527466331868034,17.7868939465236,True,True,0.05206467766171069,0.1523516648638129,0.07071844316117684,0.07071844316117684,0.2844514696575234,0.28377598274653737,-0.0073564278886152495,-0.007448343202341797
40,14.5,1.1282551653366444,1.1474597156366215,0.03538388228260229,0.09760924827799188,16.51850312893388,17.751335111176775,True,True,0.04528977832033792,0.12663987270464025,0.04515966004664113,0.04515966004664113,0.28416932782386645,0.2834885899073213,-0.007394654387157802,-0.007487864069306065
40.0,15.0,0.0,0.0,0.0,0.0,0.0,0.0,0.0,0.0,0.0,0.0,0.027424323495118735,0.027424323495118735,0.28389388407318467,0.28320962127543287,-0.007432201908140934,-0.007526465676305989
40.0,15.5,0.0,0.0,0.0,0.0,0.0,0.0,0.0,0.0,0.0,0.0,0.0,0.0,0.2836279328659208,0.2829480994149862,-0.007468671181594949,-0.007562868632925412
40.0,16.0,0.0,0.0,0.0,0.0,0.0,0.0,0.0,0.0,0.0,0.0,0.0,0.0,0.2833681206744387,0.28269273833460085,-0.007504504699260604,-0.007598616632941302
40.0,16.5,0.0,0.0,0.0,0.0,0.0,0.0,0.0,0.0,0.0,0.0,0.0,0.0,0.28311087985328887,0.28243996749714795,-0.007540185563492879,-0.007634200473401116
40.0,17.0,0.0,0.0,0.0,0.0,0.0,0.0,0.0,0.0,0.0,0.0,0.0,0.0,0.28285614312846935,0.28218971676860977,-0.007575718460339056,-0.007669625300217615
40.0,17.5,0.0,0.0,0.0,0.0,0.0,0.0,0.0,0.0,0.0,0.0,0.0,0.0,0.2826038482529554,0.28194192108462746,-0.007611107569808143,-0.007704895747622978
40.0,18.0,0.0,0.0,0.0,0.0,0.0,0.0,0.0,0.0,0.0,0.0,0.0,0.0,0.2823539374843285,0.2816965199380044,-0.0076463566195316595,-0.0077400159911439285
40.0,18.5,0.0,0.0,0.0,0.0,0.0,0.0,0.0,0.0,0.0,0.0,0.0,0.0,0.28210635711918414,0.2814534569218379,-0.0076814689329539445,-0.007774989795129627
40.0,19.0,0.0,0.0,0.0,0.0,0.0,0.0,0.0,0.0,0.0,0.0,0.0,0.0,0.2818610570778933,0.2812126793218731,-0.007716447472630226,-0.007809820555424558
40.0,19.5,0.0,0.0,0.0,0.0,0.0,0.0,0.0,0.0,0.0,0.0,0.0,0.0,0.28161799053408226,0.28097413775248137,-0.007751294879142623,-0.007844511337706507
40.0,20.0,0.0,0.0,0.0,0.0,0.0,0.0,0.0,0.0,0.0,0.0,0.0,0.0,0.2813771135838747,0.28073778583135806,-0.0077860135060859904,-0.007879064911948272
40.0,20.5,0.0,0.0,0.0,0.0,0.0,0.0,0.0,0.0,0.0,0.0,0.0,0.0,0.2811383849505244,0.28050357988863267,-0.007820605451524958,-0.007913483783408127
40.0,21.0,0.0,0.0,0.0,0.0,0.0,0.0,0.0,0.0,0.0,0.0,0.0,0.0,0.2809017657205819,0.2802714787065994,-0.007855072586279039,-0.007947770220507858
40.0,21.5,0.0,0.0,0.0,0.0,0.0,0.0,0.0,0.0,0.0,0.0,0.0,0.0,0.2806672191081795,0.2800414432867232,-0.007889416579353964,-0.007981926279916963
40.0,22.0,0.0,0.0,0.0,0.0,0.0,0.0,0.0,0.0,0.0,0.0,0.0,0.0,0.28043471024440675,0.2798134366409671,-0.007923638920803848,-0.00801595382912632
40.0,22.5,0.0,0.0,0.0,0.0,0.0,0.0,0.0,0.0,0.0,0.0,0.0,0.0,0.28020420598908996,0.27958742360482336,-0.007957740942278468,-0.008049854566764044
40.0,23.0,0.0,0.0,0.0,0.0,0.0,0.0,0.0,0.0,0.0,0.0,0.0,0.0,0.2799756747625864,0.27936337066972916,-0.007991723835483848,-0.008083630040879093
40.0,23.5,0.0,0.0,0.0,0.0,0.0,0.0,0.0,0.0,0.0,0.0,0.0,0.0,0.2797490863954657,0.27914124583280775,-0.008025588668761092,-0.008117281665394153
40.0,24.0,0.0,0.0,0.0,0.0,0.0,0.0,0.0,0.0,0.0,0.0,0.0,0.0,0.27952441199418504,0.27892101846210193,-0.008059336401967198,-0.008150810734908955
41.0,0.5,0.0,0.0,0.0,0.0,0.0,0.0,0.0,0.0,0.0,0.0,0.0,0.0,0.279301623821065,0.2787026591756714,-0.008092967899824012,-0.008184218438015704
41.0,1.0,0.0,0.0,0.0,0.0,0.0,0.0,0.0,0.0,0.0,0.0,0.0,0.0,0.2790806951870592,0.2784861397330993,-0.008126483943884032,-0.008217505869272536
41.0,1.5,0.0,0.0,0.0,0.0,0.0,0.0,0.0,0.0,0.0,0.0,0.0,0.0,0.2788616003559676,0.2782714329381128,-0.008159885243248094,-0.008250674039965761
41.0,2.0,0.0,0.0,0.0,0.0,0.0,0.0,0.0,0.0,0.0,0.0,0.0,0.0,0.2786443144588882,0.27805851255115915,-0.008193172444155933,-0.008283723887778791
41.0,2.5,0.0,0.0,0.0,0.0,0.0,0.0,0.0,0.0,0.0,0.0,0.0,0.0,0.27842881341782827,0.2778473532109046,-0.008226346138559692,-0.00831665628547382
41.0,3.0,0.0,0.0,0.0,0.0,0.0,0.0,0.0,0.0,0.0,0.0,0.0,0.0,0.27821507387750966,0.27763793036372847,-0.008259406871779059,-0.008349472048682185
41.0,3.5,0.0,0.0,0.0,0.0,0.0,0.0,0.0,0.0,0.0,0.0,0.0,0.0,0.27800307314450357,0.27743022020038827,-0.008292355149327834,-0.008382171942889372
41.0,4.0,0.0,0.0,0.0,0.0,0.0,0.0,0.0,0.0,0.0,0.0,0.0,0.0,0.2777927891329205,0.2772241995991103,-0.008325191442992843,-0.008414756689693142
41.0,4.5,0.0,0.0,0.0,0.0,0.0,0.0,0.0,0.0,0.0,0.0,0.0,0.0,0.2775842003159617,0.2770198460744466,-0.00835791619623837,-0.008447226972404681
41.0,5.0,0.0,0.0,0.0,0.0,0.0,0.0,0.0,0.0,0.0,0.0,0.0,0.0,0.27737728568270975,0.2768171377312987,-0.008390529829002649,-0.008479583441056867
41.0,5.5,0.0,0.0,0.0,0.0,0.0,0.0,0.0,0.0,0.0,0.0,0.0,0.0,0.2771720246996022,0.27661605322357774,-0.00842303274194603,-0.008511826716877044
41.0,6.0,0.0,0.0,0.0,0.0,0.0,0.0,0.0,0.0,0.0,0.0,0.0,0.0,0.2769683972760872,0.2764165717170215,-0.008455425320205668,-0.008543957396276235
41.0,6.5,0.0,0.0,0.0,0.0,0.0,0.0,0.0,0.0,0.0,0.0,0.0,0.0,0.27676638373401485,0.2762186728557385,-0.008487707936705348,-0.008575976054402173
41.0,7.0,0.0,0.0,0.0,0.0,0.0,0.0,0.0,0.0,0.0,0.0,0.0,0.0,0.27656596478036233,0.2760223367320948,-0.008519880955065425,-0.008607883248298587
41.0,7.5,0.0,0.0,0.0,0.0,0.0,0.0,0.0,0.0,0.0,0.0,0.0,0.0,0.2763671214829333,0.2758275438595975,-0.00855194473215285,-0.008639679519709507
41.0,8.0,0.0,0.0,0.0,0.0,0.0,0.0,0.0,0.0,0.0,0.0,0.0,0.0,0.27616983524870886,0.27563427514846484,-0.008583899620308042,-0.008671365397563264
41.0,8.5,0.0,0.0,0.0,0.0,0.0,0.0,0.0,0.0,0.0,0.0,0.04801128701199233,0.04801128701199233,0.27597408780456184,0.2754425118836037,-0.008615745969281425,-0.00870294140016821
41.0,9.0,0.0,-0.03539552508805969,0.0,0.32070805684537784,0.0,37.0,0.0,0.0,0.0,0.5044198397477236,0.24410439944136567,0.24410439944136567,0.27577374296795654,0.2752461174926266,-0.008648486152914636,-0.008735422074642276
41.0,9.5,0.0,-0.03852107647652942,0.0,0.31767712294937256,0.0,37.0,0.0,0.0,0.0,0.3910824318183713,0.4779887205860324,0.4779887205860324,0.27554991257613715,0.27498533475086967,-0.008685239809529328,-0.008778775123201224
41,10.0,0.07593402066078862,0.07920845220440192,0.0027970106665660653,0.32173346485643856,32.62455916798995,36.92503055128299,True,True,0.0027607708078954086,0.33802564119701517,0.7178443347413729,0.7178443347413729,0.2752977633807901,0.2746965850784977,-0.008726866646108456,-0.008827076873783238
41,10.5,0.33991160830173206,0.3517946041135649,0.013958288809102052,0.3485355157054895,32.25175080680152,36.77483483807193,True,True,0.011388030980460774,0.3030817401386855,0.9114398422117116,0.9114398422117116,0.27501616086596353,0.27437818699002753,-0.008773637188842633,-0.008880705749315909
41,11.0,0.5972923309179956,0.6190422739411428,0.027184345925139998,0.3391702915417616,31.84853497514174,36.55107335793685,True,True,0.018444733102280994,0.24323265835784957,1.0445092824488327,1.0445092824488327,0.27470991731438826,0.27403311989937806,-0.008824839709462013,-0.00893926553275546
41,11.5,1.001101133675859,1.0383924093990458,0.050737945263244925,0.3015965951431673,31.426754996260204,36.02919896112848,True,True,0.02857498664214273,0.17946995250654302,1.1675935174645826,1.1675935174645826,0.27438646597704414,0.2736736889215227,-0.008879306383839646,-0.009000752834592599
41,12.0,1.3401253188500641,1.3921871537969588,0.0759646677995162,0.31804583139570475,30.935763930930943,35.509680178647926,True,True,0.03515487355373011,0.15451152382053607,1.3651488149946374,1.3651488149946374,0.27404574685290123,0.27330474470159233,-0.008937114574756325,-0.00906439237874214
41,12.5,1.5975480962522743,1.6596019295443887,0.09950936118406498,0.31056568335711565,30.490162606641476,34.84312655734579,True,True,0.03903912114445342,0.1269402887370757,1.4942486210794466,1.4942486210794466,0.27367804056115136,0.2729098967167348,-0.00900000539852084,-0.00913309492799915
41,13.0,1.9270145992274001,1.999985987107439,0.12893363659856732,0.322973767531363,30.1569792705597,34.21097675682247,True,True,0.04479745938968496,0.11674207204322935,1.5211604520224602,1.5211604520224602,0.273292269070136,0.27250090196027604,-0.009066553666392259,-0.009204914180242182
41,13.5,2.283716225509383,2.3585301334167434,0.1655115919445873,0.30982269460318473,29.743541754114645,33.062373985976606,True,True,0.050064937103826285,0.09677026810652778,1.4768910003703075,1.4768910003703075,0.2729006896405049,0.2720882325520826,-0.00913470432371031,-0.009278061740053758
41,14.0,2.5768020392205515,2.6526792900066445,0.19728945265225373,0.3234991394702569,29.442079172544773,32.28435210778301,True,True,0.054236912258426424,0.09124969639628025,1.37249001654634,1.37249001654634,0.27251144616789674,0.27168420112964903,-0.009203054191605014,-0.00935035012345196
41,14.5,2.7137516703221793,2.7915052806338196,0.20793798733043048,0.33414724336201207,29.43048809399933,32.20597028361829,True,True,0.057031982309987905,0.09401275873481703,1.2132675203525405,1.2132675203525405,0.2721327980156468,0.2712930367438715,-0.009270129032155875,-0.009420976594018726
41,15.0,2.714769045802276,2.788440836043534,0.20748331834322148,0.32714117273589566,29.410690295191944,32.13289218985982,True,True,0.056904531172364325,0.09144868541938057,0.9896036506436843,0.9896036506436843,0.27177440901815775,0.2709220966767263,-0.009334152313380834,-0.00948853938315835
41,15.5,2.7555183002938173,2.8268423289589935,0.2063444190336852,0.3254224494015307,29.48457301953472,32.09316847538084,True,True,0.058326493884111506,0.09343416925852821,0.734547587559259,0.724816267886006,0.2714458914955741,0.2705818281837093,-0.009393302584891208,-0.009551023902850932
41,16.0,2.457554121567412,2.523609614770625,0.17399284790317063,0.3021673243419132,29.721343186285043,32.76257865116004,True,True,0.0537115951873178,0.0941923597126163,0.443852397913275,0.4315924580833069,0.2711513187493823,0.2702767838247935,-0.009446721142546625,-0.009607457267130875
41,16.5,2.0784384776163916,2.1410230580877014,0.13374065568488366,0.3078085793317055,15.071613036292613,16.927065320035542,True,True,0.04822070933247611,0.11182322132621553,0.15496347899460203,0.14911322800746435,0.27089919584426125,0.27001331788943245,-0.009492729414393294,-0.009656518596005663
41.0,17.0,0.0,0.0,0.0,0.0,0.0,0.0,0.0,0.0,0.0,0.0,0.0,0.0,0.2706902855840579,0.2697863651754761,-0.009531054462851811,-0.009699020087585575
41.0,17.5,0.0,0.0,0.0,0.0,0.0,0.0,0.0,0.0,0.0,0.0,0.0,0.0,0.2705194213752987,0.26961886085469816,-0.009562536990631297,-0.009730531662196035
41.0,18.0,0.0,0.0,0.0,0.0,0.0,0.0,0.0,0.0,0.0,0.0,0.0,0.0,0.2703497994568035,0.2694525649142073,-0.009593913251791127,-0.009761936650553353
41.0,18.5,0.0,0.0,0.0,0.0,0.0,0.0,0.0,0.0,0.0,0.0,0.0,0.0,0.2701814066370273,0.26928746436857043,-0.009625183564851347,-0.009793235427995662
41.0,19.0,0.0,0.0,0.0,0.0,0.0,0.0,0.0,0.0,0.0,0.0,0.0,0.0,0.2700142299106822,0.26912354642916114,-0.00965634824974083,-0.009824428368307122
41.0,19.5,0.0,0.0,0.0,0.0,0.0,0.0,0.0,0.0,0.0,0.0,0.0,0.0,0.26984825644916866,0.2689607984941483,-0.009687407628906897,-0.009855515844900204
41.0,20.0,0.0,0.0,0.0,0.0,0.0,0.0,0.0,0.0,0.0,0.0,0.0,0.0,0.26968347359212763,0.268799208139568,-0.009718362028255684,-0.009886498231834257
41.0,20.5,0.0,0.0,0.0,0.0,0.0,0.0,0.0,0.0,0.0,0.0,0.0,0.0,0.2695198688399876,0.2686387631113647,-0.009749211777941136,-0.009917375904686589
41.0,21.0,0.0,0.0,0.0,0.0,0.0,0.0,0.0,0.0,0.0,0.0,0.0,0.0,0.2693574298473932,0.2684794513182939,-0.0097799572130189,-0.009948149241291825
41.0,21.5,0.0,0.0,0.0,0.0,0.0,0.0,0.0,0.0,0.0,0.0,0.0,0.0,0.26919614441741385,0.26832126082559304,-0.00981059867398003,-0.009978818622363241
41.0,22.0,0.0,0.0,0.0,0.0,0.0,0.0,0.0,0.0,0.0,0.0,0.0,0.0,0.26903600049644144,0.26816417984933555,-0.009841136507177658,-0.01000938443200844
41.0,22.5,0.0,0.0,0.0,0.0,0.0,0.0,0.0,0.0,0.0,0.0,0.0,0.0,0.2688769861696967,0.26800819675139137,-0.009871571065158713,-0.010039847058151082
41.0,23.0,0.0,0.0,0.0,0.0,0.0,0.0,0.0,0.0,0.0,0.0,0.0,0.0,0.2687190896572711,0.26785330003492674,-0.009901902706911485,-0.010070206892868593
41.0,23.5,0.0,0.0,0.0,0.0,0.0,0.0,0.0,0.0,0.0,0.0,0.0,0.0,0.2685622993106397,0.26769947834038077,-0.009932131798039031,-0.010100464332655342
41.0,24.0,0.0,0.0,0.0,0.0,0.0,0.0,0.0,0.0,0.0,0.0,0.0,0.0,0.26840660360958757,0.2675467204418651,-0.009962258710866893,-0.01013061977861965
42.0,0.5,0.0,0.0,0.0,0.0,0.0,0.0,0.0,0.0,0.0,0.0,0.0,0.0,0.2682519911594978,0.2673950152439369,-0.009992283824493487,-0.010160673636622233
42.0,1.0,0.0,0.0,0.0,0.0,0.0,0.0,0.0,0.0,0.0,0.0,0.0,0.0,0.26809845068895555,0.2672443517787015,-0.010022207524790043,-0.010190626317362866
42.0,1.5,0.0,0.0,0.0,0.0,0.0,0.0,0.0,0.0,0.0,0.0,0.0,0.0,0.267945971047627,0.2670947192032053,-0.010052030204356622,-0.010220478236421656
42.0,2.0,0.0,0.0,0.0,0.0,0.0,0.0,0.0,0.0,0.0,0.0,0.0,0.0,0.2677945412043778,0.26694610679708475,-0.010081752262440095,-0.010250229814260173
42.0,2.5,0.0,0.0,0.0,0.0,0.0,0.0,0.0,0.0,0.0,0.0,0.0,0.0,0.26764415024559723,0.26679850396043775,-0.010111374104819128,-0.010279881476187946
42.0,3.0,0.0,0.0,0.0,0.0,0.0,0.0,0.0,0.0,0.0,0.0,0.0,0.0,0.26749478737370086,0.26665190021189294,-0.010140896143661116,-0.010309433652298356
42.0,3.5,0.0,0.0,0.0,0.0,0.0,0.0,0.0,0.0,0.0,0.0,0.0,0.0,0.26734644190578594,0.266506285186849,-0.01017031879735491,-0.010338886777378473
42.0,4.0,0.0,0.0,0.0,0.0,0.0,0.0,0.0,0.0,0.0,0.0,0.0,0.0,0.26719910327241697,0.26636164863586337,-0.010199642490323374,-0.01036824129079616
42.0,4.5,0.0,0.0,0.0,0.0,0.0,0.0,0.0,0.0,0.0,0.0,0.0,0.0,0.2670527610165221,0.2662179804231706,-0.010228867652818954,-0.01039749763636794
42.0,5.0,0.0,0.0,0.0,0.0,0.0,0.0,0.0,0.0,0.0,0.0,0.0,0.0,0.26690740479238173,0.26607527052531194,-0.010257994720705502,-0.010426656262210626
42.0,5.5,0.0,0.0,0.0,0.0,0.0,0.0,0.0,0.0,0.0,0.0,0.0,0.0,0.2667630243646965,0.26593350902986274,-0.010287024135228614,-0.010455717620579019
42.0,6.0,0.0,0.0,0.0,0.0,0.0,0.0,0.0,0.0,0.0,0.0,0.0,0.0,0.2666196096077181,0.2657926861342408,-0.010315956342777325,-0.010484682167692676
42.0,6.5,0.0,0.0,0.0,0.0,0.0,0.0,0.0,0.0,0.0,0.0,0.0,0.0,0.2664771505044335,0.265652792144587,-0.010344791794638918,-0.010513550363553162
42.0,7.0,0.0,0.0,0.0,0.0,0.0,0.0,0.0,0.0,0.0,0.0,0.0,0.0,0.26633563714579156,0.26551381747470487,-0.010373530946748958,-0.010542322671754296
42.0,7.5,0.0,0.0,0.0,0.0,0.0,0.0,0.0,0.0,0.0,0.0,0.0,0.0,0.2661950597299627,0.2653757526450515,-0.010402174259438006,-0.010570999559286585
42.0,8.0,0.0,0.0,0.0,0.0,0.0,0.0,0.0,0.0,0.0,0.0,0.0,0.0,0.2660554085616243,0.26523858828176977,-0.010430722197176766,-0.010599581496337773
42.0,8.5,0.0,0.0,0.0,0.0,0.0,0.0,0.0,0.0,0.0,0.0,0.0,0.0,0.2659166740512656,0.2651023151157574,-0.010459175228320463,-0.010628068956090453
42.0,9.0,0.0,0.0,0.0,0.0,0.0,0.0,0.0,0.0,0.0,0.0,0.0,0.0,0.26577884671450464,0.2649669239817627,-0.01048753382485435,-0.010656462414518226
42.0,9.5,0.0,0.0,0.0,0.0,0.0,0.0,0.0,0.0,0.0,0.0,0.0,0.0,0.2656419171714154,0.2648324058175056,-0.010515798462140251,-0.010684762350181266
42.0,10.0,0.0,0.0,0.0,0.0,0.0,0.0,0.0,0.0,0.0,0.0,0.0,0.0,0.26550587614585697,0.26469875166281626,-0.010543969618666214,-0.010712969244022173
42.0,10.5,0.0,-0.011977585248216497,0.0,0.1516364964145839,0.0,18.5,0.0,0.0,0.0,0.3235992411297499,0.033965216334436145,0.03242369987259209,0.2653707144648053,0.2645659526587882,-0.01057204777579899,-0.010741083579163167
42.0,11.0,0.0,-0.013123335046045317,0.0,0.15768333140557741,0.0,18.5,0.0,0.0,0.0,0.3401392226099983,0.12000146514137924,0.11432227197857628,0.26523209477549736,0.26441054474312525,-0.010600936876680827,-0.010774096065439037
42.0,11.5,0.0,-0.01450891048448343,0.0,0.16087431032577068,0.0,18.5,0.0,0.0,0.0,0.3469134605145267,0.12052682846106316,0.11457876183191665,0.2650833725523251,0.26424476743242276,-0.010632036054529637,-0.01080944461773992
42.0,12.0,0.0,-0.015234480471139117,0.0,0.16141608914816946,0.0,18.5,0.0,0.0,0.0,0.34582100754478107,0.09122149400308409,0.08653083752794256,0.2649354358180352,0.2640793799743704,-0.010663078881514666,-0.010844847821326989
42.0,12.5,0.0,-0.015467398485417077,0.0,0.15934359861746047,0.0,18.5,0.0,0.0,0.0,0.3415878598223142,0.1017234329868876,0.0962813165700312,0.26479207721430437,0.26391831841232966,-0.010693264123904941,-0.010879457873583088
42.0,13.0,0.0,-0.015330314575269368,0.0,0.15452366417433314,0.0,18.5,0.0,0.0,0.0,0.33123979302682766,0.08057346908271881,0.07609748857025364,0.2646482153219285,0.2637570907695885,-0.010723657740214427,-0.010914235501462978
42.0,13.5,0.0,-0.014753426878932203,0.0,0.1466416151157302,0.0,18.5,0.0,0.0,0.0,0.31353048664087285,0.06920290862356124,0.06522099693220171,0.2645078750630091,0.26359985350519566,-0.010753406574381267,-0.01094828003824475
42.0,14.0,0.0,-0.013620972447851327,0.0,0.13517369618263383,0.0,18.5,0.0,0.0,0.0,0.2880861588377894,0.05101087757860229,0.04797973818349273,0.26436980175145225,0.26344580260177436,-0.010782770877105406,-0.010981757450982413
42.0,14.5,0.0,0.0,0.0,0.0,0.0,0.0,0.0,0.0,0.0,0.0,0.021799263374202748,0.02046629590716238,0.26423485629479576,0.26329619802085913,-0.010811562335120883,-0.011014385416465967
42.0,15.0,0.0,0.0,0.0,0.0,0.0,0.0,0.0,0.0,0.0,0.0,0.04504909667346014,0.042299670299442746,0.2641044346750373,0.26316810496628157,-0.010839475687471307,-0.011042413650879414
42.0,15.5,0.0,0.0,0.0,0.0,0.0,0.0,0.0,0.0,0.0,0.0,0.025123559977336188,0.023593105453203547,0.26397184340603874,0.26303800158763063,-0.01086794146212054,-0.011070968801943743
42.0,16.0,0.0,0.0,0.0,0.0,0.0,0.0,0.0,0.0,0.0,0.0,0.01661256425949916,0.015602468176706585,0.2638425763636265,0.2629110462083229,-0.010895779351564707,-0.011098917881644191
42.0,16.5,0.0,0.0,0.0,0.0,0.0,0.0,0.0,0.0,0.0,0.0,0.0,0.0,0.26371517097405694,0.2627858655660128,-0.010923299502483667,-0.011126558607332523
42.0,17.0,0.0,0.0,0.0,0.0,0.0,0.0,0.0,0.0,0.0,0.0,0.0,0.0,0.26359065174994717,0.2626634220469846,-0.010950276290443208,-0.011153674339906746
42.0,17.5,0.0,0.0,0.0,0.0,0.0,0.0,0.0,0.0,0.0,0.0,0.0,0.0,0.2634668939063837,0.2625417198650471,-0.010977166817059668,-0.011180703956482161
42.0,18.0,0.0,0.0,0.0,0.0,0.0,0.0,0.0,0.0,0.0,0.0,0.0,0.0,0.26334388973625983,0.2624207515894429,-0.01100397158048568,-0.011207647950980726
42.0,18.5,0.0,0.0,0.0,0.0,0.0,0.0,0.0,0.0,0.0,0.0,0.0,0.0,0.2632216316240358,0.2623005098779065,-0.011030691078459333,-0.011234506816642096
42.0,19.0,0.0,0.0,0.0,0.0,0.0,0.0,0.0,0.0,0.0,0.0,0.0,0.0,0.2631001120448597,0.26218098747573115,-0.011057325808165265,-0.011261281045909236
42.0,19.5,0.0,0.0,0.0,0.0,0.0,0.0,0.0,0.0,0.0,0.0,0.0,0.0,0.26297932356368425,0.26206217721484,-0.011083876266101014,-0.011287971130317632
42.0,20.0,0.0,0.0,0.0,0.0,0.0,0.0,0.0,0.0,0.0,0.0,0.0,0.0,0.26285925883437966,0.26194407201286,-0.011110342947948475,-0.011314577560388558
42.0,20.5,0.0,0.0,0.0,0.0,0.0,0.0,0.0,0.0,0.0,0.0,0.0,0.0,0.26273991059884266,0.2618266648721994,-0.011136726348450879,-0.011341100825526102
42.0,21.0,0.0,0.0,0.0,0.0,0.0,0.0,0.0,0.0,0.0,0.0,0.0,0.0,0.26262127168610333,0.26170994887912746,-0.0111630269612945,-0.011367541413918214
42.0,21.5,0.0,0.0,0.0,0.0,0.0,0.0,0.0,0.0,0.0,0.0,0.0,0.0,0.262503335011428,0.2615939172028579,-0.011189245278995712,-0.0113938998124414
42.0,22.0,0.0,0.0,0.0,0.0,0.0,0.0,0.0,0.0,0.0,0.0,0.0,0.0,0.26238609357542025,0.2614785630946351,-0.011215381792792944,-0.01142017650656941
42.0,22.5,0.0,0.0,0.0,0.0,0.0,0.0,0.0,0.0,0.0,0.0,0.0,0.0,0.2622695404631212,0.261363879886823,-0.011241436992543128,-0.011446371980285693
42.0,23.0,0.0,0.0,0.0,0.0,0.0,0.0,0.0,0.0,0.0,0.0,0.0,0.0,0.2621536688431061,0.26124986099199804,-0.011267411366623478,-0.011472486715999467
42.0,23.5,0.0,0.0,0.0,0.0,0.0,0.0,0.0,0.0,0.0,0.0,0.0,0.0,0.26203847196658264,0.2611364999020442,-0.011293305401837221,-0.01149852119446561
42.0,24.0,0.0,0.0,0.0,0.0,0.0,0.0,0.0,0.0,0.0,0.0,0.0,0.0,0.26192394316648665,0.2610237901872527,-0.011319119583324436,-0.011524475894708057
43.0,0.5,0.0,0.0,0.0,0.0,0.0,0.0,0.0,0.0,0.0,0.0,0.0,0.0,0.2618100758565794,0.2609117254954246,-0.011344854394476751,-0.011550351293946798
43.0,1.0,0.0,0.0,0.0,0.0,0.0,0.0,0.0,0.0,0.0,0.0,0.0,0.0,0.2616968635305441,0.26080029955097744,-0.01137051031685674,-0.011576147867528308
43.0,1.5,0.0,0.0,0.0,0.0,0.0,0.0,0.0,0.0,0.0,0.0,0.0,0.0,0.2615842997610846,0.26068950615405595,-0.01139608783012118,-0.011601866088859413
43.0,2.0,0.0,0.0,0.0,0.0,0.0,0.0,0.0,0.0,0.0,0.0,0.0,0.0,0.2614723781990246,0.2605793391796465,-0.011421587411948384,-0.011627506429344455
43.0,2.5,0.0,0.0,0.0,0.0,0.0,0.0,0.0,0.0,0.0,0.0,0.0,0.0,0.2613610925724089,0.26046979257669667,-0.011447009537969606,-0.011653069358325661
43.0,3.0,0.0,0.0,0.0,0.0,0.0,0.0,0.0,0.0,0.0,0.0,0.0,0.0,0.2612504366856075,0.26036086036723904,-0.011472354681703925,-0.0116785553430267
43.0,3.5,0.0,0.0,0.0,0.0,0.0,0.0,0.0,0.0,0.0,0.0,0.0,0.0,0.26114040441842123,0.2602525366455195,-0.0114976233144971,-0.011703964848499334
43.0,4.0,0.0,0.0,0.0,0.0,0.0,0.0,0.0,0.0,0.0,0.0,0.0,0.0,0.26103098972519184,0.26014481557713126,-0.011522815905463718,-0.011729298337572948
43.0,4.5,0.0,0.0,0.0,0.0,0.0,0.0,0.0,0.0,0.0,0.0,0.0,0.0,0.26092218663391437,0.26003769139815375,-0.011547932921432918,-0.01175455627080702
43.0,5.0,0.0,0.0,0.0,0.0,0.0,0.0,0.0,0.0,0.0,0.0,0.0,0.0,0.2608139892453539,0.25993115841429665,-0.011572974826897373,-0.011779739106446497
43.0,5.5,0.0,0.0,0.0,0.0,0.0,0.0,0.0,0.0,0.0,0.0,0.0,0.0,0.2607063917321668,0.25982521100004996,-0.011597942083965395,-0.011804847300379756
43.0,6.0,0.0,0.0,0.0,0.0,0.0,0.0,0.0,0.0,0.0,0.0,0.0,0.0,0.2605993883380256,0.25971984359784,-0.01162283515231622,-0.011829881306099167
43.0,6.5,0.0,0.0,0.0,0.0,0.0,0.0,0.0,0.0,0.0,0.0,0.0,0.0,0.26049297337674954,0.25961505071719093,-0.011647654489158226,-0.011854841574664423
43.0,7.0,0.0,0.0,0.0,0.0,0.0,0.0,0.0,0.0,0.0,0.0,0.0,0.0,0.2603871412314399,0.2595108269338926,-0.01167240054918994,-0.011879728554668095
43.0,7.5,0.0,0.0,0.0,0.0,0.0,0.0,0.0,0.0,0.0,0.0,0.0,0.0,0.2602818863536207,0.2594071668891748,-0.011697073784563899,-0.011904542692203776
43.0,8.0,0.0,0.0,0.0,0.0,0.0,0.0,0.0,0.0,0.0,0.0,0.0,0.0,0.2601772032623853,0.25930406528888844,-0.011721674644853066,-0.01192928443083625
43.0,8.5,0.0,0.0,0.0,0.0,0.0,0.0,0.0,0.0,0.0,0.0,0.0,0.0,0.26007308654354855,0.25920151690269216,-0.011746203577019923,-0.011953954211574249
43.0,9.0,0.0,0.0,0.0,0.0,0.0,0.0,0.0,0.0,0.0,0.0,0.0,0.0,0.25996953084880575,0.25909951656324737,-0.011770661025387796,-0.011978552472844954
43.0,9.5,0.0,0.0,0.0,0.0,0.0,0.0,0.0,0.0,0.0,0.0,0.0,0.0,0.25986653089489753,0.25899805916541857,-0.011795047431614745,-0.012003079650470894
43.0,10.0,0.0,0.0,0.0,0.0,0.0,0.0,0.0,0.0,0.0,0.0,0.0,0.0,0.25976408146278135,0.2588971396654817,-0.011819363234669571,-0.012027536177648677
43.0,10.5,0.0,-0.010892535627261122,0.0,0.15389738586887253,0.0,18.5,0.0,0.0,0.0,0.32701531985463367,0.0,0.0,0.25966217739681013,0.25879675308033995,-0.011843608870810061,-0.012051922484929492
43.0,11.0,0.0,-0.011710056694233162,0.0,0.15997700377735624,0.0,18.5,0.0,0.0,0.0,0.3470046882973214,0.0,0.0,0.2595608136039175,0.2586772829139276,-0.011867784773563306,-0.012081021469367993
43.0,11.5,0.0,-0.011907188867540601,0.0,0.16318847239938353,0.0,18.5,0.0,0.0,0.0,0.3513427298295495,0.0,0.0,0.2594599850528102,0.2585575611322388,-0.011891891373707946,-0.012110265753703336
43.0,12.0,0.0,-0.01202397889662681,0.0,0.163735508299798,0.0,18.5,0.0,0.0,0.0,0.3521079403626256,0.0,0.0,0.25935968677316845,0.25843794842567913,-0.011915929099258378,-0.012139567663617692
43.0,12.5,0.0,-0.011833388011880457,0.0,0.16165263161247156,0.0,18.5,0.0,0.0,0.0,0.3462889598231788,0.0,0.0,0.25925991385485264,0.2583187795820911,-0.011939898375450833,-0.012168844881684607
43.0,13.0,0.0,-0.011387518159676103,0.0,0.15680865254880366,0.0,18.5,0.0,0.0,0.0,0.33433335395305236,0.0,0.0,0.25916066144711847,0.2582003850472212,-0.01196379962473107,-0.012198015216363064
43.0,13.5,0.0,-0.010812533314950992,0.0,0.14889376140055116,0.0,18.5,0.0,0.0,0.0,0.31781256787669754,0.0,0.0,0.2590619247578394,0.2580831120408952,-0.011987633266743854,-0.012226991396668684
43.0,14.0,0.0,-0.009961628077161751,0.0,0.13739355101933126,0.0,18.5,0.0,0.0,0.0,0.2917459194081804,0.0,0.0,0.25896369905273686,0.25796734731835264,-0.01201139971832404,-0.012255675377436898
43.0,14.5,0.0,0.0,0.0,0.0,0.0,0.0,0.0,0.0,0.0,0.0,0.0,0.0,0.2588659796546184,0.25785354324197307,-0.012035099393489094,-0.012283951736760368
43.0,15.0,0.0,0.0,0.0,0.0,0.0,0.0,0.0,0.0,0.0,0.0,0.0,0.0,0.2587687619426235,0.25775773828030507,-0.012058732703433231,-0.01230781622016044
43.0,15.5,0.0,0.0,0.0,0.0,0.0,0.0,0.0,0.0,0.0,0.0,0.0,0.0,0.2586720413514783,0.2576624195728892,-0.012082300056522634,-0.012331614420106189
43.0,16.0,0.0,0.0,0.0,0.0,0.0,0.0,0.0,0.0,0.0,0.0,0.0,0.0,0.2585758133707569,0.25756758275513963,-0.012105801858292525,-0.012355346738129942
43.0,16.5,0.0,0.0,0.0,0.0,0.0,0.0,0.0,0.0,0.0,0.0,0.0,0.0,0.2584800735441522,0.25747322351448515,-0.012129238511444929,-0.012379013572947038
43.0,17.0,0.0,0.0,0.0,0.0,0.0,0.0,0.0,0.0,0.0,0.0,0.0,0.0,0.2583848174687539,0.25737933758966386,-0.012152610415848095,-0.012402615320459772
43.0,17.5,0.0,0.0,0.0,0.0,0.0,0.0,0.0,0.0,0.0,0.0,0.0,0.0,0.25829004079433543,0.2572859207700268,-0.01217591796853679,-0.012426152373762205
43.0,18.0,0.0,0.0,0.0,0.0,0.0,0.0,0.0,0.0,0.0,0.0,0.0,0.0,0.25819573922264843,0.2571929688948508,-0.0121991615637139,-0.012449625123145699
43.0,18.5,0.0,0.0,0.0,0.0,0.0,0.0,0.0,0.0,0.0,0.0,0.0,0.0,0.25810190850672604,0.25710047785266066,-0.012222341592752872,-0.012473033956105177
43.0,19.0,0.0,0.0,0.0,0.0,0.0,0.0,0.0,0.0,0.0,0.0,0.0,0.0,0.2580085444501939,0.25700844358056,-0.012245458444201347,-0.012496379257346051
43.0,19.5,0.0,0.0,0.0,0.0,0.0,0.0,0.0,0.0,0.0,0.0,0.0,0.0,0.2579156429065897,0.2569168620635717,-0.012268512503785628,-0.012519661408791793
43.0,20.0,0.0,0.0,0.0,0.0,0.0,0.0,0.0,0.0,0.0,0.0,0.0,0.0,0.2578231997786913,0.2568257293339861,-0.01229150415441599,-0.012542880789592339
43.0,20.5,0.0,0.0,0.0,0.0,0.0,0.0,0.0,0.0,0.0,0.0,0.0,0.0,0.2577312110178522,0.25673504147071907,-0.01231443377619299,-0.012566037776132766
43.0,21.0,0.0,0.0,0.0,0.0,0.0,0.0,0.0,0.0,0.0,0.0,0.0,0.0,0.2576396726233458,0.25664479459867806,-0.012337301746414574,-0.012589132742042819
43.0,21.5,0.0,0.0,0.0,0.0,0.0,0.0,0.0,0.0,0.0,0.0,0.0,0.0,0.2575485806417182,0.2565549848881372,-0.01236010843958373,-0.01261216605820685
43.0,22.0,0.0,0.0,0.0,0.0,0.0,0.0,0.0,0.0,0.0,0.0,0.0,0.0,0.25745793116614835,0.2564656085541207,-0.012382854227417146,-0.012635138092774294
43.0,22.5,0.0,0.0,0.0,0.0,0.0,0.0,0.0,0.0,0.0,0.0,0.0,0.0,0.2573677203358165,0.2563766618557945,-0.012405539478854475,-0.012658049211170707
43.0,23.0,0.0,0.0,0.0,0.0,0.0,0.0,0.0,0.0,0.0,0.0,0.0,0.0,0.2572779443352818,0.2562881410958665,-0.012428164560068065,-0.01268089977610923
43.0,23.5,0.0,0.0,0.0,0.0,0.0,0.0,0.0,0.0,0.0,0.0,0.0,0.0,0.2571885993938663,0.25620004261999557,-0.012450729834473595,-0.012703690147602333
43.0,24.0,0.0,0.0,0.0,0.0,0.0,0.0,0.0,0.0,0.0,0.0,0.0,0.0,0.2570996817850483,0.25611236281620736,-0.012473235662741078,-0.012726420682974379
44.0,0.5,0.0,0.0,0.0,0.0,0.0,0.0,0.0,0.0,0.0,0.0,0.0,0.0,0.25701118782586296,0.2560250981143198,-0.012495682402806524,-0.01274909173687414
44.0,1.0,0.0,0.0,0.0,0.0,0.0,0.0,0.0,0.0,0.0,0.0,0.0,0.0,0.2569231138763112,0.2559382449853753,-0.012518070409884025,-0.012771703661288002
44.0,1.5,0.0,0.0,0.0,0.0,0.0,0.0,0.0,0.0,0.0,0.0,0.0,0.0,0.2568354563387763,0.2558517999410819,-0.012540400036478425,-0.012794256805553328
44.0,2.0,0.0,0.0,0.0,0.0,0.0,0.0,0.0,0.0,0.0,0.0,0.0,0.0,0.2567482116574482,0.25576575953326147,-0.012562671632398366,-0.012816751516372307
44.0,2.5,0.0,0.0,0.0,0.0,0.0,0.0,0.0,0.0,0.0,0.0,0.0,0.0,0.256661376317756,0.25568012035330595,-0.012584885544769808,-0.012839188137826016
44.0,3.0,0.0,0.0,0.0,0.0,0.0,0.0,0.0,0.0,0.0,0.0,0.0,0.0,0.25657494684580734,0.25559487903164146,-0.012607042118049956,-0.012861567011388783
44.0,3.5,0.0,0.0,0.0,0.0,0.0,0.0,0.0,0.0,0.0,0.0,0.0,0.0,0.2564889198078366,0.2555100322371996,-0.012629141694041453,-0.012883888475942901
44.0,4.0,0.0,0.0,0.0,0.0,0.0,0.0,0.0,0.0,0.0,0.0,0.0,0.0,0.25640329180965943,0.25542557667689636,-0.012651184611907163,-0.012906152867793489
44.0,4.5,0.0,0.0,0.0,0.0,0.0,0.0,0.0,0.0,0.0,0.0,0.0,0.0,0.25631805949613556,0.2553415090951187,-0.012673171208184952,-0.012928360520683664
44.0,5.0,0.0,0.0,0.0,0.0,0.0,0.0,0.0,0.0,0.0,0.0,0.0,0.0,0.25623321955063877,0.255257826273218,-0.012695101816803138,-0.012950511765809957
44.0,5.5,0.0,0.0,0.0,0.0,0.0,0.0,0.0,0.0,0.0,0.0,0.0,0.0,0.25614876869453435,0.2551745250290109,-0.012716976769095828,-0.012972606931837867
44.0,6.0,0.0,0.0,0.0,0.0,0.0,0.0,0.0,0.0,0.0,0.0,0.0,0.0,0.25606470368666356,0.25509160221628724,-0.012738796393818948,-0.012994646344917614
44.0,6.5,0.0,0.0,0.0,0.0,0.0,0.0,0.0,0.0,0.0,0.0,0.0,0.0,0.2559810213228357,0.25500905472432533,-0.012760561017166126,-0.013016630328700173
44.0,7.0,0.0,0.0,0.0,0.0,0.0,0.0,0.0,0.0,0.0,0.0,0.0,0.0,0.25589771843532694,0.25492687947741377,-0.012782270962785036,-0.013038559204353262
44.0,7.5,0.0,0.0,0.0,0.0,0.0,0.0,0.0,0.0,0.0,0.0,0.0,0.0,0.25581479189238643,0.25484507343438006,-0.01280392655179388,-0.0130604332905778
44.0,8.0,0.0,0.0,0.0,0.0,0.0,0.0,0.0,0.0,0.0,0.0,0.0,0.0,0.2557322385977495,0.2547636335881266,-0.012825528102798038,-0.013082252903624107
44.0,8.5,0.0,-0.016525274002168668,0.0,0.3313976230805622,0.0,37.0,0.0,0.0,0.0,0.7092985832081311,0.0,0.0,0.25565005549015746,0.25468255696517256,-0.012847075931906907,-0.013104018357308598
44.0,9.0,0.0,-0.017946160599709667,0.0,0.33316064884081376,0.0,37.0,0.0,0.0,0.0,0.7098717499572904,0.0,0.0,0.2555682395428843,0.25455960970243624,-0.012868570352750899,-0.013137106589186872
44.0,9.5,0.0,-0.02072601518170853,0.0,0.3345040747411766,0.0,37.0,0.0,0.0,0.0,0.7109778776429012,0.0,0.0,0.2554867877632705,0.25443679514780454,-0.01289001167649859,-0.01317025853929795
44.0,10.0,0.0,-0.02218963139428433,0.0,0.33549585496048884,0.0,37.0,0.0,0.0,0.0,0.5674755533261734,0.0,0.0,0.2554056971922629,0.25431416389674677,-0.012911400211873978,-0.013203460512805949
44.0,10.5,0.0,-0.02507485290191765,0.0,0.3361972484553219,0.0,37.0,0.0,0.0,0.0,0.4357201252542313,0.0,0.0,0.2553249649039618,0.25419175791703646,-0.012932736265173854,-0.013236700996054413
44.0,11.0,0.0,-0.02724866451877371,0.0,0.33665321912109414,0.0,37.0,0.0,0.0,0.0,0.3326387092110267,0.0,0.0,0.2552445880051741,0.2540696114015555,-0.012954020140285254,-0.013269970458342205
44.0,11.5,0.0,-0.029170706124105977,0.0,0.3368928057731844,0.0,37.0,0.0,0.0,0.0,0.28208604379477553,0.0,0.0,0.255164563634973,0.2539477528444342,-0.012975252138703052,-0.013303260815099083
44.0,12.0,0.0,-0.03170903366245515,0.0,0.33693112036297906,0.0,37.0,0.0,0.0,0.0,0.2378950641346143,0.0,0.0,0.25508488896426434,0.2538262070700452,-0.012996432559547588,-0.013336564894026572
44.0,12.5,0.0,-0.034989586831932304,0.0,0.33677072862692214,0.0,37.0,0.0,0.0,0.0,0.1866631277184541,0.0,0.0,0.2550055611953587,0.2537049970073619,-0.013017561699582384,-0.013369875961504697
44.0,13.0,0.0,-0.03845572954826227,0.0,0.33640190182906354,0.0,37.0,0.0,0.0,0.0,0.15949235951078905,0.0,0.0,0.2549265775615502,0.25358414528837864,-0.013038639853231837,-0.013403187288946218
44.0,13.5,0.0,-0.041524773235634554,0.0,0.3358016875642505,0.0,37.0,0.0,0.0,0.0,0.14391997420657118,0.0,0.0,0.25484793532670086,0.2534636758144538,-0.013059667312599074,-0.013436491720246024
44,14.0,0.08743908794261163,0.09342326812665158,0.005528909421129255,0.34423425666313157,30.356666091381328,36.85117048652976,True,True,0.0020937997411596652,0.13448269304697127,0.0,0.0,0.25476963178483164,0.25334361544106543,-0.013080644367483785,-0.013469781198708767
44,14.5,0.2664331030223165,0.2810598391181212,0.017444628966138048,0.3705514013911956,30.16584862976032,36.62817150476269,True,True,0.0062018265899336416,0.13506612284263814,0.0,0.0,0.2546909596953817,0.25322281049344214,-0.013101760596360437,-0.013503376359047026
44,15.0,0.4027428264006424,0.4239540509541028,0.02691057048524689,0.348488583272387,30.053026599219415,36.405341817780695,True,True,0.009222491592364648,0.12201055358290695,0.0,0.0,0.2546111025224701,0.2530989793167458,-0.01312323646196639,-0.013537916764921377
44,15.5,0.4439455186377097,0.46710311748379885,0.029781252684428803,0.3449359775802568,30.01388276600525,36.331145552492046,True,True,0.010109039125001018,0.11918047106841118,0.0,0.0,0.2545303698302397,0.25297828455909466,-0.013144990428228039,-0.013571683673891813
44,16.0,0.3714234354457794,0.39150265302971454,0.025103456681631754,0.38404498741474247,29.956326905111624,36.47958245344568,True,True,0.008388532837469282,0.13028938850467003,0.0,0.0,0.25444959948164986,0.2528583648949069,-0.013166797550437275,-0.013605333165529736
44,16.5,0.24093704833468704,0.2542481462013441,0.015687860403098226,0.3399949346238862,15.056956226875249,18.31296029361418,True,True,0.0055660511252042955,0.12237247301957951,0.0,0.0,0.25436975083920343,0.2527337813454036,-0.013188398204248344,-0.013640396678261554
44.0,17.0,0.0,0.0,0.0,0.0,0.0,0.0,0.0,0.0,0.0,0.0,0.0,0.0,0.25429142512071534,0.2526151286385655,-0.01320962791057973,-0.01367389112547737
44.0,17.5,0.0,0.0,0.0,0.0,0.0,0.0,0.0,0.0,0.0,0.0,0.0,0.0,0.25421541911247525,0.2525401174190937,-0.013230267811158616,-0.01369511658751468
44.0,18.0,0.0,0.0,0.0,0.0,0.0,0.0,0.0,0.0,0.0,0.0,0.0,0.0,0.2541397311880072,0.2524654187747798,-0.013250859529055371,-0.013716292624505012
44.0,18.5,0.0,0.0,0.0,0.0,0.0,0.0,0.0,0.0,0.0,0.0,0.0,0.0,0.25406435889536316,0.2523910303215784,-0.013271403334206974,-0.013737419508085784
44.0,19.0,0.0,0.0,0.0,0.0,0.0,0.0,0.0,0.0,0.0,0.0,0.0,0.0,0.2539892998089929,0.25231694970110874,-0.013291899494419765,-0.013758497507707771
44.0,19.5,0.0,0.0,0.0,0.0,0.0,0.0,0.0,0.0,0.0,0.0,0.0,0.0,0.25391455152939446,0.25224317458030104,-0.013312348275387416,-0.013779526890657895
44.0,20.0,0.0,0.0,0.0,0.0,0.0,0.0,0.0,0.0,0.0,0.0,0.0,0.0,0.2538401116827703,0.2521697026510491,-0.013332749940708802,-0.013800507922081583
44.0,20.5,0.0,0.0,0.0,0.0,0.0,0.0,0.0,0.0,0.0,0.0,0.0,0.0,0.25376597792068806,0.252096531629869,-0.013353104751905905,-0.013821440865004803
44.0,21.0,0.0,0.0,0.0,0.0,0.0,0.0,0.0,0.0,0.0,0.0,0.0,0.0,0.2536921479197466,0.25202365925756326,-0.013373412968441438,-0.013842325980355836
44.0,21.5,0.0,0.0,0.0,0.0,0.0,0.0,0.0,0.0,0.0,0.0,0.0,0.0,0.25361861938124713,0.25195108329889077,-0.013393674847736597,-0.01386316352698682
44.0,22.0,0.0,0.0,0.0,0.0,0.0,0.0,0.0,0.0,0.0,0.0,0.0,0.0,0.25354539003086873,0.2518788015422424,-0.013413890645188645,-0.013883953761694831
44.0,22.5,0.0,0.0,0.0,0.0,0.0,0.0,0.0,0.0,0.0,0.0,0.0,0.0,0.2534724576183493,0.25180681179932185,-0.013434060614188358,-0.013904696939242811
44.0,23.0,0.0,0.0,0.0,0.0,0.0,0.0,0.0,0.0,0.0,0.0,0.0,0.0,0.2533998199171707,0.25173511190483205,-0.013454185006137476,-0.013925393312380088
44.0,23.5,0.0,0.0,0.0,0.0,0.0,0.0,0.0,0.0,0.0,0.0,0.0,0.0,0.2533274747242486,0.25166369971616626,-0.013474264070466058,-0.013946043131862864
44.0,24.0,0.0,0.0,0.0,0.0,0.0,0.0,0.0,0.0,0.0,0.0,0.0,0.0,0.25325541985962763,0.2515925731131048,-0.013494298054649589,-0.013966646646474156
45.0,0.5,0.0,0.0,0.0,0.0,0.0,0.0,0.0,0.0,0.0,0.0,0.0,0.0,0.2531836531661799,0.25152172999751665,-0.013514287204226195,-0.01398720410304359
45.0,1.0,0.0,0.0,0.0,0.0,0.0,0.0,0.0,0.0,0.0,0.0,0.0,0.0,0.253112172509309,0.2514511682930656,-0.013534231762813634,-0.014007715746466995
45.0,1.5,0.0,0.0,0.0,0.0,0.0,0.0,0.0,0.0,0.0,0.0,0.0,0.0,0.2530409757766576,0.25138088594492164,-0.01355413197212621,-0.014028181819725666
45.0,2.0,0.0,0.0,0.0,0.0,0.0,0.0,0.0,0.0,0.0,0.0,0.0,0.0,0.2529700608778201,0.2513108809194766,-0.01357398807199153,-0.014048602563905424
45.0,2.5,0.0,0.0,0.0,0.0,0.0,0.0,0.0,0.0,0.0,0.0,0.0,0.0,0.25289942574405866,0.25124115120406487,-0.013593800300367363,-0.01406897821821542
45.0,3.0,0.0,0.0,0.0,0.0,0.0,0.0,0.0,0.0,0.0,0.0,0.0,0.0,0.25282906832802426,0.2511716948066882,-0.013613568893358106,-0.014089309020006623
45.0,3.5,0.0,0.0,0.0,0.0,0.0,0.0,0.0,0.0,0.0,0.0,0.0,0.0,0.25275898660348145,0.2511025097557451,-0.013633294085231245,-0.014109595204790265
45.0,4.0,0.0,0.0,0.0,0.0,0.0,0.0,0.0,0.0,0.0,0.0,0.0,0.0,0.25268917856503703,0.2510335940997646,-0.013652976108433844,-0.014129837006255882
45.0,4.5,0.0,0.0,0.0,0.0,0.0,0.0,0.0,0.0,0.0,0.0,0.0,0.0,0.25261964222787303,0.25096494590714413,-0.013672615193608711,-0.014150034656289175
45.0,5.0,0.0,0.0,0.0,0.0,0.0,0.0,0.0,0.0,0.0,0.0,0.0,0.0,0.2525503756274835,0.2508965632658916,-0.013692211569610594,-0.014170188384989794
45.0,5.5,0.0,0.0,0.0,0.0,0.0,0.0,0.0,0.0,0.0,0.0,0.0,0.0,0.252481376819415,0.2508284442833718,-0.013711765463522187,-0.014190298420688563
45.0,6.0,0.0,0.0,0.0,0.0,0.0,0.0,0.0,0.0,0.0,0.0,0.0,0.0,0.25241264387901136,0.2507605870860564,-0.013731277100670028,-0.014210364989964953
45.0,6.5,0.0,0.0,0.0,0.0,0.0,0.0,0.0,0.0,0.0,0.0,0.0,0.0,0.25234417490116146,0.250692989819278,-0.013750746704640321,-0.01423038831766396
45.0,7.0,0.0,0.0,0.0,0.0,0.0,0.0,0.0,0.0,0.0,0.0,0.0,0.0,0.25227596800005153,0.2506256506469885,-0.013770174497294571,-0.014250368626912943
45.0,7.5,0.0,0.0,0.0,0.0,0.0,0.0,0.0,0.0,0.0,0.0,0.0,0.0,0.2522080213089202,0.25055856775152024,-0.01378956069878524,-0.01427030613913832
45.0,8.0,0.0,0.0,0.0,0.0,0.0,0.0,0.0,0.0,0.0,0.0,0.0,0.0,0.2521403329798183,0.25049173933335195,-0.013808905527571008,-0.014290201074081941
45.0,8.5,0.0,-0.01587525598482469,0.0,0.3525421803504004,0.0,0.0,0.0,0.0,0.0,0.3603663777463478,0.0,0.0,0.2520729011833706,0.2504251636108777,-0.013828209200432238,-0.014310053649817253
45.0,9.0,0.0,-0.017853996051785503,0.0,0.36576946120805304,0.0,37.0,0.0,0.0,0.0,0.30770640510637626,0.0,0.0,0.2520057241085427,0.2503139133875462,-0.013847471932486062,-0.014343301343595441
45.0,9.5,0.0,-0.020059046732336012,0.0,0.3677720498332464,0.0,37.0,0.0,0.0,0.0,0.2616964659726667,0.0,0.0,0.2519387999624099,0.25020122676027057,-0.013866693937201552,-0.01437707218481604
45.0,10.0,0.0,-0.023140525890064913,0.0,0.369252922662892,0.0,37.0,0.0,0.0,0.0,0.21313204114641088,0.0,0.0,0.25187212696993055,0.25008853239365675,-0.013885875426414566,-0.014410940134591684
45.0,10.5,0.0,-0.02760253678022292,0.0,0.3703018360260741,0.0,37.0,0.0,0.0,0.0,0.17216343713528737,0.0,0.0,0.25180570337372166,0.24997589505923382,-0.013905016610342675,-0.014444885973662528
45.0,11.0,0.0,-0.03207405529382672,0.0,0.3709847374428882,0.0,37.0,0.0,0.0,0.0,0.14765870259320107,0.0,0.0,0.2517395274338388,0.2498633681074726,-0.01392411769759974,-0.014478893720989228
45.0,11.5,0.0,-0.035780172131152935,0.0,0.37134428857169316,0.0,37.0,0.0,0.0,0.0,0.13010886178006875,0.0,0.0,0.2516735974275585,0.2497509965016102,-0.013943178895210588,-0.014512949760105696
45.0,12.0,0.0,-0.040674893795557554,0.0,0.371402717885932,0.0,37.0,0.0,0.0,0.0,0.11354325173297465,0.0,0.0,0.2516079116491639,0.2496388197848362,-0.013962200408625473,-0.014547041970790023
45,12.5,0.23296656348983408,0.24829752077851536,0.0184631346531496,0.3692100193622419,29.229401250030616,36.55425230670634,True,True,0.004769304967975122,0.09784753351951896,0.0,0.0,0.25154246840973377,0.24952687468395557,-0.013981182441734309,-0.014581158956863996
45,13.0,0.5517347388294759,0.5849799356786783,0.04646833871272554,0.343590892826329,28.904164565530035,35.81273067545705,True,True,0.0108413857757586,0.08194299135245192,0.0,0.0,0.25147491322822574,0.2494154464365351,-0.014000809312138996,-0.014615213141255324
45,13.5,0.8853592804370349,0.9350562650922962,0.07676905210622845,0.3366470873029742,28.738863403791,34.95995284460965,True,True,0.01704888282825731,0.0762240199610687,0.0,0.0,0.25140402847618887,0.24930751872353,-0.014021438831041164,-0.014648287888846723
45,14.0,1.187760030497497,1.2508434724816788,0.10606088714707404,0.34715136428768223,28.567267764519674,34.25555941398302,True,True,0.022406632915504085,0.07452923895983102,0.0,0.0,0.2513295199906996,0.2492007100983529,-0.014043162015032556,-0.014681107524518814
45,14.5,0.989699381875858,1.0443386116672377,0.08633200566747996,0.34734658286069703,28.673737857584292,34.738086301148954,True,True,0.018909036795012463,0.07706862619301091,0.0,0.0,0.25125151471215,0.24909279552033284,-0.014065947680708008,-0.014714356008724585
45,15.0,1.424394217818771,1.4946242071888116,0.13007662042937174,0.3420792714496227,28.42957696215536,33.551954171816654,True,True,0.026438946570249137,0.07042136946809663,0.0,0.0,0.2511762578790779,0.2489850871339371,-0.014087972274799965,-0.014747630462631474
45,15.5,1.4595905208690976,1.5302634080098678,0.13118476263674908,0.34988754039368647,28.481882696486544,33.587646314217196,True,True,0.02725860407864045,0.07327245997085653,0.0,0.0,0.2510956592945542,0.24887827949213184,-0.01411160576462497,-0.014780715217593691
45,16.0,1.414587525544558,1.482067302077034,0.12366310666787707,0.3408293020731796,28.616409717757847,33.77361692825727,True,True,0.026842065584631553,0.07442041505042929,0.0,0.0,0.2510151506661423,0.24877070479975696,-0.014135260051074624,-0.014814127001835794
45,16.5,1.4119232148421075,1.4785903838005445,0.11559909608788792,0.3526773327457498,28.952771783004493,34.179226684214385,True,True,0.027911333727465116,0.08581672517173515,0.0,0.0,0.2509358301513499,0.24866451088009534,-0.014158611472699268,-0.01484719823027348
45.0,17.0,0.0,0.0,0.0,0.0,0.0,0.0,0.0,0.0,0.0,0.0,0.0,0.0,0.2508577653172774,0.2485570320808596,-0.014181638121219841,-0.014880759206713293
45.0,17.5,0.0,0.0,0.0,0.0,0.0,0.0,0.0,0.0,0.0,0.0,0.0,0.0,0.25079465812782287,0.2484947193913527,-0.014200285359272116,-0.014900258154853923
45.0,18.0,0.0,0.0,0.0,0.0,0.0,0.0,0.0,0.0,0.0,0.0,0.0,0.0,0.2507317759509354,0.24843262867658705,-0.01421889517431575,-0.01491971793003222
45.0,18.5,0.0,0.0,0.0,0.0,0.0,0.0,0.0,0.0,0.0,0.0,0.0,0.0,0.2506691172841219,0.24837075847112436,-0.014237467752909938,-0.014939138722670737
45.0,19.0,0.0,0.0,0.0,0.0,0.0,0.0,0.0,0.0,0.0,0.0,0.0,0.0,0.25060668063926167,0.24830910732342085,-0.01425600328020746,-0.014958520721771458
45.0,19.5,0.0,0.0,0.0,0.0,0.0,0.0,0.0,0.0,0.0,0.0,0.0,0.0,0.2505444645424293,0.24824767379565546,-0.014274501939968551,-0.01497786411493032
45.0,20.0,0.0,0.0,0.0,0.0,0.0,0.0,0.0,0.0,0.0,0.0,0.0,0.0,0.25048246753372155,0.24818645646356013,-0.014292963914574193,-0.014997169088351714
45.0,20.5,0.0,0.0,0.0,0.0,0.0,0.0,0.0,0.0,0.0,0.0,0.0,0.0,0.2504206881670861,0.24812545391625343,-0.01431138938503954,-0.01501643582686255
45.0,21.0,0.0,0.0,0.0,0.0,0.0,0.0,0.0,0.0,0.0,0.0,0.0,0.0,0.2503591250101531,0.24806466475607583,-0.014329778531027052,-0.01503566451392643
45.0,21.5,0.0,0.0,0.0,0.0,0.0,0.0,0.0,0.0,0.0,0.0,0.0,0.0,0.25029777664406905,0.2480040875984285,-0.014348131530859504,-0.015054855331657312
45.0,22.0,0.0,0.0,0.0,0.0,0.0,0.0,0.0,0.0,0.0,0.0,0.0,0.0,0.250236641663333,0.247943721071614,-0.014366448561532914,-0.015074008460833128
45.0,22.5,0.0,0.0,0.0,0.0,0.0,0.0,0.0,0.0,0.0,0.0,0.0,0.0,0.2501757186756357,0.24788356381667945,-0.014384729798729158,-0.015093124080909239
45.0,23.0,0.0,0.0,0.0,0.0,0.0,0.0,0.0,0.0,0.0,0.0,0.0,0.0,0.25011500630170047,0.24782361448726242,-0.014402975416828678,-0.015112202370031604
45.0,23.5,0.0,0.0,0.0,0.0,0.0,0.0,0.0,0.0,0.0,0.0,0.0,0.0,0.2500545031751269,0.24776387174943879,-0.014421185588922738,-0.01513124350504991
45.0,24.0,0.0,0.0,0.0,0.0,0.0,0.0,0.0,0.0,0.0,0.0,0.0,0.0,0.2499942079422359,0.24770433428157318,-0.014439360486825986,-0.01515024766153029
46.0,0.5,0.0,0.0,0.0,0.0,0.0,0.0,0.0,0.0,0.0,0.0,0.0,0.0,0.24993411926191875,0.24764500077417137,-0.014457500281088257,-0.015169215013768184
46.0,1.0,0.0,0.0,0.0,0.0,0.0,0.0,0.0,0.0,0.0,0.0,0.0,0.0,0.2498742358054861,0.2475858699297353,-0.014475605141006927,-0.015188145734800696
46.0,1.5,0.0,0.0,0.0,0.0,0.0,0.0,0.0,0.0,0.0,0.0,0.0,0.0,0.24981455625652124,0.24752694046261994,-0.01449367523463855,-0.015207039996419033
46.0,2.0,0.0,0.0,0.0,0.0,0.0,0.0,0.0,0.0,0.0,0.0,0.0,0.0,0.24975507931073387,0.24746821109889244,-0.014511710728810703,-0.015225897969180686
46.0,2.5,0.0,0.0,0.0,0.0,0.0,0.0,0.0,0.0,0.0,0.0,0.0,0.0,0.2496958036758169,0.24740968057619322,-0.014529711789133658,-0.015244719822421395
46.0,3.0,0.0,0.0,0.0,0.0,0.0,0.0,0.0,0.0,0.0,0.0,0.0,0.0,0.24963672807130513,0.24735134764359942,-0.01454767858001169,-0.015263505724267044
46.0,3.5,0.0,0.0,0.0,0.0,0.0,0.0,0.0,0.0,0.0,0.0,0.0,0.0,0.24957785122843554,0.24729321106149002,-0.014565611264654646,-0.0152822558416454
46.0,4.0,0.0,0.0,0.0,0.0,0.0,0.0,0.0,0.0,0.0,0.0,0.0,0.0,0.24951917189001022,0.24723526960141312,-0.014583510005088951,-0.01530097034029759
46.0,4.5,0.0,0.0,0.0,0.0,0.0,0.0,0.0,0.0,0.0,0.0,0.0,0.0,0.2494606888102607,0.2471775220459553,-0.014601374962168893,-0.015319649384789564
46.0,5.0,0.0,0.0,0.0,0.0,0.0,0.0,0.0,0.0,0.0,0.0,0.0,0.0,0.24940240075471437,0.24711996718861254,-0.014619206295587515,-0.015338293138523303
46.0,5.5,0.0,0.0,0.0,0.0,0.0,0.0,0.0,0.0,0.0,0.0,0.0,0.0,0.24934430650006306,0.24706260383366319,-0.014637004163887423,-0.015356901763747991
46.0,6.0,0.0,0.0,0.0,0.0,0.0,0.0,0.0,0.0,0.0,0.0,0.0,0.0,0.24928640483403303,0.24700543079604295,-0.014654768724471617,-0.015375475421570958
46.0,6.5,0.0,0.0,0.0,0.0,0.0,0.0,0.0,0.0,0.0,0.0,0.0,0.0,0.24922869455525687,0.24694844690122156,-0.014672500133614113,-0.015394014271968449
46.0,7.0,0.0,0.0,0.0,0.0,0.0,0.0,0.0,0.0,0.0,0.0,0.0,0.0,0.24917117447314788,0.24689165098508095,-0.01469019854647026,-0.01541251847379639
46.0,7.5,0.0,0.0,0.0,0.0,0.0,0.0,0.0,0.0,0.0,0.0,0.0,0.0,0.24911384340777487,0.2468350418937956,-0.01470786411708741,-0.015430988184800952
46.0,8.0,0.0,0.0,0.0,0.0,0.0,0.0,0.0,0.0,0.0,0.0,0.0,0.0,0.24905670018974027,0.24677861848371435,-0.014725496998414859,-0.01544942356162894
46.0,8.5,0.0,0.0,0.0,0.0,0.0,0.0,0.0,0.0,0.0,0.0,0.0,0.0,0.24899974366005861,0.24672237962124402,-0.014743097342314281,-0.015467824759838057
46.0,9.0,0.0,0.0,0.0,0.0,0.0,0.0,0.0,0.0,0.0,0.0,0.0,0.0,0.24894297267003748,0.24666632418273451,-0.014760665299569594,-0.015486191933907155
46.0,9.5,0.0,0.0,0.0,0.0,0.0,0.0,0.0,0.0,0.0,0.0,0.0,0.0,0.24888638608115993,0.24661045105436571,-0.014778201019896938,-0.015504525237246262
46.0,10.0,0.0,0.0,0.0,0.0,0.0,0.0,0.0,0.0,0.0,0.0,0.0,0.0,0.24882998276496823,0.2465547591320359,-0.014795704651954539,-0.015522824822206453
46.0,10.5,0.0,-0.015275191473342263,0.0,0.16187861106038234,0.0,18.5,0.0,0.0,0.0,0.32289406819766936,0.0,0.0,0.2487737616029499,0.2464992473212518,-0.014813176343352337,-0.015541090840089698
46.0,11.0,0.0,-0.016232994897499756,0.0,0.16804990403154577,0.0,18.5,0.0,0.0,0.0,0.31187541408425096,0.0,0.0,0.24871772148642438,0.24642328589443124,-0.014830616240661692,-0.015566127267219232
46.0,11.5,0.0,-0.016834266853784325,0.0,0.17131479549394243,0.0,18.5,0.0,0.0,0.0,0.31054657998857993,0.0,0.0,0.24866186131643223,0.24634671599349908,-0.014848024489424766,-0.015591412893886705
46.0,12.0,0.0,-0.017073740803690268,0.0,0.1718701287241288,0.0,18.5,0.0,0.0,0.0,0.30280358473468,0.0,0.0,0.248606180003625,0.2462699069229874,-0.014865401234164037,-0.015616826684772498
46.0,12.5,0.0,-0.016968267338517765,0.0,0.1697492340796107,0.0,18.5,0.0,0.0,0.0,0.29051410747064604,0.0,0.0,0.24855067646815734,0.24619320291232685,-0.014882746618391488,-0.01564225498430531
46.0,13.0,0.0,-0.01675979295606345,0.0,0.1648250513053266,0.0,18.5,0.0,0.0,0.0,0.2699822397313846,0.0,0.0,0.24849534963957987,0.24611694395265263,-0.014900060784617896,-0.015667584662234838
46.0,13.5,0.0,-0.015943722303600263,0.0,0.15679854682429298,0.0,18.5,0.0,0.0,0.0,0.2593539705780616,0.0,0.0,0.24844019845673404,0.24604148623572877,-0.014917343874361876,-0.015692696321763636
46.0,14.0,0.0,-0.01503890222767407,0.0,0.14517562751694707,0.0,18.5,0.0,0.0,0.0,0.1784636266573959,0.0,0.0,0.24838522186764841,0.24596722406888952,-0.014934596028158864,-0.015717456947790462
46.0,14.5,0.0,-0.013618744405517507,0.0,0.12924788843620852,0.0,18.5,0.0,0.0,0.0,0.13850801043378577,0.0,0.0,0.24833041882943585,0.24589461473192378,-0.014951817385570056,-0.015741711503528266
46.0,15.0,0.0,-0.011679198341332953,0.0,0.10813620338475839,0.0,18.5,0.0,0.0,0.0,0.11374308534122493,0.0,0.0,0.2482757883081927,0.2458242057873332,-0.014969008085191145,-0.01576527363633787
46.0,15.5,0.0,0.0,0.0,0.0,0.0,0.0,0.0,0.0,0.0,0.0,0.0,0.0,0.24822132927889884,0.24575665683572237,-0.014986168264661119,-0.015787918186498683
46.0,16.0,0.0,0.0,0.0,0.0,0.0,0.0,0.0,0.0,0.0,0.0,0.0,0.0,0.24816704072531956,0.24570305665844253,-0.01500329806067074,-0.015805914244920147
46.0,16.5,0.0,0.0,0.0,0.0,0.0,0.0,0.0,0.0,0.0,0.0,0.0,0.0,0.24811292163990814,0.24564962417054811,-0.015020397608971224,-0.01582387833364216
46.0,17.0,0.0,0.0,0.0,0.0,0.0,0.0,0.0,0.0,0.0,0.0,0.0,0.0,0.24805897102371052,0.2455963583932076,-0.01503746704438254,-0.015841810591707375
46.0,17.5,0.0,0.0,0.0,0.0,0.0,0.0,0.0,0.0,0.0,0.0,0.0,0.0,0.24800518788627043,0.2455432583558224,-0.015054506500801798,-0.01585971115722645
46.0,18.0,0.0,0.0,0.0,0.0,0.0,0.0,0.0,0.0,0.0,0.0,0.0,0.0,0.2479515712455363,0.24549032309593635,-0.015071516111211495,-0.01587758016738662
46.0,18.5,0.0,0.0,0.0,0.0,0.0,0.0,0.0,0.0,0.0,0.0,0.0,0.0,0.24789812012776938,0.24543755165914732,-0.01508849600768765,-0.015895417758459936
46.0,19.0,0.0,0.0,0.0,0.0,0.0,0.0,0.0,0.0,0.0,0.0,0.0,0.0,0.2478448335674527,0.2453849430990189,-0.015105446321407976,-0.0159132240658116
46.0,19.5,0.0,0.0,0.0,0.0,0.0,0.0,0.0,0.0,0.0,0.0,0.0,0.0,0.24779171060720195,0.24533249647699454,-0.01512236718265964,-0.015930999223908015
46.0,20.0,0.0,0.0,0.0,0.0,0.0,0.0,0.0,0.0,0.0,0.0,0.0,0.0,0.24773875029767672,0.24528021086231186,-0.015139258720847402,-0.01594874336632491
46.0,20.5,0.0,0.0,0.0,0.0,0.0,0.0,0.0,0.0,0.0,0.0,0.0,0.0,0.24768595169749322,0.24522808533191853,-0.015156121064501362,-0.015966456625755288
46.0,21.0,0.0,0.0,0.0,0.0,0.0,0.0,0.0,0.0,0.0,0.0,0.0,0.0,0.24763331387313867,0.24517611897038924,-0.01517295434128458,-0.015984139134017274
46.0,21.5,0.0,0.0,0.0,0.0,0.0,0.0,0.0,0.0,0.0,0.0,0.0,0.0,0.24758083589888596,0.24512431086984376,-0.015189758678000851,-0.016001791022061885
46.0,22.0,0.0,0.0,0.0,0.0,0.0,0.0,0.0,0.0,0.0,0.0,0.0,0.0,0.2475285168567099,0.24507266012986614,-0.015206534200602253,-0.016019412419980714
46.0,22.5,0.0,0.0,0.0,0.0,0.0,0.0,0.0,0.0,0.0,0.0,0.0,0.0,0.24747635583620464,0.24502116585742476,-0.015223281034196593,-0.016037003457013577
46.0,23.0,0.0,0.0,0.0,0.0,0.0,0.0,0.0,0.0,0.0,0.0,0.0,0.0,0.24742435193450182,0.24496982716679383,-0.015239999303054872,-0.016054564261555892
46.0,23.5,0.0,0.0,0.0,0.0,0.0,0.0,0.0,0.0,0.0,0.0,0.0,0.0,0.24737250425619,0.24491864317947556,-0.015256689130618607,-0.01607209496116623
46.0,24.0,0.0,0.0,0.0,0.0,0.0,0.0,0.0,0.0,0.0,0.0,0.0,0.0,0.2473208119132355,0.24486761302412358,-0.015273350639506978,-0.01608959568257361
47.0,0.5,0.0,0.0,0.0,0.0,0.0,0.0,0.0,0.0,0.0,0.0,0.0,0.0,0.24726927402490326,0.24481673583646713,-0.015289983951524179,-0.016107066551684722
47.0,1.0,0.0,0.0,0.0,0.0,0.0,0.0,0.0,0.0,0.0,0.0,0.0,0.0,0.24721788971767977,0.2447660107592366,-0.015306589187666393,-0.016124507693591132
47.0,1.5,0.0,0.0,0.0,0.0,0.0,0.0,0.0,0.0,0.0,0.0,0.0,0.0,0.24716665812519642,0.24471543694208975,-0.015323166468128936,-0.016141919232576334
47.0,2.0,0.0,0.0,0.0,0.0,0.0,0.0,0.0,0.0,0.0,0.0,0.0,0.0,0.2471155783881541,0.2446650135415389,-0.015339715912313034,-0.016159301292122813
47.0,2.5,0.0,0.0,0.0,0.0,0.0,0.0,0.0,0.0,0.0,0.0,0.0,0.0,0.24706464965424846,0.24461473972087935,-0.0153562376388329,-0.016176653994918907
47.0,3.0,0.0,0.0,0.0,0.0,0.0,0.0,0.0,0.0,0.0,0.0,0.0,0.0,0.2470138710780965,0.24456461465011825,-0.015372731765522432,-0.016193977462865765
47.0,3.5,0.0,0.0,0.0,0.0,0.0,0.0,0.0,0.0,0.0,0.0,0.0,0.0,0.24696324182116383,0.24451463750590494,-0.015389198409441958,-0.016211271817083952
47.0,4.0,0.0,0.0,0.0,0.0,0.0,0.0,0.0,0.0,0.0,0.0,0.0,0.0,0.24691276105169294,0.24446480747146163,-0.015405637686884941,-0.01622853717792038
47.0,4.5,0.0,0.0,0.0,0.0,0.0,0.0,0.0,0.0,0.0,0.0,0.0,0.0,0.2468624279446323,0.24441512373651542,-0.015422049713384579,-0.01624577366495474
47.0,5.0,0.0,0.0,0.0,0.0,0.0,0.0,0.0,0.0,0.0,0.0,0.0,0.0,0.2468122416815668,0.244365585497231,-0.0154384346037203,-0.01626298139700614
47.0,5.5,0.0,0.0,0.0,0.0,0.0,0.0,0.0,0.0,0.0,0.0,0.0,0.0,0.24676220145064828,0.24431619195614426,-0.015454792471924203,-0.016280160492139574
47.0,6.0,0.0,0.0,0.0,0.0,0.0,0.0,0.0,0.0,0.0,0.0,0.0,0.0,0.2467123064465275,0.24426694232209656,-0.015471123431287625,-0.016297311067672373
47.0,6.5,0.0,0.0,0.0,0.0,0.0,0.0,0.0,0.0,0.0,0.0,0.0,0.0,0.24666255587028724,0.24421783581016998,-0.015487427594367168,-0.01631443324018052
47.0,7.0,0.0,0.0,0.0,0.0,0.0,0.0,0.0,0.0,0.0,0.0,0.0,0.0,0.24661294892937513,0.24416887164162365,-0.015503705072991293,-0.016331527125504876
47.0,7.5,0.0,0.0,0.0,0.0,0.0,0.0,0.0,0.0,0.0,0.0,0.0,0.0,0.24656348483753873,0.2441200490438304,-0.01551995597826625,-0.016348592838757465
47.0,8.0,0.0,0.0,0.0,0.0,0.0,0.0,0.0,0.0,0.0,0.0,0.0,0.0,0.24651416281476018,0.24407136725021447,-0.015536180420582428,-0.016365630494327568
47.0,8.5,0.0,-0.015328404384696947,0.0,0.2631199137434726,0.0,0.0,0.0,0.0,0.0,0.42005221496482986,0.0,0.0,0.24646498208719272,0.24402282550019005,-0.015552378509620244,-0.016382640205887797
47.0,9.0,0.0,-0.02360797657020193,0.0,0.3634564091658122,0.0,37.0,0.0,0.0,0.0,0.4378736601515594,0.0,0.0,0.24641594188709715,0.24394089293513505,-0.015568550354356281,-0.01641139833579165
47.0,9.5,0.0,-0.027540725214063748,0.0,0.36378626065433184,0.0,37.0,0.0,0.0,0.0,0.2899654144073446,0.0,0.0,0.24636704145277935,0.24384631275096172,-0.015584696063069276,-0.01644467057536388
47.0,10.0,0.0,-0.029070670904235568,0.0,0.36403000097783406,0.0,37.0,0.0,0.0,0.0,0.2475062824692411,0.0,0.0,0.24631828002852926,0.24375182833006334,-0.015600815743345759,-0.01647798940704173
47.0,10.5,0.0,-0.029630227007556343,0.0,0.36420215722865706,0.0,37.0,0.0,0.0,0.0,0.23544178923420792,0.0,0.0,0.2462696568645592,0.2436574499086011,-0.015616909502086223,-0.01651135118868709
47.0,11.0,0.0,-0.03272270315916914,0.0,0.3643133993091852,0.0,37.0,0.0,0.0,0.0,0.20309642798163252,0.0,0.0,0.2462211712169445,0.24356318587720666,-0.015632977445510628,-0.01654475289755502
47.0,11.5,0.0,-0.034513896323207185,0.0,0.36437064222527293,0.0,37.0,0.0,0.0,0.0,0.1807407338053098,0.0,0.0,0.2461728223475636,0.24346904327245944,-0.01564901967916425,-0.01657819196325514
47.0,12.0,0.0,-0.03644944622826449,0.0,0.3643774933990813,0.0,37.0,0.0,0.0,0.0,0.1646780041169275,0.0,0.0,0.24612460952403983,0.24337502825532945,-0.01566503630792323,-0.016611666102879084
47.0,12.5,0.0,-0.039263762950392564,0.0,0.36433456182999735,0.0,37.0,0.0,0.0,0.0,0.1497159945951754,0.0,0.0,0.24607653201968316,0.24328114653261815,-0.015681027436000312,-0.016645173174066785
47.0,13.0,0.0,-0.04131134778247775,0.0,0.3642395141868855,0.0,37.0,0.0,0.0,0.0,0.14181473915853388,0.0,0.0,0.2460285891134331,0.24318740373900247,-0.01569699316695029,-0.01667871104003448
47.0,13.5,0.0,-0.04266391852649909,0.0,0.36408686574480875,0.0,37.0,0.0,0.0,0.0,0.13568220350395263,0.0,0.0,0.2459807800898024,0.24309380581193146,-0.015712933603675424,-0.01671227743521065
47,14.0,0.013090676160848885,0.015874773364654537,0.0008749263746677605,0.19612516414079817,30.04542681566679,36.925682145858175,True,True,0.0002994356364300249,0.06884289066784201,0.0,0.0,0.24593310423882106,0.24300035939316492,-0.01572884884843102,-0.016745869819352954
47,14.5,0.12988559627052634,0.13849544356264143,0.00885272675167676,0.3554969445568157,29.943231322038976,36.77693992264895,True,True,0.0029279987144135195,0.12073098698786187,0.0,0.0,0.2458854493616747,0.2429284481649123,-0.01574477628941224,-0.016771775458021117
47,15.0,0.12978885748264427,0.138467915361767,0.008915553656148958,0.36214858526893146,29.88019803978757,36.777042697594794,True,True,0.0028999146432679285,0.12029884129814784,0.0,0.0,0.24583690962023216,0.2428363584213577,-0.015761019233203694,-0.016805020061076443
47,15.5,0.1347423295490743,0.14363806348698477,0.009205194164294142,0.3755761417520102,29.891253637215506,36.77700599484872,True,True,0.0030152732084214014,0.1253678908285119,0.0,0.0,0.24578849294787694,0.2427435510329104,-0.015777240887526352,-0.016838603200359892
47,16.0,0.11501983081297087,0.1228507609178994,0.007782911292978573,0.31698046639645877,29.927392113796866,36.77697931574927,True,True,0.0025870709016130055,0.10726660355661048,0.0,0.0,0.24574016975267396,0.24264916184826166,-0.015793451061832976,-0.01687284077721904
47,16.5,0.0,-0.01413141568629932,0.0,0.4716692955847439,0.0,36.999806588092014,True,True,0.0,0.15931323622500382,0.0,0.0,0.24569215750659387,0.24256236831623051,-0.015809576583853086,-0.01690439642340147
47.0,17.0,0.0,0.0,0.0,0.0,0.0,0.0,0.0,0.0,0.0,0.0,0.0,0.0,0.24564526608424458,0.24245599033066392,-0.015825344601979797,-0.016943168374474977
47.0,17.5,0.0,0.0,0.0,0.0,0.0,0.0,0.0,0.0,0.0,0.0,0.0,0.0,0.24559850301469371,0.24240984579090447,-0.015841088123778515,-0.01696001977751204
47.0,18.0,0.0,0.0,0.0,0.0,0.0,0.0,0.0,0.0,0.0,0.0,0.0,0.0,0.24555186763018297,0.24236382790671737,-0.015856807246525526,-0.0169768448183715
47.0,18.5,0.0,0.0,0.0,0.0,0.0,0.0,0.0,0.0,0.0,0.0,0.0,0.0,0.24550535926799943,0.24231793602575022,-0.01587250206689612,-0.01699364359912103
47.0,19.0,0.0,0.0,0.0,0.0,0.0,0.0,0.0,0.0,0.0,0.0,0.0,0.0,0.2454589772704262,0.2422721695005304,-0.015888172680969554,-0.017010416221208052
47.0,19.5,0.0,0.0,0.0,0.0,0.0,0.0,0.0,0.0,0.0,0.0,0.0,0.0,0.24541272098469358,0.24222652768841754,-0.015903819184233888,-0.017027162785464796
47.0,20.0,0.0,0.0,0.0,0.0,0.0,0.0,0.0,0.0,0.0,0.0,0.0,0.0,0.24536658976293071,0.24218100995155584,-0.01591944167159076,-0.01704388339211362
47.0,20.5,0.0,0.0,0.0,0.0,0.0,0.0,0.0,0.0,0.0,0.0,0.0,0.0,0.24532058296211792,0.24213561565682737,-0.01593504023736029,-0.017060578140772043
47.0,21.0,0.0,0.0,0.0,0.0,0.0,0.0,0.0,0.0,0.0,0.0,0.0,0.0,0.2452746999440395,0.2420903441758061,-0.015950614975285674,-0.017077247130457707
47.0,21.5,0.0,0.0,0.0,0.0,0.0,0.0,0.0,0.0,0.0,0.0,0.0,0.0,0.24522894007523707,0.24204519488471182,-0.015966165978537967,-0.017093890459593544
47.0,22.0,0.0,0.0,0.0,0.0,0.0,0.0,0.0,0.0,0.0,0.0,0.0,0.0,0.24518330272696373,0.24200016716436545,-0.015981693339720604,-0.017110508226012504
47.0,22.5,0.0,0.0,0.0,0.0,0.0,0.0,0.0,0.0,0.0,0.0,0.0,0.0,0.24513778727513827,0.24195526040014426,-0.01599719715087414,-0.01712710052696261
47.0,23.0,0.0,0.0,0.0,0.0,0.0,0.0,0.0,0.0,0.0,0.0,0.0,0.0,0.24509239310030045,0.24191047398193807,-0.016012677503480666,-0.017143667459111618
47.0,23.5,0.0,0.0,0.0,0.0,0.0,0.0,0.0,0.0,0.0,0.0,0.0,0.0,0.2450471195875665,0.24186580730410553,-0.016028134488468345,-0.017160209118551976
47.0,24.0,0.0,0.0,0.0,0.0,0.0,0.0,0.0,0.0,0.0,0.0,0.0,0.0,0.24500196612658515,0.2418212597654315,-0.016043568196215913,-0.01717672560080529
48.0,0.5,0.0,0.0,0.0,0.0,0.0,0.0,0.0,0.0,0.0,0.0,0.0,0.0,0.24495693211149422,0.24177683076908438,-0.016058978716557003,-0.017193217000827238
48.0,1.0,0.0,0.0,0.0,0.0,0.0,0.0,0.0,0.0,0.0,0.0,0.0,0.0,0.24491201694087794,0.2417325197225742,-0.016074366138784556,-0.01720968341301202
48.0,1.5,0.0,0.0,0.0,0.0,0.0,0.0,0.0,0.0,0.0,0.0,0.0,0.0,0.24486722001772418,0.24168832603771132,-0.016089730551655218,-0.01722612493119704
48.0,2.0,0.0,0.0,0.0,0.0,0.0,0.0,0.0,0.0,0.0,0.0,0.0,0.0,0.2448225407493829,0.24164424913056554,-0.016105072043393457,-0.017242541648667273
48.0,2.5,0.0,0.0,0.0,0.0,0.0,0.0,0.0,0.0,0.0,0.0,0.0,0.0,0.24477797854752462,0.24160028842142547,-0.016120390701695964,-0.01725893365815988
48.0,3.0,0.0,0.0,0.0,0.0,0.0,0.0,0.0,0.0,0.0,0.0,0.0,0.0,0.2447335328280994,0.2415564433347587,-0.01613568661373573,-0.0172753010518686
48.0,3.5,0.0,0.0,0.0,0.0,0.0,0.0,0.0,0.0,0.0,0.0,0.0,0.0,0.24468920301129649,0.24151271329917243,-0.016150959866166322,-0.017291643921447997
48.0,4.0,0.0,0.0,0.0,0.0,0.0,0.0,0.0,0.0,0.0,0.0,0.0,0.0,0.24464498852150435,0.24146909774737413,-0.016166210545125865,-0.017307962358017945
48.0,4.5,0.0,0.0,0.0,0.0,0.0,0.0,0.0,0.0,0.0,0.0,0.0,0.0,0.244600888787271,0.24142559611613335,-0.01618143873624126,-0.017324256452167834
48.0,5.0,0.0,0.0,0.0,0.0,0.0,0.0,0.0,0.0,0.0,0.0,0.0,0.0,0.24455690324126506,0.24138220784624337,-0.016196644524632098,-0.01734052629396077
48.0,5.5,0.0,0.0,0.0,0.0,0.0,0.0,0.0,0.0,0.0,0.0,0.0,0.0,0.24451303132023713,0.24133893238248355,-0.016211827994914708,-0.017356771972937904
48.0,6.0,0.0,0.0,0.0,0.0,0.0,0.0,0.0,0.0,0.0,0.0,0.0,0.0,0.24446927246498149,0.24129576917358234,-0.01622698923120619,-0.01737299357812234
48.0,6.5,0.0,0.0,0.0,0.0,0.0,0.0,0.0,0.0,0.0,0.0,0.0,0.0,0.2444256261202985,0.24125271767218015,-0.01624212831712817,-0.01738919119802353
48.0,7.0,0.0,0.0,0.0,0.0,0.0,0.0,0.0,0.0,0.0,0.0,0.0,0.0,0.2443820917349571,0.24120977733479315,-0.016257245335810886,-0.017405364920641098
48.0,7.5,0.0,0.0,0.0,0.0,0.0,0.0,0.0,0.0,0.0,0.0,0.0,0.0,0.2443386687616581,0.2411669476217775,-0.016272340369896825,-0.017421514833468935
48.0,8.0,0.0,0.0,0.0,0.0,0.0,0.0,0.0,0.0,0.0,0.0,0.0,0.0,0.2442953566569977,0.24112422799729355,-0.016287413501544713,-0.017437641023499262
48.0,8.5,0.0,-0.011879532138260956,0.0,0.47651619001967566,0.0,37.0,0.0,0.0,0.0,1.0679123898848355,0.0,0.0,0.24425215488143118,0.24108161792927083,-0.016302464812433207,-0.017453743577226413
48.0,9.0,0.0,-0.013903385115131787,0.0,0.476510744278164,0.0,37.0,0.0,0.0,0.0,1.0757239281362088,0.0,0.0,0.2442090628992376,0.24097839310315272,-0.016317494383764588,-0.017492826250278128
48.0,9.5,0.0,-0.017274279275402874,0.0,0.4765052897773713,0.0,37.0,0.0,0.0,0.0,0.8343362343729025,0.0,0.0,0.24416608017848426,0.2408752774744901,-0.016332502296268574,-0.017531971729427574
48.0,10.0,0.0,-0.024158657603223777,0.0,0.47649982649089445,0.0,37.0,0.0,0.0,0.0,0.4341675790196065,0.0,0.0,0.24412320619099206,0.2407722705234296,-0.016347488630205874,-0.01757118020388506
48.0,10.5,0.0,-0.029464285370440373,0.0,0.4764943543923084,0.0,37.0,0.0,0.0,0.0,0.3055828792104522,0.0,0.0,0.2440804404123009,0.24066937173375522,-0.016362453465371893,-0.017610451863017972
48.0,11.0,0.0,-0.034225044361494567,0.0,0.4764888734551656,0.0,37.0,0.0,0.0,0.0,0.2500933105272751,0.0,0.0,0.2440377823216357,0.24056658059285643,-0.016377396881100296,-0.017649786896353093
48.0,11.5,0.0,-0.038465558157056164,0.0,0.47648338365299564,0.0,37.0,0.0,0.0,0.0,0.21546842462818588,0.0,0.0,0.24399523140187254,0.24046389659169617,-0.016392318956266593,-0.017689185493579125
48.0,12.0,0.0,-0.042583926790885976,0.0,0.47647788495930493,0.0,37.0,0.0,0.0,0.0,0.1947954961930296,0.0,0.0,0.24395278713950558,0.24036131922477988,-0.016407219769291673,-0.017728647844548896
48,12.5,0.09676148506497388,0.10342052829046275,0.006223696854979104,0.3940094264450329,30.264677577263512,36.85107592885376,True,True,0.00228538733895287,0.15053576621579956,0.0,0.0,0.243910449024614,0.24025884799012384,-0.01642209939814521,-0.017768174139281983
48,13.0,0.21780431519653287,0.23038441746002958,0.014326318332442816,0.39395993713358485,30.143230057179366,36.70237979271754,True,True,0.0050531582664384515,0.1439836943367782,0.0,0.0,0.24386742344779275,0.24016699087289542,-0.016437237108559485,-0.01780369551964377
48,13.5,0.5486591859903963,0.5777399176486584,0.03863810840634877,0.3385723977500653,29.810855083219213,36.10842678903954,True,True,0.012140639675807542,0.10982791172727396,0.0,0.0,0.24382347046959207,0.24007524449794038,-0.016452718277173883,-0.017839258564725898
48,14.0,0.9416369465776518,0.991177797762542,0.07149439623319032,0.3785190828431069,29.41316075479702,35.44046723994927,True,True,0.01974416642406749,0.10731333429813972,0.0,0.0,0.24377652401112054,0.23999066025443722,-0.01646927300443826,-0.01787212040917358
48,14.5,1.0326272329545576,1.084683523655708,0.07881489516699702,0.3385771915608857,29.367292490025534,35.10664963229393,True,True,0.021521926888524345,0.09443051512438817,0.0,0.0,0.24372549472731175,0.23990108894705645,-0.016487289974308993,-0.01790699844059329
48,15.0,0.9410053794673632,0.9895822412282941,0.07116546344164351,0.35365750673156515,29.3934429390443,35.32975613270202,True,True,0.019679776570422743,0.09951924822661293,0.0,0.0,0.24367363622244,0.23981671051371045,-0.01650562378303117,-0.017939928632802325
48,15.5,0.8527223176364781,0.8963287450480248,0.06160711907422198,0.3602392446786367,29.61639155399392,35.58898025958514,True,True,0.01837194490985563,0.10938223116938016,0.0,0.0,0.24362285566741243,0.23973051283856397,-0.016523600041815436,-0.017973643346620105
48,16.0,0.6892414665676143,0.7248462690144071,0.04868256316655576,0.347951890460714,29.71249849327167,35.885783906645685,True,True,0.015045576213136826,0.10926920807827625,0.0,0.0,0.24357339583457419,0.23964357843958436,-0.016541131195221586,-0.018007722707909343
48,16.5,0.47057949609103034,0.4954932164844179,0.03249690109037355,0.31986396034671094,29.79280921249065,36.183106470876545,True,True,0.010386817891972537,0.10335584675266635,0.0,0.0,0.24352568520726947,0.23955831138162947,-0.016558063342279,-0.018041223265309058
48.0,17.0,0.0,0.0,0.0,0.0,0.0,0.0,0.0,0.0,0.0,0.0,0.0,0.0,0.2434801388782821,0.23947672470321493,-0.016574246666429055,-0.01807334737838108
48.0,17.5,0.0,0.0,0.0,0.0,0.0,0.0,0.0,0.0,0.0,0.0,0.0,0.0,0.24343883495847904,0.2394359997674,-0.01658893889278029,-0.018089407999787605
48.0,18.0,0.0,0.0,0.0,0.0,0.0,0.0,0.0,0.0,0.0,0.0,0.0,0.0,0.2433976318046509,0.2393953749516877,-0.016603610739127427,-0.01810544608193893
48.0,18.5,0.0,0.0,0.0,0.0,0.0,0.0,0.0,0.0,0.0,0.0,0.0,0.0,0.24335652894749304,0.23935484979271365,-0.016618262278358054,-0.01812146170360334
48.0,19.0,0.0,0.0,0.0,0.0,0.0,0.0,0.0,0.0,0.0,0.0,0.0,0.0,0.24331552592089692,0.23931442383023876,-0.016632893582947957,-0.01813745494311395
48.0,19.5,0.0,0.0,0.0,0.0,0.0,0.0,0.0,0.0,0.0,0.0,0.0,0.0,0.24327462226192126,0.23927409660712173,-0.016647504724964332,-0.018153425878371973
48.0,20.0,0.0,0.0,0.0,0.0,0.0,0.0,0.0,0.0,0.0,0.0,0.0,0.0,0.24323381751076406,0.23923386766929147,-0.016662095776068944,-0.018169374586850154
48.0,20.5,0.0,0.0,0.0,0.0,0.0,0.0,0.0,0.0,0.0,0.0,0.0,0.0,0.2431931112107346,0.23919373656572013,-0.01667666680752118,-0.018185301145595804
48.0,21.0,0.0,0.0,0.0,0.0,0.0,0.0,0.0,0.0,0.0,0.0,0.0,0.0,0.24315250290822601,0.23915370284839596,-0.01669121789018108,-0.018201205631234334
48.0,21.5,0.0,0.0,0.0,0.0,0.0,0.0,0.0,0.0,0.0,0.0,0.0,0.0,0.2431119921526876,0.23911376607229706,-0.01670574909451252,-0.018217088119972247
48.0,22.0,0.0,0.0,0.0,0.0,0.0,0.0,0.0,0.0,0.0,0.0,0.0,0.0,0.24307157849659827,0.2390739257953649,-0.016720260490586066,-0.018232948687600354
48.0,22.5,0.0,0.0,0.0,0.0,0.0,0.0,0.0,0.0,0.0,0.0,0.0,0.0,0.2430312614954396,0.2390341815784785,-0.016734752148082083,-0.018248787409496994
48.0,23.0,0.0,0.0,0.0,0.0,0.0,0.0,0.0,0.0,0.0,0.0,0.0,0.0,0.24299104070766941,0.23899453298542858,-0.016749224136293657,-0.018264604360631057
48.0,23.5,0.0,0.0,0.0,0.0,0.0,0.0,0.0,0.0,0.0,0.0,0.0,0.0,0.24295091569469587,0.23895497958289227,-0.016763676524129405,-0.018280399615565164
48.0,24.0,0.0,0.0,0.0,0.0,0.0,0.0,0.0,0.0,0.0,0.0,0.0,0.0,0.24291088602085142,0.2389155209404082,-0.01677810938011656,-0.018296173248458517
49.0,0.5,0.0,0.0,0.0,0.0,0.0,0.0,0.0,0.0,0.0,0.0,0.0,0.0,0.24287095125336716,0.23887615663035103,-0.016792522772403787,-0.018311925333070158
49.0,1.0,0.0,0.0,0.0,0.0,0.0,0.0,0.0,0.0,0.0,0.0,0.0,0.0,0.242831110962348,0.23883688622790764,-0.016806916768763867,-0.01832765594276178
49.0,1.5,0.0,0.0,0.0,0.0,0.0,0.0,0.0,0.0,0.0,0.0,0.0,0.0,0.24279136472074708,0.23879770931105213,-0.01682129143659676,-0.018343365150500834
49.0,2.0,0.0,0.0,0.0,0.0,0.0,0.0,0.0,0.0,0.0,0.0,0.0,0.0,0.24275171210434146,0.2387586254605223,-0.01683564684293223,-0.01835905302886327
49.0,2.5,0.0,0.0,0.0,0.0,0.0,0.0,0.0,0.0,0.0,0.0,0.0,0.0,0.24271215269170754,0.23871963425979545,-0.016849983054432617,-0.018374719650036623
49.0,3.0,0.0,0.0,0.0,0.0,0.0,0.0,0.0,0.0,0.0,0.0,0.0,0.0,0.24267268606419656,0.23868073529506523,-0.016864300137395715,-0.018390365085822733
49.0,3.5,0.0,0.0,0.0,0.0,0.0,0.0,0.0,0.0,0.0,0.0,0.0,0.0,0.24263331180591116,0.23864192815521787,-0.016878598157757264,-0.018405989407640756
49.0,4.0,0.0,0.0,0.0,0.0,0.0,0.0,0.0,0.0,0.0,0.0,0.0,0.0,0.2425940295036813,0.2386032124318097,-0.0168928771810938,-0.018421592686529792
49.0,4.5,0.0,0.0,0.0,0.0,0.0,0.0,0.0,0.0,0.0,0.0,0.0,0.0,0.24255483874704095,0.238564587719044,-0.016907137272625276,-0.018437174993151784
49.0,5.0,0.0,0.0,0.0,0.0,0.0,0.0,0.0,0.0,0.0,0.0,0.0,0.0,0.2425157391282048,0.2385260536137484,-0.01692137849721767,-0.01845273639779437
49.0,5.5,0.0,0.0,0.0,0.0,0.0,0.0,0.0,0.0,0.0,0.0,0.0,0.0,0.24247673024204552,0.23848760971535302,-0.016935600919385573,-0.01846827697037329
49.0,6.0,0.0,0.0,0.0,0.0,0.0,0.0,0.0,0.0,0.0,0.0,0.0,0.0,0.24243781168607084,0.23844925562586777,-0.01694980460329488,-0.01848379678043555
49.0,6.5,0.0,0.0,0.0,0.0,0.0,0.0,0.0,0.0,0.0,0.0,0.0,0.0,0.2423989830604011,0.23841099094986115,-0.01696398961276525,-0.018499295897161688
49.0,7.0,0.0,0.0,0.0,0.0,0.0,0.0,0.0,0.0,0.0,0.0,0.0,0.0,0.24236024396774727,0.23837281529443813,-0.016978156011272682,-0.018514774389368733
49.0,7.5,0.0,0.0,0.0,0.0,0.0,0.0,0.0,0.0,0.0,0.0,0.0,0.0,0.24232159401338857,0.2383347282692191,-0.01699230386195201,-0.01853023232551266
49.0,8.0,0.0,0.0,0.0,0.0,0.0,0.0,0.0,0.0,0.0,0.0,0.0,0.0,0.24228303280515104,0.2382967294863186,-0.017006433227599402,-0.018545669773691046
49.0,8.5,0.0,-0.01266232134198987,0.0,0.23267045964853308,0.0,0.0,0.0,0.0,0.0,0.3011675032052174,0.0,0.0,0.2422445599533858,0.23825881856032438,-0.017020544170674876,-0.018561086801645695
49.0,9.0,0.0,-0.019833554096060132,0.0,0.32379978477279836,0.0,37.0,0.0,0.0,0.0,0.33670561412683425,0.0,0.0,0.24220617507094785,0.23819134526311417,-0.01703463675330467,-0.018588563587796453
49.0,9.5,0.0,-0.02267272882457518,0.0,0.3239623719431473,0.0,37.0,0.0,0.0,0.0,0.2686400884777114,0.0,0.0,0.24216787777317486,0.2381123461954303,-0.017048711037283705,-0.018620795563758268
49.0,10.0,0.0,-0.02728723073410906,0.0,0.32408238145223833,0.0,37.0,0.0,0.0,0.0,0.20344223812991524,0.0,0.0,0.24212966767786648,0.23803341312411316,-0.017062767084077966,-0.01865306714190993
49.0,10.5,0.0,-0.032953449950924404,0.0,0.32416690053721237,0.0,37.0,0.0,0.0,0.0,0.15482828401466778,0.0,0.0,0.24209154440526354,0.23795455109922867,-0.017076804954826906,-0.018685376243583074
49.0,11.0,0.0,-0.038521255407792415,0.0,0.3242211197730763,0.0,37.0,0.0,0.0,0.0,0.12798423715318885,0.0,0.0,0.2420535075780276,0.23787576427006885,-0.017090824710345773,-0.01871772114297496
49.0,11.5,0.0,-0.043440718275885824,0.0,0.32424840360181717,0.0,37.0,0.0,0.0,0.0,0.10344126716737576,0.0,0.0,0.2420155568212208,0.237797056126829,-0.017104826411128003,-0.01875010037137649
49,12.0,0.21296679759335124,0.2269720169138139,0.016374215967572294,0.390610424033617,29.39426655798551,36.62838471081174,True,True,0.004454374884634824,0.10932317999090838,0.0,0.0,0.24197769176228592,0.23771842973329801,-0.017118810117347408,-0.018782512623896783
49,12.5,0.4564185559974056,0.4837323956038442,0.03634871354410112,0.36378665060072374,29.21679295990467,36.14589659242051,True,True,0.009328693639913156,0.09600552181476432,0.0,0.0,0.24193782541904804,0.23763143150275462,-0.017133547627761,-0.018818453838924748
49,13.0,0.6010374669377929,0.6355879465962181,0.04808414915101052,0.3512344553922829,29.195602301385627,35.84916373957742,True,True,0.012251190938367077,0.0919344725431632,0.0,0.0,0.24189549862973178,0.23754793599657983,-0.01714921124675233,-0.01885302507483602
49,13.5,0.8327217630724101,0.8793544305713594,0.0678252607382399,0.37790391114159233,29.09959345212267,35.47755393459556,True,True,0.016767436055411984,0.09593590888913905,0.0,0.0,0.24185176095543368,0.2374661241860058,-0.017165414910989094,-0.01888697260023315
49,14.0,0.9814953926064851,1.0355670478778134,0.08376506590299701,0.3568278926436527,28.851748937431005,34.95841808827334,True,True,0.0191619655921864,0.08360923891093687,0.0,0.0,0.24180559184731953,0.23738099758721495,-0.017182539152943405,-0.018922372932280936
49,14.5,1.0973399352006479,1.1556829435522409,0.09612808856578532,0.33695133483149825,28.686965226980416,34.44097654061685,True,True,0.02099895987690778,0.07493474147700313,0.0,0.0,0.2417574753555148,0.23729864018178623,-0.01720040734910853,-0.01895669694640882
49,15.0,1.20371694227038,1.2658346784685799,0.1065687983268727,0.3344329547145873,28.61640891586793,34.14429289223193,True,True,0.022840756422841765,0.07278395169660287,0.0,0.0,0.2417078669207023,0.23721889876404498,-0.017218852766828757,-0.018990001406483867
49,15.5,1.1294184919943364,1.1886096477218886,0.09639353595668199,0.34685313257192646,28.80066518258251,34.58846383385345,True,True,0.02191252646119843,0.07992522699428065,0.0,0.0,0.24165701115214056,0.2371395609801752,-0.017237786438021457,-0.019023206496028396
49,16.0,0.9455108720138184,0.9960760350290156,0.0768775918408763,0.35249982617504805,29.035739880263808,35.10762378840882,True,True,0.018885879593978798,0.08761055627096666,0.0,0.0,0.24160753484641723,0.23705872281743232,-0.017256230343429733,-0.01905711071386523
49,16.5,0.7146537698736083,0.7541595430289418,0.05584543468388642,0.374091775765277,29.221521465842525,35.700571102872416,True,True,0.014615606272006542,0.0989620212427587,0.0,0.0,0.24156062796065395,0.2369772470912966,-0.017273738130768546,-0.01909135520637658
49.0,17.0,0.0,0.0,0.0,0.0,0.0,0.0,0.0,0.0,0.0,0.0,0.0,0.0,0.24151648336031484,0.23689310150701,-0.017290234241852477,-0.019126798837562117
49.0,17.5,0.0,0.0,0.0,0.0,0.0,0.0,0.0,0.0,0.0,0.0,0.0,0.0,0.2414795370507759,0.23685670880031645,-0.01730405490006694,-0.0191421523827786
49.0,18.0,0.0,0.0,0.0,0.0,0.0,0.0,0.0,0.0,0.0,0.0,0.0,0.0,0.24144267214719953,0.236820397071482,-0.01731785822749568,-0.019157486402374423
49.0,18.5,0.0,0.0,0.0,0.0,0.0,0.0,0.0,0.0,0.0,0.0,0.0,0.0,0.24140588830628645,0.23678416598051183,-0.017331644280449386,-0.01917280095845631
49.0,19.0,0.0,0.0,0.0,0.0,0.0,0.0,0.0,0.0,0.0,0.0,0.0,0.0,0.24136918518686615,0.23674801518949387,-0.017345413114945977,-0.01918809611281841
49.0,19.5,0.0,0.0,0.0,0.0,0.0,0.0,0.0,0.0,0.0,0.0,0.0,0.0,0.24133256244987952,0.23671194436258242,-0.017359164786712573,-0.019203371926944213
49.0,20.0,0.0,0.0,0.0,0.0,0.0,0.0,0.0,0.0,0.0,0.0,0.0,0.0,0.24129601975836146,0.23667595316598114,-0.01737289935118777,-0.019218628462008957
49.0,20.5,0.0,0.0,0.0,0.0,0.0,0.0,0.0,0.0,0.0,0.0,0.0,0.0,0.2412595567774238,0.23664004126792693,-0.01738661686352355,-0.019233865778881552
49.0,21.0,0.0,0.0,0.0,0.0,0.0,0.0,0.0,0.0,0.0,0.0,0.0,0.0,0.2412231731742384,0.23660420833867338,-0.01740031737858746,-0.019249083938126906
49.0,21.5,0.0,0.0,0.0,0.0,0.0,0.0,0.0,0.0,0.0,0.0,0.0,0.0,0.24118686861802027,0.23656845405047477,-0.017414000950964622,-0.019264283000007803
49.0,22.0,0.0,0.0,0.0,0.0,0.0,0.0,0.0,0.0,0.0,0.0,0.0,0.0,0.2411506427800112,0.23653277807757012,-0.017427667634959735,-0.01927946302448719
49.0,22.5,0.0,0.0,0.0,0.0,0.0,0.0,0.0,0.0,0.0,0.0,0.0,0.0,0.24111449533346305,0.23649718009616735,-0.017441317484599074,-0.01929462407123005
49.0,23.0,0.0,0.0,0.0,0.0,0.0,0.0,0.0,0.0,0.0,0.0,0.0,0.0,0.24107842595362172,0.23646165978442762,-0.01745495055363255,-0.019309766199605557
49.0,23.5,0.0,0.0,0.0,0.0,0.0,0.0,0.0,0.0,0.0,0.0,0.0,0.0,0.24104243431771094,0.23642621682244994,-0.017468566895535564,-0.019324889468689065
49.0,24.0,0.0,0.0,0.0,0.0,0.0,0.0,0.0,0.0,0.0,0.0,0.0,0.0,0.2410065201049164,0.23639085089225567,-0.01748216656351103,-0.019339993937264124
50.0,0.5,0.0,0.0,0.0,0.0,0.0,0.0,0.0,0.0,0.0,0.0,0.0,0.0,0.24097068299636987,0.23635556167777344,-0.017495749610491336,-0.019355079663824423
50.0,1.0,0.0,0.0,0.0,0.0,0.0,0.0,0.0,0.0,0.0,0.0,0.0,0.0,0.24093492267513375,0.23632034886482406,-0.017509316089140126,-0.01937014670657586
50.0,1.5,0.0,0.0,0.0,0.0,0.0,0.0,0.0,0.0,0.0,0.0,0.0,0.0,0.24089923882618547,0.23628521214110576,-0.01752286605185437,-0.01938519512343832
50.0,2.0,0.0,0.0,0.0,0.0,0.0,0.0,0.0,0.0,0.0,0.0,0.0,0.0,0.24086363113640244,0.23625015119617915,-0.017536399550766007,-0.019400224972047846
50.0,2.5,0.0,0.0,0.0,0.0,0.0,0.0,0.0,0.0,0.0,0.0,0.0,0.0,0.24082809929454643,0.2362151657214531,-0.0175499166377441,-0.01941523630975828
50.0,3.0,0.0,0.0,0.0,0.0,0.0,0.0,0.0,0.0,0.0,0.0,0.0,0.0,0.2407926429912491,0.23618025541016974,-0.017563417364396438,-0.019430229193643404
50.0,3.5,0.0,0.0,0.0,0.0,0.0,0.0,0.0,0.0,0.0,0.0,0.0,0.0,0.24075726191899688,0.2361454199573906,-0.017576901782071434,-0.019445203680498634
50.0,4.0,0.0,0.0,0.0,0.0,0.0,0.0,0.0,0.0,0.0,0.0,0.0,0.0,0.24072195577211625,0.2361106590599821,-0.017590369941859973,-0.01946015982684311
50.0,4.5,0.0,0.0,0.0,0.0,0.0,0.0,0.0,0.0,0.0,0.0,0.0,0.0,0.24068672424675933,0.23607597241660175,-0.01760382189459717,-0.019475097688921278
50.0,5.0,0.0,0.0,0.0,0.0,0.0,0.0,0.0,0.0,0.0,0.0,0.0,0.0,0.24065156704088933,0.23604135972768409,-0.017617257690864162,-0.019490017322704927
50.0,5.5,0.0,0.0,0.0,0.0,0.0,0.0,0.0,0.0,0.0,0.0,0.0,0.0,0.24061648385426643,0.23600682069542697,-0.017630677380989824,-0.019504918783894928
50.0,6.0,0.0,0.0,0.0,0.0,0.0,0.0,0.0,0.0,0.0,0.0,0.0,0.0,0.2405814743884335,0.23597235502377809,-0.017644081015052594,-0.019519802127923
50.0,6.5,0.0,0.0,0.0,0.0,0.0,0.0,0.0,0.0,0.0,0.0,0.0,0.0,0.24054653834670228,0.23593796241842108,-0.017657468642882087,-0.019534667409953636
50.0,7.0,0.0,0.0,0.0,0.0,0.0,0.0,0.0,0.0,0.0,0.0,0.0,0.0,0.2405116754341394,0.23590364258676266,-0.01767084031406093,-0.01954951468488565
50.0,7.5,0.0,0.0,0.0,0.0,0.0,0.0,0.0,0.0,0.0,0.0,0.0,0.0,0.24047688535755268,0.23586939523791886,-0.01768419607792639,-0.019564344007354188
50.0,8.0,0.0,0.0,0.0,0.0,0.0,0.0,0.0,0.0,0.0,0.0,0.0,0.0,0.24044216782547775,0.23583522008270233,-0.017697535983571988,-0.019579155431732283
50.0,8.5,0.0,-0.013923656507831573,0.0,0.2710941760063138,0.0,0.0,0.0,0.0,0.0,0.4199227556084171,0.0,0.0,0.24040752254816417,0.23580111683360908,-0.0177108600798494,-0.019593949012132628
50.0,9.0,0.0,-0.021770358484288696,0.0,0.3719482749152205,0.0,37.0,0.0,0.0,0.0,0.46305049598015513,0.0,0.0,0.24037294923756267,0.23573253891837473,-0.017724168415369782,-0.019623737626366808
50.0,9.5,0.0,-0.024624980712350288,0.0,0.37112501389256675,0.0,37.0,0.0,0.0,0.0,0.3822206899986575,0.0,0.0,0.24033844760731143,0.23565118022033435,-0.01773746103850573,-0.019659147918203456
50.0,10.0,0.0,-0.028222007852882793,0.0,0.37051218752173426,0.0,37.0,0.0,0.0,0.0,0.31259981552486216,0.0,0.0,0.24030401737272347,0.23556999748632473,-0.017750737997392605,-0.019694557534183425
50.0,10.5,0.0,-0.03385466432437341,0.0,0.3700749323950786,0.0,37.0,0.0,0.0,0.0,0.23754809636928836,0.0,0.0,0.24026965825077343,0.23548896361917426,-0.017763999339930375,-0.01972997802661747
50.0,11.0,0.0,-0.04105733008967998,0.0,0.3697877696356757,0.0,37.0,0.0,0.0,0.0,0.18993268788165033,0.0,0.0,0.2402353699600848,0.2354080559660728,-0.017777245113785138,-0.019765419099540094
50,11.5,0.18614054616704762,0.1962726504276733,0.011171929145759405,0.3920130875455039,30.63829861814634,36.77677947018941,True,True,0.004654614120317551,0.16912522577652317,0.0,0.0,0.24020115222091742,0.2353272551226632,-0.017790475366390602,-0.019800889113617968
50,12.0,0.6705115741458296,0.7027898361212042,0.04330280739093832,0.3629021135744824,30.305293752252954,36.145371741287114,True,True,0.015932757065066486,0.13801136220451382,0.0,0.0,0.2401655810850857,0.23524369198471537,-0.01780424134706602,-0.01983765152518443
50,12.5,1.1021020274912878,1.1537722498046614,0.07559780051934567,0.36325746794684427,30.011030854321216,35.4775661866862,True,True,0.025085622919980816,0.12421100626453896,0.0,0.0,0.24012598541878463,0.23516390820449834,-0.017819579744834373,-0.019872827174186605
50,13.0,1.4758098603524568,1.5419659494542752,0.10543828044020326,0.36187162657276745,29.81447452895501,34.809602468088286,True,True,0.032672931209279776,0.11552457462462024,0.0,0.0,0.24008234403349082,0.2350841485327484,-0.017836503598832133,-0.019908066500771288
50,13.5,1.8662056792418642,1.9415284073575794,0.1383775419174911,0.34093573399057175,29.622441359819938,33.919908808198564,True,True,0.040240472169269244,0.10186681222072377,0.0,0.0,0.24003496944134373,0.23500463458353782,-0.01785489684973124,-0.019943271396240917
50,14.0,2.1804719730204103,2.262360834900548,0.1670884549182489,0.35122623231818545,29.439592931341032,33.29080868611682,True,True,0.04587980509279222,0.09856422977454107,0.0,0.0,0.23998346648422827,0.23492785740457564,-0.01787491858907851,-0.019977334995198975
50,14.5,2.5776988700439523,2.6651131086679003,0.2048715052197864,0.37026555092989105,29.245998413801125,32.547946960909236,True,True,0.05288378532268012,0.09754797760477771,0.0,0.0,0.23992837372219541,0.2348498374615672,-0.017896365482194636,-0.020012021007017666
50,15.0,2.670945875168983,2.759131983496337,0.21156402818419895,0.3757736979253279,29.24441459187849,32.47351760323921,True,True,0.054785639989318506,0.09898437793619409,0.0,0.0,0.23986853479887568,0.2347694596012176,-0.017919694739011928,-0.020047830366713735
50,15.5,2.520311712791537,2.6044382568939075,0.1930655482329333,0.3605077590154971,29.398363125193768,32.73366504910666,True,True,0.05274282267549459,0.09984142881782455,0.0,0.0,0.2398079113997368,0.23468844787321236,-0.017943366797041976,-0.0200839994008644
50,16.0,2.4529820888615266,2.535926736592145,0.18301269083543126,0.3603519920207181,29.511453921016553,33.02860880238221,True,True,0.05210904177691217,0.10379236379541436,0.0,0.0,0.23974971341893897,0.23460944931349567,-0.01796612684473611,-0.02011934452088749
50,16.5,2.185695702742863,2.262852697861442,0.1557682698951882,0.3524861271177055,29.718688525551386,33.54870287466509,True,True,0.047752512680193225,0.10893112447593108,0.0,0.0,0.2396928643432304,0.23453053812851488,-0.017988392581450612,-0.020154724562755886
50.0,17.0,0.0,0.0,0.0,0.0,0.0,0.0,0.0,0.0,0.0,0.0,0.0,0.0,0.23963955467895146,0.2344526965767861,-0.01800930193523737,-0.020189697683637688
50.0,17.5,0.0,0.0,0.0,0.0,0.0,0.0,0.0,0.0,0.0,0.0,0.0,0.0,0.23960616231737597,0.23441984031955573,-0.018022413986746776,-0.020204481238816397
50.0,18.0,0.0,0.0,0.0,0.0,0.0,0.0,0.0,0.0,0.0,0.0,0.0,0.0,0.23957283701419818,0.23438705080939068,-0.018035511048408576,-0.020219247621586757
50.0,18.5,0.0,0.0,0.0,0.0,0.0,0.0,0.0,0.0,0.0,0.0,0.0,0.0,0.23953957851137872,0.23435432778992035,-0.018048593164721783,-0.020233996882044372
50.0,19.0,0.0,0.0,0.0,0.0,0.0,0.0,0.0,0.0,0.0,0.0,0.0,0.0,0.23950638655234932,0.23432167100621218,-0.018061660379969948,-0.020248729070053345
50.0,19.5,0.0,0.0,0.0,0.0,0.0,0.0,0.0,0.0,0.0,0.0,0.0,0.0,0.23947326088200183,0.23428908020476133,-0.018074712738222386,-0.020263444235247677
50.0,20.0,0.0,0.0,0.0,0.0,0.0,0.0,0.0,0.0,0.0,0.0,0.0,0.0,0.23944020124667664,0.23425655513347987,-0.01808775028333593,-0.020278142427032828
50.0,20.5,0.0,0.0,0.0,0.0,0.0,0.0,0.0,0.0,0.0,0.0,0.0,0.0,0.23940720739415214,0.23422409554168663,-0.018100773058956233,-0.02029282369458708
50.0,21.0,0.0,0.0,0.0,0.0,0.0,0.0,0.0,0.0,0.0,0.0,0.0,0.0,0.2393742790736333,0.23419170118009672,-0.018113781108519366,-0.02030748808686295
50.0,21.5,0.0,0.0,0.0,0.0,0.0,0.0,0.0,0.0,0.0,0.0,0.0,0.0,0.2393414160357411,0.23415937180081137,-0.018126774475253134,-0.020322135652588738
50.0,22.0,0.0,0.0,0.0,0.0,0.0,0.0,0.0,0.0,0.0,0.0,0.0,0.0,0.23930861803250175,0.23412710715730778,-0.01813975320217866,-0.020336766440269844
50.0,22.5,0.0,0.0,0.0,0.0,0.0,0.0,0.0,0.0,0.0,0.0,0.0,0.0,0.23927588481733605,0.23409490700442917,-0.0181527173321117,-0.02035138049819011
50.0,23.0,0.0,0.0,0.0,0.0,0.0,0.0,0.0,0.0,0.0,0.0,0.0,0.0,0.23924321614504876,0.23406277109837467,-0.018165666907664146,-0.02036597787441339
50.0,23.5,0.0,0.0,0.0,0.0,0.0,0.0,0.0,0.0,0.0,0.0,0.0,0.0,0.23921061177181835,0.23403069919668962,-0.01817860197124533,-0.020380558616784783
50.0,24.0,0.0,0.0,0.0,0.0,0.0,0.0,0.0,0.0,0.0,0.0,0.0,0.0,0.23917807145518657,0.23399869105825571,-0.018191522565063505,-0.020395122772932005
51.0,0.5,0.0,0.0,0.0,0.0,0.0,0.0,0.0,0.0,0.0,0.0,0.0,0.0,0.2391455949540482,0.23396674644328141,-0.01820442873112715,-0.020409670390266848
51.0,1.0,0.0,0.0,0.0,0.0,0.0,0.0,0.0,0.0,0.0,0.0,0.0,0.0,0.23911318202864104,0.23393486511329215,-0.01821732051124637,-0.02042420151598641
51.0,1.5,0.0,0.0,0.0,0.0,0.0,0.0,0.0,0.0,0.0,0.0,0.0,0.0,0.2390808324405358,0.23390304683112112,-0.018230197947034225,-0.020438716197074488
51.0,2.0,0.0,0.0,0.0,0.0,0.0,0.0,0.0,0.0,0.0,0.0,0.0,0.0,0.239048545952626,0.23387129136089965,-0.018243061079908106,-0.020453214480302913
51.0,2.5,0.0,0.0,0.0,0.0,0.0,0.0,0.0,0.0,0.0,0.0,0.0,0.0,0.23901632232911865,0.23383959846804794,-0.018255909951090922,-0.020467696412232762
51.0,3.0,0.0,0.0,0.0,0.0,0.0,0.0,0.0,0.0,0.0,0.0,0.0,0.0,0.23898416133552378,0.23380796791926578,-0.018268744601612652,-0.020482162039215834
51.0,3.5,0.0,0.0,0.0,0.0,0.0,0.0,0.0,0.0,0.0,0.0,0.0,0.0,0.2389520627386455,0.23377639948252343,-0.018281565072311372,-0.020496611407395785
51.0,4.0,0.0,0.0,0.0,0.0,0.0,0.0,0.0,0.0,0.0,0.0,0.0,0.0,0.2389200263065718,0.23374489292705244,-0.01829437140383477,-0.02051104456270946
51.0,4.5,0.0,0.0,0.0,0.0,0.0,0.0,0.0,0.0,0.0,0.0,0.0,0.0,0.2388880518086657,0.23371344802333682,-0.018307163636641238,-0.020525461550888222
51.0,5.0,0.0,0.0,0.0,0.0,0.0,0.0,0.0,0.0,0.0,0.0,0.0,0.0,0.2388561390155552,0.2336820645431039,-0.01831994181100133,-0.02053986241745911
51.0,5.5,0.0,0.0,0.0,0.0,0.0,0.0,0.0,0.0,0.0,0.0,0.0,0.0,0.23882428769912464,0.23365074225931556,-0.018332705966998767,-0.020554247207746193
51.0,6.0,0.0,0.0,0.0,0.0,0.0,0.0,0.0,0.0,0.0,0.0,0.0,0.0,0.23879249763250504,0.2336194809461596,-0.01834545614453194,-0.020568615966871717
51.0,6.5,0.0,0.0,0.0,0.0,0.0,0.0,0.0,0.0,0.0,0.0,0.0,0.0,0.23876076859006515,0.2335882803790409,-0.018358192383314948,-0.02058296873975741
51.0,7.0,0.0,0.0,0.0,0.0,0.0,0.0,0.0,0.0,0.0,0.0,0.0,0.0,0.23872910034740247,0.23355714033457278,-0.018370914722878846,-0.020597305571125633
51.0,7.5,0.0,0.0,0.0,0.0,0.0,0.0,0.0,0.0,0.0,0.0,0.0,0.0,0.2386974926813341,0.23352606059056863,-0.018383623202572936,-0.02061162650550067
51.0,8.0,0.0,-0.017462652915772106,0.0,0.2805645518592359,0.0,0.0,0.0,0.0,0.0,0.596863550216392,0.0,0.0,0.2386659453698881,0.2334950409260331,-0.018396317861565925,-0.020625931587209916
51.0,8.5,0.0,-0.023285931932120304,0.0,0.35169811642081233,0.0,37.0,0.0,0.0,0.0,0.7063844261817205,0.0,0.0,0.23863445819229454,0.23342832799833277,-0.01840899873884708,-0.020656737132655964
51.0,9.0,0.0,-0.02623818120621908,0.0,0.35084286335343917,0.0,37.0,0.0,0.0,0.0,0.5395067908945654,0.0,0.0,0.2386030309289768,0.23335260996325913,-0.018421665873227404,-0.020691767343825503
51.0,9.5,0.0,-0.032167185082288996,0.0,0.3501871812259979,0.0,37.0,0.0,0.0,0.0,0.35664725828869326,0.0,0.0,0.23857166336154323,0.2332770603390162,-0.018434319303340815,-0.020726790207655582
51.0,10.0,0.0,-0.03774009644101384,0.0,0.3496987493790681,0.0,37.0,0.0,0.0,0.0,0.2717439222523428,0.0,0.0,0.23854035527277812,0.23320165347741056,-0.018446959067645315,-0.020761817343053022
51.0,10.5,0.0,-0.043770036373933535,0.0,0.34934996369680477,0.0,37.0,0.0,0.0,0.0,0.21908858980401655,0.0,0.0,0.23850910644663365,0.23312636785011082,-0.01845958520442409,-0.02079685854461986
51,11.0,0.17289684262516497,0.18142955984119086,0.009187646210879651,0.4677111169947773,31.26363274871717,36.85054782527259,True,True,0.004794751470299592,0.25832858669057923,0.0,0.0,0.23847791666822124,0.2330511854475973,-0.01847219775178673,-0.02083192204411555
51,11.5,0.9197208455713328,0.9602102082562196,0.05670544734557731,0.3456173381356326,30.619471033287653,35.919650207894165,True,True,0.022930607041961214,0.1473960514467099,0.0,0.0,0.23844561491643937,0.23296097851859704,-0.018485270784531167,-0.020874085669690314
51,12.0,1.8246707186555704,1.8996819239789087,0.1317029796634866,0.3503447082330314,29.822632298867653,34.25008499472092,True,True,0.04044227135223453,0.11170852812010643,0.0,0.0,0.23840731646021912,0.23288638869354242,-0.018500785064855925,-0.02090902651897657
51,12.5,2.5592313397369573,2.648023759916776,0.20327935131925962,0.3703276899488301,29.329170325336975,32.72973438424803,True,True,0.05307419865208576,0.09991010070619696,0.0,0.0,0.23835951926936538,0.2328112545893112,-0.018520168945595817,-0.020944292803500884
51,13.0,2.5561495470285704,2.643185381249388,0.19657720075173818,0.36237668310436144,29.48876178335938,32.878815405225836,True,True,0.05413659829412494,0.10305204029850112,0.0,0.0,0.23830265910158316,0.23273363193126625,-0.018543259789689154,-0.020980801617027894
51,13.5,3.0606950969300364,3.1441911076889824,0.2521617999977098,0.3741283833053762,29.12031748964411,31.655538023264686,True,True,0.06179133694276938,0.09425208547165403,0.0,0.0,0.23824671099791964,0.23265708021700077,-0.018566013734337413,-0.021016881013108283
51,14.0,3.2546709804984264,3.3348851041234617,0.26777189718637606,0.37909380784359104,29.108791567166847,31.359982851008972,True,True,0.06561147801473552,0.09514083380876114,0.0,0.0,0.23818373737614026,0.23257908846831168,-0.018591664745789986,-0.021053715156384628
51,14.5,3.7017031619639607,3.7611828742385054,0.32042675743586047,0.38818192461011086,28.8272115247472,30.172745323475414,True,True,0.07205225484776823,0.08910691477915711,0.0,0.0,0.23811883209146004,0.23250052127297965,-0.01861814678112021,-0.021090898868948136
51,15.0,3.8428373577516677,3.894226845864118,0.335079036737827,0.3924528761105617,28.764330813557972,29.87696470458983,True,True,0.0742282727853917,0.08834592667677876,0.0,0.0,0.23804727422057342,0.23242085305968269,-0.01864739524850781,-0.021128683589359053
51,15.5,4.019356756980096,4.055109185028366,0.3517297038030478,0.39026806150219673,28.721261251724457,29.431684867703265,True,True,0.07723401641529415,0.08674139936681458,0.0,0.0,0.23797390633348292,0.2323406974891296,-0.018677440398397183,-0.021166780874591163
51,16.0,3.9631621788344855,4.000469386930758,0.3419692816201133,0.3870301496500382,28.767879939257142,29.542087659345185,True,True,0.07658547012042818,0.08739024217691345,0.0,0.0,0.23789847356634494,0.23226087703456738,-0.01870839130095948,-0.02120480024349675
51,16.5,3.6823485557950657,3.731129011664925,0.3084867301617883,0.3849555314129219,28.889541288637716,30.28301220220545,True,True,0.07222635025563921,0.0904632995400105,0.0,0.0,0.237824341355233,0.23218152569315031,-0.0187388681277739,-0.021242676845232497
51.0,17.0,0.0,0.0,0.0,0.0,0.0,0.0,0.0,0.0,0.0,0.0,0.0,0.0,0.23775453247563053,0.23210249502221958,-0.01876762166500181,-0.0212804805316383
51.0,17.5,0.0,0.0,0.0,0.0,0.0,0.0,0.0,0.0,0.0,0.0,0.0,0.0,0.23772409127601038,0.2320725764038243,-0.018780176530132968,-0.021294812775220818
51.0,18.0,0.0,0.0,0.0,0.0,0.0,0.0,0.0,0.0,0.0,0.0,0.0,0.0,0.23769370623310868,0.2320427136828344,-0.018792718215018312,-0.021309129711781505
51.0,18.5,0.0,0.0,0.0,0.0,0.0,0.0,0.0,0.0,0.0,0.0,0.0,0.0,0.23766337714854305,0.2320129066614504,-0.018805246755538393,-0.021323431382540878
51.0,19.0,0.0,0.0,0.0,0.0,0.0,0.0,0.0,0.0,0.0,0.0,0.0,0.0,0.23763310382497907,0.23198315514289583,-0.018817762187410304,-0.021337717828543514
51.0,19.5,0.0,0.0,0.0,0.0,0.0,0.0,0.0,0.0,0.0,0.0,0.0,0.0,0.2376028860661226,0.23195345893141037,-0.01883026454618887,-0.021351989090658954
51.0,20.0,0.0,0.0,0.0,0.0,0.0,0.0,0.0,0.0,0.0,0.0,0.0,0.0,0.23757272367671217,0.23192381783224303,-0.01884275386726776,-0.021366245209582756
51.0,20.5,0.0,0.0,0.0,0.0,0.0,0.0,0.0,0.0,0.0,0.0,0.0,0.0,0.23754261646251182,0.23189423165164533,-0.018855230185880558,-0.021380486225837544
51.0,21.0,0.0,0.0,0.0,0.0,0.0,0.0,0.0,0.0,0.0,0.0,0.0,0.0,0.23751256423030334,0.23186470019686428,-0.018867693537101934,-0.02139471217977401
51.0,21.5,0.0,0.0,0.0,0.0,0.0,0.0,0.0,0.0,0.0,0.0,0.0,0.0,0.23748256678787938,0.23183522327613604,-0.01888014395584861,-0.021408923111571828
51.0,22.0,0.0,0.0,0.0,0.0,0.0,0.0,0.0,0.0,0.0,0.0,0.0,0.0,0.23745262394403582,0.23180580069867893,-0.01889258147688057,-0.02142311906124077
51.0,22.5,0.0,0.0,0.0,0.0,0.0,0.0,0.0,0.0,0.0,0.0,0.0,0.0,0.23742273550856483,0.23177643227468694,-0.018905006134802026,-0.021437300068621618
51.0,23.0,0.0,0.0,0.0,0.0,0.0,0.0,0.0,0.0,0.0,0.0,0.0,0.0,0.23739290129224774,0.23174711781532328,-0.018917417964062513,-0.021451466173387147
51.0,23.5,0.0,0.0,0.0,0.0,0.0,0.0,0.0,0.0,0.0,0.0,0.0,0.0,0.237363121106848,0.23171785713271364,-0.0189298169989579,-0.02146561741504313
51.0,24.0,0.0,0.0,0.0,0.0,0.0,0.0,0.0,0.0,0.0,0.0,0.0,0.0,0.23733339476510423,0.23168865003994008,-0.018942203273631445,-0.021479753832929237
52.0,0.5,0.0,0.0,0.0,0.0,0.0,0.0,0.0,0.0,0.0,0.0,0.0,0.0,0.2373037220807232,0.23165949635103422,-0.018954576822074822,-0.021493875466220048
52.0,1.0,0.0,0.0,0.0,0.0,0.0,0.0,0.0,0.0,0.0,0.0,0.0,0.0,0.23727410286837322,0.23163039588097137,-0.018966937678129073,-0.021507982353925998
52.0,1.5,0.0,0.0,0.0,0.0,0.0,0.0,0.0,0.0,0.0,0.0,0.0,0.0,0.23724453694367703,0.2316013484456638,-0.018979285875485745,-0.02152207453489428
52.0,2.0,0.0,0.0,0.0,0.0,0.0,0.0,0.0,0.0,0.0,0.0,0.0,0.0,0.23721502412320541,0.23157235386195488,-0.018991621447687738,-0.021536152047809818
52.0,2.5,0.0,0.0,0.0,0.0,0.0,0.0,0.0,0.0,0.0,0.0,0.0,0.0,0.23718556422447046,0.23154341194761258,-0.01900394442813036,-0.021550214931196167
52.0,3.0,0.0,0.0,0.0,0.0,0.0,0.0,0.0,0.0,0.0,0.0,0.0,0.0,0.23715615706591878,0.23151452252132354,-0.01901625485006232,-0.02156426322341653
52.0,3.5,0.0,0.0,0.0,0.0,0.0,0.0,0.0,0.0,0.0,0.0,0.0,0.0,0.23712680246692525,0.23148568540268694,-0.019028552746586647,-0.02157829696267447
52.0,4.0,0.0,0.0,0.0,0.0,0.0,0.0,0.0,0.0,0.0,0.0,0.0,0.0,0.23709750024778647,0.23145690041220854,-0.01904083815066159,-0.02159231618701501
52.0,4.5,0.0,0.0,0.0,0.0,0.0,0.0,0.0,0.0,0.0,0.0,0.0,0.0,0.23706825022971412,0.2314281673712945,-0.01905311109510175,-0.021606320934325445
52.0,5.0,0.0,0.0,0.0,0.0,0.0,0.0,0.0,0.0,0.0,0.0,0.0,0.0,0.2370390522348289,0.23139948610224573,-0.01906537161257888,-0.021620311242336245
52.0,5.5,0.0,0.0,0.0,0.0,0.0,0.0,0.0,0.0,0.0,0.0,0.0,0.0,0.23700990608615427,0.23137085642825164,-0.01907761973562275,-0.02163428714862197
52.0,6.0,0.0,0.0,0.0,0.0,0.0,0.0,0.0,0.0,0.0,0.0,0.0,0.0,0.23698081160760978,0.23134227817338468,-0.019089855496622284,-0.021648248690602136
52.0,6.5,0.0,0.0,0.0,0.0,0.0,0.0,0.0,0.0,0.0,0.0,0.0,0.0,0.23695176862400547,0.2313137511625943,-0.019102078927826224,-0.021662195905542116
52.0,7.0,0.0,0.0,0.0,0.0,0.0,0.0,0.0,0.0,0.0,0.0,0.0,0.0,0.23692277696103528,0.23128527522170134,-0.019114290061344245,-0.021676128830553885
52.0,7.5,0.0,0.0,0.0,0.0,0.0,0.0,0.0,0.0,0.0,0.0,0.0,0.0,0.23689383644527126,0.23125685017739225,-0.01912648892914771,-0.021690047502597103
52.0,8.0,0.0,0.0,0.0,0.0,0.0,0.0,0.0,0.0,0.0,0.0,0.0345141892736398,0.011808906237311944,0.23686494690415738,0.2312284758572135,-0.01913867556307065,-0.021703951958479763
52.0,8.5,0.0,-0.02783846724327676,0.0,0.3905380328370633,0.0,37.0,0.0,0.0,0.0,0.6310845576477804,0.1818985052547956,0.062243207862061285,0.2368317099266681,0.2311986472477309,-0.019152707546542073,-0.021718580521544316
52.0,9.0,0.0,-0.03272972707233773,0.0,0.39137373813793813,0.0,37.0,0.0,0.0,0.0,0.47040263250975833,0.3507338472285217,0.11769663050678816,0.23677974198714016,0.23111267468638863,-0.019174671939756537,-0.02176080900342156
52.0,9.5,0.0,-0.04324005512944307,0.0,0.3920121173352516,0.0,37.0,0.0,0.0,0.0,0.28498594588465853,0.5422026894599921,0.17833126805520302,0.2367063093515685,0.2310195792564595,-0.01920575963422446,-0.021806646506228117
52,10.0,0.7794460711725641,0.8128872422135685,0.044391655237548545,0.36547114319366647,30.907104303328307,36.214111242606066,True,True,0.020350661326291115,0.17636599043513634,0.7173046956964542,0.23108206398018255,0.23660852760080506,0.23091872567803362,-0.019247248797615694,-0.02185643378059782
52,10.5,1.8101382344267145,1.8851889091509848,0.12385689658854263,0.37182413813543663,30.02148885573487,34.580638190148136,True,True,0.04126341786352189,0.12824170485559752,0.8956587263845858,0.28305237383483695,0.2364828252857408,0.23081458198353513,-0.019300741749928397,-0.021907987451922142
52,11.0,3.1005341370281174,3.1895091177025012,0.2540434148467935,0.3918106774127337,29.112630227583097,31.799033096953835,True,True,0.0625346263695233,0.09926099587051783,1.0683891509776087,0.3313233806815536,0.23632431829955755,0.23070305569490873,-0.019368447545360615,-0.021963356427600205
52,11.5,4.127884298537268,4.156750993732452,0.3755832020971107,0.4008825098337517,28.550329606511646,29.09566820402037,True,True,0.07771484689519893,0.08501281752047209,1.148378004108025,0.34958270417029275,0.23612725955376027,0.23058288069750588,-0.01945301562618627,-0.022023205923611493
52,12.0,4.52215864622778,4.511600042325329,0.42779268994185055,0.41161909751585424,28.339639709706354,28.09837071798829,True,True,0.08306653281664017,0.08182253803535888,1.239913693574973,0.37078841650602457,0.2359045690765413,0.23045927218952864,-0.019549113694938065,-0.022084968209735954
52,12.5,5.003133776112898,4.892937911499573,0.4859724873006096,0.38971423217803675,28.202991823264604,26.393888108485296,True,True,0.0904739122591865,0.0743454412538381,1.2366082354148558,0.3630067118583223,0.23566361021070367,0.23033164239507134,-0.019653733006017502,-0.022148956450561915
52,13.0,5.305059242887885,5.144624606448792,0.524912295027563,0.39672093569732025,28.094723378089114,25.689824487924497,True,True,0.09476742387772112,0.07328837631789079,1.1720316138053934,0.33824732980201444,0.2354157078507249,0.23020784468865385,-0.019762063995231612,-0.022211234597951608
52,13.5,5.920802354034613,5.654122280992197,0.6098381417575989,0.42047117619035435,27.865772513514532,24.466902930605002,True,True,0.10311574710350568,0.07263342240363313,1.1521998114832293,0.32665779571370956,0.235171121593944,0.2300863581378742,-0.01986964382891215,-0.02227255302653136
52,14.0,6.277038271057233,5.928521714821144,0.6534232556416341,0.42671539668322317,27.78620140283352,23.691778431324877,True,True,0.10837579951544278,0.07202221215853412,1.0495093972953422,0.29194142606065826,0.23491828919173413,0.22996337063415853,-0.019981584963825152,-0.022334834596587663
52,14.5,6.448556815805533,6.046386804921999,0.673287098161166,0.42304618709487646,27.749192155213642,23.137430133768852,True,True,0.1108917208896634,0.07065108985125065,0.9086299571990423,0.2477684197575759,0.23467303755110103,0.22984405997377516,-0.020090888394151577,-0.022395452585068754
52,15.0,6.802113577458426,6.277141001754755,0.7362783186064623,0.43099489043678774,27.522321977351503,21.877485270035177,False,True,0.11417162457599891,0.06748812984149229,0.7600480393588571,0.20302545350508908,0.23444325591294107,0.22973089437733407,-0.020193944156531553,-0.022453129680087242
52,15.5,6.378964510296099,5.9935952959670304,0.6701961227334695,0.4207775351949402,27.664342382250027,22.84356326162287,False,True,0.10869799164531206,0.06862033306036366,0.5835553570843616,0.15258913042492395,0.23422442982346195,0.2296224658131943,-0.02029267243653284,-0.022508558551146394
52,16.0,6.023902849028838,5.74584134046457,0.622265984598402,0.4193553360780439,27.73051578367776,23.32361166167683,False,False,0.1033805013374052,0.0697866365196308,0.40102628895966197,0.1024166265470805,0.23403656405513673,0.22952181459373708,-0.020377891366609086,-0.022560157599570738
52,16.5,5.224622870000831,5.105389717807708,0.5194338401819153,0.406018208635141,27.908427551962916,24.802621391394496,False,False,0.0914180941296754,0.07127759250065495,0.2157258208956416,0.05366198927324395,0.2338781145157109,0.2294277861498339,-0.02045009826619892,-0.022608488846010584
52.0,17.0,0.0,0.0,0.0,0.0,0.0,0.0,0.0,0.0,0.0,0.0,0.0,0.0,0.23375643053046427,0.22934171799342898,-0.020505757780914683,-0.022652836629603917
52.0,17.5,0.0,0.0,0.0,0.0,0.0,0.0,0.0,0.0,0.0,0.0,0.0,0.0,0.2337284778453077,0.22931427576957938,-0.020518569110804262,-0.02266699839391159
52.0,18.0,0.0,0.0,0.0,0.0,0.0,0.0,0.0,0.0,0.0,0.0,0.0,0.0,0.23370057285958326,0.22928688099309305,-0.020531368092388366,-0.022681146195185544
52.0,18.5,0.0,0.0,0.0,0.0,0.0,0.0,0.0,0.0,0.0,0.0,0.0,0.0,0.2336727154180328,0.22925953350835082,-0.02054415475639355,-0.022695280068308708
52.0,19.0,0.0,0.0,0.0,0.0,0.0,0.0,0.0,0.0,0.0,0.0,0.0,0.0,0.2336449053661744,0.2292322331604802,-0.020556929133408404,-0.022709400048025626
52.0,19.5,0.0,0.0,0.0,0.0,0.0,0.0,0.0,0.0,0.0,0.0,0.0,0.0,0.2336171425502969,0.2292049797953507,-0.020569691253884515,-0.02272350616894315
52.0,20.0,0.0,0.0,0.0,0.0,0.0,0.0,0.0,0.0,0.0,0.0,0.0,0.0,0.233589426817454,0.22917777325956917,-0.020582441148137533,-0.02273759846553136
52.0,20.5,0.0,0.0,0.0,0.0,0.0,0.0,0.0,0.0,0.0,0.0,0.0,0.0,0.2335617580154592,0.22915061340047507,-0.02059517884634827,-0.022751676972124157
52.0,21.0,0.0,0.0,0.0,0.0,0.0,0.0,0.0,0.0,0.0,0.0,0.0,0.0,0.2335341359928799,0.22912350006613613,-0.020607904378563576,-0.022765741722919976
52.0,21.5,0.0,0.0,0.0,0.0,0.0,0.0,0.0,0.0,0.0,0.0,0.0,0.0,0.23350656059903238,0.2290964331053435,-0.02062061777469747,-0.02277979275198263
52.0,22.0,0.0,0.0,0.0,0.0,0.0,0.0,0.0,0.0,0.0,0.0,0.0,0.0,0.2334790316839763,0.2290694123676074,-0.020633319064531964,-0.022793830093241957
52.0,22.5,0.0,0.0,0.0,0.0,0.0,0.0,0.0,0.0,0.0,0.0,0.0,0.0,0.23345154909850943,0.2290424377031526,-0.02064600827771822,-0.022807853780494523
52.0,23.0,0.0,0.0,0.0,0.0,0.0,0.0,0.0,0.0,0.0,0.0,0.0,0.0,0.23342411269416238,0.2290155089629138,-0.02065868544377739,-0.022821863847404533
52.0,23.5,0.0,0.0,0.0,0.0,0.0,0.0,0.0,0.0,0.0,0.0,0.0,0.0,0.23339672232319353,0.2289886259985316,-0.020671350592101605,-0.022835860327504176
52.0,24.0,0.0,0.0,0.0,0.0,0.0,0.0,0.0,0.0,0.0,0.0,0.0,0.0,0.23336937783858386,0.22896178866234765,-0.0206840037519549,-0.022849843254194663
53.0,0.5,0.0,0.0,0.0,0.0,0.0,0.0,0.0,0.0,0.0,0.0,0.0,0.0,0.23334207909403182,0.22893499680740056,-0.020696644952474176,-0.022863812660746816
53.0,1.0,0.0,0.0,0.0,0.0,0.0,0.0,0.0,0.0,0.0,0.0,0.0,0.0,0.23331482594394828,0.2289082502874216,-0.020709274222670146,-0.022877768580301733
53.0,1.5,0.0,0.0,0.0,0.0,0.0,0.0,0.0,0.0,0.0,0.0,0.0,0.0,0.23328761824345176,0.22888154895683033,-0.020721891591428118,-0.02289171104587142
53.0,2.0,0.0,0.0,0.0,0.0,0.0,0.0,0.0,0.0,0.0,0.0,0.0,0.0,0.23326045584836316,0.22885489267073034,-0.020734497087509136,-0.022905640090339678
53.0,2.5,0.0,0.0,0.0,0.0,0.0,0.0,0.0,0.0,0.0,0.0,0.0,0.0,0.23323333861520126,0.22882828128490504,-0.02074709073955055,-0.02291955574646261
53.0,3.0,0.0,0.0,0.0,0.0,0.0,0.0,0.0,0.0,0.0,0.0,0.0,0.0,0.2332062664011776,0.22880171465581348,-0.02075967257606716,-0.022933458046869377
53.0,3.5,0.0,0.0,0.0,0.0,0.0,0.0,0.0,0.0,0.0,0.0,0.0,0.0,0.23317923906419163,0.2287751926405863,-0.020772242625452107,-0.022947347024062786
53.0,4.0,0.0,0.0,0.0,0.0,0.0,0.0,0.0,0.0,0.0,0.0,0.0,0.0,0.23315225646282633,0.22874871509702138,-0.020784800915977463,-0.02296122271042009
53.0,4.5,0.0,0.0,0.0,0.0,0.0,0.0,0.0,0.0,0.0,0.0,0.0,0.0,0.2331253184563433,0.22872228188357996,-0.02079734747579531,-0.022975085138193522
53.0,5.0,0.0,0.0,0.0,0.0,0.0,0.0,0.0,0.0,0.0,0.0,0.0,0.0,0.2330984249046779,0.22869589285938238,-0.020809882332938588,-0.02298893433951107
53.0,5.5,0.0,0.0,0.0,0.0,0.0,0.0,0.0,0.0,0.0,0.0,0.0,0.0,0.23307157566843503,0.22866954788420427,-0.020822405515321798,-0.023002770346377054
53.0,6.0,0.0,0.0,0.0,0.0,0.0,0.0,0.0,0.0,0.0,0.0,0.0,0.0,0.2330447706088842,0.22864324681847234,-0.020834917050742034,-0.0230165931906728
53.0,6.5,0.0,0.0,0.0,0.0,0.0,0.0,0.0,0.0,0.0,0.0,0.0,0.0,0.23301800958795543,0.22861698952326068,-0.020847416966879466,-0.023030402904157234
53.0,7.0,0.0,0.0,0.0,0.0,0.0,0.0,0.0,0.0,0.0,0.0,0.0,0.0,0.2329912924682343,0.22859077586028634,-0.02085990529129856,-0.023044199518467683
53.0,7.5,0.0,0.0,0.0,0.0,0.0,0.0,0.0,0.0,0.0,0.0,0.0,0.0,0.23296461911295774,0.22856460569190604,-0.020872382051448632,-0.023057983065120274
53.0,8.0,0.0,0.0,0.0,0.0,0.0,0.0,0.0,0.0,0.0,0.0,0.01116019076092266,0.002697250048499143,0.23293798938600982,0.2285384788811118,-0.02088484727466456,-0.023071753575510785
53.0,8.5,0.0,-0.035989233611797955,0.0,0.4145873316736067,0.0,37.0,0.0,0.0,0.0,0.4763155164778065,0.10378708901700871,0.025084198678684222,0.23290998097770313,0.22851205157343593,-0.0208979674224404,-0.02308569243651964
53.0,9.0,0.0,-0.04222392921795137,0.0,0.4162367836823963,0.0,37.0,0.0,0.0,0.0,0.3643224302333599,0.2176517840519327,0.05025191532599981,0.23287021222360563,0.2284299825007653,-0.020916613415353,-0.02312904308426709
53,9.5,0.3884043750816579,0.4041081395134919,0.01861578690539876,0.3919079600679525,31.570406155387925,36.70042108577453,True,True,0.01137975500653775,0.24977841760071126,0.3472720125803622,0.07638939248879982,0.23281597659787953,0.22834453899188578,-0.02094207431122837,-0.023174279277504227
53,10.0,1.1785193147788133,1.2262516775140255,0.06575085399866415,0.37212619314384277,30.94536509050785,35.88028122264772,True,True,0.0309645637049207,0.18239397582893827,0.47957770414110035,0.10056939035867941,0.2327428939337966,0.228258907817076,-0.02097644137216821,-0.023219720627641292
53,10.5,2.1687084313698115,2.250311478601448,0.14235363328870496,0.3662102553019692,30.209470134316554,34.28248622624566,True,True,0.050805852481965466,0.13560230913909443,0.6032368267906304,0.12069513270437149,0.23264698759100988,0.22817275884538274,-0.02102164325681841,-0.023265543924046887
53,11.0,2.899127973778416,2.978403969863895,0.21394899835273307,0.34172077137742474,29.620711415778374,32.28508656387393,True,True,0.06249843398859402,0.1027028178991832,0.6986770947932955,0.13332300425154625,0.2325256041408743,0.22808484162736622,-0.021079019334747758,-0.023312418893735837
53,11.5,3.473560529907984,3.5476855726773926,0.2760692868224099,0.3740004819893252,29.253926202528348,31.209534058572793,True,True,0.07133612054658493,0.09948049765453829,0.7681531877274189,0.14008243888429062,0.2323829775677325,0.22799847838367884,-0.021146675309542097,-0.023358574928829503
53,12.0,4.549705991499565,4.56193550415606,0.399889208637822,0.40641541730789593,28.7318130666147,28.911453409478703,True,True,0.08753652376808807,0.09140215256412006,0.817696064228804,0.14145101760159617,0.23222362386310538,0.22790718255684791,-0.021222572188579775,-0.023407485575210055
53,12.5,5.4713536196313255,5.335747154732337,0.5298070302281883,0.41813913271438047,28.186118639827537,26.176476409066083,True,True,0.09875153069815507,0.07955643466712384,0.8359079523240869,0.13613646942177227,0.2320422204855927,0.22781162375514796,-0.02130936625914649,-0.02345881082099195
53,13.0,5.769404944165195,5.555257746728704,0.5697483729205846,0.4129885962720135,28.080683280631355,25.212776480419066,True,True,0.10290007445537533,0.0761609524205426,0.8051992312884707,0.1227678787816257,0.23184198282812982,0.2277152902370293,-0.021405663313153668,-0.02351068795335491
53,13.5,6.131524858172238,5.836773659419292,0.6184302775697221,0.41993904282898914,27.9568166702442,24.36299045515738,True,True,0.10786074381404906,0.07458604430529503,0.757594194239676,0.10742454505093213,0.23164061080449727,0.22762135855424911,-0.0215030292609529,-0.02356140332980374
53,14.0,6.492446588892189,6.090766356142473,0.669170771773751,0.4211872370386807,27.823509577772526,23.32668004829734,True,True,0.11255065403242626,0.07196097251809995,0.6802157971197585,0.08870783611418312,0.231439143596489,0.2275285381621578,-0.021600969744505757,-0.02361164679405031
53,14.5,6.65899542794326,6.223714284459996,0.6871099932838487,0.4233919087483894,27.801088273880968,22.992708024752844,True,True,0.11515651637501839,0.07188769809948309,0.5802939796168303,0.0687144797210808,0.23124111284647536,0.22743798546418267,-0.021697758059735776,-0.023660785824015228
53,15.0,6.825692217014856,6.3487457231733515,0.7140897372331767,0.4295271791214347,27.70348335963528,22.47309327984577,False,True,0.1167999623616619,0.0709385726936262,0.47799552046050453,0.05044625708475695,0.23105357115545871,0.2273497411319708,-0.021789896554750728,-0.023708789473854294
53,15.5,6.961855100107675,6.405158967131175,0.7561793871448594,0.43536083967465694,27.46435721314038,21.32736604456605,False,False,0.11614252330958977,0.06719246446343845,0.37160250068851913,0.03403038384993678,0.23087566919963368,0.22726308431185413,-0.02187773024316268,-0.023756042508063083
53,16.0,6.605576032613799,6.130290604652045,0.7236113866656423,0.42510495621705596,27.38764813650646,21.29103803615918,False,False,0.10931941073839196,0.06424952253403993,0.25556376892758825,0.019544288903188843,0.2307060031365212,0.2271778172614205,-0.021961890980532143,-0.023802647281520085
53,16.5,5.732772507595644,5.490538410736131,0.6110965451994628,0.41535680404537256,27.51476782967105,22.55121374925907,False,False,0.09614638702660874,0.06513813607285324,0.1396455938739428,0.008459737589409303,0.23055531585281633,0.22709574427231033,-0.022036961139317437,-0.023847609189612384
53.0,17.0,0.0,0.0,0.0,0.0,0.0,0.0,0.0,0.0,0.0,0.0,0.0,0.0,0.23043377970924975,0.22701636704852382,-0.022097731451454765,-0.023891190574478288
53.0,17.5,0.0,0.0,0.0,0.0,0.0,0.0,0.0,0.0,0.0,0.0,0.0,0.0,0.23040795388847596,0.22699103881810254,-0.02211067054826185,-0.02390511678868362
53.0,18.0,0.0,0.0,0.0,0.0,0.0,0.0,0.0,0.0,0.0,0.0,0.0,0.0,0.23038216910325293,0.2269657513328315,-0.022123598092193386,-0.023919030249641787
53.0,18.5,0.0,0.0,0.0,0.0,0.0,0.0,0.0,0.0,0.0,0.0,0.0,0.0,0.2303564252301238,0.22694050446820083,-0.022136514109504405,-0.02393293098706645
53.0,19.0,0.0,0.0,0.0,0.0,0.0,0.0,0.0,0.0,0.0,0.0,0.0,0.0,0.2303307221461933,0.22691529810025762,-0.022149418626345757,-0.023946819030561308
53.0,19.5,0.0,0.0,0.0,0.0,0.0,0.0,0.0,0.0,0.0,0.0,0.0,0.0,0.2303050597291242,0.22689013210560277,-0.022162311668764652,-0.02396069440962053
53.0,20.0,0.0,0.0,0.0,0.0,0.0,0.0,0.0,0.0,0.0,0.0,0.0,0.0,0.23027943785713373,0.22686500636138765,-0.022175193262705534,-0.023974557153629335
53.0,20.5,0.0,0.0,0.0,0.0,0.0,0.0,0.0,0.0,0.0,0.0,0.0,0.0,0.23025385640898996,0.22683992074531092,-0.022188063434010603,-0.023988407291864633
53.0,21.0,0.0,0.0,0.0,0.0,0.0,0.0,0.0,0.0,0.0,0.0,0.0,0.0,0.23022831526400822,0.2268148751356154,-0.022200922208420577,-0.024002244853495336
53.0,21.5,0.0,0.0,0.0,0.0,0.0,0.0,0.0,0.0,0.0,0.0,0.0,0.0,0.23020281430204784,0.22678986941108487,-0.022213769611575222,-0.024016069867583117
53.0,22.0,0.0,0.0,0.0,0.0,0.0,0.0,0.0,0.0,0.0,0.0,0.0,0.0,0.23017735340350845,0.22676490345104064,-0.02222660566901414,-0.024029882363082955
53.0,22.5,0.0,0.0,0.0,0.0,0.0,0.0,0.0,0.0,0.0,0.0,0.0,0.0,0.23015193244932663,0.22673997713533894,-0.022239430406177294,-0.024043682368843473
53.0,23.0,0.0,0.0,0.0,0.0,0.0,0.0,0.0,0.0,0.0,0.0,0.0,0.0,0.23012655132097254,0.22671509034436735,-0.022252243848405698,-0.024057469913607653
53.0,23.5,0.0,0.0,0.0,0.0,0.0,0.0,0.0,0.0,0.0,0.0,0.0,0.0,0.2301012099004466,0.22669024295904192,-0.022265046020942023,-0.02407124502601329
53.0,24.0,0.0,0.0,0.0,0.0,0.0,0.0,0.0,0.0,0.0,0.0,0.0,0.0,0.23007590807027595,0.226665434860804,-0.022277836948931245,-0.024085007734593617
54.0,0.5,0.0,0.0,0.0,0.0,0.0,0.0,0.0,0.0,0.0,0.0,0.0,0.0,0.23005064571351128,0.2266406659316174,-0.02229061665742127,-0.02409875806777758
54.0,1.0,0.0,0.0,0.0,0.0,0.0,0.0,0.0,0.0,0.0,0.0,0.0,0.0,0.2300254227137236,0.22661593605396513,-0.022303385171363464,-0.024112496053890688
54.0,1.5,0.0,0.0,0.0,0.0,0.0,0.0,0.0,0.0,0.0,0.0,0.0,0.0,0.23000023895500077,0.22659124511084658,-0.022316142515613365,-0.02412622172115519
54.0,2.0,0.0,0.0,0.0,0.0,0.0,0.0,0.0,0.0,0.0,0.0,0.0,0.0,0.22997509432194455,0.22656659298577425,-0.022328888714931213,-0.024139935097691002
54.0,2.5,0.0,0.0,0.0,0.0,0.0,0.0,0.0,0.0,0.0,0.0,0.0,0.0,0.22994998869966715,0.22654197956277128,-0.022341623793982576,-0.024153636211515707
54.0,3.0,0.0,0.0,0.0,0.0,0.0,0.0,0.0,0.0,0.0,0.0,0.0,0.0,0.22992492197378825,0.22651740472636808,-0.022354347777338888,-0.02416732509054553
54.0,3.5,0.0,0.0,0.0,0.0,0.0,0.0,0.0,0.0,0.0,0.0,0.0,0.0,0.2298998940304316,0.22649286836159965,-0.0223670606894781,-0.024181001762595473
54.0,4.0,0.0,0.0,0.0,0.0,0.0,0.0,0.0,0.0,0.0,0.0,0.0,0.0,0.22987490475622224,0.22646837035400252,-0.0223797625547852,-0.02419466625538015
54.0,4.5,0.0,0.0,0.0,0.0,0.0,0.0,0.0,0.0,0.0,0.0,0.0,0.0,0.22984995403828312,0.22644391058961205,-0.022392453397552827,-0.02420831859651395
54.0,5.0,0.0,0.0,0.0,0.0,0.0,0.0,0.0,0.0,0.0,0.0,0.0,0.0,0.22982504176423216,0.2264194889549594,-0.022405133241981793,-0.024221958813511853
54.0,5.5,0.0,0.0,0.0,0.0,0.0,0.0,0.0,0.0,0.0,0.0,0.0,0.0,0.22980016782217913,0.22639510533706889,-0.022417802112181726,-0.024235586933789622
54.0,6.0,0.0,0.0,0.0,0.0,0.0,0.0,0.0,0.0,0.0,0.0,0.0,0.0,0.22977533210072285,0.226370759623455,-0.022430460032171445,-0.0242492029846645
54.0,6.5,0.0,0.0,0.0,0.0,0.0,0.0,0.0,0.0,0.0,0.0,0.0,0.0,0.2297505344889478,0.22634645170211967,-0.02244310702587976,-0.02426280699335563
54.0,7.0,0.0,0.0,0.0,0.0,0.0,0.0,0.0,0.0,0.0,0.0,0.0,0.0,0.22972577487642157,0.22632218146154953,-0.022455743117145828,-0.024276398986984533
54.0,7.5,0.0,0.0,0.0,0.0,0.0,0.0,0.0,0.0,0.0,0.0,0.0,0.0,0.22970105315319175,0.22629794879071322,-0.02246836832971969,-0.024289978992575508
54.0,8.0,0.0,0.0,0.0,0.0,0.0,0.0,0.0,0.0,0.0,0.0,0.0045107781393799945,0.00019746245736932473,0.2296763692097828,0.2262737535790584,-0.022480982687263017,-0.024303547037056263
54,8.5,0.2683946637967411,0.2791299305351923,0.011953119357627192,0.3443211185983773,31.77691483054788,36.7756704597523,True,True,0.008174530918356557,0.2401578164883301,0.06077687061539523,0.0026605532972181468,0.229651148116163,0.22624957055331807,-0.022493880263801218,-0.024317117272201802
54,9.0,0.801830751477304,0.8333565879643352,0.04037683993815888,0.37335062866317503,31.30572121503818,36.32765406287852,True,True,0.02240062741461234,0.21213930445875334,0.12898547563067753,0.003669579376262988,0.22961727122053113,0.22618123308872995,-0.022511218125891436,-0.024355513473125638
54,9.5,1.670080770406284,1.7344580380712893,0.09860870614871205,0.3524948912987197,30.63385734057868,35.10029270861142,True,True,0.04173278239644497,0.15292915219048664,0.2057585043274774,0.0024137093936057634,0.2295711176525472,0.22610910486013167,-0.02253486469847807,-0.024396117942475374
54,10.0,2.7852148667933996,2.8776776704951734,0.19404651414633553,0.38503102728951943,29.863663051964892,33.28161692876237,True,True,0.06208684631675716,0.1260177741704686,0.2822380398267024,0.0,0.22950779738115754,0.22603983139699654,-0.022567354726685262,-0.02443519127842533
54,10.5,3.6591976035896985,3.7348106900834326,0.2831799029884359,0.38448600926660986,29.341299872711545,31.245355058433653,True,True,0.07600585435426022,0.1053912704121858,0.34818611553813406,0.0,0.22942260644302445,0.22596675626259782,-0.02261115483303781,-0.024476489768595826
54,11.0,4.711080186746871,4.715803385020059,0.40023548611924187,0.400778231900676,28.878604964711265,28.908194272851876,True,True,0.0922796867400443,0.09461993046205364,0.40503002943812655,0.0,0.22931769017445308,0.22589378738714494,-0.022665235790338217,-0.02451781121601081
54,11.5,5.4914347603242675,5.3675640580558355,0.49581400757366145,0.3932021109794312,28.559806363158167,26.651970854353838,True,True,0.10350222130733253,0.0839878970788649,0.4397758009633561,0.0,0.22919065043490036,0.22581877904686,-0.022730927117284604,-0.02456037425238074
54,12.0,6.012191937101775,5.805496642583456,0.5622851942201103,0.40977622260196134,28.381777600877697,25.650968765074172,True,True,0.11097659429440143,0.08290416860480823,0.45274007291292245,0.0,0.22904704002830853,0.22574477274447224,-0.022805460379669476,-0.024602454997147742
54,12.5,6.553502689697604,6.250048239335692,0.6363163828225096,0.4267762764321339,28.185494868956674,24.57407084931058,True,True,0.11827468523937085,0.08141359563675159,0.447559651817364,0.0,0.2288933437553693,0.2256686908421785,-0.022885550982284408,-0.024645805532860877
54,13.0,7.409276919746074,6.8264149324425265,0.7645898546570824,0.4353726484337265,27.859960058869916,22.34590766977155,False,True,0.128956722823935,0.0754946132391386,0.4297162790238256,0.0,0.22873091034790954,0.22559047895506942,-0.022970558997862923,-0.024690464610593578
54,13.5,7.826587816938227,7.043489085879465,0.827701684859431,0.4356090517174035,27.692826710908058,21.098528876300826,False,True,0.13377375492551188,0.07183623208486734,0.394599330356195,0.0,0.22855444113141046,0.22551120788228649,-0.02306333927840523,-0.024735826905701665
54,14.0,7.9674471193941,7.082797064742232,0.865903089368403,0.4422646010570852,27.521241922277436,20.43456406992407,False,True,0.13371619368750393,0.06944095175959175,0.3467039689617099,0.0,0.2283744409514296,0.22543194285293552,-0.023158436360205346,-0.024781285064937302
54,14.5,7.91722081138428,7.016894114210768,0.8713724631530747,0.4447840330479099,27.42610985272293,20.140058044247837,False,True,0.1315529442349503,0.06799186343900504,0.2805791680983184,0.0,0.22819571249816392,0.2253518657527803,-0.023253324179411415,-0.024827310050774706
54,15.0,7.754820265279226,6.961097506156685,0.8367677004159516,0.43970339701771616,27.51422807265172,20.474729763691368,False,False,0.13005148401282868,0.06892422902316273,0.21840677595271632,0.0,0.22802474983070864,0.22527150355466224,-0.02334452288383993,-0.0248736013270548
54,15.5,7.477219170054386,6.757782927068791,0.8032554262809599,0.42945969257448435,27.512611016244175,20.43478795182765,False,False,0.1253746276976721,0.06734702719758705,0.15693728967815415,0.0,0.22786615593886209,0.2251918246527519,-0.023429504827998878,-0.024919600567468368
54,16.0,6.898208116195935,6.3584236058062515,0.7293857430467839,0.42000932713538613,27.564093305997375,20.87944757167324,False,False,0.11629710501233287,0.06696604775082604,0.09958263143428579,0.0,0.22771970192828322,0.22511348688800548,-0.02350830920279328,-0.024964924403304858
54,16.5,5.840316561022887,5.57017240298581,0.6022094938392915,0.4113603228271762,27.672702324898225,22.139321581039937,False,False,0.09960858841117792,0.06774737682979293,0.05120651090244643,0.0,0.22759000619030353,0.22503638906021603,-0.023578360032360024,-0.02500962678108182
54.0,17.0,0.0,0.0,0.0,0.0,0.0,0.0,0.0,0.0,0.0,0.0,0.0,0.0,0.227482717467754,0.22496042894732773,-0.02363649648895156,-0.025053762796943286
54.0,17.5,0.0,0.0,0.0,0.0,0.0,0.0,0.0,0.0,0.0,0.0,0.0,0.0,0.2274587311545918,0.22493692507313726,-0.023649517284310865,-0.025067438331170155
54.0,18.0,0.0,0.0,0.0,0.0,0.0,0.0,0.0,0.0,0.0,0.0,0.0,0.0,0.22743478052764865,0.2249134565436658,-0.023662527235746262,-0.025081102175278966
54.0,18.5,0.0,0.0,0.0,0.0,0.0,0.0,0.0,0.0,0.0,0.0,0.0,0.0,0.227410865486836,0.22489002325782476,-0.023675526366056552,-0.025094754354785462
54.0,19.0,0.0,0.0,0.0,0.0,0.0,0.0,0.0,0.0,0.0,0.0,0.0,0.0,0.22738698593248421,0.2248666251149495,-0.023688514697959417,-0.025108394895116605
54.0,19.5,0.0,0.0,0.0,0.0,0.0,0.0,0.0,0.0,0.0,0.0,0.0,0.0,0.2273631417653397,0.2248432620147964,-0.02370149225409207,-0.02512202382161123
54.0,20.0,0.0,0.0,0.0,0.0,0.0,0.0,0.0,0.0,0.0,0.0,0.0,0.0,0.227339332886563,0.22481993385754093,-0.023714459057011555,-0.025135641159520286
54.0,20.5,0.0,0.0,0.0,0.0,0.0,0.0,0.0,0.0,0.0,0.0,0.0,0.0,0.22731555919772603,0.2247966405437752,-0.023727415129195205,-0.02514924693400736
54.0,21.0,0.0,0.0,0.0,0.0,0.0,0.0,0.0,0.0,0.0,0.0,0.0,0.0,0.22729182060080988,0.2247733819745057,-0.02374036049304116,-0.02516284117014911
54.0,21.5,0.0,0.0,0.0,0.0,0.0,0.0,0.0,0.0,0.0,0.0,0.0,0.0,0.22726811699820237,0.224750158051151,-0.023753295170868736,-0.025176423892935496
54.0,22.0,0.0,0.0,0.0,0.0,0.0,0.0,0.0,0.0,0.0,0.0,0.0,0.0,0.22724444829269594,0.22472696867553957,-0.023766219184918877,-0.025189995127270458
54.0,22.5,0.0,0.0,0.0,0.0,0.0,0.0,0.0,0.0,0.0,0.0,0.0,0.0,0.22722081438748493,0.22470381374990742,-0.023779132557354678,-0.025203554897972148
54.0,23.0,0.0,0.0,0.0,0.0,0.0,0.0,0.0,0.0,0.0,0.0,0.0,0.0,0.22719721518616362,0.2246806931768961,-0.023792035310261635,-0.02521710322977322
54.0,23.5,0.0,0.0,0.0,0.0,0.0,0.0,0.0,0.0,0.0,0.0,0.0,0.0,0.2271736505927239,0.22465760685955022,-0.023804927465648214,-0.0252306401473216
54.0,24.0,0.0,0.0,0.0,0.0,0.0,0.0,0.0,0.0,0.0,0.0,0.0,0.0,0.2271501205115529,0.2246345547013154,-0.023817809045446253,-0.025244165675180473
55.0,0.5,0.0,0.0,0.0,0.0,0.0,0.0,0.0,0.0,0.0,0.0,0.0,0.0,0.2271266248474307,0.22461153660603617,-0.02383068007151136,-0.02525767983782902
55.0,1.0,0.0,0.0,0.0,0.0,0.0,0.0,0.0,0.0,0.0,0.0,0.0,0.0,0.22710316350552834,0.22458855247795362,-0.02384354056562331,-0.025271182659662515
55.0,1.5,0.0,0.0,0.0,0.0,0.0,0.0,0.0,0.0,0.0,0.0,0.0,0.0,0.22707973639140538,0.2245656022217034,-0.023856390549486482,-0.025284674164992922
55.0,2.0,0.0,0.0,0.0,0.0,0.0,0.0,0.0,0.0,0.0,0.0,0.0,0.0,0.22705634341100778,0.22454268574231348,-0.023869230044730266,-0.025298154378049265
55.0,2.5,0.0,0.0,0.0,0.0,0.0,0.0,0.0,0.0,0.0,0.0,0.0,0.0,0.2270329844706658,0.22451980294520216,-0.023882059072909433,-0.02531162332297789
55.0,3.0,0.0,0.0,0.0,0.0,0.0,0.0,0.0,0.0,0.0,0.0,0.0,0.0,0.2270096594770917,0.22449695373617573,-0.02389487765550461,-0.025325081023843038
55.0,3.5,0.0,0.0,0.0,0.0,0.0,0.0,0.0,0.0,0.0,0.0,0.0,0.0,0.2269863683373777,0.22447413802142677,-0.023907685813922625,-0.025338527504626958
55.0,4.0,0.0,0.0,0.0,0.0,0.0,0.0,0.0,0.0,0.0,0.0,0.0,0.0,0.22696311095899374,0.2244513557075316,-0.023920483569496945,-0.0253519627892306
55.0,4.5,0.0,0.0,0.0,0.0,0.0,0.0,0.0,0.0,0.0,0.0,0.0,0.0,0.22693988724978556,0.2244286067014486,-0.023933270943487923,-0.0253653869014738
55.0,5.0,0.0,0.0,0.0,0.0,0.0,0.0,0.0,0.0,0.0,0.0,0.0,0.0,0.2269166971179723,0.2244058909105159,-0.023946047957083445,-0.025378799865095635
55.0,5.5,0.0,0.0,0.0,0.0,0.0,0.0,0.0,0.0,0.0,0.0,0.0,0.0,0.22689354047214483,0.2243832082424496,-0.023958814631399088,-0.025392201703754936
55.0,6.0,0.0,0.0,0.0,0.0,0.0,0.0,0.0,0.0,0.0,0.0,0.0,0.0,0.22687041722126328,0.22436055860534138,-0.023971570987478576,-0.02540559244103056
55.0,6.5,0.0,0.0,0.0,0.0,0.0,0.0,0.0,0.0,0.0,0.0,0.0,0.0,0.22684732727465515,0.22433794190765696,-0.023984317046294265,-0.025418972100421714
55.0,7.0,0.0,0.0,0.0,0.0,0.0,0.0,0.0,0.0,0.0,0.0,0.0,0.0,0.22682427054201343,0.22431535805823366,-0.023997052828747305,-0.02543234070534852
55.0,7.5,0.0,0.0,0.0,0.0,0.0,0.0,0.0,0.0,0.0,0.0,0.0,0.0,0.2268012469333943,0.2242928069662787,-0.024009778355668202,-0.025445698279152107
55.0,8.0,0.0,0.0,0.0,0.0,0.0,0.0,0.0,0.0,0.0,0.0,0.004689341223641952,0.0,0.22677825635921534,0.22427028854136707,-0.024022493647817115,-0.025459044845095254
55,8.5,1.042657191400313,1.0788000885360405,0.046037790076714075,0.3865033257840746,31.811778077344627,36.325143464454726,True,True,0.03196974811534141,0.27534006423408175,0.03212099703829678,0.0,0.22675470115443128,0.22424780269343975,-0.02403552953972985,-0.025472380426362465
55,9.0,1.8815017806735157,1.946502918529374,0.0982828408518923,0.3467799819134138,31.162991112379476,35.28260278970182,True,True,0.05127793365179419,0.1860155092347534,0.06800086035707636,0.0,0.22672181638973754,0.22417609613675057,-0.02405374268479186,-0.02551496273755973
55,9.5,3.144994140079892,3.230691535222176,0.19576104548981474,0.35538005798766953,30.390919863758693,33.241766007485,True,True,0.07569985885154996,0.14086679156639612,0.09894500136451574,0.0,0.22667773438946343,0.2241094840344421,-0.02407818319326518,-0.025554595762149065
55,10.0,4.9020546558039095,4.917384887197514,0.372000262841245,0.3867540050733711,29.43959263009421,29.680288460656833,True,True,0.10314524329838418,0.10964828663833402,0.1231386993505888,0.0,0.22661731985143416,0.2240418083094526,-0.024111727077812603,-0.025594936763318685
55,10.5,6.033979877905653,5.885056353146068,0.5153300335577998,0.3997894274250496,28.826491405300096,26.722594498466304,True,True,0.11743879536882093,0.0928196965568795,0.13771823453433513,0.0,0.22653139618024346,0.22397016673530984,-0.024159530322083136,-0.02563772448299419
55,11.0,7.267569945018616,6.807896339467394,0.6964010032324489,0.423095210397932,28.231253658334353,23.53435776027611,False,True,0.1318463064718608,0.08184458833071159,0.15096767391724,0.0,0.2264253821905061,0.2238968961530744,-0.024218666426254788,-0.02568157330672071
55,11.5,7.956602569611896,7.161084249678515,0.8304188161240518,0.43742905161122114,27.76054803331069,21.283662102119347,False,True,0.1369927894564147,0.07362167415717019,0.1510351259069501,0.0,0.2262946378267551,0.22382068769416302,-0.02429183516181633,-0.02572727513981271
55,12.0,8.048454149147931,7.080432659850654,0.8904912245204749,0.4463889752519078,27.436172202742217,20.28789041426331,False,True,0.1338742286262177,0.06845962008933426,0.1373795277858215,0.0,0.22614683893453533,0.22374268459056862,-0.024374865554705583,-0.02577415359949076
55,12.5,8.255956109277484,6.971024175540973,0.9772635193326842,0.4483885975484443,27.05790538573006,18.768829518772712,False,True,0.13210088845706555,0.06188711150823839,0.11467310438803281,0.0,0.22599315726294472,0.22366357156838457,-0.02446155962673743,-0.025821803094190337
55,13.0,8.382667125394562,6.915021772784991,1.0290827505452302,0.45173858301637665,26.837116050451776,17.92144212281582,False,True,0.1312144031078982,0.05868156920685965,0.08637895105579448,0.0,0.22583134365685517,0.22358423551135836,-0.024553238404486203,-0.02586969236185922
55,13.5,8.387851271386175,6.9158770922551245,1.0379314302030067,0.4541889618005254,26.78510166828369,17.774243711977256,False,True,0.13062699237773434,0.05811736900875901,0.05289036365892382,0.0,0.22566656425684428,0.2235045042524423,-0.02464701854202579,-0.02591792683516401
55,14.0,8.387924966989516,6.893741403664716,1.049281540032241,0.45954025890895867,26.708129852239463,17.589408436851976,False,True,0.1296511859025067,0.05760104609998435,0.022297312044733838,0.0,0.2255049567758751,0.2234244923448634,-0.024739408278059247,-0.02596643884951958
55,14.5,8.324020358708939,6.748744834221031,1.06993361102821,0.45798051751057267,26.533209531873347,16.993905407016477,False,True,0.1265132049741186,0.05480169305156508,0.0,0.0,0.2253458333784726,0.22334383003069766,-0.02483078133192149,-0.026015454763316445
55,15.0,8.146328751144829,6.69649248555052,1.037807163537066,0.456709755295297,26.558690982074268,17.14329644044372,False,False,0.12411470432661281,0.055039548104943714,0.0,0.0,0.22518695145585793,0.22326339791736916,-0.0249224171889273,-0.026064440600898936
55,15.5,7.584258720493679,6.426033769513394,0.9623569335472111,0.46028266995269107,26.5463726571099,17.698510150389033,False,False,0.1154150323852407,0.05532853903301022,0.0,0.0,0.22503219522873036,0.22318315909431985,-0.025012061155889186,-0.026113418260534527
55,16.0,7.227199288437076,6.263076024087257,0.8955329138913296,0.4437341018826808,26.65884575406455,17.92180513341961,False,False,0.11117759199644459,0.0550056275740675,0.0,0.0,0.22488708548338163,0.22310249623350858,-0.025096466520065117,-0.02616276531894043
55,16.5,6.1249132037715315,5.595782460597386,0.7397283585146683,0.4342826517347509,26.780947135361643,19.181091224512862,False,False,0.09534666983114283,0.05565070011955968,0.0,0.0,0.22475052287405312,0.22302397338709995,-0.02517621045541702,-0.02621090994324298
55.0,17.0,0.0,0.0,0.0,0.0,0.0,0.0,0.0,0.0,0.0,0.0,0.0,0.0,0.22463384635500933,0.22294668606544993,-0.025244581424148087,-0.026258400147316757
55.0,17.5,0.0,0.0,0.0,0.0,0.0,0.0,0.0,0.0,0.0,0.0,0.0,0.0,0.22461146688089306,0.2229247716088551,-0.025257720787277317,-0.026271884422429465
55.0,18.0,0.0,0.0,0.0,0.0,0.0,0.0,0.0,0.0,0.0,0.0,0.0,0.0,0.22458911872248286,0.2229028880851273,-0.02527084989638792,-0.02628535789777171
55.0,18.5,0.0,0.0,0.0,0.0,0.0,0.0,0.0,0.0,0.0,0.0,0.0,0.0,0.2245668017973457,0.2228810354111331,-0.025283968771621503,-0.026298820595507796
55.0,19.0,0.0,0.0,0.0,0.0,0.0,0.0,0.0,0.0,0.0,0.0,0.0,0.0,0.22454451602336936,0.22285921350406676,-0.02529707743305418,-0.026312272537729508
55.0,19.5,0.0,0.0,0.0,0.0,0.0,0.0,0.0,0.0,0.0,0.0,0.0,0.0,0.22452226131876055,0.22283742228144823,-0.025310175900697274,-0.026325713746456474
55.0,20.0,0.0,0.0,0.0,0.0,0.0,0.0,0.0,0.0,0.0,0.0,0.0,0.0,0.2245000376020434,0.222815661661122,-0.02532326419449721,-0.02633914424363634
55.0,20.5,0.0,0.0,0.0,0.0,0.0,0.0,0.0,0.0,0.0,0.0,0.0,0.0,0.22447784479205757,0.22279393156125474,-0.025336342334336244,-0.026352564051145447
55.0,21.0,0.0,0.0,0.0,0.0,0.0,0.0,0.0,0.0,0.0,0.0,0.0,0.0,0.2244556828079568,0.22277223190033427,-0.025349410340032442,-0.026365973190788684
55.0,21.5,0.0,0.0,0.0,0.0,0.0,0.0,0.0,0.0,0.0,0.0,0.0,0.0,0.22443355156920708,0.22275056259716755,-0.025362468231340217,-0.026379371684300146
55.0,22.0,0.0,0.0,0.0,0.0,0.0,0.0,0.0,0.0,0.0,0.0,0.0,0.0,0.22441145099558515,0.2227289235708791,-0.02537551602795059,-0.02639275955334337
55.0,22.5,0.0,0.0,0.0,0.0,0.0,0.0,0.0,0.0,0.0,0.0,0.0,0.0,0.2243893810071768,0.2227073147409094,-0.02538855374949138,-0.026406136819511518
55.0,23.0,0.0,0.0,0.0,0.0,0.0,0.0,0.0,0.0,0.0,0.0,0.0,0.0,0.22436734152437532,0.22268573602701336,-0.025401581415527594,-0.026419503504327858
55.0,23.5,0.0,0.0,0.0,0.0,0.0,0.0,0.0,0.0,0.0,0.0,0.0,0.0,0.2243453324678796,0.22266418734925847,-0.025414599045561922,-0.026432859629246
55.0,24.0,0.0,0.0,0.0,0.0,0.0,0.0,0.0,0.0,0.0,0.0,0.0,0.0,0.22432335375869306,0.22264266862802345,-0.025427606659034648,-0.02644620521565013
56.0,0.5,0.0,0.0,0.0,0.0,0.0,0.0,0.0,0.0,0.0,0.0,0.0,0.0,0.22430140531812162,0.22262117978399643,-0.025440604275324262,-0.02645954028485551
56.0,1.0,0.0,0.0,0.0,0.0,0.0,0.0,0.0,0.0,0.0,0.0,0.0,0.0,0.2242794870677723,0.22259972073817366,-0.02545359191374764,-0.026472864858108583
56.0,1.5,0.0,0.0,0.0,0.0,0.0,0.0,0.0,0.0,0.0,0.0,0.0,0.0,0.22425759892955163,0.22257829141185764,-0.025466569593560362,-0.026486178956587354
56.0,2.0,0.0,0.0,0.0,0.0,0.0,0.0,0.0,0.0,0.0,0.0,0.0,0.0,0.22423574082566414,0.22255689172665563,-0.02547953733395698,-0.026499482601401787
56.0,2.5,0.0,0.0,0.0,0.0,0.0,0.0,0.0,0.0,0.0,0.0,0.0,0.0,0.2242139126786107,0.22253552160447834,-0.02549249515407135,-0.026512775813593892
56.0,3.0,0.0,0.0,0.0,0.0,0.0,0.0,0.0,0.0,0.0,0.0,0.0,0.0,0.22419211441118722,0.22251418096753808,-0.025505443072976888,-0.026526058614138228
56.0,3.5,0.0,0.0,0.0,0.0,0.0,0.0,0.0,0.0,0.0,0.0,0.0,0.0,0.22417034594648283,0.2224928697383474,-0.025518381109686884,-0.02653933102394202
56.0,4.0,0.0,0.0,0.0,0.0,0.0,0.0,0.0,0.0,0.0,0.0,0.0,0.0,0.22414860720787855,0.22247158783971746,-0.02553130928315479,-0.026552593063845668
56.0,4.5,0.0,0.0,0.0,0.0,0.0,0.0,0.0,0.0,0.0,0.0,0.0,0.0,0.22412689811904582,0.2224503351947566,-0.025544227612274473,-0.02656584475462287
56.0,5.0,0.0,0.0,0.0,0.0,0.0,0.0,0.0,0.0,0.0,0.0,0.0,0.0,0.22410521860394486,0.22242911172686883,-0.025557136115880494,-0.02657908611698095
56.0,5.5,0.0,0.0,0.0,0.0,0.0,0.0,0.0,0.0,0.0,0.0,0.0,0.0,0.22408356858682335,0.22240791735975238,-0.025570034812748416,-0.026592317171561117
56.0,6.0,0.0,0.0,0.0,0.0,0.0,0.0,0.0,0.0,0.0,0.0,0.0,0.0,0.22406194799221485,0.22238675201739802,-0.025582923721595128,-0.026605537938938873
56.0,6.5,0.0,0.0,0.0,0.0,0.0,0.0,0.0,0.0,0.0,0.0,0.0,0.0,0.2240403567449374,0.22236561562408783,-0.02559580286107896,-0.026618748439624206
56.0,7.0,0.0,0.0,0.0,0.0,0.0,0.0,0.0,0.0,0.0,0.0,0.0,0.0,0.224018794770092,0.22234450810439352,-0.025608672249800173,-0.026631948694061883
56.0,7.5,0.0,0.0,0.0,0.0,0.0,0.0,0.0,0.0,0.0,0.0,0.0,0.0,0.2239972619930613,0.22232342938317526,-0.02562153190630101,-0.026645138722631672
56,8.0,0.014703582198107131,0.015591650917330136,0.0006571941334359634,0.09674200452814528,15.886957428249298,18.462830574794104,True,True,0.0004475705123193415,0.06665145731792409,0.0,0.0,0.22397575833950792,0.2223023793855798,-0.025634381849066218,-0.02665831854564884
56,8.5,0.8104638651128451,0.8448861405297989,0.04487570878813628,0.4011173442689615,30.88693260371193,36.25277026661877,True,True,0.02109068395629212,0.1921297300266307,0.0,0.0,0.22395419998729327,0.22226902993376718,-0.02564727218676737,-0.026679215207044492
56,9.0,1.9765507648656186,2.0509468844854335,0.13645600946263356,0.34127001582799693,29.883870920164135,33.98805313054733,True,True,0.04418556254640656,0.11222557971739427,0.0,0.0,0.2239270357221496,0.22219692165884025,-0.025663525453824346,-0.02672446478360627
56,9.5,2.959937624618913,3.049448495904665,0.23191619647130213,0.38848835553755423,29.277000005983066,32.2428660184173,True,True,0.06096951878594862,0.10400313042982293,0.0,0.0,0.22388823002617428,0.2221324683965508,-0.025686765462646866,-0.02676498807992457
56,10.0,4.515941728955262,4.499240724826109,0.4168153882068756,0.3979634988899022,28.423655637572907,28.058596469661126,True,True,0.08376495661765118,0.08127358187285103,0.0,0.0,0.22383728840140701,0.22206202639667716,-0.025717311528727377,-0.026809360399724445
56,10.5,5.677835676411891,5.4450298341306755,0.6058670871865897,0.4351187907147082,27.636585184178863,24.542571363400967,True,True,0.09646389794113656,0.07035687040051161,0.0,0.0,0.22376281331323697,0.22199040530648712,-0.025762046863936093,-0.026854565333976954
56,11.0,6.198049147675987,5.761735845584771,0.7108006282112578,0.43882791729806825,27.23383329273096,22.363405855223164,True,True,0.10095948680540939,0.06329326081659514,0.0,0.0,0.22366427552340631,0.22191407769434976,-0.02582137864198523,-0.02690284087667092
56,11.5,6.598019662714454,5.978346667334407,0.7903072374252064,0.4444407713218205,26.99038979867848,20.959388047665737,True,True,0.10486068552222969,0.059916328923712875,0.0,0.0,0.22355239437081822,0.2218373056254366,-0.02588894223999662,-0.02695150186965522
56,12.0,7.199294544257466,6.252643125913773,0.904324937043791,0.44812086619744324,26.716317914755713,19.0734058248743,True,True,0.11136726471900897,0.05606639770104278,0.0,0.0,0.22343041000811564,0.22175984642984428,-0.025962847208703538,-0.027000704707839485
56,12.5,7.8434137912166975,6.498163850100685,1.03152075303606,0.45707227979246606,26.448517808196897,17.37346732949044,False,True,0.11825184105462243,0.05317209057904247,0.0,0.0,0.22329392451898147,0.2216819463321227,-0.02604583595406564,-0.027050295589052198
56,13.0,7.999888713794871,6.601624868304915,1.0551023050765536,0.46379884676057964,26.429184220407546,17.262447509076438,False,True,0.12039035504774281,0.053678565805462444,0.0,0.0,0.2231412585077041,0.2216029335213729,-0.02613903789673834,-0.02710070571590268
56,13.5,7.7537155018560675,6.557503143447042,0.9806970827646714,0.45170633884088107,26.676872584656124,18.113178435017957,False,True,0.11948539622944303,0.05580131125157574,0.0,0.0,0.22298561575738068,0.22152309144421056,-0.02623446648704328,-0.027151758654269897
56,14.0,7.9436055017763625,6.68849633983751,1.0070558151657905,0.45866774552125944,26.653899893286937,17.89048697541031,False,True,0.12213981161142469,0.056320578451030695,0.0,0.0,0.22283948292468772,0.2214448181962795,-0.026324442355352744,-0.027201919717975642
56,14.5,8.016677103654034,6.709524561923639,1.0300556087027328,0.4647326591229531,26.563098082669192,17.59197167076478,False,True,0.12219095052243936,0.05571385538827954,0.0,0.0,0.22269001930720936,0.22136568561288394,-0.026416849634765927,-0.02725274376138759
56,15.0,7.926918041608523,6.635311286525489,1.0215657047632205,0.45950803605883256,26.52926724289204,17.370779678961668,False,True,0.12043245677678516,0.054551968101377246,0.0,0.0,0.2225376528733264,0.2212858078656509,-0.026511449708394252,-0.02730416118376939
56,15.5,7.755152017326035,6.56944649860388,0.9863149042048599,0.45197423945262777,26.582980428047584,17.44479255973971,False,True,0.1184303702544241,0.054457948575332045,0.0,0.0,0.22238639637265434,0.22120662354098508,-0.026605760156570166,-0.02735524637165248
56,16.0,7.40877916181327,6.393579371371348,0.9585113901447373,0.4597687693651693,26.453687012537937,17.4830088019868,False,False,0.11175378513943775,0.05355465199219825,0.0,0.0,0.22223965995079392,0.22112842683285336,-0.02669763450983065,-0.02740580620239957
56,16.5,6.659843530802132,5.983321868617322,0.8384558662824174,0.44172378315255323,26.58120985587765,18.18529910120126,False,False,0.10168642298622575,0.05329387851223874,0.0,0.0,0.22209649450948474,0.22104926433969496,-0.026787637551107846,-0.027457103936332803
56.0,17.0,0.0,0.0,0.0,0.0,0.0,0.0,0.0,0.0,0.0,0.0,0.0,0.0,0.22196865590992776,0.2209724287931407,-0.02686831082821413,-0.027507003240578035
56.0,17.5,0.0,0.0,0.0,0.0,0.0,0.0,0.0,0.0,0.0,0.0,0.0,0.0,0.22194769184077903,0.22095191069347805,-0.02688156793490962,-0.02752034658292579
56.0,18.0,0.0,0.0,0.0,0.0,0.0,0.0,0.0,0.0,0.0,0.0,0.0,0.0,0.22192675546506724,0.2209314198784583,-0.026894815307971116,-0.027533679878889068
56.0,18.5,0.0,0.0,0.0,0.0,0.0,0.0,0.0,0.0,0.0,0.0,0.0,0.0,0.2219058467140234,0.22091095627893262,-0.026908052965389867,-0.027547003147917776
56.0,19.0,0.0,0.0,0.0,0.0,0.0,0.0,0.0,0.0,0.0,0.0,0.0,0.0,0.22188496551912945,0.22089051982600943,-0.026921280925103108,-0.027560316409401757
56.0,19.5,0.0,0.0,0.0,0.0,0.0,0.0,0.0,0.0,0.0,0.0,0.0,0.0,0.22186411181211707,0.2208701104510531,-0.026934499204994234,-0.027573619682670934
56.0,20.0,0.0,0.0,0.0,0.0,0.0,0.0,0.0,0.0,0.0,0.0,0.0,0.0,0.22184328552496627,0.22084972808568237,-0.02694770782289315,-0.027586912986995758
56.0,20.5,0.0,0.0,0.0,0.0,0.0,0.0,0.0,0.0,0.0,0.0,0.0,0.0,0.22182248658990444,0.22082937266176972,-0.02696090679657641,-0.027600196341587137
56.0,21.0,0.0,0.0,0.0,0.0,0.0,0.0,0.0,0.0,0.0,0.0,0.0,0.0,0.221801714939405,0.22080904411143953,-0.02697409614376744,-0.027613469765597018
56.0,21.5,0.0,0.0,0.0,0.0,0.0,0.0,0.0,0.0,0.0,0.0,0.0,0.0,0.22178097050618611,0.22078874236706722,-0.026987275882136858,-0.027626733278118477
56.0,22.0,0.0,0.0,0.0,0.0,0.0,0.0,0.0,0.0,0.0,0.0,0.0,0.0,0.22176025322320966,0.22076846736127792,-0.027000446029302645,-0.027639986898185965
56.0,22.5,0.0,0.0,0.0,0.0,0.0,0.0,0.0,0.0,0.0,0.0,0.0,0.0,0.22173956302367992,0.22074821902694525,-0.02701360660283048,-0.027653230644775602
56.0,23.0,0.0,0.0,0.0,0.0,0.0,0.0,0.0,0.0,0.0,0.0,0.0,0.0,0.22171889984104257,0.22072799729719017,-0.027026757620233717,-0.02766646453680528
56.0,23.5,0.0,0.0,0.0,0.0,0.0,0.0,0.0,0.0,0.0,0.0,0.0,0.0,0.22169826360898326,0.2207078021053796,-0.02703989909897389,-0.027679688593135233
56.0,24.0,0.0,0.0,0.0,0.0,0.0,0.0,0.0,0.0,0.0,0.0,0.0,0.0,0.22167765426142672,0.22068763338512556,-0.027053031056460803,-0.027692902832567857
57.0,0.5,0.0,0.0,0.0,0.0,0.0,0.0,0.0,0.0,0.0,0.0,0.0,0.0,0.22165707173253535,0.22066749107028366,-0.027066153510052808,-0.02770610727384829
57.0,1.0,0.0,0.0,0.0,0.0,0.0,0.0,0.0,0.0,0.0,0.0,0.0,0.0,0.22163651595670822,0.2206473750949522,-0.027079266477056985,-0.027719301935664378
57.0,1.5,0.0,0.0,0.0,0.0,0.0,0.0,0.0,0.0,0.0,0.0,0.0,0.0,0.22161598686858003,0.22062728539347068,-0.027092369974729302,-0.02773248683664729
57.0,2.0,0.0,0.0,0.0,0.0,0.0,0.0,0.0,0.0,0.0,0.0,0.0,0.0,0.22159548440301965,0.22060722190041893,-0.027105464020275083,-0.02774566199537128
57.0,2.5,0.0,0.0,0.0,0.0,0.0,0.0,0.0,0.0,0.0,0.0,0.0,0.0,0.2215750084951294,0.22058718455061588,-0.027118548630848872,-0.027758827430354325
57.0,3.0,0.0,0.0,0.0,0.0,0.0,0.0,0.0,0.0,0.0,0.0,0.0,0.0,0.2215545590802436,0.22056717327911823,-0.02713162382355494,-0.02777198316005812
57.0,3.5,0.0,0.0,0.0,0.0,0.0,0.0,0.0,0.0,0.0,0.0,0.0,0.0,0.2215341360939275,0.22054718802121964,-0.027144689615447446,-0.027785129202888368
57.0,4.0,0.0,0.0,0.0,0.0,0.0,0.0,0.0,0.0,0.0,0.0,0.0,0.0,0.22151373947197647,0.2205272287124493,-0.027157746023530487,-0.027798265577195114
57.0,4.5,0.0,0.0,0.0,0.0,0.0,0.0,0.0,0.0,0.0,0.0,0.0,0.0,0.2214933691504145,0.22050729528857088,-0.0271707930647585,-0.027811392301272865
57.0,5.0,0.0,0.0,0.0,0.0,0.0,0.0,0.0,0.0,0.0,0.0,0.0,0.0,0.22147302506549335,0.22048738768558154,-0.02718383075603644,-0.027824509393360813
57.0,5.5,0.0,0.0,0.0,0.0,0.0,0.0,0.0,0.0,0.0,0.0,0.0,0.0,0.22145270715369147,0.22046750583971073,-0.027196859114219867,-0.02783761687164305
57.0,6.0,0.0,0.0,0.0,0.0,0.0,0.0,0.0,0.0,0.0,0.0,0.0,0.0,0.22143241535171282,0.22044764968741887,-0.02720987815611529,-0.027850714754249033
57.0,6.5,0.0,0.0,0.0,0.0,0.0,0.0,0.0,0.0,0.0,0.0,0.0,0.0,0.22141214959648572,0.2204278191653966,-0.027222887898480385,-0.027863803059253456
57.0,7.0,0.0,0.0,0.0,0.0,0.0,0.0,0.0,0.0,0.0,0.0,0.0,0.0,0.22139190982516205,0.22040801421056364,-0.027235888358024055,-0.02787688180467666
57.0,7.5,0.0,0.0,0.0,0.0,0.0,0.0,0.0,0.0,0.0,0.0,0.0,0.0,0.22137169597511597,0.2203882347600674,-0.027248879551406816,-0.027889951008484883
57.0,8.0,0.0,-0.010896523744763497,0.0,0.11437060078797553,0.0,18.5,0.0,0.0,0.0,0.05058714474679523,0.0,0.0,0.22135150798394293,0.22036848075128207,-0.027261861495240857,-0.027903010688590434
57,8.5,0.33359516448400867,0.35106346785623455,0.021344288352630744,0.39102799927289283,30.26467157458594,36.58985630447668,True,True,0.007879107733161778,0.14639825978788007,0.0,0.0,0.22133134578945876,0.2203341775573803,-0.027274834206090285,-0.02792570637589338
57,9.0,1.3351948518950463,1.3964331455034835,0.09748325990060158,0.3581316109874235,29.6467326303772,34.84367546783532,True,True,0.028885541094687134,0.10767686353038927,0.0,0.0,0.22130848936754358,0.2202646444572371,-0.027289549326420456,-0.027971778396422953
57,9.5,2.571488456818241,2.656205258883169,0.21784020152937583,0.3718095414728214,28.907825790175078,32.099862805183975,True,True,0.05055168001738074,0.08749315846116512,0.0,0.0,0.2212759560172495,0.22019932869072445,-0.02731051083666645,-0.028015138561934886
57,10.0,3.42104980567502,3.4895293522579105,0.31374248669453436,0.3998677683916321,28.504581795119446,30.246227797266314,True,True,0.06406058175374561,0.08296918230782248,0.0,0.0,0.22122811085787675,0.22013229510086216,-0.027341372736356114,-0.028059722409448366
57,10.5,4.516557878288742,4.4881917156047315,0.4498503112325669,0.4152953668240156,28.068509239066863,27.504367768687978,True,True,0.08044515176142651,0.07555719172514486,0.0,0.0,0.221168070153144,0.22006171110488779,-0.02738016002496235,-0.02810675902479879
57,11.0,5.821233164883372,5.521130717816313,0.6406988274916625,0.4296586011768244,27.52718484406313,23.79914167361779,True,True,0.0977579720459627,0.06682099452441212,0.0,0.0,0.22109071033801117,0.21998918619770572,-0.027430232444912037,-0.028155186936619562
57,11.5,6.960738970151563,6.212320123532411,0.8443097055409187,0.445992673202169,26.976905168492273,20.32099287866553,True,True,0.11047646301193313,0.05947539278260423,0.0,0.0,0.22098905559267687,0.2199148559531292,-0.02749619614456291,-0.028204923544534216
57,12.0,7.888294562000613,6.577074321538907,1.0344766026985648,0.4599422658554596,26.510478463639963,17.590082942452884,False,True,0.11963098934614225,0.054039682761053025,0.0,0.0,0.22086147951313614,0.21983846916097113,-0.02757924781702328,-0.02825614535769396
57,12.5,8.159574439958714,6.437637426241908,1.1522322051407112,0.46698243790013944,26.071876582778486,16.04026573004873,False,True,0.11877859163137644,0.04882191468286052,0.0,0.0,0.22070969524288536,0.2197603296214515,-0.027678448623901803,-0.028308657209315614
57,13.0,8.375714147901366,6.227484167529115,1.2634385364614582,0.4704820844044211,25.6384954277838,14.708729952962592,False,True,0.11776922056989819,0.04442940217960724,0.0,0.0,0.22054293029478386,0.21968131776088043,-0.027787930837942423,-0.028361873556150722
57,13.5,8.443361313325678,6.111645421175838,1.3043840592478166,0.47026915825640386,25.51675700471302,14.157033253559643,False,True,0.11696800238093474,0.04263699593131395,0.0,0.0,0.22036201920066642,0.21960188469809486,-0.02790728410079955,-0.02841549378519104
57,14.0,8.403380032291503,6.151387209342584,1.2840355756551793,0.4699665044029779,25.575363981415165,14.302910294959084,False,True,0.11701132183684435,0.04325648445111352,0.0,0.0,0.22017591543136403,0.2195225034765892,-0.02803070105512097,-0.02846919972790089
57,14.5,8.325050209995258,6.248991600645743,1.239131119533572,0.46739741532973905,25.724294581928547,14.705149376727988,False,True,0.11745172344641366,0.04470251586654474,0.0,0.0,0.219992429793325,0.21944318547084204,-0.0281530189295676,-0.028522983741581714
57,15.0,8.168543523472204,6.295501235476308,1.2066869755407243,0.4783408032212752,25.750310118130756,15.078898725368544,False,True,0.11551019843195956,0.04601232604613947,0.0,0.0,0.21981469146315671,0.2193642194394497,-0.028272112309653902,-0.028576649390529656
57,15.5,7.903007679588896,6.25626140747269,1.1413342689571935,0.47089059129853733,25.86302615115036,15.375624661095461,False,True,0.11288635644652503,0.04664270990203977,0.0,0.0,0.2196411125293486,0.21928388339046184,-0.028388998479757954,-0.028631369608848465
57,16.0,7.357884405576145,6.065592336349323,1.0276995842428722,0.45402633257854136,26.03459341173506,15.892813817495966,False,False,0.10674424494041673,0.04704593813959604,0.0,0.0,0.21947588656275108,0.21920452121242956,-0.02850079510583347,-0.028685549109963158
57,16.5,6.264149442860227,5.559057096089893,0.8382249249140632,0.4441291049313656,26.254867427925184,17.555145531457754,False,False,0.09273988846649196,0.04881397219366272,0.0,0.0,0.21932516621160947,0.21912733250464503,-0.028603234587021596,-0.028738362034286043
57,17.0,4.881154398673841,4.654992196291417,0.6168622983872167,0.41905607597268935,13.27055147598216,11.032533939978562,False,False,0.07424255561744657,0.04981269466104029,0.0,0.0,0.21919861591667286,0.21905142938019903,-0.028689585457408642,-0.028790408366952302
57.0,17.5,0.0,0.0,0.0,0.0,0.0,0.0,0.0,0.0,0.0,0.0,0.0,0.0,0.21910029919208637,0.21897874567523623,-0.0287568857569339,-0.02884035245667838
57.0,18.0,0.0,0.0,0.0,0.0,0.0,0.0,0.0,0.0,0.0,0.0,0.0,0.0,0.21908061560516573,0.21895948768922344,-0.028770382262962767,-0.028853602739148394
57.0,18.5,0.0,0.0,0.0,0.0,0.0,0.0,0.0,0.0,0.0,0.0,0.0,0.0,0.21906095661594446,0.21894025388032157,-0.02878386943671856,-0.02886684362701789
57.0,19.0,0.0,0.0,0.0,0.0,0.0,0.0,0.0,0.0,0.0,0.0,0.0,0.0,0.21904132216663272,0.2189210441906331,-0.028797347294492705,-0.028880075137474853
57.0,19.5,0.0,0.0,0.0,0.0,0.0,0.0,0.0,0.0,0.0,0.0,0.0,0.0,0.21902171219963948,0.21890185856246408,-0.0288108158525308,-0.028893297287657084
57.0,20.0,0.0,0.0,0.0,0.0,0.0,0.0,0.0,0.0,0.0,0.0,0.0,0.0,0.21900212665757152,0.21888269693832324,-0.02882427512703289,-0.02890651009465223
57.0,20.5,0.0,0.0,0.0,0.0,0.0,0.0,0.0,0.0,0.0,0.0,0.0,0.0,0.21898256548323247,0.21886355926092105,-0.028837725134153773,-0.02891971357549805
57.0,21.0,0.0,0.0,0.0,0.0,0.0,0.0,0.0,0.0,0.0,0.0,0.0,0.0,0.21896302861962222,0.2188444454731686,-0.0288511658900029,-0.02893290774718276
57.0,21.5,0.0,0.0,0.0,0.0,0.0,0.0,0.0,0.0,0.0,0.0,0.0,0.0,0.21894351600993558,0.218825355518177,-0.028864597410644895,-0.028946092626644982
57.0,22.0,0.0,0.0,0.0,0.0,0.0,0.0,0.0,0.0,0.0,0.0,0.0,0.0,0.21892402759756183,0.2188062893392562,-0.028878019712099356,-0.028959268230774077
57.0,22.5,0.0,0.0,0.0,0.0,0.0,0.0,0.0,0.0,0.0,0.0,0.0,0.0,0.2189045633260834,0.21878724687991413,-0.02889143281034143,-0.028972434576410376
57.0,23.0,0.0,0.0,0.0,0.0,0.0,0.0,0.0,0.0,0.0,0.0,0.0,0.0,0.21888512313927538,0.21876822808385593,-0.02890483672130172,-0.02898559168034531
57.0,23.5,0.0,0.0,0.0,0.0,0.0,0.0,0.0,0.0,0.0,0.0,0.0,0.0,0.2188657069811045,0.2187492328949828,-0.028918231460866476,-0.028998739559321623
57.0,24.0,0.0,0.0,0.0,0.0,0.0,0.0,0.0,0.0,0.0,0.0,0.0,0.0,0.218846314795728,0.21873026125739137,-0.02893161704487805,-0.029011878230033532
58.0,0.5,0.0,0.0,0.0,0.0,0.0,0.0,0.0,0.0,0.0,0.0,0.0,0.0,0.21882694652749335,0.21871131311537256,-0.028944993489134586,-0.02902500770912699
58.0,1.0,0.0,0.0,0.0,0.0,0.0,0.0,0.0,0.0,0.0,0.0,0.0,0.0,0.21880760212093678,0.21869238841341088,-0.028958360809390696,-0.029038128013199813
58.0,1.5,0.0,0.0,0.0,0.0,0.0,0.0,0.0,0.0,0.0,0.0,0.0,0.0,0.2187882815207828,0.21867348709618348,-0.02897171902135729,-0.029051239158801895
58.0,2.0,0.0,0.0,0.0,0.0,0.0,0.0,0.0,0.0,0.0,0.0,0.0,0.0,0.21876898467194328,0.2186546091085592,-0.028985068140701946,-0.029064341162435354
58.0,2.5,0.0,0.0,0.0,0.0,0.0,0.0,0.0,0.0,0.0,0.0,0.0,0.0,0.21874971151951647,0.21863575439559774,-0.028998408183048902,-0.029077434040554902
58.0,3.0,0.0,0.0,0.0,0.0,0.0,0.0,0.0,0.0,0.0,0.0,0.0,0.0,0.2187304620087863,0.21861692290254892,-0.02901173916397946,-0.029090517809567746
58.0,3.5,0.0,0.0,0.0,0.0,0.0,0.0,0.0,0.0,0.0,0.0,0.0,0.0,0.21871123608522156,0.21859811457485168,-0.02902506109903187,-0.029103592485833954
58.0,4.0,0.0,0.0,0.0,0.0,0.0,0.0,0.0,0.0,0.0,0.0,0.0,0.0,0.21869203369447485,0.2185793293581331,-0.02903837400370189,-0.029116658085666644
58.0,4.5,0.0,0.0,0.0,0.0,0.0,0.0,0.0,0.0,0.0,0.0,0.0,0.0,0.21867285478238216,0.21856056719820788,-0.029051677893442443,-0.029129714625332145
58.0,5.0,0.0,0.0,0.0,0.0,0.0,0.0,0.0,0.0,0.0,0.0,0.0,0.0,0.2186536992949616,0.21854182804107716,-0.029064972783664284,-0.02914276212105009
58.0,5.5,0.0,0.0,0.0,0.0,0.0,0.0,0.0,0.0,0.0,0.0,0.0,0.0,0.21863456717841293,0.21852311183292797,-0.029078258689735792,-0.02915580058899373
58.0,6.0,0.0,0.0,0.0,0.0,0.0,0.0,0.0,0.0,0.0,0.0,0.0,0.0,0.21861545837911645,0.21850441852013208,-0.029091535626983422,-0.029168830045290098
58.0,6.5,0.0,0.0,0.0,0.0,0.0,0.0,0.0,0.0,0.0,0.0,0.0,0.0,0.21859637284363254,0.2184857480492454,-0.029104803610691614,-0.029181850506020044
58.0,7.0,0.0,0.0,0.0,0.0,0.0,0.0,0.0,0.0,0.0,0.0,0.0,0.0,0.21857731051870058,0.218467100367007,-0.029118062656103113,-0.029194861987218646
58.0,7.5,0.0,0.0,0.0,0.0,0.0,0.0,0.0,0.0,0.0,0.0,0.0,0.0,0.2185582713512382,0.21844847542033852,-0.029131312778419172,-0.02920786450487519
58,8.0,0.6667035809177417,0.6877189118333485,0.04154545470930399,0.08927484813576364,15.191813818635126,16.903937030760062,True,True,0.016029835764353892,0.03466699957003348,0.0,0.0,0.21853925528834062,0.21842987315634294,-0.029144553992799558,-0.029220858074933513
58,8.5,3.4331942503212587,3.5075318441645402,0.23661831673653302,0.35808366298969085,29.892166178320817,32.19861513096553,True,True,0.07683823082675154,0.11713058398459886,0.0,0.0,0.21851496802419226,0.21839991697958308,-0.029161476065700867,-0.02924179676353229
58,9.0,4.763187433696009,4.783477306341221,0.37852491002655875,0.3934085454942379,29.19090601511283,29.37838114913442,True,True,0.09703161789346536,0.10153350838555511,0.0,0.0,0.21846584508082123,0.2183357283237541,-0.029195738115545253,-0.029286723402490163
58,9.5,5.9956412893039355,5.85857405200688,0.5376945918069489,0.4140977830239029,28.577459823031376,26.339890749090983,False,True,0.11324233187614371,0.08793105308507279,0.0,0.0,0.21839866153165843,0.21826706064475515,-0.029242674683409898,-0.02933487605978941
58,10.0,7.127549541061203,6.635918612517262,0.731095547024468,0.4278158044416867,27.897286884103984,22.64947052874655,False,True,0.12456202026287358,0.07401681368722954,0.0,0.0,0.2183112174410199,0.21819577895143863,-0.029303900645646447,-0.0293849615933993
58,10.5,7.805578744389241,7.049478960399026,0.8340688763912312,0.43769739753386955,27.668798583432654,21.097596755085462,False,True,0.1330711164225014,0.07085588930245301,0.0,0.0,0.21819915057029454,0.21812277155330229,-0.02938259025680525,-0.02943636533484435
58,11.0,8.336274914874394,7.219225650112255,0.9639460563304,0.45549704617827835,27.228758136168423,19.31228823094053,False,True,0.1357183341334261,0.06515188201075678,0.0,0.0,0.2180739843120244,0.21804852728527607,-0.029470775642345723,-0.0294887498588016
58,11.5,8.435201994589475,6.811859890066334,1.1102519531278154,0.4664098263173633,26.48611871212878,17.06978681630862,False,True,0.12762879599121676,0.05443911934435103,0.0,0.0,0.2179322901818617,0.2179720370758236,-0.029570986517704605,-0.029542835257022646
58,12.0,8.352621457663219,6.6447012908926055,1.1354088407766099,0.47002025229006655,26.299736148124033,16.74100113966993,False,True,0.12417797308768691,0.05220429507015545,0.0,0.0,0.21777197457111477,0.21789417848632012,-0.029684857089028953,-0.029598009648703655
58,12.5,8.412321687017132,6.622352214518278,1.145556642539105,0.4663052833380514,26.258561407131513,16.59146192017582,False,True,0.12515609223235752,0.05177252835498017,0.0,0.0,0.21760847578433884,0.21781588202481098,-0.029801527162679295,-0.029653618194376837
58,13.0,8.48702210262158,6.6619972894629775,1.1554132377835546,0.46604354693019157,26.2615985115887,16.515652666954434,False,True,0.12631533418891724,0.051803997429292786,0.0,0.0,0.21744370642000854,0.21773808113566318,-0.02991965705449953,-0.029708998115002952
58,13.5,8.705997223352266,6.649536940386086,1.2184141494874834,0.4714013790538432,26.10234604847541,15.84773197858027,False,True,0.12769155637348634,0.05028452584445353,0.0,0.0,0.21727770353637882,0.2176603357128765,-0.03003923593413468,-0.029764461694291283
58,14.0,8.583313173463003,6.45894781884402,1.2284308126264116,0.46705890324481053,25.945770583919458,15.404253950987668,False,True,0.12409014517808455,0.04783129396448556,0.0,0.0,0.21710369475424648,0.21758192958839,-0.030165193601687946,-0.02982052161131164
58,14.5,8.43947923682586,6.387690674932964,1.2239964243142167,0.47826749778430044,25.878305717608917,15.442985519318016,False,True,0.12071491980612079,0.04762847067608375,0.0,0.0,0.21692843195341424,0.21750409884887084,-0.03029269561937758,-0.02987629459695409
58,15.0,8.322711322801114,6.277245713976126,1.2062318258591205,0.46787722249508595,25.86035716903669,15.186421815488549,False,False,0.11885290972711854,0.04638422730737638,0.0,0.0,0.21675375662114527,0.21742486172764264,-0.03042040966062551,-0.029933203107218045
58,15.5,8.198205560465302,6.354613467654279,1.1566327929723967,0.46692462642939936,26.000340251695505,15.520144636079891,False,False,0.11856480872373798,0.04801168826210579,0.0,0.0,0.21658136741293701,0.21734697057861851,-0.030547081691153246,-0.0299892708600921
58,16.0,6.016965457117326,5.196652412150019,0.8018459236482474,0.44426476543423155,26.288063473122467,18.514775583738192,False,False,0.08935642319503187,0.04936155321204005,0.0,0.0,0.21641532102932767,0.21726922268193105,-0.030669687633481185,-0.030045360324992255
58,16.5,5.124453421557802,4.66480765679896,0.6549803962461054,0.42283570209250665,26.50742707534064,19.477533656119434,False,False,0.07769298250442633,0.049847364633659644,0.0,0.0,0.2162945083569171,0.21719438420492043,-0.030759262331344805,-0.030099468956164974
58,17.0,3.4180349854879046,3.3952346303233667,0.4232458425275005,0.40556140346961894,13.311274011363347,12.991194941235053,False,False,0.05239646928612751,0.0495029483899084,0.0,0.0,0.21619243334975388,0.2171222982538474,-0.030835187298600318,-0.030151697305555406
58.0,17.5,0.0,0.0,0.0,0.0,0.0,0.0,0.0,0.0,0.0,0.0,0.0,0.0,0.21611991105472783,0.2170524353258669,-0.030889266201835516,-0.030202418077331632
58.0,18.0,0.0,0.0,0.0,0.0,0.0,0.0,0.0,0.0,0.0,0.0,0.0,0.0,0.2161013462396297,0.2170342758795365,-0.03090312789709578,-0.03021561855175244
58.0,18.5,0.0,0.0,0.0,0.0,0.0,0.0,0.0,0.0,0.0,0.0,0.0,0.0,0.2160828034577399,0.21701613804558234,-0.030916980539920765,-0.030228810178178293
58.0,19.0,0.0,0.0,0.0,0.0,0.0,0.0,0.0,0.0,0.0,0.0,0.0,0.0,0.21606428265986674,0.21699802177490338,-0.03093082414530591,-0.03024199297196533
58.0,19.5,0.0,0.0,0.0,0.0,0.0,0.0,0.0,0.0,0.0,0.0,0.0,0.0,0.21604578379697903,0.2169799270185627,-0.03094465872820693,-0.03025516694842686
58.0,20.0,0.0,0.0,0.0,0.0,0.0,0.0,0.0,0.0,0.0,0.0,0.0,0.0,0.21602730682020535,0.2169618537277862,-0.0309584843035399,-0.030268332122834
58.0,20.5,0.0,0.0,0.0,0.0,0.0,0.0,0.0,0.0,0.0,0.0,0.0,0.0,0.21600885168083328,0.21694380185396253,-0.03097230088618164,-0.030281488510415296
58.0,21.0,0.0,0.0,0.0,0.0,0.0,0.0,0.0,0.0,0.0,0.0,0.0,0.0,0.21599041833030877,0.21692577134864194,-0.03098610849096965,-0.030294636126357202
58.0,21.5,0.0,0.0,0.0,0.0,0.0,0.0,0.0,0.0,0.0,0.0,0.0,0.0,0.2159720067202355,0.2169077621635358,-0.030999907132702273,-0.0303077749858041
58.0,22.0,0.0,0.0,0.0,0.0,0.0,0.0,0.0,0.0,0.0,0.0,0.0,0.0,0.21595361680237413,0.21688977425051573,-0.031013696826138932,-0.030320905103858604
58.0,22.5,0.0,0.0,0.0,0.0,0.0,0.0,0.0,0.0,0.0,0.0,0.0,0.0,0.21593524852864168,0.21687180756161298,-0.031027477586000204,-0.030334026495581545
58.0,23.0,0.0,0.0,0.0,0.0,0.0,0.0,0.0,0.0,0.0,0.0,0.0,0.0,0.21591690185111087,0.21685386204901783,-0.031041249426967964,-0.030347139175992247
58.0,23.5,0.0,0.0,0.0,0.0,0.0,0.0,0.0,0.0,0.0,0.0,0.0,0.0,0.2158985767220093,0.21683593766507867,-0.031055012363685713,-0.030360243160068634
58.0,24.0,0.0,0.0,0.0,0.0,0.0,0.0,0.0,0.0,0.0,0.0,0.0,0.0,0.21588027309371904,0.2168180343623016,-0.031068766410758293,-0.030373338462747392
59.0,0.5,0.0,0.0,0.0,0.0,0.0,0.0,0.0,0.0,0.0,0.0,0.0,0.0,0.21586199091877578,0.2168001520933495,-0.03108251158275254,-0.030386425098924107
59.0,1.0,0.0,0.0,0.0,0.0,0.0,0.0,0.0,0.0,0.0,0.0,0.0,0.0,0.2158437301498682,0.2167822908110414,-0.031096247894197033,-0.03039950308345352
59.0,1.5,0.0,0.0,0.0,0.0,0.0,0.0,0.0,0.0,0.0,0.0,0.0,0.0,0.21582549073983745,0.21676445046835183,-0.03110997535958245,-0.030412572431149622
59.0,2.0,0.0,0.0,0.0,0.0,0.0,0.0,0.0,0.0,0.0,0.0,0.0,0.0,0.2158072726416763,0.21674663101841035,-0.03112369399336159,-0.03042563315678555
59.0,2.5,0.0,0.0,0.0,0.0,0.0,0.0,0.0,0.0,0.0,0.0,0.0,0.0,0.21578907580852857,0.21672883241450042,-0.03113740380994967,-0.030438685275094347
59.0,3.0,0.0,0.0,0.0,0.0,0.0,0.0,0.0,0.0,0.0,0.0,0.0,0.0,0.21577090019368858,0.21671105461005916,-0.031151104823724313,-0.030451728800768435
59.0,3.5,0.0,0.0,0.0,0.0,0.0,0.0,0.0,0.0,0.0,0.0,0.0,0.0,0.2157527457506005,0.21669329755867645,-0.031164797049025583,-0.03046476374846027
59.0,4.0,0.0,0.0,0.0,0.0,0.0,0.0,0.0,0.0,0.0,0.0,0.0,0.0,0.21573461243285746,0.21667556121409443,-0.031178480500156532,-0.03047779013278213
59.0,4.5,0.0,0.0,0.0,0.0,0.0,0.0,0.0,0.0,0.0,0.0,0.0,0.0,0.21571650019420127,0.21665784553020662,-0.0311921551913829,-0.030490807968306652
59.0,5.0,0.0,0.0,0.0,0.0,0.0,0.0,0.0,0.0,0.0,0.0,0.0,0.0,0.21569840898852163,0.21664015046105753,-0.031205821136933473,-0.03050381726956657
59.0,5.5,0.0,0.0,0.0,0.0,0.0,0.0,0.0,0.0,0.0,0.0,0.0,0.0,0.21568033876985543,0.21662247596084183,-0.03121947835100019,-0.030516818051055127
59.0,6.0,0.0,0.0,0.0,0.0,0.0,0.0,0.0,0.0,0.0,0.0,0.0,0.0,0.21566228949238625,0.21660482198390374,-0.03123312684773818,-0.03052981032722617
59.0,6.5,0.0,0.0,0.0,0.0,0.0,0.0,0.0,0.0,0.0,0.0,0.0,0.0,0.2156442611104437,0.21658718848473646,-0.031246766641266122,-0.030542794112494234
59.0,7.0,0.0,0.0,0.0,0.0,0.0,0.0,0.0,0.0,0.0,0.0,0.0,0.0,0.21562625357850282,0.21656957541798147,-0.03126039774566614,-0.030555769421234714
59.0,7.5,0.0,0.0,0.0,0.0,0.0,0.0,0.0,0.0,0.0,0.0,0.0,0.0,0.2156082668511834,0.21655198273842777,-0.031274020174983985,-0.030568736267784197
59.0,8.0,0.0,0.0,0.0,0.0,0.0,0.0,0.0,0.0,0.0,0.0,0.0,0.0,0.21559030088324946,0.2165344104010116,-0.031287633943229316,-0.030581694666440198
59,8.5,1.5888963144923078,1.6144185302116332,0.08858506707702496,0.12668116855399605,15.42990413025914,16.302061054755242,True,True,0.04116516628087152,0.05959644637194121,0.0,0.0,0.21557235562960858,0.21651685836081538,-0.031301239064375645,-0.030594644631461675
59,9.0,2.1631103626752495,2.181448984654688,0.1311212291445826,0.151686578137735,15.253652021737425,15.667547128323413,True,True,0.05299926719109895,0.062407021625956544,0.0,0.0,0.21554314240331307,0.21648318323867805,-0.03132340203374293,-0.030619508568124672
59,9.5,2.6184719145244646,2.62171550981551,0.16965701037072733,0.1726669210344516,15.095287143944148,15.142067497910785,True,True,0.06117214205416558,0.06335227039344518,0.0,0.0,0.21550852929986689,0.21644634181532513,-0.03134968589108859,-0.030646737917743503
59,10.0,6.572033696077758,6.52419182183607,0.4574435965979173,0.4114051605641477,29.828079387238894,29.020607742279303,False,False,0.14577416550830263,0.13291798121126558,0.0,0.0,0.21546902605428503,0.21640684697174092,-0.03137971525002934,-0.030675960448759147
59,10.5,7.745447161309308,7.477231731180433,0.6053556535482706,0.41927726848906577,29.346971970174025,26.43907438650314,False,False,0.16100132434384978,0.1146030806241986,0.0,0.0,0.21539286989726059,0.21633694916789348,-0.031437703997733255,-0.03072775977267584
59,11.0,8.394159775211689,7.832870536351488,0.7292893957846153,0.4188369597236683,28.8387407286157,24.00370460105473,False,False,0.16361997169760603,0.09700524831840389,0.0,0.0,0.21529788538552838,0.21626606827419892,-0.031510208540607175,-0.030780394097532807
59,11.5,8.587607350882744,8.003385998864136,0.7484150753165053,0.43169071004205334,28.773563690381426,23.86028606287214,False,False,0.1660644595384984,0.09793926224475921,0.0,0.0,0.2151871280983204,0.21619526352103202,-0.03159500468115,-0.03083307916583844
59,12.0,8.424612652789033,7.752166503755853,0.7930483139472345,0.4442146687069166,28.432868177792617,23.267945771195713,False,False,0.15643385540892785,0.09076520175461036,0.0,0.0,0.21507395397507986,0.21612284076548094,-0.03168193216000046,-0.03088707936658718
59,12.5,8.473410006673497,7.530314131198492,0.8565410966152158,0.4315012372963172,27.99689544896652,21.536004415391012,False,False,0.15049296111202398,0.07817160919209895,0.0,0.0,0.21495511247249194,0.2160488419900466,-0.031773519574433855,-0.030942371115497025
59,13.0,8.77441195017889,7.701866487699211,0.908067047925655,0.446030687186471,27.79879475542497,20.57668887208969,False,False,0.15170138934061425,0.07540944715034206,0.0,0.0,0.21482820022246862,0.21597648322205934,-0.03187167540688596,-0.030996551530164684
59,13.5,8.569187040389492,7.357674522101252,0.9486672207360338,0.4475289275969951,27.46262868644005,19.908773489137552,False,False,0.1436464926787831,0.06949348139369127,0.0,0.0,0.2146947421479941,0.21590229278173714,-0.031975283854399475,-0.0310522208601532
59,14.0,8.712103574865456,7.351378983582343,0.9927839792632873,0.4482647231710098,27.31579097862826,19.029516933192625,False,True,0.14311169684762326,0.06592087768198682,0.0,0.0,0.21455613050792252,0.21582793122907631,-0.032083318338616114,-0.031108138164078248
59,14.5,8.591245413159982,7.334630375541309,0.9765602675957331,0.45599422334104156,27.302890730995998,19.25286958539992,False,False,0.14093864481069315,0.0668300867552285,0.0,0.0,0.21441191713051921,0.21575349568133875,-0.03219618079131704,-0.031164231303333068
59,15.0,7.9252944155423535,7.040050355705857,0.8499683852919199,0.45005972674234707,27.595806415721697,20.839681700157392,False,False,0.13406335982948203,0.07172040785251828,0.0,0.0,0.2142697913268001,0.215678094868185,-0.03230787261839609,-0.031221174756967618
59,15.5,6.584280059405911,5.90692155170335,0.7313715535194013,0.4330689009888398,27.350540802960495,21.21548347354634,False,False,0.10854793695462128,0.06440628064280594,0.0,0.0,0.21414381757721904,0.21560346998787486,-0.03240725722485815,-0.031277654322364457
59,16.0,6.933452679576778,6.23888470731246,0.7858131792559648,0.446196085273089,27.223181783748934,20.253626797590734,False,False,0.1128153685942535,0.06407368966142564,0.0,0.0,0.21403297700719418,0.21553102993645326,-0.03249500417380994,-0.03133259678700627
59,16.5,4.169766413985389,3.9886946546800246,0.45842238040604777,0.4006896153670617,27.360964151216628,23.13954042748135,False,False,0.06881678382406023,0.059876997664483234,0.0,0.0,0.21391521880092457,0.21545693664929935,-0.03258853778457743,-0.03138891215546266
59.0,17.0,0.0,0.0,0.0,0.0,0.0,0.0,0.0,0.0,0.0,0.0,0.0,0.0,0.21383920088576197,0.21538866193386588,-0.0326490880851124,-0.031440911852338604
59.0,17.5,0.0,0.0,0.0,0.0,0.0,0.0,0.0,0.0,0.0,0.0,0.0,0.0,0.21382162093874205,0.21537146772594457,-0.032663110061007014,-0.03145402355737794
59.0,18.0,0.0,0.0,0.0,0.0,0.0,0.0,0.0,0.0,0.0,0.0,0.0,0.0,0.21380406087575837,0.21535429298881215,-0.03267712334072364,-0.03146712691901103
59.0,18.5,0.0,0.0,0.0,0.0,0.0,0.0,0.0,0.0,0.0,0.0,0.0,0.0,0.2137865206544679,0.21533713768035187,-0.0326911279379986,-0.031480221951024415
59.0,19.0,0.0,0.0,0.0,0.0,0.0,0.0,0.0,0.0,0.0,0.0,0.0,0.0,0.21376900023265916,0.21532000175858082,-0.03270512386653379,-0.03149330866716819
59.0,19.5,0.0,0.0,0.0,0.0,0.0,0.0,0.0,0.0,0.0,0.0,0.0,0.0,0.21375149956825162,0.21530288518164942,-0.032719111139996586,-0.031506387081156106
59.0,20.0,0.0,0.0,0.0,0.0,0.0,0.0,0.0,0.0,0.0,0.0,0.0,0.0,0.21373401861929542,0.21528578790784095,-0.03273308977202013,-0.03151945720666564
59.0,20.5,0.0,0.0,0.0,0.0,0.0,0.0,0.0,0.0,0.0,0.0,0.0,0.0,0.21371655734397055,0.21526870989557095,-0.03274705977620326,-0.03153251905733808
59.0,21.0,0.0,0.0,0.0,0.0,0.0,0.0,0.0,0.0,0.0,0.0,0.0,0.0,0.21369911570058653,0.21525165110338654,-0.032761021166110786,-0.031545572646778916
59.0,21.5,0.0,0.0,0.0,0.0,0.0,0.0,0.0,0.0,0.0,0.0,0.0,0.0,0.21368169364758172,0.21523461148996614,-0.03277497395527362,-0.031558617988557504
59.0,22.0,0.0,0.0,0.0,0.0,0.0,0.0,0.0,0.0,0.0,0.0,0.0,0.0,0.21366429114352278,0.21521759101411864,-0.032788918157188846,-0.031571655096207775
59.0,22.5,0.0,0.0,0.0,0.0,0.0,0.0,0.0,0.0,0.0,0.0,0.0,0.0,0.21364690814710446,0.21520058963478306,-0.03280285378531972,-0.03158468398322779
59.0,23.0,0.0,0.0,0.0,0.0,0.0,0.0,0.0,0.0,0.0,0.0,0.0,0.0,0.2136295446171486,0.21518360731102787,-0.03281678085309606,-0.0315977046630804
59.0,23.5,0.0,0.0,0.0,0.0,0.0,0.0,0.0,0.0,0.0,0.0,0.0,0.0,0.21361220051260404,0.21516664400205068,-0.03283069937391404,-0.0316107171491928
59.0,24.0,0.0,0.0,0.0,0.0,0.0,0.0,0.0,0.0,0.0,0.0,0.0,0.0,0.21359487579254588,0.21514969966717734,-0.03284460936113656,-0.031623721454957315
60.0,0.5,0.0,0.0,0.0,0.0,0.0,0.0,0.0,0.0,0.0,0.0,0.0,0.0,0.22691896341401813,0.2284745640117391,-0.023944798942910704,-0.023105482150604678
60.0,1.0,0.0,0.0,0.0,0.0,0.0,0.0,0.0,0.0,0.0,0.0,0.0,0.0,0.23487779966231467,0.23643456450985761,-0.019999581361839172,-0.019321326297552607
60.0,1.5,0.0,0.0,0.0,0.0,0.0,0.0,0.0,0.0,0.0,0.0,0.0,0.0,0.24280612014298733,0.24436459937575072,-0.016815953265979858,-0.016263324159125916
60.0,2.0,0.0,0.0,0.0,0.0,0.0,0.0,0.0,0.0,0.0,0.0,0.0,0.0,0.24271849007261284,0.2442786534678004,-0.016847685428616508,-0.01629323085605624
60.0,2.5,0.0,0.0,0.0,0.0,0.0,0.0,0.0,0.0,0.0,0.0,0.0,0.0,0.24263180146483454,0.2441936200616957,-0.016879146897252128,-0.016322884536555053
60.0,3.0,0.0,0.0,0.0,0.0,0.0,0.0,0.0,0.0,0.0,0.0,0.0,0.0,0.2425460288724743,0.2441094749041644,-0.01691034483985371,-0.01635229177912447
60.0,3.5,0.0,0.0,0.0,0.0,0.0,0.0,0.0,0.0,0.0,0.0,0.0,0.0,0.24246114786936349,0.24402619469924405,-0.01694128614622908,-0.01638145891111558
60.0,4.0,0.0,0.0,0.0,0.0,0.0,0.0,0.0,0.0,0.0,0.0,0.0,0.0,0.24237713499703945,0.24394375705907717,-0.016971977442113824,-0.016410392021254272
60.0,4.5,0.0,0.0,0.0,0.0,0.0,0.0,0.0,0.0,0.0,0.0,0.0,0.0,0.24229396771486036,0.24386214045781474,-0.017002425102377258,-0.016439096971395097
60.0,5.0,0.0,0.0,0.0,0.0,0.0,0.0,0.0,0.0,0.0,0.0,0.0,0.0,0.242211624353281,0.24378132418839613,-0.017032635263411987,-0.0164675794075595
60.0,5.5,0.0,0.0,0.0,0.0,0.0,0.0,0.0,0.0,0.0,0.0,0.0,0.0,0.2421300840700512,0.24370128832199345,-0.01706261383476767,-0.016495844770310276
60.0,6.0,0.0,0.0,0.0,0.0,0.0,0.0,0.0,0.0,0.0,0.0,0.0,0.0,0.2420493268091211,0.2436220136699248,-0.017092366510083466,-0.016523898304509763
60.0,6.5,0.0,0.0,0.0,0.0,0.0,0.0,0.0,0.0,0.0,0.0,0.0,0.0,0.24196933326205586,0.24354348174785959,-0.017121898777369318,-0.016551745068505205
60.0,7.0,0.0,0.0,0.0,0.0,0.0,0.0,0.0,0.0,0.0,0.0,0.0,0.0,0.24189008483177682,0.2434656747421523,-0.0171512159286825,-0.01657938994278112
60.0,7.5,0.0,0.0,0.0,0.0,0.0,0.0,0.0,0.0,0.0,0.0,0.0,0.0,0.2418115635984653,0.24338857547815454,-0.017180323069241384,-0.016606837638115844
60.0,8.0,0.0,0.0,0.0,0.0,0.0,0.0,0.0,0.0,0.0,0.0,0.0,0.004177690163774777,0.2417337522874742,0.24331216739036823,-0.017209225126015484,-0.016634092703275396
60,8.5,1.6580842828137161,1.677361657293004,0.048544787316770976,0.13314916939111085,16.6179159566244,17.78363603960135,False,False,0.0700735064063018,0.19548641754873156,0.0,0.006602624616668152,0.2416566342391088,0.24323590211961132,-0.017237926855827562,-0.016661349987894446
60,9.0,5.221839502197723,5.283510875802704,0.18010472824915624,0.370884925327232,32.74372504721484,34.88619870304439,False,False,0.19516866968062907,0.4145615890592588,0.0,0.07061221193246746,0.24157400718259772,0.24314302002466806,-0.017268742238916158,-0.016694618049181324
60,9.5,5.893261704658753,5.962056365004705,0.21986528608558392,0.3438995652785356,32.53997203609845,34.14429177541318,False,False,0.21020081929901646,0.34358967785489,0.0,0.11966794510505162,0.24147527675193234,0.24301233054079482,-0.017305649413858416,-0.016741561907158184
60,10.0,6.328210580102372,6.407095450619352,0.2648428625425739,0.3846776065852407,32.157693212413875,33.69618957423095,False,False,0.20789540007934726,0.31765184115770395,0.0,0.15109373767962742,0.24137212621902177,0.2428794590341576,-0.017344309333833803,-0.01678945087888975
60,10.5,6.954762208885315,6.98755433345589,0.3627051010358583,0.392592642061287,31.2649374043841,31.775155237264578,False,False,0.19291250541445407,0.21699116230110255,0.0,0.18354671665008676,0.24126387629563772,0.24273800294677583,-0.01738499117065042,-0.016840613354069285
60,11.0,7.572026868215188,7.5144067775227725,0.462696966448353,0.39979598348482154,30.599636730573735,29.847810459365903,False,False,0.18820180317242144,0.1697286457399226,0.0,0.23114427105933455,0.24114377376061033,0.2425920057567959,-0.017430260505925152,-0.0168936131980308
60,11.5,7.858052871301849,7.736888225347869,0.5154451023816231,0.40885972932299536,30.19951372306899,28.666678496838664,False,False,0.18381935413644826,0.1496110007963892,0.0,0.18376537093991824,0.24101153371468853,0.2424396152351483,-0.017480267297890456,-0.01694914606796493
60,12.0,8.187701245851107,7.982522426822545,0.577231325676241,0.4198824165317262,29.881109276459235,27.632521595905445,False,False,0.1829641148561002,0.13698344485680314,0.0,0.21021980136083793,0.24087316348913748,0.24229268483621055,-0.017532775346570845,-0.01700289527552988
60,12.5,8.374711407241172,7.905698112010778,0.707572116996018,0.4289485192129408,29.059194279476458,25.047475976709336,False,False,0.16777279373389253,0.10613385161400413,0.0,0.3097626334016556,0.24072749869338145,0.24214154396151888,-0.0175882546821742,-0.017058396770801232
60,13.0,8.37570469667745,7.84857905549925,0.7365740820512342,0.436077751660124,28.836576858159933,24.45356910919516,False,False,0.16321696783486553,0.10054922790744561,0.0,0.2744670337367918,0.2405657909946346,0.24197711629575924,-0.01765008945641052,-0.017119022744318105
60,13.5,8.513189809209592,7.768445340058137,0.823563556634898,0.4428286928909544,28.290863774491058,22.53788946538981,False,True,0.15550110848249954,0.08617928078210946,0.0,0.26206559906306615,0.24040094244047314,0.24181682007953997,-0.017713392049012348,-0.01717837270008785
60,14.0,8.230307968784997,7.47791396728298,0.8284970335406664,0.44857655878156383,28.027358921692734,22.09370489333694,False,False,0.145919067848376,0.08074761274259813,0.0,0.19257575447318392,0.240225552054737,0.24165777499194638,-0.017781039996892418,-0.017237501875999404
60,14.5,7.968335779720384,7.233504080621899,0.7978356814098495,0.43803153713169685,28.024347532439442,22.057462014808834,False,False,0.14122703898164457,0.07880379080056639,0.0,0.14403725660727576,0.2400500653555428,0.24150737307492803,-0.017849033387957538,-0.017293640941776593
60,15.0,8.31601071446414,7.504080006154661,0.8453900510005609,0.44673787272019894,27.931967913969498,21.395837014135623,False,False,0.14588755562853425,0.0781990181277975,0.0,0.14638137201140777,0.23987900752993463,0.24136501029875276,-0.01791560914593951,-0.01734698011085679
60,15.5,6.6771261450786215,6.23330093709337,0.667751922820717,0.4292450427779549,27.943783903889795,22.90821384353484,False,False,0.11728947910079533,0.07546491793370476,0.0,0.04699169421645442,0.23970240090045652,0.24122173922230242,-0.017984655161172335,-0.017400857607218424
60,16.0,6.609433569818336,6.201552771952091,0.6606686003713138,0.4275406879111415,27.9473343635801,22.79849317386492,False,False,0.11614593480966462,0.07527524335797837,0.0,0.05048803185666843,0.23954893226264223,0.24109385292833233,-0.018044912756817317,-0.017449118098509072
60,16.5,6.628879634221778,6.23708854948085,0.6668262976234179,0.42370293163365896,27.886758448247747,22.0216036012339,False,False,0.11571335799651981,0.0733853368786097,0.0,0.04303400111982762,0.2393968575354568,0.24096621891617379,-0.018104860481797425,-0.017497442474973257
60,17.0,4.948945704470067,4.848730508391642,0.4933790387343938,0.39369240444024206,13.946009708371937,12.808807163107309,False,False,0.08643842601051949,0.06841508631833298,0.0,0.01859891341394455,0.23924447986541283,0.24084049528736853,-0.018165165775373845,-0.017545199522427057
60.0,17.5,0.0,0.0,0.0,0.0,0.0,0.0,0.0,0.0,0.0,0.0,0.0,0.0,0.23911467758113916,0.24072217232388168,-0.018216725437188403,-0.01759028729685516
60.0,18.0,0.0,0.0,0.0,0.0,0.0,0.0,0.0,0.0,0.0,0.0,0.0,0.0,0.23904821152057723,0.24065684262927425,-0.01824319437624411,-0.01761524077528331
60.0,18.5,0.0,0.0,0.0,0.0,0.0,0.0,0.0,0.0,0.0,0.0,0.0,0.0,0.23898220031793196,0.24059195834914004,-0.018269527542527773,-0.017640065879701183
60.0,19.0,0.0,0.0,0.0,0.0,0.0,0.0,0.0,0.0,0.0,0.0,0.0,0.0,0.23891663552427492,0.24052751130060016,-0.018295727469900824,-0.017664764972052247
60.0,19.5,0.0,0.0,0.0,0.0,0.0,0.0,0.0,0.0,0.0,0.0,0.0,0.0,0.2388515089321039,0.24046349353165805,-0.0183217966213935,-0.017689340349133956
60.0,20.0,0.0,0.0,0.0,0.0,0.0,0.0,0.0,0.0,0.0,0.0,0.0,0.0,0.23878681256636825,0.24039989731271585,-0.018347737391763434,-0.01771379424492432
60.0,20.5,0.0,0.0,0.0,0.0,0.0,0.0,0.0,0.0,0.0,0.0,0.0,0.0,0.2387225386759032,0.24033671512847332,-0.0183735521099406,-0.017738128832806246
60.0,21.0,0.0,0.0,0.0,0.0,0.0,0.0,0.0,0.0,0.0,0.0,0.0,0.0,0.23865867972525287,0.24027393967018965,-0.018399243041363995,-0.017762346227694542
60.0,21.5,0.0,0.0,0.0,0.0,0.0,0.0,0.0,0.0,0.0,0.0,0.0,0.0,0.23859522838685907,0.24021156382828868,-0.01842481239021634,-0.01778644848807095
60.0,22.0,0.0,0.0,0.0,0.0,0.0,0.0,0.0,0.0,0.0,0.0,0.0,0.0,0.23853217753359762,0.24014958068528913,-0.0184502623015619,-0.0178104376179318
60.0,22.5,0.0,0.0,0.0,0.0,0.0,0.0,0.0,0.0,0.0,0.0,0.0,0.0,0.2384695202316442,0.24008798350904342,-0.01847559486339216,-0.01783431556865282
60.0,23.0,0.0,0.0,0.0,0.0,0.0,0.0,0.0,0.0,0.0,0.0,0.0,0.0,0.2384072497336512,0.24002676574626852,-0.01850081210858461,-0.01785808424077536
60.0,23.5,0.0,0.0,0.0,0.0,0.0,0.0,0.0,0.0,0.0,0.0,0.0,0.0,0.23834535947222066,0.23996592101635464,-0.018525916016778506,-0.017881745485717644
60.0,24.0,0.0,0.0,0.0,0.0,0.0,0.0,0.0,0.0,0.0,0.0,0.0,0.0,0.2382838430536573,0.2399054431054368,-0.018550908516172256,-0.01790530110741535
61.0,0.5,0.0,0.0,0.0,0.0,0.0,0.0,0.0,0.0,0.0,0.0,0.0,0.0,0.23822269425198836,0.23984532596071653,-0.018575791485245737,-0.017928752863894382
61.0,1.0,0.0,0.0,0.0,0.0,0.0,0.0,0.0,0.0,0.0,0.0,0.0,0.0,0.23816190700323506,0.23978556368502107,-0.018600566754412236,-0.017952102468779763
61.0,1.5,0.0,0.0,0.0,0.0,0.0,0.0,0.0,0.0,0.0,0.0,0.0,0.0,0.2381014753999252,0.2397261505315881,-0.01862523610760223,-0.01797535159274328
61.0,2.0,0.0,0.0,0.0,0.0,0.0,0.0,0.0,0.0,0.0,0.0,0.0,0.0,0.2407043902565896,0.24233022193071227,-0.01759707520156393,-0.016989144387560502
61.0,2.5,0.0,0.0,0.0,0.0,0.0,0.0,0.0,0.0,0.0,0.0,0.0,0.0,0.24595748858065603,0.24758481230472112,-0.01572070642194329,-0.015188484589265817
61.0,3.0,0.0,0.0,0.0,0.0,0.0,0.0,0.0,0.0,0.0,0.0,0.0,0.0,0.25383719792334564,0.255466685349084,-0.013333549269602658,-0.012895309972712652
61.0,3.5,0.0,0.0,0.0,0.0,0.0,0.0,0.0,0.0,0.0,0.0,0.0,0.0,0.25370218771594943,0.2553337905540704,-0.013370649188374358,-0.012930401764701194
61.0,4.0,0.0,0.0,0.0,0.0,0.0,0.0,0.0,0.0,0.0,0.0,0.0,0.0,0.2535692865939987,0.2552029595691129,-0.013407289732795596,-0.012965059791575709
61.0,4.5,0.0,0.0,0.0,0.0,0.0,0.0,0.0,0.0,0.0,0.0,0.0,0.0,0.25343841006267886,0.2550741106698767,-0.013443489075405862,-0.012999300983829745
61.0,5.0,0.0,0.0,0.0,0.0,0.0,0.0,0.0,0.0,0.0,0.0,0.0,0.0,0.2533094786158343,0.25494716690059893,-0.013479264348858756,-0.013033141314625298
61.0,5.5,0.0,0.0,0.0,0.0,0.0,0.0,0.0,0.0,0.0,0.0,0.0,0.0,0.25583617069843295,0.2574760714175941,-0.012798339471957573,-0.01237829848236418
61.0,6.0,0.0,0.0,0.0,0.0,0.0,0.0,0.0,0.0,0.0,0.0,0.0,0.0,0.2556929816084856,0.25733504583066563,-0.012835815631177954,-0.01241376832595413
61.0,6.5,0.0,0.0,0.0,0.0,0.0,0.0,0.0,0.0,0.0,0.0,0.0,0.0,0.2555521135682931,0.2571962955679684,-0.012872811970067986,-0.012448784141223917
61.0,7.0,0.0,0.0,0.0,0.0,0.0,0.0,0.0,0.0,0.0,0.0,0.0,0.0,0.2554134691803432,0.2570597261647872,-0.012909348432794792,-0.012483364563490707
61.0,7.5,0.0,0.0,0.0,0.0,0.0,0.0,0.0,0.0,0.0,0.0,0.0,0.0,0.255276957073762,0.25692524893743174,-0.01294544376624498,-0.012517527121871659
61.0,8.0,0.0,0.0,0.0,0.0,0.0,0.0,0.0,0.0,0.0,0.0,0.0,0.0,0.2551424914240145,0.2567927805271639,-0.012981115612700756,-0.01255128832406352
61,8.5,1.9766865205301716,1.995505575812235,0.04871568879873976,0.12328118345176808,16.890172948929983,17.84677733749836,False,False,0.09766632407992042,0.2590507532575605,0.023031600624456125,0.03836617489681378,0.2550099915193039,0.2566622424880399,-0.013016380593715201,-0.01258466373314781
61,9.0,2.49061961206455,2.51477785578957,0.06284372988958838,0.13809351722448898,16.89017294353242,17.768247135843527,False,False,0.12305930134357342,0.2907572929761588,0.04769037518812946,0.0793600176498469,0.25487023841127016,0.25651296174028193,-0.013053699784045105,-0.012622960892808868
61,9.5,2.1666099424004646,2.1876474001877293,0.05256982400638125,0.16491170331644092,16.89017294702424,17.9629844691943,False,False,0.10705027154862495,0.34591384216200555,0.014738301702487128,0.02450498162325434,0.2547273607186337,0.25635835621529385,-0.013091985220877487,-0.012662770564833042
61,10.0,2.9447781984712242,2.9777290890361754,0.07620521886005643,0.1764529781484062,16.875560917975392,17.805908323245262,False,False,0.14419009379107475,0.36469919542053253,0.13483073788392186,0.1827245655378633,0.2651906418366689,0.2668091478575945,-0.010609594158165625,-0.010277739827125968
61,10.5,6.4259080453518695,6.499208349853207,0.1707268516019521,0.3746542464318009,33.75402900132033,35.5740767608166,False,False,0.314924270478105,0.7747026071335205,0.43916314801511025,0.5782299431656908,0.2675944459690478,0.2691974259079126,-0.010121186928300795,-0.009810354762377712
61,11.0,6.885582804491171,6.968141770322655,0.20105039208849712,0.36282437389524513,33.57976588456936,35.23577904844452,False,False,0.320258843988551,0.6640490268087937,0.6547545533136906,0.8403928297570286,0.269921548533648,0.27148445990746584,-0.0096736774897879,-0.00938633517029923
61,11.5,6.9094876215621746,6.981029881977176,0.23790267103667984,0.3720031446331199,32.929537579116825,34.4820387593401,False,False,0.2700339402453577,0.4600570555669793,0.5145928394168917,0.6593556829204206,0.2695533412141557,0.27107547011754235,-0.00974289065459954,-0.009460534270156877
61,12.0,7.462810852838463,7.525437516544182,0.30610477621347465,0.3775721874278032,32.35214677329566,33.398557002838274,False,False,0.2554266980103372,0.3430888935356896,0.6494105840390257,0.8311205336929222,0.26920598797043843,0.2706959366526912,-0.009808725293557554,-0.009530015338601197
61,12.5,8.011337016986708,8.038865051587493,0.3946034125242084,0.3902139274923146,31.71116618487151,31.998267740933375,False,False,0.2409690915663898,0.26049064568270053,0.9277462977291732,1.1873765826696552,0.26883987923995034,0.27030080290210823,-0.00987868927844206,-0.009602999341785047
61,13.0,8.300751422739436,8.23189094371968,0.4669316262296053,0.38667510814687905,31.055083514752994,30.196116755340896,False,False,0.22212012518801713,0.19458845995873092,0.8846708397585384,1.134054143721747,0.26843362807036186,0.269865158634446,-0.00995702171243003,-0.009684239206978243
61,13.5,7.295724134830191,7.273667138155096,0.40552394689299315,0.37502531036842884,30.927382104494313,30.49181177769422,False,False,0.19112113109797724,0.1797759691974254,0.3977581684266303,0.5115043045511112,0.26802979495732454,0.26944281212227417,-0.010035622467459676,-0.009763782211356948
61,14.0,3.597767367870165,3.5633875683926624,0.2056815418362802,0.17053306616213232,15.421110718982165,14.881842915382759,False,False,0.09294483676931678,0.07877412251480032,0.24596177995931823,0.3169934446914214,0.2677015693070957,0.2691069324126926,-0.010100052304203973,-0.00982759655290389
61,14.5,7.9407594579674505,7.807393519393017,0.5101102959407305,0.39595537584914736,30.394049160147276,28.781266281658095,False,False,0.19122424774483485,0.15467409888320172,0.6914457447884095,0.8923669958235935,0.2674235153165331,0.26882718390307925,-0.010155019478116336,-0.009881126025786814
61,15.0,7.475812628072125,7.281391226962397,0.5315730062817919,0.39743954120198766,29.832624393577937,27.47177177921819,False,False,0.16592602165668435,0.12674257143552115,0.5715761895683932,0.7407492181795239,0.2670549223114709,0.2684503431611156,-0.010228435307843604,-0.009953784181234417
61,15.5,7.486585401474677,7.316964428651142,0.5343228724535938,0.41687643861529716,29.819004190124176,27.59100992696994,False,False,0.16584995809317588,0.13229146157885927,0.6359971903457697,0.828159779209686,0.2667035881098556,0.2680972901402257,-0.010299002940662999,-0.01002243411187024
61,16.0,3.2644402297292596,3.2989584290677727,0.21769935733072546,0.2965226046058699,15.01026840724292,15.886992599138479,False,False,0.07440514308650968,0.10125522987050606,0.10430465709998593,0.13645223955590619,0.26634813413439734,0.26773500396175565,-0.010370989177476895,-0.01009346666964956
61,16.5,2.4773963307634435,2.5167748984379172,0.16467389155758572,0.2789969552200893,15.006939914761166,16.37053493704319,False,False,0.056412544747994925,0.09511737025962595,0.04245479377844353,0.05552395817938188,0.26610496913401044,0.267480334249689,-0.010420580193642311,-0.010143758294909593
61,17.0,2.427918475250884,2.4719082756047914,0.15792118793434523,0.302917326443136,15.050150944772476,16.629724480610612,False,False,0.055978371959538684,0.1066307175594304,0.0184189529790793,0.024060765539595706,0.26588039597622176,0.2672421155131984,-0.010466630737292468,-0.010191071690315835
61.0,17.5,0.0,0.0,0.0,0.0,0.0,0.0,0.0,0.0,0.0,0.0,0.0,0.0,0.26566348574784476,0.26700855292872455,-0.010511340316516845,-0.010237715808619692
61.0,18.0,0.0,0.0,0.0,0.0,0.0,0.0,0.0,0.0,0.0,0.0,0.0,0.0,0.26547259020987846,0.2668201600376151,-0.010550876102976661,-0.010275524635690585
61.0,18.5,0.0,0.0,0.0,0.0,0.0,0.0,0.0,0.0,0.0,0.0,0.0,0.0,0.26528505701201416,0.26663509119784073,-0.010589888167528226,-0.010312828453718184
61.0,19.0,0.0,0.0,0.0,0.0,0.0,0.0,0.0,0.0,0.0,0.0,0.0,0.0,0.2651007192231113,0.2664531820716585,-0.010628403112254867,-0.010349652729377838
61.0,19.5,0.0,0.0,0.0,0.0,0.0,0.0,0.0,0.0,0.0,0.0,0.0,0.0,0.26491942245622496,0.2662742805776576,-0.010666445575098153,-0.010386021065400701
61.0,20.0,0.0,0.0,0.0,0.0,0.0,0.0,0.0,0.0,0.0,0.0,0.0,0.0,0.2647410236699182,0.26609824572729646,-0.010704038412484972,-0.010421955372753233
61.0,20.5,0.0,0.0,0.0,0.0,0.0,0.0,0.0,0.0,0.0,0.0,0.0,0.0,0.26456539010799873,0.265924946595025,-0.010741202861346652,-0.010457476023495206
61.0,21.0,0.0,0.0,0.0,0.0,0.0,0.0,0.0,0.0,0.0,0.0,0.0,0.0,0.26439239835896766,0.26575426140403435,-0.010777958683264992,-0.010492601986866332
61.0,21.5,0.0,0.0,0.0,0.0,0.0,0.0,0.0,0.0,0.0,0.0,0.0,0.0,0.26422193351935314,0.2655860767124258,-0.010814324293064934,-0.01052735095076735
61.0,22.0,0.0,0.0,0.0,0.0,0.0,0.0,0.0,0.0,0.0,0.0,0.0,0.0,0.2640538884474918,0.2654202866868799,-0.010850316873828529,-0.010561739430480036
61.0,22.5,0.0,0.0,0.0,0.0,0.0,0.0,0.0,0.0,0.0,0.0,0.0,0.0,0.26388816309630536,0.2652567924528001,-0.010885952480017553,-0.010595782866204707
61.0,23.0,0.0,0.0,0.0,0.0,0.0,0.0,0.0,0.0,0.0,0.0,0.0,0.0,0.26372466391527566,0.265095501511496,-0.010921246130152303,-0.010629495710769273
61.0,23.5,0.0,0.0,0.0,0.0,0.0,0.0,0.0,0.0,0.0,0.0,0.0,0.0,0.26356330331321143,0.2649363272163006,-0.010956211890291261,-0.01066289150867601
61.0,24.0,0.0,0.0,0.0,0.0,0.0,0.0,0.0,0.0,0.0,0.0,0.0,0.0,0.26340399917456614,0.2647791883006356,-0.010990862949386972,-0.010695982967493925
62.0,0.5,0.0,0.0,0.0,0.0,0.0,0.0,0.0,0.0,0.0,0.0,0.0,0.0,0.2632466744230541,0.2646240084519882,-0.011025211687448465,-0.010728782022469302
62.0,1.0,0.0,0.0,0.0,0.0,0.0,0.0,0.0,0.0,0.0,0.0,0.0,0.0,0.2630912566271461,0.2644707159265628,-0.011059269737318876,-0.010761299895113489
62.0,1.5,0.0,0.0,0.0,0.0,0.0,0.0,0.0,0.0,0.0,0.0,0.0,0.0,0.26293767764273673,0.264319243200057,-0.011093048040772083,-0.010793547146428885
62.0,2.0,0.0,0.0,0.0,0.0,0.0,0.0,0.0,0.0,0.0,0.0,0.0,0.0,0.2627858732888815,0.2641695266505928,-0.011126556899543205,-0.01082553372535109
62.0,2.5,0.0,0.0,0.0,0.0,0.0,0.0,0.0,0.0,0.0,0.0,0.0,0.0,0.2626357830530194,0.2640215062703326,-0.011159806021831437,-0.010857269012913506
62.0,3.0,0.0,0.0,0.0,0.0,0.0,0.0,0.0,0.0,0.0,0.0,0.0,0.0,0.26248734982254235,0.2638751254027414,-0.011192804564747777,-0.0108887618625789
62.0,3.5,0.0,0.0,0.0,0.0,0.0,0.0,0.0,0.0,0.0,0.0,0.0,0.0,0.26234051963995497,0.26373033050282074,-0.011225561173123445,-0.010920020637129784
62.0,4.0,0.0,0.0,0.0,0.0,0.0,0.0,0.0,0.0,0.0,0.0,0.0,0.0,0.26219524147919826,0.2635870709179649,-0.011258084015045995,-0.010951053242462792
62.0,4.5,0.0,0.0,0.0,0.0,0.0,0.0,0.0,0.0,0.0,0.0,0.0,0.0,0.2620514670409981,0.26344529868736083,-0.011290380814447266,-0.010981867158592801
62.0,5.0,0.0,0.0,0.0,0.0,0.0,0.0,0.0,0.0,0.0,0.0,0.0,0.0,0.26190915056534464,0.26330496835809486,-0.011322458881030688,-0.011012469468137921
62.0,5.5,0.0,0.0,0.0,0.0,0.0,0.0,0.0,0.0,0.0,0.0,0.0,0.0,0.26176824865942844,0.2631660368163398,-0.01135432513779277,-0.011042866882525513
62.0,6.0,0.0,0.0,0.0,0.0,0.0,0.0,0.0,0.0,0.0,0.0,0.0,0.0,0.2616287201395421,0.26302846313217343,-0.011385986146366047,-0.011073065766133995
62.0,6.5,0.0,0.0,0.0,0.0,0.0,0.0,0.0,0.0,0.0,0.0,0.0,0.0,0.2614905258856253,0.2628922084167425,-0.011417448130385588,-0.0111030721585611
62.0,7.0,0.0,0.0,0.0,0.0,0.0,0.0,0.0,0.0,0.0,0.0,0.0,0.0,0.26135362870727213,0.2627572356906248,-0.011448716997059773,-0.011132891795189089
62.0,7.5,0.0,0.0,0.0,0.0,0.0,0.0,0.0,0.0,0.0,0.0,0.0,0.0,0.2612179932201459,0.26262350976236226,-0.011479798357107177,-0.011162530126200186
62.0,8.0,0.0,0.0,0.0,0.0,0.0,0.0,0.0,0.0,0.0,0.0,0.010481538744229461,0.013637560736626572,0.2610835857318599,0.2624909971162478,-0.011510697543204253,-0.011191992334178811
62,8.5,1.176123374309796,1.205368911609441,0.053647442605413286,0.12295051583220343,15.858546440976992,17.307707714089073,True,True,0.03541572629393812,0.08228372406077902,0.07254050881030555,0.09437544986537773,0.2609490384447823,0.26235792793616824,-0.011541728166932825,-0.011221671562567696
62,9.0,1.4044551789013466,1.4425418977162707,0.0676247399385927,0.15454453268809043,15.766799942282896,17.269122033177677,True,True,0.040871701309764565,0.0956874510930176,0.1557715662162661,0.20245706037932873,0.2608009116428262,0.2622000530454824,-0.011576005972809847,-0.011257005072838788
62,9.5,3.731417901051026,3.8149240724739713,0.18838712255616213,0.35908115080577274,31.312340884599344,33.93659618392226,True,True,0.1043654099912234,0.20295305653723628,0.28067050102386,0.3643375734803575,0.26064153336630114,0.26202550068980746,-0.011613023020727213,-0.011296225533669017
62,10.0,4.000581726284606,4.089589507187004,0.21074159153316166,0.3664082941370947,31.175742258130747,33.59852729041252,True,True,0.10926946435937887,0.19584096107265947,0.40229805655625167,0.5211289776231888,0.26045195793610065,0.2618053487904811,-0.011657237444429185,-0.011345924250826646
62,10.5,4.436555499743466,4.532232823465103,0.2513259533339437,0.3931935802382936,30.930971939115956,33.11799612040399,True,True,0.11629017576434475,0.1901598574307794,0.654299050966317,0.8460906059913863,0.2602451159601939,0.26156535027049643,-0.011705707928857553,-0.011400400402244963
62,11.0,4.866628668124404,4.9475006663336885,0.29800827767415156,0.39475769717373166,30.59195079242331,32.19315376810058,True,True,0.12081437908048707,0.1671774516783293,0.7593753948957209,0.9806820863965707,0.2600020449983438,0.261281569730946,-0.011762975410014505,-0.011465217069314613
62,11.5,5.485822332844998,5.534759733278767,0.3625351915595566,0.39289652872083425,30.35045774526393,31.116183891209992,True,True,0.13124000647284664,0.15203353463276642,1.107214961454936,1.4295581705259235,0.2597406665813402,0.26098145627108493,-0.01182492900881537,-0.01153424254292141
62,12.0,6.181787225308648,6.181109493667165,0.42941057137231714,0.4130000534059994,30.018633378044562,29.958581084298388,True,True,0.14086070680576163,0.14200047022418882,0.812816938039448,1.0509576356304142,0.25942774735705815,0.2606253729466796,-0.011899611231004489,-0.01161678429418932
62,12.5,6.78842916335603,6.706370483729784,0.5165075100860577,0.429554188908206,29.600870004739868,28.513514071762305,True,True,0.14595026538219005,0.12770326194728043,0.9306703447253253,1.2067583599316973,0.25914480778372306,0.2603159460834747,-0.011967622667657897,-0.011689082906407893
62,13.0,7.442302384398097,7.1956262309946535,0.6142745344665813,0.41804599313145036,29.208275394978184,26.483522188917767,True,True,0.15266233553365888,0.11009234658189195,1.2326369981879135,1.606300946214581,0.25883671514816675,0.2599855063612319,-0.012042207689492464,-0.011766884025304701
62,13.5,7.760203362984476,7.347634029626871,0.6837512315111859,0.42345438406605573,28.774985682723052,24.668070547881975,False,False,0.15009032430912084,0.09609272296232496,0.7835204740077968,1.029584630862007,0.25847862706336144,0.259606548616467,-0.012129593017392852,-0.011856869412459699
62,14.0,7.746225477215784,7.311311614404427,0.7015711551603464,0.43683154809999447,28.56930339014054,24.25880501268556,False,False,0.14616484464596508,0.09306641931873288,0.5980651394769403,0.7943527604646476,0.2581698414864672,0.2593013048147025,-0.012205554127730583,-0.011929947715521232
62,14.5,6.882956926817599,6.670357935309831,0.5888793639979512,0.4171307862458824,28.758658248719954,25.5239653114974,False,False,0.1328597353190307,0.09428272121936118,0.23443828279727,0.3149807614057717,0.25788332310190737,0.25902522423526453,-0.012276544974024254,-0.011996506673397139
62,15.0,6.243496506880551,6.1124713468807785,0.5345575992728213,0.4106522300163022,28.721963594757085,26.13491205598482,False,False,0.11998219270219754,0.09205671711857835,0.1607663239430951,0.21791162046403975,0.2576583900103761,0.258813615359724,-0.01233262168735337,-0.012047822119381692
62,15.5,5.498807776048972,5.403442691322482,0.4853902208325562,0.3908389607234113,28.548977337845695,26.072565829057908,False,False,0.10350838264399531,0.08299714689107764,0.10109667988059816,0.13806438875913413,0.25745063662989937,0.25861605783587893,-0.012384686741344467,-0.012095966314666268
62.0,16.0,0.0,0.0,0.0,0.0,0.0,0.0,0.0,0.0,0.0,0.0,0.0,0.0,0.25725760486469523,0.2584320394772601,-0.012433297282046995,-0.012141017386040339
62.0,16.5,0.0,0.0,0.0,0.0,0.0,0.0,0.0,0.0,0.0,0.0,0.0,0.0,0.25714014669395724,0.2583162436929926,-0.012462987633927045,-0.012169468808603043
62.0,17.0,0.0,0.0,0.0,0.0,0.0,0.0,0.0,0.0,0.0,0.0,0.0,0.0,0.25702350877705976,0.258201255246656,-0.012492554276806846,-0.012197800510771788
62.0,17.5,0.0,0.0,0.0,0.0,0.0,0.0,0.0,0.0,0.0,0.0,0.0,0.0,0.25690767599950365,0.25808705909485463,-0.012521999570728587,-0.012226014813479258
62.0,18.0,0.0,0.0,0.0,0.0,0.0,0.0,0.0,0.0,0.0,0.0,0.0,0.0,0.2567926337842411,0.2579736407311331,-0.012551325783415475,-0.012254113947180196
62.0,18.5,0.0,0.0,0.0,0.0,0.0,0.0,0.0,0.0,0.0,0.0,0.0,0.0,0.256678368065088,0.25786098615952957,-0.012580535094910791,-0.012282100056358883
62.0,19.0,0.0,0.0,0.0,0.0,0.0,0.0,0.0,0.0,0.0,0.0,0.0,0.0,0.25656486526171474,0.25774908186969175,-0.012609629601946747,-0.012309975203775607
62.0,19.5,0.0,0.0,0.0,0.0,0.0,0.0,0.0,0.0,0.0,0.0,0.0,0.0,0.2564521122561086,0.2576379148134482,-0.01263861132206121,-0.012337741374469545
62.0,20.0,0.0,0.0,0.0,0.0,0.0,0.0,0.0,0.0,0.0,0.0,0.0,0.0,0.2563400963704073,0.2575274723827369,-0.01266748219747877,-0.012365400479534468
62.0,20.5,0.0,0.0,0.0,0.0,0.0,0.0,0.0,0.0,0.0,0.0,0.0,0.0,0.2562288053460128,0.2574177423888004,-0.012696244098771714,-0.012392954359681508
62.0,21.0,0.0,0.0,0.0,0.0,0.0,0.0,0.0,0.0,0.0,0.0,0.0,0.0,0.2561182273238995,0.2573087130425646,-0.012724898828314917,-0.012420404788603158
62.0,21.5,0.0,0.0,0.0,0.0,0.0,0.0,0.0,0.0,0.0,0.0,0.0,0.0,0.2560083508260389,0.25720037293612286,-0.012753448123548174,-0.012447753476150868
62.0,22.0,0.0,0.0,0.0,0.0,0.0,0.0,0.0,0.0,0.0,0.0,0.0,0.0,0.2558991647378675,0.25709271102525416,-0.012781893660058006,-0.01247500207133831
62.0,22.5,0.0,0.0,0.0,0.0,0.0,0.0,0.0,0.0,0.0,0.0,0.0,0.0,0.25579065829173175,0.25698571661290937,-0.012810237054490088,-0.012502152165180814
62.0,23.0,0.0,0.0,0.0,0.0,0.0,0.0,0.0,0.0,0.0,0.0,0.0,0.0,0.25568282105124546,0.25687937933360294,-0.012838479867303559,-0.012529205293381711
62.0,23.5,0.0,0.0,0.0,0.0,0.0,0.0,0.0,0.0,0.0,0.0,0.0,0.0,0.25557564289650453,0.25677368913865406,-0.012866623605376031,-0.01255616293887449
62.0,24.0,0.0,0.0,0.0,0.0,0.0,0.0,0.0,0.0,0.0,0.0,0.0,0.0,0.2554691140101032,0.256668636282224,-0.012894669724469279,-0.012583026534229684
63.0,0.5,0.0,0.0,0.0,0.0,0.0,0.0,0.0,0.0,0.0,0.0,0.0,0.0,0.2553632248639023,0.25656421130809925,-0.012922619631563579,-0.012609797463934971
63.0,1.0,0.0,0.0,0.0,0.0,0.0,0.0,0.0,0.0,0.0,0.0,0.0,0.0,0.2552579662065041,0.2564604050371761,-0.012950474687068683,-0.012636477066555596
63.0,1.5,0.0,0.0,0.0,0.0,0.0,0.0,0.0,0.0,0.0,0.0,0.0,0.0,0.25515332905138915,0.2563572085556037,-0.01297823620691904,-0.012663066636782508
63.0,2.0,0.0,0.0,0.0,0.0,0.0,0.0,0.0,0.0,0.0,0.0,0.0,0.0,0.2550493046656757,0.2562546132035446,-0.013005905464559793,-0.012689567427374872
63.0,2.5,0.0,0.0,0.0,0.0,0.0,0.0,0.0,0.0,0.0,0.0,0.0,0.0,0.25494588455946443,0.2561526105645175,-0.013033483692830104,-0.012715980651002927
63.0,3.0,0.0,0.0,0.0,0.0,0.0,0.0,0.0,0.0,0.0,0.0,0.0,0.0,0.2548430604757325,0.2560511924552867,-0.013060972085749927,-0.01274230748199703
63.0,3.5,0.0,0.0,0.0,0.0,0.0,0.0,0.0,0.0,0.0,0.0,0.0,0.0,0.254740824380746,0.255950350916266,-0.013088371800215538,-0.012768549058008439
63.0,4.0,0.0,0.0,0.0,0.0,0.0,0.0,0.0,0.0,0.0,0.0,0.0,0.0,0.254639168454959,0.25585007820240774,-0.013115683957609207,-0.01279470648158659
63.0,4.5,0.0,0.0,0.0,0.0,0.0,0.0,0.0,0.0,0.0,0.0,0.0,0.0,0.25453808508437065,0.25575036677454793,-0.013142909645328089,-0.012820780821677792
63.0,5.0,0.0,0.0,0.0,0.0,0.0,0.0,0.0,0.0,0.0,0.0,0.0,0.0,0.254437566852316,0.25565120929118185,-0.013170049918236375,-0.012846773115049765
63.0,5.5,0.0,0.0,0.0,0.0,0.0,0.0,0.0,0.0,0.0,0.0,0.0,0.0,0.2543376065316627,0.2555525986006455,-0.013197105800045598,-0.01287268436764597
63.0,6.0,0.0,0.0,0.0,0.0,0.0,0.0,0.0,0.0,0.0,0.0,0.0,0.0,0.2542381970773924,0.25545452773367966,-0.013224078284626782,-0.01289851555587384
63.0,6.5,0.0,0.0,0.0,0.0,0.0,0.0,0.0,0.0,0.0,0.0,0.0,0.0,0.25413933161954494,0.25535698989635514,-0.013250968337258126,-0.012924267627830381
63.0,7.0,0.0,0.0,0.0,0.0,0.0,0.0,0.0,0.0,0.0,0.0,0.0,0.0,0.2540410034565037,0.2552599784633397,-0.013277776895812067,-0.012949941504468548
63.0,7.5,0.0,0.0,0.0,0.0,0.0,0.0,0.0,0.0,0.0,0.0,0.009899975708591961,0.013602617458871312,0.2539432060486048,0.25516348697148616,-0.013304504871884759,-0.012975538080707864
63,8.0,1.6410139859336605,1.6913437368139268,0.0682792293086172,0.36957570733233414,32.05802326624384,36.02687178739594,True,True,0.052823578646927834,0.292146436684959,0.10652473904388311,0.14636320477729373,0.2538446714305538,0.25506577569427047,-0.013331499183949134,-0.013001519685616912
63,8.5,2.325348971657591,2.399867584935038,0.1158369966382625,0.3747325825887535,31.368427734429503,35.172161084368156,True,True,0.06568628786734831,0.2172351429543789,0.20462050476930396,0.27925343467912345,0.25372564077472376,0.25490455778022053,-0.013364195623259934,-0.013044523461198687
63,9.0,3.065081843249579,3.1520040516592367,0.1771414849048764,0.3622587523460923,30.725844551619012,33.837836339679875,True,True,0.07771467733434363,0.16169894448847652,0.254977181605368,0.34610447296099256,0.25358856113165024,0.2547262496039888,-0.013401968375307194,-0.013092283478466412
63,9.5,3.6394350809153044,3.725451680219676,0.23222933226565665,0.37070504056673076,30.280869480287176,32.68962373273389,True,True,0.08616624135574512,0.1399256083194293,0.3224454312119279,0.43633213201649385,0.2534377582936166,0.2545415075810942,-0.01344366964042004,-0.013141986732997457
63,10.0,4.145189543852829,4.221620113825825,0.2823168674816605,0.3809751012927138,30.004388447156416,31.762533651652074,True,True,0.09426163287191143,0.13017221054978587,0.4498422944860008,0.6078297712383509,0.2532718380734376,0.2543446811163098,-0.013489730048408005,-0.013195188772704541
63,10.5,4.878911344407815,4.927244482052215,0.3505351401459593,0.3970435004986313,29.776613287157062,30.649042726133914,True,True,0.10744799438334779,0.125288198943341,0.5608103121589834,0.7577725514778934,0.2530837951183682,0.254125175732438,-0.01354215935635583,-0.013254823874649721
63,11.0,5.414116368149898,5.429349707124572,0.40629272750240336,0.4117695171916174,29.56743753569878,29.760341988228134,True,True,0.11587914230316126,0.12095129693878373,0.6041031059346286,0.8179803558434767,0.2528734069902919,0.25388499384310187,-0.013601106901346052,-0.013320444669750593
63,11.5,5.820216033852812,5.795719170675762,0.4433586964913695,0.41354337630798793,29.485409899525596,29.092737868771785,True,True,0.12321116484763606,0.11805866309027485,0.557390745647552,0.7576980052963478,0.2526508801907033,0.25363573632684683,-0.013663788522734472,-0.013388954755095786
63,12.0,6.077754773093696,6.006653360979222,0.464059806775446,0.40076295223792774,29.42800807720552,28.38784387163163,True,True,0.12768776517925085,0.11226782661353374,0.40210183636393354,0.5496503129330194,0.2524300609278623,0.25339440286283427,-0.01372632968969501,-0.013455687248477795
63,12.5,6.424539894810074,6.308772521416372,0.5115490184413908,0.41545772413970766,29.21443100777769,27.608287708607207,True,True,0.13127073832414504,0.10850578305189973,0.3951665331285201,0.5440023236676768,0.25222686562155705,0.2531816731590849,-0.013784180879246792,-0.01351483919475042
63,13.0,6.865901057161814,6.655329371402889,0.5792293170592899,0.4224762836619871,28.935765850157452,26.38899597896301,True,True,0.13544116062924594,0.10081529269071594,0.4653011304431095,0.6463507126444982,0.2520189703724091,0.2529682485909264,-0.01384367109506417,-0.013574495964485253
63,13.5,7.224444121723629,6.951477834811595,0.6294609797321753,0.4372284356054536,28.7920877684056,25.757046102315527,False,True,0.14001932769555187,0.09963025112016374,0.4854842540870417,0.6827731221947497,0.25179397594318187,0.2527413401593895,-0.013908399350036453,-0.013638266216336953
63,14.0,7.404141032219214,7.019821546975794,0.6775615942639086,0.43458912593599264,28.51865975173783,24.538973465404617,False,False,0.13887576095820858,0.09094907684442682,0.4476149391174031,0.6390622822416004,0.25156046642063606,0.2525083586633765,-0.013975958994105682,-0.013704114994008143
63,14.5,7.478553744747774,7.045773519491062,0.7001434400341652,0.4382521073451555,28.338994375007903,23.83732553741307,False,False,0.13736166731441088,0.08686182937576054,0.2986300928592717,0.4343599076609743,0.2513261063552926,0.2522817272275854,-0.014044158231504981,-0.013768532797369183
63,15.0,7.150424594122434,6.784489934007551,0.6599776152292249,0.4270524338380701,28.39090517673622,24.099878157492963,False,False,0.13212670194662435,0.08589430537926022,0.2011965986794788,0.2988248994088027,0.2511083027328294,0.2520811537073099,-0.014107895275078209,-0.013825845027919557
63,15.5,6.152251543340842,5.959173686481474,0.5742870731965556,0.4161545937775565,28.29597313784604,24.695498256357038,False,False,0.11244240177000481,0.08136450872202597,0.0827642365221574,0.12546583505369296,0.25090847771920666,0.25189971336749317,-0.014166674498785616,-0.013877935124972146
63,16.0,3.1777200035272677,3.1704169889160205,0.2972896764754492,0.29025544300727446,14.131114498297553,13.970423897082512,False,False,0.05785371106619314,0.056264999875920874,0.029333720969100332,0.04523613664738526,0.25073510407715255,0.25174218332410986,-0.014217909496109038,-0.013923350496932973
63,16.5,2.60087686001914,2.6372274839842613,0.23970571773069718,0.32719279516034977,14.167884887548226,15.229075584655764,False,False,0.0477535934344952,0.06491199746828034,0.011021151980519072,0.01710474862167119,0.25060427276889874,0.2516113464206681,-0.014256718678753381,-0.013961204989901175
63.0,17.0,0.0,0.0,0.0,0.0,0.0,0.0,0.0,0.0,0.0,0.0,0.0,0.0,0.25048354379719584,0.25147980863883973,-0.0142926431734949,-0.013999385941113187
63.0,17.5,0.0,0.0,0.0,0.0,0.0,0.0,0.0,0.0,0.0,0.0,0.0,0.0,0.25039519200721494,0.2513925627475503,-0.014319001770661161,-0.01402477909250286
63.0,18.0,0.0,0.0,0.0,0.0,0.0,0.0,0.0,0.0,0.0,0.0,0.0,0.0,0.25030726238099,0.2513057298342224,-0.014345291944693467,-0.014050106554411733
63.0,18.5,0.0,0.0,0.0,0.0,0.0,0.0,0.0,0.0,0.0,0.0,0.0,0.0,0.25021975080045594,0.25121930585779034,-0.014371514249042077,-0.014075368868336638
63.0,19.0,0.0,0.0,0.0,0.0,0.0,0.0,0.0,0.0,0.0,0.0,0.0,0.0,0.2501326532213555,0.2511332868507942,-0.014397669225895882,-0.014100566564498315
63.0,19.5,0.0,0.0,0.0,0.0,0.0,0.0,0.0,0.0,0.0,0.0,0.0,0.0,0.25004596567106013,0.25104766891718167,-0.014423757406570037,-0.01412570016222973
63.0,20.0,0.0,0.0,0.0,0.0,0.0,0.0,0.0,0.0,0.0,0.0,0.0,0.0,0.24995968424647771,0.25096244823019764,-0.01444977931187718,-0.014150770170348367
63.0,20.5,0.0,0.0,0.0,0.0,0.0,0.0,0.0,0.0,0.0,0.0,0.0,0.0,0.24987380511204355,0.2508776210303576,-0.014475735452482963,-0.014175777087512874
63.0,21.0,0.0,0.0,0.0,0.0,0.0,0.0,0.0,0.0,0.0,0.0,0.0,0.0,0.24978832449778984,0.25079318362350106,-0.014501626329246937,-0.014200721402564757
63.0,21.5,0.0,0.0,0.0,0.0,0.0,0.0,0.0,0.0,0.0,0.0,0.0,0.0,0.24970323869749098,0.2507091323789198,-0.014527452433548926,-0.014225603594856447
63.0,22.0,0.0,0.0,0.0,0.0,0.0,0.0,0.0,0.0,0.0,0.0,0.0,0.0,0.2522780796848533,0.25328514184625284,-0.013769572522686891,-0.013486029918021104
63.0,22.5,0.0,0.0,0.0,0.0,0.0,0.0,0.0,0.0,0.0,0.0,0.0,0.0,0.2521811959383706,0.25318941390437477,-0.013797223328270285,-0.013512681366330487
63.0,23.0,0.0,0.0,0.0,0.0,0.0,0.0,0.0,0.0,0.0,0.0,0.0,0.0,0.2520848851416673,0.25309424645615647,-0.013824776209480699,-0.013539238995669823
63.0,23.5,0.0,0.0,0.0,0.0,0.0,0.0,0.0,0.0,0.0,0.0,0.0,0.0,0.2546471479661496,0.2556577959732139,-0.01311353762755007,-0.012845044593037612
63.0,24.0,0.0,0.0,0.0,0.0,0.0,0.0,0.0,0.0,0.0,0.0,0.0,0.0,0.2545379193659567,0.25554983658945235,-0.013142954335005909,-0.01287341101832567
64.0,0.5,0.0,0.0,0.0,0.0,0.0,0.0,0.0,0.0,0.0,0.0,0.0,0.0,0.25442948955936334,0.25544265896024027,-0.01317223371262313,-0.012901645896347538
64.0,1.0,0.0,0.0,0.0,0.0,0.0,0.0,0.0,0.0,0.0,0.0,0.0,0.0,0.25432184313991874,0.25533624809777383,-0.01320137846034682,-0.012929751801457728
64.0,1.5,0.0,0.0,0.0,0.0,0.0,0.0,0.0,0.0,0.0,0.0,0.0,0.0,0.2542149652298684,0.25523058952555583,-0.013230391181147657,-0.012957731216140174
64.0,2.0,0.0,0.0,0.0,0.0,0.0,0.0,0.0,0.0,0.0,0.0,0.0,0.0,0.2541088414554668,0.25512566925469443,-0.013259274385551637,-0.012985586535265525
64.0,2.5,0.0,0.0,0.0,0.0,0.0,0.0,0.0,0.0,0.0,0.0,0.0,0.0,0.2540034579236942,0.25502147376153844,-0.01328803049591675,-0.013013320070112674
64.0,3.0,0.0,0.0,0.0,0.0,0.0,0.0,0.0,0.0,0.0,0.0,0.0,0.0,0.25389880120028385,0.2549179899665616,-0.01331666185047325,-0.013040934052169786
64.0,3.5,0.0,0.0,0.0,0.0,0.0,0.0,0.0,0.0,0.0,0.0,0.0,0.0,0.25379485828897314,0.25481520521441453,-0.013345170707142678,-0.013068430636728726
64.0,4.0,0.0,0.0,0.0,0.0,0.0,0.0,0.0,0.0,0.0,0.0,0.0,0.0,0.25369161661189976,0.2547131072550681,-0.013373559247149657,-0.013095811906286184
64.0,4.5,0.0,0.0,0.0,0.0,0.0,0.0,0.0,0.0,0.0,0.0,0.0,0.0,0.25358906399106806,0.254611684225979,-0.013401829578439812,-0.01312307987376367
64.0,5.0,0.0,0.0,0.0,0.0,0.0,0.0,0.0,0.0,0.0,0.0,0.0,0.0,0.25348718863081776,0.25451092463521263,-0.01342998373891577,-0.013150236485557314
64.0,5.5,0.0,0.0,0.0,0.0,0.0,0.0,0.0,0.0,0.0,0.0,0.0,0.0,0.25338597910123234,0.2544108173454635,-0.013458023699502438,-0.013177283624428186
64.0,6.0,0.0,0.0,0.0,0.0,0.0,0.0,0.0,0.0,0.0,0.0,0.0,0.0,0.2532854243224268,0.2543113515589169,-0.013485951367052204,-0.013204223112242834
64.0,6.5,0.0,0.0,0.0,0.0,0.0,0.0,0.0,0.0,0.0,0.0,0.0,0.0,0.25318551354966196,0.2542125168029005,-0.013513768587099689,-0.013231056712572865
64.0,7.0,0.0,0.0,0.0,0.0,0.0,0.0,0.0,0.0,0.0,0.0,0.0,0.0,0.25308623635923316,0.25411430291627773,-0.013541477146475116,-0.013257786133162319
64.0,7.5,0.0,0.0,0.0,0.0,0.0,0.0,0.0,0.0,0.0,0.0,0.0,0.0,0.2529875826350872,0.2540167000365378,-0.013569078775784735,-0.013284413028270273
64,8.0,1.8329726884635826,1.8484364067203765,0.050396226365261865,0.09001575961223764,16.72880044435729,17.487571117046922,False,False,0.08231419979302601,0.1501934478639697,0.03165784456800682,0.042455661972611025,0.25288954255612334,0.25391969858754126,-0.013596575151766089,-0.013310939000896306
64,8.5,2.6062885360815256,2.6362128742918784,0.08198812692214423,0.13880938574236193,16.569659174394673,17.367949764742256,False,False,0.10739269997094435,0.1925654523787101,0.0947797961660527,0.12702781582758815,0.2527816502051806,0.25380640806541055,-0.013626911467964046,-0.013341999312941399
64,9.0,6.251532202646839,6.306230061251158,0.2292535053633232,0.36598526954565447,32.52861244834207,34.140348459401935,False,False,0.22241312798799578,0.3640191626607642,0.14691237344269079,0.19673898190937014,0.25266228304429467,0.253676705461831,-0.0136605681977066,-0.013377665335437293
64,9.5,7.053424692971865,7.100243841567396,0.2961471140948031,0.38666306211011703,32.046584692250335,33.141390196402895,False,False,0.2265226068691688,0.3025630397904904,0.19180583268075457,0.25643150232052536,0.2525180918801838,0.25350974402105264,-0.01370135647249465,-0.013423744287343494
64,10.0,6.962228068590584,6.99791455347389,0.2824915916184208,0.3458494716412182,16.09409134138379,16.52660226681377,False,False,0.23017352931943524,0.2937779983035024,0.17230094937670967,0.23041414466230828,0.2523602324564867,0.2533331065329281,-0.013746177682404754,-0.013472699707809732
64,10.5,7.713416690214923,7.765491903824456,0.2819905246142362,0.3797061130475181,32.60319399015096,33.725309157122766,False,False,0.27907809426579644,0.39222514273429926,0.273992042395488,0.35101567915908716,0.2548652637835883,0.25582377441948534,-0.013055030539570465,-0.012801578728332368
64,11.0,8.719574878525322,8.724519807921439,0.38541419947700484,0.37934598318378576,31.993175099735204,32.08956878201165,False,False,0.2770442674319862,0.28900484402452853,0.44128670090814665,0.565065538870803,0.2546859117579178,0.2556232551280732,-0.013103116889933623,-0.01285411212184268
64,11.5,9.144650664545718,9.017714524078926,0.5216755732972052,0.40716151381019466,30.979161120256236,29.72871071986343,False,False,0.24161638020505333,0.19985212571428046,0.6399763035394773,0.821952139455363,0.25447286288993115,0.25539629099966604,-0.013160512264708825,-0.012913883935231303
64,12.0,9.288543517893327,8.934752848538924,0.6275773569264723,0.3999725834001223,30.12854207388748,26.917983940883005,False,False,0.2150378886656869,0.14229244597947113,0.5692175561408183,0.7363391230325952,0.25421791619523537,0.2551338174767278,-0.013229589102739364,-0.012983420707387016
64,12.5,7.883710759588015,7.750948938386942,0.5155027228973742,0.3977341949942161,30.138325602879874,28.22358425497834,False,False,0.1827750174210137,0.1421067717430064,0.2445727272823041,0.32008221773794493,0.2539592619337509,0.2548839262284723,-0.013300112412363181,-0.013050039009755713
64,13.0,8.1598619052051,7.986096719996459,0.5468464700785344,0.40537472644654254,30.029111256817508,27.741022524638005,False,False,0.1862133937833023,0.1393058589576085,0.26374045154327247,0.3479294983115737,0.2537570162704153,0.2546881070357582,-0.013355567848239028,-0.013102527036154936
64,13.5,7.630665739002074,7.484847628989002,0.5257017316654716,0.39470202983241814,29.882950029430113,27.66681429385239,False,False,0.1705605829108429,0.1287426357736174,0.21108880828828727,0.2810736724406563,0.2535490759101476,0.2544884938107299,-0.013412872247669235,-0.013156291125143145
64,14.0,8.56846981485155,8.257448937639667,0.6357106042824496,0.42729703497375976,29.55379754718556,26.260462449851424,False,False,0.18305630372173862,0.12442999728653731,0.30079709343745326,0.4042132695646097,0.2533512681170083,0.254299475237708,-0.013467656389641413,-0.013207444099265117
64,14.5,8.234688671095716,7.930448240656823,0.6357265161436856,0.431841229994353,29.339680432989493,25.964897155770696,False,False,0.17100804969780153,0.11711998208011035,0.256364218914277,0.3490747366099377,0.2531287251121099,0.2540913130772266,-0.013529610131084986,-0.013264052227272321
64,15.0,7.915740327360421,7.51972029833733,0.650503505614186,0.41731659995058373,29.016160828040356,24.85937605898824,False,False,0.1577233582484328,0.10183990731052298,0.2347258152791941,0.3240275653924307,0.2529125448265797,0.2538902879454787,-0.013590117965839914,-0.013318994086440862
64,15.5,7.132673452643438,6.848496742285065,0.5862749771207265,0.4161154123956904,29.001161177120306,25.529995415430406,False,False,0.14185402111052606,0.10109198902468189,0.17881974139959395,0.25072937927797484,0.2526979290990191,0.2536949831495842,-0.013650507084631138,-0.013372632410357334
64,16.0,5.868703552724336,5.740903690816564,0.46051410003728116,0.4042813763249294,29.2167905985823,26.971924147898566,False,False,0.11994985038940101,0.10553610087833197,0.1117832439584185,0.15885522282465034,0.25249930068359555,0.2535098379253376,-0.013706682738946993,-0.013423718318013226
64,16.5,4.953210231321617,4.875810582159621,0.382032353439819,0.387079729306395,29.293785869938535,27.30735385606257,False,False,0.10224967547932404,0.10374342531830463,0.08806518903087449,0.12620688306686506,0.2523259076083552,0.2533385631137327,-0.01375594668661238,-0.01347118422507095
64,17.0,3.100179323406568,3.154494517603171,0.23409744635458438,0.34836127708738146,14.661357439266446,15.801923889021145,False,False,0.06423850124269949,0.09481219118833638,0.03683683069045187,0.053081247392672955,0.2521661935369292,0.2531742844397602,-0.013801510955231468,-0.013516899274569415
64.0,17.5,0.0,0.0,0.0,0.0,0.0,0.0,0.0,0.0,0.0,0.0,0.0,0.0,0.25203250389989773,0.25302489134259853,-0.01383978911486292,-0.013558632561217017
64.0,18.0,0.0,0.0,0.0,0.0,0.0,0.0,0.0,0.0,0.0,0.0,0.0,0.0,0.2519339741103279,0.2529272778342091,-0.013868081250627903,-0.01358598404282815
64.0,18.5,0.0,0.0,0.0,0.0,0.0,0.0,0.0,0.0,0.0,0.0,0.0,0.0,0.25183606800445735,0.2528302769556172,-0.013896262583924743,-0.013613229011596192
64.0,19.0,0.0,0.0,0.0,0.0,0.0,0.0,0.0,0.0,0.0,0.0,0.0,0.0,0.25173877562894087,0.25273387897989813,-0.013924334878828276,-0.013640369157319771
64.0,19.5,0.0,0.0,0.0,0.0,0.0,0.0,0.0,0.0,0.0,0.0,0.0,0.0,0.251642087318521,0.25263807446052255,-0.013952299845148912,-0.013667406118035302
64.0,20.0,0.0,0.0,0.0,0.0,0.0,0.0,0.0,0.0,0.0,0.0,0.0,0.0,0.2515459936843748,0.2525428542200729,-0.013980159140658522,-0.01369434148212797
64.0,20.5,0.0,0.0,0.0,0.0,0.0,0.0,0.0,0.0,0.0,0.0,0.0,0.0,0.2514504856030396,0.25244820933951734,-0.01400791437320722,-0.013721176790339734
64.0,21.0,0.0,0.0,0.0,0.0,0.0,0.0,0.0,0.0,0.0,0.0,0.0,0.0,0.2513555542058845,0.25235413114800925,-0.014035567102737092,-0.013747913537680184
64.0,21.5,0.0,0.0,0.0,0.0,0.0,0.0,0.0,0.0,0.0,0.0,0.0,0.0,0.25126119086909654,0.2522606112131813,-0.01406311884319849,-0.013774553175245938
64.0,22.0,0.0,0.0,0.0,0.0,0.0,0.0,0.0,0.0,0.0,0.0,0.0,0.0,0.25116738720415105,0.25216764133190733,-0.014090571064374823,-0.013801097111953103
64.0,22.5,0.0,0.0,0.0,0.0,0.0,0.0,0.0,0.0,0.0,0.0,0.0,0.0,0.2510741350487397,0.2520752135215046,-0.014117925193620533,-0.013827546716188398
64.0,23.0,0.0,0.0,0.0,0.0,0.0,0.0,0.0,0.0,0.0,0.0,0.0,0.0,0.25098142645813026,0.25198332001135276,-0.014145182617517234,-0.013853903317382524
64.0,23.5,0.0,0.0,0.0,0.0,0.0,0.0,0.0,0.0,0.0,0.0,0.0,0.0,0.25088925369693404,0.25189195323490604,-0.014172344683452319,-0.013880168207510668
64.0,24.0,0.0,0.0,0.0,0.0,0.0,0.0,0.0,0.0,0.0,0.0,0.0,0.0,0.2507976092312585,0.25180110582207627,-0.014199412701124464,-0.013906342642523887
65.0,0.5,0.0,0.0,0.0,0.0,0.0,0.0,0.0,0.0,0.0,0.0,0.0,0.0,0.25070648572122384,0.2517107705919686,-0.014226387943979776,-0.01393242784371471
65.0,1.0,0.0,0.0,0.0,0.0,0.0,0.0,0.0,0.0,0.0,0.0,0.0,0.0,0.2506158760138244,0.251620940545949,-0.014253271650582272,-0.013958424999021073
65.0,1.5,0.0,0.0,0.0,0.0,0.0,0.0,0.0,0.0,0.0,0.0,0.0,0.0,0.2505257731361153,0.2515316088610267,-0.014280065025922368,-0.01398433526427113
65.0,2.0,0.0,0.0,0.0,0.0,0.0,0.0,0.0,0.0,0.0,0.0,0.0,0.0,0.250436170288708,0.2514427688835342,-0.0143067692426663,-0.014010159764372766
65.0,2.5,0.0,0.0,0.0,0.0,0.0,0.0,0.0,0.0,0.0,0.0,0.0,0.0,0.25034706083955727,0.25135441412309006,-0.014333385442350029,-0.014035899594449997
65.0,3.0,0.0,0.0,0.0,0.0,0.0,0.0,0.0,0.0,0.0,0.0,0.0,0.0,0.25025843831802597,0.25126653824682943,-0.014359914736519782,-0.014061555820929316
65.0,3.5,0.0,0.0,0.0,0.0,0.0,0.0,0.0,0.0,0.0,0.0,0.0,0.0,0.25017029640921096,0.2511791350738875,-0.014386358207822771,-0.014087129482578557
65.0,4.0,0.0,0.0,0.0,0.0,0.0,0.0,0.0,0.0,0.0,0.0,0.0,0.0,0.25008262894851874,0.2510921985701243,-0.014412716911050049,-0.01411262159150061
65.0,4.5,0.0,0.0,0.0,0.0,0.0,0.0,0.0,0.0,0.0,0.0,0.0,0.0,0.24999542991647625,0.25100572284307726,-0.014438991874134131,-0.014138033134084259
65.0,5.0,0.0,0.0,0.0,0.0,0.0,0.0,0.0,0.0,0.0,0.0,0.0,0.0,0.2499086934337661,0.2509197021371312,-0.014465184099103698,-0.014163365071914102
65.0,5.5,0.0,0.0,0.0,0.0,0.0,0.0,0.0,0.0,0.0,0.0,0.0,0.0,0.2498224137564742,0.2508341308288937,-0.014491294562997378,-0.01418861834264201
65.0,6.0,0.0,0.0,0.0,0.0,0.0,0.0,0.0,0.0,0.0,0.0,0.0,0.0,0.2497365852715398,0.2507490034227661,-0.014517324218738657,-0.014213793860821567
65.0,6.5,0.0,0.0,0.0,0.0,0.0,0.0,0.0,0.0,0.0,0.0,0.0,0.0,0.2496512024923967,0.2506643145467008,-0.01454327399597391,-0.014238892518707576
65.0,7.0,0.0,0.0,0.0,0.0,0.0,0.0,0.0,0.0,0.0,0.0,0.0,0.0,0.24956626005479712,0.25058005894813473,-0.01456914480187545,-0.014263915187022106
65.0,7.5,0.0,0.0,0.0,0.0,0.0,0.0,0.0,0.0,0.0,0.0,0.0,0.0,0.2494817527128096,0.25049623149009154,-0.014594937521910791,-0.014288862715688999
65.0,8.0,0.0,0.0,0.0,0.0,0.0,0.0,0.0,0.0,0.0,0.0,0.0,0.0,0.24939767533498078,0.25041282714744334,-0.014620653020580463,-0.014313735934537964
65,8.5,2.0087190477311796,2.020288603679705,0.11131571698098948,0.1344080960144658,15.436967862886123,15.930205209280329,False,False,0.052161959867808014,0.06283708978639273,0.0027678924203976213,0.00398646084692173,0.24931402290065552,0.25032984100332506,-0.014646292142125195,-0.014338535653979979
65.0,9.0,0.0,0.0,0.0,0.0,0.0,0.0,0.0,0.0,0.0,0.0,0.0,0.0,0.24921625250413001,0.250229632241585,-0.014676326286745024,-0.014368550477688279
65.0,9.5,0.0,0.0,0.0,0.0,0.0,0.0,0.0,0.0,0.0,0.0,0.0,0.0,0.249133435320524,0.2501474681599163,-0.014701824364516737,-0.014393216371903803
65.0,10.0,0.0,0.0,0.0,0.0,0.0,0.0,0.0,0.0,0.0,0.0,0.0,0.0,0.24905102864863662,0.25006570814203455,-0.01472724845918096,-0.014417811060090404
65.0,10.5,0.0,0.0,0.0,0.0,0.0,0.0,0.0,0.0,0.0,0.0,0.0,0.0,0.2542871324918075,0.2553026418643752,-0.013210792577797401,-0.012938643244408587
65,11.0,1.895623627549231,1.924456921089889,0.054552253878543865,0.1732591225760466,16.659229421621962,17.895751155445836,False,False,0.08191033657916069,0.2661052559352793,0.04867729517264552,0.059157536079502554,0.25949008200188456,0.26050664488332703,-0.011884689539531392,-0.011644462328404227
65,11.5,2.1255935682294322,2.1679107722571813,0.06261534181711458,0.19842442598508295,16.69293911094385,17.92956520112198,True,True,0.09356075185897188,0.3198495106290134,0.19832771827648163,0.23569789945363495,0.26198895212147116,0.2629902192202306,-0.011304458294363929,-0.011081478182529867
65,12.0,2.2652188389316055,2.3089874628389517,0.06988426926123406,0.1777346536200367,16.644507821579708,17.78302997256128,True,True,0.09710404006572765,0.26758457714866685,0.2833812813411301,0.33599609472344605,0.261797652379751,0.2627779863161649,-0.011347666403258534,-0.011128301140575832
65,12.5,2.076104345056608,2.1059368532431004,0.06425934865980597,0.19295755869719816,16.542150622532297,17.822079201241056,False,False,0.08434438222837885,0.2577372593963413,0.05763615004761546,0.06711861747116722,0.2642466449322512,0.2652077825917179,-0.010809043507161158,-0.010606013358551157
65,13.0,2.017422005775152,2.05034726014175,0.06471171113400824,0.17017854447410177,16.494134327023225,17.711892883867804,False,False,0.07999837567510239,0.2143818806099672,0.08208900011650451,0.09539688528501593,0.26405565997717445,0.2650004029698452,-0.010849936696645314,-0.010649432989078814
65,13.5,2.063606184760737,2.1054498525023715,0.0692618092381594,0.17107536224923123,16.469082631749636,17.673206449585752,True,True,0.08082036888026264,0.2100048287437301,0.22779304649215912,0.2642769228921376,0.2638642223408465,0.2647950077740942,-0.01089111193467083,-0.010692646053760848
65,14.0,1.9052417942068178,1.9376009520699515,0.06658373489390396,0.17189573291174348,16.346755413243933,17.637387990857725,False,False,0.0703789844896492,0.18463166212746665,0.06411162725025309,0.07425963379980144,0.26365624327947745,0.26457054958826454,-0.010936056163061507,-0.010740108914251138
65,14.5,4.521883340984649,4.591648744509801,0.1859895716690544,0.36350790344159584,32.12080288783919,34.45840825769628,False,False,0.14743046886793237,0.2927307935190018,0.24989973117355535,0.28896579449623444,0.26347196215397006,0.26437266777798174,-0.010976064026936067,-0.01078216038378672
65,15.0,4.730116762301393,4.796066785057055,0.22219042331494213,0.3699328783591954,31.59610828464205,33.68268793434265,False,False,0.1392455993263263,0.23439027454219,0.247808898897341,0.285791141871657,0.26325118693720767,0.2641253752882862,-0.011024224689422081,-0.010834988112965014
65,15.5,4.670326448971367,4.725818126638498,0.2313427909494935,0.369246143449524,31.361705572752825,33.383758304589335,False,False,0.1317697559253879,0.2119263361999357,0.18623224574498512,0.21433493339392595,0.2630283683114235,0.2638799435274311,-0.011073086614202773,-0.010887723544929357
65,16.0,4.459869539217394,4.514347785018435,0.22251955675252452,0.37300950681731143,31.325617418959233,33.239285148041375,False,False,0.12503160135566765,0.21128371647262417,0.17512424247553826,0.2011711127863838,0.26281444512892105,0.2636458931087872,-0.011120240829877705,-0.010938298599062906
65,16.5,2.3906842694387955,2.4298430301500775,0.12470255297727376,0.3305401089785346,15.54993880972881,17.338671144659454,False,False,0.06445809384119795,0.17130738465607467,0.03107894138195819,0.03562434638818775,0.2626051936289715,0.2634151468781675,-0.011166596936477655,-0.01098843391041733
65.0,17.0,0.0,0.0,0.0,0.0,0.0,0.0,0.0,0.0,0.0,0.0,0.0,0.0,0.262428816976965,0.26321293812995217,-0.011205849093146042,-0.011032593982830036
65.0,17.5,0.0,0.0,0.0,0.0,0.0,0.0,0.0,0.0,0.0,0.0,0.0,0.0,0.2622742720960838,0.2630593477566594,-0.011240377842538141,-0.011066277706689531
65.0,18.0,0.0,0.0,0.0,0.0,0.0,0.0,0.0,0.0,0.0,0.0,0.0,0.0,0.2621216379806269,0.2629076461526687,-0.011274604179908559,-0.011099667555096823
65.0,18.5,0.0,0.0,0.0,0.0,0.0,0.0,0.0,0.0,0.0,0.0,0.0,0.0,0.2619708492038849,0.2627577688994881,-0.011308538720800334,-0.011132773805312237
65.0,19.0,0.0,0.0,0.0,0.0,0.0,0.0,0.0,0.0,0.0,0.0,0.0,0.0,0.2618218439619621,0.26260965512962264,-0.011342191492316515,-0.011165606167591217
65.0,19.5,0.0,0.0,0.0,0.0,0.0,0.0,0.0,0.0,0.0,0.0,0.0,0.0,0.2616745638130074,0.2624632472721937,-0.011375571974625324,-0.011198173824983733
65.0,20.0,0.0,0.0,0.0,0.0,0.0,0.0,0.0,0.0,0.0,0.0,0.0,0.0,0.2615289534391989,0.26231849082064757,-0.011408689138922493,-0.011230485469752914
65.0,20.5,0.0,0.0,0.0,0.0,0.0,0.0,0.0,0.0,0.0,0.0,0.0,0.0,0.26138496042915216,0.2621753341203041,-0.011441551482206765,-0.011262549336750489
65.0,21.0,0.0,0.0,0.0,0.0,0.0,0.0,0.0,0.0,0.0,0.0,0.0,0.0,0.26124253507869655,0.26203372817375714,-0.011474167059183516,-0.01129437323404864
65.0,21.5,0.0,0.0,0.0,0.0,0.0,0.0,0.0,0.0,0.0,0.0,0.0,0.0,0.2611016302082013,0.2618936264623678,-0.011506543511575373,-0.0113259645710934
65.0,22.0,0.0,0.0,0.0,0.0,0.0,0.0,0.0,0.0,0.0,0.0,0.0,0.0,0.26096220099483913,0.26175498478228804,-0.011538688095087766,-0.011357330384615881
65.0,22.5,0.0,0.0,0.0,0.0,0.0,0.0,0.0,0.0,0.0,0.0,0.0,0.0,0.26082420481835406,0.26161776109363016,-0.011570607704250157,-0.01138847736251073
65.0,23.0,0.0,0.0,0.0,0.0,0.0,0.0,0.0,0.0,0.0,0.0,0.0,0.0,0.2606876011190604,0.2614819153815437,-0.011602308895329509,-0.011419411865870052
65.0,23.5,0.0,0.0,0.0,0.0,0.0,0.0,0.0,0.0,0.0,0.0,0.0,0.0,0.2605523512669346,0.26134740952809943,-0.011633797907491982,-0.01145013994933976
65.0,24.0,0.0,0.0,0.0,0.0,0.0,0.0,0.0,0.0,0.0,0.0,0.0,0.0,0.26041841844078395,0.261214207193994,-0.01166508068237028,-0.011480667379948708
66.0,0.5,0.0,0.0,0.0,0.0,0.0,0.0,0.0,0.0,0.0,0.0,0.0,0.0,0.2602857675165844,0.2610822737091934,-0.011696162882177471,-0.01151099965454516
66.0,1.0,0.0,0.0,0.0,0.0,0.0,0.0,0.0,0.0,0.0,0.0,0.0,0.0,0.26015436496417066,0.26095157597172325,-0.01172704990649445,-0.011541142015961481
66.0,1.5,0.0,0.0,0.0,0.0,0.0,0.0,0.0,0.0,0.0,0.0,0.0,0.0,0.2600241787515481,0.260822082353895,-0.011757746907844696,-0.011571099468016243
66.0,2.0,0.0,0.0,0.0,0.0,0.0,0.0,0.0,0.0,0.0,0.0,0.0,0.0,0.25989517825616637,0.2606937626153287,-0.011788258806159335,-0.011600876789451315
66.0,2.5,0.0,0.0,0.0,0.0,0.0,0.0,0.0,0.0,0.0,0.0,0.0,0.0,0.25976733418256315,0.2605665878221939,-0.011818590302225103,-0.011630478546893298
66.0,3.0,0.0,0.0,0.0,0.0,0.0,0.0,0.0,0.0,0.0,0.0,0.0,0.0,0.25964061848584075,0.26044053027214964,-0.011848745890199226,-0.01165990910691894
66.0,3.5,0.0,0.0,0.0,0.0,0.0,0.0,0.0,0.0,0.0,0.0,0.0,0.0,0.2595150043004937,0.260315563424512,-0.01187872986926696,-0.01168917264729721
66.0,4.0,0.0,0.0,0.0,0.0,0.0,0.0,0.0,0.0,0.0,0.0,0.0,0.0,0.25939046587414816,0.260191661835223,-0.011908546354510493,-0.011718273167473965
66.0,4.5,0.0,0.0,0.0,0.0,0.0,0.0,0.0,0.0,0.0,0.0,0.0,0.0,0.2592669785058172,0.26006880109623487,-0.01193819928705202,-0.011747214498358914
66.0,5.0,0.0,0.0,0.0,0.0,0.0,0.0,0.0,0.0,0.0,0.0,0.0,0.0,0.2591445184883113,0.2599469577789587,-0.011967692443527286,-0.01177600031146915
66.0,5.5,0.0,0.0,0.0,0.0,0.0,0.0,0.0,0.0,0.0,0.0,0.0,0.0,0.26167757147007814,0.26248069972407395,-0.011374889130863737,-0.011194285682813875
66.0,6.0,0.0,0.0,0.0,0.0,0.0,0.0,0.0,0.0,0.0,0.0,0.0,0.0,0.2615397237670071,0.262343527709736,-0.011406235638858786,-0.01122488895235522
66.0,6.5,0.0,0.0,0.0,0.0,0.0,0.0,0.0,0.0,0.0,0.0,0.0,0.0,0.2614032426530971,0.2622077094724915,-0.011437372835360782,-0.011255288455072066
66.0,7.0,0.0,0.0,0.0,0.0,0.0,0.0,0.0,0.0,0.0,0.0,0.0,0.0,0.2612680910464063,0.2620732083653068,-0.011468306564693073,-0.011285489870153822
66.0,7.5,0.0,0.0,0.0,0.0,0.0,0.0,0.0,0.0,0.0,0.0,0.0,0.0,0.26113423357578097,0.2619399894264315,-0.011499042395652788,-0.011315498610042175
66,8.0,0.42933320555272747,0.43841937635800093,0.010586369793846922,0.12874067846290083,16.890173039369685,18.34802452469904,True,True,0.02121297209055549,0.2709520674299035,0.045970365614357064,0.05180578566329435,0.26100163647643965,0.261808019276925,-0.011529585638123268,-0.01134531983645045
66,8.5,0.5748723526041781,0.5869119271549758,0.014398637573937839,0.13397162193396156,16.890173010142572,18.310112452765765,True,True,0.028403931989664698,0.2815141894644459,0.09659742395695967,0.10864101766163228,0.2608630603108544,0.26165425848659885,-0.011561609491664212,-0.01138018327481998
66,9.0,0.7609235850378837,0.7770575006998555,0.019269476551227894,0.17633593688359678,16.89017298894528,18.308471740240236,True,True,0.03759655801994957,0.3747100588662841,0.1287504697979498,0.14450916227309435,0.2607187440713316,0.2614937748376716,-0.011595072550651639,-0.011416707269907301
66,9.5,1.0468541305581482,1.069313762788086,0.0278340151538204,0.19720190609867952,16.890172971123754,18.268700305794237,True,True,0.05172413213607222,0.4219600454559698,0.2506326343208694,0.2805620150611006,0.26057087755789177,0.2613244790424701,-0.011629478583792617,-0.011455388280620466
66,10.0,2.9200622300670034,2.9787497009346384,0.07615593531808475,0.3993532143977503,33.780345914944746,36.38011361146473,True,True,0.14427767940602293,0.8592686203127671,0.40114337236875175,0.4477588464893861,0.2604075274017967,0.2611363159477613,-0.011667628912825127,-0.011498563498529847
66,10.5,3.774293568844568,3.8496030054931665,0.11165241913362092,0.3734506282790723,33.78034589958019,36.15410552293065,True,True,0.1864844906053511,0.7929820386405118,0.9563472534405022,1.061672751582085,0.2602199519393124,0.2609021883344697,-0.011711621129653342,-0.011552556590143596
66,11.0,4.209494848426065,4.293005223402867,0.12433340369484185,0.39984073307747603,33.78034589406291,36.11777564444449,True,True,0.20798739901806307,0.846433981319128,1.0272366401173656,1.1353123977619715,0.25995818844637797,0.26059420569119895,-0.011773343522341703,-0.011624042448979644
66,11.5,5.462371006948248,5.568140320980618,0.19445951936579928,0.3995132247360916,33.037006185311554,35.22603357595964,True,True,0.21926739589471503,0.5232946994488556,1.1273679499164704,1.2400179248137422,0.2596868370401229,0.26027452826106934,-0.011837736267524641,-0.011698800948481634
66,12.0,6.878089551134879,6.8405902063529025,0.4441009184145945,0.39622645978107374,30.33397531488551,29.751400754653147,True,True,0.16414103417792733,0.1523155935276319,1.0910458714354667,1.1958715067124577,0.2593948270767306,0.2599425783118761,-0.011907500707474757,-0.011777036536138975
66,12.5,7.561460123977554,7.404517485101053,0.5619269317896255,0.4331380090733853,29.61121029652261,27.74979411222582,True,True,0.16279783202585676,0.12910403827344114,0.9793787054406172,1.0753349773435257,0.2590766481343976,0.2596176788825641,-0.011984075665126185,-0.01185421481401113
66,13.0,7.680744062612377,7.390971680679081,0.607712715480525,0.4143158684284594,29.247582503034337,26.124570507579588,False,True,0.1576095022342418,0.10926590848836244,0.7582559249051368,0.8355915850887591,0.2587586772209352,0.25930442019411054,-0.01206118743058666,-0.01192919915766105
66,13.5,7.6039472221133355,7.312333611245073,0.6331559024646568,0.4341240962139654,28.96388509896969,25.757730814215556,False,True,0.15052519983604976,0.10445809735612098,0.6653743866402698,0.7370698469629733,0.25846402167747523,0.2590250744466936,-0.012133173221688791,-0.011996542905123411
66,14.0,7.235651952821476,6.960986338233556,0.6255346820088812,0.43345489813643234,28.745215389990594,25.503108386711546,False,False,0.1394402581752659,0.09732098968206027,0.528101878543647,0.5882876780210692,0.2581789113029899,0.25875670242871773,-0.01220331489181485,-0.012061668185453978
66,14.5,7.018395008626035,6.759549062144149,0.6062474665861732,0.4226699730138975,28.747335243808347,25.50428052112086,False,False,0.13528818156739758,0.09486952021797479,0.45631537408349543,0.511192300889208,0.2579131968389888,0.25850829904945793,-0.012269120208105113,-0.01212232342713042
66,15.0,6.804583422137995,6.57877956041375,0.585833501097976,0.4175243269148263,28.75087037171011,25.612134209657356,False,False,0.13122291147010245,0.09388198369296377,0.3551801517344705,0.40012905975118707,0.25766000096257613,0.25827199943935647,-0.012332218986868202,-0.012180360744563449
66,15.5,6.352592761035103,6.1812258381713985,0.5422595333844883,0.4113522282011375,28.795659198065056,26.097843067971933,False,False,0.12317528526343274,0.09369241151061103,0.2947876847094863,0.33388856968051867,0.2574231890458135,0.2580513955716024,-0.012391584946080728,-0.012234842085365709
66,16.0,5.544588029001455,5.484405146063322,0.45191937861006526,0.4270354151628959,29.030458259005382,27.800262682146098,False,False,0.11067567644126197,0.10480674083165634,0.20697637573583466,0.23550656303224599,0.2572005029208776,0.2578408889904852,-0.012447720620660982,-0.012287100678322546
66,16.5,4.234522933497764,4.213177631738017,0.3527405634809979,0.39195471520486286,28.91222528145031,28.067903512369483,False,False,0.08328977503222787,0.09251624778977695,0.1001487620535029,0.11418058287041924,0.2570013792651775,0.25764177374200814,-0.012498173333418282,-0.012336776281364927
66,17.0,2.9677594527232016,3.009318664933466,0.23644071276693207,0.3489325298980261,14.555163111010675,15.745831077934737,False,False,0.05983921726875482,0.08798106039315623,0.04326449627459529,0.04933741001735233,0.256829351377675,0.2574634264515876,-0.012541956963511708,-0.01238147392983821
66.0,17.5,0.0,0.0,0.0,0.0,0.0,0.0,0.0,0.0,0.0,0.0,0.0,0.0,0.25668022084502695,0.25729964574689373,-0.01258006083025923,-0.012422690932060542
66.0,18.0,0.0,0.0,0.0,0.0,0.0,0.0,0.0,0.0,0.0,0.0,0.0,0.0,0.25656754670782117,0.25718742360664065,-0.012608941334983718,-0.012451027120733626
66.0,18.5,0.0,0.0,0.0,0.0,0.0,0.0,0.0,0.0,0.0,0.0,0.0,0.0,0.2564556706227991,0.2570759928007097,-0.012637695477321584,-0.01247923972750802
66.0,19.0,0.0,0.0,0.0,0.0,0.0,0.0,0.0,0.0,0.0,0.0,0.0,0.0,0.2563445783475273,0.2569653392288773,-0.012666325508505978,-0.012507330954027536
66.0,19.5,0.0,0.0,0.0,0.0,0.0,0.0,0.0,0.0,0.0,0.0,0.0,0.0,0.2562342561035922,0.25685544925015663,-0.012694833601465928,-0.01253530292536353
66.0,20.0,0.0,0.0,0.0,0.0,0.0,0.0,0.0,0.0,0.0,0.0,0.0,0.0,0.25612469055543524,0.2567463096618736,-0.01272322185445592,-0.012563157693558818
66.0,20.5,0.0,0.0,0.0,0.0,0.0,0.0,0.0,0.0,0.0,0.0,0.0,0.0,0.2560158687903712,0.25663790767991174,-0.012751492294484938,-0.01259089724097605
66.0,21.0,0.0,0.0,0.0,0.0,0.0,0.0,0.0,0.0,0.0,0.0,0.0,0.0,0.25856409826939786,0.2591866072404967,-0.012108666760228306,-0.011957546046829191
66.0,21.5,0.0,0.0,0.0,0.0,0.0,0.0,0.0,0.0,0.0,0.0,0.0,0.0,0.2610953627547569,0.261718395688427,-0.011507986143967605,-0.011365625428421946
66.0,22.0,0.0,0.0,0.0,0.0,0.0,0.0,0.0,0.0,0.0,0.0,0.0,0.0,0.260955779219964,0.26157932481185076,-0.011540171173053424,-0.011397219853229577
66.0,22.5,0.0,0.0,0.0,0.0,0.0,0.0,0.0,0.0,0.0,0.0,0.0,0.0,0.26081761261439923,0.26144165997117697,-0.01157213516441103,-0.011428597966889777
66.0,23.0,0.0,0.0,0.0,0.0,0.0,0.0,0.0,0.0,0.0,0.0,0.0,0.0,0.2606808236714996,0.2613053622869047,-0.011603884408983703,-0.0114597659160303
66.0,23.5,0.0,0.0,0.0,0.0,0.0,0.0,0.0,0.0,0.0,0.0,0.0,0.0,0.26054537496496183,0.2611703946976593,-0.011635424897165321,-0.011490729554289782
66.0,24.0,0.0,0.0,0.0,0.0,0.0,0.0,0.0,0.0,0.0,0.0,0.0,0.0,0.26041123079473716,0.26103672184785315,-0.01166676233718194,-0.011521494460187878
67.0,0.5,0.0,0.0,0.0,0.0,0.0,0.0,0.0,0.0,0.0,0.0,0.0,0.0,0.2602783570815924,0.2609043099837645,-0.011697902172120325,-0.011552065953683648
67.0,1.0,0.0,0.0,0.0,0.0,0.0,0.0,0.0,0.0,0.0,0.0,0.0,0.0,0.2601467212694817,0.26077312685729326,-0.011728849595720943,-0.011582449111535905
67.0,1.5,0.0,0.0,0.0,0.0,0.0,0.0,0.0,0.0,0.0,0.0,0.0,0.0,0.26001629223505257,0.26064314163673064,-0.011759609567039928,-0.011612648781566596
67.0,2.0,0.0,0.0,0.0,0.0,0.0,0.0,0.0,0.0,0.0,0.0,0.0,0.0,0.2598870402036753,0.26051432482394377,-0.011790186824075441,-0.011642669595919523
67.0,2.5,0.0,0.0,0.0,0.0,0.0,0.0,0.0,0.0,0.0,0.0,0.0,0.0,0.2597589366714449,0.2603866481774357,-0.01182058589644397,-0.011672515983396957
67.0,3.0,0.0,0.0,0.0,0.0,0.0,0.0,0.0,0.0,0.0,0.0,0.0,0.0,0.25963195433265823,0.2602600846407914,-0.011850811117184126,-0.011702192180949736
67.0,3.5,0.0,0.0,0.0,0.0,0.0,0.0,0.0,0.0,0.0,0.0,0.0,0.0,0.26215997825674103,0.26278857482385315,-0.011265995176647612,-0.011125959517302901
67.0,4.0,0.0,0.0,0.0,0.0,0.0,0.0,0.0,0.0,0.0,0.0,0.0,0.0,0.2620172213012434,0.2626462735766695,-0.011298089884256443,-0.01115747823733532
67.0,4.5,0.0,0.0,0.0,0.0,0.0,0.0,0.0,0.0,0.0,0.0,0.0,0.0,0.2618759455081684,0.26250544333243403,-0.01132995890185843,-0.011188775937796939
67.0,5.0,0.0,0.0,0.0,0.0,0.0,0.0,0.0,0.0,0.0,0.0,0.0,0.0,0.2617361088886879,0.2623660424698392,-0.01136160880144325,-0.011219859046094804
67.0,5.5,0.0,0.0,0.0,0.0,0.0,0.0,0.0,0.0,0.0,0.0,0.0,0.0,0.26159767146481244,0.2622280313566116,-0.01139304583428613,-0.01125073367668604
67.0,6.0,0.0,0.0,0.0,0.0,0.0,0.0,0.0,0.0,0.0,0.0,0.0,0.0,0.26146059514218345,0.2620913722239963,-0.011424275950975353,-0.011281405650569709
67.0,6.5,0.0,0.0,0.0,0.0,0.0,0.0,0.0,0.0,0.0,0.0,0.0,0.0,0.261324843592623,0.26195602905084336,-0.01145530481993507,-0.011311880513318044
67.0,7.0,0.0,0.0,0.0,0.0,0.0,0.0,0.0,0.0,0.0,0.0,0.0,0.0,0.2611903821455627,0.26182196745643593,-0.011486137844576192,-0.011342163551775501
67.0,7.5,0.0,0.0,0.0,0.0,0.0,0.0,0.0,0.0,0.0,0.0,0.0,0.0,0.26105717768756753,0.26168915460128817,-0.011516780179194318,-0.01137225980954105
67.0,8.0,0.0,0.0,0.0,0.0,0.0,0.0,0.0,0.0,0.0,0.0,0.0,0.0,0.2609251985692466,0.2615575590952183,-0.011547236743722057,-0.01140217410133772
67.0,8.5,0.0,0.0,0.0,0.0,0.0,0.0,0.0,0.0,0.0,0.0,0.0,0.0,0.260794414518916,0.26142715091207347,-0.011577512237432561,-0.011431911026362943
67,9.0,2.042953297262772,2.055536560967858,0.12657186345577262,0.1506940184136974,15.187654436829867,15.680402093978946,False,False,0.04905791154449229,0.058385154889891884,0.022960812453590284,0.025174978444571828,0.26066479656243996,0.26129790131054215,-0.011607611151681563,-0.01146147498070456
67,9.5,2.5009123786301175,2.5170002543385137,0.15816023831757475,0.18080092131732917,15.145005427452498,15.53071834688353,False,False,0.05929156487507869,0.06799567974135444,0.10927103370393391,0.11977883174706132,0.2605172615830709,0.261147371284101,-0.011641984153646078,-0.011496021426235396
67,10.0,2.7656149720520644,2.7751531138296106,0.1768736792680645,0.18812339039067558,15.123260334669766,15.306765558162962,False,False,0.0651448964296436,0.06967249857112993,0.16447468922420605,0.18026069342836773,0.2603558142024279,0.2609820536826072,-0.011679737561854807,-0.011534104648480889
67,10.5,3.0326643462663565,3.0390686807848537,0.2060025453962353,0.21239063212541912,14.98708160255962,15.083210274268005,True,True,0.06866612565809649,0.0713938761613704,0.24054670592505678,0.263650197438736,0.2601860335974669,0.2608091749420856,-0.01171959710878535,-0.011574090583177472
67,11.0,6.533356790890439,6.451094804254188,0.48933232700013396,0.41538988585701353,29.493793676387625,28.282063536430712,False,True,0.13846248890343138,0.1184115338059892,0.5614597219188145,0.6155079361768576,0.26000390870905626,0.2606236322693766,-0.011762535051835324,-0.011617189516500348
67,11.5,6.973802521962381,6.766692342575137,0.5730552519856834,0.4230157139059541,29.043290447732243,26.582055670548694,True,True,0.13942876990464353,0.10397928178242052,0.7828154129088155,0.8600059827455703,0.2597458217290489,0.2603684143658952,-0.011823703349661794,-0.01167678585368485
67,12.0,7.451272116868227,7.117021635503416,0.6494485273206932,0.4338748508349148,28.768589642788378,25.360505239192804,True,True,0.14400329413585056,0.09773824098895473,1.0641022384795715,1.173432774696193,0.25944987339753856,0.2600820769442586,-0.011894312136796115,-0.011744083111195411
67,12.5,8.013789366623794,7.444498039399395,0.7744916753660765,0.4578639750944955,28.184247621845,23.216358625101456,True,True,0.1446088246435266,0.08636592921372507,0.9311494223349993,1.0322916561509319,0.2591093388470357,0.2597554026444298,-0.011976181121975047,-0.01182142584672679
67,13.0,7.983391196745546,7.425181774774823,0.7590443767205934,0.44848015576254324,28.264132546429135,23.29063434238596,False,True,0.14537764547508103,0.08664213685097859,0.81076972875451,0.9058639418976853,0.2587707853131444,0.2594446244018582,-0.012058240265500352,-0.011895568994894192
67,13.5,7.15799698036252,6.855057525122031,0.6555382741942749,0.43359512965969094,28.423655521425204,24.51249118984348,False,False,0.13277171020274792,0.08792768482372806,0.37935708862632217,0.4272470287081331,0.258450493552664,0.25915210010081285,-0.012136490481261548,-0.011965863975918088
67,14.0,3.253794106356479,3.162172219231028,0.25065617422883957,0.18514298086984804,14.671459805928784,13.456320469448618,True,True,0.06759944295791112,0.05023454533021542,0.21212021110941193,0.24037957485186542,0.25819930157856547,0.2589233920108481,-0.012198282548477574,-0.012021168554551405
67,14.5,2.808836572586771,2.789701411376563,0.1940387687129002,0.1744140126966214,14.929999621246056,14.531140563695203,False,False,0.06258128378778398,0.05637411606861413,0.09922453688189822,0.11266939255704339,0.2580219312649813,0.25875106727874,-0.012242140684447594,-0.012063040164574663
67,15.0,2.5966108664970493,2.5759130633345606,0.17518590068788734,0.15581797684258383,14.991792446334859,14.568823917856921,False,False,0.05887187250415157,0.052571208466600045,0.11858875186670535,0.13478220534565608,0.2578670594351209,0.258597275750086,-0.012280589367653267,-0.012100555376066748
67,15.5,2.135153659696648,2.1273496830273038,0.12885447215316617,0.12109070055845367,15.25580049276568,15.050487272783938,False,False,0.05234893351059242,0.049426403603829536,0.09621374888331605,0.10944790155594372,0.25771300205448594,0.2584439103666103,-0.012318978682704516,-0.012138105148853572
67,16.0,2.897974975731902,2.9305629946260434,0.19255127647761971,0.2761561250674801,15.010268416367875,16.00708644324435,False,False,0.06605244009884649,0.09467355937975033,0.0706193622876914,0.080374137692299,0.2575685629956033,0.2582990564779988,-0.012355101160928795,-0.012173698533796186
67.0,16.5,0.0,0.0,0.0,0.0,0.0,0.0,0.0,0.0,0.0,0.0,0.0,0.0,0.25742011514390145,0.25813898875585944,-0.012392357772853874,-0.01221317498669138
67.0,17.0,0.0,0.0,0.0,0.0,0.0,0.0,0.0,0.0,0.0,0.0,0.0,0.0,0.2573060349485445,0.2580251808132321,-0.01242107996611284,-0.012241335484861142
67.0,17.5,0.0,0.0,0.0,0.0,0.0,0.0,0.0,0.0,0.0,0.0,0.0,0.0,0.25719277074853725,0.2579121840235968,-0.012449675216607661,-0.012269371843820796
67.0,18.0,0.0,0.0,0.0,0.0,0.0,0.0,0.0,0.0,0.0,0.0,0.0,0.0,0.25708030794953435,0.25779998390036885,-0.01247814577988282,-0.012297286268639532
67.0,18.5,0.0,0.0,0.0,0.0,0.0,0.0,0.0,0.0,0.0,0.0,0.0,0.0,0.25696863243277124,0.2576885664289281,-0.01250649383305259,-0.012325080887702787
67.0,19.0,0.0,0.0,0.0,0.0,0.0,0.0,0.0,0.0,0.0,0.0,0.0,0.0,0.2568577305333023,0.2575779180450359,-0.012534721478453791,-0.012352757756280685
67.0,19.5,0.0,0.0,0.0,0.0,0.0,0.0,0.0,0.0,0.0,0.0,0.0,0.0,0.2594036298863176,0.26012410035451855,-0.011905390468769355,-0.011734177563128674
67.0,20.0,0.0,0.0,0.0,0.0,0.0,0.0,0.0,0.0,0.0,0.0,0.0,0.0,0.26723261546252586,0.2679534889552168,-0.010192963971800447,-0.01005055734102115
67.0,20.5,0.0,0.0,0.0,0.0,0.0,0.0,0.0,0.0,0.0,0.0,0.0,0.0,0.26969370759917255,0.2704150204398747,-0.009716436144801222,-0.009581834335108768
67.0,21.0,0.0,0.0,0.0,0.0,0.0,0.0,0.0,0.0,0.0,0.0,0.0,0.0,0.2774042087790481,0.2781261262796269,-0.008386277673113993,-0.008273211711746706
67.0,21.5,0.0,0.0,0.0,0.0,0.0,0.0,0.0,0.0,0.0,0.0,0.0,0.0,0.2823651432877162,0.2830877773160183,-0.007644771920107463,-0.00754339990675091
67.0,22.0,0.0,0.0,0.0,0.0,0.0,0.0,0.0,0.0,0.0,0.0,0.0,0.0,0.2898455340098316,0.29056909835084227,-0.006668954779811796,-0.006582676976993902
67.0,22.5,0.0,0.0,0.0,0.0,0.0,0.0,0.0,0.0,0.0,0.0,0.0,0.0,0.2997115795604628,0.3004364310236167,-0.005599323381281594,-0.0055291266954853365
67.0,23.0,0.0,0.0,0.0,0.0,0.0,0.0,0.0,0.0,0.0,0.0,0.0,0.0,0.3041036997091005,0.30482986216722957,-0.005189642630006529,-0.005125399557035268
67.0,23.5,0.0,0.0,0.0,0.0,0.0,0.0,0.0,0.0,0.0,0.0,0.0,0.0,0.3083626621647284,0.3090900930468556,-0.004826049656800887,-0.00476702447292662
67.0,24.0,0.0,0.0,0.0,0.0,0.0,0.0,0.0,0.0,0.0,0.0,0.0,0.0,0.3150099404432757,0.3157386946382282,-0.0043173422508758705,-0.004265551734053211
68.0,0.5,0.0,0.0,0.0,0.0,0.0,0.0,0.0,0.0,0.0,0.0,0.0,0.0,0.3163519683825797,0.31708175922819615,-0.004222540851871597,-0.004172029675090865
68.0,1.0,0.0,0.0,0.0,0.0,0.0,0.0,0.0,0.0,0.0,0.0,0.0,0.0,0.3177139272517291,0.3184445497035738,-0.004128856294227459,-0.004079620372570044
68.0,1.5,0.0,0.0,0.0,0.0,0.0,0.0,0.0,0.0,0.0,0.0,0.0,0.0,0.3165511076852006,0.31728233431247077,-0.004208685837156337,-0.004158273564859764
68.0,2.0,0.0,0.0,0.0,0.0,0.0,0.0,0.0,0.0,0.0,0.0,0.0,0.0,0.3154931058334375,0.3162247829122045,-0.0042829219222501585,-0.004231418155702335
68.0,2.5,0.0,0.0,0.0,0.0,0.0,0.0,0.0,0.0,0.0,0.0,0.0,0.0,0.314512973451296,0.3152449818367926,-0.004353090207051405,-0.004300557077911464
68.0,3.0,0.0,0.0,0.0,0.0,0.0,0.0,0.0,0.0,0.0,0.0,0.0,0.0,0.31359256131759206,0.3143247977487225,-0.004420233482838119,-0.004366718088571022
68.0,3.5,0.0,0.0,0.0,0.0,0.0,0.0,0.0,0.0,0.0,0.0,0.0,0.0,0.3127190497099546,0.3134514042144992,-0.004485099586479366,-0.004430639570725334
68.0,4.0,0.0,0.0,0.0,0.0,0.0,0.0,0.0,0.0,0.0,0.0,0.0,0.0,0.314450146663809,0.31518249433603823,-0.004357634546368372,-0.0043050119414277934
68.0,4.5,0.0,0.0,0.0,0.0,0.0,0.0,0.0,0.0,0.0,0.0,0.0,0.0,0.3135519454246079,0.3142841199783527,-0.004423224695704267,-0.004369670693669858
68.0,5.0,0.0,0.0,0.0,0.0,0.0,0.0,0.0,0.0,0.0,0.0,0.0,0.0,0.31268814621023777,0.3134199633045861,-0.004487415145140749,-0.004432961364721052
68.0,5.5,0.0,0.0,0.0,0.0,0.0,0.0,0.0,0.0,0.0,0.0,0.0,0.0,0.3118522508962536,0.3125835078596661,-0.004550591420818201,-0.00449526614292663
68.0,6.0,0.0,0.0,0.0,0.0,0.0,0.0,0.0,0.0,0.0,0.0,0.0,0.0,0.311039255362209,0.3117697321143203,-0.004613056094081848,-0.0045568854134141815
68.0,6.5,0.0,0.0,0.0,0.0,0.0,0.0,0.0,0.0,0.0,0.0,0.0,0.0,0.31024524634762285,0.31097470682492256,-0.004675050530846878,-0.0046180591715913885
68.0,7.0,0.0,0.0,0.0,0.0,0.0,0.0,0.0,0.0,0.0,0.0,0.0,0.0,0.3094671273804527,0.31019532120820437,-0.004736769730809679,-0.004678981636902218
68.0,7.5,0.0,0.0,0.0,0.0,0.0,0.0,0.0,0.0,0.0,0.0,0.0,0.0,0.3087024320205623,0.30942909112029204,-0.004798372326596856,-0.004739811515588344
68,8.0,1.7678665514364915,1.7851351054577769,0.08318299896633972,0.11938423240397313,15.783069377824198,16.567502593665917,False,False,0.051755580828797915,0.07452944252848755,0.05589982247525632,0.05589982247525632,0.3079496885635405,0.3086740211360265,-0.004859946623451937,-0.004800679391665276
68,8.5,2.267768853601641,2.288443468502842,0.1068436071888209,0.13841176123848772,15.79090287209106,16.379518357276496,False,False,0.06658255708116761,0.08708967794948956,0.16551507305020713,0.16551507305020713,0.30719037566673046,0.3079066059732387,-0.004923014487115544,-0.004863499167138776
68,9.0,2.763129386491882,2.7898841706026647,0.13660022114776066,0.1685091343089777,15.71201034803635,16.229556916381966,True,True,0.0788308710597979,0.09914769096866793,0.3507340117904626,0.3507340117904626,0.30900423140992006,0.30971105490077816,-0.004773946507050592,-0.004717317876222215
68,9.5,6.669022834851495,6.704689108917687,0.3517931922235847,0.39864311087816434,31.12751647478821,31.78933640440359,False,False,0.1806577741905588,0.20774896633760237,0.6928629852892184,0.6928629852892184,0.3081365172308974,0.30883233679472166,-0.004844576664276547,-0.004787840409830861
68,10.0,7.666198806978251,7.603148848191779,0.4564212409442335,0.3984288491848317,30.62168030957293,29.789257944562245,False,False,0.19120095310969795,0.17005582265084757,1.0127562977057942,1.0127562977057942,0.3072148297382481,0.3078962514792734,-0.004920968212326942,-0.004864353448609811
68,10.5,7.339283549130591,7.290206723346489,0.44813290164570296,0.39456027672773786,30.461402283696742,29.60456478281421,False,False,0.17856046401767403,0.15860550012023605,0.6748129282680654,0.6748129282680654,0.3062553663040901,0.30693440123941945,-0.0050020204438253535,-0.004944494952016562
68,11.0,7.711480728292951,7.629987785439909,0.5025875430817214,0.4243008280400289,30.159932343784547,28.978063038415822,False,False,0.17934680230086797,0.15266617841089142,0.7572139586153686,0.7572139586153686,0.30535585551860683,0.3060307730066493,-0.005079456583223137,-0.005021222464506211
68,11.5,7.400814773444275,7.329586342012279,0.4930702166433131,0.41777018425549534,30.044399250445935,28.83221648321187,False,False,0.1692626540418346,0.1442158556425791,0.6453412666036407,0.6453412666036407,0.30445439690888015,0.3051273780629334,-0.005158497645192023,-0.005099352450398519
68,12.0,4.195066456876889,4.13644129265034,0.27806908347129206,0.2265807677995771,15.038538589009105,14.301934965456548,False,False,0.09639746502264396,0.07926149655175539,0.4295441824436639,0.4295441824436639,0.3035836527793199,0.3042535482549551,-0.005236240841274011,-0.005176307429382197
68,12.5,7.692782185112209,7.566901388509269,0.5318809331156288,0.4152249689070887,29.8627464320063,27.980760629903205,False,False,0.17146226906477224,0.13458220127570758,0.6915122771191639,0.6915122771191639,0.3027828539183547,0.30344604961807564,-0.00530897423899265,-0.005248653910446632
68,13.0,8.410823429963964,8.152271826347203,0.6050684072453775,0.4170281330661438,29.697498905607326,26.757030027213105,False,False,0.18322433028480828,0.12765778319110685,1.0133750791343308,1.0133750791343308,0.3019311966891175,0.3025955896207285,-0.0053876517969598525,-0.005326155985524035
68,13.5,8.01734818312571,7.816719680324284,0.5768379055246058,0.4128577955225937,29.67203888366919,26.97836231054479,False,False,0.17404591961305596,0.12533617057315688,0.7590249371649013,0.7590249371649013,0.30104388747406013,0.301718319124737,-0.005471105253741152,-0.005407534321334575
68,14.0,8.443551006313696,8.090032546255623,0.6365647517498488,0.412581842224456,29.490438209439493,25.941483210326126,False,False,0.17886558765595423,0.11774403029964167,1.211016706863191,1.211016706863191,0.3002070875559747,0.3008883680243942,-0.005551222983270343,-0.005485890384015454
68,14.5,8.07358352523726,7.6747385029872,0.6505396920293076,0.41469225955960454,29.189342106135364,25.38995879504087,False,False,0.16443527287570414,0.10709859864455694,1.481086859120762,1.481086859120762,0.2993193679705378,0.3000151306834588,-0.005637748881738482,-0.005569798149167476
68,15.0,8.021020382832592,7.6148906399270935,0.6652312269649231,0.430008777982611,29.02518507846468,25.13074936025295,False,False,0.16000194565238662,0.10536510219925257,1.38970167943241,1.38970167943241,0.2984095129548944,0.29912134881483393,-0.005728105098309059,-0.005657268412804129
68,15.5,7.701925939184926,7.3560565188415,0.6401140442244873,0.43274608740519743,28.980992347238832,25.279733386830898,False,False,0.15279001243908769,0.10459952567302505,1.1089232229018142,1.1089232229018142,0.29752324393396795,0.29825122688372846,-0.005817782714879727,-0.0057439998924926575
68,16.0,7.521664409151051,7.188296697425546,0.6174653085916375,0.4085179767392198,29.02217500446468,24.946066424053356,False,False,0.1499842661565067,0.10011452156463803,0.9470783579805302,0.9470783579805302,0.29668950242379455,0.2974302958761865,-0.0059036762485442625,-0.005827284298439126
68,16.5,7.193126538078344,6.938133580099132,0.5964059730416292,0.4223483442425682,28.946104552053825,25.094037911939445,False,False,0.14207836951482322,0.10106518272989708,0.7587753138054768,0.7587753138054768,0.2958925362401029,0.2966466007262841,-0.005987197138058343,-0.005908136784780745
68,17.0,5.935574253580136,5.815741842597263,0.49362218319165607,0.3992286070862826,28.894652598454062,25.61818374398523,False,False,0.11649501607825671,0.09406189447787629,0.420461990445186,0.420461990445186,0.29513522027362177,0.2958984040828871,-0.0060678703713798535,-0.005986577071874244
68.0,17.5,0.0,0.0,0.0,0.0,0.0,0.0,0.0,0.0,0.0,0.0,0.0,0.0,0.29444678083121606,0.2952092522576905,-0.006142332603472195,-0.006059927224484485
68.0,18.0,0.0,0.0,0.0,0.0,0.0,0.0,0.0,0.0,0.0,0.0,0.0,0.0,0.2938871800800925,0.2946372483000269,-0.006203662730439828,-0.006121623058244931
68.0,18.5,0.0,0.0,0.0,0.0,0.0,0.0,0.0,0.0,0.0,0.0,0.0,0.0,0.2933396166128537,0.29407763110756063,-0.0062643811474157275,-0.006182708462018
68.0,19.0,0.0,0.0,0.0,0.0,0.0,0.0,0.0,0.0,0.0,0.0,0.0,0.0,0.29280377024783205,0.29353008672177566,-0.006324486998564413,-0.006243180251728604
68.0,19.5,0.0,0.0,0.0,0.0,0.0,0.0,0.0,0.0,0.0,0.0,0.0,0.0,0.29227931957059433,0.29299429570121654,-0.006383981123082253,-0.006303037373285392
68.0,20.0,0.0,0.0,0.0,0.0,0.0,0.0,0.0,0.0,0.0,0.0,0.0,0.0,0.29176594367709946,0.29246993571669033,-0.0064428658637680405,-0.00636228064695876
68.0,20.5,0.0,0.0,0.0,0.0,0.0,0.0,0.0,0.0,0.0,0.0,0.0,0.0,0.29126332375633196,0.29195668385445983,-0.006501144879025597,-0.006420912522780327
68.0,21.0,0.0,0.0,0.0,0.0,0.0,0.0,0.0,0.0,0.0,0.0,0.0,0.0,0.2907711444794323,0.2914542186084938,-0.006558822964090194,-0.0064789368523910295
68.0,21.5,0.0,0.0,0.0,0.0,0.0,0.0,0.0,0.0,0.0,0.0,0.0,0.0,0.2902890951851667,0.29096222156624874,-0.006615905884832779,-0.006536358680132904
68.0,22.0,0.0,0.0,0.0,0.0,0.0,0.0,0.0,0.0,0.0,0.0,0.0,0.0,0.2898168708658289,0.2904803788062374,-0.006672400225821484,-0.006593184054414993
68.0,22.5,0.0,0.0,0.0,0.0,0.0,0.0,0.0,0.0,0.0,0.0,0.0,0.0,0.28935417296606775,0.290008382032994,-0.006728313253193787,-0.006649419859233367
68.0,23.0,0.0,0.0,0.0,0.0,0.0,0.0,0.0,0.0,0.0,0.0,0.0,0.0,0.2889007100116232,0.28954592947819935,-0.006783652792155257,-0.006705073665006635
68.0,23.5,0.0,0.0,0.0,0.0,0.0,0.0,0.0,0.0,0.0,0.0,0.0,0.0,0.28845619808686296,0.28909272659722596,-0.0068384271184588835,-0.006760153597467291
68.0,24.0,0.0,0.0,0.0,0.0,0.0,0.0,0.0,0.0,0.0,0.0,0.0,0.0,0.28802036118028046,0.2886484865892352,-0.006892644862947957,-0.006814668223133599
69.0,0.5,0.0,0.0,0.0,0.0,0.0,0.0,0.0,0.0,0.0,0.0,0.0,0.0,0.2875929314163742,0.28821293076692833,-0.006946314928106627,-0.006868626449805797
69.0,1.0,0.0,0.0,0.0,0.0,0.0,0.0,0.0,0.0,0.0,0.0,0.0,0.0,0.28717364919101923,0.2877857887995666,-0.006999446415511038,-0.0069220374405392976
69.0,1.5,0.0,0.0,0.0,0.0,0.0,0.0,0.0,0.0,0.0,0.0,0.0,0.0,0.2867622632258389,0.2873667988502447,-0.0070520485630819274,-0.006974910539610857
69.0,2.0,0.0,0.0,0.0,0.0,0.0,0.0,0.0,0.0,0.0,0.0,0.0,0.0,0.2863585305553867,0.28695570762580397,-0.007104130691083485,-0.007027255209089571
69.0,2.5,0.0,0.0,0.0,0.0,0.0,0.0,0.0,0.0,0.0,0.0,0.0,0.0,0.2859622164592632,0.2865522703553179,-0.007155702155879172,-0.00707908097473726
69.0,3.0,0.0,0.0,0.0,0.0,0.0,0.0,0.0,0.0,0.0,0.0,0.0,0.0,0.2855730943496987,0.2861562507108337,-0.007206772310532329,-0.007130397380080817
69.0,3.5,0.0,0.0,0.0,0.0,0.0,0.0,0.0,0.0,0.0,0.0,0.0,0.0,0.28519094562365843,0.2857674206820298,-0.0072573504714213265,-0.007181213947617557
69.0,4.0,0.0,0.0,0.0,0.0,0.0,0.0,0.0,0.0,0.0,0.0,0.0,0.0,0.28481555948720066,0.28538556041466023,-0.007307445890120519,-0.007231540146227162
69.0,4.5,0.0,0.0,0.0,0.0,0.0,0.0,0.0,0.0,0.0,0.0,0.0,0.0,0.2844467327586374,0.2850104580210893,-0.0073570677298768605,-0.0072813853639698434
69.0,5.0,0.0,0.0,0.0,0.0,0.0,0.0,0.0,0.0,0.0,0.0,0.0,0.0,0.2840842696560082,0.28464190936986383,-0.007406225046086235,-0.007330758885547231
69.0,5.5,0.0,0.0,0.0,0.0,0.0,0.0,0.0,0.0,0.0,0.0,0.0,0.0,0.2837279815734758,0.28427971786009865,-0.007454926770241523,-0.0073796698737908515
69.0,6.0,0.0,0.0,0.0,0.0,0.0,0.0,0.0,0.0,0.0,0.0,0.0,0.0,0.2833776868504701,0.28392369418545454,-0.00750318169688714,-0.0074281273546220345
69.0,6.5,0.0,0.0,0.0,0.0,0.0,0.0,0.0,0.0,0.0,0.0,0.0,0.0,0.28303321053673797,0.28357365609163526,-0.007550998473170708,-0.007476140204997561
69.0,7.0,0.0,0.0,0.0,0.0,0.0,0.0,0.0,0.0,0.0,0.0,0.0,0.0,0.28269438415588355,0.2832294281306094,-0.0075983855906330885,-0.007523717143418097
69.0,7.5,0.0,0.0,0.0,0.0,0.0,0.0,0.0,0.0,0.0,0.0,0.0,0.0,0.28236104546949714,0.2828908414141562,-0.007645351378922999,-0.0075708667226314745
69.0,8.0,0.0,0.0,0.0,0.0,0.0,0.0,0.0,0.0,0.0,0.0,0.005719579360710027,0.005719579360710027,0.2820330382435604,0.2825577333688221,-0.007691904001161988,-0.0076175973242110576
69,8.5,2.573874923535431,2.57680521170616,0.13020793876984676,0.13613858933780001,15.623983942632552,15.711391412389828,False,False,0.07118400061098606,0.07467914930698376,0.10951272962514459,0.10951272962514459,0.2817094831565278,0.282229218632008,-0.0077381560128981265,-0.007664020524441643
69,9.0,3.2065259560831407,3.2023369896038454,0.16953546545527273,0.16562010224115878,15.540574254339766,15.450301504869412,False,False,0.08618140574797145,0.08498907083081275,0.24357220394926832,0.24357220394926832,0.281361144748857,0.2818753002298789,-0.00778832170447181,-0.007714411288802733
69,9.5,7.546848792694362,7.514834181105115,0.43064869851943366,0.39893592119960414,30.757758734220868,30.226930780370587,False,False,0.1923274866941671,0.18040515910870725,0.6905184406130183,0.6905184406130183,0.28099560766147424,0.2815055677864178,-0.007841381489088778,-0.007767475846827106
69,10.0,8.65167478180609,8.485096996728082,0.5443531295817837,0.4134254337641246,30.37530876447993,28.527525105093677,False,False,0.20775467394493535,0.16151962060053404,1.2581105121759872,1.2581105121759872,0.2805446026258877,0.28105403441027,-0.007907442166560648,-0.007832871662963224
69,10.5,8.82415680383862,8.550567086005056,0.6176108821107203,0.4307125767631879,29.84994082790111,27.122627764137235,False,False,0.1963269135945701,0.13940812289512283,1.2488133988183887,1.2488133988183887,0.28001141057137363,0.28053307699326613,-0.007986398485478335,-0.007909139046910216
69,11.0,9.018569560796742,8.572636003183145,0.7020155509554549,0.4367852008332242,29.382798875799146,25.57008136469242,False,False,0.18834690775140261,0.12055709520058276,1.836709819653912,1.836709819653912,0.27947457550175425,0.28001572406771574,-0.008066845102550652,-0.007985755974294746
69,11.5,9.131144314994412,8.551522766215575,0.7567760461628095,0.44427766797248863,29.011655351548555,24.351829995847602,False,False,0.18183801031212454,0.1086743521107312,1.5599746167617898,1.5599746167617898,0.2788564546258796,0.2794271779258819,-0.00816067168053913,-0.008073994074081
69,12.0,9.221657246065375,8.447126136481671,0.8168465507182598,0.4438157891223059,28.696736291544216,23.20596033438214,False,True,0.1766755298337381,0.098252472123837,1.9021555229591587,1.9193845431236682,0.2782708921236261,0.2788773198998378,-0.00825075778683378,-0.008157483337644596
69,12.5,9.046901208453654,8.357292156776321,0.7950296525999234,0.4437662868680781,28.664014354071874,23.20783728173932,False,False,0.17264704406621528,0.09729173617356951,1.1851739411873705,1.2304123136581286,0.2776382294733178,0.27828598217854966,-0.008349425069448989,-0.008248421423228389
69,13.0,9.157937810541267,8.28606032106239,0.8625903381526597,0.454813124649864,28.303648401526935,22.09690377249175,False,False,0.16752393162622264,0.08931612183408746,1.2858841913998555,1.3418981065150153,0.27710376626587235,0.27778659903676917,-0.00843387463395944,-0.008326160384572116
69,13.5,8.365764496414382,7.8034910407059765,0.7808834785516336,0.448953974804176,28.30044863243016,22.76497813604368,False,False,0.1529766105136317,0.08811606219620466,0.7134314829459726,0.7491563662007988,0.27655180844528104,0.27727564450199293,-0.008522158944060011,-0.008406605914978897
69,14.0,8.526299038620097,7.818150918199008,0.8257510704322861,0.4524589508170698,28.112488176258502,21.99218290329342,False,False,0.1526147906057142,0.08383284065772685,0.7752634934820424,0.8183797744702676,0.2760870606930954,0.27684491121551985,-0.00859734915245429,-0.008475141496070001
69,14.5,8.336341807407901,7.653819741891986,0.8154439749486315,0.44993869897489813,28.055155296634904,21.95465912497069,False,False,0.1482582823876174,0.08197258287151232,0.708614812473465,0.7525820696757362,0.27561246825213775,0.27640875015311756,-0.008674949264384349,-0.008545220164539026
69,15.0,7.768347810805894,7.268453536605385,0.7369012030582176,0.43875390654272584,28.211765496034953,22.84164570972498,False,False,0.14061876528774925,0.08377378560443349,0.5411847644266278,0.5783047413113738,0.2751513419058766,0.2759850391609445,-0.008751148188367098,-0.008613960568591258
69,15.5,7.095223825686691,6.7850597162640565,0.6439504378988851,0.43347670260635907,28.442760465194524,24.283703140160526,False,False,0.13190117545006483,0.08878673541434395,0.4156439620968183,0.44647609068443006,0.2747251302985183,0.27558861358126197,-0.00882228777862542,-0.008678871695264276
69,16.0,6.049770701245805,5.85419671641667,0.5589434627089579,0.4289007324910939,28.338349123620667,24.879152529575812,False,False,0.11111034386154814,0.08515044665163475,0.2718083261192901,0.2931113880473058,0.2743302448670567,0.27521322183688723,-0.008888814391283417,-0.008740876632782441
69,16.5,3.0503608969555343,3.0832441458461273,0.28238674143541015,0.34638891148246764,14.154065831951076,14.858858444126192,False,False,0.05582829165722798,0.06825428159699598,0.1160367046637423,0.1254611070482255,0.2739679211025825,0.27486143267742763,-0.008950381742891514,-0.00879946266392899
69,17.0,2.270419725693507,2.32589380317357,0.20274454996359212,0.35195559441213065,14.243606248143202,15.933015799083723,False,False,0.04242780923338642,0.07330701159075957,0.024026370277981154,0.025959483576168507,0.27366400903444055,0.2745449148209383,-0.009002415713798118,-0.008852574944647555
69.0,17.5,0.0,0.0,0.0,0.0,0.0,0.0,0.0,0.0,0.0,0.0,0.0,0.0,0.27338521201308735,0.2742436793295954,-0.009050466900972592,-0.008903477920413322
69.0,18.0,0.0,0.0,0.0,0.0,0.0,0.0,0.0,0.0,0.0,0.0,0.0,0.0,0.27313847852715756,0.2739938368229404,-0.009093246956238222,-0.008945961214885655
69.0,18.5,0.0,0.0,0.0,0.0,0.0,0.0,0.0,0.0,0.0,0.0,0.0,0.0,0.2728948376126021,0.27374715336301514,-0.00913572743305688,-0.008988144516585158
69.0,19.0,0.0,0.0,0.0,0.0,0.0,0.0,0.0,0.0,0.0,0.0,0.0,0.0,0.2726542187369252,0.27350355626500916,-0.009177913269057383,-0.00903003281377977
69.0,19.5,0.0,0.0,0.0,0.0,0.0,0.0,0.0,0.0,0.0,0.0,0.0,0.0,0.2724165536472084,0.2732629752179061,-0.009219809279255569,-0.009071630969073393
69.0,20.0,0.0,0.0,0.0,0.0,0.0,0.0,0.0,0.0,0.0,0.0,0.0,0.0,0.27218177627414986,0.2730253421829383,-0.009261420160338174,-0.009112943723951713
69.0,20.5,0.0,0.0,0.0,0.0,0.0,0.0,0.0,0.0,0.0,0.0,0.0,0.0,0.2719498226412992,0.2727905912976872,-0.009302750494713092,-0.009153975703064872
69.0,21.0,0.0,0.0,0.0,0.0,0.0,0.0,0.0,0.0,0.0,0.0,0.0,0.0,0.2717206307791143,0.27255865878541097,-0.00934380475434788,-0.00919473141827211
69.0,21.5,0.0,0.0,0.0,0.0,0.0,0.0,0.0,0.0,0.0,0.0,0.0,0.0,0.2714941406435084,0.2723294828692243,-0.009384587304413902,-0.009235215272469668
69.0,22.0,0.0,0.0,0.0,0.0,0.0,0.0,0.0,0.0,0.0,0.0,0.0,0.0,0.2712702940385802,0.27210300369078777,-0.009425102406752794,-0.009275431563221173
69.0,22.5,0.0,0.0,0.0,0.0,0.0,0.0,0.0,0.0,0.0,0.0,0.0,0.0,0.27104903454325247,0.2718791632331985,-0.009465354223179023,-0.009315384486207123
69.0,23.0,0.0,0.0,0.0,0.0,0.0,0.0,0.0,0.0,0.0,0.0,0.0,0.0,0.27083030744156383,0.2716579052478014,-0.0095053468186313,-0.009355078138507973
69.0,23.5,0.0,0.0,0.0,0.0,0.0,0.0,0.0,0.0,0.0,0.0,0.0,0.0,0.2706140596563837,0.2714391751846639,-0.009545084164183945,-0.009394516521734014
69.0,24.0,0.0,0.0,0.0,0.0,0.0,0.0,0.0,0.0,0.0,0.0,0.0,0.0,0.2704002396863381,0.27122292012647975,-0.009584570139927737,-0.009433703545013413
70.0,0.5,0.0,0.0,0.0,0.0,0.0,0.0,0.0,0.0,0.0,0.0,0.0,0.0,0.27018879754574826,0.27100908872568724,-0.00962380853772991,-0.009472643027848789
70.0,1.0,0.0,0.0,0.0,0.0,0.0,0.0,0.0,0.0,0.0,0.0,0.0,0.0,0.2699796847074066,0.2707976311446047,-0.009662803063880074,-0.00951133870285121
70.0,1.5,0.0,0.0,0.0,0.0,0.0,0.0,0.0,0.0,0.0,0.0,0.0,0.0,0.26977285404801815,0.27058849899840137,-0.009701557341630385,-0.009549794218359973
70.0,2.0,0.0,0.0,0.0,0.0,0.0,0.0,0.0,0.0,0.0,0.0,0.0,0.0,0.26956825979615895,0.2703816453007349,-0.009740074913635427,-0.009588013140955629
70.0,2.5,0.0,0.0,0.0,0.0,0.0,0.0,0.0,0.0,0.0,0.0,0.0,0.0,0.2693658574826046,0.27017702441190283,-0.009778359244298257,-0.009625998957872512
70.0,3.0,0.0,0.0,0.0,0.0,0.0,0.0,0.0,0.0,0.0,0.0,0.0,0.0,0.26916560389289845,0.26997459198936213,-0.009816413722027746,-0.009663755079317113
70.0,3.5,0.0,0.0,0.0,0.0,0.0,0.0,0.0,0.0,0.0,0.0,0.0,0.0,0.2689674570220364,0.26977430494048465,-0.009854241661411809,-0.009701284840697667
70.0,4.0,0.0,0.0,0.0,0.0,0.0,0.0,0.0,0.0,0.0,0.0,0.0,0.0,0.2687713760311526,0.2695761213774251,-0.009891846305311345,-0.009738591504769719
70.0,4.5,0.0,0.0,0.0,0.0,0.0,0.0,0.0,0.0,0.0,0.0,0.0,0.0,0.2685773212060992,0.26938000057398553,-0.009929230826878728,-0.009775678263702405
70.0,5.0,0.0,0.0,0.0,0.0,0.0,0.0,0.0,0.0,0.0,0.0,0.0,0.0,0.2683852539178209,0.2691859029243694,-0.009966398331504601,-0.009812548241069583
70.0,5.5,0.0,0.0,0.0,0.0,0.0,0.0,0.0,0.0,0.0,0.0,0.0,0.0,0.2681951365844298,0.26899378990372463,-0.010003351858696486,-0.009849204493769484
70.0,6.0,0.0,0.0,0.0,0.0,0.0,0.0,0.0,0.0,0.0,0.0,0.0,0.0,0.26800693263489334,0.26880362403038244,-0.010040094383892388,-0.009885650013876581
70.0,6.5,0.0,0.0,0.0,0.0,0.0,0.0,0.0,0.0,0.0,0.0,0.0,0.0,0.2678206064742535,0.26861536882970405,-0.010076628820212416,-0.009921887730428711
70.0,7.0,0.0,0.0,0.0,0.0,0.0,0.0,0.0,0.0,0.0,0.0,0.0,0.0,0.2676361234502997,0.26842898879945243,-0.010112958020151105,-0.009957920511152818
70.0,7.5,0.0,0.0,0.0,0.0,0.0,0.0,0.0,0.0,0.0,0.0,0.0,0.0,0.2753821093436526,0.2761722877510154,-0.008712915724605233,-0.008583501510716787
70.0,8.0,0.0,0.0,0.0,0.0,0.0,0.0,0.0,0.0,0.0,0.0,0.0,0.0,0.28300902974574754,0.2837955039405398,-0.007554368627318834,-0.007445667767988958
70.0,8.5,0.0,0.0,0.0,0.0,0.0,0.0,0.0,0.0,0.0,0.0,0.0,0.0,0.29307832273772,0.29385926636408494,-0.0062936050394199194,-0.00620674102639943
70.0,9.0,0.0,0.0,0.0,0.0,0.0,0.0,0.0,0.0,0.0,0.0,0.0,0.0,0.30025600458301815,0.3010299982429644,-0.005546501217223612,-0.005472423761322624
70.0,9.5,0.0,0.0,0.0,0.0,0.0,0.0,0.0,0.0,0.0,0.0,0.0,0.0,0.31223072966094273,0.31299442054644677,-0.004521855900795575,-0.004464529148042983
70,10.0,2.295215273563988,2.3189660688993308,0.061984418667472986,0.16960172006464383,16.72491226211163,17.818066214094397,False,False,0.10284658223098381,0.28406014549474,0.03233740266646677,0.03233740266646677,0.31606765285530103,0.3168214670269717,-0.004242416260311566,-0.00418996231078966
70.0,10.5,0.0,0.0,0.0,0.0,0.0,0.0,0.0,0.0,0.0,0.0,0.021277599944584703,0.021277599944584703,0.32225028031527564,0.32297962590419005,-0.0038341862761305493,-0.0037891815922738263
70,11.0,2.2773421521481283,2.3025445389829895,0.06171046538358366,0.19197288226541812,16.71203232813231,17.889552213433603,False,False,0.10131059946864691,0.31885073425808946,0.029165576486871382,0.029165576486871382,0.3281257572884214,0.3288433638662323,-0.003488915218146793,-0.003449334500153443
70,11.5,2.7448200750414253,2.7741739578568536,0.07372258061701406,0.21002470562938244,16.74053279307901,17.85269544908021,False,False,0.1240849095003992,0.3605040111325614,0.07509611610886453,0.07509611610886453,0.3288198308522017,0.32951029807748444,-0.003450623988184084,-0.0034130275066846377
70.0,12.0,0.0,0.0,0.0,0.0,0.0,0.0,0.0,0.0,0.0,0.0,0.0,0.0,0.3295892475536605,0.3302518533590324,-0.0034087598135155565,-0.0033731914790294435
70.0,12.5,0.0,0.0,0.0,0.0,0.0,0.0,0.0,0.0,0.0,0.0,0.02407895541045119,0.02407895541045119,0.3304068805469727,0.33105843572150845,-0.0033649336406911643,-0.003330489505433552
70,13.0,2.8695274180396493,2.8975186473371775,0.08155837861705857,0.18653839811175205,16.66540987897065,17.668774771860832,False,False,0.12441065939858686,0.2891440490963795,0.09250191028455029,0.09250191028455029,0.33609464945894,0.33673142484380564,-0.0030779602094174363,-0.003047682117191309
70,13.5,2.829058843390376,2.8542208085563296,0.08344300099529182,0.16533784196571616,16.61313476505775,17.520564948215085,False,False,0.1192579559779633,0.23966318189745073,0.09486290229832203,0.09486290229832203,0.33888539240164167,0.3394915604368813,-0.002947860327417889,-0.002920474201628658
70,14.0,2.4780584916894792,2.5022245529997367,0.084506019938162,0.1640977118444622,16.37591806223153,17.373452111710282,False,False,0.09279542159674291,0.18173221323760202,0.06473274878122373,0.06473274878122373,0.3437929964461677,0.34436592290374873,-0.0027346094624271303,-0.002710931444257634
70,14.5,2.6350051261978393,2.6637129217931577,0.08523532096956135,0.17200655777006574,16.482100013143324,17.480888041474326,False,False,0.10386472839783943,0.21503627705598166,0.1281976814032122,0.1281976814032122,0.3481159201833894,0.34864868164509033,-0.002561841976547894,-0.002541462510251177
70,15.0,2.3900504808244345,2.410626090050538,0.07115500865153515,0.12523566672205416,16.614328527726048,17.410137137827437,False,False,0.10081549938446728,0.18124805056753032,0.10859405526768048,0.10859405526768048,0.351782984759403,0.35226476950424757,-0.002425403638766616,-0.0024081289344880163
70,15.5,2.3313531866033665,2.3538422878652576,0.06701907733902877,0.12094662528181437,16.6841197071783,17.48589292553417,False,False,0.10211913301926716,0.19014072134656415,0.15500165756188838,0.15500165756188838,0.3525308355734574,0.35295686738512233,-0.002398651803079482,-0.0023835691529088604
70,16.0,4.311840990817948,4.3622745905272335,0.12328164441365042,0.4156119293674927,16.64085166994382,17.9165080877461,False,False,0.1844739136496687,0.6476764160160978,0.16360828237272076,0.16360828237272076,0.3506151706314567,0.3509769468516438,-0.0024678928041753944,-0.002454635983080723
70.0,16.5,0.0,0.0,0.0,0.0,0.0,0.0,0.0,0.0,0.0,0.0,0.005084928365008243,0.005084928365008243,0.34845651076435036,0.34871478803715683,-0.0025487911812845316,-0.0025389472681341158
70.0,17.0,0.0,0.0,0.0,0.0,0.0,0.0,0.0,0.0,0.0,0.0,0.0,0.0,0.3438644446128526,0.3440496524204596,-0.002731643228267032,-0.002723971991902042
70.0,17.5,0.0,0.0,0.0,0.0,0.0,0.0,0.0,0.0,0.0,0.0,0.0,0.0,0.3418479877442534,0.3419690999793641,-0.0028168523503467623,-0.002811645952922189
70.0,18.0,0.0,0.0,0.0,0.0,0.0,0.0,0.0,0.0,0.0,0.0,0.0,0.0,0.3400932983985878,0.3401730188210778,-0.0028935875203983607,-0.002890047642457381
70.0,18.5,0.0,0.0,0.0,0.0,0.0,0.0,0.0,0.0,0.0,0.0,0.0,0.0,0.33864560980435504,0.3386988382360181,-0.0029587778778760376,-0.0029563501777067854
70.0,19.0,0.0,0.0,0.0,0.0,0.0,0.0,0.0,0.0,0.0,0.0,0.0,0.0,0.33746591884794624,0.3375016175890304,-0.003013197201708237,-0.003011533005857285
70.0,19.5,0.0,0.0,0.0,0.0,0.0,0.0,0.0,0.0,0.0,0.0,0.0,0.0,0.3365059047971836,0.3365296934541913,-0.003058364631626366,-0.0030572356995677277
70.0,20.0,0.0,0.0,0.0,0.0,0.0,0.0,0.0,0.0,0.0,0.0,0.0,0.0,0.33340345201927246,0.33341979589454507,-0.0032099492455988582,-0.003209127544813796
70.0,20.5,0.0,0.0,0.0,0.0,0.0,0.0,0.0,0.0,0.0,0.0,0.0,0.0,0.3306547274396658,0.33066601816166347,-0.0033517815508261194,-0.0033511838644296158
70.0,21.0,0.0,0.0,0.0,0.0,0.0,0.0,0.0,0.0,0.0,0.0,0.0,0.0,0.328176122144729,0.3281838750548866,-0.003486119668951074,-0.0034856895733821076
70.0,21.5,0.0,0.0,0.0,0.0,0.0,0.0,0.0,0.0,0.0,0.0,0.0,0.0,0.3259175163334624,0.32592274406699284,-0.003614154192340826,-0.0036138514399579793
70.0,22.0,0.0,0.0,0.0,0.0,0.0,0.0,0.0,0.0,0.0,0.0,0.0,0.0,0.32384406290063916,0.32384745995082603,-0.0037366534362732293,-0.0037364487298378367
70.0,22.5,0.0,0.0,0.0,0.0,0.0,0.0,0.0,0.0,0.0,0.0,0.0,0.0,0.3219293694130608,0.3219314211938267,-0.003854189867547268,-0.0038540615778811104
70.0,23.0,0.0,0.0,0.0,0.0,0.0,0.0,0.0,0.0,0.0,0.0,0.0,0.0,0.3201524757360748,0.32015352724745083,-0.003967227805095093,-0.003967159753761827
70.0,23.5,0.0,0.0,0.0,0.0,0.0,0.0,0.0,0.0,0.0,0.0,0.0,0.0,0.3184962765802756,0.3184965768584321,-0.004076161141656378,-0.0040761410707826715
70.0,24.0,0.0,0.0,0.0,0.0,0.0,0.0,0.0,0.0,0.0,0.0,0.0,0.0,0.31694657246343116,0.31694630388556616,-0.004181331827262124,-0.0041813503325890955
71.0,0.5,0.0,0.0,0.0,0.0,0.0,0.0,0.0,0.0,0.0,0.0,0.0,0.0,0.3154914346634596,0.3154907325791925,-0.004283040410393064,-0.004283090190253346
71.0,1.0,0.0,0.0,0.0,0.0,0.0,0.0,0.0,0.0,0.0,0.0,0.0,0.0,0.3141207491049248,0.3141197151917264,-0.004381552991763049,-0.004381628312887916
71.0,1.5,0.0,0.0,0.0,0.0,0.0,0.0,0.0,0.0,0.0,0.0,0.0,0.0,0.31282587384644023,0.31282458533335056,-0.004477106352583941,-0.004477202665819194
71.0,2.0,0.0,0.0,0.0,0.0,0.0,0.0,0.0,0.0,0.0,0.0,0.0,0.0,0.31159937455350734,0.31159789068492727,-0.004569912013819405,-0.004570025674423861
71.0,2.5,0.0,0.0,0.0,0.0,0.0,0.0,0.0,0.0,0.0,0.0,0.0,0.0,0.3104348163744192,0.3104331830034619,-0.004660159579497737,-0.004660287641158841
71.0,3.0,0.0,0.0,0.0,0.0,0.0,0.0,0.0,0.0,0.0,0.0,0.0,0.0,0.309326598015758,0.3093248509118862,-0.004748019548861062,-0.004748159610246393
71.0,3.5,0.0,0.0,0.0,0.0,0.0,0.0,0.0,0.0,0.0,0.0,0.0,0.0,0.3082698181065911,0.30826798536727784,-0.004833645708089282,-0.004833795797262123
71.0,4.0,0.0,0.0,0.0,0.0,0.0,0.0,0.0,0.0,0.0,0.0,0.0,0.0,0.30726016665696665,0.3072582704867274,-0.004917177177042665,-0.004917335663474031
71.0,4.5,0.0,0.0,0.0,0.0,0.0,0.0,0.0,0.0,0.0,0.0,0.0,0.0,0.3062938362478772,0.3062918942850151,-0.004998740167603571,-0.004998905694517938
71.0,5.0,0.0,0.0,0.0,0.0,0.0,0.0,0.0,0.0,0.0,0.0,0.0,0.0,0.3053674488812118,0.30536547519737284,-0.005078449498646044,-0.005078620930507966
71.0,5.5,0.0,0.0,0.0,0.0,0.0,0.0,0.0,0.0,0.0,0.0,0.0,0.0,0.3044779953570636,0.3044760012174552,-0.005156409904633305,-0.0051565862860222305
71.0,6.0,0.0,0.0,0.0,0.0,0.0,0.0,0.0,0.0,0.0,0.0,0.0,0.0,0.3036227847430129,0.30362077918971053,-0.005232717168725725,-0.00523289769185911
71.0,6.5,0.0,0.0,0.0,0.0,0.0,0.0,0.0,0.0,0.0,0.0,0.0,0.0,0.3027994020258091,0.30279739232900577,-0.005307459106361457,-0.005307643085245306
71.0,7.0,0.0,0.0,0.0,0.0,0.0,0.0,0.0,0.0,0.0,0.0,0.0,0.0,0.3020056724370173,0.3020036644467867,-0.005380716421203861,-0.0053809032709060504
71.0,7.5,0.0,0.0,0.0,0.0,0.0,0.0,0.0,0.0,0.0,0.0,0.022656464127911377,0.022656464127911377,0.3012396312530888,0.3012376296755482,-0.005452563451945909,-0.005452752671861641
71,8.0,1.7536305939435646,1.7767800402049203,0.08013392356500511,0.11918872006365346,15.84745992827494,16.676852533072655,True,False,0.05258506529269618,0.07895528526388493,0.12259898387642651,0.12259898387642651,0.30049661093367924,0.3004946195492367,-0.00552334597875714,-0.005523537150438861
71,8.5,2.090745727262146,2.121693878248613,0.09721631081031555,0.1489771354041178,15.81605873098201,16.711021008763673,True,True,0.06196043652367371,0.09629241104610288,0.17728729391324233,0.17728729391324233,0.2997549330645582,0.29974797803988396,-0.005595095160807607,-0.005595773220600143
71,9.0,5.314441342174279,5.379298752477281,0.25224076319081573,0.38416727438443493,31.540648537112652,33.341915817410836,False,False,0.154857705517794,0.23915762885626587,0.4352262583864099,0.4352262583864099,0.2990269249917018,0.2990133895770764,-0.005666604490227675,-0.0056679442969827295
71,9.5,5.87326561725931,5.926894338181697,0.29510650037091524,0.38020155146893897,31.316318754230345,32.52361766353687,False,False,0.16438651390446185,0.21531686448691767,0.5598424988286302,0.5598424988286302,0.2982677606254544,0.2982374309970332,-0.0057423371490029915,-0.005745387738035616
71,10.0,2.9427232051948446,2.971471111856103,0.13902687845718764,0.18026895044290106,15.78591393046587,16.375292867014636,False,False,0.08624065770385225,0.11364659064172436,0.27755835345223145,0.27755835345223145,0.2975074890277112,0.2974663346006344,-0.00581939195481891,-0.005823598059083453
71,10.5,2.961788854954055,3.0092524357974257,0.10837634612800165,0.21768221995873327,16.28045267530339,17.370886378460632,False,False,0.10613923386075041,0.22088867727519582,0.27768677800885566,0.27768677800885566,0.30199452206700145,0.30194813760248523,-0.005381754095360057,-0.005386073279586096
71,11.0,5.913896160916018,5.997986996916708,0.19288640850425948,0.4013799361344972,16.538748671493956,17.57245146568728,False,False,0.23984281371343213,0.5560967422684935,0.6051563813439487,0.6051563813439487,0.30117649259753154,0.3011162058978837,-0.005458536060387954,-0.005464246163807109
71,11.5,3.178869156836642,3.214174070708051,0.11136221786127942,0.17955086833317657,16.352743788450283,17.14793197946078,False,False,0.11775383189297794,0.19611096628744798,0.27612884386636277,0.27612884386636277,0.300337679106162,0.30025085227889375,-0.005538628160703972,-0.005546998323120667
71,12.0,3.0870117882903534,3.122299455656494,0.11779195083823067,0.18966996810513612,16.189544720326893,17.037783725265545,False,False,0.10627398949838103,0.17505694562847307,0.23610607002432035,0.23610607002432035,0.3021616266569798,0.30206614576976354,-0.00536622798573484,-0.0053750928110342195
71,12.5,3.1102606845509535,3.1534112243439982,0.131354780805017,0.2016338842095662,16.013532752459565,16.85495680716512,True,False,0.09949478333766278,0.15682116499466983,0.34595563761689163,0.34595563761689163,0.3013533414423789,0.3012487410847707,-0.005441826650227982,-0.005451702349272128
71,13.0,5.766582174035271,5.844301303288157,0.2744867562657639,0.38090769001526575,31.57895206379296,33.04977423712444,True,True,0.1692199236973757,0.24144173183480372,0.8863626337528228,0.8863626337528228,0.3005610136467355,0.300447504764416,-0.0055171676059355,-0.005528062441405765
71,13.5,5.831156301186464,5.887445526944276,0.3185724908966299,0.39018386315419523,30.971893676732346,32.01212893918749,True,True,0.1538827842393536,0.1923793548989321,0.8276394262113846,0.8276394262113846,0.2997099300972047,0.2995829172340696,-0.0055994843268180215,-0.005611894112449238
71,14.0,5.249363963203524,5.306963986640721,0.29135265517792885,0.38850001270913254,30.859808173392345,32.2759994615939,False,False,0.13600065557653096,0.18300817421061488,0.48160868203916346,0.48160868203916346,0.29888631265692317,0.2987502449684771,-0.005680541464802713,-0.005694066890179607
71,14.5,5.017021220992543,5.075548511032546,0.28090582359801014,0.3841317481894596,30.811926762338,32.349736833010894,False,False,0.12897535974719965,0.17783034624951322,0.43032112927532973,0.43032112927532973,0.29813356376909433,0.2979852032805087,-0.005755849463028177,-0.005770832034013139
71,15.0,5.098104107024927,5.153167482997083,0.2890864679286176,0.38408760236331124,30.75432683047689,32.124935227860796,False,False,0.12985112013391004,0.17420641456769098,0.4560685983857834,0.4560685983857834,0.2974100448210045,0.29724863558662484,-0.005829356907985811,-0.005845907895085195
71,15.5,4.505332869423492,4.560489664372272,0.24833072214549384,0.383741337795735,30.858633142084557,32.83344440294135,False,False,0.11670194536922922,0.18123242911375673,0.26327267357554485,0.26327267357554485,0.29670190692456677,0.2965285177679299,-0.005902387286952536,-0.005920434750428567
71,16.0,2.8122844114810492,2.847144058766936,0.14905416853459502,0.2637850505126394,15.504796220201962,16.744968400444424,False,False,0.07468254766443602,0.13282676777468444,0.17858913837661564,0.17858913837661564,0.2960418047784442,0.2958513085366197,-0.005971447401809244,-0.005991555906662386
71,16.5,2.683809663340204,2.721163923157922,0.13781430274651837,0.2976201995249453,15.564388962407559,17.077334127273065,False,False,0.07271758718742842,0.15769032006600878,0.10952159451599809,0.10952159451599809,0.29542217251868896,0.2952172280183363,-0.0060371512341885975,-0.006059072217079292
71,17.0,2.4355984398323884,2.4748592025598057,0.12336119874809838,0.3496898363501329,15.580222908716964,17.409559251268384,False,False,0.06635020200654786,0.1887998350146254,0.08287571907043217,0.08287571907043217,0.2948287068170444,0.2946035944363141,-0.0061008895457811295,-0.006125276187582271
71.0,17.5,0.0,0.0,0.0,0.0,0.0,0.0,0.0,0.0,0.0,0.0,0.0,0.0,0.29425544226449973,0.2940017098195333,-0.006163220967161028,-0.006191051536014072
71.0,18.0,0.0,0.0,0.0,0.0,0.0,0.0,0.0,0.0,0.0,0.0,0.0,0.0,0.29372255876273323,0.2934690732917908,-0.006221843309023238,-0.0062499622306994625
71.0,18.5,0.0,0.0,0.0,0.0,0.0,0.0,0.0,0.0,0.0,0.0,0.0,0.0,0.29320299921814524,0.29294978626611734,-0.00627964063136162,-0.006308040539408523
71.0,19.0,0.0,0.0,0.0,0.0,0.0,0.0,0.0,0.0,0.0,0.0,0.0,0.0,0.29269606291410694,0.2924431481380553,-0.006336651321758752,-0.006365324934353593
71.0,19.5,0.0,0.0,0.0,0.0,0.0,0.0,0.0,0.0,0.0,0.0,0.0,0.0,0.29220111329891374,0.29194852235157087,-0.006392909932550794,-0.0064218500482399665
71.0,20.0,0.0,0.0,0.0,0.0,0.0,0.0,0.0,0.0,0.0,0.0,0.0,0.0,0.29171756913711955,0.29146532753727566,-0.0064484477661054225,-0.0064776472646136535
71.0,20.5,0.0,0.0,0.0,0.0,0.0,0.0,0.0,0.0,0.0,0.0,0.0,0.0,0.2912448972420327,0.29099303024442913,-0.006503293350283517,-0.006532745196438394
71.0,21.0,0.0,0.0,0.0,0.0,0.0,0.0,0.0,0.0,0.0,0.0,0.0,0.0,0.29078260645779175,0.2905311389302554,-0.006557472827367794,-0.0065871700767750055
71.0,21.5,0.0,0.0,0.0,0.0,0.0,0.0,0.0,0.0,0.0,0.0,0.0,0.0,0.29033024263710994,0.29007919894935275,-0.006611010274323322,-0.0066409460798517546
71.0,22.0,0.0,0.0,0.0,0.0,0.0,0.0,0.0,0.0,0.0,0.0,0.0,0.0,0.2898873844185835,0.2896367883448904,-0.00666392796820507,-0.006694095586643576
71.0,22.5,0.0,0.0,0.0,0.0,0.0,0.0,0.0,0.0,0.0,0.0,0.0,0.0,0.2894536396508956,0.28920351428746427,-0.0067162466074730445,-0.006746639405938301
71.0,23.0,0.0,0.0,0.0,0.0,0.0,0.0,0.0,0.0,0.0,0.0,0.0,0.0,0.2890286423441524,0.2887790100409223,-0.006767985497653231,-0.00679859695948245
71.0,23.5,0.0,0.0,0.0,0.0,0.0,0.0,0.0,0.0,0.0,0.0,0.0,0.0,0.28861205005373053,0.28836293235996224,-0.006819162708002982,-0.006849986437974917
71.0,24.0,0.0,0.0,0.0,0.0,0.0,0.0,0.0,0.0,0.0,0.0,0.0,0.0,0.28820354162136025,0.28795495924389786,-0.006869795204466636,-0.006900824933271119
72.0,0.5,0.0,0.0,0.0,0.0,0.0,0.0,0.0,0.0,0.0,0.0,0.0,0.0,0.2878028152131642,0.2875547879861502,-0.006919898963141026,-0.006951128551070359
72.0,1.0,0.0,0.0,0.0,0.0,0.0,0.0,0.0,0.0,0.0,0.0,0.0,0.0,0.2874095866060796,0.2871621334708344,-0.006969489067637049,-0.007000912507508532
72.0,1.5,0.0,0.0,0.0,0.0,0.0,0.0,0.0,0.0,0.0,0.0,0.0,0.0,0.2870235876832769,0.2867767266770735,-0.007018579793069175,-0.007050191212411367
72.0,2.0,0.0,0.0,0.0,0.0,0.0,0.0,0.0,0.0,0.0,0.0,0.0,0.0,0.2866445651064581,0.2863983133589803,-0.007067184678886597,-0.007098978341436732
72.0,2.5,0.0,0.0,0.0,0.0,0.0,0.0,0.0,0.0,0.0,0.0,0.0,0.0,0.28627227913868764,0.2860266528750449,-0.0071153165923494984,-0.007147286898917786
72.0,3.0,0.0,0.0,0.0,0.0,0.0,0.0,0.0,0.0,0.0,0.0,0.0,0.0,0.2859065025960259,0.28566151714529797,-0.0071629877841253384,-0.007195129272885538
72.0,3.5,0.0,0.0,0.0,0.0,0.0,0.0,0.0,0.0,0.0,0.0,0.0,0.0,0.2855470199099456,0.28530268971833034,-0.007210209937217228,-0.0072425172834840075
72.0,4.0,0.0,0.0,0.0,0.0,0.0,0.0,0.0,0.0,0.0,0.0,0.0,0.0,0.2851936262855096,0.2849499649332518,-0.007256994210224573,-0.0072894622257763985
72.0,4.5,0.0,0.0,0.0,0.0,0.0,0.0,0.0,0.0,0.0,0.0,0.0,0.0,0.2848461269427235,0.28460314716409685,-0.007303351275764628,-0.0073359749077688665
72.0,5.0,0.0,0.0,0.0,0.0,0.0,0.0,0.0,0.0,0.0,0.0,0.0,0.0,0.2845043364304637,0.28426205013617195,-0.007349291354744518,-0.00738206568433756
72.0,5.5,0.0,0.0,0.0,0.0,0.0,0.0,0.0,0.0,0.0,0.0,0.0,0.0,0.2841680780040134,0.28392649630545924,-0.007394824247059723,-0.007427744487630991
72.0,6.0,0.0,0.0,0.0,0.0,0.0,0.0,0.0,0.0,0.0,0.0,0.0,0.0,0.28383718305858147,0.28359631629352766,-0.007439959359201858,-0.007473020854426762
72.0,6.5,0.0,0.0,0.0,0.0,0.0,0.0,0.0,0.0,0.0,0.0,0.0,0.0,0.28351149061229297,0.28327134837150875,-0.007484705729182543,-0.007517903950844881
72.0,7.0,0.0,0.0,0.0,0.0,0.0,0.0,0.0,0.0,0.0,0.0,0.0,0.0,0.2831908468330658,0.2829514379876108,-0.0075290720491166955,-0.0075624025947574215
72.0,7.5,0.0,0.0,0.0,0.0,0.0,0.0,0.0,0.0,0.0,0.0,0.02351656845921875,0.02351656845921875,0.28287510460455917,0.2826364373334139,-0.0075730666857569615,-0.007606525276181847
72,8.0,0.0532316702914807,0.05461778766765256,0.001334559975285652,0.11126790122427532,16.89017385934918,18.462250449722305,True,True,0.0026301295162415566,0.23840831615931493,0.14563324178207543,0.14563324178207543,0.28256112634516906,0.282323208162964,-0.007617119605506266,-0.007650704299514567
72,8.5,0.6624441183734117,0.6772421849446759,0.018006420289295708,0.4518776589859788,33.78034616428634,36.84576096340962,True,True,0.0327307751016291,0.9950463775105434,0.8722347143264287,0.8722347143264287,0.2822360422510306,0.28198487092359253,-0.007663052840322032,-0.007698768581408352
72,9.0,1.4275034371268296,1.458645803698452,0.0390352516338993,0.4207225573182488,33.780345989503004,36.69174891096506,True,True,0.07053167604858021,0.9167529125318441,0.9612319567495479,0.9612319567495479,0.2818207374225021,0.28151503890921864,-0.0077222149949298215,-0.0077661111199156955
72,9.5,2.2054285036142796,2.258306479628363,0.06752956857950675,0.40588287951082497,33.348218751246506,36.388436145272266,True,True,0.09607369189871509,0.6608099575552384,0.8954683490749045,0.8954683490749045,0.2813957843769521,0.28104221430781634,-0.007783315789527763,-0.00783459236663266
72,10.0,3.226908186577678,3.318451272238147,0.160154816428248,0.37004628704415166,31.547710927756047,34.64735314174287,True,True,0.0941507938757645,0.2349915998181231,1.6476726453815442,1.6476726453815442,0.2809798344401889,0.2805839201216668,-0.007843680738732168,-0.007901656845959318
72,10.5,3.9310583076633225,4.0171233229045,0.2384111989356339,0.35698510042862025,30.630532338732095,32.754378603970125,True,True,0.09817990332114464,0.15614540640199764,1.7092591823211634,1.7092591823211634,0.28046036515227024,0.2800384814630935,-0.007919854176103044,-0.00798236719577239
72,11.0,4.646000002414335,4.724233979090484,0.3158178695592389,0.40051847910734373,30.116832841908447,31.639388640728228,True,True,0.10737598032571465,0.14494545140457912,2.0172585428439893,2.0172585428439893,0.2799271053439864,0.2794908933072347,-0.0079989684343598,-0.008064385634990266
72,11.5,5.072869266071715,5.096954480886537,0.38025224601691743,0.3947519883239797,29.564023282972826,29.90266273942362,True,True,0.10852552658058313,0.11774897741154677,1.920272240198313,1.920272240198313,0.27934865699369554,0.2789024369380727,-0.008085853996693043,-0.008153647267306408
72,12.0,5.498905617985193,5.496248161550921,0.4404832360290745,0.42201804505076485,29.26345886766947,29.08653155723942,True,True,0.11306955429354568,0.11390173795860044,2.275719987463485,2.275719987463485,0.2787781805853879,0.2783309017897615,-0.008172645678065521,-0.008241471272167872
72,12.5,6.183086538684212,6.060867905145554,0.5372667612493004,0.4274103307853416,28.81930206614278,27.08900953699639,True,True,0.12023508703094642,0.09996937440059425,2.401064661677918,2.401064661677918,0.278158459753799,0.27771432606830504,-0.008268190315711478,-0.008337483288918422
72,13.0,6.421372516561092,6.241625321395204,0.5775981498060136,0.4360764124563567,28.629466279320987,26.384398841659063,True,True,0.12203684430299791,0.09605315523685735,2.3371426978216645,2.29160318145461,0.2775140659015472,0.27708472626693537,-0.008368953747918333,-0.008436901835314991
72,13.5,6.8989005978812665,6.604908586205292,0.6429900436434915,0.4398851833765134,28.42168377840453,25.124985585637354,True,True,0.12793638960519294,0.09090830370930938,2.1913384807187293,2.1287011574903625,0.27687622199186,0.27647151720363844,-0.008470137139280916,-0.008535092874817289
72,14.0,6.9928354495841125,6.66133365396788,0.6683897395728243,0.4467406707887913,28.256523949726088,24.607864440533238,True,True,0.12722880226448033,0.08783420623628943,1.964402088076679,1.9135106883411381,0.2762520827534439,0.2758820413806666,-0.008570560547981755,-0.008630769746634362
72,14.5,7.268790635115247,6.808912205577098,0.7233205473088622,0.4511174836707133,28.000328859306684,23.42964604721809,True,True,0.12848480643876753,0.08215807332374658,1.8522947473662597,1.8099740939984734,0.2756570004449207,0.27532249051602353,-0.00866763247268021,-0.008722773993074263
72,15.0,7.423288641956059,6.885670502946246,0.7616460059231857,0.45622270916906404,27.805678796449854,22.651685053180245,True,True,0.12843782143066124,0.07851981799362405,1.608953009562235,1.5785667249176523,0.27507249898793623,0.2747788719089406,-0.008764256302194086,-0.00881327982693308
72,15.5,7.554994424626193,6.9546478787500945,0.7909551396384168,0.45989826822468977,27.667126936638134,21.984177487220386,False,True,0.1287760332467941,0.07602175520407171,1.3228244374586604,1.3040207106103354,0.27451734108691456,0.2742673103928176,-0.008857219929901253,-0.008899472143846673
72,16.0,7.509935525294532,6.873703395468128,0.7957517494362555,0.4496786351461346,27.56463818337332,21.352863692958337,False,True,0.12661754900880698,0.07224921151933891,1.0310559064413864,1.021870480689739,0.27399805401379046,0.27379341093342324,-0.00894524212115684,-0.008980216368015966
72,16.5,7.094341645367392,6.644443577401386,0.7407427579032447,0.45896127325487024,27.605692769455317,22.16725747427217,False,False,0.12013335023728819,0.07470224246730409,0.7108758305977095,0.7086627806912208,0.2735184086646612,0.2733598413904025,-0.009027472186140906,-0.009054854726254679
72,17.0,6.272519575649593,6.064905745803474,0.5972782279753723,0.43405068479430486,28.076419045069876,23.979950725662018,False,False,0.11181989846781665,0.08118091459156536,0.4131171664219519,0.41385447556342436,0.2730895777693418,0.2729680048977535,-0.00910175423120708,-0.009122945416561083
72.0,17.5,0.0,0.0,0.0,0.0,0.0,0.0,0.0,0.0,0.0,0.0,0.0,0.0,0.2727199095760437,0.27261984709578785,-0.009166373214211989,-0.009183958309116995
72.0,18.0,0.0,0.0,0.0,0.0,0.0,0.0,0.0,0.0,0.0,0.0,0.0,0.0,0.27248187086165987,0.2723826114679012,-0.009208272382587266,-0.009225811243049428
72.0,18.5,0.0,0.0,0.0,0.0,0.0,0.0,0.0,0.0,0.0,0.0,0.0,0.0,0.27224664183108693,0.2721481844679836,-0.009249901351764072,-0.009267392101348226
72.0,19.0,0.0,0.0,0.0,0.0,0.0,0.0,0.0,0.0,0.0,0.0,0.0,0.0,0.27201416221471103,0.2719165055011409,-0.009291264252380827,-0.009308705096132004
72.0,19.5,0.0,0.0,0.0,0.0,0.0,0.0,0.0,0.0,0.0,0.0,0.0,0.0,0.27178437366892433,0.27168751590919044,-0.009332365102952185,-0.009349754326223135
72.0,20.0,0.0,0.0,0.0,0.0,0.0,0.0,0.0,0.0,0.0,0.0,0.0,0.0,0.27155721968505026,0.2714611588807731,-0.009373207815873159,-0.009390543782890748
72.0,20.5,0.0,0.0,0.0,0.0,0.0,0.0,0.0,0.0,0.0,0.0,0.0,0.0,0.27133264550471925,0.27123737936759806,-0.009413796202874929,-0.009431077355095721
72.0,21.0,0.0,0.0,0.0,0.0,0.0,0.0,0.0,0.0,0.0,0.0,0.0,0.0,0.2711105980410677,0.2710161240062418,-0.009454133979994882,-0.009471358834294325
72.0,21.5,0.0,0.0,0.0,0.0,0.0,0.0,0.0,0.0,0.0,0.0,0.0,0.0,0.2708910258052015,0.27079734104499203,-0.00949422477211682,-0.009511391918848958
72.0,22.0,0.0,0.0,0.0,0.0,0.0,0.0,0.0,0.0,0.0,0.0,0.0,0.0,0.2706738788374361,0.2705809802752834,-0.009534072117129361,-0.009551180218089147
72.0,22.5,0.0,0.0,0.0,0.0,0.0,0.0,0.0,0.0,0.0,0.0,0.0,0.0,0.2704591086428781,0.27036699296732464,-0.009573679469744733,-0.009590727256060184
72.0,23.0,0.0,0.0,0.0,0.0,0.0,0.0,0.0,0.0,0.0,0.0,0.0,0.0,0.2702466681309636,0.27015533180955864,-0.009613050205015463,-0.009630036474992635
72.0,23.5,0.0,0.0,0.0,0.0,0.0,0.0,0.0,0.0,0.0,0.0,0.0,0.0,0.2700365115586112,0.26994595085163714,-0.009652187621581149,-0.009669111238521657
72.0,24.0,0.0,0.0,0.0,0.0,0.0,0.0,0.0,0.0,0.0,0.0,0.0,0.0,0.26982859447668417,0.2697388054506253,-0.009691094944674229,-0.00970795483468153
73.0,0.5,0.0,0.0,0.0,0.0,0.0,0.0,0.0,0.0,0.0,0.0,0.0,0.0,0.2696228736794909,0.26953385222018006,-0.009729775328909646,-0.009746570478698258
73.0,1.0,0.0,0.0,0.0,0.0,0.0,0.0,0.0,0.0,0.0,0.0,0.0,0.0,0.2694193071570788,0.26933104898247356,-0.009768231860880843,-0.009784961315599859
73.0,1.5,0.0,0.0,0.0,0.0,0.0,0.0,0.0,0.0,0.0,0.0,0.0,0.0,0.269217854050104,0.26913035472265484,-0.00980646756158151,-0.009823130422662052
73.0,2.0,0.0,0.0,0.0,0.0,0.0,0.0,0.0,0.0,0.0,0.0,0.0,0.0,0.26901847460708134,0.2689317295456637,-0.009844485388670209,-0.009861080811704875
73.0,2.5,0.0,0.0,0.0,0.0,0.0,0.0,0.0,0.0,0.0,0.0,0.0,0.0,0.2688211301438353,0.26873513463522825,-0.00988228823859363,-0.009898815431254008
73.0,3.0,0.0,0.0,0.0,0.0,0.0,0.0,0.0,0.0,0.0,0.0,0.0,0.0,0.26862578300499657,0.26854053221489393,-0.009919878948581195,-0.009936337168579093
73.0,3.5,0.0,0.0,0.0,0.0,0.0,0.0,0.0,0.0,0.0,0.0,0.0,0.0,0.26843239652739576,0.26834788551094535,-0.009957260298523753,-0.009973648851619887
73.0,4.0,0.0,0.0,0.0,0.0,0.0,0.0,0.0,0.0,0.0,0.0,0.0,0.0,0.2682409350052263,0.26815715871709445,-0.009994435012746546,-0.010010753250810037
73.0,4.5,0.0,0.0,0.0,0.0,0.0,0.0,0.0,0.0,0.0,0.0,0.0,0.0,0.26805136365685667,0.26796831696082124,-0.010031405761685853,-0.010047653080806873
73.0,5.0,0.0,0.0,0.0,0.0,0.0,0.0,0.0,0.0,0.0,0.0,0.0,0.0,0.267863648593184,0.2677813262712611,-0.01006817516347799,-0.010084351002135242
73.0,5.5,0.0,0.0,0.0,0.0,0.0,0.0,0.0,0.0,0.0,0.0,0.0,0.0,0.2676777567874298,0.267596153548543,-0.01010474578546792,-0.010120849622752035
73.0,6.0,0.0,0.0,0.0,0.0,0.0,0.0,0.0,0.0,0.0,0.0,0.0,0.0,0.2674936560462885,0.26741276653449003,-0.010141120145644156,-0.010157151499537808
73.0,6.5,0.0,0.0,0.0,0.0,0.0,0.0,0.0,0.0,0.0,0.0,0.0,0.0,0.2673113149823467,0.2672311337846026,-0.010177300714005855,-0.010193259139720684
73.0,7.0,0.0,0.0,0.0,0.0,0.0,0.0,0.0,0.0,0.0,0.0,0.0,0.0,0.2671307029876945,0.2670512246412469,-0.010213289913867803,-0.010229175002238062
73.0,7.5,0.0,-0.03207449117084944,0.0,0.31772653556683045,0.0,0.0,0.0,0.0,0.0,0.3877733287368202,0.11376980884808428,0.11429919193916038,0.2669517902086628,0.26687300920798385,-0.010249090123107433,-0.010264901499039898
73,8.0,0.17468096658336013,0.18177695747582107,0.007157143604639351,0.3210950513620494,32.1074911714758,36.85031652445893,True,True,0.0056797598300820104,0.2633652283618286,0.2915512196409344,0.2912469719987066,0.26676004951778365,0.26664140408238957,-0.010287623292236,-0.010311553327516291
73,8.5,0.8945211934231475,0.9293367425788007,0.044514188091355045,0.39073088608727163,31.356337162786005,36.28994598423842,True,True,0.025214234282977352,0.2291460983257893,0.47934418213704727,0.47613217944602215,0.26654638326665603,0.26638845685206447,-0.010330766264760078,-0.010362792976420407
73,9.0,1.8782576109397133,1.9522311900567022,0.11880627285683451,0.36945797711374345,30.319608823627178,34.72822315319377,True,True,0.04472697208018071,0.14390834695982438,0.7360143653260162,0.7264438723339309,0.266305639465582,0.26610468364292866,-0.010379635220897071,-0.010420638582467596
73,9.5,2.846353531244895,2.9396606587441276,0.21337392772122882,0.3890804789416088,29.499672278236226,32.724820529626776,True,True,0.060370509839331614,0.11367384019000104,0.953921452995583,0.9370748320102973,0.2660243070942748,0.26579330464260154,-0.010437092762405748,-0.0104845547436146
73,10.0,3.48095847322646,3.5578439824426287,0.2971908214551228,0.39940969078283567,28.827211522616725,30.76481004691702,True,True,0.06775554280109856,0.09357604828382898,1.1338293145305895,1.1099666556713683,0.2657047156435349,0.26545413862198497,-0.01050282451339363,-0.010554706936966047
73,10.5,4.110896398441038,4.148367212134675,0.38734179337038926,0.42431232914428774,28.30492925876117,28.987229407527416,True,True,0.07521070502171284,0.08462890352545205,1.2734196487019978,1.243943441204819,0.26535305165734857,0.2650931532433092,-0.010575723582177425,-0.010629987486161462
73,11.0,4.837238266969306,4.765394521284804,0.4953627629580657,0.4287432858935703,27.852414993538407,26.580831914904373,True,True,0.08412155175464521,0.07477541857990946,1.3732711147295777,1.3402245391076943,0.26497362054322277,0.2647134252245237,-0.010655055926848279,-0.010709868146448413
73,11.5,5.662490437703848,5.4132478080553454,0.6286384134067279,0.45279754884586554,27.381879881417387,24.215901660084743,True,True,0.09365555377689996,0.06899126315303061,1.4433695457268771,1.41028925210511,0.2645691845008051,0.2643223423853056,-0.010740398336198451,-0.010792886203546966
73,12.0,6.127709901964148,5.812929984581716,0.6678849929524888,0.45850831919284113,27.488957922024206,23.846389580892307,True,True,0.10249114522161193,0.0719927615063872,1.452780816055503,1.4246027997765442,0.2641402927258209,0.2639207208632656,-0.010831792655408824,-0.010878940651841263
73,12.5,6.437500343996302,6.039769454833891,0.7023673671903107,0.4562573033494769,27.48466998312054,23.25466385834904,True,True,0.10762413220962133,0.07154391825582457,1.424511833377844,1.4032817416125347,0.263706637649499,0.2635179792668969,-0.010925145697363945,-0.010966057290731744
73,13.0,7.118349857607722,6.499542077370931,0.808867104134458,0.4710675013271906,27.25214988608745,21.700983869571072,True,True,0.11616806091044836,0.0691206735069457,1.378428714669517,1.3656925657160435,0.2632736051346714,0.2631196502657254,-0.011019322837674522,-0.011053038244567567
73,13.5,7.4001267206139865,6.66011034742696,0.8400719784147774,0.46161805097314007,27.25062063517631,20.998943466994454,True,True,0.12074758152289519,0.06769724310380368,1.2763856076279103,1.2752871936192345,0.26283426548130606,0.2627256103772578,-0.011115861867034721,-0.011139892594361444
73,14.0,7.644746877582477,6.832628214207816,0.8740519875411445,0.470740439695214,27.19690939334022,20.629380500367194,True,True,0.1240555926740951,0.06801271186029846,1.146610844359248,1.1572331626374655,0.26240532293502966,0.26234565968395135,-0.011211090028381188,-0.011224412543865412
73,14.5,7.758233356442682,6.904757023971549,0.8782417242211562,0.4630502042110689,27.24807304555312,20.4072372644892,True,True,0.12655772325663822,0.0678000463540083,1.0042733890789175,1.0252855878016642,0.26198993634037543,0.2619809334569916,-0.01130423650014065,-0.011306265497638404
73,15.0,8.047457945167032,7.128955624659578,0.9101228396758319,0.47011442119775104,27.236373056484254,20.073586219426137,False,True,0.13111844598972283,0.06862280460147903,0.8550017609228954,0.8839878806544432,0.2615934818963073,0.26163532373533305,-0.01139399883611469,-0.011384485326957032
73,15.5,8.120225383738129,7.178442788776493,0.9126819231345635,0.4649708658972944,27.25163970990694,19.813697017451435,False,True,0.1325112546802617,0.06818444740779402,0.6957279637444321,0.7296682913486852,0.26121329396043486,0.26130812136355913,-0.011480877010102693,-0.011459133979080174
73,16.0,7.8001875986614735,7.057382548898648,0.8433238248573532,0.45907953980569344,27.44891434652034,20.66380406148073,False,True,0.12991777109846608,0.07119521819029656,0.5289295500944475,0.5634024899212804,0.2608543636818659,0.26100252141143554,-0.011563622745474053,-0.011529381476512215
73,16.5,7.414015636837173,6.869775995165345,0.7788429763879777,0.4572438957490035,27.583751790628135,21.5518054396456,False,False,0.12525407082857795,0.07373123390628278,0.370173066421758,0.3999721593497063,0.2605267949445434,0.2607201219326709,-0.011639759389689164,-0.011594752516434154
73,17.0,6.688807308696394,6.326979979364547,0.6907511307142912,0.4374534214832463,27.65044296690751,22.10840715334986,False,False,0.1138082873813856,0.07196041107749382,0.21872118506401192,0.2393837570059433,0.2602289222408578,0.26046002561957143,-0.011709512823325767,-0.011655351747741207
73.0,17.5,0.0,0.0,0.0,0.0,0.0,0.0,0.0,0.0,0.0,0.0,0.0,0.0,0.259962804773041,0.26022413961748986,-0.01177225166555368,-0.011710636835733984
73.0,18.0,0.0,0.0,0.0,0.0,0.0,0.0,0.0,0.0,0.0,0.0,0.0,0.0,0.2598137950431528,0.2600757106610584,-0.011807556541157588,-0.011745584608469658
73.0,18.5,0.0,0.0,0.0,0.0,0.0,0.0,0.0,0.0,0.0,0.0,0.0,0.0,0.2596659784847648,0.2599284695638474,-0.011842703429453608,-0.011780375542511556
73.0,19.0,0.0,0.0,0.0,0.0,0.0,0.0,0.0,0.0,0.0,0.0,0.0,0.0,0.2595193375035877,0.2597823987688585,-0.011877694033643296,-0.011815011342446417
73.0,19.5,0.0,0.0,0.0,0.0,0.0,0.0,0.0,0.0,0.0,0.0,0.0,0.0,0.25937385487505954,0.25963748108994006,-0.01191253002913895,-0.011849493684635812
73.0,20.0,0.0,0.0,0.0,0.0,0.0,0.0,0.0,0.0,0.0,0.0,0.0,0.0,0.25922951373432984,0.25949369970166586,-0.01194721306416708,-0.011883824217841833
73.0,20.5,0.0,0.0,0.0,0.0,0.0,0.0,0.0,0.0,0.0,0.0,0.0,0.0,0.2590862975665786,0.2593510381295572,-0.011981744760354476,-0.011918004563833918
73.0,21.0,0.0,0.0,0.0,0.0,0.0,0.0,0.0,0.0,0.0,0.0,0.0,0.0,0.25894419019765696,0.259209480240631,-0.012016126713297687,-0.011952036317978493
73.0,21.5,0.0,0.0,0.0,0.0,0.0,0.0,0.0,0.0,0.0,0.0,0.0,0.0,0.2588031757850385,0.2590690102342636,-0.012050360493116065,-0.011985921049811497
73.0,22.0,0.0,0.0,0.0,0.0,0.0,0.0,0.0,0.0,0.0,0.0,0.0,0.0,0.2586632388090636,0.2589296126333546,-0.012084447644989968,-0.012019660303594831
73.0,22.5,0.0,0.0,0.0,0.0,0.0,0.0,0.0,0.0,0.0,0.0,0.0,0.0,0.25852436406447193,0.25879127227578136,-0.012118389689683626,-0.012053255598857076
73.0,23.0,0.0,0.0,0.0,0.0,0.0,0.0,0.0,0.0,0.0,0.0,0.0,0.0,0.2583865366522051,0.2586539743061303,-0.012152188124054206,-0.012086708430919416
73.0,23.5,0.0,0.0,0.0,0.0,0.0,0.0,0.0,0.0,0.0,0.0,0.0,0.0,0.2582497419714737,0.2585177041676957,-0.012185844421546951,-0.012120020271407015
73.0,24.0,0.0,0.0,0.0,0.0,0.0,0.0,0.0,0.0,0.0,0.0,0.0,0.0,0.2581139657120758,0.25838244759473483,-0.012219360032677226,-0.012153192568746576
74.0,0.5,0.0,0.0,0.0,0.0,0.0,0.0,0.0,0.0,0.0,0.0,0.0,0.0,0.25797919384695805,0.25824819060496934,-0.012252736385499933,-0.012186226748650554
74.0,1.0,0.0,0.0,0.0,0.0,0.0,0.0,0.0,0.0,0.0,0.0,0.0,0.0,0.25784541262501043,0.25811491949232407,-0.012285974886066605,-0.012219124214588449
74.0,1.5,0.0,0.0,0.0,0.0,0.0,0.0,0.0,0.0,0.0,0.0,0.0,0.0,0.2577126085640851,0.2579826208198937,-0.01231907691887076,-0.012251886348245627
74.0,2.0,0.0,0.0,0.0,0.0,0.0,0.0,0.0,0.0,0.0,0.0,0.0,0.0,0.25758076844423133,0.25785128141312885,-0.012352043847281882,-0.012284514509970257
74.0,2.5,0.0,0.0,0.0,0.0,0.0,0.0,0.0,0.0,0.0,0.0,0.0,0.0,0.25744987930113905,0.25772088835323337,-0.012384877013968251,-0.012317010039208562
74.0,3.0,0.0,0.0,0.0,0.0,0.0,0.0,0.0,0.0,0.0,0.0,0.0,0.0,0.257319928419782,0.25759142897076526,-0.01241757774130927,-0.012349374254928866
74.0,3.5,0.0,0.0,0.0,0.0,0.0,0.0,0.0,0.0,0.0,0.0,0.0,0.0,0.25719090332825423,0.25746289083943275,-0.012450147331797569,-0.012381608456034934
74.0,4.0,0.0,0.0,0.0,0.0,0.0,0.0,0.0,0.0,0.0,0.0,0.0,0.0,0.25706279179179264,0.2573352617700802,-0.012482587068430886,-0.012413713921768687
74.0,4.5,0.0,0.0,0.0,0.0,0.0,0.0,0.0,0.0,0.0,0.0,0.0,0.0,0.2569355818069789,0.2572085298048547,-0.012514898215094597,-0.01244569191210287
74.0,5.0,0.0,0.0,0.0,0.0,0.0,0.0,0.0,0.0,0.0,0.0,0.0,0.0,0.2568092615961137,0.2570826832115486,-0.012547082016934812,-0.012477543668123967
74.0,5.5,0.0,0.0,0.0,0.0,0.0,0.0,0.0,0.0,0.0,0.0,0.0,0.0,0.256683819601759,0.256957710478111,-0.012579139700722261,-0.0125092704124055
74.0,6.0,0.0,0.0,0.0,0.0,0.0,0.0,0.0,0.0,0.0,0.0,0.0,0.0,0.25655924448143935,0.25683360030732205,-0.012611072475207772,-0.012540873349372218
74.0,6.5,0.0,0.0,0.0,0.0,0.0,0.0,0.0,0.0,0.0,0.0,0.0,0.0,0.25643552510250006,0.25671034161162454,-0.012642881531468862,-0.012572353665655364
74.0,7.0,0.0,0.0,0.0,0.0,0.0,0.0,0.0,0.0,0.0,0.0,0.0,0.0,0.25631265053711444,0.2565879235081074,-0.012674568043248399,-0.01260371253043924
74.0,7.5,0.0,-0.03516939879410189,0.0,0.31606850391022356,0.0,0.0,0.0,0.0,0.0,0.4057774995805872,0.05095636411244906,0.05637756248805563,0.25619061005743543,0.25646633531363533,-0.012706133167285085,-0.012634951095799474
74,8.0,0.5774333397111144,0.5967096789125135,0.022575124806392573,0.4172526052235656,32.2673994413631,36.69921584599639,True,True,0.019409671874703983,0.37323186313853096,0.13589845615651996,0.14873795697499795,0.2560628996193855,0.2562981046998123,-0.012739265140011538,-0.012678325338856503
74,8.5,1.4006704847532485,1.4526760524904696,0.06888636994873808,0.4105495318891144,31.383260380316873,35.991076907852744,True,True,0.039670522060693256,0.24425135216771196,0.23366043379682813,0.2522593927929213,0.25592230117397885,0.2561060192947732,-0.012775859769065362,-0.012728067087075641
74,9.0,2.3431129773073636,2.4264169987527646,0.14007895824915528,0.37579748177766487,30.54181192569179,34.46876882758746,True,True,0.057716339942261885,0.1595836964231987,0.3399472209973342,0.3626239783118112,0.2557641461318699,0.25590239506763807,-0.012817173779673598,-0.01278105099892943
74,9.5,3.373913046431478,3.4634034886482974,0.23719043550551852,0.3817281172060407,29.781102661058238,32.35599316492214,True,True,0.07434970797432933,0.12307766030684666,0.4427258693995408,0.46834329660179297,0.25558416748022533,0.2556899244060793,-0.012864382459774917,-0.01283661720188611
74,10.0,4.285598149975954,4.341748145658519,0.34513566647880506,0.41024196991495493,29.09423522456153,30.20931628097112,True,True,0.08623504755786776,0.10511523202945816,0.5292182215555692,0.5570618957368784,0.25537949955874967,0.2554640052089204,-0.012918319163020341,-0.012896016560330096
74,10.5,4.987160276525983,4.971891244695357,0.4401306316700463,0.42568305606992785,28.61366343011144,28.286201347508534,True,True,0.09460134016617883,0.09367475841554045,0.5954181467942354,0.6255818923760365,0.25515082757786084,0.2552239165037162,-0.012978900745837301,-0.012959500717681184
74,11.0,5.623424666006931,5.499670142700749,0.5397632075210034,0.44278355753561305,28.164959616413626,26.3986350016268,True,True,0.10125316204441234,0.08503004582368401,0.6368493574874786,0.670128675895127,0.25490237829397333,0.25497388874400345,-0.013045105984269188,-0.013026009163468326
74,11.5,6.051161779542705,5.817203466308799,0.5981741550604002,0.4350735558890568,28.017729882589315,25.102254020900105,True,True,0.10716893272083682,0.079980481368399,0.6492240741698103,0.6868722914193717,0.2546367077830486,0.2547167561950091,-0.01311634591392677,-0.013094832133620499
74,12.0,6.7099157094937,6.269406838454037,0.7079265204395363,0.4466199756121663,27.650442641151496,23.105658391861787,True,True,0.11416744123845333,0.07377668723879816,0.6544715501264621,0.6987120940114032,0.25436276265748314,0.25445921448104314,-0.013190290655608632,-0.013164199345430559
74,12.5,7.280700660949635,6.668709596959289,0.7974341672242777,0.46370281361995114,27.448382564851354,21.919016412389833,True,True,0.12125858895844867,0.07232875710153236,0.6383769327667509,0.6917962489111936,0.254074899615314,0.2541994256848945,-0.013268528027711342,-0.013234615817177726
74,13.0,7.5568033129877445,6.83232818119444,0.827904269160061,0.4576322779458499,27.445725612818073,21.327099829054966,True,True,0.12582202297292774,0.07132272846093539,0.5893902498139413,0.6519797966360928,0.25377840936867363,0.2539390656000705,-0.013349688882873094,-0.013305637867860952
74,13.5,7.728265969213311,6.961222533740593,0.849533039440905,0.46486249336506585,27.417652574289757,21.14373343438774,True,True,0.1282999247554755,0.07180184876237945,0.5262747686895559,0.5968921844685006,0.25348499810430036,0.25368526872296276,-0.013430589883864282,-0.013375307083823978
74,14.0,8.129579321733797,7.206260459191464,0.9009680195615917,0.46663314703768766,27.36148558724768,20.365983514742652,False,True,0.1341758103619392,0.0709507654519043,0.4565738737455761,0.5330231279190097,0.25319758445823826,0.25343827767739385,-0.0135104041687588,-0.013443525750970619
74,14.5,8.295448674413539,7.308141162347987,0.9175576298435827,0.4640033911019685,27.357313106317996,19.996510647280793,False,True,0.13685418127075122,0.07047058162302644,0.3870292277404613,0.468442923913727,0.2529132009729662,0.2531998989080913,-0.01358993382635791,-0.013509759196503067
74,15.0,8.383515189419146,7.4534200175439675,0.9050529290967615,0.470069877105114,27.47610651465931,20.365594113685614,False,True,0.1400321901295552,0.07384446287829807,0.30938481385711697,0.39068704530853426,0.25263625995475986,0.25297077560994724,-0.013667918804887198,-0.013573787774896554
74,15.5,8.256133895352116,7.448789744526135,0.8507806729633081,0.4539122988939437,27.71754298462617,20.91925200647387,False,True,0.14149139744949588,0.07642179266565793,0.23556605379134765,0.3117262558249443,0.2523714930622625,0.252751470562685,-0.013742974664817444,-0.01363541157019094
74,16.0,7.973405620577603,7.28982808575438,0.8203023577833403,0.4575692374187444,27.69787162335348,21.327009640675406,False,False,0.13635710839414583,0.0766356561392335,0.17281209869784156,0.2402595928055931,0.2521237273868182,0.2525449614742258,-0.013813656222559076,-0.013693744709990269
74,16.5,7.575460150701408,7.048135932995856,0.7560380382964484,0.44663779736977677,27.83736156888014,21.917444517261593,False,False,0.13152391261496887,0.07796275291441637,0.11426852369261174,0.16750100094444936,0.25188851296299797,0.2523477605486327,-0.013881158328998411,-0.013749726286399483
74,17.0,6.707275754327884,6.4252167569274246,0.6456555600841133,0.4419811005243742,28.0057223748427,23.214060493834562,False,False,0.11863043259720746,0.08114224937300407,0.06364820681536257,0.0984548660640965,0.25166961100653695,0.2521618838077171,-0.013944332416293975,-0.013802742952303677
74,17.5,5.625407602910006,5.516008864659121,0.5195358968187114,0.41201981783615044,14.100243805597062,12.850886184049434,False,False,0.10169782082753666,0.08027133352627067,0.023920412264867814,0.03878723318929604,0.25147188123859093,0.2519860510313132,-0.01400169096841659,-0.01385311915245433
74.0,18.0,0.0,0.0,0.0,0.0,0.0,0.0,0.0,0.0,0.0,0.0,0.0,0.0,0.25129593359085134,0.2518222843251667,-0.014052967346489989,-0.013900235560722972
74.0,18.5,0.0,0.0,0.0,0.0,0.0,0.0,0.0,0.0,0.0,0.0,0.0,0.0,0.25118988049617047,0.25171660234749793,-0.014083982448430411,-0.013930742106658553
74.0,19.0,0.0,0.0,0.0,0.0,0.0,0.0,0.0,0.0,0.0,0.0,0.0,0.0,0.25108446060595413,0.2516115503397747,-0.014114893232303409,-0.01396114589550043
74.0,19.5,0.0,0.0,0.0,0.0,0.0,0.0,0.0,0.0,0.0,0.0,0.0,0.0,0.25097966684036227,0.2515071212586361,-0.014145700572021178,-0.013991447790975187
74.0,20.0,0.0,0.0,0.0,0.0,0.0,0.0,0.0,0.0,0.0,0.0,0.0,0.0,0.2508754922337034,0.2514033081744696,-0.01417640533017358,-0.014021648645541127
74.0,20.5,0.0,0.0,0.0,0.0,0.0,0.0,0.0,0.0,0.0,0.0,0.0,0.0,0.2507719299320565,0.251300104269033,-0.014207008358221966,-0.01405174930058355
74.0,21.0,0.0,0.0,0.0,0.0,0.0,0.0,0.0,0.0,0.0,0.0,0.0,0.0,0.2506689731909539,0.25119750283313713,-0.014237510496688815,-0.014081750586605784
74.0,21.5,0.0,0.0,0.0,0.0,0.0,0.0,0.0,0.0,0.0,0.0,0.0,0.0,0.2505666153731219,0.2510954972643876,-0.014267912575343586,-0.014111653323416056
74.0,22.0,0.0,0.0,0.0,0.0,0.0,0.0,0.0,0.0,0.0,0.0,0.0,0.0,0.2504648499462791,0.2509940810649835,-0.014298215413384491,-0.014141458320310466
74.0,22.5,0.0,0.0,0.0,0.0,0.0,0.0,0.0,0.0,0.0,0.0,0.0,0.0,0.2503636704809887,0.2508932478395712,-0.014328419819616708,-0.014171166376252148
74.0,23.0,0.0,0.0,0.0,0.0,0.0,0.0,0.0,0.0,0.0,0.0,0.0,0.0,0.250263070648565,0.250792991293152,-0.014358526592626843,-0.01420077828004667
74.0,23.5,0.0,0.0,0.0,0.0,0.0,0.0,0.0,0.0,0.0,0.0,0.0,0.0,0.2501630442190318,0.2506933052290427,-0.014388536520953801,-0.01423029481051361
74.0,24.0,0.0,0.0,0.0,0.0,0.0,0.0,0.0,0.0,0.0,0.0,0.0,0.0,0.25006358505913073,0.2505941835468851,-0.014418450383256148,-0.014259716736654849
75.0,0.5,0.0,0.0,0.0,0.0,0.0,0.0,0.0,0.0,0.0,0.0,0.0,0.0,0.24996468713037895,0.2504956202407062,-0.014448268948476096,-0.014289044817819107
75.0,1.0,0.0,0.0,0.0,0.0,0.0,0.0,0.0,0.0,0.0,0.0,0.0,0.0,0.24986634448717407,0.2503976093970251,-0.014477992976000166,-0.01431827980386332
75.0,1.5,0.0,0.0,0.0,0.0,0.0,0.0,0.0,0.0,0.0,0.0,0.0,0.0,0.24976855127494557,0.25030014519300725,-0.014507623215816508,-0.014347422435310335
75.0,2.0,0.0,0.0,0.0,0.0,0.0,0.0,0.0,0.0,0.0,0.0,0.0,0.0,0.24967130172835056,0.25020322189466226,-0.014537160408669224,-0.01437647344350384
75.0,2.5,0.0,0.0,0.0,0.0,0.0,0.0,0.0,0.0,0.0,0.0,0.0,0.0,0.24957459016951355,0.25010683385508675,-0.014566605286209377,-0.014405433550759805
75.0,3.0,0.0,0.0,0.0,0.0,0.0,0.0,0.0,0.0,0.0,0.0,0.0,0.0,0.24947841100630844,0.25001097551274887,-0.014595958571143125,-0.014434303470514907
75.0,3.5,0.0,0.0,0.0,0.0,0.0,0.0,0.0,0.0,0.0,0.0,0.0,0.0,0.24938275873068136,0.2499156413898145,-0.014625220977376832,-0.014463083907471972
75.0,4.0,0.0,0.0,0.0,0.0,0.0,0.0,0.0,0.0,0.0,0.0,0.0,0.0,0.24928762791701364,0.24982082609051298,-0.014654393210159393,-0.01449177555774258
75.0,4.5,0.0,0.0,0.0,0.0,0.0,0.0,0.0,0.0,0.0,0.0,0.0,0.0,0.2491930132205239,0.24972652429954237,-0.01468347596622159,-0.014520379108986597
75.0,5.0,0.0,0.0,0.0,0.0,0.0,0.0,0.0,0.0,0.0,0.0,0.0,0.0,0.2490989093757077,0.24963273078051243,-0.014712469933912715,-0.014548895240549064
75.0,5.5,0.0,0.0,0.0,0.0,0.0,0.0,0.0,0.0,0.0,0.0,0.0,0.0,0.24900531119481353,0.24953944037442385,-0.014741375793334718,-0.014577324623594326
75.0,6.0,0.0,0.0,0.0,0.0,0.0,0.0,0.0,0.0,0.0,0.0,0.0,0.0,0.24891221356635537,0.24944664799818428,-0.014770194216473383,-0.014605667921237471
75.0,6.5,0.0,0.0,0.0,0.0,0.0,0.0,0.0,0.0,0.0,0.0,0.0,0.0,0.248819611453659,0.24935434864315814,-0.014798925867327263,-0.014633925788673117
75.0,7.0,0.0,0.0,0.0,0.0,0.0,0.0,0.0,0.0,0.0,0.0,0.0,0.0,0.24872749989344284,0.2492625373737509,-0.014827571402033913,-0.014662098873301768
75.0,7.5,0.0,-0.031894228042303,0.0,0.2981383520346047,0.0,0.0,0.0,0.0,0.0,0.6681173556510271,0.014742870550608394,0.024823229320753037,0.24863587399443127,0.24917120932602577,-0.014856131468993668,-0.014690187814853678
75,8.0,0.26366447244898966,0.2715550413602791,0.008405128717459853,0.29629794888351335,33.01475330761015,36.84904083551301,True,True,0.010524767969979193,0.3950155438036306,0.03572010061863606,0.058600011922075444,0.24854285021091516,0.24903920381189573,-0.014885194337802655,-0.014730900952353236
75,8.5,1.5125710278294955,1.5651348670960434,0.06952688106002214,0.39977746610742243,31.708207026400565,36.022968627739445,True,True,0.04547044105092177,0.2762550072344748,0.06591986399203413,0.10542718971862158,0.2484465582408095,0.24890360225933028,-0.014915349648971945,-0.014772863241510453
75,9.0,2.8257120199011587,2.91880238495112,0.17134913551937977,0.3876378594040508,30.512676192010943,34.01597129836868,True,True,0.06929127756948772,0.16354238651411307,0.09689217694682958,0.15080101102856217,0.24833910032145048,0.24874931575215398,-0.0149490877289241,-0.014820780978716287
75,9.5,4.1813874411297665,4.262015789079404,0.3120043062032219,0.41529003690596417,29.49715168593094,31.232392062372973,True,True,0.0886564820568588,0.12207487072945757,0.11103800420044677,0.17073559056169701,0.24821518680977692,0.24859125857233755,-0.01498810524295655,-0.014870061955437608
75,10.0,5.266668508121475,5.251529815606286,0.4586434881589174,0.44383250527408935,28.69184766095052,28.38603467760042,True,True,0.10084347085986595,0.10041789931834022,0.13363364236787187,0.20690812035646566,0.24807200881405578,0.24842759721009414,-0.015033339901041878,-0.014921296161709409
75,10.5,6.305694062371931,6.0718414515706245,0.6155824375731854,0.45176395304895195,28.08007379072157,25.24007360539666,True,True,0.11245736096934882,0.08485230783099004,0.14074626545709834,0.2248149917048509,0.24790772250546897,0.24825614450461805,-0.0150854439271425,-0.014975195197245819
75,11.0,6.706424286412501,6.311191701894355,0.6914109828090771,0.4498090571684007,27.780488326422663,23.615717377761385,True,True,0.11571758486250835,0.07734886565791388,0.1350384922241278,0.23103396899810455,0.24772298397622747,0.24808185022100082,-0.01514429168538953,-0.015030225474256738
75,11.5,7.686830424678717,6.885124081863074,0.8648796996275036,0.4634070216275951,27.273597382079053,20.836588387294427,True,True,0.12633411357848717,0.06969240674405283,0.12158863818870504,0.23115367179887428,0.24752975872855387,0.24790745928768723,-0.015206135752437202,-0.015085527580143398
75,12.0,8.418537219715539,7.238702913080595,1.0005632114667689,0.48033038889256546,26.953035847821653,19.098286956338207,False,True,0.1340065236506101,0.06616677759656382,0.0959743543403792,0.22198442146080824,0.247316586497561,0.24773176273163847,-0.01527471353642683,-0.015141489063209959
75,12.5,8.603464006341667,7.2162166085330215,1.0638688515364354,0.4874154332077199,26.71745927066489,18.25052080650041,False,True,0.13377549301311925,0.06292817377205856,0.06160285972588823,0.2062896260595436,0.24708982826357254,0.2475555162879023,-0.015348066829347126,-0.015197874376524425
75,13.0,8.664163635976177,7.113902769975043,1.1124152480049607,0.4926927222227588,26.48090443431215,17.478957677536613,False,True,0.1316077312111802,0.059606766456762085,0.022571948167305362,0.18317622807789205,0.2468598191141223,0.24738080109137361,-0.015422900937803878,-0.015254016906734225
75,13.5,8.753380940574628,7.005525768842951,1.146153433913069,0.4831636795395891,26.36565751845054,16.773248864131684,False,True,0.13157175214338235,0.05675748037325706,0.0,0.15530961282054637,0.2466290294987067,0.24720878878146527,-0.015498426339152353,-0.015309532464918108
75,14.0,8.87343541752658,6.91889058666238,1.2131445253326631,0.4920831812887642,26.101054001228654,15.995948519869806,False,True,0.13013604868708273,0.053884501197912785,0.0,0.12756939541054235,0.24639724498935067,0.24704196784123056,-0.015574721251201644,-0.015363602640799731
75,14.5,8.875779591688136,6.861345887851721,1.232050748926379,0.4936559024023758,26.001518257772013,15.692886885382775,False,True,0.1290606246557358,0.052779883654148,0.0,0.09919794072705938,0.24615734765700625,0.24687796722450955,-0.015654158349734378,-0.015416980626148616
75,15.0,8.863527895284587,6.884137976230221,1.216251155967879,0.49318981346187535,26.04458021472361,15.735036295185571,False,True,0.1292564508849962,0.05319675610486929,0.0,0.0726719132517116,0.24591546113265245,0.24671779965717722,-0.015734743372762892,-0.015469324460830398
75,15.5,8.700774885830146,6.880088229309146,1.1756336139949606,0.4925923517201544,26.138023330906208,15.961146111953553,False,True,0.12742813324572963,0.05389473059525566,0.0,0.048279510738508495,0.24567600417111224,0.24656148590071406,-0.01581500629627279,-0.015520613134414328
75,16.0,8.462028658043788,6.817649303954102,1.1331085546096822,0.48918980144410307,26.167173595444048,16.10367820587727,False,True,0.12426503922457968,0.05393638418917457,0.0,0.029358069333770647,0.24544213554138167,0.24640876697311992,-0.015893867386239154,-0.015570918084726144
75,16.5,7.981925362701843,6.632698329984424,1.0534320359425198,0.4820343830100187,26.215330925606494,16.44075731548925,False,False,0.1177381179443764,0.053848860798367,0.0,0.014393755602927116,0.24521409452407075,0.24625929937688232,-0.01597121496116613,-0.015620340277364725
75,17.0,6.6972776817420385,5.977062812006169,0.8469149271966113,0.46660084679179253,26.42789859817472,18.031924346684725,False,False,0.10077509744920207,0.05520462229703691,0.0,0.004086894456588913,0.244996611684396,0.24611305335528785,-0.016045399548889967,-0.015668878247355827
75,17.5,5.458605551610176,5.204554666662207,0.6601161945849877,0.45881350468700083,13.317979577015235,11.06567838998452,False,False,0.083785497629173,0.05755416473711629,0.0,0.00027036065252344774,0.24480584697346716,0.24597048662214419,-0.01611080864671701,-0.015716368164236338
75.0,18.0,0.0,0.0,0.0,0.0,0.0,0.0,0.0,0.0,0.0,0.0,0.0,0.0,0.24463928397395834,0.24582979409231273,-0.016168179435092637,-0.01576340199306757
75.0,18.5,0.0,0.0,0.0,0.0,0.0,0.0,0.0,0.0,0.0,0.0,0.0,0.0,0.24455723524782644,0.24574799580723253,-0.016196529686324724,-0.015790824439994727
75.0,19.0,0.0,0.0,0.0,0.0,0.0,0.0,0.0,0.0,0.0,0.0,0.0,0.0,0.24447557679454687,0.2456665858967616,-0.01622480391363636,-0.015818173139730253
75.0,19.5,0.0,0.0,0.0,0.0,0.0,0.0,0.0,0.0,0.0,0.0,0.0,0.0,0.24439430510674062,0.24558556087361877,-0.016253002634502554,-0.015845448595349126
75.0,20.0,0.0,0.0,0.0,0.0,0.0,0.0,0.0,0.0,0.0,0.0,0.0,0.0,0.24431341672285378,0.24550491729609145,-0.016281126360863405,-0.01587265130452503
75.0,20.5,0.0,0.0,0.0,0.0,0.0,0.0,0.0,0.0,0.0,0.0,0.0,0.0,0.24423290822637853,0.24542465176725983,-0.016309175599203547,-0.015899781759608253
75.0,21.0,0.0,0.0,0.0,0.0,0.0,0.0,0.0,0.0,0.0,0.0,0.0,0.0,0.24415277624509032,0.2453447609342377,-0.016337150850630016,-0.01592684044770221
75.0,21.5,0.0,0.0,0.0,0.0,0.0,0.0,0.0,0.0,0.0,0.0,0.0,0.0,0.24407301745030072,0.24526524148742856,-0.01636505261094901,-0.015953827850738643
75.0,22.0,0.0,0.0,0.0,0.0,0.0,0.0,0.0,0.0,0.0,0.0,0.0,0.0,0.2439936285561259,0.24518609015979728,-0.016392881370740863,-0.015980744445551493
75.0,22.5,0.0,0.0,0.0,0.0,0.0,0.0,0.0,0.0,0.0,0.0,0.0,0.0,0.24391460631877,0.24510730372615688,-0.016420637615434264,-0.016007590703949415
75.0,23.0,0.0,0.0,0.0,0.0,0.0,0.0,0.0,0.0,0.0,0.0,0.0,0.0,0.24383594753582336,0.24502887900246997,-0.01644832182537851,-0.01603436709278695
75.0,23.5,0.0,0.0,0.0,0.0,0.0,0.0,0.0,0.0,0.0,0.0,0.0,0.0,0.24375764904557473,0.2449508128451641,-0.016475934475915218,-0.016061074074034707
75.0,24.0,0.0,0.0,0.0,0.0,0.0,0.0,0.0,0.0,0.0,0.0,0.0,0.0,0.24367970772633807,0.2448731021504618,-0.01650347603744817,-0.0160877121048479
76.0,0.5,0.0,0.0,0.0,0.0,0.0,0.0,0.0,0.0,0.0,0.0,0.0,0.0,0.24360212049579222,0.24479574385372327,-0.016530946975512356,-0.016114281637634165
76.0,1.0,0.0,0.0,0.0,0.0,0.0,0.0,0.0,0.0,0.0,0.0,0.0,0.0,0.24352488431033462,0.24471873492880347,-0.01655834775084159,-0.0161407831201197
76.0,1.5,0.0,0.0,0.0,0.0,0.0,0.0,0.0,0.0,0.0,0.0,0.0,0.0,0.24344799616444743,0.24464207238742122,-0.016585678819435144,-0.016167216995414645
76.0,2.0,0.0,0.0,0.0,0.0,0.0,0.0,0.0,0.0,0.0,0.0,0.0,0.0,0.2433714530900771,0.24456575327854146,-0.01661294063262299,-0.016193583702077196
76.0,2.5,0.0,0.0,0.0,0.0,0.0,0.0,0.0,0.0,0.0,0.0,0.0,0.0,0.24329525215602538,0.24448977468776956,-0.016640133637130197,-0.01621988367417654
76.0,3.0,0.0,0.0,0.0,0.0,0.0,0.0,0.0,0.0,0.0,0.0,0.0,0.0,0.24321939046735322,0.24441413373675838,-0.016667258275140102,-0.016246117341354765
76.0,3.5,0.0,0.0,0.0,0.0,0.0,0.0,0.0,0.0,0.0,0.0,0.0,0.0,0.24314386516479614,0.24433882758262626,-0.016694314984356376,-0.016272285128887717
76.0,4.0,0.0,0.0,0.0,0.0,0.0,0.0,0.0,0.0,0.0,0.0,0.0,0.0,0.24306867342419133,0.24426385341738677,-0.016721304198064012,-0.016298387457744905
76.0,4.5,0.0,0.0,0.0,0.0,0.0,0.0,0.0,0.0,0.0,0.0,0.0,0.0,0.2429938124559158,0.2441892084673904,-0.01674822634518947,-0.016324424744648142
76.0,5.0,0.0,0.0,0.0,0.0,0.0,0.0,0.0,0.0,0.0,0.0,0.0,0.0,0.24291927950433564,0.2441148899927761,-0.016775081850359592,-0.01635039740212943
76.0,5.5,0.0,0.0,0.0,0.0,0.0,0.0,0.0,0.0,0.0,0.0,0.0,0.0,0.24284507184726617,0.24404089528693446,-0.016801871133959662,-0.016376305838587773
76.0,6.0,0.0,0.0,0.0,0.0,0.0,0.0,0.0,0.0,0.0,0.0,0.0,0.0,0.24277118679544252,0.24396722167598078,-0.016828594612190405,-0.016402150458344963
76.0,6.5,0.0,0.0,0.0,0.0,0.0,0.0,0.0,0.0,0.0,0.0,0.0,0.0,0.24269762169200032,0.243893866518239,-0.016855252697124113,-0.016427931661700552
76.0,7.0,0.0,0.0,0.0,0.0,0.0,0.0,0.0,0.0,0.0,0.0,0.0,0.0,0.24262437391196687,0.24382082720373474,-0.016881845796759744,-0.016453649844985863
76.0,7.5,0.0,-0.01048783318742763,0.0,0.14276510166814296,0.0,18.5,0.0,0.0,0.0,0.31615266776107487,0.0,0.0,0.24255144086176153,0.24374810115369908,-0.0169083743150772,-0.016479305400617022
76.0,8.0,0.0,-0.036852801779615335,0.0,0.47504011388557316,0.0,37.0,0.0,0.0,0.0,1.075841793225763,0.0,0.0,0.2424788199787061,0.24365749286526658,-0.01693483865209072,-0.016511335985659986
76.0,8.5,0.0,-0.01889909838132666,0.0,0.20351559987953527,0.0,18.5,0.0,0.0,0.0,0.4444065766015071,0.0,0.0,0.24240650873054445,0.24352485004453123,-0.016961239203901267,-0.016558359919188668
76,9.0,0.26940885953216365,0.27537300365847256,0.006924866065409246,0.18564097169010735,16.89017310911814,18.423458735178414,True,True,0.013311252296096402,0.40201985572935217,0.0,0.0,0.24233450461497147,0.24342711405996637,-0.016987576362748124,-0.01659311096233037
76,9.5,0.4491709091689191,0.45897581999796516,0.011970172882495148,0.18603389362158002,16.890173034884192,18.38465399413075,True,True,0.02219313539427485,0.4039063650761078,0.0,0.0,0.24226192270418723,0.24333195914093303,-0.01701417419282193,-0.016627027796778153
76,10.0,1.144287275220516,1.169234289032715,0.02974610705073197,0.4699885079915343,33.780346021788986,36.768389266055095,True,True,0.05653821721425058,1.0276421159960798,0.0,0.0,0.24218900007188401,0.24323705497273895,-0.017040946864867935,-0.01666093756106157
76,10.5,1.6314782508316283,1.667650734068517,0.04798650369575977,0.43004964786475786,33.78034596983978,36.652427455699716,True,True,0.0806098902988049,0.9393673024356239,0.0,0.0,0.2421141120035451,0.24310626409713804,-0.017068493382018348,-0.016707804963604828
76,11.0,2.553308459128702,2.6306873257848826,0.1148456302248016,0.3857170545963655,32.092572361722276,35.57518244306597,True,True,0.08276860363185283,0.3137183937832843,0.0,0.0,0.24203719692438505,0.24298085878886497,-0.017096840752763298,-0.01675289009451674
76,11.5,3.9000349665495335,4.00416926013104,0.22009812919237387,0.39580895924881143,31.046435092699458,33.754336001543024,True,True,0.10420958352552942,0.20349907827716854,0.0,0.0,0.2419520568548345,0.24286139660767533,-0.017128284915965627,-0.016795973454462442
76,12.0,4.953680341276625,5.02702098396652,0.33478841646598906,0.40961036726466293,30.135388148240352,31.459362881371668,True,True,0.11479639397414988,0.14874132060376954,0.0,0.0,0.2418537968884278,0.24274093976934502,-0.01716466024638046,-0.01683954926417812
76,12.5,5.042069340295914,5.098261826391407,0.35488920912337374,0.4088300497335831,29.905102905358135,30.907281019850274,True,True,0.11305218657755259,0.13673066538397768,0.0,0.0,0.2417412120363816,0.24261901326948693,-0.017206451784449277,-0.016883793976517958
76,13.0,5.186763711438267,5.238852697402711,0.3738530234149688,0.4193481472972686,29.782000988973664,30.6072360560387,True,True,0.11431307281369757,0.13447505252800868,0.0,0.0,0.24162635382300315,0.24249747303232197,-0.017249212187054865,-0.016928036441420647
76,13.5,5.115557973070173,5.152878864494711,0.37316652152812385,0.40165573765168433,29.708962169718138,30.277908176133394,True,True,0.11161431865575752,0.12550421732702102,0.0,0.0,0.24150936488407712,0.24237487702954919,-0.01729289605639957,-0.016972803228839612
76,14.0,5.435652823717261,5.459033604833754,0.41222634482290105,0.4263552707210736,29.51398206952588,29.830386949262888,True,True,0.11550933969241094,0.12464849470440492,0.0,0.0,0.2413927470873248,0.24225481799049864,-0.01733657258963114,-0.01701678039888591
76,14.5,5.471624250599012,5.4925419923899765,0.4113442083315017,0.42557149200466887,29.52073287809698,29.796440609169714,True,True,0.11637869290302438,0.12465500462042362,0.0,0.0,0.24127143324622835,0.2421318916026899,-0.01738214747404782,-0.01706194860803064
76,15.0,5.56596325657794,5.575185124371016,0.42493610648546476,0.4294542410063467,29.423052909312247,29.49784046120314,True,True,0.1168590453172184,0.12182723212211885,0.0,0.0,0.24115051109946783,0.24200934311129227,-0.01742771733651958,-0.017107120223459425
76,15.5,5.723521354328831,5.706504389744682,0.4426127961553865,0.42853775954670936,29.31949093131219,28.94055566586725,True,True,0.11854672332353203,0.1175675679993749,0.0,0.0,0.24102813402845918,0.24188657570781733,-0.017473980488389627,-0.01715251547567007
76,16.0,5.422046242280322,5.417465500328348,0.4008292163066434,0.39907715302244207,29.512296079358705,29.352247890495583,True,True,0.11519425106860684,0.11670346740947637,0.0,0.0,0.24090377936903606,0.24176419885578654,-0.017521141211716145,-0.017197909227966098
76,16.5,4.961470979714066,5.001538501131425,0.34957811041347764,0.4125072925646101,29.716916991388572,30.46254112764154,True,False,0.10837059130489293,0.12943223642177307,0.0,0.0,0.24078502220512374,0.24164584792053,-0.01756632075304289,-0.017241945843700285
76,17.0,4.2242757088151555,4.271736702411077,0.2835386260282475,0.3923601203672548,29.904177625188602,31.31320714492475,False,False,0.09470344010119217,0.13176052644936084,0.0,0.0,0.24067306692951307,0.24152605514601058,-0.017609039770325012,-0.01728665582984441
76,17.5,3.636652019479794,3.685690920198184,0.23527335761043922,0.38951052494197896,15.022199626684735,16.291190758437523,False,False,0.08317318991045039,0.13800538873116164,0.0,0.0,0.24056979600921363,0.24140909733694613,-0.017648554869558002,-0.017330441061567923
76.0,18.0,0.0,0.0,0.0,0.0,0.0,0.0,0.0,0.0,0.0,0.0,0.0,0.0,0.24047294239189013,0.2412927681919001,-0.017685710524512364,-0.017374122079070527
76.0,18.5,0.0,0.0,0.0,0.0,0.0,0.0,0.0,0.0,0.0,0.0,0.0,0.0,0.24040633502760791,0.24122633899014517,-0.01771131699571255,-0.017399124756376345
76.0,19.0,0.0,0.0,0.0,0.0,0.0,0.0,0.0,0.0,0.0,0.0,0.0,0.0,0.24033999038686898,0.24116017134123216,-0.017736866390138287,-0.017424071619004094
76.0,19.5,0.0,0.0,0.0,0.0,0.0,0.0,0.0,0.0,0.0,0.0,0.0,0.0,0.2402739065017288,0.2410942632882485,-0.017762359033768146,-0.017448962986007014
76.0,20.0,0.0,0.0,0.0,0.0,0.0,0.0,0.0,0.0,0.0,0.0,0.0,0.0,0.24020808142577846,0.2410286128956856,-0.01778779524962893,-0.017473799173544007
76.0,20.5,0.0,0.0,0.0,0.0,0.0,0.0,0.0,0.0,0.0,0.0,0.0,0.0,0.2401425132338361,0.2409632182491325,-0.017813175357831973,-0.017498580494915334
76.0,21.0,0.0,0.0,0.0,0.0,0.0,0.0,0.0,0.0,0.0,0.0,0.0,0.0,0.24007720002164457,0.24089807745497485,-0.017838499675608636,-0.017523307260597587
76.0,21.5,0.0,0.0,0.0,0.0,0.0,0.0,0.0,0.0,0.0,0.0,0.0,0.0,0.2400121399055741,0.24083318864009948,-0.017863768517345415,-0.017547979778278208
76.0,22.0,0.0,0.0,0.0,0.0,0.0,0.0,0.0,0.0,0.0,0.0,0.0,0.0,0.23994733102232996,0.24076854995160407,-0.017888982194618503,-0.01757259835288936
76.0,22.5,0.0,0.0,0.0,0.0,0.0,0.0,0.0,0.0,0.0,0.0,0.0,0.0,0.2398827715286653,0.24070415955651145,-0.017914141016227816,-0.017597163286641553
76.0,23.0,0.0,0.0,0.0,0.0,0.0,0.0,0.0,0.0,0.0,0.0,0.0,0.0,0.23981845960109935,0.24064001564148946,-0.017939245288230397,-0.017621674879056436
76.0,23.5,0.0,0.0,0.0,0.0,0.0,0.0,0.0,0.0,0.0,0.0,0.0,0.0,0.23975439343564003,0.2405761164125754,-0.01796429531397346,-0.017646133426999264
76.0,24.0,0.0,0.0,0.0,0.0,0.0,0.0,0.0,0.0,0.0,0.0,0.0,0.0,0.23969057124751159,0.24051246009490507,-0.017989291394126913,-0.017670539224710863
77.0,0.5,0.0,0.0,0.0,0.0,0.0,0.0,0.0,0.0,0.0,0.0,0.0,0.0,0.23962699127088655,0.24044904493244673,-0.018014233826715395,-0.017694892563839118
77.0,1.0,0.0,0.0,0.0,0.0,0.0,0.0,0.0,0.0,0.0,0.0,0.0,0.0,0.23956365175862296,0.24038586918773955,-0.018039122907149697,-0.017719193733469973
77.0,1.5,0.0,0.0,0.0,0.0,0.0,0.0,0.0,0.0,0.0,0.0,0.0,0.0,0.23950055098200554,0.24032293114163636,-0.018063958928257875,-0.017743443020157935
77.0,2.0,0.0,0.0,0.0,0.0,0.0,0.0,0.0,0.0,0.0,0.0,0.0,0.0,0.23943768723049144,0.2402602290930512,-0.018088742180315857,-0.017767640707956115
77.0,2.5,0.0,0.0,0.0,0.0,0.0,0.0,0.0,0.0,0.0,0.0,0.0,0.0,0.23937505881146007,0.24019776135871068,-0.018113472951077646,-0.01779178707844591
77.0,3.0,0.0,0.0,0.0,0.0,0.0,0.0,0.0,0.0,0.0,0.0,0.0,0.0,0.23931266404996776,0.24013552627290968,-0.018138151525804933,-0.01781588241076624
77.0,3.5,0.0,0.0,0.0,0.0,0.0,0.0,0.0,0.0,0.0,0.0,0.0,0.0,0.2392505012885059,0.24007352218727154,-0.0181627781872964,-0.01783992698164219
77.0,4.0,0.0,0.0,0.0,0.0,0.0,0.0,0.0,0.0,0.0,0.0,0.0,0.0,0.2391885688867635,0.2400117474705117,-0.01818735321591651,-0.01786392106541344
77.0,4.5,0.0,0.0,0.0,0.0,0.0,0.0,0.0,0.0,0.0,0.0,0.0,0.0,0.23912686522139368,0.23995020050820576,-0.018211876889623998,-0.01788786493406214
77.0,5.0,0.0,0.0,0.0,0.0,0.0,0.0,0.0,0.0,0.0,0.0,0.0,0.0,0.23906538868578395,0.23988887970256131,-0.01823634948399984,-0.017911758857240348
77.0,5.5,0.0,0.0,0.0,0.0,0.0,0.0,0.0,0.0,0.0,0.0,0.0,0.0,0.23900413768983073,0.23982778347219325,-0.018260771272274694,-0.01793560310229735
77.0,6.0,0.0,0.0,0.0,0.0,0.0,0.0,0.0,0.0,0.0,0.0,0.0,0.0,0.2389431106597166,0.23976691025190347,-0.01828514252535641,-0.017959397934306075
77.0,6.5,0.0,0.0,0.0,0.0,0.0,0.0,0.0,0.0,0.0,0.0,0.0,0.0,0.23888230603769264,0.23970625849246344,-0.0183094635118565,-0.017983143616089662
77.0,7.0,0.0,-0.03147252924293584,0.0,0.3144463367476181,0.0,0.0,0.0,0.0,0.0,0.7226957441579039,0.0,0.0,0.23882172228186332,0.23964582666040105,-0.0183337344981167,-0.018006840408247283
77.0,7.5,0.0,-0.04128512274848962,0.0,0.397380090527988,0.0,37.0,0.0,0.0,0.0,0.9108609494070354,0.0,0.0,0.23876135786597516,0.23954554246468676,-0.018357955748235018,-0.018046246432732473
77.0,8.0,0.0,-0.04846202763682626,0.0,0.3973751932903126,0.0,37.0,0.0,0.0,0.0,0.9123131155035222,0.0,0.0,0.2387012112792091,0.23943490669644463,-0.018382127524091317,-0.018089839306538222
77,8.5,1.2491920032499562,1.277568956411911,0.039810402086621746,0.4753806110951393,33.78034601250042,36.753057362843094,True,True,0.061721466585775195,1.1530382896045113,0.0,0.0,0.23864128102597615,0.23932448697168793,-0.018406250085372607,-0.018133472211353318
77,9.0,2.747927271087806,2.806747440721411,0.08354029994668224,0.40136396205798,33.78034592021798,36.41022879834151,True,True,0.1357726440781972,0.89418172986026,0.0,0.0,0.23857649247522034,0.23920434074603147,-0.018432370602596476,-0.018181091120142334
77,9.5,4.55919910804762,4.6625040985428425,0.21616397794475045,0.3843548274102486,31.912243491259055,34.2775869774588,True,True,0.14255370072683132,0.2902940130049319,0.0,0.0,0.23850634468894213,0.23909383915739088,-0.018460701592059182,-0.018225019045797795
77,10.0,6.568634949305194,6.546659524361654,0.473884418045036,0.429979477084991,29.870081964798143,29.460820723579907,True,True,0.1465570941640272,0.14282004346642774,0.0,0.0,0.23841950823388508,0.23898571613609357,-0.018495844629754656,-0.018268123872218274
77,10.5,7.782261286727469,7.3905209233432965,0.7084194520756416,0.45521862456561446,28.56794535966543,24.74308393125531,True,True,0.1468211602564327,0.09838264238460828,0.0,0.0,0.23830004024434268,0.23887198865556528,-0.018544324130451526,-0.018313594142297655
77,11.0,8.607650157141931,7.7241182562559905,0.8926001986657589,0.4630399430919865,27.78759466103112,21.346906084943534,False,True,0.1495059602552572,0.08024476170917015,0.0,0.0,0.23815089387884136,0.23875525308246984,-0.018605059623206886,-0.018360407417722893
77,11.5,8.647323658038147,7.5167823000033565,0.9723535286299347,0.47219408395213147,27.33415873618444,20.020718110287238,False,True,0.14310995768644647,0.0717636554756678,0.0,0.0,0.23797848451625606,0.23863772761858426,-0.018675563883667944,-0.018407681553541055
77,12.0,8.756703549757718,7.506065546650963,1.0033429922027395,0.4724601741068617,27.207335878135524,19.401586017122973,False,True,0.14288401644859305,0.06908635823825801,0.0,0.0,0.23779611823891342,0.2385192410317352,-0.018750486605124815,-0.018455489181689558
77,12.5,8.832125412982215,7.52223882864205,1.0240865036330926,0.4776554419795528,27.141898369291525,19.215921513221627,False,True,0.143165148630348,0.06860180852163812,0.0,0.0,0.23761000778150002,0.2384009245777137,-0.018827317101601876,-0.018503375856076566
77,13.0,8.936300879899402,7.544206783347639,1.0490834734241379,0.47787334152949124,27.072804069431243,18.808703267029223,False,True,0.14384285215366047,0.06733491365534724,0.0,0.0,0.23742145744706725,0.2382821487578325,-0.018905537643492575,-0.018551597432158683
77,13.5,8.994480959638302,7.506787205090763,1.0803622171799532,0.48311518388593677,26.933099189069793,18.366789676926114,False,True,0.1427249318818662,0.06540081539992486,0.0,0.0,0.2372299238517332,0.23816354650545513,-0.018985392564786735,-0.01859989802040103
77,14.0,9.031743634979577,7.483977931881165,1.0949269601617841,0.484765515194646,26.868496017590182,18.108110496187194,False,True,0.14237551450523067,0.06445894980298933,0.0,0.0,0.23703460515089336,0.23804447627210035,-0.019067239810466242,-0.018648539989893735
77,14.5,9.001876529609987,7.472327464405758,1.0893811038851327,0.4816945335749457,26.86657022100708,17.99560410825357,False,True,0.1418660121712758,0.06402269916998819,0.0,0.0,0.23683762992863103,0.23792539441352473,-0.019150207343796993,-0.01869733837032136
77,15.0,8.993376335406417,7.343793169382209,1.1197718327616295,0.4826776020723627,26.687080395463735,17.36427760372402,False,True,0.13926482005249893,0.06108375762899766,0.0,0.0,0.23664155961989533,0.23780690127206325,-0.019233221255077364,-0.01874604659175753
77,15.5,8.899248611235917,7.308122921633679,1.1177570602005633,0.4891439326992098,26.63506415142711,17.29258563664142,False,True,0.13658499025282844,0.060493827283647064,0.0,0.0,0.23644181342340437,0.23768847893369335,-0.019318232767868926,-0.01879487683324275
77,16.0,8.688867091076913,7.211979464089825,1.089127366682096,0.48766152745257424,26.613627612307724,17.29403174755687,False,True,0.13308083545129407,0.05999025596311475,0.0,0.0,0.2362425195729814,0.23756942736837652,-0.01940349831920764,-0.018844119365688278
77,16.5,8.259190537775478,6.996646854766562,1.0231632595928317,0.4775623509754787,26.64716453248336,17.403592747369604,False,False,0.12690958526541915,0.05933694240524315,0.0,0.0,0.2360470684050121,0.237450758235314,-0.01948755568712576,-0.01889335676943975
77,17.0,7.335464880567882,6.487332096676255,0.8981573112768058,0.46872210967133426,26.68500705694339,18.072468624532384,False,False,0.11312926121878253,0.05882786350812333,0.0,0.0,0.23586021628291967,0.23733356833545705,-0.019568320831161678,-0.0189421309228834
77,17.5,5.1790538485807325,4.974084811357549,0.6113138261834816,0.43742018780068104,13.429791512814152,11.482568556132618,False,False,0.08124766144520046,0.05765007422443576,0.0,0.0,0.23568948582019927,0.23721769599295506,-0.019642466439413583,-0.018990504284175022
77.0,18.0,0.0,0.0,0.0,0.0,0.0,0.0,0.0,0.0,0.0,0.0,0.0,0.0,0.23555549918425087,0.2371060023279747,-0.01970088927878766,-0.019037272550371232
77.0,18.5,0.0,0.0,0.0,0.0,0.0,0.0,0.0,0.0,0.0,0.0,0.0,0.0,0.23549960330577566,0.2370502389003604,-0.01972532301620762,-0.01906067311415978
77.0,19.0,0.0,0.0,0.0,0.0,0.0,0.0,0.0,0.0,0.0,0.0,0.0,0.0,0.23544389554247822,0.23699466282526924,-0.019749710455174423,-0.019084029164143975
77.0,19.5,0.0,0.0,0.0,0.0,0.0,0.0,0.0,0.0,0.0,0.0,0.0,0.0,0.23538837468823642,0.23693927290295413,-0.019774051822503216,-0.019107340918694204
77.0,20.0,0.0,0.0,0.0,0.0,0.0,0.0,0.0,0.0,0.0,0.0,0.0,0.0,0.23533303954826076,0.2368840679449317,-0.019798347343236607,-0.019130608594471712
77.0,20.5,0.0,0.0,0.0,0.0,0.0,0.0,0.0,0.0,0.0,0.0,0.0,0.0,0.23527788893895427,0.23682904677384334,-0.01982259724066371,-0.01915383240644687
77.0,21.0,0.0,0.0,0.0,0.0,0.0,0.0,0.0,0.0,0.0,0.0,0.0,0.0,0.23522292168777542,0.23677420822331896,-0.019846801736338616,-0.019177012567917102
77.0,21.5,0.0,0.0,0.0,0.0,0.0,0.0,0.0,0.0,0.0,0.0,0.0,0.0,0.23516813663310251,0.23671955113784207,-0.01987096105009882,-0.019200149290524764
77.0,22.0,0.0,0.0,0.0,0.0,0.0,0.0,0.0,0.0,0.0,0.0,0.0,0.0,0.23511353262410015,0.23666507437261772,-0.019895075400083364,-0.019223242784274303
77.0,22.5,0.0,0.0,0.0,0.0,0.0,0.0,0.0,0.0,0.0,0.0,0.0,0.0,0.23505910852058826,0.2366107767934414,-0.01991914500275055,-0.019246293257549993
77.0,23.0,0.0,0.0,0.0,0.0,0.0,0.0,0.0,0.0,0.0,0.0,0.0,0.0,0.23500486319291233,0.2365566572765709,-0.019943170072895783,-0.019269300917132567
77.0,23.5,0.0,0.0,0.0,0.0,0.0,0.0,0.0,0.0,0.0,0.0,0.0,0.0,0.23495079552181627,0.23650271470859965,-0.019967150823668744,-0.01929226596821623
77.0,24.0,0.0,0.0,0.0,0.0,0.0,0.0,0.0,0.0,0.0,0.0,0.0,0.0,0.23489690439831673,0.23644894798633168,-0.019991087466590708,-0.019315188614425254
78.0,0.5,0.0,0.0,0.0,0.0,0.0,0.0,0.0,0.0,0.0,0.0,0.0,0.0,0.2348431887235792,0.2363953560166591,-0.02001498021157152,-0.019338069057830223
78.0,1.0,0.0,0.0,0.0,0.0,0.0,0.0,0.0,0.0,0.0,0.0,0.0,0.0,0.23478964740879663,0.2363419377164407,-0.020038829266926156,-0.019360907498964314
78.0,1.5,0.0,0.0,0.0,0.0,0.0,0.0,0.0,0.0,0.0,0.0,0.0,0.0,0.23473627937506888,0.23628869201238292,-0.020062634839391424,-0.019383704136839208
78.0,2.0,0.0,0.0,0.0,0.0,0.0,0.0,0.0,0.0,0.0,0.0,0.0,0.0,0.234683083553285,0.23623561784092226,-0.020086397134142012,-0.019406459168960787
78.0,2.5,0.0,0.0,0.0,0.0,0.0,0.0,0.0,0.0,0.0,0.0,0.0,0.0,0.23463005888400618,0.23618271414810954,-0.020110116354806855,-0.019429172791344686
78.0,3.0,0.0,0.0,0.0,0.0,0.0,0.0,0.0,0.0,0.0,0.0,0.0,0.0,0.2345772043173513,0.23612997988949552,-0.02013379270348475,-0.019451845198531725
78.0,3.5,0.0,0.0,0.0,0.0,0.0,0.0,0.0,0.0,0.0,0.0,0.0,0.0,0.23452451881288364,0.23607741403001903,-0.020157426380760176,-0.019474476583602837
78.0,4.0,0.0,0.0,0.0,0.0,0.0,0.0,0.0,0.0,0.0,0.0,0.0,0.0,0.23447200133949933,0.2360250155438958,-0.020181017585718775,-0.01949706713819417
78.0,4.5,0.0,0.0,0.0,0.0,0.0,0.0,0.0,0.0,0.0,0.0,0.0,0.0,0.2344196508753178,0.23597278341450936,-0.020204566515962384,-0.019519617052511786
78.0,5.0,0.0,0.0,0.0,0.0,0.0,0.0,0.0,0.0,0.0,0.0,0.0,0.0,0.23436746640757308,0.23592071663430356,-0.020228073367624427,-0.0195421265153462
78.0,5.5,0.0,0.0,0.0,0.0,0.0,0.0,0.0,0.0,0.0,0.0,0.0,0.0,0.2343154469325074,0.2358688142046766,-0.020251538335384626,-0.019564595714086745
78.0,6.0,0.0,0.0,0.0,0.0,0.0,0.0,0.0,0.0,0.0,0.0,0.0,0.0,0.234263591455266,0.23581707513587627,-0.020274961612483607,-0.019587024834735827
78.0,6.5,0.0,0.0,0.0,0.0,0.0,0.0,0.0,0.0,0.0,0.0,0.0,0.0,0.23421189898979347,0.23576549844689734,-0.0202983433907376,-0.019609414061922775
78.0,7.0,0.0,0.0,0.0,0.0,0.0,0.0,0.0,0.0,0.0,0.0,0.0,0.0,0.23416036855873146,0.2357140831653799,-0.02032168386055258,-0.019631763578917827
78.0,7.5,0.0,-0.010946165190675563,0.0,0.14492353563429297,0.0,18.5,0.0,0.0,0.0,0.313027515083064,0.0,0.0,0.23410899919331818,0.2356628283275091,-0.020344983210938566,-0.01965407356764572
78.0,8.0,0.0,-0.014664938668786829,0.0,0.1770602038065928,0.0,18.5,0.0,0.0,0.0,0.3811147310532316,0.0,0.0,0.23405778993328913,0.23559326496784613,-0.020368241629523363,-0.019684401152768184
78.0,8.5,0.0,-0.017957684955331232,0.0,0.20251298363269565,0.0,18.5,0.0,0.0,0.0,0.44342174815731455,0.0,0.0,0.23400673982677914,0.23551976488424795,-0.020391459302566566,-0.019716505634818884
78.0,9.0,0.0,-0.021458139904517774,0.0,0.2223366247373573,0.0,18.5,0.0,0.0,0.0,0.48457322556082205,0.0,0.0,0.23395584793022595,0.2354431788844705,-0.020414636414973056,-0.019750024423759175
78,9.5,0.04603016399082808,0.04743301821438855,0.0012061563753449575,0.09566106087876389,16.890174001564596,18.462415353536706,True,True,0.0022743094906997816,0.2012239478462357,0.0,0.0,0.2339051133082753,0.23536422337474452,-0.020437773150306423,-0.01978465135942544
78,10.0,0.30817002303557833,0.3150644696981787,0.008371851171377507,0.21016293500372765,16.890173085850186,18.42270633158147,True,True,0.015226406933476091,0.45948133657903667,0.0,0.0,0.23385438132981826,0.23530156623453516,-0.020460939926969866,-0.019812181926062468
78,10.5,1.246966426371889,1.2743180075069194,0.0348269122547191,0.47562741840673795,16.890172963759834,18.37653311401971,True,True,0.0616115028103457,1.143556166695947,0.0,0.0,0.23380289163504536,0.23522447263615456,-0.020484484714960186,-0.019846118303014186
78,11.0,1.959624932943362,2.0018161286137497,0.05239609765750257,0.44515078148947596,33.78034594936655,36.6108774314032,True,True,0.09682332620177211,0.9744831958966382,0.0,0.0,0.23374818521496013,0.2351137040868635,-0.020509535798933554,-0.019894999623743883
78,11.5,2.9373051553086142,2.9989436172197603,0.08110311501919275,0.4066996132613576,33.78034591532489,36.38539669844009,True,True,0.1451296370165202,0.8728691376782585,0.0,0.0,0.2336913935180198,0.2350069722895716,-0.020535580394823387,-0.019942235316325736
78,12.0,4.314220767636222,4.421776668566446,0.2293391319208669,0.40546919144899707,31.317645596405775,33.86362325886584,True,True,0.12077868650101531,0.23192565985243796,0.0,0.0,0.23363109632355997,0.2349052925698488,-0.020563275748871276,-0.019987359474318185
78,12.5,5.305455526964984,5.377760724411281,0.34682831091699884,0.413123628477305,30.3711564352037,31.602414591855315,True,True,0.1273213289362987,0.1627582098304795,0.0,0.0,0.23355206082999297,0.23480392090067737,-0.020599645296222106,-0.020032468077646696
78,13.0,5.460327240903471,5.505933616455698,0.3729624791002788,0.40117038095600904,30.146169392556654,30.828595669498636,True,True,0.12673645615797963,0.14531143176044176,0.0,0.0,0.23345820431211797,0.23470172418370397,-0.02064293459070366,-0.020078066647727058
78,13.5,5.839705639239581,5.862071075417999,0.4086248246476283,0.4126481186542783,29.98641557808613,30.236968679037872,True,True,0.1324546418079688,0.14117689932609273,0.0,0.0,0.23336116752062622,0.23460120021224226,-0.02068780472756144,-0.020123039562218847
78,14.0,5.444698221133166,5.5041677404737595,0.3666326073925683,0.41997545479968085,30.15599515868174,31.126085984533447,True,True,0.12655513169839744,0.1526968441385251,0.0,0.0,0.2332597353877721,0.23449936224932794,-0.020734831562473327,-0.020168722777235557
78,14.5,5.832044292093993,5.857827160137328,0.41434235968576355,0.4196140109177827,29.85908383491418,30.051589256924043,True,True,0.1299221306415224,0.1373496301599033,0.0,0.0,0.23316380279270882,0.23439673833827118,-0.02077942589555041,-0.020214883615314302
78,15.0,6.281600091807922,6.247619163013326,0.4735409725060339,0.42323016997540375,29.55550018354066,28.864735682195366,True,True,0.13423044062504352,0.12474961599117292,0.0,0.0,0.233061937912469,0.2342943074350165,-0.020826903005432686,-0.020261083215996917
78,15.5,6.375939120419334,6.34909037321159,0.48445469629350285,0.4450985384735836,29.487085469053866,28.900556918869636,True,True,0.1350056574487325,0.1283237991940236,0.0,0.0,0.2329526758457257,0.2341915618229343,-0.02087797153007195,-0.020307551198817574
78,16.0,5.923438649384448,5.926359474884247,0.4354280069637224,0.4261772836007593,29.560612100233794,29.273185063813294,False,False,0.12666392564166717,0.12603126043032953,0.0,0.0,0.23284216883374362,0.2340861747395479,-0.020929773767405378,-0.02035534579811908
78,16.5,5.770581070498101,5.798072908511379,0.40240803640140854,0.42319221616496266,29.826262860269473,30.084065391241378,True,True,0.12796474572707087,0.1373315354639254,0.0,0.0,0.23273805442071555,0.23398334329466167,-0.02097871952037666,-0.020402110621022023
78,17.0,4.337178742251987,4.402214970036832,0.28409792602394474,0.3766823232228388,30.034837928811967,31.089274769285954,False,False,0.09905863398146786,0.13179806666481583,0.0,0.0,0.23263829200307243,0.23388103587679532,-0.02102574733393546,-0.02044876421959062
78,17.5,2.391190666072953,2.4596436899344574,0.14328767020198385,0.354219982441964,15.202772367520055,17.075527842744577,False,False,0.057683490663506816,0.1424277704896529,0.0,0.0,0.23255374952512,0.23378479816389025,-0.02106569884819985,-0.020492766013879553
78.0,18.0,0.0,0.0,0.0,0.0,0.0,0.0,0.0,0.0,0.0,0.0,0.0,0.0,0.2324872934339555,0.2336915649042071,-0.021097166937924967,-0.0205355017380882
78.0,18.5,0.0,0.0,0.0,0.0,0.0,0.0,0.0,0.0,0.0,0.0,0.0,0.0,0.23243923863095603,0.23364361210020754,-0.021119956600513596,-0.02055752341746301
78.0,19.0,0.0,0.0,0.0,0.0,0.0,0.0,0.0,0.0,0.0,0.0,0.0,0.0,0.23239132477313298,0.23359579972037947,-0.02114270862945283,-0.020579508628248942
78.0,19.5,0.0,0.0,0.0,0.0,0.0,0.0,0.0,0.0,0.0,0.0,0.0,0.0,0.23234355107123777,0.2335481269793635,-0.021165423186123782,-0.02060145752695206
78.0,20.0,0.0,0.0,0.0,0.0,0.0,0.0,0.0,0.0,0.0,0.0,0.0,0.0,0.232295916742512,0.23350059309825225,-0.021188100430799522,-0.020623370269003016
78.0,20.5,0.0,0.0,0.0,0.0,0.0,0.0,0.0,0.0,0.0,0.0,0.0,0.0,0.23224842101061666,0.2334531973045207,-0.021210740522655678,-0.020645247008767246
78.0,21.0,0.0,0.0,0.0,0.0,0.0,0.0,0.0,0.0,0.0,0.0,0.0,0.0,0.2322010631055636,0.2334059388319575,-0.021233343619780548,-0.020667087899554838
78.0,21.5,0.0,0.0,0.0,0.0,0.0,0.0,0.0,0.0,0.0,0.0,0.0,0.0,0.23215384226364671,0.2333588169205973,-0.021255909879185374,-0.02068889309363039
78.0,22.0,0.0,0.0,0.0,0.0,0.0,0.0,0.0,0.0,0.0,0.0,0.0,0.0,0.23210675772737488,0.23331183081665352,-0.02127843945681431,-0.02071066274222284
78.0,22.5,0.0,0.0,0.0,0.0,0.0,0.0,0.0,0.0,0.0,0.0,0.0,0.0,0.23205980874540552,0.23326497977245236,-0.021300932507554257,-0.020732396995535078
78.0,23.0,0.0,0.0,0.0,0.0,0.0,0.0,0.0,0.0,0.0,0.0,0.0,0.0,0.2320129945724789,0.23321826304636795,-0.0213233891852448,-0.02075409600275343
78.0,23.5,0.0,0.0,0.0,0.0,0.0,0.0,0.0,0.0,0.0,0.0,0.0,0.0,0.23196631446935348,0.2331716799027576,-0.021345809642687737,-0.020775759912057042
78.0,24.0,0.0,0.0,0.0,0.0,0.0,0.0,0.0,0.0,0.0,0.0,0.0,0.0,0.23191976770274197,0.23312522961189877,-0.021368194031656813,-0.020797388870627195
79.0,0.5,0.0,0.0,0.0,0.0,0.0,0.0,0.0,0.0,0.0,0.0,0.0,0.0,0.23187335354524827,0.23307891144992596,-0.021390542502907103,-0.020818983024656595
79.0,1.0,0.0,0.0,0.0,0.0,0.0,0.0,0.0,0.0,0.0,0.0,0.0,0.0,0.23182707127530558,0.2330327246987694,-0.021412855206184158,-0.02084054251935828
79.0,1.5,0.0,0.0,0.0,0.0,0.0,0.0,0.0,0.0,0.0,0.0,0.0,0.0,0.2317809201771146,0.23298666864609366,-0.0214351322902336,-0.020862067498974707
79.0,2.0,0.0,0.0,0.0,0.0,0.0,0.0,0.0,0.0,0.0,0.0,0.0,0.0,0.23173489954058304,0.23294074258523761,-0.02145737390281005,-0.020883558106786597
79.0,2.5,0.0,0.0,0.0,0.0,0.0,0.0,0.0,0.0,0.0,0.0,0.0,0.0,0.23168900866126604,0.23289494581515496,-0.02147958019068609,-0.020905014485121755
79.0,3.0,0.0,0.0,0.0,0.0,0.0,0.0,0.0,0.0,0.0,0.0,0.0,0.0,0.23164324684030688,0.23284927764035562,-0.021501751299661347,-0.020926436775363592
79.0,3.5,0.0,0.0,0.0,0.0,0.0,0.0,0.0,0.0,0.0,0.0,0.0,0.0,0.23159761338437873,0.2328037373708478,-0.021523887374571223,-0.020947825117959833
79.0,4.0,0.0,0.0,0.0,0.0,0.0,0.0,0.0,0.0,0.0,0.0,0.0,0.0,0.23155210760562728,0.23275832432208077,-0.021545988559295598,-0.02096917965243097
79.0,4.5,0.0,0.0,0.0,0.0,0.0,0.0,0.0,0.0,0.0,0.0,0.0,0.0,0.23150672882161377,0.23271303781488845,-0.021568054996767567,-0.020990500517378594
79.0,5.0,0.0,0.0,0.0,0.0,0.0,0.0,0.0,0.0,0.0,0.0,0.0,0.0,0.2314614763552592,0.23266787717543386,-0.02159008682898172,-0.021011787850493683
79.0,5.5,0.0,0.0,0.0,0.0,0.0,0.0,0.0,0.0,0.0,0.0,0.0,0.0,0.23141634953478868,0.23262284173515396,-0.021612084197002834,-0.021033041788564775
79.0,6.0,0.0,0.0,0.0,0.0,0.0,0.0,0.0,0.0,0.0,0.0,0.0,0.0,0.231371347693677,0.23257793083070535,-0.021634047240974043,-0.02105426246748618
79.0,6.5,0.0,0.0,0.0,0.0,0.0,0.0,0.0,0.0,0.0,0.0,0.0,0.0,0.23132647017059466,0.232533143803911,-0.02165597610012512,-0.02107545002226567
79.0,7.0,0.0,0.0,0.0,0.0,0.0,0.0,0.0,0.0,0.0,0.0,0.0,0.0,0.23128171630935448,0.23248848000170677,-0.021677870912780624,-0.021096604587032837
79.0,7.5,0.0,0.0,0.0,0.0,0.0,0.0,0.0,0.0,0.0,0.0,0.0,0.0,0.23123708545885927,0.23244393877608963,-0.021699731816367935,-0.021117726295046522
79.0,8.0,0.0,0.0,0.0,0.0,0.0,0.0,0.0,0.0,0.0,0.0,0.0,0.0,0.23119257697304973,0.23239951948406604,-0.021721558947425185,-0.021138815278702684
79,8.5,0.7132464273451129,0.7352518767072389,0.029266948775679712,0.15862812575397608,16.042982081130884,18.012546093408112,True,True,0.023089659143238885,0.127745408023657,0.0,0.0,0.23114819021085323,0.23235522148760068,-0.021743352441609205,-0.021159871669542155
79,9.0,0.7862155829355418,0.812158444559763,0.03431383975228257,0.18970163958288283,15.952988146791663,18.011355617850253,True,True,0.02455256805517969,0.1409539182492181,0.0,0.0,0.23110019496727918,0.23229082972937984,-0.021766946989211614,-0.02119052391237984
79,9.5,0.8650773780168127,0.8939832821632941,0.03881127481118089,0.20050953610183297,15.912758041308367,17.97300427865795,True,True,0.026595254691342454,0.14389709671267098,0.0,0.0,0.23105167704054763,0.2322225982208475,-0.021790829501185983,-0.021223061730990124
79,10.0,1.0297675228125744,1.0635834994544073,0.048672528488570684,0.188170459226378,15.826221510272752,17.78490954008454,True,True,0.03063373938002486,0.12515664715827837,0.0,0.0,0.23100270582294394,0.2321531088426418,-0.021814966808144803,-0.021256260597352805
79,10.5,1.1094004581015344,1.146185213207776,0.054446782284042865,0.19210435702377188,15.773148773693032,17.710798813730026,True,True,0.03236034518749739,0.12179941166026594,0.0,0.0,0.23095259716648603,0.23208531065939858,-0.021839697726182758,-0.021288711139884346
79,11.0,2.288517014964616,2.366590193646096,0.11444106199530929,0.4097416816673279,31.413106669769743,35.385655002520586,True,True,0.06516284100709674,0.2452169336020246,0.0,0.0,0.2309018712720742,0.23201712934661492,-0.021864767311636873,-0.021321404605928816
79,11.5,2.9690405039102674,3.0632713111882763,0.17057024288627384,0.3786114702079384,30.957400807537887,34.30116461043889,True,True,0.07816432500712397,0.18752020932168284,0.0,0.0,0.2308436181184928,0.23192133147166324,-0.021893599303571196,-0.021367441559656957
79,12.0,3.1286043651803785,3.221898036764964,0.18103460168013707,0.3685294882377977,30.83637714833701,33.93810775269533,True,True,0.08074782603349637,0.17335068460577444,0.0,0.0,0.230778329638509,0.23182961757032425,-0.021925967234297048,-0.02141162691555972
79,12.5,3.6720777503640605,3.775601020383335,0.2370407166258704,0.3968557439022539,30.45080294115142,33.16148348883547,True,True,0.08919490763003898,0.16077435718921085,0.0,0.0,0.23071182442472887,0.2317393048079227,-0.02195899701956548,-0.02145524366281675
79,13.0,4.177702223495173,4.27572729831558,0.2879756227006882,0.40564981802570726,30.158947826072367,32.2708578235067,True,True,0.09714732129940079,0.14759326344578755,0.0,0.0,0.23063829836583813,0.23164549812008825,-0.021995582731368098,-0.02150065994136156
79,13.5,4.778547779033907,4.8614046347698485,0.355628500803356,0.4259808988556095,29.776613291890996,31.151195960474535,True,True,0.10523769314043858,0.1355944264852909,0.0,0.0,0.23055839710622975,0.2315506859560379,-0.022035423045766504,-0.021546679459582472
79,14.0,4.987530797221902,5.048354851026679,0.3753108424234786,0.4196276897571467,29.63110030977806,30.526996729211085,True,True,0.10767111206029673,0.12693536022701857,0.0,0.0,0.23046998963870824,0.23145339753617397,-0.022079604960066838,-0.021594022941853405
79,14.5,5.533258691875682,5.536322215328598,0.4393685641483425,0.4176194822145055,29.34535061473705,29.151402140082144,True,True,0.11499313804284808,0.11484081320132443,0.0,0.0,0.23037918839743404,0.23135703273165228,-0.022125093089195334,-0.021641039199283424
79,15.0,5.956321706471577,5.931503462556067,0.49382965643716403,0.4466939335040651,29.083540656393716,28.44093198293995,True,True,0.11969152889543255,0.11280650567848097,0.0,0.0,0.23028033792340968,0.23126103726888253,-0.022174740596276336,-0.02168799657320579
79,15.5,6.321619075031265,6.2042742046641735,0.5469006932768408,0.4389978554621241,28.80066379936696,26.931381387259442,True,True,0.12264952826709516,0.10122808018012519,0.0,0.0,0.23017466056557473,0.23116144962439397,-0.022227963774187405,-0.021736839463147917
79,16.0,6.723804352558723,6.523370962708251,0.6042712503458532,0.4362665884300644,28.572020606821397,25.569699909200832,False,True,0.12691351020784894,0.09410467662192917,0.0,0.0,0.2300623328905626,0.23106295499986748,-0.02228470326865112,-0.021785275243380624
79,16.5,6.593257979885076,6.435103304494677,0.5873349571869392,0.44919270845340764,28.551005683122504,25.736781167899316,False,False,0.12413987443879196,0.09619875357226781,0.0,0.0,0.22994280643076837,0.23096492015046546,-0.022345268663914418,-0.021833612672871927
79,17.0,4.759784035182008,4.779319798450742,0.3916786063121092,0.40380935560115744,28.885162990637635,28.07795021111759,False,False,0.09330903295729272,0.09616659191707651,0.0,0.0,0.22982554975166938,0.23086534925076624,-0.02240487460120561,-0.02188283833703141
79,17.5,5.185195257549667,5.226204658241093,0.4019905740374685,0.4364941323144518,29.121857856657435,28.746584816425344,False,False,0.104702605811486,0.11384087245508513,0.0,0.0,0.22973333708895508,0.23077167228260892,-0.02245188283603327,-0.02192927093972694
79.0,18.0,0.0,0.0,0.0,0.0,0.0,0.0,0.0,0.0,0.0,0.0,0.0,0.0,0.22963992077045825,0.23067394025394966,-0.022499624545680205,-0.021977838679951043
79.0,18.5,0.0,0.0,0.0,0.0,0.0,0.0,0.0,0.0,0.0,0.0,0.0,0.0,0.22959784110705195,0.23063194139219959,-0.022521169451992853,-0.021998749297252197
79.0,19.0,0.0,0.0,0.0,0.0,0.0,0.0,0.0,0.0,0.0,0.0,0.0,0.0,0.22955587077234396,0.23059005148887976,-0.022542682871333094,-0.02201962928243614
79.0,19.5,0.0,0.0,0.0,0.0,0.0,0.0,0.0,0.0,0.0,0.0,0.0,0.0,0.22951400922320958,0.23054827000335504,-0.022564164923633365,-0.02204047875223631
79.0,20.0,0.0,0.0,0.0,0.0,0.0,0.0,0.0,0.0,0.0,0.0,0.0,0.0,0.2294722559204922,0.23050659639893606,-0.022585615728092673,-0.022061297822672146
79.0,20.5,0.0,0.0,0.0,0.0,0.0,0.0,0.0,0.0,0.0,0.0,0.0,0.0,0.22943061032896458,0.23046503014284173,-0.022607035403182988,-0.02208208660905486
79.0,21.0,0.0,0.0,0.0,0.0,0.0,0.0,0.0,0.0,0.0,0.0,0.0,0.0,0.2293890719172917,0.2304235707061613,-0.022628424066655186,-0.02210284522599366
79.0,21.5,0.0,0.0,0.0,0.0,0.0,0.0,0.0,0.0,0.0,0.0,0.0,0.0,0.22934764015799317,0.2303822175638176,-0.022649781835545082,-0.02212357378740134
79.0,22.0,0.0,0.0,0.0,0.0,0.0,0.0,0.0,0.0,0.0,0.0,0.0,0.0,0.22930631452740652,0.23034097019453056,-0.022671108826179405,-0.022144272406500205
79.0,22.5,0.0,0.0,0.0,0.0,0.0,0.0,0.0,0.0,0.0,0.0,0.0,0.0,0.2292650945056511,0.23029982808078092,-0.022692405154181607,-0.022164941195827736
79.0,23.0,0.0,0.0,0.0,0.0,0.0,0.0,0.0,0.0,0.0,0.0,0.0,0.0,0.22922397957659169,0.23025879070877453,-0.02271367093447779,-0.02218558026724234
79.0,23.5,0.0,0.0,0.0,0.0,0.0,0.0,0.0,0.0,0.0,0.0,0.0,0.0,0.22918296922780323,0.23021785756840707,-0.022734906281302404,-0.022206189731928946
79.0,24.0,0.0,0.0,0.0,0.0,0.0,0.0,0.0,0.0,0.0,0.0,0.0,0.0,0.2291420629505358,0.23017702815322916,-0.02275611130820393,-0.022226769700404544
80.0,0.5,0.0,0.0,0.0,0.0,0.0,0.0,0.0,0.0,0.0,0.0,0.0,0.0,0.22910126023967975,0.230136301960412,-0.022777286128050644,-0.022247320282523606
80.0,1.0,0.0,0.0,0.0,0.0,0.0,0.0,0.0,0.0,0.0,0.0,0.0,0.0,0.22906056059373156,0.230095678490713,-0.02279843085303601,-0.022267841587483784
80.0,1.5,0.0,0.0,0.0,0.0,0.0,0.0,0.0,0.0,0.0,0.0,0.0,0.0,0.22901996351475987,0.2300551572484425,-0.022819545594684347,-0.022288333723830978
80.0,2.0,0.0,0.0,0.0,0.0,0.0,0.0,0.0,0.0,0.0,0.0,0.0,0.0,0.22897946850837203,0.23001473774143022,-0.02284063046385631,-0.02230879679946482
80.0,2.5,0.0,0.0,0.0,0.0,0.0,0.0,0.0,0.0,0.0,0.0,0.0,0.0,0.22893907508368092,0.2299744194809925,-0.02286168557075419,-0.022329230921643933
80.0,3.0,0.0,0.0,0.0,0.0,0.0,0.0,0.0,0.0,0.0,0.0,0.0,0.0,0.22889878275327252,0.22993420198189962,-0.02288271102492732,-0.022349636196991235
80.0,3.5,0.0,0.0,0.0,0.0,0.0,0.0,0.0,0.0,0.0,0.0,0.0,0.0,0.2288585910331731,0.22989408476234374,-0.022903706935277487,-0.022370012731498985
80.0,4.0,0.0,0.0,0.0,0.0,0.0,0.0,0.0,0.0,0.0,0.0,0.0,0.0,0.22881849944281768,0.22985406734390726,-0.02292467341006395,-0.02239036063053387
80.0,4.5,0.0,0.0,0.0,0.0,0.0,0.0,0.0,0.0,0.0,0.0,0.0,0.0,0.22877850750501819,0.22981414925153126,-0.022945610556908858,-0.022410679998842196
80.0,5.0,0.0,0.0,0.0,0.0,0.0,0.0,0.0,0.0,0.0,0.0,0.0,0.0,0.22873861474593235,0.22977433001348443,-0.022966518482802234,-0.022430970940554816
80.0,5.5,0.0,0.0,0.0,0.0,0.0,0.0,0.0,0.0,0.0,0.0,0.0,0.0,0.22869882069503267,0.2297346091613326,-0.022987397294107204,-0.02245123355919206
80.0,6.0,0.0,0.0,0.0,0.0,0.0,0.0,0.0,0.0,0.0,0.0,0.0,0.0,0.2286591248850761,0.22969498622990805,-0.02300824709656487,-0.022471467957668752
80.0,6.5,0.0,0.0,0.0,0.0,0.0,0.0,0.0,0.0,0.0,0.0,0.0,0.0,0.22861952685207362,0.2296554607572798,-0.023029067995299433,-0.022491674238298974
80.0,7.0,0.0,0.0,0.0,0.0,0.0,0.0,0.0,0.0,0.0,0.0,0.0,0.0,0.2285800261352607,0.2296160322847239,-0.02304986009482303,-0.022511852502800824
80,7.5,1.013439444624816,1.0464192903014484,0.04085791409407507,0.41938657202895946,32.14927372193526,36.4752776555281,True,True,0.03323588542161591,0.3483200917533986,0.0,0.0,0.22854062227706748,0.22957670035669406,-0.02307062349904072,-0.022532002852301378
80,8.0,1.8384325149630554,1.8997739247008296,0.09157256391708496,0.3395740448379342,31.341612873100267,35.39858099921656,True,True,0.05168580357936656,0.19511609398251725,0.0,0.0,0.2284961081852194,0.22948402092102194,-0.02309410649499839,-0.022579568988695044
80,8.5,2.478211207665723,2.5612707888929807,0.13968026984968127,0.37696455351621877,30.836377215637988,34.61842244989836,True,True,0.06396148061991068,0.17650347354029905,0.0,0.0,0.2284452273371429,0.22940160786099076,-0.023120983103997104,-0.022621966608467766
80,9.0,2.9631464598419948,3.057206054456482,0.18110772127111918,0.38881525332331873,30.49658163900091,33.8756745040744,True,True,0.07248158331859714,0.15982536187129698,0.0,0.0,0.22838831149480499,0.2293145252208904,-0.023151091729370694,-0.02266686961520206
80,9.5,3.4882144207871546,3.5742736850465784,0.22998992311196242,0.3672356506919521,30.125611753017637,32.58045351518072,True,True,0.08072078291309398,0.13161883781184808,0.0,0.0,0.22832621149657803,0.22922602716662657,-0.023183996094241273,-0.022712611302527226
80,10.0,3.716651412757322,3.804729988491638,0.25620964093710885,0.39074830624420576,29.894011778897326,32.209078146140726,True,True,0.08320388327198042,0.1290705201867951,0.0,0.0,0.22825797692081204,0.22914037337472848,-0.023220215203461105,-0.022756987658429415
80,10.5,3.7928223781210795,3.8863853038339737,0.2638259733282124,0.40854637892259865,29.847202004901717,32.24613677620301,True,True,0.08435343916071975,0.13277746726147005,0.0,0.0,0.22818649527200713,0.2290518171759787,-0.023258230198310675,-0.022802976380360218
80,11.0,4.2113242145256065,4.286770881794057,0.3087189399513554,0.39812509458215983,29.663295103310247,31.283361095358586,True,True,0.09131326611772897,0.12137207033769878,0.0,0.0,0.2281141367954154,0.22896108636150417,-0.023296787050180196,-0.02285020930753737
80,11.5,4.20265163538698,4.2859967700588015,0.3075656721584844,0.41037785084093836,29.674665488144143,31.46868727661473,True,True,0.09126666495745092,0.12559906427270603,0.0,0.0,0.2280361507926068,0.22887177657148033,-0.023338427882898874,-0.02289681636126567
80,12.0,4.712853678295131,4.779670718668173,0.36545965315710244,0.4307611493232329,29.45037764487589,30.651745279357396,True,True,0.09930588358419098,0.12222986114798798,0.0,0.0,0.22795840463348122,0.22878099796150408,-0.02338002895188285,-0.022944306052741854
80,12.5,4.933079585197606,4.975876658035593,0.3797908460883672,0.4145408407338657,29.459525204318666,30.17026384448355,True,True,0.10407242679005224,0.11808773740271941,0.0,0.0,0.2278733733353785,0.22868771400860774,-0.02342562941601365,-0.022993228694196646
80,13.0,5.425152030452942,5.415535199175132,0.4546249360935717,0.43058426787271437,29.031212032378562,28.763913738663323,True,True,0.10830185483684412,0.10649154997232783,0.0,0.0,0.22778660780151727,0.22859658879002542,-0.02347226918891987,-0.023041139243398293
80,13.5,6.289911243158726,6.152195506533282,0.5581945117445254,0.43592502584325254,28.724072695029022,26.837617807376937,True,True,0.12090495623330755,0.09782576346770543,0.0,0.0,0.22769039755767698,0.2285035104284046,-0.02352411527340693,-0.023090199536852932
80,14.0,6.758330445316767,6.520005684003818,0.6246057660917073,0.449231663731395,28.48454595302904,25.727564592015163,True,True,0.12625479107527465,0.09362890310431453,0.0,0.0,0.22758108034225608,0.2284098423779481,-0.02358319017236234,-0.02313969634716705
80,14.5,7.095778357265576,6.749730618719864,0.691075946699065,0.45969157800940347,28.16868636596825,24.472768372132116,True,True,0.12781769683800462,0.08699403606107659,0.0,0.0,0.22746339092794415,0.2283145691104166,-0.023646987091562124,-0.023190171141048304
80,15.0,7.726839025890001,7.158431415265485,0.7948413945182172,0.46774760703157414,27.850095765734707,22.61917157597111,True,True,0.13433883293917084,0.08063392309600236,0.0,0.0,0.22733732139263357,0.22821805298055012,-0.023715554944956713,-0.023241438208534852
80,15.5,7.998357322836631,7.261605136567296,0.8577120268685977,0.4677285947746612,27.581016550799532,21.21656473744426,False,True,0.13508683395138574,0.07461651012273919,0.0,0.0,0.22719811868627082,0.22812059991371375,-0.02379154117226166,-0.023293340024830862
80,16.0,7.864798194867282,7.155500185539944,0.8640423533787925,0.4783478747822341,27.408156632782987,20.848812655740616,False,False,0.13043728752886163,0.0726864890045333,0.0,0.0,0.22705099374170765,0.22802323852921763,-0.023872167426331373,-0.023345330974165072
80,16.5,7.653454217334167,6.983967098914827,0.8386594679498527,0.4620050102336834,27.399206145303264,20.625255129824083,False,False,0.1268138230509824,0.07007809187745347,0.0,0.0,0.2269031512429572,0.22792461275682419,-0.023953515056817996,-0.02339813813679771
80,17.0,7.186327642261171,6.671401718603922,0.7847704173905726,0.45760026215325167,27.392373133228542,20.997455358364462,False,False,0.11898908663126603,0.06932168086468164,0.0,0.0,0.2267586320909528,0.2278281580574369,-0.02403335349996405,-0.02344992055515971
80,17.5,5.774526059604549,5.581582632859757,0.6203832035564252,0.45027381170722613,27.45423498448948,22.441709887904835,False,False,0.09623250875892503,0.06951197561944791,0.0,0.0,0.22662106850638372,0.22773235272593137,-0.024109644097516456,-0.023501489578343603
80.0,18.0,0.0,0.0,0.0,0.0,0.0,0.0,0.0,0.0,0.0,0.0,0.0,0.0,0.22650454118143368,0.227637568687946,-0.024174494134446455,-0.023552641892812993
80.0,18.5,0.0,0.0,0.0,0.0,0.0,0.0,0.0,0.0,0.0,0.0,0.0,0.0,0.226467158561891,0.22760025156786318,-0.024195342407257785,-0.023572817294051314
80.0,19.0,0.0,0.0,0.0,0.0,0.0,0.0,0.0,0.0,0.0,0.0,0.0,0.0,0.22642986309550467,0.22756302132903083,-0.0242161634257438,-0.023592966246177193
80.0,19.5,0.0,0.0,0.0,0.0,0.0,0.0,0.0,0.0,0.0,0.0,0.0,0.0,0.22639265439333692,0.22752587758417175,-0.02423695728315999,-0.023613088839743668
80.0,20.0,0.0,0.0,0.0,0.0,0.0,0.0,0.0,0.0,0.0,0.0,0.0,0.0,0.22635553206900536,0.22748881994855052,-0.02425772407224845,-0.02363318516480519
80.0,20.5,0.0,0.0,0.0,0.0,0.0,0.0,0.0,0.0,0.0,0.0,0.0,0.0,0.22631849573866072,0.22745184803995183,-0.02427846388524182,-0.023653255310921186
80.0,21.0,0.0,0.0,0.0,0.0,0.0,0.0,0.0,0.0,0.0,0.0,0.0,0.0,0.22628154502096487,0.2274149614786583,-0.024299176813867084,-0.023673299367160006
80.0,21.5,0.0,0.0,0.0,0.0,0.0,0.0,0.0,0.0,0.0,0.0,0.0,0.0,0.22624467953706923,0.22737815988742943,-0.024319862949349444,-0.023693317422102435
80.0,22.0,0.0,0.0,0.0,0.0,0.0,0.0,0.0,0.0,0.0,0.0,0.0,0.0,0.22620789891059356,0.22734144289147998,-0.024340522382416012,-0.023713309563845455
80.0,22.5,0.0,0.0,0.0,0.0,0.0,0.0,0.0,0.0,0.0,0.0,0.0,0.0,0.22617120276760447,0.22730481011845913,-0.024361155203299584,-0.023733275880005837
80.0,23.0,0.0,0.0,0.0,0.0,0.0,0.0,0.0,0.0,0.0,0.0,0.0,0.0,0.22613459073659462,0.2272682611984295,-0.024381761501742323,-0.023753216457723724
80.0,23.5,0.0,0.0,0.0,0.0,0.0,0.0,0.0,0.0,0.0,0.0,0.0,0.0,0.2260980624484621,0.22723179576384658,-0.024402341366999376,-0.023773131383666272
80.0,24.0,0.0,0.0,0.0,0.0,0.0,0.0,0.0,0.0,0.0,0.0,0.0,0.0,0.22606161753648965,0.22719541344953845,-0.02442289488784257,-0.02379302074403103
81.0,0.5,0.0,0.0,0.0,0.0,0.0,0.0,0.0,0.0,0.0,0.0,0.0,0.0,0.22602525563632456,0.22715911389268537,-0.024443422152564037,-0.023812884624549627
81.0,1.0,0.0,0.0,0.0,0.0,0.0,0.0,0.0,0.0,0.0,0.0,0.0,0.0,0.22598897638595855,0.22712289673280006,-0.024463923248979638,-0.023832723110490978
81.0,1.5,0.0,0.0,0.0,0.0,0.0,0.0,0.0,0.0,0.0,0.0,0.0,0.0,0.22595277942570785,0.22708676161170777,-0.024484398264432574,-0.023852536286664932
81.0,2.0,0.0,0.0,0.0,0.0,0.0,0.0,0.0,0.0,0.0,0.0,0.0,0.0,0.22591666439819352,0.2270507081735268,-0.02450484728579693,-0.023872324237425625
81.0,2.5,0.0,0.0,0.0,0.0,0.0,0.0,0.0,0.0,0.0,0.0,0.0,0.0,0.22588063094832214,0.22701473606464914,-0.024525270399480967,-0.023892087046674733
81.0,3.0,0.0,0.0,0.0,0.0,0.0,0.0,0.0,0.0,0.0,0.0,0.0,0.0,0.22584467872326636,0.22697884493372147,-0.024545667691430816,-0.02391182479786483
81.0,3.5,0.0,0.0,0.0,0.0,0.0,0.0,0.0,0.0,0.0,0.0,0.0,0.0,0.2258088073724459,0.22694303443162592,-0.024566039247133537,-0.023931537574002848
81.0,4.0,0.0,0.0,0.0,0.0,0.0,0.0,0.0,0.0,0.0,0.0,0.0,0.0,0.22577301654750892,0.22690730421146144,-0.024586385151620798,-0.023951225457653227
81.0,4.5,0.0,0.0,0.0,0.0,0.0,0.0,0.0,0.0,0.0,0.0,0.0,0.0,0.22573730590231295,0.22687165392852549,-0.02460670548947197,-0.02397088853094103
81.0,5.0,0.0,0.0,0.0,0.0,0.0,0.0,0.0,0.0,0.0,0.0,0.0,0.0,0.22570167509290676,0.22683608324029547,-0.024627000344817587,-0.02399052687555533
81.0,5.5,0.0,0.0,0.0,0.0,0.0,0.0,0.0,0.0,0.0,0.0,0.0,0.0,0.2256661237775119,0.22680059180641038,-0.024647269801342565,-0.024010140572752428
81.0,6.0,0.0,0.0,0.0,0.0,0.0,0.0,0.0,0.0,0.0,0.0,0.0,0.0,0.2256306516165048,0.22676517928865322,-0.024667513942289363,-0.02402972970335884
81.0,6.5,0.0,0.0,0.0,0.0,0.0,0.0,0.0,0.0,0.0,0.0,0.0,0.0,0.22559525827239862,0.22672984535093293,-0.024687732850461382,-0.024049294347774447
81.0,7.0,0.0,-0.009569491154845086,0.0,0.11254519426642116,0.0,18.5,0.0,0.0,0.0,0.0653751377022205,0.0,0.0,0.22555994340982577,0.22669458965926695,-0.024707926608225902,-0.024068834585975665
81.0,7.5,0.0,-0.0469147330436612,0.0,0.46096489277376257,0.0,37.0,0.0,0.0,0.0,0.23218964782288043,0.0,0.0,0.22552470669552024,0.22664506993397676,-0.02472809529751745,-0.02409631252684181
81,8.0,0.5426897192545186,0.5692149559820079,0.03370475126480581,0.4138516453410285,30.388836301136458,36.4030748187557,True,True,0.013058396141162755,0.16407072322048805,0.0,0.0,0.22548954779830022,0.2265512276997493,-0.02474823899984081,-0.024148487130209523
81,8.5,1.6317209759503144,1.702644985187252,0.11755154152505781,0.36781418653296716,29.682555903217256,34.51040328847044,True,True,0.03547339131684054,0.11315104762333938,0.0,0.0,0.22545017129865688,0.22646346649453766,-0.02477082232138091,-0.024197402633963094
81,9.0,2.8107852796822757,2.9081346925057323,0.23014516333630808,0.41387506526392065,29.059194566410106,32.43086478261139,True,True,0.05630919992665672,0.10357317093781172,0.0,0.0,0.2254001871297426,0.22638164890187745,-0.024799524759908338,-0.024243111711557942
81,9.5,3.7912295536532166,3.8578643382202977,0.3480025048515173,0.42828678073808407,28.465263356227204,29.949904298607713,True,True,0.07066529930857593,0.08891970078674849,0.0,0.0,0.2253359316776595,0.2262940382502248,-0.024836480439499816,-0.024292171310250996
81,10.0,4.942148394504919,4.887991685146156,0.4989551686395313,0.4437644721351749,27.960971289004895,27.021880624606,True,True,0.08697816991925067,0.07922772451451585,0.0,0.0,0.22525673384892014,0.2262046673589726,-0.024882120347857833,-0.02434233852255304
81,10.5,5.915158350794101,5.677539385854834,0.6389981081044143,0.46196123146941664,27.598550708851867,24.615748217422187,True,True,0.10008933860381744,0.07417231397373045,0.0,0.0,0.2251583758933508,0.22611340006813602,-0.024938940993209768,-0.02439369770471746
81,11.0,6.619578354680708,6.176058143793586,0.7546082350132378,0.47483202681609493,27.295167439270614,22.76936398492662,True,True,0.10850719408459578,0.06993601535835048,0.0,0.0,0.22504224774849818,0.22601988956158103,-0.025006226486840546,-0.024446453185557514
81,11.5,7.306921644694505,6.604739539971309,0.8694282115366224,0.48462480719199286,27.051550433943895,21.068135074537974,True,True,0.11684100962399271,0.06670018156033383,0.0,0.0,0.22491146263870126,0.22592481422597252,-0.025082263475309736,-0.0245002309196584
81,12.0,8.125497753160246,7.053543981973959,0.99908368573786,0.49081526547941334,26.83538578298192,19.328259767360635,True,True,0.1277055818614241,0.06427915032045257,0.0,0.0,0.22476612093991435,0.22582856598750853,-0.025167086913907375,-0.024554815719926928
81,12.5,8.533201602697273,7.232662788127127,1.0721766199190168,0.4962741408554416,26.70513026607879,18.44113520621663,True,True,0.13243176107762936,0.06275442015997187,0.0,0.0,0.2246043318101438,0.22573160358823058,-0.02526191161944903,-0.02460995211522205
81,13.0,8.809016987268604,7.216079179189066,1.1626379200283532,0.5054564318387712,26.409821096985787,17.332758919746794,False,True,0.13289583649761294,0.059059092898835375,0.0,0.0,0.22443330286025745,0.22563401994579624,-0.02536261502032644,-0.024665590768722812
81,13.5,8.925339303552201,7.049136002462644,1.218859872659056,0.49561235088202144,26.20552839939611,16.298548718502573,False,True,0.13209052926708928,0.054808730844023254,0.0,0.0,0.22425082048162573,0.22553534026688002,-0.025470590196768016,-0.024722006818607575
81,14.0,9.028416591748705,7.015459161582626,1.2660690505381649,0.5048590399716808,26.0350144109384,15.819227486058788,False,True,0.1314964088403651,0.053367981011861305,0.0,0.0,0.22406124758226661,0.22543798882887095,-0.025583341393655503,-0.02477781421872577
81,14.5,9.072307728996059,6.903964315952338,1.294957688219561,0.500937040899247,25.912382362526017,15.26739172773122,False,True,0.13060939321195453,0.05124219368980043,0.0,0.0,0.22386573237959906,0.22533953253738076,-0.025700250366884326,-0.02483440771758233
81,15.0,9.055633812224059,6.8910058967719605,1.3069598186241675,0.5081970529592136,25.86035714123107,15.15756260207273,False,True,0.12931944726443662,0.05083996558038891,0.0,0.0,0.22366660920739395,0.22524164921254267,-0.025819971598312202,-0.024890824606130974
81,15.5,8.960620571509418,6.744184360388765,1.3141940243445271,0.503033428035471,25.74211879271779,14.713562327853552,False,True,0.12661865050689985,0.04883327745896063,0.0,0.0,0.22346602965845444,0.22514291359884459,-0.02594124087275738,-0.024947887499405283
81,16.0,8.830044500541005,6.6293877035048165,1.3260371817706615,0.5099442939483457,25.574645024002002,14.381360304308487,False,True,0.12294459579123007,0.04745473803389415,0.0,0.0,0.2232646010226568,0.22504490857612666,-0.026063707060463646,-0.02500468236454256
81,16.5,8.475590897610939,6.485028961381449,1.2790387935286163,0.5067351564573136,25.5174679269186,14.307362509768424,False,True,0.11742175570002628,0.04650444400851281,0.0,0.0,0.22306173567019866,0.2249460951613266,-0.026187743633427928,-0.02506210173358992
81,17.0,7.8349536009870935,6.235190977188506,1.18660384677981,0.5000477779889432,25.471147059847382,14.458693302806129,False,False,0.10811017589366918,0.045374087501044824,0.0,0.0,0.22286493164680507,0.22484776267943402,-0.02630874684131402,-0.025119397661637566
81,17.5,6.5597759348207445,5.67749353038987,0.9908680008237017,0.5018663160391664,25.45428519764151,15.418545197038497,False,False,0.09038250778375717,0.045407875079053854,0.0,0.0,0.2226799787651111,0.22475035407891805,-0.026423071135914498,-0.02517630920776175
81.0,18.0,0.0,0.0,0.0,0.0,0.0,0.0,0.0,0.0,0.0,0.0,0.0,0.0,0.2225200406537362,0.22465278513541936,-0.026522410649387262,-0.02523346851150056
81.0,18.5,0.0,0.0,0.0,0.0,0.0,0.0,0.0,0.0,0.0,0.0,0.0,0.0,0.22248644292821013,0.22461924152378338,-0.026543335126590357,-0.025253155241100302
81.0,19.0,0.0,0.0,0.0,0.0,0.0,0.0,0.0,0.0,0.0,0.0,0.0,0.0,0.22245291622810007,0.22458576873235017,-0.02656423497906405,-0.02527281865126416
81.0,19.5,0.0,0.0,0.0,0.0,0.0,0.0,0.0,0.0,0.0,0.0,0.0,0.0,0.22241946026575501,0.22455236647461552,-0.02658511028314725,-0.02529245881441528
81.0,20.0,0.0,0.0,0.0,0.0,0.0,0.0,0.0,0.0,0.0,0.0,0.0,0.0,0.2223860747552404,0.2245190344657831,-0.026605961114797096,-0.025312075802614242
81.0,20.5,0.0,0.0,0.0,0.0,0.0,0.0,0.0,0.0,0.0,0.0,0.0,0.0,0.22235275941232444,0.22448577242275133,-0.026626787549591933,-0.025331669687561707
81.0,21.0,0.0,0.0,0.0,0.0,0.0,0.0,0.0,0.0,0.0,0.0,0.0,0.0,0.22231951395446503,0.22445258006409963,-0.026647589662733513,-0.02535124054060089
81.0,21.5,0.0,0.0,0.0,0.0,0.0,0.0,0.0,0.0,0.0,0.0,0.0,0.0,0.2222863381007962,0.2244194571100757,-0.026668367529049965,-0.025370788432719966
81.0,22.0,0.0,0.0,0.0,0.0,0.0,0.0,0.0,0.0,0.0,0.0,0.0,0.0,0.22225323157211538,0.22438640328258222,-0.026689121222997905,-0.025390313434554432
81.0,22.5,0.0,0.0,0.0,0.0,0.0,0.0,0.0,0.0,0.0,0.0,0.0,0.0,0.22222019409087002,0.22435341830516403,-0.026709850818665445,-0.025409815616389726
81.0,23.0,0.0,0.0,0.0,0.0,0.0,0.0,0.0,0.0,0.0,0.0,0.0,0.0,0.22218722538114496,0.22432050190299538,-0.02673055638977432,-0.025429295048163325
81.0,23.5,0.0,0.0,0.0,0.0,0.0,0.0,0.0,0.0,0.0,0.0,0.0,0.0,0.22215432516864972,0.2242876538028671,-0.026751238009682637,-0.02544875179946744
81.0,24.0,0.0,0.0,0.0,0.0,0.0,0.0,0.0,0.0,0.0,0.0,0.0,0.0,0.2221214931807057,0.22425487373317435,-0.02677189575138715,-0.025468185939551018
82.0,0.5,0.0,0.0,0.0,0.0,0.0,0.0,0.0,0.0,0.0,0.0,0.0,0.0,0.22208872914623387,0.22422216142390383,-0.026792529687525875,-0.025487597537322354
82.0,1.0,0.0,0.0,0.0,0.0,0.0,0.0,0.0,0.0,0.0,0.0,0.0,0.0,0.22205603279574246,0.22418951660662184,-0.026813139890380335,-0.02550698666135121
82.0,1.5,0.0,0.0,0.0,0.0,0.0,0.0,0.0,0.0,0.0,0.0,0.0,0.0,0.2220234038613144,0.2241569390144619,-0.026833726431878095,-0.025526353379871195
82.0,2.0,0.0,0.0,0.0,0.0,0.0,0.0,0.0,0.0,0.0,0.0,0.0,0.0,0.22199084207659542,0.2241244283821127,-0.026854289383595156,-0.025545697760782006
82.0,2.5,0.0,0.0,0.0,0.0,0.0,0.0,0.0,0.0,0.0,0.0,0.0,0.0,0.22195834717678206,0.22409198444580614,-0.026874828816758255,-0.025565019871651655
82.0,3.0,0.0,0.0,0.0,0.0,0.0,0.0,0.0,0.0,0.0,0.0,0.0,0.0,0.22192591889860963,0.22405960694330554,-0.02689534480224719,-0.025584319779718777
82.0,3.5,0.0,0.0,0.0,0.0,0.0,0.0,0.0,0.0,0.0,0.0,0.0,0.0,0.22189355698034055,0.224027295613894,-0.02691583741059719,-0.025603597551894668
82.0,4.0,0.0,0.0,0.0,0.0,0.0,0.0,0.0,0.0,0.0,0.0,0.0,0.0,0.22186126116175256,0.22399505019836255,-0.026936306712001225,-0.025622853254765696
82.0,4.5,0.0,0.0,0.0,0.0,0.0,0.0,0.0,0.0,0.0,0.0,0.0,0.0,0.22182903118412717,0.2239628704389989,-0.026956752776312272,-0.025642086954595206
82.0,5.0,0.0,0.0,0.0,0.0,0.0,0.0,0.0,0.0,0.0,0.0,0.0,0.0,0.2217968667902383,0.2239307560795758,-0.026977175673045594,-0.025661298717325993
82.0,5.5,0.0,0.0,0.0,0.0,0.0,0.0,0.0,0.0,0.0,0.0,0.0,0.0,0.22176476772434076,0.22389870686533997,-0.02699757547138093,-0.025680488608582203
82.0,6.0,0.0,0.0,0.0,0.0,0.0,0.0,0.0,0.0,0.0,0.0,0.0,0.0,0.2217327337321592,0.2238667225430008,-0.0270179522401648,-0.025699656693671472
82.0,6.5,0.0,0.0,0.0,0.0,0.0,0.0,0.0,0.0,0.0,0.0,0.0,0.0,0.22170076456087684,0.22383480286071936,-0.027038306047912648,-0.025718803037587088
82,7.0,0.2906544049295666,0.3056937155091134,0.022715492785480827,0.1028617684545232,14.612727559095505,17.573004428708742,True,True,0.005947275912855027,0.027050027231150714,0.0,0.0,0.2216688599591245,0.22380294756809732,-0.027058636962811078,-0.025737927705010107
82,7.5,2.0016695879780526,2.088303976808221,0.1681645681685809,0.4132290002494591,28.848854298562102,33.46894571240114,True,True,0.03906519175448421,0.09670045584892599,0.0,0.0,0.22163412497841226,0.22375804845431987,-0.027080792224387116,-0.025764912150735276
82,8.0,3.0983634702035436,3.186611260976645,0.2847309677477599,0.4291907990229675,28.3869913660199,31.059096406797572,True,True,0.057226043619450565,0.08704128820247953,0.0,0.0,0.22158091908772495,0.22367366227229327,-0.02711477084378197,-0.025815719662460122
82,8.5,4.493016255041631,4.471083034938039,0.45640707103688644,0.4371010966325743,27.854155124418618,27.468800861770696,True,True,0.0781502563124673,0.07557571538195859,0.0,0.0,0.22151292263984929,0.22358730568076104,-0.02715826905482371,-0.025867837162028312
82,9.0,5.967492777907017,5.646977116391204,0.6746541230705876,0.4626237596598183,27.26440016013529,23.509150589290932,True,True,0.09750916532331877,0.06758878130947724,0.0,0.0,0.22142311260595485,0.22350000446021398,-0.02721584919841943,-0.02592065223654871
82,9.5,7.074541704475379,6.3572204766251765,0.859249554863511,0.478613049187532,26.86756569153973,20.622850823848857,True,True,0.11107102189978832,0.06266779988736214,0.0,0.0,0.22130555407594915,0.2234095139744824,-0.027291439772476528,-0.025975532402414313
82,10.0,7.931272412806225,6.802327501504013,1.0110046120882465,0.4923494784906757,26.599834536310954,18.699734700273407,True,True,0.12131622053223254,0.05995907496121143,0.0,0.0,0.22116453512668227,0.2233170488459432,-0.027382445753480478,-0.026031753206358758
82,10.5,8.678970357924856,7.005495545164829,1.177632687923481,0.5004312028543075,26.24660321754522,16.66527938731197,False,True,0.128392243783222,0.05548611212548833,0.0,0.0,0.2210042404570802,0.22322289592224148,-0.02748633069790723,-0.02608914926627731
82,11.0,8.736916841097663,6.811700640957332,1.2449838475371708,0.5020521262562212,25.933132684727454,15.854756515594204,False,True,0.12617946422220358,0.05177768754503893,0.0,0.0,0.22082277452169333,0.22312777555893232,-0.02760450373029467,-0.026147288260212193
82,11.5,8.909420937712866,6.5959842627163345,1.336541989226447,0.49998601678725574,25.626259746790815,14.748411829121135,False,True,0.1251810697432595,0.047639681020824755,0.0,0.0,0.22063278822648683,0.2230325108359799,-0.027728874576224173,-0.026205670275272895
82,12.0,9.089771738548976,6.5831798577421985,1.4059417356990382,0.5137682415101874,25.442903724072863,14.342224191457664,False,True,0.12568051111655695,0.04672488480256757,0.0,0.0,0.22043119658774496,0.22293757136568623,-0.027861573415473715,-0.026264007549153916
82,12.5,9.265840967038395,6.443514220705511,1.4946991741388982,0.5209577567231429,25.189022104416317,13.712047120011405,False,True,0.1253991151591555,0.044493641268236725,0.0,0.0,0.22022082309861396,0.22284093731540675,-0.02800086056752337,-0.026323545058509777
82,13.0,9.410746701642202,6.2607030691163095,1.5751967688343036,0.5209101575863004,24.9606297927292,13.04673186619469,False,True,0.124942647500625,0.0420415671241694,0.0,0.0,0.21999920074919424,0.22274344857855935,-0.028148493889203,-0.026383772170027773
82,13.5,9.485737021422473,6.0783760386574155,1.6444425611549287,0.5227584981077221,24.736420089789036,12.493244372634681,False,True,0.12360736515122592,0.039913870736794935,0.0,0.0,0.21976738191668918,0.2226460271681736,-0.028303913108365157,-0.026444121771071416
82,14.0,9.511288710524582,5.961973281866218,1.6790373455352336,0.5207486438273052,24.617427039443264,12.195813375132683,False,True,0.12275962039605229,0.03864029270840229,0.0,0.0,0.2195268002594402,0.22254843124804893,-0.02846628961393745,-0.026504744463649144
82,14.5,9.528461006116654,5.801308140900288,1.72777510031153,0.5223504090447614,24.439074145431903,11.824370308421518,False,True,0.12123531946032495,0.03713228479276569,0.0,0.0,0.21928187126916296,0.22245115224866457,-0.028632741750012014,-0.02656533515025627
82,15.0,9.47753178039778,5.791896340388126,1.7220165830049496,0.5257931029051324,24.414746706583266,11.790884466458705,False,True,0.12025122515078451,0.03705380855304827,0.0,0.0,0.21903079249211074,0.22235372970252226,-0.02880457837446081,-0.026626180717104004
82,15.5,9.365024426207489,5.695674176033244,1.7234528616649252,0.5273190076600001,24.315305795826426,11.604654158522214,False,True,0.117859436892627,0.03627787207040901,0.0,0.0,0.21878050837135019,0.22225592878746359,-0.02897709542738445,-0.026687429683121825
82,16.0,9.13519585849469,5.601320681965885,1.7024142434533969,0.5300890966301567,24.241540965462313,11.49525214269295,False,True,0.11390319130737211,0.03553155407113901,0.0,0.0,0.21853010189173908,0.2221579935390358,-0.029150930218174692,-0.026748931066996624
82,16.5,8.68941113971536,5.453826407236645,1.623247303082576,0.5214799136618694,24.19434085752826,11.420851661076398,False,True,0.10794552902258744,0.03458264907526365,0.0,0.0,0.21828243693582386,0.22205976518239634,-0.029324085367960925,-0.0268107862189286
82,17.0,7.853259020416392,5.3831248851264695,1.4430236884789265,0.5210067767438731,24.26241948563375,11.938497437665937,False,False,0.09807972151899531,0.03515064085234894,0.0,0.0,0.21804492080709978,0.2219626935861452,-0.029491297308916194,-0.026872080446636762
82,17.5,6.236283640726857,4.908143120035039,1.1088116770101208,0.5049979160853354,24.420747196964506,13.156173313004906,False,False,0.07886553032488942,0.035453530199221865,0.0,0.0,0.2178304312937164,0.22186574172875115,-0.029643275447588113,-0.026933465791474452
82.0,18.0,0.0,0.0,0.0,0.0,0.0,0.0,0.0,0.0,0.0,0.0,0.0,0.0,0.2176585914252376,0.2217708891495077,-0.029765707483302983,-0.026993683727179158
82.0,18.5,0.0,0.0,0.0,0.0,0.0,0.0,0.0,0.0,0.0,0.0,0.0,0.0,0.21762811045854355,0.22174044886656946,-0.02978748734959962,-0.027013042981377414
82.0,19.0,0.0,0.0,0.0,0.0,0.0,0.0,0.0,0.0,0.0,0.0,0.0,0.0,0.21759768929617643,0.22171006736911716,-0.029809243418048182,-0.027032381346254374
82.0,19.5,0.0,0.0,0.0,0.0,0.0,0.0,0.0,0.0,0.0,0.0,0.0,0.0,0.21756732780231508,0.22167974443948485,-0.02983097569340188,-0.027051698881140125
82.0,20.0,0.0,0.0,0.0,0.0,0.0,0.0,0.0,0.0,0.0,0.0,0.0,0.0,0.2175370258403686,0.22164947986119474,-0.029852684181319405,-0.027070995645092903
82.0,20.5,0.0,0.0,0.0,0.0,0.0,0.0,0.0,0.0,0.0,0.0,0.0,0.0,0.2175067832730048,0.22161927341894913,-0.029874368888346634,-0.027090271696900533
82.0,21.0,0.0,0.0,0.0,0.0,0.0,0.0,0.0,0.0,0.0,0.0,0.0,0.0,0.21747659996217805,0.2215891248986215,-0.02989602982189884,-0.027109527095082336
82.0,21.5,0.0,0.0,0.0,0.0,0.0,0.0,0.0,0.0,0.0,0.0,0.0,0.0,0.21744647576915696,0.22155903408724817,-0.02991766699024306,-0.027128761897890912
82.0,22.0,0.0,0.0,0.0,0.0,0.0,0.0,0.0,0.0,0.0,0.0,0.0,0.0,0.217416410554551,0.2215290007730202,-0.02993928040248067,-0.027147976163313544
82.0,22.5,0.0,0.0,0.0,0.0,0.0,0.0,0.0,0.0,0.0,0.0,0.0,0.0,0.21738640417833685,0.22149902474527491,-0.029960870068530474,-0.027167169949074
82.0,23.0,0.0,0.0,0.0,0.0,0.0,0.0,0.0,0.0,0.0,0.0,0.0,0.0,0.2173564564998841,0.22146910579448767,-0.02998243599911198,-0.027186343312634333
82.0,23.5,0.0,0.0,0.0,0.0,0.0,0.0,0.0,0.0,0.0,0.0,0.0,0.0,0.21732656737798042,0.2214392437122641,-0.030003978205729007,-0.02720549631119613
82.0,24.0,0.0,0.0,0.0,0.0,0.0,0.0,0.0,0.0,0.0,0.0,0.0,0.0,0.21729673667085608,0.2214094382913316,-0.03002549670065353,-0.027224629001702493
83.0,0.5,0.0,0.0,0.0,0.0,0.0,0.0,0.0,0.0,0.0,0.0,0.0,0.0,0.21726696423620814,0.2213796893255317,-0.030046991496909807,-0.02724374144083961
83.0,1.0,0.0,0.0,0.0,0.0,0.0,0.0,0.0,0.0,0.0,0.0,0.0,0.0,0.217237249931224,0.22134999660981197,-0.03006846260825882,-0.027262833685038103
83.0,1.5,0.0,0.0,0.0,0.0,0.0,0.0,0.0,0.0,0.0,0.0,0.0,0.0,0.21720759361260447,0.22132035994021834,-0.030089910049182975,-0.027281905790474854
83.0,2.0,0.0,0.0,0.0,0.0,0.0,0.0,0.0,0.0,0.0,0.0,0.0,0.0,0.21717799513658634,0.22129077911388728,-0.03011133383487112,-0.02730095781307445
83.0,2.5,0.0,0.0,0.0,0.0,0.0,0.0,0.0,0.0,0.0,0.0,0.0,0.0,0.2171484543589644,0.221261253929038,-0.030132733981203648,-0.02731998980851084
83.0,3.0,0.0,0.0,0.0,0.0,0.0,0.0,0.0,0.0,0.0,0.0,0.0,0.0,0.21711897113511333,0.22123178418496503,-0.030154110504737926,-0.027339001832208772
83.0,3.5,0.0,0.0,0.0,0.0,0.0,0.0,0.0,0.0,0.0,0.0,0.0,0.0,0.2170895453200083,0.2212023696820305,-0.030175463422694487,-0.027357993939345442
83.0,4.0,0.0,0.0,0.0,0.0,0.0,0.0,0.0,0.0,0.0,0.0,0.0,0.0,0.21706017676824627,0.2211730102216567,-0.030196792752942278,-0.02737696618485189
83.0,4.5,0.0,0.0,0.0,0.0,0.0,0.0,0.0,0.0,0.0,0.0,0.0,0.0,0.21703086533406585,0.22114370560631863,-0.030218098513985464,-0.027395918623414634
83.0,5.0,0.0,0.0,0.0,0.0,0.0,0.0,0.0,0.0,0.0,0.0,0.0,0.0,0.21700161087136705,0.22111445563953666,-0.030239380724949798,-0.027414851309477104
83.0,5.5,0.0,0.0,0.0,0.0,0.0,0.0,0.0,0.0,0.0,0.0,0.0,0.0,0.2169724132337309,0.22108526012586927,-0.030260639405569084,-0.02743376429724112
83.0,6.0,0.0,0.0,0.0,0.0,0.0,0.0,0.0,0.0,0.0,0.0,0.0,0.0,0.21694327227443824,0.22105611887090573,-0.03028187457617236,-0.027452657640668367
83.0,6.5,0.0,0.0,0.0,0.0,0.0,0.0,0.0,0.0,0.0,0.0,0.0,0.0,0.2169141878464882,0.22102703168125898,-0.030303086257670964,-0.027471531393481925
83,7.0,0.7441666620863673,0.766918437527674,0.056028024167706296,0.10001539167553983,14.704933807138792,16.27570603888531,True,True,0.015596856708749513,0.02791556369174156,0.0,0.0,0.21688515980261633,0.22099799836455847,-0.030324274471545898,-0.027490385609167674
83,7.5,3.4051331321687304,3.4884003462235897,0.25996839347149164,0.4232495838178614,29.329977832208755,32.05655371163602,True,True,0.07062422927479459,0.11554147807910659,0.0,0.0,0.2168490481880337,0.2209562734893232,-0.030350657784613246,-0.027517508721570244
83,8.0,4.630276592035539,4.659056802894,0.3832793182369131,0.42055589118459186,28.937241575587507,29.498616053534807,True,True,0.09135651770928212,0.10098124297520944,0.0,0.0,0.21678700397260545,0.22087341147130476,-0.03039605146756582,-0.027571467487498242
83,8.5,6.638336546772285,6.414358387859391,0.6265783377352335,0.46208893680551005,28.254623798943157,25.45619909497666,True,True,0.12075274831576144,0.08986357776185139,0.0,0.0,0.21670930184336343,0.22079094601991006,-0.030453015161445617,-0.027625293222960697
83,9.0,8.387006306651763,7.551787460746997,0.8925761830309009,0.47495921927849083,27.602944227111028,21.017274226271425,False,True,0.14198138910219724,0.07626547890863172,0.0,0.0,0.21660065123559097,0.22070324101024225,-0.03053288071206925,-0.027682676295950105
83,9.5,9.249216651765721,7.740155483217516,1.1084366294213575,0.4987049703954866,26.94192788275646,18.24451103853834,False,True,0.14628724571242716,0.06654149348370092,0.0,0.0,0.21645815942799648,0.22061394883070443,-0.03063800042536889,-0.0277412437694771
83,10.0,9.678217908076485,7.3964602827003585,1.3104636020394955,0.5104654217724449,26.239590615242516,15.88412683084128,False,True,0.14308129335344227,0.05638960730881183,0.0,0.0,0.21628821542368334,0.22052168340359854,-0.03076393666476975,-0.027801916578804917
83,10.5,9.963841049945916,6.857680079640821,1.5142346992231643,0.5196393200243019,25.552051152387634,14.042281827408363,False,True,0.1384571429345951,0.048051238816377365,0.0,0.0,0.21609258191722144,0.2204279718636265,-0.030909674484073262,-0.027863702249191692
83,11.0,10.04867626227681,6.298494470006762,1.691270169148871,0.525709530643064,24.896742867359038,12.788577378299426,False,True,0.1327166907189615,0.041720826725719806,0.0,0.0,0.21587103650862213,0.22033314363797527,-0.031075709889804317,-0.027926390779283283
83,11.5,9.986563008541342,5.778856335640362,1.8261149955195872,0.5277746940609203,24.399360515718516,12.012127945948357,False,True,0.12671863729721644,0.03708802189342139,0.0,0.0,0.21562698605456496,0.22023759405467855,-0.0312598431473654,-0.02798972622064458
83,12.0,9.81180052471175,5.5996411304878295,1.8292780831962925,0.5257235181623195,24.287217792627697,12.014860766941041,False,True,0.12335441659858815,0.03592410695630589,0.0,0.0,0.21536580689029708,0.22014183330548084,-0.03145834173924498,-0.02805337342119827
83,12.5,9.67968970212266,5.567729355858007,1.8108120506500125,0.5297059704868301,24.26914283154807,12.201800042240416,False,True,0.12147197966020218,0.03600509931587228,0.0,0.0,0.21510427945365335,0.2200463857653333,-0.03165861166166296,-0.02811698411916052
83,13.0,9.688260480369536,5.501650375448927,1.8322279848101526,0.5295430140898408,24.20228042565509,12.08979044971979,False,True,0.12095351296581125,0.03543112819960527,0.0,0.0,0.21484515987349131,0.21995048237146972,-0.03185853766653818,-0.028181071782107374
83,13.5,9.62293230948534,5.255979459665735,1.8861279327716247,0.5273825892778554,23.975504420584567,11.792382571790114,False,True,0.11806248835263564,0.033445922627792626,0.0,0.0,0.2145833657521162,0.2198546512051017,-0.032062056787412405,-0.028245285103887654
83,14.0,9.546604717428298,5.248802410749769,1.8731295744631773,0.5327853738201451,23.96613757115633,11.905509790877026,False,True,0.11697449155816039,0.033639581097236144,0.0,0.0,0.21431475743603493,0.21975914663034427,-0.03227248543195592,-0.02830945310390424
83,14.5,9.499606396809472,5.2409339445171845,1.8542001734910964,0.5267814120387584,23.98954344323809,11.796497318054929,False,True,0.11654956906147235,0.03341160968674864,0.0,0.0,0.21404785984006575,0.21966300466841382,-0.03248320573940638,-0.028374224864294213
83,15.0,9.359003238281687,5.333132038153996,1.7804272241817707,0.5247536729800241,24.165911287461398,12.019156467005303,False,True,0.11600609668021508,0.03443458528555236,0.0,0.0,0.21378342865284947,0.21956767873576197,-0.03269359741887981,-0.028438621263725674
83,15.5,8.878430252107416,5.418576735820304,1.6347829791656037,0.5257776898239068,24.34738648315335,12.647314731044716,False,True,0.11162775691847364,0.03604805398477388,0.0,0.0,0.21352845262189,0.21947266195512447,-0.03289800552024632,-0.02850298218105475
83,16.0,7.499434862311706,5.351825530360455,1.2621319235080128,0.5069912888147482,24.84561831266121,14.424765649472693,False,False,0.09815488492309629,0.039319314150010685,0.0,0.0,0.21329209038973285,0.21937756525751878,-0.03308885275863223,-0.028567571073643334
83,16.5,6.510477863201607,4.995020260331506,1.04558640712006,0.49907620083973003,25.112812394958688,16.04875352351509,False,False,0.08712644607444872,0.041509801454598774,0.0,0.0,0.21310326995146328,0.21928491296600733,-0.03324226142820836,-0.028630667532875815
83,17.0,5.027726052464482,4.206731694826551,0.7903335378955721,0.4833819309471773,25.20709700908779,17.60120523323126,False,False,0.06782145823962737,0.041317982300702195,0.0,0.0,0.21294209822880228,0.2191933195483113,-0.033373877443579975,-0.02869320617060114
83,17.5,1.9907945721642855,2.0721563600319466,0.30459357644279245,0.43829619177439727,12.665673912394583,14.194855101588962,False,False,0.027140759294110382,0.03878973279797605,0.0,0.0,0.2128135076939571,0.21910377615967072,-0.03347933249104865,-0.028754502477822977
83.0,18.0,0.0,0.0,0.0,0.0,0.0,0.0,0.0,0.0,0.0,0.0,0.0,0.0,0.21274686984623234,0.21902002807218374,-0.033534137293215936,-0.028811972898355392
83.0,18.5,0.0,0.0,0.0,0.0,0.0,0.0,0.0,0.0,0.0,0.0,0.0,0.0,0.21271910058373372,0.21899218302770826,-0.033557007048908655,-0.02883111130237183
83.0,19.0,0.0,0.0,0.0,0.0,0.0,0.0,0.0,0.0,0.0,0.0,0.0,0.0,0.21269138458449643,0.21896438756130218,-0.033579851471045294,-0.02885023073880263
83.0,19.5,0.0,0.0,0.0,0.0,0.0,0.0,0.0,0.0,0.0,0.0,0.0,0.0,0.21266372173426795,0.21893664151398087,-0.03360267056455362,-0.028869331250172058
83.0,20.0,0.0,0.0,0.0,0.0,0.0,0.0,0.0,0.0,0.0,0.0,0.0,0.0,0.2126361119181343,0.21890894472739603,-0.03362546433523563,-0.02888841287892133
83.0,20.5,0.0,0.0,0.0,0.0,0.0,0.0,0.0,0.0,0.0,0.0,0.0,0.0,0.21260855502054246,0.21888129704383386,-0.033648232789751355,-0.028907475667407836
83.0,21.0,0.0,0.0,0.0,0.0,0.0,0.0,0.0,0.0,0.0,0.0,0.0,0.0,0.21258105092532312,0.21885369830621318,-0.033670975935601734,-0.02892651965790439
83.0,21.5,0.0,0.0,0.0,0.0,0.0,0.0,0.0,0.0,0.0,0.0,0.0,0.0,0.21255359951571212,0.21882614835808334,-0.03369369378111304,-0.028945544892598707
83.0,22.0,0.0,0.0,0.0,0.0,0.0,0.0,0.0,0.0,0.0,0.0,0.0,0.0,0.21252620067437192,0.2187986470436224,-0.033716386335420755,-0.02896455141359253
83.0,22.5,0.0,0.0,0.0,0.0,0.0,0.0,0.0,0.0,0.0,0.0,0.0,0.0,0.2124988542834127,0.21877119420763502,-0.03373905360845393,-0.028983539262901082
83.0,23.0,0.0,0.0,0.0,0.0,0.0,0.0,0.0,0.0,0.0,0.0,0.0,0.0,0.21247156022441263,0.21874378969555064,-0.03376169561091991,-0.029002508482452442
83.0,23.5,0.0,0.0,0.0,0.0,0.0,0.0,0.0,0.0,0.0,0.0,0.0,0.0,0.21244431837843827,0.21871643335342117,-0.03378431235428923,-0.029021459114086975
83.0,24.0,0.0,0.0,0.0,0.0,0.0,0.0,0.0,0.0,0.0,0.0,0.0,0.0,0.21241712862606413,0.21868912502791932,-0.03380690385078057,-0.02904039119955654
84.0,0.5,0.0,0.0,0.0,0.0,0.0,0.0,0.0,0.0,0.0,0.0,0.0,0.0,0.212389990847392,0.21866186456633627,-0.03382947011334632,-0.029059304780524185
84.0,1.0,0.0,0.0,0.0,0.0,0.0,0.0,0.0,0.0,0.0,0.0,0.0,0.0,0.21236290492206983,0.21863465181657982,-0.03385201115565818,-0.02907819989856341
84.0,1.5,0.0,0.0,0.0,0.0,0.0,0.0,0.0,0.0,0.0,0.0,0.0,0.0,0.21233587072931048,0.2186074866271722,-0.033874526992092945,-0.02909707659515773
84.0,2.0,0.0,0.0,0.0,0.0,0.0,0.0,0.0,0.0,0.0,0.0,0.0,0.0,0.21230888814790963,0.21858036884724802,-0.033897017637718636,-0.029115934911700097
84.0,2.5,0.0,0.0,0.0,0.0,0.0,0.0,0.0,0.0,0.0,0.0,0.0,0.0,0.2122819570562638,0.21855329832655224,-0.03391948310828076,-0.029134774889492433
84.0,3.0,0.0,0.0,0.0,0.0,0.0,0.0,0.0,0.0,0.0,0.0,0.0,0.0,0.2122550773323875,0.218526274915438,-0.03394192342018908,-0.029153596569745154
84.0,3.5,0.0,0.0,0.0,0.0,0.0,0.0,0.0,0.0,0.0,0.0,0.0,0.0,0.21222824885393074,0.21849929846486457,-0.03396433859050398,-0.029172399993576625
84.0,4.0,0.0,0.0,0.0,0.0,0.0,0.0,0.0,0.0,0.0,0.0,0.0,0.0,0.21220147149819532,0.21847236882639517,-0.03398672863692385,-0.029191185202012835
84.0,4.5,0.0,0.0,0.0,0.0,0.0,0.0,0.0,0.0,0.0,0.0,0.0,0.0,0.21217474514215154,0.21844548585219492,-0.03400909357777207,-0.029209952235986922
84.0,5.0,0.0,0.0,0.0,0.0,0.0,0.0,0.0,0.0,0.0,0.0,0.0,0.0,0.212148069662454,0.21841864939502867,-0.03403143343198446,-0.02922870113633865
84.0,5.5,0.0,0.0,0.0,0.0,0.0,0.0,0.0,0.0,0.0,0.0,0.0,0.0,0.21212144493545754,0.2183918593082588,-0.034053748219096965,-0.029247431943814163
84.0,6.0,0.0,0.0,0.0,0.0,0.0,0.0,0.0,0.0,0.0,0.0,0.0,0.0,0.21209487083723252,0.21836511544584325,-0.03407603795923334,-0.029266144699065424
84.0,6.5,0.0,0.0,0.0,0.0,0.0,0.0,0.0,0.0,0.0,0.0,0.0,0.0,0.21206834724357979,0.21833841766233308,-0.03409830267309351,-0.02928483944265011
84,7.0,0.8090073965412826,0.8274049945420047,0.023247745186005527,0.11071590286218484,16.633864457659026,18.085075997262457,True,True,0.034482246967938404,0.17082928837109124,0.0,0.0,0.21204187403004576,0.21831176581287062,-0.034120542381941225,-0.029303516215030866
84,7.5,3.6883886189026365,3.759497984840877,0.110974812287096,0.42443200751122795,33.135857477362265,35.92425058169762,True,True,0.15184475401316275,0.6257465631912348,0.0,0.0,0.21201248854697238,0.21827105091710253,-0.03414524888246917,-0.029332075333164943
84,8.0,4.3702354758936135,4.437861921741248,0.14358197466460904,0.3790487664398616,16.42293980510427,17.694291546970174,False,False,0.1673562826257134,0.5020522129184134,0.0,0.0,0.21197197388973393,0.21819040394983918,-0.0341793474467625,-0.02938874242638947
84,8.5,5.411359268653937,5.477659214101804,0.21250128128934725,0.35114661163147787,32.217559468927355,34.055111177181445,False,False,0.18000022490664935,0.31582164735597423,0.0,0.0,0.21192735401630564,0.218115585798862,-0.03421694806365014,-0.029441430538263265
84,9.0,6.951116466264656,6.995281772644702,0.35452327688574614,0.40583999230709733,31.209750967148494,31.971205017988552,False,False,0.1909737080352317,0.2327142478991368,0.0,0.0,0.21187400144372448,0.2180443686599544,-0.034261972335165695,-0.02949168734337876
84,9.5,8.706799348746493,8.57714047422013,0.5714972793341813,0.454488375368965,30.05926460667255,28.489754163596018,False,False,0.19955807535046594,0.16621555309309383,0.0,0.0,0.21180260036730855,0.2179662270149821,-0.0343223382483283,-0.029546948315788774
84,10.0,9.217532288755299,8.759310469355135,0.7314760519865987,0.45457495454387203,29.042643901719828,24.84828218390303,False,False,0.1842731805681404,0.11684304063791567,0.0,0.0,0.2117035993186492,0.21788193105769027,-0.034406248312536226,-0.029606699944888928
84,10.5,9.50114959420739,8.82061116242644,0.8309226913046147,0.47275387972309596,28.515582622119346,23.154803093438982,False,False,0.1781436673755309,0.10307927209343991,0.0,0.0,0.21158426123359358,0.2177976690187785,-0.03450772050336862,-0.02966657146982154
84,11.0,9.901014224465701,8.896749243905685,0.9314762145167907,0.48256773934797226,28.141952529160285,21.73271753676606,False,True,0.17781071920823668,0.09396864723617833,0.0,0.0,0.2114522997657781,0.21771113520678834,-0.03462034168340801,-0.02972820738407487
84,11.5,10.118223040614676,8.773811665112907,1.0390145962308568,0.4964306622241624,27.688397795650374,20.33449133883148,False,True,0.17286062992121276,0.08478478372206283,0.0,0.0,0.21130757373751072,0.2176233954738413,-0.034744360559535746,-0.029790858089714628
84,12.0,10.218816959271628,8.429176478774824,1.1465286459564077,0.49784917001666296,27.11878688718153,18.60665155358447,False,True,0.1656514576187668,0.07366872209286243,0.0,0.0,0.21114919292491013,0.21753393370691262,-0.03488068762817843,-0.029854900460481393
84,12.5,10.230408390410709,8.192828324140338,1.2204681627828937,0.5114640440706228,26.76339644442508,17.56214174407109,False,True,0.15898397202536488,0.06790571701563353,0.0,0.0,0.2109771603053289,0.2174443356047544,-0.03502948831170626,-0.029919204906232833
84,13.0,9.950110679313823,7.764872873330612,1.247987675743661,0.5013568909707615,26.478006352579584,17.127300543405127,False,True,0.1515155666736716,0.06273867247917911,0.0,0.0,0.21079575425233954,0.2173530468245242,-0.03518721662363937,-0.02998489254807499
84,13.5,9.814239869497829,7.507556933662682,1.2982466263867674,0.5131126830175726,26.168463842160364,16.655234010375384,False,True,0.1449861651711986,0.059183294989340565,0.0,0.0,0.2106108900743353,0.2172630902061614,-0.03534882302192873,-0.03004978977713209
84,14.0,9.53535891892248,7.246760340272253,1.2753469198712601,0.5068688955465479,26.04544691828506,16.54295631816828,False,True,0.13930962817238798,0.05685601905813661,0.0,0.0,0.21041966989998295,0.21717167957131658,-0.03551691711762504,-0.030115907480622792
84,14.5,9.649206294760614,7.439391445930189,1.261632374321974,0.5081548765077848,26.15947889864314,16.617219159092713,False,True,0.14237177651980332,0.058863451321684614,0.0,0.0,0.21023141642010568,0.21708110853596238,-0.03568333446324953,-0.030181588919446705
84,15.0,9.38086418185199,7.174717728439878,1.2651901581975569,0.5137113099245235,25.915745837047467,16.28692216417306,False,False,0.13529540168452237,0.05594160436150133,0.0,0.0,0.2100449590239191,0.21699041744178965,-0.035849080671851614,-0.030247528511368398
84,15.5,8.711313234587092,6.973595008301362,1.1167813223493697,0.49886849914571496,26.14886655159644,17.136549606710584,False,False,0.12770996334174897,0.057310002681847695,0.0,0.0,0.20985809653081106,0.21689906197582148,-0.03601610808211027,-0.030314124764804343
84,16.0,9.037799656821527,7.099087952598005,1.2031554343373598,0.5148014552426655,25.937134748846724,16.321117128011583,False,False,0.12996049051381875,0.056157214584045656,0.0,0.0,0.20969019435170172,0.21680964155485047,-0.036166979178452414,-0.030379479666686325
84,16.5,8.150465130320796,6.622903482538788,1.0766384891604475,0.5059240477941788,25.910893992271195,16.76093715597085,False,False,0.11692358183760485,0.0550862624743806,0.0,0.0,0.20951133332270053,0.21671823422290862,-0.03632852662070766,-0.03044646033727828
84,17.0,5.150111741771598,4.665144486901404,0.6332294222278605,0.4694034613727561,26.28754533586101,20.627402856924267,False,False,0.07647929936265471,0.05653685781402373,0.0,0.0,0.20934864262652172,0.21662800152100187,-0.03647621617451633,-0.030512752921376358
84,17.5,3.6296576657380246,3.633693282705469,0.4058820229704175,0.4196585599977902,13.393385335131303,13.444268242185801,False,False,0.056535187284298724,0.05800866353884088,0.0,0.0,0.20924250459183805,0.21654246598514476,-0.03657295323052584,-0.030575753411036403
84.0,18.0,0.0,0.0,0.0,0.0,0.0,0.0,0.0,0.0,0.0,0.0,0.0,0.0,0.20916538576085345,0.21646331271669753,-0.03664343317597548,-0.03063419120947781
84.0,18.5,0.0,0.0,0.0,0.0,0.0,0.0,0.0,0.0,0.0,0.0,0.0,0.0,0.2091400371811094,0.2164376807354776,-0.03666663491682195,-0.030653143475402257
84.0,19.0,0.0,0.0,0.0,0.0,0.0,0.0,0.0,0.0,0.0,0.0,0.0,0.0,0.2091147360580172,0.2164120916739063,-0.03668981067687477,-0.03067207794324419
84.0,19.5,0.0,0.0,0.0,0.0,0.0,0.0,0.0,0.0,0.0,0.0,0.0,0.0,0.20908948227427324,0.21638654542441585,-0.036712960480771904,-0.030690994634484582
84.0,20.0,0.0,0.0,0.0,0.0,0.0,0.0,0.0,0.0,0.0,0.0,0.0,0.0,0.20906427571242553,0.21636104187949898,-0.03673608435363844,-0.030709893570803063
84.0,20.5,0.0,0.0,0.0,0.0,0.0,0.0,0.0,0.0,0.0,0.0,0.0,0.0,0.20903911625488503,0.21633558093171462,-0.03675918232107646,-0.030728774774073275
84.0,21.0,0.0,0.0,0.0,0.0,0.0,0.0,0.0,0.0,0.0,0.0,0.0,0.0,0.2090140037839363,0.21631016247369309,-0.03678225440915526,-0.030747638266358644
84.0,21.5,0.0,0.0,0.0,0.0,0.0,0.0,0.0,0.0,0.0,0.0,0.0,0.0,0.20898893818174855,0.21628478639814147,-0.03680530064440152,-0.030766484069908142
84.0,22.0,0.0,0.0,0.0,0.0,0.0,0.0,0.0,0.0,0.0,0.0,0.0,0.0,0.2089639193303858,0.2162594525978487,-0.03682832105379004,-0.030785312207151968
84.0,22.5,0.0,0.0,0.0,0.0,0.0,0.0,0.0,0.0,0.0,0.0,0.0,0.0,0.20893894711181737,0.21623416096569048,-0.03685131566473402,-0.03080412270069774
84.0,23.0,0.0,0.0,0.0,0.0,0.0,0.0,0.0,0.0,0.0,0.0,0.0,0.0,0.20891402140792795,0.21620891139463438,-0.036874284505075995,-0.03082291557332607
84.0,23.5,0.0,0.0,0.0,0.0,0.0,0.0,0.0,0.0,0.0,0.0,0.0,0.0,0.2088891421005272,0.21618370377774448,-0.03689722760307878,-0.030841690847986762
84.0,24.0,0.0,0.0,0.0,0.0,0.0,0.0,0.0,0.0,0.0,0.0,0.0,0.0,0.20886430907135972,0.21615853800818602,-0.03692014498741641,-0.03086044854779501
85.0,0.5,0.0,0.0,0.0,0.0,0.0,0.0,0.0,0.0,0.0,0.0,0.0,0.0,0.20883952220211424,0.2161334139792301,-0.03694303668716539,-0.030879188696027293
85.0,1.0,0.0,0.0,0.0,0.0,0.0,0.0,0.0,0.0,0.0,0.0,0.0,0.0,0.20881478137443293,0.2161083315842581,-0.03696590273179616,-0.030897911316117733
85.0,1.5,0.0,0.0,0.0,0.0,0.0,0.0,0.0,0.0,0.0,0.0,0.0,0.0,0.2087900864699204,0.21608329071676607,-0.03698874315116447,-0.030916616431654293
85.0,2.0,0.0,0.0,0.0,0.0,0.0,0.0,0.0,0.0,0.0,0.0,0.0,0.0,0.20876543737015266,0.21605829127036894,-0.03701155797550298,-0.03093530406637517
85.0,2.5,0.0,0.0,0.0,0.0,0.0,0.0,0.0,0.0,0.0,0.0,0.0,0.0,0.20874083395668555,0.21603333313880488,-0.037034347235413295,-0.03095397424416505
85.0,3.0,0.0,0.0,0.0,0.0,0.0,0.0,0.0,0.0,0.0,0.0,0.0,0.0,0.2087162761110635,0.21600841621593903,-0.0370571109618574,-0.030972626989051757
85.0,3.5,0.0,0.0,0.0,0.0,0.0,0.0,0.0,0.0,0.0,0.0,0.0,0.0,0.2086917637148275,0.21598354039576784,-0.03707984918615015,-0.03099126232520257
85.0,4.0,0.0,0.0,0.0,0.0,0.0,0.0,0.0,0.0,0.0,0.0,0.0,0.0,0.20866729664952344,0.21595870557242286,-0.03710256193995129,-0.03100988027692082
85.0,4.5,0.0,0.0,0.0,0.0,0.0,0.0,0.0,0.0,0.0,0.0,0.0,0.0,0.20864287479670993,0.21593391164017442,-0.037125249255257654,-0.031028480868642468
85.0,5.0,0.0,0.0,0.0,0.0,0.0,0.0,0.0,0.0,0.0,0.0,0.0,0.0,0.2086184980379661,0.21590915849343553,-0.03714791116439561,-0.031047064124932897
85.0,5.5,0.0,0.0,0.0,0.0,0.0,0.0,0.0,0.0,0.0,0.0,0.0,0.0,0.20859416625489907,0.21588444602676526,-0.03717054770001378,-0.031065630070483605
85.0,6.0,0.0,0.0,0.0,0.0,0.0,0.0,0.0,0.0,0.0,0.0,0.0,0.0,0.20856987932915164,0.21585977413487248,-0.03719315889507551,-0.031084178730108807
85.0,6.5,0.0,0.0,0.0,0.0,0.0,0.0,0.0,0.0,0.0,0.0,0.0,0.0,0.20854563714240912,0.21583514271261936,-0.037215744782851855,-0.0311027101287424
85,7.0,1.1442070369115263,1.172099471131036,0.05161182677581941,0.10959533387179145,15.68521949062275,17.122341417914985,True,True,0.03233302429706366,0.06936354141089959,0.0,0.0,0.20852143957640684,0.21581055165502447,-0.03723830539691432,-0.031121224291434872
85,7.5,4.705590729991327,4.782851863154581,0.2292853078522966,0.4103980509637297,31.0259289745305,33.52330676597347,False,False,0.1253025830188623,0.2272363846624444,0.0,0.0,0.20849070947400042,0.21577203481841145,-0.03726698011710632,-0.031150249318740383
85,8.0,6.061543243695268,6.132105872730953,0.3382039093508225,0.43925812987359814,30.455731301793946,31.850549008571974,False,False,0.14734599680203606,0.19488295954801393,0.0,0.0,0.2084373823290841,0.2156952260083527,-0.037316802941852745,-0.031208226271457543
85,8.5,7.812507080444476,7.739333795660148,0.5267585864416697,0.46660771372847426,29.573692313468214,28.661525159961993,False,False,0.1673530925281366,0.15131311868106923,0.0,0.0,0.20837021964954014,0.21561477952892116,-0.03737966508420251,-0.03126908691613328
85,9.0,9.189078439335855,8.692454722250325,0.7523746375334587,0.4759823197406951,28.58242904227192,24.484363385494397,False,False,0.17366065314261075,0.11207891595859365,0.0,0.0,0.2082790730704136,0.2155308877634858,-0.03746517731713645,-0.03133270473170822
85,9.5,9.5705460028461,8.476242457524778,0.9547227900476094,0.49243059475252193,27.491858134295132,20.794936738684925,False,True,0.16012432752602404,0.08410326213008804,0.0,0.0,0.20815921963985198,0.2154458412114116,-0.03757797687649177,-0.03139735573590384
85,10.0,9.714703213344208,7.531845083087388,1.259712428567909,0.5141699714573793,25.935408397720316,16.108539175990646,False,True,0.13967233836979173,0.057792413850537225,0.0,0.0,0.20801362433364698,0.21535873835427416,-0.03771554810841624,-0.03146373473062195
85,10.5,9.760063728700683,6.987817038501463,1.4151808628678453,0.5234785954317869,25.24410980903525,14.412462066511296,False,True,0.13207280064476087,0.04952520539764485,0.0,0.0,0.20782920714415884,0.21526890483224972,-0.03789066407219874,-0.03153236992668356
85,11.0,9.805823446320725,6.727726333282831,1.4961344238356988,0.5261454704530736,24.88988483203933,13.708152518048358,False,True,0.1294864570406396,0.046272344311658664,0.0,0.0,0.20762502185862447,0.21517792463189944,-0.038085682464082865,-0.031602063112373166
85,11.5,9.657552205286642,6.446498828863186,1.523658460155353,0.5220595121927161,24.674774159492507,13.414195892355995,False,True,0.12529413589751653,0.04372206626562024,0.0,0.0,0.20741056399901933,0.2150866440319908,-0.03829180135131951,-0.03167217093075453
85,12.0,9.626791993681417,6.416387896638129,1.5417073758717585,0.5300185669105766,24.572961190547108,13.412225286954762,False,True,0.12390282868469449,0.043511975961811944,0.0,0.0,0.20719264212313665,0.2149959234681543,-0.03850261250149821,-0.03174203230078027
85,12.5,9.572687816853202,6.4171675299582915,1.5236396459936565,0.5272640924629728,24.588592876742027,13.55430418608519,False,True,0.12346329626337045,0.043751056805044916,0.0,0.0,0.20697246355712298,0.21490422791512875,-0.03871701259629697,-0.031812831137044584
85,13.0,9.729929517819187,7.46332147454166,1.2644156911411646,0.5125350732468982,25.834214999711428,16.54141656323497,False,True,0.1395193889132087,0.0583030117493086,0.0,0.0,0.2067546306314581,0.21481292253312023,-0.03893052988608877,-0.03188351574776674
85,13.5,9.586047072763934,7.262123393957284,1.2705407455315327,0.5102709542385632,25.69371344706105,16.320666025029396,False,True,0.13571963404210935,0.056152064785586826,0.0,0.0,0.2065698744422282,0.21472353317806153,-0.03911272607467053,-0.031952898403596955
85,14.0,9.616755301815818,7.118719056609274,1.3178716885339994,0.5155879844412894,25.456917594341668,15.693269977928193,False,True,0.13331462359629315,0.05357269057981943,0.0,0.0,0.20638438071231002,0.21463447132025376,-0.03929667254989377,-0.03202220584255617
85,14.5,9.494945235405957,6.949658159352985,1.3266626449187766,0.5151303920288773,25.291029164742525,15.324812841772605,False,True,0.1297106489924442,0.051481455692271264,0.0,0.0,0.20619289834757254,0.2145447707809029,-0.039487639948141764,-0.032092191423150694
85,15.0,9.328178667428507,6.822168469702087,1.3136436686972344,0.5145400375112958,25.194550874090517,15.140951136491378,False,True,0.12632929089702308,0.05033224828696922,0.0,0.0,0.2060003384934243,0.2144551673453157,-0.0396807980634007,-0.03216228326459897
85,15.5,9.09588047756118,6.762129437333158,1.273902365723558,0.5161958542529778,25.17957854834828,15.25239621662602,False,False,0.12295226592291883,0.05043274337740621,0.0,0.0,0.20580948033825344,0.2143656778416441,-0.039873361098881406,-0.032232468109136804
85,16.0,8.570417826815252,6.593768807059682,1.1780272648168695,0.5128487635282444,25.273640420916774,15.734018333404988,False,False,0.11626661841881432,0.05095416749811328,0.0,0.0,0.20562372907090495,0.21427601594475865,-0.040061841663424844,-0.03230297124612341
85,16.5,7.819476023284988,6.35613252911426,1.0378975223838518,0.5056722143207096,25.42804789375419,16.658528506012296,False,False,0.10749475556968718,0.05245031110762376,0.0,0.0,0.20545023786633387,0.2141868191006378,-0.040238841504799346,-0.03237329109149572
85,17.0,6.909748637684576,5.957501275694267,0.8777773284646211,0.49392207213902256,25.63977199393109,17.694423069349774,False,False,0.096759017198482,0.05428711005770699,0.0,0.0,0.20529464610582732,0.21409857522016487,-0.040398372924228036,-0.03244303920045943
85,17.5,5.194689248941905,4.892567904482457,0.616663267275435,0.4796261386210644,25.993550221288867,20.10074166151695,False,False,0.07508074031730501,0.05799751991709527,0.0,0.0,0.2051595011176201,0.21401186704210567,-0.04053755170991781,-0.032511747954625095
85.0,18.0,0.0,0.0,0.0,0.0,0.0,0.0,0.0,0.0,0.0,0.0,0.0,0.0,0.20505767272126788,0.21392701889752794,-0.04064279697596588,-0.03257915069319382
85.0,18.5,0.0,0.0,0.0,0.0,0.0,0.0,0.0,0.0,0.0,0.0,0.0,0.0,0.20503446943288128,0.21390332902587655,-0.04066682437952261,-0.03259799947564282
85.0,19.0,0.0,0.0,0.0,0.0,0.0,0.0,0.0,0.0,0.0,0.0,0.0,0.0,0.205011308023575,0.2138796772466079,-0.04069082529709533,-0.032616830913126296
85.0,19.5,0.0,0.0,0.0,0.0,0.0,0.0,0.0,0.0,0.0,0.0,0.0,0.0,0.20498818838343935,0.21385606347474637,-0.040714799764942584,-0.03263564502111244
85.0,20.0,0.0,0.0,0.0,0.0,0.0,0.0,0.0,0.0,0.0,0.0,0.0,0.0,0.2049651104026582,0.21383248762525134,-0.04073874781957473,-0.032654441815317604
85.0,20.5,0.0,0.0,0.0,0.0,0.0,0.0,0.0,0.0,0.0,0.0,0.0,0.0,0.2049420739715141,0.2138089496130231,-0.04076266949774768,-0.03267322131170155
85.0,21.0,0.0,0.0,0.0,0.0,0.0,0.0,0.0,0.0,0.0,0.0,0.0,0.0,0.20491907898039335,0.2137854493529089,-0.04078656483645714,-0.0326919835264628
85.0,21.5,0.0,0.0,0.0,0.0,0.0,0.0,0.0,0.0,0.0,0.0,0.0,0.0,0.2048961253197908,0.2137619867597083,-0.0408104338729327,-0.03271072847603425
85.0,22.0,0.0,0.0,0.0,0.0,0.0,0.0,0.0,0.0,0.0,0.0,0.0,0.0,0.20487321288031457,0.21373856174817904,-0.04083427664463228,-0.03272945617707852
85.0,22.5,0.0,0.0,0.0,0.0,0.0,0.0,0.0,0.0,0.0,0.0,0.0,0.0,0.20485034155269102,0.2137151742330423,-0.040858093189236236,-0.032748166646483806
85.0,23.0,0.0,0.0,0.0,0.0,0.0,0.0,0.0,0.0,0.0,0.0,0.0,0.0,0.20482751122776896,0.21369182412898824,-0.040881883544642186,-0.03276685990135928
85.0,23.5,0.0,0.0,0.0,0.0,0.0,0.0,0.0,0.0,0.0,0.0,0.0,0.0,0.2048047217965244,0.21366851135068124,-0.04090564774895913,-0.03278553595903103
85.0,24.0,0.0,0.0,0.0,0.0,0.0,0.0,0.0,0.0,0.0,0.0,0.0,0.0,0.2047819731500647,0.21364523581276496,-0.04092938584050259,-0.03280419483703775
86.0,0.5,0.0,0.0,0.0,0.0,0.0,0.0,0.0,0.0,0.0,0.0,0.0,0.0,0.20475926517963305,0.2136219974298674,-0.040953097857788834,-0.03282283655312682
86.0,1.0,0.0,0.0,0.0,0.0,0.0,0.0,0.0,0.0,0.0,0.0,0.0,0.0,0.20473659777661238,0.21359879611660615,-0.040976783839530066,-0.03284146112524982
86.0,1.5,0.0,0.0,0.0,0.0,0.0,0.0,0.0,0.0,0.0,0.0,0.0,0.0,0.20471397083252968,0.2135756317875929,-0.04100044382462918,-0.03286006857155883
86.0,2.0,0.0,0.0,0.0,0.0,0.0,0.0,0.0,0.0,0.0,0.0,0.0,0.0,0.2046913842390598,0.21355250435743847,-0.04102407785217466,-0.032878658910402425
86.0,2.5,0.0,0.0,0.0,0.0,0.0,0.0,0.0,0.0,0.0,0.0,0.0,0.0,0.20466883788802928,0.21352941374075737,-0.04104768596143596,-0.03289723216032175
86.0,3.0,0.0,0.0,0.0,0.0,0.0,0.0,0.0,0.0,0.0,0.0,0.0,0.0,0.2046463316714203,0.21350635985217245,-0.04107126819185827,-0.032915788340046534
86.0,3.5,0.0,0.0,0.0,0.0,0.0,0.0,0.0,0.0,0.0,0.0,0.0,0.0,0.2046238654813742,0.21348334260631935,-0.041094824583057944,-0.03293432746849161
86.0,4.0,0.0,0.0,0.0,0.0,0.0,0.0,0.0,0.0,0.0,0.0,0.0,0.0,0.20460143921019527,0.21346036191785095,-0.04111835517481779,-0.032952849564752966
86.0,4.5,0.0,0.0,0.0,0.0,0.0,0.0,0.0,0.0,0.0,0.0,0.0,0.0,0.204579052750354,0.2134374177014418,-0.04114186000708243,-0.03297135464810397
86.0,5.0,0.0,0.0,0.0,0.0,0.0,0.0,0.0,0.0,0.0,0.0,0.0,0.0,0.2045567059944907,0.2134145098717921,-0.04116533911995387,-0.03298984273799217
86.0,5.5,0.0,0.0,0.0,0.0,0.0,0.0,0.0,0.0,0.0,0.0,0.0,0.0,0.2045343988354188,0.21339163834363215,-0.04118879255368676,-0.033008313854035264
86.0,6.0,0.0,0.0,0.0,0.0,0.0,0.0,0.0,0.0,0.0,0.0,0.0,0.0,0.2045121311661281,0.21336880303172623,-0.041212220348684256,-0.033026768016017775
86.0,6.5,0.0,0.0,0.0,0.0,0.0,0.0,0.0,0.0,0.0,0.0,0.0,0.0,0.20448990287978785,0.21334600385087665,-0.04123562254549361,-0.033045205243887744
86,7.0,1.325500648993486,1.3555204767791742,0.05771669836023764,0.10508262491385195,15.624279056726408,16.887699764933554,True,True,0.03666227883544217,0.06868162906941151,0.0,0.0,0.20446771386975002,0.2133232407159277,-0.041258999184801894,-0.03306362555775312
86,7.5,5.275508846095938,5.3457432022644085,0.2550403171585477,0.3805733481200335,30.73891865046565,32.65787627657961,False,False,0.1340390260801496,0.20577880256301787,0.0,0.0,0.20443820902981455,0.21328712256999463,-0.041290107683103504,-0.033092878084895465
86,8.0,6.564763571486855,6.610591684505435,0.37589971683461193,0.42124495164854237,30.021041949026642,30.784948632691076,False,False,0.1496389864188175,0.17415823857562535,0.0,0.0,0.20438359775472942,0.21321593374909723,-0.04134776097761948,-0.03315062511635998
86,8.5,8.050419554978259,7.886356384008103,0.5552905705773018,0.43100280072778463,29.145983387614137,27.213518973196607,False,False,0.16305831720204716,0.13211565786476193,0.0,0.0,0.2043136239869821,0.2131395978232635,-0.041421772748744194,-0.03321268083256637
86,9.0,9.143222318893885,8.659036631695983,0.7566851269163525,0.4744794424911626,28.145724855657882,24.201972339559443,False,False,0.1666511414751285,0.11006320312748158,0.0,0.0,0.20422082879440567,0.2130620541340576,-0.04152016651967592,-0.033275860136024925
86,9.5,8.284444483491715,8.074876853490098,0.6429988734595711,0.44353159707483875,28.97532222076854,27.144339832319353,False,False,0.16682042556280124,0.13407942694557948,0.0,0.0,0.20410240807826638,0.21297900571800407,-0.04164613662453779,-0.03334368332894852
86,10.0,7.717678077549085,7.689353921548548,0.49538731236878863,0.4344410765183376,29.693728327393885,29.308242897056473,True,True,0.16919568770023422,0.16186580552349314,0.0,0.0,0.20399851335903565,0.21289993661177406,-0.04175702985046482,-0.0334084098472639
86,10.5,9.33784154886282,8.863307852396987,0.7534414534215318,0.4666375597261255,28.435667630361678,24.77817910866711,False,True,0.17513542943480107,0.11670926571497144,0.0,0.0,0.20391346772823102,0.21282206139299756,-0.041848066225539,-0.03347230542423227
86,11.0,9.663114995249469,8.840564213620404,0.8839276469900087,0.4889098691889854,27.69319095157033,22.538767670300842,False,True,0.16657290728316076,0.09790254860573386,0.0,0.0,0.20379557597007705,0.2127401186617349,-0.04197465388137696,-0.033539695614453316
86,11.5,9.805990330173705,8.406044688850024,1.0355568852818162,0.49694461509035803,26.81798614537301,19.780058437069734,False,True,0.15436209455106542,0.07785318643457201,0.0,0.0,0.20366109431924836,0.21265537300167164,-0.04211961261908538,-0.03360956106571906
86,12.0,9.713259983104685,8.101256959134705,1.0944067227981498,0.5119110708845404,26.41087459940578,19.122532508768693,False,True,0.14691102160270314,0.07195988288199218,0.0,0.0,0.20350732835450747,0.21256963866434586,-0.04228608960293192,-0.03368041811438946
86,12.5,9.805174785536254,7.86974860283549,1.1608964712158394,0.5063609321679313,26.0680553777948,17.799463031715213,False,True,0.1435350238938785,0.06511150791673256,0.0,0.0,0.2033461011096882,0.21248203224235346,-0.042461487333634654,-0.033753006325733886
86,13.0,9.816283604011378,7.663376480556584,1.222141140791876,0.5172613040353544,25.722319040889815,16.989339992479586,False,True,0.1392358874517602,0.0609919631414928,0.0,0.0,0.20317643890618964,0.21239516814279344,-0.04264699826216678,-0.03382516357832986
86,13.5,9.80532344365234,7.144442452469743,1.3605662411469264,0.524849824107549,25.023458880962963,15.10307456732315,False,True,0.1309978007740762,0.052093355784347956,0.0,0.0,0.2029990100359056,0.2123069499521002,-0.04284203531515662,-0.033898633856412515
86,14.0,9.648429526115123,6.667209440779023,1.433144245491922,0.5242634230960957,24.539697374914322,14.033900455403526,False,True,0.12385967136168664,0.04637970489590475,0.0,0.0,0.20280397907864747,0.212217799630176,-0.04305764875330731,-0.033973073679998966
86,14.5,9.610003884625549,6.592230665231195,1.4483886217201944,0.5299062589210646,24.415873848592067,13.91684778359884,False,True,0.12220303298453247,0.045753075806176574,0.0,0.0,0.20259973701094852,0.2121287588519421,-0.04328483281540056,-0.034047616523624764
86,15.0,9.449717784194387,6.49373366175117,1.4044220503961975,0.5174478029529387,24.4416922549661,13.81615360911824,False,True,0.12022659072839145,0.044973634138661366,0.0,0.0,0.20239358991475087,0.21203903373086724,-0.04351558563359299,-0.034122929496749194
86,15.5,9.260079089231866,6.506472755001855,1.3766555228810011,0.529232808812321,24.39331520616229,14.031766121899635,False,True,0.11737129906159749,0.045698107530942514,0.0,0.0,0.20219308310439565,0.2119509308880186,-0.043741432367376,-0.03419707398749009
86,16.0,8.858200630201573,6.333715940417592,1.318078355020163,0.5233292997215085,24.369216076710778,13.9991731595957,False,False,0.11156589649827026,0.044583807485731146,0.0,0.0,0.20199615206175678,0.21186136083500087,-0.04396461216835001,-0.03427265009446875
86,16.5,8.055979777753674,6.20632385126544,1.1498403255085974,0.5213472325681103,24.56632807256984,15.075652209788728,False,False,0.10307069736778426,0.0467846468884386,0.0,0.0,0.20180672297154917,0.21177257759257656,-0.04418057143425807,-0.03434775878961796
86,17.0,6.588552649017885,5.577620189352414,0.8819106087450967,0.5001449483999277,24.910319805120416,16.963718981507007,False,False,0.08669448167588291,0.04902748066834636,0.0,0.0,0.2016387701222806,0.21168408136495534,-0.044373104474320926,-0.034422819925235035
86,17.5,5.083068524868554,4.717236522938308,0.6346208111803612,0.47886395714140023,25.291547431240474,19.073199988729613,False,False,0.06906256326378596,0.05180886916643196,0.0,0.0,0.20150499740309286,0.211598321362911,-0.04452717058423242,-0.03449574677873515
86.0,18.0,0.0,0.0,0.0,0.0,0.0,0.0,0.0,0.0,0.0,0.0,0.0,0.0,0.2014027745114293,0.21151530754170653,-0.04464533046558779,-0.03456651379098002
86.0,18.5,0.0,0.0,0.0,0.0,0.0,0.0,0.0,0.0,0.0,0.0,0.0,0.0,0.20138146001805357,0.21149335089985746,-0.04467001502892614,-0.03458526014448548
86.0,19.0,0.0,0.0,0.0,0.0,0.0,0.0,0.0,0.0,0.0,0.0,0.0,0.0,0.2013601823246054,0.211471428394839,-0.04469467319487598,-0.03460398943860748
86.0,19.5,0.0,0.0,0.0,0.0,0.0,0.0,0.0,0.0,0.0,0.0,0.0,0.0,0.201338941331689,0.2114495399528113,-0.04471930500698909,-0.034622701689098964
86.0,20.0,0.0,0.0,0.0,0.0,0.0,0.0,0.0,0.0,0.0,0.0,0.0,0.0,0.20131773694011712,0.2114276854998954,-0.04474391050890563,-0.03464139691191994
86.0,20.5,0.0,0.0,0.0,0.0,0.0,0.0,0.0,0.0,0.0,0.0,0.0,0.0,0.20129656905091264,0.21140586496217756,-0.044768489744351096,-0.034660075123234026
86.0,21.0,0.0,0.0,0.0,0.0,0.0,0.0,0.0,0.0,0.0,0.0,0.0,0.0,0.20127543756531074,0.2113840782657138,-0.04479304275713258,-0.03467873633940432
86.0,21.5,0.0,0.0,0.0,0.0,0.0,0.0,0.0,0.0,0.0,0.0,0.0,0.0,0.20125434238476028,0.21136232533653396,-0.04481756959113613,-0.03469738057698989
86.0,22.0,0.0,0.0,0.0,0.0,0.0,0.0,0.0,0.0,0.0,0.0,0.0,0.0,0.20123328341092586,0.2113406061006461,-0.04484207029032312,-0.03471600785274211
86.0,22.5,0.0,0.0,0.0,0.0,0.0,0.0,0.0,0.0,0.0,0.0,0.0,0.0,0.20121226054568914,0.21131892048404033,-0.04486654489872756,-0.034734618183601164
86.0,23.0,0.0,0.0,0.0,0.0,0.0,0.0,0.0,0.0,0.0,0.0,0.0,0.0,0.2011912736911505,0.211297268412693,-0.044890993460453,-0.03475321158669242
86.0,23.5,0.0,0.0,0.0,0.0,0.0,0.0,0.0,0.0,0.0,0.0,0.0,0.0,0.2011703227496309,0.21127564981257083,-0.044915416019669197,-0.034771788079322866
86.0,24.0,0.0,0.0,0.0,0.0,0.0,0.0,0.0,0.0,0.0,0.0,0.0,0.0,0.2011494076236729,0.21125406460963445,-0.04493981262060965,-0.03479034767897788
87.0,0.5,0.0,0.0,0.0,0.0,0.0,0.0,0.0,0.0,0.0,0.0,0.0,0.0,0.20112852821604246,0.2112325127298424,-0.04496418330756841,-0.034808890403317694
87.0,1.0,0.0,0.0,0.0,0.0,0.0,0.0,0.0,0.0,0.0,0.0,0.0,0.0,0.2011076844297302,0.2112109940991549,-0.044988528124897474,-0.034827416270174154
87.0,1.5,0.0,0.0,0.0,0.0,0.0,0.0,0.0,0.0,0.0,0.0,0.0,0.0,0.20108687616795282,0.21118950864353744,-0.04501284711700378,-0.0348459252975473
87.0,2.0,0.0,0.0,0.0,0.0,0.0,0.0,0.0,0.0,0.0,0.0,0.0,0.0,0.2010661033341543,0.21116805628896448,-0.04503714032834661,-0.034864417503602224
87.0,2.5,0.0,0.0,0.0,0.0,0.0,0.0,0.0,0.0,0.0,0.0,0.0,0.0,0.2010453658320074,0.21114663696142288,-0.04506140780343481,-0.034882892906665824
87.0,3.0,0.0,0.0,0.0,0.0,0.0,0.0,0.0,0.0,0.0,0.0,0.0,0.0,0.2010246635654147,0.21112525058691534,-0.04508564958682422,-0.03490135152522378
87.0,3.5,0.0,0.0,0.0,0.0,0.0,0.0,0.0,0.0,0.0,0.0,0.0,0.0,0.2010039964385098,0.21110389709146396,-0.04510986572311508,-0.0349197933779172
87.0,4.0,0.0,0.0,0.0,0.0,0.0,0.0,0.0,0.0,0.0,0.0,0.0,0.0,0.20098336435565853,0.21108257640111341,-0.04513405625694941,-0.03493821848353988
87.0,4.5,0.0,0.0,0.0,0.0,0.0,0.0,0.0,0.0,0.0,0.0,0.0,0.0,0.20096276722146011,0.21106128844193445,-0.0451582212330084,-0.03495662686103489
87.0,5.0,0.0,0.0,0.0,0.0,0.0,0.0,0.0,0.0,0.0,0.0,0.0,0.0,0.20094220494074813,0.2110400331400268,-0.045182360696010206,-0.03497501852949195
87.0,5.5,0.0,0.0,0.0,0.0,0.0,0.0,0.0,0.0,0.0,0.0,0.0,0.0,0.20092167741859157,0.21101881042152257,-0.04520647469070729,-0.03499339350814427
87.0,6.0,0.0,0.0,0.0,0.0,0.0,0.0,0.0,0.0,0.0,0.0,0.0,0.0,0.20090118456029585,0.2109976202125892,-0.0452305632618841,-0.03501175181636586
87.0,6.5,0.0,0.0,0.0,0.0,0.0,0.0,0.0,0.0,0.0,0.0,0.0,0.0,0.20088072627140377,0.2109764624394325,-0.045254626454354775,-0.03503009347366848
87,7.0,1.207851180044476,1.2371722557665499,0.039987388854586955,0.10123716361607865,16.025426080441655,17.491442942237903,True,True,0.03882390799945829,0.10033652989975067,0.0,0.0,0.20086030245769648,0.21095533702829977,-0.0452786643129607,-0.03504841849969892
87,7.5,5.080861499666172,5.169732074276512,0.20276747730669897,0.4071123096673787,31.275892758067744,34.042219520353164,False,False,0.1412036262259006,0.28873249628061143,0.0,0.0,0.20083481732078132,0.2109213429715589,-0.04530868044703924,-0.03507793028646744
87,8.0,6.622265131918806,6.686876530347728,0.3409315824149147,0.4159364933529347,30.158574214330685,31.338313566690374,False,False,0.15398421398541595,0.1908138695905796,0.0,0.0,0.20078862295096603,0.2108484026070882,-0.045363148160636364,-0.0351413531156153
87,8.5,8.029332814324825,7.960038781534124,0.4993889900667389,0.44835814259017204,29.251060650438216,28.449106398989507,False,False,0.16483652675974453,0.15068043783545196,0.0,0.0,0.20072485613812066,0.21077436989342008,-0.04543846374844589,-0.03520586552307371
87,9.0,9.31904148853857,8.898586870901733,0.6954870680274353,0.4694961607470695,28.31727934491242,24.888678168449843,False,False,0.1707385833188188,0.11785910723634087,0.0,0.0,0.20064093075690026,0.2106962376665937,-0.045537816021214254,-0.03527410336888104
87,9.5,9.788293115369946,8.884891482551193,0.8611549772244572,0.4881321209558632,27.409777384286613,21.900004511302228,False,True,0.162365791655118,0.09414296194675753,0.0,0.0,0.20053205005879993,0.210615443758385,-0.04566709681201919,-0.03534483162756172
87,10.0,10.089994951149135,8.560448612152857,1.026681348405069,0.500107390025693,26.555397878747517,19.13559971321707,False,True,0.1536792755708184,0.07642307163937456,0.0,0.0,0.2004020917523366,0.21053230694062136,-0.04582197728341016,-0.03541778737104968
87,10.5,10.2598306482521,8.138393136343378,1.1860469762829013,0.5219056661076107,25.776471154436273,17.14529894874808,False,True,0.14542096450109226,0.06522306393604509,0.0,0.0,0.20025107378167792,0.21044767593174651,-0.04600274295176917,-0.035492238688889274
87,11.0,10.38766971457876,7.993552308244912,1.2481030757957812,0.5240764758743571,25.495416518537294,16.441944089081968,False,True,0.14431152538627903,0.061789710338330694,0.0,0.0,0.2000797811353925,0.2103602988870096,-0.04620880646696658,-0.035569301468288086
87,11.5,10.271298575332507,7.576517393565714,1.3207535640585533,0.5269015582255424,25.07981297260694,15.55518736685862,False,True,0.13773629897618414,0.0562026520747478,0.0,0.0,0.19990061414607804,0.2102726769179615,-0.04642552063494675,-0.03564678054383422
87,12.0,10.431779016939155,7.15666643555236,1.4445703146074205,0.5293893159874117,24.559704223561138,14.19074168625725,False,True,0.13400469962375544,0.049872158858768514,0.0,0.0,0.19971222264973737,0.21018472657804504,-0.04665469986138539,-0.03572475227955936
87,12.5,10.289930692435991,6.760415059423872,1.503405696894997,0.5264221539414887,24.205004173923406,13.450812684653055,False,True,0.12854151227112565,0.04574451351480317,0.0,0.0,0.19950808629575656,0.2100964907830943,-0.046904556169571,-0.03580318136645842
87,13.0,9.792178572188313,6.4021493559799705,1.4983889751199027,0.5334774450662919,23.924981703926683,13.601480559414288,False,True,0.1196545415121941,0.04347091840219155,0.0,0.0,0.1992964857501129,0.21000866459875756,-0.04716523308965115,-0.03588145017471999
87,13.5,9.60291665092702,6.166946319452638,1.504371307540673,0.529586925300116,23.733887664378592,13.342665612721307,False,True,0.11565106820571326,0.04143543396765763,0.0,0.0,0.19908555777380957,0.20991997076629038,-0.04742680117667908,-0.035960699195410395
87,14.0,9.601459931966613,6.2066254639698055,1.5052755904985653,0.5370238882735013,23.674145868501427,13.268306466098988,False,True,0.11510052965011829,0.04161308883388018,0.0,0.0,0.19887390063643964,0.2098318040716518,-0.047691012664815235,-0.03603968398843976
87,14.5,9.593618090006128,6.1217466232180096,1.5328038746211672,0.5385776007865812,23.539792268984186,12.973417464721209,False,True,0.11380882727945649,0.04058379831268043,0.0,0.0,0.19866216135802894,0.2097427209532821,-0.04795708331673005,-0.03611969979184362
87,15.0,9.358054475285206,6.042486137986908,1.48606598496785,0.53318626093408,23.53549954153628,13.01102995800294,False,True,0.1109439008018705,0.040259374918183585,0.0,0.0,0.19844694707823354,0.20965347106167836,-0.048229335078074066,-0.03620007774636625
87,15.5,9.324644959899082,6.105709881947105,1.4755904632456602,0.5375868156022011,23.516792767589912,12.936578892197188,False,True,0.11035170239540266,0.04057077007555172,0.0,0.0,0.19823772165319564,0.2095649393560657,-0.04849577791960327,-0.03628001954375058
87,16.0,8.395716903467804,5.821483835575022,1.2959936231368006,0.5212483696519168,23.636506581349465,13.604899135093445,False,False,0.09994338018064165,0.040338694619805826,0.0,0.0,0.19802986397922087,0.2094758779602232,-0.04876221741809915,-0.03636065195996464
87,16.5,7.025090099540952,5.326705585534951,1.0572937312490565,0.513662275450281,23.741518463724976,15.084289472778119,False,False,0.08428967112687703,0.040930912283070074,0.0,0.0,0.19784492556848815,0.20938892963532424,-0.049000745561250884,-0.036439577353505226
87,17.0,6.290159425864396,5.077322769189533,0.9411940317126718,0.5155647621142208,23.74752273627457,15.567602492725491,False,False,0.07550588976251124,0.0412503645203919,0.0,0.0,0.1976904379991094,0.2093029789776398,-0.04920106540121012,-0.036517797838241106
87,17.5,4.4897412484732495,4.048847210152639,0.6530908869252446,0.4937715307783857,23.88245385701957,17.453679281523222,False,False,0.054448376975739385,0.04095240807038867,0.0,0.0,0.19755077789863817,0.2092168167640218,-0.049382999119052605,-0.03659641173020959
87.0,18.0,0.0,0.0,0.0,0.0,0.0,0.0,0.0,0.0,0.0,0.0,0.0,0.0,0.19744786405754347,0.20913346253931422,-0.04951757696562629,-0.03667265559308789
87.0,18.5,0.0,0.0,0.0,0.0,0.0,0.0,0.0,0.0,0.0,0.0,0.0,0.0,0.1974282077933881,0.20911306174744107,-0.04954333064483044,-0.036691344956431955
87.0,19.0,0.0,0.0,0.0,0.0,0.0,0.0,0.0,0.0,0.0,0.0,0.0,0.0,0.19740858382674198,0.20909269164003613,-0.04956905792892636,-0.0367100175332307
87.0,19.5,0.0,0.0,0.0,0.0,0.0,0.0,0.0,0.0,0.0,0.0,0.0,0.0,0.19738899207040214,0.20907235215112316,-0.04959475886519612,-0.03672867334082939
87.0,20.0,0.0,0.0,0.0,0.0,0.0,0.0,0.0,0.0,0.0,0.0,0.0,0.0,0.19736943243740437,0.2090520432147321,-0.049620433500916716,-0.03674731239672558
87.0,20.5,0.0,0.0,0.0,0.0,0.0,0.0,0.0,0.0,0.0,0.0,0.0,0.0,0.19734990484102338,0.2090317647649018,-0.049646081883358416,-0.03676593471856652
87.0,21.0,0.0,0.0,0.0,0.0,0.0,0.0,0.0,0.0,0.0,0.0,0.0,0.0,0.19733040919477302,0.2090115167356833,-0.049671704059783175,-0.03678454032414592
87.0,21.5,0.0,0.0,0.0,0.0,0.0,0.0,0.0,0.0,0.0,0.0,0.0,0.0,0.1973109454124068,0.20899129906114233,-0.04969730007744268,-0.03680312923140148
87.0,22.0,0.0,0.0,0.0,0.0,0.0,0.0,0.0,0.0,0.0,0.0,0.0,0.0,0.19729151340791815,0.20897111167536225,-0.049722869983576806,-0.03682170145841217
87.0,22.5,0.0,0.0,0.0,0.0,0.0,0.0,0.0,0.0,0.0,0.0,0.0,0.0,0.19727211309554032,0.20895095451244677,-0.04974841382541227,-0.03684025702339538
87.0,23.0,0.0,0.0,0.0,0.0,0.0,0.0,0.0,0.0,0.0,0.0,0.0,0.0,0.19725274438974713,0.2089308275065227,-0.04977393165016051,-0.03685879594470432
87.0,23.5,0.0,0.0,0.0,0.0,0.0,0.0,0.0,0.0,0.0,0.0,0.0,0.0,0.19723340720525273,0.20891073059174253,-0.04979942350501655,-0.03687731824082544
87.0,24.0,0.0,0.0,0.0,0.0,0.0,0.0,0.0,0.0,0.0,0.0,0.0,0.0,0.197214101457012,0.208890663702287,-0.049824889437157314,-0.036895823930375854
88.0,0.5,0.0,0.0,0.0,0.0,0.0,0.0,0.0,0.0,0.0,0.0,0.0,0.0,0.19719482706022073,0.20887062677236778,-0.0498503294937399,-0.03691431303210077
88.0,1.0,0.0,0.0,0.0,0.0,0.0,0.0,0.0,0.0,0.0,0.0,0.0,0.0,0.19717558393031565,0.20885061973622976,-0.04987574372190061,-0.036932785564870986
88.0,1.5,0.0,0.0,0.0,0.0,0.0,0.0,0.0,0.0,0.0,0.0,0.0,0.0,0.1971563719829746,0.2088306425281537,-0.04990113216875294,-0.036951241547680376
88.0,2.0,0.0,0.0,0.0,0.0,0.0,0.0,0.0,0.0,0.0,0.0,0.0,0.0,0.19713719113411676,0.20881069508245856,-0.049926494881386424,-0.0369696809996435
88.0,2.5,0.0,0.0,0.0,0.0,0.0,0.0,0.0,0.0,0.0,0.0,0.0,0.0,0.1971180412999026,0.20879077733350382,-0.049951831906865134,-0.03698810393999305
88.0,3.0,0.0,0.0,0.0,0.0,0.0,0.0,0.0,0.0,0.0,0.0,0.0,0.0,0.19709892239673388,0.20877088921569195,-0.04997714329222654,-0.03700651038807775
88.0,3.5,0.0,0.0,0.0,0.0,0.0,0.0,0.0,0.0,0.0,0.0,0.0,0.0,0.19707983434125398,0.20875103066347042,-0.05000242908447965,-0.03702490036335978
88.0,4.0,0.0,0.0,0.0,0.0,0.0,0.0,0.0,0.0,0.0,0.0,0.0,0.0,0.19706077705034766,0.20873120161133418,-0.05002768933060423,-0.03704327388541256
88.0,4.5,0.0,0.0,0.0,0.0,0.0,0.0,0.0,0.0,0.0,0.0,0.0,0.0,0.19704175044114122,0.2087114019938278,-0.05005292407754915,-0.03706163097391833
88.0,5.0,0.0,0.0,0.0,0.0,0.0,0.0,0.0,0.0,0.0,0.0,0.0,0.0,0.19702275443100245,0.2086916317455474,-0.050078133372231146,-0.03707997164866622
88.0,5.5,0.0,0.0,0.0,0.0,0.0,0.0,0.0,0.0,0.0,0.0,0.0,0.0,0.19700378893754064,0.20867189080114312,-0.05010331726153374,-0.03709829592954965
88.0,6.0,0.0,0.0,0.0,0.0,0.0,0.0,0.0,0.0,0.0,0.0,0.0,0.0,0.19698485387860662,0.20865217909532088,-0.05012847579230565,-0.03711660383656435
88.0,6.5,0.0,0.0,0.0,0.0,0.0,0.0,0.0,0.0,0.0,0.0,0.0,0.0,0.1969659491722925,0.2086324965628445,-0.05015360901136008,-0.03713489538980628
88.0,7.0,0.0,0.0,0.0,0.0,0.0,0.0,0.0,0.0,0.0,0.0,0.0,0.0,0.19694707473693188,0.2086128431385378,-0.050178716965472936,-0.0371531706094692
88,7.5,2.45255546550934,2.4509897566577443,0.14444794082861528,0.1438758056790654,14.519173643308191,14.47505431045704,False,False,0.04900403703211579,0.048788075780204214,0.0,0.0,0.19692823049109964,0.20859321875728631,-0.050203799701382064,-0.037171429515843096
88,8.0,3.4675781989584484,3.45221342089624,0.19858657344799147,0.18514933513702742,14.611652650436243,14.3476669683175,False,False,0.07093285983827204,0.06706912384917112,0.0,0.0,0.19689100894991254,0.20855528885911698,-0.05025338754564635,-0.037206750543019154
88,8.5,4.171798879124269,4.103797683858194,0.24429733252642521,0.19707896667529878,14.577264546951318,13.76351112335907,False,False,0.08459030757092931,0.0695869751267767,0.0,0.0,0.1968469183992793,0.20851212827307244,-0.05031220205176786,-0.0372469911371492
88,9.0,8.509104485822878,8.437276446278005,0.5055229701633537,0.4512317231793614,29.047398758463693,28.145877912568963,False,False,0.17021228696481244,0.1544714680096193,0.0,0.0,0.19679703274591664,0.20846747630900375,-0.05037884584496957,-0.037288676797316136
88,9.5,9.608561209250686,9.186842788751882,0.6936215662723757,0.4729164994881825,28.036386030351984,24.5684501746753,False,False,0.1705263409822086,0.11835356550666593,0.0,0.0,0.19671388824772257,0.2083904657342933,-0.05049015505549234,-0.037360702114487894
88,10.0,10.0877974647384,9.280691500499767,0.8248423190543668,0.4891365975510559,27.34064206716807,22.251144009204925,False,False,0.16613623023584553,0.10022531360210332,0.0,0.0,0.19660680360720897,0.20831072052705732,-0.050633946023370124,-0.03743545980120544
88,10.5,10.333572211929017,9.255067392858596,0.9002433219611231,0.5006627502706821,26.96851360077004,21.11367427487308,False,False,0.16387075205801255,0.09267438150326186,0.0,0.0,0.19648302684652383,0.20822893700223383,-0.050800759189283166,-0.03751231351930778
88,11.0,10.244858723677055,8.932643424396312,0.9766454829136604,0.5135266469988627,26.394454011960104,19.599562988283147,False,False,0.15367003796014744,0.08167580212975235,0.0,0.0,0.19634967115227311,0.20814571325840753,-0.05098121513408267,-0.03759071370381807
88,11.5,9.883074130024713,8.585085600740692,0.9796923985679932,0.5117833838449068,26.113778981393523,19.009697614080437,False,False,0.144421270427731,0.07585628719019502,0.0,0.0,0.19620660886465482,0.20806087875946813,-0.051175655817533895,-0.0376708323031476
88,12.0,9.64591575523989,8.335131472056164,0.9831185087524903,0.5110328748559989,25.91795908299884,18.682864143863924,False,False,0.1384649873423035,0.07218842923897317,0.0,0.0,0.1960631877678462,0.20797629487313923,-0.051371471732719734,-0.03775091685829317
88,12.5,5.368654414170699,4.720764683064909,0.5213147817462559,0.2741982273338474,13.2502564859099,9.707973310105093,False,False,0.08134177109576866,0.0428403681950521,0.0,0.0,0.1985885097313393,0.21056086170485053,-0.04805004797822986,-0.03539270925938789
88,13.0,5.27089722156242,5.027722238198121,0.3799754957828874,0.2520723958459881,14.104751586865667,12.206019638076162,False,False,0.09538660339425944,0.0640718121490483,0.0,0.0,0.1985004179683703,0.21050334561539405,-0.048161521433287086,-0.03544324417256515
88,13.5,5.381843037617528,4.779990151777613,0.484811585121506,0.2593517966449909,13.473843665372678,10.184439656909623,False,False,0.08516895056569114,0.04588785190742069,0.0,0.0,0.19843038081082454,0.2104486916874651,-0.048250368074864526,-0.035491344006600936
88,14.0,8.253913668349263,7.665762161457996,0.7737833029885719,0.4812089038994873,13.315062104448362,10.682721053077135,False,False,0.12662009269302035,0.07863598314535097,0.0,0.0,0.19834702727468706,0.21039315257707603,-0.0483563620387004,-0.03554030256777723
88,14.5,4.328179560295822,3.8913326780095456,0.41335487382989244,0.2288971191114641,13.268196189658553,9.969466330909349,False,False,0.06580214926849907,0.036376861030722525,0.0,0.0,0.19822689227479115,0.2103093838965285,-0.04850961650849337,-0.03561429822063012
88,15.0,3.042111446188154,2.9158200013507196,0.2792119933918426,0.20235013306460217,13.360807712986963,11.631948913015586,False,False,0.047083258073312526,0.03389457939972897,0.0,0.0,0.19815273051404014,0.21025781015759,-0.04860451249059095,-0.03565994631124343
88,15.5,3.2212820838179077,3.02016558292118,0.29560114020311345,0.18983021125800054,13.369342274089155,10.968903239540719,False,False,0.04993924471513321,0.03194956539886409,0.0,0.0,0.19809570562743925,0.210209661371753,-0.04867763090201421,-0.03570262589828279
88,16.0,7.361812931524184,6.904551793465708,0.7155977436493213,0.48902221588635053,26.402108747266613,21.74926698569452,False,False,0.11050490896654303,0.07539877156047108,0.0,0.0,0.19803663473335054,0.21016314988092755,-0.048753510981769096,-0.03574391197445276
88,16.5,6.406381655615302,6.048287013758136,0.6386594510275276,0.479311519366117,26.226431621169084,22.007677083924026,False,False,0.09459528399404137,0.07080577837985051,0.0,0.0,0.1979240848437786,0.21007855321609772,-0.04889847845952526,-0.0358191503972106
88,17.0,4.996714623139542,4.825561280256296,0.4745062633398694,0.47661788024205853,26.49381546196765,23.89850806227731,False,False,0.07565815865786188,0.0758931805814671,0.0,0.0,0.1978213815936511,0.2099952355607462,-0.0490312115446465,-0.035893435806008865
88,17.5,3.93665089481595,3.8810228565020197,0.3774580552807277,0.4623983609785457,26.409088319576373,24.092973815646886,False,False,0.05913026022717799,0.07217799141309716,0.0,0.0,0.1977396388571685,0.20991230256375476,-0.04913716227248266,-0.03596756061744518
88.0,18.0,0.0,0.0,0.0,0.0,0.0,0.0,0.0,0.0,0.0,0.0,0.0,0.0,0.19767030509773315,0.20983122285296218,-0.0492272429910932,-0.03604020536295585
88.0,18.5,0.0,0.0,0.0,0.0,0.0,0.0,0.0,0.0,0.0,0.0,0.0,0.0,0.19764911356265244,0.20980910896086188,-0.04925481498667275,-0.0360600490138111
88.0,19.0,0.0,0.0,0.0,0.0,0.0,0.0,0.0,0.0,0.0,0.0,0.0,0.0,0.19762796355977175,0.20978703602981993,-0.04928235129307265,-0.03607986889179413
88.0,19.5,0.0,0.0,0.0,0.0,0.0,0.0,0.0,0.0,0.0,0.0,0.0,0.0,0.19760685492988234,0.20976500391485042,-0.04930985202393109,-0.036099665064840886
88.0,20.0,0.0,0.0,0.0,0.0,0.0,0.0,0.0,0.0,0.0,0.0,0.0,0.0,0.19758578751469416,0.2097430124716938,-0.04933731729229692,-0.03611943760060722
88.0,20.5,0.0,0.0,0.0,0.0,0.0,0.0,0.0,0.0,0.0,0.0,0.0,0.0,0.19756476115682878,0.20972106155681228,-0.049364747210633865,-0.036139186566470256
88.0,21.0,0.0,0.0,0.0,0.0,0.0,0.0,0.0,0.0,0.0,0.0,0.0,0.0,0.19754377569981213,0.20969915102738532,-0.049392141890825,-0.0361589120295299
88.0,21.5,0.0,0.0,0.0,0.0,0.0,0.0,0.0,0.0,0.0,0.0,0.0,0.0,0.19752283098806767,0.2096772807413053,-0.04941950144417672,-0.036178614056609874
88.0,22.0,0.0,0.0,0.0,0.0,0.0,0.0,0.0,0.0,0.0,0.0,0.0,0.0,0.1975019268669093,0.2096554505571731,-0.04944682598142315,-0.03619829271425925
88.0,22.5,0.0,0.0,0.0,0.0,0.0,0.0,0.0,0.0,0.0,0.0,0.0,0.0,0.19748106318253464,0.20963366033429376,-0.04947411561273003,-0.03621794806875362
88.0,23.0,0.0,0.0,0.0,0.0,0.0,0.0,0.0,0.0,0.0,0.0,0.0,0.0,0.19746023978201818,0.209611909932672,-0.049501370447699006,-0.0362375801860967
88.0,23.5,0.0,0.0,0.0,0.0,0.0,0.0,0.0,0.0,0.0,0.0,0.0,0.0,0.19743945651330447,0.20959019921300812,-0.04952859059537171,-0.036257189132021195
88.0,24.0,0.0,0.0,0.0,0.0,0.0,0.0,0.0,0.0,0.0,0.0,0.0,0.0,0.1974187132252015,0.20956852803669346,-0.04955577616423367,-0.03627677497199051
89.0,0.5,0.0,0.0,0.0,0.0,0.0,0.0,0.0,0.0,0.0,0.0,0.0,0.0,0.19739800976737415,0.20954689626580641,-0.049582927262218336,-0.03629633777119986
89.0,1.0,0.0,0.0,0.0,0.0,0.0,0.0,0.0,0.0,0.0,0.0,0.0,0.0,0.1973773459903376,0.20952530376310805,-0.049610043996711005,-0.03631587759457752
89.0,1.5,0.0,0.0,0.0,0.0,0.0,0.0,0.0,0.0,0.0,0.0,0.0,0.0,0.19735672174545088,0.209503750392038,-0.04963712647455278,-0.03633539450678622
89.0,2.0,0.0,0.0,0.0,0.0,0.0,0.0,0.0,0.0,0.0,0.0,0.0,0.0,0.19733613688491036,0.20948223601671015,-0.049664174802044506,-0.036354888572224416
89.0,2.5,0.0,0.0,0.0,0.0,0.0,0.0,0.0,0.0,0.0,0.0,0.0,0.0,0.19731559126174353,0.20946076050190865,-0.04969118908495047,-0.03637435985502753
89.0,3.0,0.0,0.0,0.0,0.0,0.0,0.0,0.0,0.0,0.0,0.0,0.0,0.0,0.19729508472980262,0.2094393237130838,-0.0497181694285023,-0.03639380841906919
89.0,3.5,0.0,0.0,0.0,0.0,0.0,0.0,0.0,0.0,0.0,0.0,0.0,0.0,0.19727461714375838,0.2094179255163479,-0.049745115937402704,-0.03641323432796252
89.0,4.0,0.0,0.0,0.0,0.0,0.0,0.0,0.0,0.0,0.0,0.0,0.0,0.0,0.19725418835909395,0.20939656577847124,-0.049772028715829246,-0.036432637645061536
89.0,4.5,0.0,0.0,0.0,0.0,0.0,0.0,0.0,0.0,0.0,0.0,0.0,0.0,0.19723379823209874,0.20937524436687804,-0.04979890786743793,-0.0364520184334621
89.0,5.0,0.0,0.0,0.0,0.0,0.0,0.0,0.0,0.0,0.0,0.0,0.0,0.0,0.19721344661986231,0.20935396114964247,-0.049825753495367005,-0.036471376756003565
89.0,5.5,0.0,0.0,0.0,0.0,0.0,0.0,0.0,0.0,0.0,0.0,0.0,0.0,0.19719313338026848,0.20933271599548478,-0.04985256570224055,-0.036490712675269606
89.0,6.0,0.0,0.0,0.0,0.0,0.0,0.0,0.0,0.0,0.0,0.0,0.0,0.0,0.1971728583719892,0.2093115087737672,-0.04987934459017212,-0.036510026253589775
89.0,6.5,0.0,0.0,0.0,0.0,0.0,0.0,0.0,0.0,0.0,0.0,0.0,0.0,0.1971526214544789,0.20929033935449015,-0.049906090260768206,-0.03652931755304046
89.0,7.0,0.0,0.0,0.0,0.0,0.0,0.0,0.0,0.0,0.0,0.0,0.0,0.0,0.19713242248796853,0.20926920760828824,-0.049932802815131815,-0.03654858663544652
89,7.5,1.181224623125202,1.2067805440319703,0.025197864402561856,0.1309033699876722,16.640411783551308,18.12022041191345,True,True,0.05052449278664058,0.2734456430291684,0.0,0.0,0.19711226133345983,0.2092481134064265,-0.04995948235386596,-0.03656783356238208
89,8.0,1.4500345693379164,1.4846610652956886,0.03219567506620423,0.1763126536757574,16.639998043867283,18.153513738588487,True,True,0.06200849828932113,0.3742842686606913,0.0,0.0,0.19708892681862827,0.2092103752395105,-0.049990382452842874,-0.03660229703567865
89,8.5,1.6826703259236484,1.7244421165098358,0.03934211221165756,0.2046879729245222,16.639568967744953,18.15145497748773,True,True,0.07194021328308954,0.43751043783176213,0.0,0.0,0.1970647380895744,0.2091668877297573,-0.050022437761768575,-0.03664205896185943
89,9.0,4.184855053181901,4.278887520168497,0.09689249755686097,0.39340175001475663,33.278248380066685,36.1092229999573,True,True,0.17887485382526047,0.8406527895781067,0.0,0.0,0.1970396760696919,0.20911982143586524,-0.05005567620647588,-0.036685151083424884
89,9.5,4.984359369738223,5.098592656738442,0.12663388956391566,0.4108200383502004,33.27709922114476,35.98551006187675,True,True,0.2129826097069551,0.8841018685425172,0.0,0.0,0.19700731750740735,0.20904874385501118,-0.050098630603704376,-0.03675034153421226
89,10.0,6.1090761601908685,6.246816532081205,0.18218197501815786,0.4219881875562973,33.27581594760129,35.787866212422855,True,True,0.2609520201366255,0.9057469249419874,0.0,0.0,0.19697120604502313,0.20897548352311499,-0.05014661865585736,-0.036817678447723004
89,10.5,8.22691298327386,8.321486247229627,0.3962084968790259,0.4328556651877015,30.612121463554338,31.814607908247538,True,True,0.20644529437715775,0.26101941751042873,0.0,0.0,0.1969280529291785,0.20890083678779392,-0.05020403611717762,-0.03688644092639078
89,11.0,9.663019266701369,9.173915435683256,0.740247764872891,0.47711782545233244,27.930470314941715,24.532246587360767,False,True,0.1708660193494534,0.11793281692597211,0.0,0.0,0.19685766267726504,0.2088248418400367,-0.0502978621882526,-0.0369566025832251
89,11.5,9.974716852904663,9.070528809107781,0.870853776127758,0.4878755542555568,27.14282827080513,21.95057406241329,False,True,0.16224840544796504,0.09642597538770956,0.0,0.0,0.19674346726965494,0.20874324297868518,-0.050450522765938914,-0.03703211510647386
89,12.0,9.969211425907538,9.045227236552623,0.8818325481071787,0.503571624259242,27.001377324082682,21.894792131012814,False,True,0.1595572078677272,0.09545311500486037,0.0,0.0,0.1966126649688352,0.20866030964396914,-0.050626062900576405,-0.037109051013106395
89,12.5,9.835871161322322,8.583066498436349,0.9705521417684524,0.5135658489017292,26.316949433181595,20.165502526634327,False,True,0.14724184718943822,0.08103695565832042,0.0,0.0,0.1964805000757676,0.20857541240728353,-0.05080417131644673,-0.03718800614285872
89,13.0,9.664392052803269,8.091931030386164,1.035514123408372,0.5125104010223512,25.782807435133844,18.731490146306953,False,True,0.13768670248395523,0.07046132928700394,0.0,0.0,0.196337065730039,0.20848927774947812,-0.05099831217619242,-0.03726831672205104
89,13.5,9.579190712807103,7.960527767456908,1.0553392786209221,0.5166117147802809,25.57387607781674,18.21498143622909,False,True,0.13395260863045672,0.06753724591445842,0.0,0.0,0.1961853893002589,0.20840331364074433,-0.05120457121891657,-0.03734867440106449
89,14.0,9.331406377828094,7.906682931605912,1.00740708857674,0.5200700039716312,25.644654853664157,18.80784745401899,False,False,0.13126160490057798,0.06941422897188831,0.0,0.0,0.19603122256863467,0.20831686282101308,-0.051415236086632066,-0.03742969533454603
89,14.5,9.354944344975483,7.9408242027174545,1.0006887116304963,0.513825344475494,25.67561845346767,18.62381381320906,False,True,0.13190287606000617,0.06929403308414699,0.0,0.0,0.19588319991384925,0.20823000711393783,-0.051618477675155386,-0.03751130669947119
89,15.0,9.423116433455192,8.006049370770201,1.0159976411356517,0.5162420184717429,25.624422822129155,18.219195854641626,False,True,0.13177631871844486,0.0683274770069299,0.0,0.0,0.19573606921686482,0.20814398287534638,-0.05182144387083859,-0.03759234586639205
89,15.5,9.302841970937433,8.179144185606972,0.9410131230176122,0.5158815710672147,25.97201804895625,19.400150724662655,False,False,0.13419485083403954,0.07492095213857507,0.0,0.0,0.1955870233493628,0.20805768625018625,-0.05202802231633217,-0.03767385131290071
89,16.0,9.132043702336041,8.117344928362824,0.9064466559765461,0.5107342395844101,26.03635387027877,19.585173270258384,False,False,0.13250407239048873,0.07568150878086524,0.0,0.0,0.1954475685304673,0.20797147101836086,-0.05222219657965307,-0.03775549022535813
89,16.5,8.692263155242356,7.843063801466519,0.857104331079591,0.5062308768219898,26.01722421047174,19.73769875942909,False,False,0.1259032674415794,0.07488419041131138,0.0,0.0,0.19531255404939926,0.20788594707019126,-0.052411011377128155,-0.03783668288814509
89,17.0,7.9653939662290405,7.4658551646713756,0.724324073882243,0.4836683616838463,26.448765885520945,21.392810170469986,False,False,0.12009370708039432,0.08051686965947435,0.0,0.0,0.19518386270971197,0.20780103222803673,-0.05259174100948098,-0.0379175031939564
89,17.5,7.379019309333847,7.112090908935816,0.6311723382778264,0.4759528789161034,26.764528801021694,22.69116423785621,False,False,0.11468511230520553,0.08653048181498661,0.0,0.0,0.195072127115154,0.20771902770584108,-0.052749261090537625,-0.037995748822229974
89.0,18.0,0.0,0.0,0.0,0.0,0.0,0.0,0.0,0.0,0.0,0.0,0.0,0.0,0.19497229716891917,0.20763804139143316,-0.05289047277666536,-0.038073211800901424
89.0,18.5,0.0,0.0,0.0,0.0,0.0,0.0,0.0,0.0,0.0,0.0,0.0,0.0,0.19495293421277005,0.20761774196850477,-0.052917914237942835,-0.038092657574409015
89.0,19.0,0.0,0.0,0.0,0.0,0.0,0.0,0.0,0.0,0.0,0.0,0.0,0.0,0.19493360607393426,0.2075974773230783,-0.05294532327526453,-0.03811208183719903
89.0,19.5,0.0,0.0,0.0,0.0,0.0,0.0,0.0,0.0,0.0,0.0,0.0,0.0,0.1949143126305277,0.20757724734358818,-0.052972699982356285,-0.038131484643882094
89.0,20.0,0.0,0.0,0.0,0.0,0.0,0.0,0.0,0.0,0.0,0.0,0.0,0.0,0.1948950537613056,0.20755705191896126,-0.05300004445250525,-0.03815086604888075
89.0,20.5,0.0,0.0,0.0,0.0,0.0,0.0,0.0,0.0,0.0,0.0,0.0,0.0,0.19487582934565809,0.2075368909386144,-0.05302735677856278,-0.03817022610643004
89.0,21.0,0.0,0.0,0.0,0.0,0.0,0.0,0.0,0.0,0.0,0.0,0.0,0.0,0.1948566392636057,0.2075167642924521,-0.05305463705294748,-0.03818956487057785
89.0,21.5,0.0,0.0,0.0,0.0,0.0,0.0,0.0,0.0,0.0,0.0,0.0,0.0,0.19483748339579485,0.20749667187086376,-0.05308188536764773,-0.03820888239518594
89.0,22.0,0.0,0.0,0.0,0.0,0.0,0.0,0.0,0.0,0.0,0.0,0.0,0.0,0.19481836162349359,0.20747661356472116,-0.05310910181422488,-0.03822817873393038
89.0,22.5,0.0,0.0,0.0,0.0,0.0,0.0,0.0,0.0,0.0,0.0,0.0,0.0,0.19479927382858714,0.20745658926537616,-0.053136286483815666,-0.03824745394030219
89.0,23.0,0.0,0.0,0.0,0.0,0.0,0.0,0.0,0.0,0.0,0.0,0.0,0.0,0.19478021989357377,0.20743659886465812,-0.053163439467135094,-0.03826670806760773
89.0,23.5,0.0,0.0,0.0,0.0,0.0,0.0,0.0,0.0,0.0,0.0,0.0,0.0,0.19476119970156033,0.20741664225487141,-0.05319056085447922,-0.03828594116896975
89.0,24.0,0.0,0.0,0.0,0.0,0.0,0.0,0.0,0.0,0.0,0.0,0.0,0.0,0.19474221313625814,0.20739671932879303,-0.05321765073572781,-0.03830515329732758
90.0,0.5,0.0,0.0,0.0,0.0,0.0,0.0,0.0,0.0,0.0,0.0,0.0,0.0,0.19472326008197874,0.20737682997967005,-0.053244709200347004,-0.03832434450543816
90.0,1.0,0.0,0.0,0.0,0.0,0.0,0.0,0.0,0.0,0.0,0.0,0.0,0.0,0.19470434042362977,0.20735697410121728,-0.05327173633739207,-0.038343514845876274
90.0,1.5,0.0,0.0,0.0,0.0,0.0,0.0,0.0,0.0,0.0,0.0,0.0,0.0,0.1946854540467109,0.2073371515876149,-0.053298732235509814,-0.03836266437103532
90.0,2.0,0.0,0.0,0.0,0.0,0.0,0.0,0.0,0.0,0.0,0.0,0.0,0.0,0.19466660083730955,0.2073173623335058,-0.0533256969829416,-0.03838179313312819
90.0,2.5,0.0,0.0,0.0,0.0,0.0,0.0,0.0,0.0,0.0,0.0,0.0,0.0,0.19464778068209718,0.20729760623399354,-0.053352630667525394,-0.038400901184187416
90.0,3.0,0.0,0.0,0.0,0.0,0.0,0.0,0.0,0.0,0.0,0.0,0.0,0.0,0.19462899346832485,0.20727788318463974,-0.05337953337669898,-0.03841998857606601
90.0,3.5,0.0,0.0,0.0,0.0,0.0,0.0,0.0,0.0,0.0,0.0,0.0,0.0,0.1946102390838196,0.2072581930814617,-0.05340640519750203,-0.03843905536043838
90.0,4.0,0.0,0.0,0.0,0.0,0.0,0.0,0.0,0.0,0.0,0.0,0.0,0.0,0.19459151741698041,0.20723853582093013,-0.053433246216578745,-0.03845810158880041
90.0,4.5,0.0,0.0,0.0,0.0,0.0,0.0,0.0,0.0,0.0,0.0,0.0,0.0,0.19457282835677417,0.20721891129996692,-0.05346005652018042,-0.038477127312470376
90.0,5.0,0.0,0.0,0.0,0.0,0.0,0.0,0.0,0.0,0.0,0.0,0.0,0.0,0.19455417179273193,0.20719931941594247,-0.05348683619416798,-0.03849613258258963
90.0,5.5,0.0,0.0,0.0,0.0,0.0,0.0,0.0,0.0,0.0,0.0,0.0,0.0,0.19453554761494504,0.20717976006667366,-0.05351358532401434,-0.03851511745012313
90.0,6.0,0.0,0.0,0.0,0.0,0.0,0.0,0.0,0.0,0.0,0.0,0.0,0.0,0.19451695571406122,0.20716023315042145,-0.053540303994807026,-0.03853408196585999
90.0,6.5,0.0,0.0,0.0,0.0,0.0,0.0,0.0,0.0,0.0,0.0,0.0,0.0,0.19449839598128105,0.2071407385658886,-0.05356699229125028,-0.038553026180414146
90,7.0,0.2155779659538232,0.22127879984467103,0.004464926586683084,0.14950424506935184,16.592548002931554,18.42345569312709,True,True,0.008989529208774818,0.3201380879885752,0.0,0.0,0.19447986830835393,0.20712127621221732,-0.0535936502976678,-0.038571950144225105
90,7.5,0.3968556747155947,0.4071810425628134,0.00829190588594575,0.16146457739213807,16.592192217681525,18.38300521263715,True,True,0.01654566427266611,0.3534855364702386,0.0,0.0,0.19446080360953508,0.2070827942463458,-0.053621097490533585,-0.03860940016418051
90,8.0,0.6443422551387908,0.6615790050934464,0.014356511725240433,0.16038884991110877,16.516816448747086,18.305550152851243,True,True,0.025842822498894896,0.31984750760894326,0.0,0.0,0.19444128307306163,0.20704282017244652,-0.05364921830217512,-0.03864834816362085
90,8.5,0.7726445833951349,0.7939300964540029,0.01867315460323523,0.19043286650245136,16.506709469912934,18.301347969563,True,True,0.03083155354332491,0.3867825114884544,0.0,0.0,0.19442102144532122,0.20700301511245486,-0.053678425298547744,-0.03868717801229314
90,9.0,3.3048308307650704,3.3964201856660354,0.08583575344845915,0.40819381549119566,32.688657402907,36.104176294253186,True,True,0.12194189859477,0.6744671412952017,0.0,0.0,0.19440024136801434,0.20695941329163656,-0.05370839931687531,-0.0387297649587733
90,9.5,5.512779083678541,5.667185910047335,0.2387676947589,0.4173680249370434,30.50827221846113,33.319623691914664,True,True,0.13509103971598374,0.2537214802104703,0.0,0.0,0.19437093410024994,0.20688809331957117,-0.053750707200828085,-0.038799545358888216
90,10.0,6.891123249131096,6.894955368760289,0.4574661423958554,0.45830130582995604,28.15514902067902,28.187371994395015,True,True,0.12394121574040068,0.12664016373003034,0.0,0.0,0.19432216971063163,0.2068156358878057,-0.053821191365498795,-0.038870592120030426
90,10.5,7.866434455955247,7.607678318031043,0.6198519717181763,0.4776081359160847,27.261825794198018,24.938761790165053,True,True,0.1285039992774809,0.10197387779880548,0.0,0.0,0.19424556728544787,0.20673799375187263,-0.05393213519340012,-0.03894689475411543
90,11.0,8.565675461801682,8.070340713729706,0.7354500137299254,0.49774669319892184,26.789789073353884,23.08865028850809,True,True,0.1334575527131006,0.09349727633181246,0.0,0.0,0.1941483027946173,0.20665792273375824,-0.054073396929482535,-0.03902577136395988
90,11.5,8.893417447940351,8.185523976899105,0.8131114757471787,0.5044226264916369,26.40412910927786,21.83307335883695,False,True,0.13413696152671714,0.0865353175923727,0.0,0.0,0.19403633843281815,0.20657531674779697,-0.05423655416201388,-0.03910734467496894
90,12.0,8.983685308020043,8.200119353402894,0.8230354303859768,0.49593066798175,26.376390541052878,21.464119955078644,False,True,0.13514270032244172,0.0846677961748236,0.0,0.0,0.1939145084612309,0.20649189127790107,-0.05441475463479033,-0.039189933498266626
90,12.5,9.101468861668664,8.07144119741719,0.8997285396958621,0.5042615161297396,25.89441642439514,19.984538000693245,False,True,0.1309999788157607,0.07615415418093177,0.0,0.0,0.19379144475679033,0.20640957911557756,-0.05459546837955832,-0.03927162392800917
90,13.0,9.235958899659076,8.053444318115687,0.9486493011756555,0.5134420152343546,25.65724534693679,19.315535147539055,False,True,0.13019485037385672,0.07325355965014485,0.0,0.0,0.19365863863810956,0.2063262363890247,-0.054791291272640416,-0.039354543934586636
90,13.5,9.314306476953188,8.039149074671736,0.9741803887969166,0.5154485898153918,25.522566792943778,18.835004915418445,False,True,0.12974057421874266,0.07126827085783635,0.0,0.0,0.19351962911147869,0.20624175473074088,-0.05499715819856792,-0.03943881008494907
90,14.0,9.3460807782365,7.9510734061247,0.9949209807212922,0.5111709331601683,25.369255114036378,18.17305784794673,False,True,0.1284076109963785,0.06812936519126772,0.0,0.0,0.1933773966873366,0.20615704824035594,-0.05520875272136299,-0.039523516420356716
90,14.5,9.347465922433821,7.907817241907624,1.0180531597754061,0.5182394426968135,25.206377208655944,17.834872732654258,False,True,0.12669007209293515,0.06654462538845021,0.0,0.0,0.19323255173151505,0.20607291764194482,-0.055425231433289625,-0.03960786151224557
90,15.0,9.355417851598286,7.897173210820393,1.0215352585251318,0.5244721779028535,25.13907177074445,17.726719225544734,False,True,0.1260004059087214,0.06635867858304356,0.0,0.0,0.19308478937751483,0.20598791696943367,-0.05564711329825998,-0.03969329678674867
90,15.5,9.209585262160278,8.006987533398622,0.9467603667282202,0.5183653338298345,25.48626082570371,18.655308860093946,False,True,0.12724476980760607,0.071059190560755,0.0,0.0,0.19293661359044922,0.2059021526359085,-0.05587067957240722,-0.03977972226039192
90,16.0,8.90370836698542,7.855028605633704,0.8898217326145199,0.5030734994296803,25.60060463018452,18.95027542242066,False,False,0.12425256524951464,0.07124901654760762,0.0,0.0,0.19279799677784482,0.205817197016904,-0.05608079282469053,-0.03986555392146661
90,16.5,8.583679674495416,7.781348130495035,0.8203665679732927,0.49746217110944396,25.818183399770255,19.8355211612967,False,False,0.12211735523611186,0.07476895206917616,0.0,0.0,0.19266666591726964,0.20573422049040885,-0.056280731230784406,-0.03994959917110425
90,17.0,7.921968420000012,7.442340385966604,0.7112320850541017,0.49198715824789846,26.135503468038493,21.241817491864573,False,False,0.11599512850313135,0.08060229935231647,0.0,0.0,0.19254421592717777,0.20565198935213122,-0.05646791491236618,-0.040033097789760975
90,17.5,6.9103750850406485,6.699825836016324,0.5781716292749564,0.46678857091916076,26.500041332843438,22.797590799706995,False,False,0.10469604335689817,0.0845255370187541,0.0,0.0,0.192435703156256,0.20557048614108903,-0.056634413612330924,-0.04011606252465952
90.0,18.0,0.0,0.0,0.0,0.0,0.0,0.0,0.0,0.0,0.0,0.0,0.0,0.0,0.19234417646095586,0.20549222419791607,-0.0567753043064227,-0.04019592073707088
90.0,18.5,0.0,0.0,0.0,0.0,0.0,0.0,0.0,0.0,0.0,0.0,0.0,0.0,0.19232635750223054,0.20547347647605213,-0.056802782284180287,-0.040215078959209415
90.0,19.0,0.0,0.0,0.0,0.0,0.0,0.0,0.0,0.0,0.0,0.0,0.0,0.0,0.1923085681618944,0.20545475871841093,-0.056830230395504194,-0.04023421741552096
90.0,19.5,0.0,0.0,0.0,0.0,0.0,0.0,0.0,0.0,0.0,0.0,0.0,0.0,0.19229080834440027,0.2054360708368622,-0.05685764871958745,-0.040253336151227476
90.0,20.0,0.0,0.0,0.0,0.0,0.0,0.0,0.0,0.0,0.0,0.0,0.0,0.0,0.19227307795466117,0.20541741274362363,-0.0568850373352847,-0.04027243521141873
90.0,20.5,0.0,0.0,0.0,0.0,0.0,0.0,0.0,0.0,0.0,0.0,0.0,0.0,0.19225537689804761,0.2053987843512596,-0.05691239632111423,-0.04029151464105265
90.0,21.0,0.0,0.0,0.0,0.0,0.0,0.0,0.0,0.0,0.0,0.0,0.0,0.0,0.19223770508038474,0.2053801855726797,-0.056939725755259386,-0.040310574484955244
90.0,21.5,0.0,0.0,0.0,0.0,0.0,0.0,0.0,0.0,0.0,0.0,0.0,0.0,0.1922200624079491,0.20536161632113695,-0.05696702571557145,-0.0403296147878212
90.0,22.0,0.0,0.0,0.0,0.0,0.0,0.0,0.0,0.0,0.0,0.0,0.0,0.0,0.19220244878746595,0.2053430765102266,-0.05699429627957092,-0.04034863559421401
90.0,22.5,0.0,0.0,0.0,0.0,0.0,0.0,0.0,0.0,0.0,0.0,0.0,0.0,0.19218486412610658,0.20532456605388452,-0.057021537524449536,-0.04036763694856613
90.0,23.0,0.0,0.0,0.0,0.0,0.0,0.0,0.0,0.0,0.0,0.0,0.0,0.0,0.192167308331485,0.2053060848663856,-0.05704874952707268,-0.04038661889517957
90.0,23.5,0.0,0.0,0.0,0.0,0.0,0.0,0.0,0.0,0.0,0.0,0.0,0.0,0.19214978131165536,0.20528763286234247,-0.05707593236398091,-0.040405581478225816
90.0,24.0,0.0,0.0,0.0,0.0,0.0,0.0,0.0,0.0,0.0,0.0,0.0,0.0,0.19213228297510931,0.20526920995670395,-0.05710308611139185,-0.04042452474174621
91.0,0.5,0.0,0.0,0.0,0.0,0.0,0.0,0.0,0.0,0.0,0.0,0.0,0.0,0.19211481323077298,0.20525081606475334,-0.05713021084520216,-0.040443448729652574
91.0,1.0,0.0,0.0,0.0,0.0,0.0,0.0,0.0,0.0,0.0,0.0,0.0,0.0,0.19209737198800425,0.2052324511021074,-0.057157306640989655,-0.04046235348572684
91.0,1.5,0.0,0.0,0.0,0.0,0.0,0.0,0.0,0.0,0.0,0.0,0.0,0.0,0.19207995915659007,0.20521411498471445,-0.057184373574014846,-0.04048123905362192
91.0,2.0,0.0,0.0,0.0,0.0,0.0,0.0,0.0,0.0,0.0,0.0,0.0,0.0,0.19206257464674376,0.20519580762885323,-0.05721141171922294,-0.04050010547686166
91.0,2.5,0.0,0.0,0.0,0.0,0.0,0.0,0.0,0.0,0.0,0.0,0.0,0.0,0.19204521836910224,0.20517752895113114,-0.05723842115124561,-0.04051895279884135
91.0,3.0,0.0,0.0,0.0,0.0,0.0,0.0,0.0,0.0,0.0,0.0,0.0,0.0,0.1920278902347235,0.20515927886848315,-0.05726540194440289,-0.04053778106282772
91.0,3.5,0.0,0.0,0.0,0.0,0.0,0.0,0.0,0.0,0.0,0.0,0.0,0.0,0.19201059015508373,0.20514105729817006,-0.05729235417270507,-0.04055659031195954
91.0,4.0,0.0,0.0,0.0,0.0,0.0,0.0,0.0,0.0,0.0,0.0,0.0,0.0,0.1919933180420749,0.20512286415777717,-0.057319277909854215,-0.040575380589247714
91.0,4.5,0.0,0.0,0.0,0.0,0.0,0.0,0.0,0.0,0.0,0.0,0.0,0.0,0.191976073808002,0.20510469936521283,-0.05734617322924631,-0.04059415193757575
91.0,5.0,0.0,0.0,0.0,0.0,0.0,0.0,0.0,0.0,0.0,0.0,0.0,0.0,0.19195885736558058,0.20508656283870705,-0.05737304020397268,-0.04061290439969984
91.0,5.5,0.0,0.0,0.0,0.0,0.0,0.0,0.0,0.0,0.0,0.0,0.0,0.0,0.1919416686279341,0.20506845449681008,-0.05739987890682191,-0.040631638018249316
91.0,6.0,0.0,0.0,0.0,0.0,0.0,0.0,0.0,0.0,0.0,0.0,0.0,0.0,0.19192450750859133,0.2050503742583908,-0.057426689410281846,-0.04065035283572694
91.0,6.5,0.0,0.0,0.0,0.0,0.0,0.0,0.0,0.0,0.0,0.0,0.0,0.0,0.191907373921484,0.20503232204263558,-0.05745347178654081,-0.04066904889450921
91,7.0,1.9393937123533371,2.0122178009994496,0.0636409418677252,0.4478217276182306,31.299762609640972,36.09632058603694,True,True,0.05412392403002407,0.39300319606081224,0.0,0.0,0.1918902677809441,0.2050142977690468,-0.05748022610748961,-0.04068772623684648
91,7.5,3.384315540134857,3.5108445727724433,0.1413563135650402,0.43051346899350745,30.234472857788624,34.64436336126551,True,True,0.07957661373998154,0.24724986276669764,0.0,0.0,0.19186507905910186,0.20493923418654048,-0.05751964876242628,-0.0407656195689471
91,8.0,1.7864288008852136,1.8512416840519899,0.08839396514494273,0.17068150747187136,14.728232172122407,16.49056578267078,True,True,0.03767272296174147,0.0742838613513918,0.0,0.0,0.19183001412726167,0.2048664040257848,-0.05757458224136157,-0.04084136516317312
91,8.5,4.69959525529686,4.8338082825530035,0.2425786324249319,0.42315003754482916,29.18591566217961,32.383088170056126,True,True,0.09567503150678933,0.16878497427356898,0.0,0.0,0.19180172552703625,0.204826712678736,-0.057618945333639135,-0.04088271597189675
91,9.0,5.727896058862621,5.855222250600715,0.33128664851993045,0.4531904330839666,28.615485256717022,30.75249221274136,True,True,0.10867595089618937,0.15072737835336036,0.0,0.0,0.19175381585277318,0.20475487618683672,-0.057694171760747745,-0.040957682799886826
91,9.5,6.636303147590386,6.702431679008429,0.42568672757123943,0.45928764556373924,28.15085638664493,28.903133098963032,True,True,0.1193002152361433,0.13264231607320986,0.0,0.0,0.19169462889292532,0.20467923910850655,-0.05778726710759825,-0.04103679291344619
91,10.0,8.237409770955656,8.002222262855,0.6082688111379605,0.47593051878684833,27.355896887279535,25.311822148848314,True,True,0.1358767281788307,0.10923786753032683,0.0,0.0,0.19162343920873104,0.2046028525119867,-0.057899478790535745,-0.041116871804955435
91,10.5,9.247931413597877,8.516469500216784,0.8031868499796921,0.5006454247467612,26.433444123402804,21.87732337207736,False,True,0.13922826186362514,0.08943510496951522,0.0,0.0,0.19152900943864853,0.20452437245642588,-0.0580487231547887,-0.0411993393336815
91,11.0,9.64834051562295,8.65846779873433,0.89211631834864,0.5213654375381259,25.999649228805264,20.47595893876663,True,True,0.13952831320399295,0.08325401623563808,0.0,0.0,0.19140976749496896,0.2044427702226803,-0.05823783802799698,-0.041285296752819355
91,11.5,9.726160068133701,8.597605066517115,0.9114941844317911,0.5143987624724885,25.824785236262777,19.661492611166558,False,True,0.13845281496094874,0.07871719596997138,0.0,0.0,0.19127921971447076,0.20435855481400184,-0.05844572611265352,-0.041374230962516564
91,12.0,9.625555773588822,8.467281273890588,0.9265683928667768,0.5147772847833275,25.634245421157935,19.14474229561778,False,True,0.13472363618403205,0.07518745732840738,0.0,0.0,0.19114622916990112,0.20427525434546834,-0.058658413920292835,-0.041462423607461794
91,12.5,9.585666347401519,8.448290539287397,0.9212002736237607,0.5143725397860585,25.623357605972885,19.18438551490926,False,True,0.13403692514152032,0.0751342684348553,0.0,0.0,0.1910113442069441,0.20419193272177838,-0.05887507407229197,-0.04155086281152893
91,13.0,9.876782919032367,8.33371925674606,1.0133373604205345,0.5208227641028771,25.2278044699012,17.853288023832793,False,True,0.13346712232885366,0.06899446221529293,0.0,0.0,0.1908771697673628,0.20410868968092988,-0.059091539559398935,-0.04163944313955605
91,13.5,9.469297231166712,7.970384193899514,1.0197190096279471,0.5204846614715833,24.890102571512706,17.150243636889662,False,True,0.12439231161143319,0.06358611661572494,0.0,0.0,0.19073128041033344,0.20402465159952402,-0.05932798187240874,-0.04172909781032714
91,14.0,8.99190177866529,7.964482087756741,0.9229121876464879,0.520361149321095,25.163720270663607,18.52245818126236,False,False,0.12085165101875388,0.06816603205779076,0.0,0.0,0.19058460410999778,0.2039406834578111,-0.059566836820405894,-0.04181890767275807
91,14.5,8.027903773335302,7.457431865906342,0.7818099626631361,0.49947520448925764,25.45608188099901,20.26156861391962,False,False,0.11062802861201229,0.07061948100953365,0.0,0.0,0.1904502903809267,0.20385675783513252,-0.059786565534908104,-0.04190890227719625
91,15.0,3.7949679470664357,3.4968115635592736,0.35169229887788767,0.21480118481329707,12.871922708145943,10.057788404541999,False,False,0.053633274864760334,0.032716718163457933,0.0,0.0,0.1903339838302341,0.20377552047173028,-0.05997761621793074,-0.04199623409020932
91.0,15.5,0.0,0.0,0.0,0.0,0.0,0.0,0.0,0.0,0.0,0.0,0.0,0.0,0.1982794496717522,0.21173702797818308,-0.048442498701571766,-0.03437788796631077
91.0,16.0,0.0,0.0,0.0,0.0,0.0,0.0,0.0,0.0,0.0,0.0,0.0,0.0,0.21158485778530348,0.22503964301522913,-0.034507212374319474,-0.025007738166699763
91.0,16.5,0.0,0.0,0.0,0.0,0.0,0.0,0.0,0.0,0.0,0.0,0.0,0.0,0.22748878601405859,0.24093752070481325,-0.02363320357678877,-0.017508330046280014
91.0,17.0,0.0,0.0,0.0,0.0,0.0,0.0,0.0,0.0,0.0,0.0,0.0,0.0,0.23795985991923074,0.2513989276750884,-0.018683199172985554,-0.014022924708453495
91.0,17.5,0.0,0.0,0.0,0.0,0.0,0.0,0.0,0.0,0.0,0.0,0.0,0.0,0.24829456304264938,0.2617187945770673,-0.014963097545915415,-0.011365534958227237
91.0,18.0,0.0,0.0,0.0,0.0,0.0,0.0,0.0,0.0,0.0,0.0,0.0,0.0,0.263620717943575,0.2770178300430286,-0.010943755259876477,-0.008447548047955286
91.0,18.5,0.0,0.0,0.0,0.0,0.0,0.0,0.0,0.0,0.0,0.0,0.0,0.0,0.28584701260684026,0.29918380775805214,-0.007170776970657116,-0.005651102906711652
91.0,19.0,0.0,0.0,0.0,0.0,0.0,0.0,0.0,0.0,0.0,0.0,0.0,0.0,0.3061113955546642,0.31935166362773637,-0.005014319401947023,-0.004019460794741879
91.0,19.5,0.0,0.0,0.0,0.0,0.0,0.0,0.0,0.0,0.0,0.0,0.0,0.0,0.31861644453600046,0.3309168350353554,-0.004068138399664408,-0.003337939290830158
91.0,20.0,0.0,0.0,0.0,0.0,0.0,0.0,0.0,0.0,0.0,0.0,0.0,0.0,0.32422763564232754,0.33529728387143687,-0.003713623507692882,-0.0031163811475814008
91.0,20.5,0.0,0.0,0.0,0.0,0.0,0.0,0.0,0.0,0.0,0.0,0.0,0.0,0.3217227627497734,0.33294668554070717,-0.0038671342497936974,-0.003233015257404123
91.0,21.0,0.0,0.0,0.0,0.0,0.0,0.0,0.0,0.0,0.0,0.0,0.0,0.0,0.3241562391611211,0.33830724005130697,-0.003717897355807716,-0.002974266278370065
91.0,21.5,0.0,0.0,0.0,0.0,0.0,0.0,0.0,0.0,0.0,0.0,0.0,0.0,0.3222141562369609,0.33616381361253184,-0.0038364318378409155,-0.0030746542214082273
91.0,22.0,0.0,0.0,0.0,0.0,0.0,0.0,0.0,0.0,0.0,0.0,0.0,0.0,0.32057168548044723,0.3342830767452429,-0.003940207446383995,-0.003166079481004679
91.0,22.5,0.0,0.0,0.0,0.0,0.0,0.0,0.0,0.0,0.0,0.0,0.0,0.0,0.31912954289910367,0.33255789069244174,-0.004034093510224972,-0.0032528045313660234
91.0,23.0,0.0,0.0,0.0,0.0,0.0,0.0,0.0,0.0,0.0,0.0,0.0,0.0,0.3178332833272751,0.3309313387233713,-0.004120764824587601,-0.003337175322024542
91.0,23.5,0.0,0.0,0.0,0.0,0.0,0.0,0.0,0.0,0.0,0.0,0.0,0.0,0.3166492775130754,0.3293690121327433,-0.004201875657256752,-0.0034206807615424608
91.0,24.0,0.0,0.0,0.0,0.0,0.0,0.0,0.0,0.0,0.0,0.0,0.0,0.0,0.3155550250441582,0.32784930917187993,-0.004278534520862934,-0.003504307386560738
92.0,0.5,0.0,0.0,0.0,0.0,0.0,0.0,0.0,0.0,0.0,0.0,0.0,0.0,0.31453457773073973,0.3263582463282147,-0.004351528847582385,-0.003588736082295082
92.0,1.0,0.0,0.0,0.0,0.0,0.0,0.0,0.0,0.0,0.0,0.0,0.0,0.0,0.3135761282301097,0.3248867120857781,-0.0044214434296046615,-0.003674445851619242
92.0,1.5,0.0,0.0,0.0,0.0,0.0,0.0,0.0,0.0,0.0,0.0,0.0,0.0,0.31267063269163115,0.3234288838361237,-0.004488728042431957,-0.0037617730751125767
92.0,2.0,0.0,0.0,0.0,0.0,0.0,0.0,0.0,0.0,0.0,0.0,0.0,0.0,0.3118109731817497,0.321981243750713,-0.004553738519094872,-0.0038509479333695825
92.0,2.5,0.0,0.0,0.0,0.0,0.0,0.0,0.0,0.0,0.0,0.0,0.0,0.0,0.32370375865296647,0.3328364152833031,-0.0037451198632153576,-0.003238613296475078
92.0,3.0,0.0,0.0,0.0,0.0,0.0,0.0,0.0,0.0,0.0,0.0,0.0,0.0,0.3307642374968615,0.3445453451294149,-0.0033459898728494535,-0.00270356652966082
92.0,3.5,0.0,0.0,0.0,0.0,0.0,0.0,0.0,0.0,0.0,0.0,0.0,0.0,0.3307863177176641,0.34573463616175404,-0.0033448235571656515,-0.0026553467601442777
92.0,4.0,0.0,0.0,0.0,0.0,0.0,0.0,0.0,0.0,0.0,0.0,0.0,0.0,0.3316820115183064,0.3445186872389554,-0.003297917208817592,-0.002704659272160096
92.0,4.5,0.0,0.0,0.0,0.0,0.0,0.0,0.0,0.0,0.0,0.0,0.0,0.0,0.33008998612285245,0.34098906375038396,-0.0033818394470613525,-0.0028541073898356905
92.0,5.0,0.0,0.0,0.0,0.0,0.0,0.0,0.0,0.0,0.0,0.0,0.0,0.0,0.3311162815446418,0.3399330726950174,-0.0033274518663333444,-0.0029007177648739274
92.0,5.5,0.0,0.0,0.0,0.0,0.0,0.0,0.0,0.0,0.0,0.0,0.0,0.0,0.3394164184342399,0.34576164406533105,-0.002923852539802683,-0.0026542636802217
92.0,6.0,0.0,0.0,0.0,0.0,0.0,0.0,0.0,0.0,0.0,0.0,0.0,0.0,0.3373205559102773,0.34150921477896456,-0.0030199850232314487,-0.0028314767097163767
92.0,6.5,0.0,0.0,0.0,0.0,0.0,0.0,0.0,0.0,0.0,0.0,0.0,0.0,0.3353901905566466,0.33790528652101604,-0.0031118751599072056,-0.0029927908559786976
92,7.0,3.0505074365446467,3.1055982034198633,0.07695453094663986,0.4596802104753139,33.7803459243415,36.421793451602014,True,True,0.15072286111703123,0.9771256682365542,0.2647431832177033,0.2647431832177033,0.33356091024021617,0.334690339906268,-0.0032020433270426554,-0.0031460100603948114
92,7.5,3.865177993803084,3.9397564102146543,0.11039586422279267,0.39864985695775396,33.515326628640935,36.04969633686014,True,True,0.1764508189719577,0.6917112318236186,0.5801495426807759,0.5801495426807759,0.3317518685896725,0.3316986251634405,-0.003294291937708661,-0.0032970546039460405
92,8.0,4.379057478018427,4.467361978492657,0.16423958104629996,0.4287261099759421,32.524834684573165,35.23574429290434,True,True,0.1556638684362891,0.41862157558621643,0.42068992340104144,0.42068992340104144,0.3299385260309025,0.3289462099299274,-0.003389955332978239,-0.00344370579837224
92,8.5,4.686898458823269,4.78738657017548,0.19508788819625345,0.4332396355307751,32.166134627128244,34.79029247865311,True,True,0.1542436345817973,0.35339650779505605,0.5689672581994203,0.5689672581994203,0.33063419286538276,0.3288404202565519,-0.003352868895972762,-0.003449495763390986
92,9.0,4.806265608276011,4.914539733166746,0.20353927986786086,0.4158796622727461,32.25695753002972,34.7525314975173,True,True,0.16120073247882882,0.3542747309947173,1.2590460027184418,1.2590460027184418,0.3286796602713062,0.3263255298042225,-0.0034583165245643537,-0.0035906155998323697
92,9.5,2.4020302349724827,2.452600931468146,0.10393905566481897,0.19654409465199332,16.022476916346715,17.191972399997606,True,True,0.07711644856335248,0.15112173453155428,0.4077891865216814,0.4077891865216814,0.33633972014994373,0.33344896743716645,-0.003066265082883574,-0.0032076615460487723
92,10.0,2.2956841019112715,2.3511042720251107,0.08369004847666976,0.245945344697016,16.366808164229056,17.78164724643733,True,True,0.0855989574728471,0.26963521714519845,0.4395895805249551,0.4395895805249551,0.3452230982419224,0.3420139381554922,-0.0026759604053646214,-0.0028097213489414715
92,10.5,2.1451614334282354,2.1938288667723325,0.07484023632994735,0.2160266980452328,16.426496139318544,17.78406192540128,True,True,0.08228892585452727,0.2515502293595836,0.39122348830062803,0.39122348830062803,0.343887401321254,0.34074006390147143,-0.0027306909739653958,-0.0028650170972154823
92,11.0,5.163055492159406,5.273624234962665,0.19984113951597626,0.41079186633635184,32.75793357336528,35.080563114241016,True,True,0.19361793594202795,0.4533751082940178,1.6104385803666388,1.6104385803666388,0.34036732217877774,0.3374417630473581,-0.002881441454496196,-0.0030143239129465055
92,11.5,6.70307515945332,6.775863739613552,0.3565502511356283,0.42600250635709286,31.261014317163074,32.34030322067488,True,True,0.18580406259996668,0.23189658745996322,1.2721063986844516,1.2721063986844516,0.33688448218562667,0.33428173809749046,-0.003040457363328423,-0.0031661456989914797
92,12.0,7.305902508438853,7.293640839566553,0.5042220531859202,0.4701613719987597,30.080938824765948,29.86604165769139,True,True,0.16797434616114937,0.16245857927834403,1.8153644728436271,1.8153644728436271,0.33364138726292086,0.33138959972523896,-0.0031980115655024315,-0.003313143765328171
92,12.5,7.5817861178056996,7.482372489020992,0.5762207038529145,0.4814252268340973,29.534266705206,28.352291666247833,True,True,0.16155310690156444,0.13762747009542903,1.3923552243789392,1.3923552243789392,0.33054802654241267,0.32862108230515563,-0.0033574361526525647,-0.003461537325501829
92,13.0,7.51178322481854,7.338593284808683,0.6063004067140024,0.46006930761820514,29.265049660841605,27.31898138130778,True,True,0.1544904980888931,0.12019210330212281,1.8403649610542359,1.8403649610542359,0.32773441621559135,0.3260884544818325,-0.0035107282262963413,-0.0036042703363880386
92,13.5,7.141362971284466,7.076694063681799,0.5488462378321763,0.48232481927036014,29.447886487821663,28.614032897833315,True,True,0.15042806003231066,0.13393924142626004,1.0965185507237134,1.0965185507237134,0.3250769740402757,0.3236704673912287,-0.003663227791764791,-0.003747132122973601
92,14.0,6.710409986123997,6.706951284164747,0.4646970648302281,0.4524104648765026,29.95444745167213,29.87151022478435,True,True,0.15151312411151147,0.1495957617579809,0.9637454486640253,0.9637454486640253,0.32271578527873085,0.32149838460879243,-0.003805388993438328,-0.0038812507743361
92,14.5,4.899659923595824,5.000246709613904,0.24782035800977656,0.4185206558866758,31.376510616418763,33.648042027681996,True,True,0.13860417539640763,0.2391373979947532,0.7167506446235135,0.7167506446235135,0.3254070067398757,0.3243734042642844,-0.003643865317462655,-0.003704915848025719
92,15.0,1.9485395539971555,1.9902193225063827,0.08605147663333855,0.16413698193658188,15.961619723982011,17.1580958795763,True,True,0.06105746934868064,0.11933735819283807,0.2938603031688961,0.2938603031688961,0.33258727557345863,0.3317387342505397,-0.0032513038375782915,-0.0032949731888713258
92,15.5,4.128588865463119,4.225278836589645,0.1750186499843749,0.43642955324754845,32.06293703008133,34.97995120214293,True,True,0.1330298879291153,0.3400733519607493,0.47881428956083943,0.47881428956083943,0.33447279753959197,0.33377379615861413,-0.0031567113563727954,-0.003191391260059507
92,16.0,4.336154402837368,4.420679594634321,0.20781170976183608,0.4231143751875912,31.54488438224251,34.27746463175448,True,False,0.12644947553572874,0.2606124708795131,0.32843083042281035,0.32843083042281035,0.33394071057061675,0.3333265423070244,-0.003183068966531651,-0.0032138193069856775
92,16.5,4.678371475006539,4.76487282118779,0.2545421690692444,0.4331595134351357,31.050139176835707,33.46332223016225,True,False,0.12508468755134663,0.21698615499525112,0.6916678653440583,0.6916678653440583,0.33120532101543376,0.33065084396541233,-0.003322782613773788,-0.0033519871560272326
92,17.0,4.1939377829679625,4.251128896615733,0.2580512410261574,0.4024117889308285,30.441287747028515,32.467653347931765,False,False,0.10172311532480866,0.15944490830031188,0.2926813149611883,0.2926813149611883,0.32869728889652366,0.3281899123046298,-0.003457347946317353,-0.0034853546984954897
92,17.5,2.3623875523946296,2.4017780838335643,0.1413467835060696,0.35076853796298085,15.267118768019184,17.155843767194206,False,False,0.05812295061826912,0.14433295254351425,0.05388667438161415,0.05388667438161415,0.32644345195986074,0.3259752656994078,-0.0035838466396970977,-0.003610811444398622
92,18.0,2.9994346861973944,3.0488532315634673,0.16388701641040676,0.44405663295443026,15.461897860480187,17.337066977029288,False,False,0.0785277763058272,0.21360437494318554,0.04293534728082732,0.04293534728082732,0.32439931119825666,0.32395246191376786,-0.003703370814027996,-0.003730127890100509
92.0,18.5,0.0,0.0,0.0,0.0,0.0,0.0,0.0,0.0,0.0,0.0,0.0,0.0,0.3224939731081107,0.32205177323503587,-0.0038190785803399988,-0.0038465453389914563
92.0,19.0,0.0,0.0,0.0,0.0,0.0,0.0,0.0,0.0,0.0,0.0,0.0,0.0,0.3232020007193301,0.3227976886609881,-0.0037755852241066795,-0.0038003489457320953
92.0,19.5,0.0,0.0,0.0,0.0,0.0,0.0,0.0,0.0,0.0,0.0,0.0,0.0,0.3213925960208338,0.3210194240472315,-0.003887927650263945,-0.003911590042620193
92.0,20.0,0.0,0.0,0.0,0.0,0.0,0.0,0.0,0.0,0.0,0.0,0.0,0.0,0.3197112234112737,0.31936427521125343,-0.003995907773026462,-0.004018631876494668
92.0,20.5,0.0,0.0,0.0,0.0,0.0,0.0,0.0,0.0,0.0,0.0,0.0,0.0,0.3181391934741962,0.31781473267169863,-0.004100112465221604,-0.0041220211826019995
92.0,21.0,0.0,0.0,0.0,0.0,0.0,0.0,0.0,0.0,0.0,0.0,0.0,0.0,0.3166625627346036,0.3163576593377859,-0.0042009550516161264,-0.004222144152963766
92.0,21.5,0.0,0.0,0.0,0.0,0.0,0.0,0.0,0.0,0.0,0.0,0.0,0.0,0.3152703889425128,0.3149826889121531,-0.004298747323437209,-0.004319293428733443
92.0,22.0,0.0,0.0,0.0,0.0,0.0,0.0,0.0,0.0,0.0,0.0,0.0,0.0,0.31896073493122384,0.3186919058564691,-0.004045256584172603,-0.00406311001152247
92.0,22.5,0.0,0.0,0.0,0.0,0.0,0.0,0.0,0.0,0.0,0.0,0.0,0.0,0.31743821045293785,0.31718529727567796,-0.004147620365221788,-0.00416492193037341
92.0,23.0,0.0,0.0,0.0,0.0,0.0,0.0,0.0,0.0,0.0,0.0,0.0,0.0,0.3210048627920254,0.32076901540034813,-0.003912516827531643,-0.003927564381690203
92.0,23.5,0.0,0.0,0.0,0.0,0.0,0.0,0.0,0.0,0.0,0.0,0.0,0.0,0.32187033910134,0.3216502661301556,-0.0038578829773333358,-0.0038716886017487466
92.0,24.0,0.0,0.0,0.0,0.0,0.0,0.0,0.0,0.0,0.0,0.0,0.0,0.0,0.3202318357272008,0.3200250249734106,-0.003962095720191672,-0.003975486428165855
93.0,0.5,0.0,0.0,0.0,0.0,0.0,0.0,0.0,0.0,0.0,0.0,0.0,0.0,0.3187194936236441,0.31852433619734716,-0.004061273540993183,-0.004074286119021233
93.0,1.0,0.0,0.0,0.0,0.0,0.0,0.0,0.0,0.0,0.0,0.0,0.0,0.0,0.3173069818484962,0.3171223389787051,-0.004156586885465697,-0.004169242210132508
93.0,1.5,0.0,0.0,0.0,0.0,0.0,0.0,0.0,0.0,0.0,0.0,0.0,0.0,0.3159768713412485,0.315801862971636,-0.004248785911900488,-0.004261097496673035
93.0,2.0,0.0,0.0,0.0,0.0,0.0,0.0,0.0,0.0,0.0,0.0,0.0,0.0,0.31723579483050973,0.3170706925697698,-0.0041614605773395855,-0.004172790240594722
93.0,2.5,0.0,0.0,0.0,0.0,0.0,0.0,0.0,0.0,0.0,0.0,0.0,0.0,0.31842052288849954,0.3182654092108371,-0.004081228353606348,-0.004091627442184634
93.0,3.0,0.0,0.0,0.0,0.0,0.0,0.0,0.0,0.0,0.0,0.0,0.0,0.0,0.31953925729103094,0.31939406979993484,-0.004007151866160164,-0.004016674384207347
93.0,3.5,0.0,0.0,0.0,0.0,0.0,0.0,0.0,0.0,0.0,0.0,0.0,0.0,0.3279718764522841,0.32784001515750555,-0.0034974730825887397,-0.0035048262659186924
93.0,4.0,0.0,0.0,0.0,0.0,0.0,0.0,0.0,0.0,0.0,0.0,0.0,0.0,0.32601165843178875,0.32589028862790187,-0.0036087067899096188,-0.0036157315120872616
93.0,4.5,0.0,0.0,0.0,0.0,0.0,0.0,0.0,0.0,0.0,0.0,0.0,0.0,0.3242404238483308,0.3241281161492301,-0.0037128586141429694,-0.0037195824295327574
93.0,5.0,0.0,0.0,0.0,0.0,0.0,0.0,0.0,0.0,0.0,0.0,0.0,0.0,0.33237051187597977,0.33227060708236966,-0.003262393452549243,-0.003267519743709623
93.0,5.5,0.0,0.0,0.0,0.0,0.0,0.0,0.0,0.0,0.0,0.0,0.0,0.0,0.33256915071121157,0.33248023388382936,-0.0032522293816631153,-0.003256774459744883
93.0,6.0,0.0,0.0,0.0,0.0,0.0,0.0,0.0,0.0,0.0,0.0,0.0,0.0,0.33037206244949874,0.3302924625308056,-0.0033667861981663536,-0.0033710260171054465
93.0,6.5,0.0,0.0,0.0,0.0,0.0,0.0,0.0,0.0,0.0,0.0,0.017875529526595352,0.017875529526595352,0.3307759428224518,0.330705749475465,-0.0033453715168451684,-0.0033490816544181207
93,7.0,0.4787642988629315,0.4916326957803983,0.01586695186912952,0.1341393055202022,16.446573514742038,18.23621138830822,True,True,0.018545085166215353,0.16175838390984698,0.06136262922154244,0.06136262922154244,0.32867697129588375,0.32861511376252295,-0.0034584642946837536,-0.003461865695345437
93,7.5,2.0091571548339457,2.0634738705867304,0.0710263530617008,0.4384346950305316,32.7114937563268,36.27648356058575,True,True,0.07452879631114395,0.486105437310246,0.31390523423191785,0.31390523423191785,0.32669681898067676,0.3266273018866693,-0.0035693542401784846,-0.0035733236026761293
93,8.0,3.1249010868040523,3.2121827438119044,0.1346641281438961,0.4107073331787709,32.082664925623234,35.382978011717114,True,True,0.10109338151977262,0.32804535771051274,0.7864916054616413,0.7864916054616413,0.32478330182637266,0.3246734875009403,-0.0036805602054912,-0.0036870664902536954
93,8.5,3.5404603884123813,3.6365665517125936,0.1889371025329682,0.4121872413180788,31.079903429357042,34.20241298943,True,True,0.09513650649208155,0.21122464791978324,0.4556089859347614,0.4556089859347614,0.32289728446693955,0.32275796747069907,-0.003794230880093502,-0.0038027922549382517
93,9.0,4.194781939917901,4.2917270836616055,0.26864489488968707,0.41321909053481654,30.326785560773313,32.61299762567258,True,True,0.09999782648370963,0.15804149560596387,1.1155070829229095,1.1155070829229095,0.32113627507453185,0.3209734230568213,-0.0039041622515275055,-0.003914518774953507
93,9.5,4.621510874197975,4.729252757564652,0.32586225110015293,0.4766240189099754,29.859083881069942,32.05820034036191,True,True,0.10295472899146643,0.15437486917778193,1.2823797232570833,1.2823797232570833,0.31936592274211933,0.3191889413778433,-0.004018523604707203,-0.0040301742902817605
93,10.0,4.981282770846377,5.048462101526225,0.3637388072637491,0.43850875027240643,29.65805770573673,30.87284741275973,True,True,0.10793106983241578,0.132489704244586,1.0457198818192945,1.0457198818192945,0.3176473218245476,0.3174549470326152,-0.004133379884737145,-0.0041464784546545504
93,10.5,5.329765119345922,5.367062417448371,0.42220191837714593,0.4495750426446142,29.300999872938547,29.83815186986412,True,True,0.1101260333049183,0.1205665222065174,1.7621990829962613,1.7621990829962613,0.3160297145845097,0.31583128012173756,-0.0042450768003270065,-0.004259025073943465
93,11.0,5.215875101187529,5.261610706206233,0.41122209451759106,0.461589266559158,29.234133298446817,30.02023459182906,True,True,0.1068448279744104,0.1212357224822215,0.7710011179802876,0.7710011179802876,0.31438435305939827,0.3141856443732312,-0.004362399539577931,-0.004376828422794174
93,11.5,5.686024841695033,5.6630158872189025,0.5037744522034724,0.4755221043693014,28.677909244297396,28.2852070997645,True,True,0.10869074307176894,0.10450031305356708,1.546612108471226,1.546612108471226,0.3154472936853273,0.31524553378032866,-0.004286171478076404,-0.004300517753190831
93,12.0,6.390282409615147,6.204062348270777,0.6278526312433178,0.4879525645992445,28.110033568352627,25.991351647294746,True,True,0.11435000394562914,0.090327672757381,1.664947153393948,1.664947153393948,0.3138155457033998,0.31362052675124685,-0.004403854365432823,-0.004418175331288403
93,12.5,5.578815737770187,5.600023651937559,0.44200733656613217,0.46076010366275083,29.223089039552953,29.50423927831398,True,True,0.11411720970241931,0.12062358317253258,1.0356770932519808,1.0356770932519808,0.3122299564236872,0.31205575156199744,-0.0045219143870780945,-0.004535113937352778
93,13.0,5.583487731763165,5.622918834123273,0.43472186098139004,0.47063945317649025,29.334017848639235,29.90758563296698,True,True,0.11586546690492777,0.12785297801922985,1.1744395672744088,1.1744395672744088,0.31081664596279357,0.3106429266273551,-0.004630337597733025,-0.004643877295215883
93,13.5,5.932650505036742,5.904842993013135,0.5126804036177929,0.4785537593898015,28.827930941856597,28.393850525314768,True,True,0.11548697085494705,0.11044583873590708,1.781080820216289,1.781080820216289,0.3094480542444426,0.30927254608389576,-0.004738294731238723,-0.004752355051280717
93,14.0,6.147302866306276,6.037983582046312,0.5717760638205055,0.4807047643950793,28.38373195595234,26.953074363907206,True,True,0.11349628937239081,0.0967055231065515,1.329270494119659,1.329270494119659,0.30804796479746727,0.3078795176311054,-0.0048518544356237776,-0.00486573442678409
93,14.5,5.926757687306422,5.8588699769985375,0.5466311807908854,0.48270384601847316,28.440120501892324,27.469161089348177,True,True,0.11014525022040472,0.09881625932202082,1.3761615999162877,1.3761615999162877,0.30674880940333993,0.3065946078736634,-0.004960139014261317,-0.004973181970244552
93,15.0,6.213674213592606,6.0609977900487095,0.6003712119720496,0.4817586264832285,28.154416675698876,26.177442171890092,True,True,0.11174761288013108,0.09046917479664832,1.0719718191185328,1.0719718191185328,0.3054935865032897,0.30535010056187123,-0.005067507619791656,-0.005079956589384923
93,15.5,5.673067118068238,5.676589202565273,0.4828351221709417,0.48381875829948723,28.85971493246797,28.875852150590305,True,True,0.11086502535945161,0.1128301117955694,1.2192595100489982,1.2192595100489982,0.3043133255597205,0.3041874522232302,-0.005170999170093379,-0.0051821843553731956
93,16.0,5.983880067527846,5.905271329803433,0.5406073219275634,0.4667776410972441,28.539523210270204,27.434781427193258,True,True,0.11251341185400801,0.0985849901632853,1.4303517769848317,1.4303517769848317,0.30316909019009697,0.3030455159684989,-0.005273744663146043,-0.005284985790260468
93,16.5,5.454075903494211,5.433268784419321,0.47822504408458255,0.45987385820872423,28.6522381885342,28.17424999481261,False,False,0.10393633019233373,0.10066890958259088,0.7778517855764117,0.7778517855764117,0.3020275341004825,0.3019157182966717,-0.005378682625964646,-0.0053890945217207244
93,17.0,5.095576449087932,5.123052926889256,0.4196456548875668,0.45629668430968245,28.977268141836625,29.322166750808588,True,True,0.10103859283516459,0.11083998364061631,0.8067838044983211,0.8067838044983211,0.3010114415071058,0.30090423888989193,-0.005474185946958618,-0.005484379372084548
93,17.5,5.28527535021099,5.28458589956491,0.4511040763859229,0.4541009903946479,28.768590095294357,28.72777693486495,True,True,0.10214323794757388,0.10340215366730428,0.6186978551985989,0.6186978551985989,0.3000311684985707,0.29992149398836415,-0.005568243379363647,-0.005578885997003117
93,18.0,4.202518770724868,4.231646254697947,0.34771155030257744,0.41546078923613294,14.438574527237957,15.000111887171581,False,False,0.08230333522718138,0.09820598932581422,0.191187576833697,0.191187576833697,0.2991007946612159,0.2989928609092184,-0.005659299126299131,-0.00566997705323996
93.0,18.5,0.0,0.0,0.0,0.0,0.0,0.0,0.0,0.0,0.0,0.0,0.0,0.0,0.29826610537505244,0.2981515853890388,-0.005742503586203045,-0.005754032661308569
93.0,19.0,0.0,0.0,0.0,0.0,0.0,0.0,0.0,0.0,0.0,0.0,0.0,0.0,0.2975263790668397,0.2974138319875054,-0.0058174625489345695,-0.0058289692408078665
93.0,19.5,0.0,0.0,0.0,0.0,0.0,0.0,0.0,0.0,0.0,0.0,0.0,0.0,0.2968113512275719,0.2967007042479711,-0.0058910293599339116,-0.005902512243359255
93.0,20.0,0.0,0.0,0.0,0.0,0.0,0.0,0.0,0.0,0.0,0.0,0.0,0.0,0.29611956355111285,0.29601074576131486,-0.005963262415628955,-0.005974720453622673
93.0,20.5,0.0,0.0,0.0,0.0,0.0,0.0,0.0,0.0,0.0,0.0,0.0,0.0,0.2954496761584948,0.295342618821897,-0.00603421662565969,-0.006045649104873177
93.0,21.0,0.0,0.0,0.0,0.0,0.0,0.0,0.0,0.0,0.0,0.0,0.0,0.0,0.29480045531599003,0.2946950920623146,-0.006103943701951402,-0.006115350177108707
93.0,21.5,0.0,0.0,0.0,0.0,0.0,0.0,0.0,0.0,0.0,0.0,0.0,0.0,0.2941707628059926,0.2940670297539563,-0.006172492404852336,-0.006183872651408218
93.0,22.0,0.0,0.0,0.0,0.0,0.0,0.0,0.0,0.0,0.0,0.0,0.0,0.0,0.29355954664454953,0.29345738246714675,-0.006239908758120195,-0.006251262732194554
93.0,22.5,0.0,0.0,0.0,0.0,0.0,0.0,0.0,0.0,0.0,0.0,0.0,0.0,0.2929658329173011,0.2928651788614904,-0.006306236240376715,-0.006317564045015174
93.0,23.0,0.0,0.0,0.0,0.0,0.0,0.0,0.0,0.0,0.0,0.0,0.0,0.0,0.29238871855879434,0.29228951842980255,-0.0063715159580388534,-0.0063828178149072995
93.0,23.5,0.0,0.0,0.0,0.0,0.0,0.0,0.0,0.0,0.0,0.0,0.0,0.0,0.2918273649374383,0.2917295650562506,-0.0064357868030925115,-0.006447063028800269
93.0,24.0,0.0,0.0,0.0,0.0,0.0,0.0,0.0,0.0,0.0,0.0,0.0,0.0,0.2912809921352572,0.29118454127631915,-0.0064990855980356695,-0.006510336584378582
94.0,0.5,0.0,0.0,0.0,0.0,0.0,0.0,0.0,0.0,0.0,0.0,0.0,0.0,0.2907488738315121,0.29065372314631055,-0.006561447229657421,-0.006572673427166886
94.0,1.0,0.0,0.0,0.0,0.0,0.0,0.0,0.0,0.0,0.0,0.0,0.0,0.0,0.2902303327144054,0.290136435645433,-0.006622904772896328,-0.006634106677168439
94.0,1.5,0.0,0.0,0.0,0.0,0.0,0.0,0.0,0.0,0.0,0.0,0.0,0.0,0.2897247363568888,0.2896320485455304,-0.006683489605746464,-0.006694667746104421
94.0,2.0,0.0,0.0,0.0,0.0,0.0,0.0,0.0,0.0,0.0,0.0,0.0,0.0,0.28923149350198923,0.2891399726930756,-0.006743231515999199,-0.006754386446111058
94.0,2.5,0.0,0.0,0.0,0.0,0.0,0.0,0.0,0.0,0.0,0.0,0.0,0.0,0.28875005071070414,0.28865965665583715,-0.006802158800485415,-0.006813291090618983
94.0,3.0,0.0,0.0,0.0,0.0,0.0,0.0,0.0,0.0,0.0,0.0,0.0,0.0,0.2882798893318051,0.2881905836930431,-0.006860298357397661,-0.0068714085880451385
94.0,3.5,0.0,0.0,0.0,0.0,0.0,0.0,0.0,0.0,0.0,0.0,0.0,0.0,0.2878205227581522,0.28773226901323756,-0.006917675772208846,-0.006928764528856803
94.0,4.0,0.0,0.0,0.0,0.0,0.0,0.0,0.0,0.0,0.0,0.0,0.0,0.0,0.28737149393856654,0.2872842572885514,-0.0069743153976555864,-0.00698538326651248
94.0,4.5,0.0,0.0,0.0,0.0,0.0,0.0,0.0,0.0,0.0,0.0,0.0,0.0,0.2869323731180948,0.28684612039797047,-0.00703024042821586,-0.007041287992739488
94.0,5.0,0.0,0.0,0.0,0.0,0.0,0.0,0.0,0.0,0.0,0.0,0.0,0.0,0.2865027557827539,0.2864174553754905,-0.007085472969477342,-0.0070965008075706115
94.0,5.5,0.0,0.0,0.0,0.0,0.0,0.0,0.0,0.0,0.0,0.0,0.0,0.0,0.28608226078765375,0.2859978825419041,-0.0071400341027638885,-0.007151042784528446
94.0,6.0,0.0,0.0,0.0,0.0,0.0,0.0,0.0,0.0,0.0,0.0,0.0,0.0,0.2856705286498275,0.28558704380143474,-0.0071939439453618526,-0.00720493403131708
94.0,6.5,0.0,-0.009442124807447425,0.0,0.1067133132220509,0.0,18.5,0.0,0.0,0.0,0.22513357114883775,0.03735317441210995,0.03735317441210995,0.28526721998922777,0.2851846010865838,-0.007247221706663355,-0.007258193746353497
94.0,7.0,0.0,-0.04554422017253072,0.0,0.4416177016576098,0.0,37.0,0.0,0.0,0.0,0.9849026238742413,0.22032934288431646,0.22032934288431646,0.28486725408407,0.2847718761423773,-0.007300522821119867,-0.007313302170774598
94.0,7.5,0.0,-0.05437001491160587,0.0,0.4453479799513592,0.0,37.0,0.0,0.0,0.0,0.9885724178161239,0.602186931599352,0.602186931599352,0.2844517704599464,0.2843009306443916,-0.007356387259671881,-0.007376794563373944
94,8.0,1.1549438473337634,1.1801666513093232,0.03152339986353409,0.46332701587414277,33.780346026101725,36.76405225439622,True,True,0.05706474897069433,1.034389637396643,0.6091934596812019,0.6091934596812019,0.28399513794865816,0.2837883369756483,-0.0074183729916750514,-0.0074466498875731145
94,8.5,3.0980653057610974,3.187769624373944,0.13478987610688345,0.43655091838277843,32.21552142011593,35.560810810285055,True,True,0.10300829661919948,0.37855698529970694,1.1882856025638413,1.1882856025638413,0.2835408356760648,0.28327977667405346,-0.0074806609380583915,-0.007516735821691677
94,9.0,4.955599775164831,5.072360706842716,0.27893205491054124,0.4557189553028963,31.036575086125147,33.41011585660101,True,True,0.1321955159469469,0.23246742510158852,1.5379697216292723,1.5379697216292723,0.2830065607624959,0.2827077935722542,-0.007554712838234989,-0.007596503473028239
94,9.5,5.6745887331500455,5.7701882285081165,0.3382576257311688,0.4581799400037054,30.636075255305855,32.262813828534206,True,True,0.1418487822579813,0.19953718258881503,1.0821003960794011,1.0821003960794011,0.2824160935842505,0.28209552315853664,-0.0076375715767291125,-0.007683009807852159
94,10.0,6.146118171279523,6.2084666529176875,0.40946662529906797,0.47305989156925415,30.100301841381988,31.003281396211563,True,True,0.14170561845723142,0.16893695777397594,1.1288952617552621,1.1288952617552621,0.2818826639868267,0.28154751686509416,-0.007713358826037903,-0.0077614334277529284
94,10.5,6.338913359233774,6.375212076559382,0.4197374161307945,0.4541167653475197,30.106128657278923,30.598531094994254,True,True,0.14627425597840457,0.16238555163939217,1.0289907702029095,1.0149352083169492,0.2813404808111615,0.2809979162410891,-0.007791309761730257,-0.007841045036686834
94,11.0,6.250333795701578,6.292524796182306,0.41546336118615096,0.4622969675302408,15.031795018641759,15.351484468573819,True,True,0.1433457160259281,0.16430588306118962,0.6734623937919322,0.6528883814754591,0.280815793836948,0.28047130776935203,-0.007867640484874058,-0.007918240519947061
94,11.5,3.595454217059767,3.6264448158638865,0.2333232339115219,0.2637088765381226,15.106230494913572,15.48045518591489,True,True,0.08426702885996774,0.09814337331375925,0.6398675810630046,0.6198472199982006,0.28034283156074674,0.2799956504615474,-0.007937211029607948,-0.00798874653563265
94,12.0,6.671884582139601,6.69968425198728,0.4281553750915517,0.4599421922523991,30.217452014683143,30.635024340710643,True,True,0.1564847089571043,0.17106475244147215,0.7459075918021136,0.7222313368624853,0.2799030447737207,0.2795551778202515,-0.008002560199446526,-0.008054705173168886
94,12.5,3.4393337710282177,3.4727405519928736,0.20543748429572228,0.2493257100867721,15.263878307872005,15.778864833570172,True,True,0.08453484121366645,0.1041161807974539,0.3319624138591206,0.32123458459260634,0.2794304194928554,0.2790821385235566,-0.008073504908454677,-0.008126264446010525
94,13.0,3.556295699014181,3.578615799913961,0.2109664172662392,0.23345059139810762,15.30366894614919,15.592795685630058,True,True,0.08849777916610228,0.10041079972863595,0.480041269957076,0.46421401833078596,0.2790442555786641,0.2786923536830136,-0.008132027901034938,-0.008185799146012628
94,13.5,7.60126868493275,7.5994134440526935,0.48679362131074255,0.4715676284027957,30.333975302371442,30.220411427693676,True,True,0.1813992233938404,0.1830282983578509,1.3011699779734136,1.2577950939203169,0.27864368167088827,0.27829152222157993,-0.008193269620384339,-0.008247563867059587
94,14.0,8.42876855236446,8.31725244852464,0.5634881609829834,0.4643381021434197,30.09739150237443,28.81306848340053,True,True,0.19425273629443873,0.16515098019856306,1.1613223040856666,1.1226453205800715,0.2781083267984511,0.2777642123973948,-0.008275977525949892,-0.008329665708155418
94,14.5,8.29873782587675,8.218626941746447,0.5624454833988562,0.48948033974950145,29.943223403585204,28.88933804958124,False,False,0.18707766205894405,0.16493099302669822,0.6802306629809144,0.6584202524663677,0.2775858764082024,0.2772598903014186,-0.008357652629955312,-0.008409100963184596
94,15.0,7.533209371012498,7.463633512733223,0.5179716945938272,0.4568527197741798,29.832624392922988,28.634277307516886,False,False,0.16719994513309488,0.1481098999741794,0.4022750761846688,0.38972713957170113,0.2771295785566383,0.2768162223853006,-0.008429772760783738,-0.008479729883891203
94,15.5,3.3737412141125764,3.3233255793076646,0.23131063260860185,0.1854702746127295,14.924513835936924,14.041880124280164,False,False,0.0750521132596721,0.06038388317526676,0.16339969461322565,0.1584213740067195,0.276718943939884,0.2764155161220969,-0.008495310295409559,-0.008544127805962833
94,16.0,3.033415689001579,2.963300669507399,0.19950660529172212,0.14533311105281294,15.030833501909365,13.785946410752167,False,False,0.06954934508924221,0.05091752242934435,0.17533729703669756,0.17010608349572012,0.2763797232760574,0.27608330105082257,-0.00854990841194701,-0.00859796062964644
94,16.5,2.0945367483989057,2.091252467190463,0.12945182799129654,0.12725074376616913,15.165446130053608,15.048550486434758,False,False,0.049961618912780136,0.04911056281297279,0.0393248176087665,0.03818229960724079,0.27604735139100767,0.2757590182196391,-0.008603810185524762,-0.008650898301406803
94,17.0,1.609283626357183,1.6022423313649035,0.09358433930548606,0.0864435652564695,15.313051960141697,15.014675643940727,False,False,0.040164638521086676,0.03715408337434068,0.05093799907426634,0.04945813791513029,0.27574543538106033,0.2754580369945937,-0.008653124097665884,-0.008700379923109283
94.0,17.5,0.0,0.0,0.0,0.0,0.0,0.0,0.0,0.0,0.0,0.0,0.0,0.0,0.2754506902720084,0.275164889296156,-0.008701591941686272,-0.008748898204811062
94.0,18.0,0.0,0.0,0.0,0.0,0.0,0.0,0.0,0.0,0.0,0.0,0.0,0.0,0.2751783307940041,0.274893019213611,-0.008746666489285317,-0.008794183247626361
94.0,18.5,0.0,0.0,0.0,0.0,0.0,0.0,0.0,0.0,0.0,0.0,0.0,0.0,0.2749098331349168,0.2746250018396718,-0.008791374485300698,-0.00883910018306535
94.0,19.0,0.0,0.0,0.0,0.0,0.0,0.0,0.0,0.0,0.0,0.0,0.0,0.0,0.2746450945659353,0.27436073477659584,-0.008835723387097875,-0.008883656491006827
94.0,19.5,0.0,0.0,0.0,0.0,0.0,0.0,0.0,0.0,0.0,0.0,0.0,0.0,0.2743840163387984,0.27410011958706265,-0.00887972040944368,-0.008927859408903152
94.0,20.0,0.0,0.0,0.0,0.0,0.0,0.0,0.0,0.0,0.0,0.0,0.0,0.0,0.2741265034818168,0.27384306159202687,-0.008923372535725888,-0.008971715942890205
94.0,20.5,0.0,0.0,0.0,0.0,0.0,0.0,0.0,0.0,0.0,0.0,0.0,0.0,0.2738724646091202,0.27358946968158426,-0.008966686528462532,-0.009015232878204882
94.0,21.0,0.0,0.0,0.0,0.0,0.0,0.0,0.0,0.0,0.0,0.0,0.0,0.0,0.2736218117420703,0.2733392561378189,-0.009009668939160694,-0.00905841678896753
94.0,21.5,0.0,0.0,0.0,0.0,0.0,0.0,0.0,0.0,0.0,0.0,0.0,0.0,0.27337446014188055,0.27309233646869824,-0.009052326117578445,-0.009101274047380386
94.0,22.0,0.0,0.0,0.0,0.0,0.0,0.0,0.0,0.0,0.0,0.0,0.0,0.0,0.2731303281525779,0.2728486292521706,-0.009094664220437688,-0.00914381083238811
94.0,22.5,0.0,0.0,0.0,0.0,0.0,0.0,0.0,0.0,0.0,0.0,0.0,0.0,0.2728893370535212,0.2726080559896978,-0.009136689219630966,-0.009186033137841838
94.0,23.0,0.0,0.0,0.0,0.0,0.0,0.0,0.0,0.0,0.0,0.0,0.0,0.0,0.27265141092076334,0.2723705409685248,-0.009178406909960983,-0.00922794678020393
94.0,23.5,0.0,0.0,0.0,0.0,0.0,0.0,0.0,0.0,0.0,0.0,0.0,0.0,0.2724164764966083,0.272136011132052,-0.009219822916447747,-0.00926955740582739
94.0,24.0,0.0,0.0,0.0,0.0,0.0,0.0,0.0,0.0,0.0,0.0,0.0,0.0,0.2721844630667725,0.2719043959577288,-0.009260942701234813,-0.00931087049784021
95.0,0.5,0.0,0.0,0.0,0.0,0.0,0.0,0.0,0.0,0.0,0.0,0.0,0.0,0.2719553023446092,0.27167562734193934,-0.009301771570123648,-0.00935189138266278
95.0,1.0,0.0,0.0,0.0,0.0,0.0,0.0,0.0,0.0,0.0,0.0,0.0,0.0,0.27172892836190266,0.27144963949139395,-0.009342314678761739,-0.009392625236183363
95.0,1.5,0.0,0.0,0.0,0.0,0.0,0.0,0.0,0.0,0.0,0.0,0.0,0.0,0.2715052773657797,0.2712263688205811,-0.009382577038508541,-0.009433077089615138
95.0,2.0,0.0,0.0,0.0,0.0,0.0,0.0,0.0,0.0,0.0,0.0,0.0,0.0,0.2712842877213223,0.27100575385487224,-0.00942256352200073,-0.00947325183505536
95.0,2.5,0.0,0.0,0.0,0.0,0.0,0.0,0.0,0.0,0.0,0.0,0.0,0.0,0.2710658998195009,0.27078773513890153,-0.009462278868436633,-0.009513154230766542
95.0,3.0,0.0,0.0,0.0,0.0,0.0,0.0,0.0,0.0,0.0,0.0,0.0,0.0,0.2708500559900757,0.27057225514987565,-0.009501727688598138,-0.009552788906197075
95.0,3.5,0.0,0.0,0.0,0.0,0.0,0.0,0.0,0.0,0.0,0.0,0.0,0.0,0.2706367004191437,0.27035925821549317,-0.009540914469626514,-0.009592160366757793
95.0,4.0,0.0,0.0,0.0,0.0,0.0,0.0,0.0,0.0,0.0,0.0,0.0,0.0,0.270425779071032,0.27014869043618,-0.009579843579567739,-0.009631272998369415
95.0,4.5,0.0,0.0,0.0,0.0,0.0,0.0,0.0,0.0,0.0,0.0,0.0,0.0,0.27021723961426136,0.2699404996113664,-0.009618519271701416,-0.009670131071794923
95.0,5.0,0.0,0.0,0.0,0.0,0.0,0.0,0.0,0.0,0.0,0.0,0.0,0.0,0.2700110313513266,0.26973463516955576,-0.009656945688666126,-0.009708738746769432
95.0,5.5,0.0,0.0,0.0,0.0,0.0,0.0,0.0,0.0,0.0,0.0,0.0,0.0,0.2698071051520547,0.269531048101949,-0.009695126866393707,-0.00974710007593985
95.0,6.0,0.0,0.0,0.0,0.0,0.0,0.0,0.0,0.0,0.0,0.0,0.0,0.0,0.2696054133903245,0.2693296908994102,-0.009733066737863243,-0.009785219008624772
95,6.5,0.9111460638384434,0.9332053225485736,0.03953485326866482,0.09521605372377205,15.933529966510994,17.384301518371828,True,True,0.02823826775681565,0.06860453259440553,0.0504986749162122,0.04906867423239915,0.2694059098839434,0.26913051749257005,-0.009770769136685299,-0.009823099394405569
95,7.0,4.319149135055573,4.401308135938016,0.2093833403486965,0.42436206060997744,31.417195686066556,34.125676512634016,False,False,0.12307279039359459,0.25279658114012427,0.25146528522200257,0.2441241347434837,0.2691970766140582,0.26891509658985435,-0.009810421244264131,-0.009864266712949361
95,7.5,5.078400362929766,5.162736910221967,0.28041972063498044,0.42771410004834726,30.883383095168064,32.83212714546608,True,True,0.13207843367030941,0.20416414352289378,0.4244203157886452,0.41054233501276977,0.2689430893397156,0.2686349709843789,-0.009858905644323865,-0.009918107089004858
95,8.0,5.630606824196311,5.7188445270710355,0.33834972829383825,0.4658944960533519,30.52775664641392,32.16580640037021,True,True,0.1383937952837078,0.19399460103132846,0.6654501632538748,0.6420259016945956,0.2686600673744419,0.26833526475456315,-0.009913269286882968,-0.009976099052319396
95,8.5,6.11336034546969,6.170361132681261,0.4009375531530662,0.46386506968029434,30.142245616528342,31.017730777970975,True,True,0.14181243850226372,0.16751980854385373,0.8726907502306949,0.839994200778693,0.26834096498537424,0.26800320731223987,-0.009974992317523178,-0.010040823289463407
95,9.0,6.486818115370126,6.4996024522054014,0.4564861629452782,0.46775488322768666,29.821724681185273,29.982004229796622,True,True,0.1437566240521981,0.15079287101943994,1.069210220809327,1.027776533835848,0.26798945470777624,0.2676481539804111,-0.01004351470313127,-0.01011058416439178
95,9.5,6.889717838994059,6.857655300366778,0.5059983846900268,0.4716195805191173,29.6233060704036,29.166812218627935,True,True,0.14857848583781635,0.14201248510462855,1.171555990074331,1.1255949431683394,0.26760776116534984,0.2672706099470729,-0.010118557075038972,-0.010185398494779604
95,10.0,7.447915086040799,7.338772437467185,0.5733669169719984,0.47836431320582923,29.411513031853847,28.129721998441447,True,True,0.15613338687249756,0.1341220301272083,1.3662150596669014,1.3129919266622594,0.2672086168831825,0.26688200532955086,-0.010197746028743598,-0.010263094504971171
95,10.5,7.9815518877799425,7.803338139385794,0.6300782068420585,0.4909503622240344,29.280192042866446,27.351482649580973,True,True,0.16447394210247995,0.13181892649540064,1.340219271270993,1.2898153911221382,0.2667779461737112,0.2664705214885664,-0.010284019395569909,-0.010346135924651181
95,11.0,8.276539518342164,8.029055412521073,0.6735361050843945,0.4926453527743993,29.159736373419214,26.797540764120875,True,True,0.16793235724729055,0.12711300391622907,1.5954932321287183,1.539015424734785,0.2663451903362568,0.2660622126559394,-0.010371587851356261,-0.010429329120946037
95,11.5,8.446778909798878,8.214755712622605,0.6630905918217459,0.4953888880354649,29.300999792392208,27.090410132019493,True,True,0.17453119128333178,0.1339398212263863,1.1851461813346371,1.1469109864070675,0.2658761608370056,0.265623722621713,-0.010467501513645467,-0.010519560960698495
95,12.0,8.106717827174165,7.952421621242088,0.6083673048925244,0.489604615725534,29.481224382543928,27.83034094005702,True,True,0.1715197715923047,0.14059623748637992,0.8143666441561268,0.7905628107402877,0.26546251516511904,0.26523660754637346,-0.010552967632164999,-0.010599994910538318
95,12.5,8.001215960108379,7.873317466351141,0.594394661542678,0.49571617521801153,29.519044108651805,28.16203666430418,True,True,0.17014341907767375,0.14421471856430812,0.6983966417569503,0.6794888864141013,0.2651048209637375,0.26489736510716244,-0.010627544294081939,-0.010671085047312102
95,13.0,7.861229069454681,7.744162031796664,0.5725185269493009,0.4784551326540951,29.60689875360026,28.237913891380046,True,True,0.16915313647063518,0.1433495002168983,0.6145066917327978,0.598984724041823,0.2647653824598576,0.2645731917584547,-0.01069889614535794,-0.010739548755266259
95,13.5,7.506447700016629,7.455598751541012,0.5321479662409428,0.4867320430470446,29.716032245712764,29.014858806726043,False,False,0.1639391600532109,0.15141950098069984,0.44836899558071114,0.4378481202442276,0.2644410879027621,0.2642631395495778,-0.010767598408345857,-0.010805520345984676
95,14.0,3.5641246893816847,3.5530090383115946,0.23719477060477656,0.22809440673662518,15.016941355894277,14.859463245257134,True,True,0.08139137097589999,0.07925733143963558,0.25199082465855177,0.246269535615188,0.26414474510569885,0.2639741993470606,-0.010830839130715492,-0.010867434892820993
95,14.5,6.731057926869679,6.734787312944975,0.43824628862556464,0.44716483121115913,30.11585851628818,30.164459154971773,False,False,0.15554275871480103,0.16000027749722476,0.3336999729467498,0.3261531958773671,0.2639126206217439,0.2637442349345881,-0.010880684663511718,-0.010917014268617282
95,15.0,6.596896449120714,6.611375863875718,0.4326294661357537,0.460721881338988,30.07032791281287,30.348682138171107,False,False,0.15144091995676295,0.1622774897752516,0.2710717291157722,0.26482094302803183,0.2636460412614067,0.2634777490276131,-0.01093826649690949,-0.010974805033767052
95,15.5,6.498794974395901,6.517292158283377,0.42951492325713897,0.4658921287710248,30.03579266775874,30.386144597182742,False,False,0.14844904221817518,0.16197594285277633,0.25437924949936375,0.24828049096056348,0.26338970891835356,0.26321889861796227,-0.01099397767347291,-0.011031289259437098
95,16.0,2.2392343238820023,2.2499240895605843,0.14197551899240649,0.15726438783697386,15.115729575976424,15.382594628677062,False,False,0.05262846961299289,0.05852566434936179,0.07112802683256161,0.06934150224113977,0.2631374239663097,0.2629630175392581,-0.011049139616507761,-0.01108746630180864
95,16.5,1.6629736706836271,1.674770359637849,0.1035869371789077,0.12453318637680648,15.151625983115878,15.644505606704948,False,False,0.03950368985664174,0.04752687610623495,0.016857700139550364,0.01642648779739765,0.262946630161244,0.2627707625535442,-0.011091075644746396,-0.011129898995437213
95.0,17.0,0.0,0.0,0.0,0.0,0.0,0.0,0.0,0.0,0.0,0.0,0.0,0.0,0.2627691154491371,0.2625908901857633,-0.011130263363754653,-0.011169774019428057
95.0,17.5,0.0,0.0,0.0,0.0,0.0,0.0,0.0,0.0,0.0,0.0,0.0,0.0,0.2626083956119143,0.2624304242028228,-0.011165885859048005,-0.011205490667803804
95.0,18.0,0.0,0.0,0.0,0.0,0.0,0.0,0.0,0.0,0.0,0.0,0.0,0.0,0.2624490976457843,0.26227137736065104,-0.011201327328769974,-0.011241025799017574
95.0,18.5,0.0,0.0,0.0,0.0,0.0,0.0,0.0,0.0,0.0,0.0,0.0,0.0,0.2622911977453389,0.26211372590033893,-0.01123659010231243,-0.011276381749985038
95.0,19.0,0.0,0.0,0.0,0.0,0.0,0.0,0.0,0.0,0.0,0.0,0.0,0.0,0.2621346726881195,0.26195744664447557,-0.011271676461150753,-0.01131156080960642
95.0,19.5,0.0,0.0,0.0,0.0,0.0,0.0,0.0,0.0,0.0,0.0,0.0,0.0,0.26197949981581253,0.26180251697842993,-0.011306588640213793,-0.011346565220131688
95.0,20.0,0.0,0.0,0.0,0.0,0.0,0.0,0.0,0.0,0.0,0.0,0.0,0.0,0.26182565701620175,0.26164891483238223,-0.011341328829202616,-0.011381397178475241
95.0,20.5,0.0,0.0,0.0,0.0,0.0,0.0,0.0,0.0,0.0,0.0,0.0,0.0,0.2643234762871757,0.2641470038098376,-0.010792644395791997,-0.010830355443342961
95.0,21.0,0.0,0.0,0.0,0.0,0.0,0.0,0.0,0.0,0.0,0.0,0.0,0.0,0.2641508661542283,0.26397465953682503,-0.010829528406065112,-0.010867335947105998
95.0,21.5,0.0,0.0,0.0,0.0,0.0,0.0,0.0,0.0,0.0,0.0,0.0,0.0,0.26398008656336,0.26380414208654346,-0.010866169159395797,-0.010904072621970368
95.0,22.0,0.0,0.0,0.0,0.0,0.0,0.0,0.0,0.0,0.0,0.0,0.0,0.0,0.2638110932395602,0.2636354073032982,-0.010902572159297423,-0.010940570979970986
95.0,22.5,0.0,0.0,0.0,0.0,0.0,0.0,0.0,0.0,0.0,0.0,0.0,0.0,0.26364384374850464,0.2634684128648512,-0.010938742672104429,-0.010976836295991312
95.0,23.0,0.0,0.0,0.0,0.0,0.0,0.0,0.0,0.0,0.0,0.0,0.0,0.0,0.2634782973875897,0.26330311817404695,-0.010974685741406483,-0.011012873622170788
95.0,23.5,0.0,0.0,0.0,0.0,0.0,0.0,0.0,0.0,0.0,0.0,0.0,0.0,0.2633144150851167,0.26313948425853206,-0.011010406201396622,-0.011048687801230061
95.0,24.0,0.0,0.0,0.0,0.0,0.0,0.0,0.0,0.0,0.0,0.0,0.0,0.0,0.2631521593069012,0.26297747367784935,-0.011045908689229686,-0.011084283478809602
96.0,0.5,0.0,0.0,0.0,0.0,0.0,0.0,0.0,0.0,0.0,0.0,0.0,0.0,0.26299149396966026,0.26281705043726544,-0.011081197656476636,-0.011119665114907046
96.0,1.0,0.0,0.0,0.0,0.0,0.0,0.0,0.0,0.0,0.0,0.0,0.0,0.0,0.2628323843605945,0.262658179907753,-0.011116277379752099,-0.011154836994490087
96.0,1.5,0.0,0.0,0.0,0.0,0.0,0.0,0.0,0.0,0.0,0.0,0.0,0.0,0.26267479706263774,0.2625008287516038,-0.011151151970585204,-0.01118980323735503
96.0,2.0,0.0,0.0,0.0,0.0,0.0,0.0,0.0,0.0,0.0,0.0,0.0,0.0,0.2625186998849004,0.26234496485320363,-0.01118582538459686,-0.011224567807293452
96.0,2.5,0.0,0.0,0.0,0.0,0.0,0.0,0.0,0.0,0.0,0.0,0.0,0.0,0.26236406179787647,0.2621905572545412,-0.011220301430040408,-0.011259134520624096
96.0,3.0,0.0,0.0,0.0,0.0,0.0,0.0,0.0,0.0,0.0,0.0,0.0,0.0,0.2622108528730261,0.26203757609506645,-0.011254583775757714,-0.01129350705414156
96.0,3.5,0.0,0.0,0.0,0.0,0.0,0.0,0.0,0.0,0.0,0.0,0.0,0.0,0.26205904422638165,0.26188599255554834,-0.011288675958597416,-0.011327688952528423
96.0,4.0,0.0,0.0,0.0,0.0,0.0,0.0,0.0,0.0,0.0,0.0,0.0,0.0,0.26190860796585724,0.2617357788056142,-0.011322581390338166,-0.011361683635273631
96.0,4.5,0.0,0.0,0.0,0.0,0.0,0.0,0.0,0.0,0.0,0.0,0.0,0.0,0.2617595171419709,0.26158690795468326,-0.011356303364155692,-0.011395494403135534
96.0,5.0,0.0,0.0,0.0,0.0,0.0,0.0,0.0,0.0,0.0,0.0,0.0,0.0,0.2616117457017158,0.2614393540060305,-0.011389845060668856,-0.011429124444184965
96.0,5.5,0.0,0.0,0.0,0.0,0.0,0.0,0.0,0.0,0.0,0.0,0.0,0.0,0.26146526844533985,0.26129309181374344,-0.011423209553597137,-0.011462576839460331
96.0,6.0,0.0,0.0,0.0,0.0,0.0,0.0,0.0,0.0,0.0,0.0,0.0,0.0,0.2613200609858123,0.2611480970423515,-0.011456399815058901,-0.011495854568264251
96,6.5,0.05653110919453755,0.05836393692303531,0.0019021233145791049,0.07187649991899692,16.41083434645111,18.425364749328626,True,True,0.0021522890185954454,0.08327263253488577,0.042483755442370555,0.04150331490941821,0.26117609971077926,0.2610043461289303,-0.011489418720537187,-0.011528960513128477
96,7.0,0.46400354756787754,0.4783254352641484,0.01633373673734453,0.5273189956977882,32.71149446939927,36.809360833526604,True,True,0.01721200643818859,0.6058181271760424,0.16820412253357636,0.16406473758201673,0.26102770553058263,0.2608473679416881,-0.011523573103126182,-0.011565242549766437
96,7.5,1.2009990274629703,1.24090083338992,0.05032482254567304,0.49266359694968,32.14591136857297,36.467978551569715,True,True,0.039359645861271414,0.41529655244598906,0.32544864104797566,0.31377803015209976,0.26086265253587465,0.2606179320136039,-0.011561703881498757,-0.01161851662981043
96,8.0,2.0563979887424306,2.127564823211631,0.10317501734199579,0.4136458663531615,31.4404539442773,35.5749998659942,True,True,0.05884154666700754,0.24968073535504687,0.5044676381122645,0.4814075286578444,0.2606744095037211,0.26037501139634683,-0.01160537570789284,-0.011675240791027712
96,8.5,3.17235383477208,3.2807918047478344,0.19055028494646925,0.46375881851045514,30.643848415402278,34.31195427967236,True,True,0.07939691415032292,0.20239974981608203,0.6669115792976735,0.6317007045043515,0.260457777532371,0.26012195538519495,-0.011655877166952197,-0.011734682923425124
96,9.0,3.4916808355536832,3.5984474032387608,0.2282342014446404,0.4527038400622877,30.12365926504996,33.38650628113448,True,True,0.08077805637678451,0.16274384760523292,0.2978525058662176,0.2801929737226485,0.2602104489665804,0.25984449751936733,-0.011713855124049008,-0.011800271896113393
96,9.5,4.007578478417749,4.10629963502598,0.2912157611076936,0.44224690476230205,29.639777309424435,32.015784670887236,True,True,0.08661783628907363,0.13410971237010166,0.46015289897763706,0.43033021001370586,0.26000646737913025,0.25961435888102,-0.011761930520423052,-0.011855006569207032
96,10.0,4.349516627183672,4.44337133738957,0.3400456890685385,0.46456300827872404,29.31144162566251,31.27702073753761,True,True,0.0899937459636597,0.12611010977437503,0.692488066571767,0.6448308509617211,0.2597748773223916,0.25936751820083165,-0.011816798084004085,-0.011914050118190148
96,10.5,4.644100733960807,4.723885269130024,0.37036558818834103,0.471274149904522,29.163620583500002,30.719784422855923,True,True,0.09427627771099986,0.12193579284201381,0.47864791957124886,0.4439945301751252,0.2595085389119907,0.2590915786080432,-0.011880275595763424,-0.011980469307293934
96,11.0,4.561766024620086,4.651273071719286,0.35272437014665164,0.4695752715443069,29.334826550416555,31.091256208328826,True,True,0.09467324661973889,0.12848647404675775,0.5240126491116688,0.48442202601225615,0.25926665027527224,0.2588414382474868,-0.011938278221967576,-0.01204106011871206
96,11.5,4.937686591841233,4.991846470403637,0.41058262036542564,0.4647312107545421,28.997419202331955,29.908465396842434,True,True,0.09815438456309274,0.11385158616607496,0.7498302477783565,0.6904613105618589,0.25902227450761106,0.2585874064216587,-0.011997220194587458,-0.012102967598531234
96,12.0,5.612186322043665,5.6061966547831865,0.5007362199673053,0.4832355779682737,28.67095659791734,28.49887164066703,True,True,0.10718973774368934,0.10681209631195684,0.9700841804268177,0.8910905488015807,0.2587427778432437,0.25830876254539586,-0.012065058715436576,-0.012171309682710154
96,12.5,6.15999729433329,6.047145079765586,0.5840001830839197,0.47735111534380165,28.39874360319878,26.94300915884879,True,True,0.1139291562422588,0.09691960702221748,1.1701026999911537,1.0740881997671763,0.25842473720187054,0.2580032041256402,-0.01214280923723921,-0.012246782277823864
96,13.0,6.868180306476608,6.595629079275337,0.6963941294486264,0.49970949206431226,27.9746484373735,25.094343506145595,True,True,0.12105808907942314,0.08937961758029415,0.9973577971429161,0.91718696405432,0.25807159305748717,0.25767606982591135,-0.012229841964048013,-0.01232820300316452
96,13.5,7.4187914772499095,6.983286755836231,0.7988334600426117,0.5178037946731844,27.618355874345898,23.50490434010676,True,True,0.1257970521280552,0.08351576793643094,0.9308092047034299,0.8599034733609373,0.257727119854034,0.2573670591523651,-0.01231545474524763,-0.012405705928874699
96,14.0,7.651644460316352,7.104003888530963,0.8644107444388508,0.5342052297655283,27.315274610842557,22.510756469245365,True,True,0.12568507995564054,0.07905241838828284,0.8201120470609123,0.763330047518796,0.25737903792870265,0.25706400563501014,-0.012402690737270513,-0.012482279233126429
96,14.5,7.1690315966576055,6.713064757100131,0.7987506798034579,0.5128396175153044,27.37402512076746,22.958186631980787,True,True,0.11847644778190161,0.07713758811035767,0.6786261734281327,0.6377463954892882,0.2570376557662915,0.2567721169320208,-0.012488963694596605,-0.012556564471784456
96,15.0,7.2747886504461405,6.775371338137304,0.8350853820942085,0.5225462265204581,27.211542936042335,22.441508398112447,True,True,0.11822855842862529,0.07509695958623985,0.7231993396061105,0.6856538429478533,0.2567236062542913,0.2564998881396829,-0.0125689613536597,-0.012626321461928916
96,15.5,7.199781636706945,6.715699400050049,0.8309439540745175,0.529506366237342,27.177802674582864,22.58911179670432,True,True,0.11660761790841818,0.07539964625068368,0.694344580912307,0.6652162222158219,0.2564001677114516,0.25622123702904087,-0.012651989704006621,-0.012698202868411645
96,16.0,6.652268146766193,6.265507297842458,0.7610371969516289,0.5094467638485173,27.207501784180668,23.146178783709026,True,True,0.10806685125861087,0.07314887090466898,0.560892624227222,0.5432289681553435,0.25608184141774243,0.25594520918780134,-0.01273434456560853,-0.012769888793089284
96,16.5,5.970198128905805,5.75250338654036,0.6648352408700038,0.5031543121569307,27.34273876556819,24.70054050219045,True,True,0.09834471207562806,0.0750519218592311,0.4268265162897682,0.4174051151846136,0.2557903236515477,0.25568817510200276,-0.012810324582926691,-0.012837075880355623
96,17.0,5.4843928327576785,5.35384319548249,0.5986433341000541,0.49365442127288295,27.43776360768872,25.476229117380303,True,True,0.09124000949279457,0.07570149621633956,0.3050357775791108,0.3002459984237625,0.2555290303790912,0.2554488561512286,-0.012878886443670854,-0.012900011299649688
96,17.5,4.596545013945438,4.617133426442072,0.4706652968396247,0.500222107388721,27.77934715832728,27.95760443210417,True,True,0.07930235269835537,0.08464263148937531,0.19065132761925918,0.18847962361076787,0.2552925601989328,0.255226544068287,-0.012941312043605744,-0.01295880392558822
96,18.0,3.8543955025068666,3.9194965175029814,0.36542193171184345,0.4721544852994312,28.17615223138868,29.770832840106323,True,True,0.06948872952086631,0.08998926447971979,0.09112171442165283,0.08993583791829761,0.25508783033685134,0.25501849157933565,-0.01299564990392199,-0.013014114870668617
96.0,18.5,0.0,0.0,0.0,0.0,0.0,0.0,0.0,0.0,0.0,0.0,0.0,0.0,0.2549100384012244,0.2548274151339327,-0.013043058762950406,-0.013065160672660432
96.0,19.0,0.0,0.0,0.0,0.0,0.0,0.0,0.0,0.0,0.0,0.0,0.0,0.0,0.25479125625759713,0.2547087970738777,-0.013074847289412097,-0.0130969693406018
96.0,19.5,0.0,0.0,0.0,0.0,0.0,0.0,0.0,0.0,0.0,0.0,0.0,0.0,0.2546732935781804,0.25459099698582105,-0.01310650790857993,-0.013128650020313179
96.0,20.0,0.0,0.0,0.0,0.0,0.0,0.0,0.0,0.0,0.0,0.0,0.0,0.0,0.2545561389292861,0.2544740034572162,-0.01313804210623516,-0.01316020419925554
96.0,20.5,0.0,0.0,0.0,0.0,0.0,0.0,0.0,0.0,0.0,0.0,0.0,0.0,0.254439781133376,0.25435780533115615,-0.013169451335758867,-0.013191633332461617
96.0,21.0,0.0,0.0,0.0,0.0,0.0,0.0,0.0,0.0,0.0,0.0,0.0,0.0,0.2543242092607742,0.25424239169810675,-0.013200737019226128,-0.013222938843629779
96.0,21.5,0.0,0.0,0.0,0.0,0.0,0.0,0.0,0.0,0.0,0.0,0.0,0.0,0.2542094126217347,0.2541277518879953,-0.013231900548450845,-0.013254122126168442
96.0,22.0,0.0,0.0,0.0,0.0,0.0,0.0,0.0,0.0,0.0,0.0,0.0,0.0,0.2540953807588465,0.25401387546263526,-0.013262943285983892,-0.01328518454419388
96.0,22.5,0.0,0.0,0.0,0.0,0.0,0.0,0.0,0.0,0.0,0.0,0.0,0.0,0.25398210343975924,0.25390075220846897,-0.013293866566066872,-0.013316127433483997
96.0,23.0,0.0,0.0,0.0,0.0,0.0,0.0,0.0,0.0,0.0,0.0,0.0,0.0,0.25386957065020965,0.25378837212961247,-0.01332467169554449,-0.013346952102390373
96.0,23.5,0.0,0.0,0.0,0.0,0.0,0.0,0.0,0.0,0.0,0.0,0.0,0.0,0.25375777258733717,0.25367672544118597,-0.013355359954736981,-0.013377659832710883
96.0,24.0,0.0,0.0,0.0,0.0,0.0,0.0,0.0,0.0,0.0,0.0,0.0,0.0,0.25364669965327047,0.25356580256291644,-0.013385932598275502,-0.013408251880524887
97.0,0.5,0.0,0.0,0.0,0.0,0.0,0.0,0.0,0.0,0.0,0.0,0.0,0.0,0.25353634244897394,0.2534555941129978,-0.013416390855901569,-0.013438729476993
97.0,1.0,0.0,0.0,0.0,0.0,0.0,0.0,0.0,0.0,0.0,0.0,0.0,0.0,0.2534266917683389,0.2533460909021955,-0.0134467359332333,-0.01346909382912338
97.0,1.5,0.0,0.0,0.0,0.0,0.0,0.0,0.0,0.0,0.0,0.0,0.0,0.0,0.25331773859250856,0.2532372839281851,-0.013476969012499559,-0.013499346120505915
97.0,2.0,0.0,0.0,0.0,0.0,0.0,0.0,0.0,0.0,0.0,0.0,0.0,0.0,0.25320947408442557,0.25312916437011057,-0.013507091253243834,-0.013529487512016566
97.0,2.5,0.0,0.0,0.0,0.0,0.0,0.0,0.0,0.0,0.0,0.0,0.0,0.0,0.2531018895835897,0.25302172358335456,-0.013537103792999413,-0.013559519142492624
97.0,3.0,0.0,0.0,0.0,0.0,0.0,0.0,0.0,0.0,0.0,0.0,0.0,0.0,0.2529949766010174,0.252914953094508,-0.013567007747937366,-0.01358944212938096
97.0,3.5,0.0,0.0,0.0,0.0,0.0,0.0,0.0,0.0,0.0,0.0,0.0,0.0,0.25288872681439256,0.25280884459653113,-0.013596804213488283,-0.013619257569360348
97.0,4.0,0.0,0.0,0.0,0.0,0.0,0.0,0.0,0.0,0.0,0.0,0.0,0.0,0.2527831320633989,0.2527033899440961,-0.013626494264939924,-0.01364896653893904
97.0,4.5,0.0,0.0,0.0,0.0,0.0,0.0,0.0,0.0,0.0,0.0,0.0,0.0,0.25267818434522715,0.25259858114910266,-0.013656078958010845,-0.013678570095029074
97.0,5.0,0.0,0.0,0.0,0.0,0.0,0.0,0.0,0.0,0.0,0.0,0.0,0.0,0.252573875810247,0.25249441037635934,-0.013685559329402141,-0.013708069275498266
97.0,5.5,0.0,0.0,0.0,0.0,0.0,0.0,0.0,0.0,0.0,0.0,0.0,0.0,0.25247019875783766,0.2523908699394221,-0.0137149363973277,-0.01373746509970085
97.0,6.0,0.0,0.0,0.0,0.0,0.0,0.0,0.0,0.0,0.0,0.0,0.0,0.0,0.252367145632369,0.2522879522965834,-0.013744211162024438,-0.013766758568988157
97.0,6.5,0.0,-0.008337062492077706,0.0,0.11157799823994739,0.0,18.5,0.0,0.0,0.0,0.06689378997730921,0.02378490830258058,0.02334948430457129,0.25226470901932635,0.2521856500470046,-0.013773384606243224,-0.013795950667199911
97.0,7.0,0.0,-0.042046928838991644,0.0,0.47518913544548447,0.0,37.0,0.0,0.0,0.0,0.23724942768294977,0.08214298904042232,0.08020337340270724,0.2521598506644162,0.25206676174182113,-0.01380332420057065,-0.0138299683322668
97.0,7.5,0.0,-0.05521500699658362,0.0,0.47518249827196923,0.0,37.0,0.0,0.0,0.0,0.18246853676219293,0.15511594007836796,0.14793427516666102,0.2520481576685506,0.2518948934058333,-0.01383530057864163,-0.013879322083404682
97,8.0,0.792518242961431,0.8344938335622807,0.057409475788515414,0.43609799632362495,29.672915474131305,35.9581521154462,True,True,0.01720656785654541,0.1340112115058524,0.23870016190785337,0.22219318412051434,0.2519277606050015,0.251714988777357,-0.013869867723673854,-0.013931208503637023
97,8.5,1.3013972238601688,1.3671364063245925,0.10238350872360807,0.4091746887221061,29.276202796559637,34.95661631698749,True,True,0.026803729618246015,0.10995345401440734,0.31602112934509,0.2882668162374121,0.25178998451430806,0.2515311889020844,-0.013909550888523239,-0.013984457206793513
97,9.0,1.694535813370922,1.7786012044308799,0.14321556172078254,0.4376541841229841,28.9129594730518,34.21561897755663,True,True,0.03333322680512989,0.10454793584618703,0.38324163999098865,0.34355584855335186,0.25163720546112384,0.2513429803678578,-0.013953713588749772,-0.01403923463349028
97,9.5,2.2020925035776466,2.30519817739306,0.2027024410060711,0.46616265398507356,28.47855335374033,33.139421056160586,True,True,0.04110914666373505,0.09729464973068247,0.44278134415603604,0.38992564148053804,0.2514712317569564,0.2511446707231223,-0.014001879836358807,-0.014097228783212491
97,10.0,2.3699293770416903,2.473802160336872,0.23153530918172505,0.45574211054870734,28.148227038551234,32.32711914502167,True,True,0.04259134665323697,0.08603034293750328,0.4862045257507924,0.42076718329902446,0.251290658427497,0.25093738636687396,-0.014054508137305086,-0.01415815289157244
97,10.5,2.714518519498104,2.8194319251935713,0.27922352161512903,0.4661264127427234,27.871592589760855,31.364044470094427,True,True,0.04730576072334762,0.08110224765150834,0.5194356750805357,0.44223228663525943,0.2511014391624249,0.25072806054225316,-0.014109909393530984,-0.014219995648646793
97,11.0,2.9994079763540844,3.090082983302553,0.31754285898693496,0.44794225567138174,27.73164566229751,30.28969904653264,True,True,0.051481258150535454,0.0747622394602543,0.5380210825626608,0.45098818941215096,0.2509024636737244,0.25051523060921066,-0.014168448069476152,-0.014283203916547435
97,11.5,3.277721459594856,3.37053128780852,0.349786575818801,0.47599106775414496,27.68666820979444,30.030447339631404,True,True,0.05598648608090066,0.07841882115724541,0.5423213685079972,0.44863036067528966,0.25069678602196155,0.25030415051754834,-0.014229262934747893,-0.014346223417319955
97,12.0,3.6531859137882967,3.727145471216292,0.3917755312794143,0.4761894946708861,27.669913928154973,29.287562232915,True,True,0.062287710470394685,0.07809113625357188,0.511230871687433,0.41681064803560525,0.25048699475062125,0.25009033885368415,-0.014291614800507092,-0.014410396491394275
97,12.5,4.155756353468322,4.190588894172209,0.45261077105257574,0.4774609346866709,27.584846682127086,28.14018528643639,True,True,0.07021645942942742,0.07639790456249766,0.5136913019445019,0.41335216382891554,0.25027635196405223,0.24988109311218706,-0.014354547543320816,-0.014473530568738456
97,13.0,4.3996396341863795,4.427985462203054,0.4806121180844223,0.4952959527601455,27.581016718130734,27.952039165125605,True,True,0.07430693137606531,0.07919279648688742,0.48155234711843703,0.38353042909385765,0.25005817466207314,0.2496726565391539,-0.014420079766833828,-0.014536748425852964
97,13.5,4.384802104279081,4.429282363496252,0.47682326598791486,0.5142618696780353,27.585394049056443,28.28651090981493,True,True,0.07409076812749121,0.0822427517200425,0.4132415294629685,0.32549456852601283,0.24984105027664932,0.24946627216644335,-0.014485649917928983,-0.014599668276451087
97,14.0,4.639874328776285,4.620685414607353,0.5077367352668734,0.4772268381492623,27.543974668682996,27.10267456343273,True,True,0.07805735643512898,0.07540369032381142,0.37378447037945584,0.290066327470445,0.24963363372077185,0.24926538561386147,-0.014548620400862092,-0.014661223895335977
97,14.5,4.641900140324309,4.629147119284476,0.5010471127444655,0.4841693261771825,27.57118273037667,27.287647323286464,True,True,0.07831677986524474,0.07711503794776102,0.24870311935550746,0.19112497971190306,0.2494278202783797,0.2490742467092622,-0.014611426831329894,-0.014720079929635374
97,15.0,4.550616025248839,4.559648827984712,0.4846009955611903,0.48994342831190163,27.63381865596461,27.727195943361224,True,True,0.07729010147058522,0.07942866774104615,0.17997922251284584,0.1365774211232396,0.24923930766292965,0.24889533944182515,-0.0146692373525223,-0.01477542479448036
97,15.5,4.754143003588019,4.743866384571987,0.5042529614959723,0.494070627687766,27.62608089773105,27.394103775066263,True,True,0.08068025979025445,0.079933212646944,0.12937033879978702,0.09652985301831073,0.24906215197878218,0.24872315008266357,-0.0147238136344641,-0.01482892577115098
97,16.0,4.850012468312209,4.814944264032171,0.5236561371303046,0.4839902374266825,27.581016715869325,26.987048652930916,True,True,0.08191342328485565,0.07728831874333825,0.2098663353174902,0.15384123465622027,0.24888943938246605,0.24855603541952856,-0.01477725419353522,-0.014881070843622049
97,16.5,4.540711235366614,4.52522008560765,0.47864509142485734,0.46758936105456217,27.626080972908127,27.210267609068616,True,True,0.07705821255806133,0.07569464547606808,0.07209248565484118,0.05197256194241802,0.24870448928618158,0.24838339402121265,-0.014834737721160295,-0.01493517003121253
97,17.0,4.8066784047814854,4.759943143538102,0.5170490268442787,0.4759190407491404,27.522322237824756,26.658559215212826,True,True,0.0806787884440654,0.07478254599871376,0.09318702289882984,0.06569796790600682,0.24854331976103292,0.24822631094512135,-0.014885047469031227,-0.01498459755526621
97,17.5,3.7655098976064654,3.8016676170561485,0.3834593941106391,0.4562813976738337,27.770223266423777,28.948254592573683,False,False,0.06490061611187875,0.07718685945157669,0.02072478562634944,0.014285806972411455,0.24837505089680365,0.24806689917621644,-0.014937790376659321,-0.015034957208136525
97,18.0,4.036526883427706,4.065831190152173,0.4109532638579662,0.4624548594635419,27.771934321603933,28.396572932935513,False,False,0.06958462668691172,0.07829256318789365,0.022783837832690678,0.015051399208612436,0.2482335175287826,0.24791701835455737,-0.014982325680956204,-0.015082489976299707
97.0,18.5,0.0,0.0,0.0,0.0,0.0,0.0,0.0,0.0,0.0,0.0,0.0,0.0,0.2480886909752212,0.24776672524549823,-0.015028061091538886,-0.015130333392333349
97.0,19.0,0.0,0.0,0.0,0.0,0.0,0.0,0.0,0.0,0.0,0.0,0.0,0.0,0.24799960474550334,0.24767774924507732,-0.015056276656967087,-0.015158742698051807
97.0,19.5,0.0,0.0,0.0,0.0,0.0,0.0,0.0,0.0,0.0,0.0,0.0,0.0,0.2479109817574542,0.24758923565452925,-0.015084408153060265,-0.015187067443851694
97.0,20.0,0.0,0.0,0.0,0.0,0.0,0.0,0.0,0.0,0.0,0.0,0.0,0.0,0.24782281733022055,0.24750117980194616,-0.015112456250992556,-0.015215308305014217
97.0,20.5,0.0,0.0,0.0,0.0,0.0,0.0,0.0,0.0,0.0,0.0,0.0,0.0,0.2477351068549319,0.24741357708727627,-0.015140421612669912,-0.015243465947489697
97.0,21.0,0.0,0.0,0.0,0.0,0.0,0.0,0.0,0.0,0.0,0.0,0.0,0.0,0.24764784579316948,0.24732642298079496,-0.015168304890923358,-0.015271541028092167
97.0,21.5,0.0,0.0,0.0,0.0,0.0,0.0,0.0,0.0,0.0,0.0,0.0,0.0,0.24756102967547736,0.24723971302161826,-0.015196106729696754,-0.015299534194688632
97.0,22.0,0.0,0.0,0.0,0.0,0.0,0.0,0.0,0.0,0.0,0.0,0.0,0.0,0.24747465409991506,0.247153442816258,-0.015223827764229146,-0.01532744608638251
97.0,22.5,0.0,0.0,0.0,0.0,0.0,0.0,0.0,0.0,0.0,0.0,0.0,0.0,0.24738871473064966,0.24706760803721622,-0.015251468621232079,-0.015355277333692217
97.0,23.0,0.0,0.0,0.0,0.0,0.0,0.0,0.0,0.0,0.0,0.0,0.0,0.0,0.24730320729658672,0.2469822044216178,-0.015279029919061654,-0.015383028558724657
97.0,23.5,0.0,0.0,0.0,0.0,0.0,0.0,0.0,0.0,0.0,0.0,0.0,0.0,0.24721812759003758,0.2468972277698808,-0.015306512267886131,-0.015410700375343632
97.0,24.0,0.0,0.0,0.0,0.0,0.0,0.0,0.0,0.0,0.0,0.0,0.0,0.0,0.2471334714654234,0.24681267394442144,-0.015333916269848563,-0.015438293389334033
98.0,0.5,0.0,0.0,0.0,0.0,0.0,0.0,0.0,0.0,0.0,0.0,0.0,0.0,0.24704923483801303,0.2467285388683951,-0.015361242519225132,-0.01546580819856103
98.0,1.0,0.0,0.0,0.0,0.0,0.0,0.0,0.0,0.0,0.0,0.0,0.0,0.0,0.24696541368269467,0.24664481852446923,-0.015388491602579256,-0.01549324539312532
98.0,1.5,0.0,0.0,0.0,0.0,0.0,0.0,0.0,0.0,0.0,0.0,0.0,0.0,0.24688200403278007,0.24656150895362974,-0.015415664098911264,-0.015520605555513963
98.0,2.0,0.0,0.0,0.0,0.0,0.0,0.0,0.0,0.0,0.0,0.0,0.0,0.0,0.24679900197883956,0.2464786062540177,-0.015442760579804357,-0.015547889260747289
98.0,2.5,0.0,0.0,0.0,0.0,0.0,0.0,0.0,0.0,0.0,0.0,0.0,0.0,0.24671640366756747,0.24639610657979694,-0.01546978160956646,-0.015575097076521823
98.0,3.0,0.0,0.0,0.0,0.0,0.0,0.0,0.0,0.0,0.0,0.0,0.0,0.0,0.24663420530067728,0.24631400614005056,-0.015496727745368429,-0.015602229563349434
98.0,3.5,0.0,0.0,0.0,0.0,0.0,0.0,0.0,0.0,0.0,0.0,0.0,0.0,0.24655240313382418,0.24623230119770562,-0.015523599537378713,-0.01562928727469294
98.0,4.0,0.0,0.0,0.0,0.0,0.0,0.0,0.0,0.0,0.0,0.0,0.0,0.0,0.24647099347555623,0.24615098806848557,-0.015550397528894288,-0.015656270757098047
98.0,4.5,0.0,0.0,0.0,0.0,0.0,0.0,0.0,0.0,0.0,0.0,0.0,0.0,0.2463899726862908,0.24607006311988872,-0.015577122256468493,-0.015683180550322025
98.0,5.0,0.0,0.0,0.0,0.0,0.0,0.0,0.0,0.0,0.0,0.0,0.0,0.0,0.24630933717731768,0.24598952277019262,-0.015603774250035321,-0.01571001718745903
98.0,5.5,0.0,0.0,0.0,0.0,0.0,0.0,0.0,0.0,0.0,0.0,0.0,0.0,0.2462290834098267,0.2459093634874836,-0.01563035403303083,-0.015736781195062145
98.0,6.0,0.0,0.0,0.0,0.0,0.0,0.0,0.0,0.0,0.0,0.0,0.0,0.0,0.24614920789395942,0.2458295817887095,-0.015656862122511224,-0.015763473093262582
98.0,6.5,0.0,-0.033479427135744214,0.0,0.464975447011577,0.0,0.0,0.0,0.0,0.0,0.3089203222267164,0.008097930083702123,0.00510244371200932,0.2460697071878842,0.24575017423875684,-0.015683299029268242,-0.01579009339588561
98.0,7.0,0.0,-0.03936944797397487,0.0,0.4690282450329327,0.0,37.0,0.0,0.0,0.0,0.24785156459474633,0.024761374109585312,0.013759253156146234,0.24598954595509342,0.24561123411375305,-0.01571000945421009,-0.015836800151424163
98.0,7.5,0.0,-0.04640686547727041,0.0,0.4697939481576866,0.0,37.0,0.0,0.0,0.0,0.21187945899279748,0.04431057065827754,0.02128273746822131,0.24590762931980942,0.24547104178687496,-0.01573736080828237,-0.01588409479229973
98.0,8.0,0.0,-0.05549514010672784,0.0,0.47041565991189893,0.0,37.0,0.0,0.0,0.0,0.18062295278366144,0.06697107713385621,0.027074945680007033,0.24582358623946823,0.24533015726795157,-0.015765481152518204,-0.01593179257729973
98,8.5,1.0739651571427418,1.1314434888866218,0.0838983368369071,0.45186305715409725,29.37218339270623,35.508795801068324,True,True,0.022397840813395315,0.12553641151976228,0.09175866552220001,0.03003381465492067,0.2457370169726443,0.24518881627539216,-0.0157945093616441,-0.015979816489842483
98,9.0,2.454014950731508,2.5566729466968727,0.23191451349590425,0.4453446683705783,28.358391420415323,32.35494273666479,True,True,0.0451750715039618,0.08956335564315002,0.11406795669291613,0.029181051008784636,0.24563695584565876,0.24504982009734905,-0.015828141011742576,-0.01602721199974518
98,9.5,2.8526378391029388,2.953117422849602,0.28312049843712195,0.4498490020507413,28.086782714485615,31.247087221482182,True,True,0.05091296430007779,0.08330342522762652,0.1279811426908748,0.02390328714239311,0.24551554478792736,0.24491211774170896,-0.015869063255273996,-0.01607433158591313
98,10.0,3.145776610990599,3.2489379209410876,0.3176525649917753,0.4754841557389507,28.0051228148709,30.877913167533997,True,True,0.055635101180363536,0.08583744069184636,0.13820550870031992,0.015220080899172981,0.2453861874013686,0.24477486531875492,-0.01591280263511817,-0.016121461550773722
98,10.5,3.291061975600334,3.387219689255595,0.32287895852782317,0.4652718016004735,28.102678322291908,30.655792160277073,True,True,0.058842756683253984,0.08645381488421139,0.08463920344600943,0.0014276616841357244,0.24525147547815512,0.24463580095194015,-0.015958505305818525,-0.016169381719481436
98,11.0,3.6776672758883557,3.7672829513418122,0.36599286686062044,0.4776002446458603,28.101453900547597,30.137138689788134,True,True,0.06574604389588125,0.08868077479654278,0.1310480124786283,0.0,0.24512326949722504,0.24450014082864524,-0.016002146073216983,-0.01621629244039056
98,11.5,3.20737095456528,3.312840184472925,0.28710990869229297,0.46794202544339614,28.57541972306845,31.655957831869717,True,True,0.06056436411738188,0.10020719649387913,0.050602486832155257,0.0,0.2449839982317386,0.24436343383488454,-0.01604971464861024,-0.01626372929602933
98,12.0,3.267494329610779,3.3681582366236213,0.2873499275211477,0.4537723576263697,28.662627737743968,31.543669479361963,True,True,0.06234503785070391,0.09984862844452438,0.04074188491934443,0.0,0.24486537051528762,0.2442282968986739,-0.016090365268553283,-0.016310783932873066
98,12.5,2.8884313606098377,2.9894881282734502,0.2403207412409602,0.4359041416520235,28.95572703940175,32.395761845825305,True,True,0.05712043344990414,0.10518675369280968,0.034712368052506964,0.0,0.24474830572277384,0.24409530200219867,-0.01613060063151857,-0.016357251166787837
98,13.0,3.388011190080005,3.4978398733687674,0.2915584824099316,0.4884049321678312,28.750870564490995,31.874971537935835,True,True,0.06533606319075694,0.11053268468923386,0.022948069679997855,0.0,0.24463833640269395,0.24396491757523792,-0.01616850651123398,-0.016402959517660756
98,13.5,3.3226082779735346,3.4287545405486473,0.28084165405241507,0.4650694314056481,28.87060348470996,31.9113814924999,True,True,0.06501852011124365,0.10928943835880899,0.027891247485291055,0.0,0.2445236680707506,0.24382817344974714,-0.016208145204558575,-0.01645106095835372
98,14.0,4.177888656663372,4.250503086591296,0.39198860352901044,0.4714320086349665,28.410526674843684,29.83674092241731,True,True,0.07737605332793049,0.09590009001146735,0.05441364800608992,0.0,0.24441006387164835,0.2436947308427308,-0.01624753027774881,-0.016498163162196256
98,14.5,3.9259218711754724,4.008301542961894,0.35425074273537743,0.4736035933971581,28.487879335582633,30.433145812378754,True,True,0.07337027185246196,0.09862908231418172,0.011790874219856792,0.0,0.24427924168141044,0.24356080246820097,-0.016293025952104075,-0.016545598482543018
98,15.0,4.2889169586382065,4.354435703208555,0.396904193401168,0.47462126229266705,28.408560920144108,29.68833068387739,True,True,0.07941416443152137,0.09643359331143984,0.01981389599433457,0.0,0.24415898292131183,0.24342691965407948,-0.01633498196715782,-0.016593180171905683
98,15.5,4.396749629869648,4.456134595551855,0.41073762005809306,0.4805678738137514,28.36292906804833,29.503224828073336,True,True,0.08098069460440288,0.09630690957156449,0.015176070695779397,0.0,0.24403258645490897,0.24329322673975484,-0.016379218138810492,-0.016640857148808835
98,16.0,4.482476407390537,4.531217644684782,0.4233718711770246,0.482632494461459,28.270483007570043,29.24495214304342,True,True,0.08168532573137462,0.09406974294836024,0.0065138171427969686,0.0,0.24390533562662003,0.24315909294301588,-0.01642389757756192,-0.016688855469725317
98,16.5,4.390392930983239,4.4314831408592195,0.4091057146386942,0.4659860895251919,28.31133709859077,29.244016616591253,True,True,0.08038345852574574,0.09201116509531684,0.0010739744726399093,0.0,0.24377789344973613,0.24302501031689844,-0.01646878981842526,-0.016737000429286712
98,17.0,4.115082371762877,4.165690069093306,0.37252118674454265,0.4692105539370719,28.459958564531455,29.802024720771207,False,False,0.07665399528932233,0.09688586566467752,0.0,0.0,0.24365327466521353,0.24289336065253103,-0.016512828951379583,-0.016784432880050472
98,17.5,3.301445585424328,3.3473151971973243,0.2847161558402878,0.41286922857674396,28.69254621721354,30.619266200934845,False,False,0.06321970077598682,0.09164407742266252,0.0,0.0,0.24353376443077704,0.24276160917495254,-0.016555194633998797,-0.01683206244752971
98.0,18.0,0.0,0.0,0.0,0.0,0.0,0.0,0.0,0.0,0.0,0.0,0.0,0.0,0.24342575051037138,0.24263734397585046,-0.01659359640081239,-0.016877133287550576
98.0,18.5,0.0,0.0,0.0,0.0,0.0,0.0,0.0,0.0,0.0,0.0,0.0,0.0,0.24335432332082219,0.24256599588795394,-0.016619048932229836,-0.01690307613480953
98.0,19.0,0.0,0.0,0.0,0.0,0.0,0.0,0.0,0.0,0.0,0.0,0.0,0.0,0.24328319820298028,0.242494949353782,-0.016644440057760106,-0.016928956561040823
98.0,19.5,0.0,0.0,0.0,0.0,0.0,0.0,0.0,0.0,0.0,0.0,0.0,0.0,0.24321237270126275,0.2424242019226028,-0.016669770165468566,-0.01695477496052092
98.0,20.0,0.0,0.0,0.0,0.0,0.0,0.0,0.0,0.0,0.0,0.0,0.0,0.0,0.24314184438986755,0.24235375117340738,-0.016695039639349155,-0.01698053172338834
98.0,20.5,0.0,0.0,0.0,0.0,0.0,0.0,0.0,0.0,0.0,0.0,0.0,0.0,0.24307161087228663,0.24228359471442343,-0.016720248859386302,-0.017006227235706717
98.0,21.0,0.0,0.0,0.0,0.0,0.0,0.0,0.0,0.0,0.0,0.0,0.0,0.0,0.24300166978082918,0.24221373018263945,-0.01674539820161542,-0.017031861879526294
98.0,21.5,0.0,0.0,0.0,0.0,0.0,0.0,0.0,0.0,0.0,0.0,0.0,0.0,0.24293201877615486,0.24214415524333888,-0.016770488038182322,-0.01705743603294432
98.0,22.0,0.0,0.0,0.0,0.0,0.0,0.0,0.0,0.0,0.0,0.0,0.0,0.0,0.24286265554681655,0.24207486758964347,-0.016795518737401288,-0.017082950070164197
98.0,22.5,0.0,0.0,0.0,0.0,0.0,0.0,0.0,0.0,0.0,0.0,0.0,0.0,0.24279357780881258,0.24200586494206655,-0.01682049066381213,-0.017108404361553343
98.0,23.0,0.0,0.0,0.0,0.0,0.0,0.0,0.0,0.0,0.0,0.0,0.0,0.0,0.2427247833051483,0.24193714504807526,-0.016845404178235903,-0.01713379927369998
98.0,23.5,0.0,0.0,0.0,0.0,0.0,0.0,0.0,0.0,0.0,0.0,0.0,0.0,0.24265626980540636,0.2418687056816614,-0.016870259637829645,-0.017159135169468806
98.0,24.0,0.0,0.0,0.0,0.0,0.0,0.0,0.0,0.0,0.0,0.0,0.0,0.0,0.24258803510532567,0.24180054464292156,-0.01689505739614008,-0.017184412408055506
99.0,0.5,0.0,0.0,0.0,0.0,0.0,0.0,0.0,0.0,0.0,0.0,0.0,0.0,0.24252007702638928,0.24173265975764524,-0.016919797803156025,-0.017209631345040124
99.0,1.0,0.0,0.0,0.0,0.0,0.0,0.0,0.0,0.0,0.0,0.0,0.0,0.0,0.24245239341542002,0.24166504887691176,-0.016944481205360063,-0.017234792332439557
99.0,1.5,0.0,0.0,0.0,0.0,0.0,0.0,0.0,0.0,0.0,0.0,0.0,0.0,0.24238498214418458,0.2415977098766944,-0.016969107945778928,-0.017259895718758914
99.0,2.0,0.0,0.0,0.0,0.0,0.0,0.0,0.0,0.0,0.0,0.0,0.0,0.0,0.2423178411090051,0.24153064065747354,-0.016993678364033253,-0.01728494184904184
99.0,2.5,0.0,0.0,0.0,0.0,0.0,0.0,0.0,0.0,0.0,0.0,0.0,0.0,0.2422509682303793,0.2414638391438565,-0.017018192796385858,-0.017309931064919962
99.0,3.0,0.0,0.0,0.0,0.0,0.0,0.0,0.0,0.0,0.0,0.0,0.0,0.0,0.2421843614526069,0.24139730328420525,-0.017042651575789703,-0.017334863704661394
99.0,3.5,0.0,0.0,0.0,0.0,0.0,0.0,0.0,0.0,0.0,0.0,0.0,0.0,0.24211801874342417,0.2413310310502717,-0.017067055031934463,-0.017359740103218158
99.0,4.0,0.0,0.0,0.0,0.0,0.0,0.0,0.0,0.0,0.0,0.0,0.0,0.0,0.2420519380936456,0.24126502043683964,-0.017091403491292415,-0.017384560592272915
99.0,4.5,0.0,0.0,0.0,0.0,0.0,0.0,0.0,0.0,0.0,0.0,0.0,0.0,0.2419861175168122,0.24119926946137396,-0.017115697277163465,-0.017409325500284636
99.0,5.0,0.0,0.0,0.0,0.0,0.0,0.0,0.0,0.0,0.0,0.0,0.0,0.0,0.24192055504884682,0.2411337761636764,-0.01713993670971933,-0.017434035152533573
99.0,5.5,0.0,0.0,0.0,0.0,0.0,0.0,0.0,0.0,0.0,0.0,0.0,0.0,0.24185524874771613,0.24106853860554833,-0.01716412210604671,-0.017458689871165237
99.0,6.0,0.0,0.0,0.0,0.0,0.0,0.0,0.0,0.0,0.0,0.0,0.0,0.0,0.241790196693099,0.2410035548704596,-0.01718825378018999,-0.017483289975233726
99.0,6.5,0.0,-0.008181324673083565,0.0,0.10965936429529659,0.0,18.5,0.0,0.0,0.0,0.07011843412112005,0.0,0.0,0.24172539698606116,0.240938823063224,-0.017212332043192915,-0.017507835780744004
99.0,7.0,0.0,-0.03200895401801025,0.0,0.42298258907326186,0.0,37.0,0.0,0.0,0.0,0.3285008555133835,0.0,0.0,0.24166084774873628,0.24086036711125033,-0.017236357203139485,-0.017537640739534587
99.0,7.5,0.0,-0.042067736880291313,0.0,0.4252816373538798,0.0,37.0,0.0,0.0,0.0,0.2480489768145896,0.0,0.0,0.2415965471240129,0.2407422317077059,-0.01726032956519425,-0.017582633821958484
99,8.0,0.03569916069682813,0.03975467468386072,0.002158767310999198,0.3947593694712538,30.610665094425265,36.92518369396136,True,True,0.0008888267509965804,0.16890211940758587,0.0,0.0,0.24153249327522708,0.24062404969723405,-0.01728424943164186,-0.017627782336215904
99,8.5,1.2262903217594086,1.2850646872142577,0.0850568562644316,0.4489388744178746,30.01293030972636,35.61919628313231,True,True,0.02791993754820883,0.154187786343866,0.0,0.0,0.24146840928812613,0.2405100017786958,-0.017308220087024442,-0.01767148254810357
99,9.0,2.0490629450182345,2.140104055802823,0.16190738723224685,0.43269297847099447,29.34940564228482,34.05715873098286,True,True,0.042606548842549614,0.11829413204413256,0.0,0.0,0.24139400452925291,0.24038929237597662,-0.017336100942985464,-0.01771787595202758
99,9.5,2.6224878404407277,2.729364562675965,0.2297932555304808,0.4565512608308801,28.82073932755089,32.79996748427059,True,True,0.05100534303101582,0.10504134218153964,0.0,0.0,0.24131004787867044,0.2402708942205944,-0.01736762535391833,-0.017763522096938548
99,10.0,3.1529834324798194,3.2504950809225317,0.2998135394614377,0.44369260333203914,28.388295654595257,31.135012558991974,True,True,0.05824368165715525,0.08921674481994515,0.0,0.0,0.24121767997049778,0.2401496949709624,-0.017402387002571792,-0.017810393350866396
99,10.5,3.299284215578654,3.4117948785154355,0.31842153286108543,0.49507896246257105,28.297891236885565,31.3211945450076,True,True,0.060313074163789976,0.09676860458857739,0.0,0.0,0.24111662707136666,0.24003037183365156,-0.01744051215315845,-0.017856683080015354
99,11.0,3.379193964717702,3.476313951389071,0.32858317644098367,0.4656325659040897,28.23818920722934,30.764186149962587,True,True,0.06135295620173217,0.0894084034171631,0.0,0.0,0.24101343907264,0.23990473617040403,-0.017479545570872553,-0.017905576671008658
99,11.5,3.925386252433655,4.002554588555398,0.40592293857309153,0.48680260789218854,27.942009737258292,29.504726018189288,True,True,0.06893928791580163,0.08559608281518317,0.0,0.0,0.24090919061455504,0.2397830870262578,-0.017519085877319256,-0.01795307090102575
99,12.0,3.71787751119576,3.8031627816926505,0.36396365602708697,0.47935435538236953,28.11064746976776,30.099324348826006,True,True,0.06653362601714524,0.08850886356235388,0.0,0.0,0.2407953193187543,0.23965897252720986,-0.01756239786523414,-0.018001682429129945
99,12.5,3.8309698169857413,3.911526997645578,0.3720271060720528,0.46372296547414155,28.25779109282105,29.98391325015288,True,True,0.06971139856724733,0.08949358522360434,0.0,0.0,0.24068702612945994,0.23953603792002004,-0.01760370657896406,-0.018049986509770424
99,13.0,4.020650694905106,4.091488411350074,0.384074393782388,0.46944747099859474,28.260326823552276,29.765122136136732,True,True,0.07318421161099503,0.09054033219957697,0.0,0.0,0.2405779348625628,0.23941532436005963,-0.01764543682450897,-0.01809756823160207
99,13.5,4.1498849223603695,4.226952895321437,0.38738676278872025,0.47840646807085946,28.409216170704976,29.985228155354868,True,True,0.07684568928922385,0.09653467290298348,0.0,0.0,0.24046753621607386,0.23929410877880275,-0.01768778722404504,-0.018145498292571078
99,14.0,1.8091990295624292,1.8638098797440377,0.15495158815952437,0.24305565516383254,14.41900972437311,15.827070849768758,True,True,0.035262007761661225,0.05599950512139788,0.0,0.0,0.24035694169175376,0.23917197738586904,-0.017730334249628606,-0.018193943517935646
99,14.5,3.484988746899991,3.591197635045357,0.28178990450221486,0.4609999138610643,29.157408027100455,32.095703427790106,True,True,0.07069000391902845,0.11758917443122827,0.0,0.0,0.24027619165981318,0.23908006166806695,-0.01776147677850187,-0.018230504901531903
99,15.0,3.6044883586913463,3.71316872003882,0.2863791012181933,0.4778938808182667,29.216004050794748,32.20614389738654,True,True,0.07366433502760411,0.12428668929419105,0.0,0.0,0.24017950131830168,0.23896059539447212,-0.017798852724973255,-0.018278156006435054
99,15.5,1.322271357433756,1.3659813952220772,0.10082544498659532,0.18706606983238905,14.706168189748604,16.38282612219841,True,True,0.02772226829720083,0.051856646629557294,0.0,0.0,0.240082447650082,0.23883919740400636,-0.017836463394296835,-0.018326729705366203
99,16.0,3.5093720557763084,3.615773648529226,0.2712130775723573,0.46748358909576027,29.372182685533843,32.42494600368128,True,True,0.07318892623050759,0.12806283283502956,0.0,0.0,0.24000925954191965,0.23875507999659062,-0.01786488821363271,-0.01836047693437085
99,16.5,3.897803690776997,3.9759258821540744,0.33770590081019136,0.4570014404836411,28.75794992223004,30.762003140758473,True,True,0.0752317141849601,0.10252186454126157,0.0,0.0,0.23991457687238216,0.23863544625970523,-0.017901741215304644,-0.018408600654757936
99,17.0,3.65506933309667,3.7348060950934916,0.3297946729311508,0.4722935832158378,28.532109258882116,30.909628237365844,True,True,0.06866518760702583,0.09890789348184348,0.0,0.0,0.23981163773145178,0.23851736483663352,-0.017941910675016895,-0.018456247388350406
99,17.5,4.148887012552807,4.19744613421841,0.40416089023316754,0.4687889794135587,28.116172896910484,29.17174884999656,True,True,0.07429297275241409,0.08658527803457405,0.0,0.0,0.2397099221351662,0.23839754974095498,-0.017981708207548443,-0.01850474393691778
99,18.0,4.062083521556444,4.127938975645143,0.4072498771280548,0.4983265551937214,27.952075050488233,29.357452362856243,True,True,0.0714193700076496,0.08780821848144879,0.0,0.0,0.23959894375515214,0.23827839481315963,-0.018025249967105292,-0.018553123928563127
99.0,18.5,0.0,0.0,0.0,0.0,0.0,0.0,0.0,0.0,0.0,0.0,0.0,0.0,0.23948778417847702,0.23815568793001676,-0.018068988806291524,-0.018603103702963288
99.0,19.0,0.0,0.0,0.0,0.0,0.0,0.0,0.0,0.0,0.0,0.0,0.0,0.0,0.2394287325761413,0.2380966948376972,-0.01809227573689254,-0.018627189289240835
99.0,19.5,0.0,0.0,0.0,0.0,0.0,0.0,0.0,0.0,0.0,0.0,0.0,0.0,0.23936989052185112,0.23803791095778642,-0.01811551560913662,-0.018651226424945815
99.0,20.0,0.0,0.0,0.0,0.0,0.0,0.0,0.0,0.0,0.0,0.0,0.0,0.0,0.2393112565907664,0.2379793348682251,-0.018138708670413454,-0.018675215364435647
99.0,20.5,0.0,0.0,0.0,0.0,0.0,0.0,0.0,0.0,0.0,0.0,0.0,0.0,0.23925282937239253,0.23792096516126943,-0.018161855165991343,-0.018699156359887385
99.0,21.0,0.0,0.0,0.0,0.0,0.0,0.0,0.0,0.0,0.0,0.0,0.0,0.0,0.23919460747038793,0.23786280044329966,-0.0181849553390429,-0.01872304966132408
99.0,21.5,0.0,0.0,0.0,0.0,0.0,0.0,0.0,0.0,0.0,0.0,0.0,0.0,0.23913658950237499,0.237804839334631,-0.01820800943067024,-0.018746895516640712
99.0,22.0,0.0,0.0,0.0,0.0,0.0,0.0,0.0,0.0,0.0,0.0,0.0,0.0,0.23907877409975398,0.23774708046932802,-0.01823101767992991,-0.018770694171629902
99.0,22.5,0.0,0.0,0.0,0.0,0.0,0.0,0.0,0.0,0.0,0.0,0.0,0.0,0.2390211599075203,0.23768952249502243,-0.018253980323857378,-0.018794445870006803
99.0,23.0,0.0,0.0,0.0,0.0,0.0,0.0,0.0,0.0,0.0,0.0,0.0,0.0,0.23896374558408462,0.23763216407273324,-0.018276897597491043,-0.018818150853434176
99.0,23.5,0.0,0.0,0.0,0.0,0.0,0.0,0.0,0.0,0.0,0.0,0.0,0.0,0.2389065298010961,0.23757500387669067,-0.018299769733896003,-0.01884180936154652
99.0,24.0,0.0,0.0,0.0,0.0,0.0,0.0,0.0,0.0,0.0,0.0,0.0,0.0,0.23884951124326845,0.23751804059416246,-0.0183225969641874,-0.01886542163197419
100.0,0.5,0.0,0.0,0.0,0.0,0.0,0.0,0.0,0.0,0.0,0.0,0.0,0.0,0.2387926886082091,0.23746127292528313,-0.0183453795175533,-0.018888987900366937
100.0,1.0,0.0,0.0,0.0,0.0,0.0,0.0,0.0,0.0,0.0,0.0,0.0,0.0,0.23873606060625088,0.2374046995828864,-0.01836811762127741,-0.018912508400417232
100.0,1.5,0.0,0.0,0.0,0.0,0.0,0.0,0.0,0.0,0.0,0.0,0.0,0.0,0.2386796259602866,0.23734831929233977,-0.018390811500761297,-0.018935983363883153
100.0,2.0,0.0,0.0,0.0,0.0,0.0,0.0,0.0,0.0,0.0,0.0,0.0,0.0,0.23862338340560635,0.23729213079138248,-0.018413461379546345,-0.018959413020610747
100.0,2.5,0.0,0.0,0.0,0.0,0.0,0.0,0.0,0.0,0.0,0.0,0.0,0.0,0.23856733168973743,0.23723613282996533,-0.018436067479335315,-0.018982797598556613
100.0,3.0,0.0,0.0,0.0,0.0,0.0,0.0,0.0,0.0,0.0,0.0,0.0,0.0,0.23851146957228697,0.2371803241700941,-0.01845863002001359,-0.01900613732380926
100.0,3.5,0.0,0.0,0.0,0.0,0.0,0.0,0.0,0.0,0.0,0.0,0.0,0.0,0.2384557958247868,0.23712470358567428,-0.018481149219670152,-0.019029432420611093
100.0,4.0,0.0,0.0,0.0,0.0,0.0,0.0,0.0,0.0,0.0,0.0,0.0,0.0,0.2384003092305411,0.23706926986235952,-0.01850362529461824,-0.019052683111379257
100.0,4.5,0.0,0.0,0.0,0.0,0.0,0.0,0.0,0.0,0.0,0.0,0.0,0.0,0.23834500858447671,0.23701402179740147,-0.01852605845941546,-0.019075889616726783
100.0,5.0,0.0,0.0,0.0,0.0,0.0,0.0,0.0,0.0,0.0,0.0,0.0,0.0,0.23828989269299503,0.23695895819950308,-0.018548448926884103,-0.019099052155482917
100.0,5.5,0.0,0.0,0.0,0.0,0.0,0.0,0.0,0.0,0.0,0.0,0.0,0.0,0.23823496037382713,0.23690407788867304,-0.01857079690813059,-0.01912217094471358
100.0,6.0,0.0,0.0,0.0,0.0,0.0,0.0,0.0,0.0,0.0,0.0,0.0,0.0,0.2381802104558908,0.23684937969608366,-0.018593102612564995,-0.019145246199741173
100.0,6.5,0.0,-0.01270412993188324,0.0,0.12424680160946791,0.0,18.5,0.0,0.0,0.0,0.16173258108309962,0.0,0.0,0.23812564177914985,0.23679486246393006,-0.01861536624792016,-0.01916827813416435
100.0,7.0,0.0,-0.05239203312498955,0.0,0.5014618785389918,0.0,37.0,0.0,0.0,0.0,0.618256942144036,0.0,0.0,0.23807125319447564,0.2367246919290677,-0.018637588020270532,-0.01919797174157757
100.0,7.5,0.0,-0.05419203503332742,0.0,0.5014547445379128,0.0,37.0,0.0,0.0,0.0,0.5222654434069415,0.0,0.0,0.23801704356351083,0.23660663050293873,-0.018659768134050726,-0.01924805479876911
100.0,8.0,0.0,-0.05570694318003734,0.0,0.5014475991795845,0.0,37.0,0.0,0.0,0.0,0.4660437340010377,0.0,0.0,0.23796301175853532,0.2364887475377044,-0.018681906792073835,-0.019298217547020505
100,8.5,0.6192162272960191,0.6442427996632191,0.031769005332932025,0.4946544857084981,31.527971807163023,36.624680690297645,True,True,0.01800156210333716,0.3039840795259774,0.0,0.0,0.2379091566623342,0.23637104191973946,-0.018704004195549413,-0.019348460315849598
100,9.0,1.2842065845389892,1.3377731839475333,0.07491846965210089,0.4461890744236723,30.88693212953898,35.95341655700592,True,True,0.033418880686716376,0.20981146775452564,0.0,0.0,0.23785142875517287,0.2362543772991549,-0.018727725251430564,-0.019398412599808325
100,9.5,1.5549510397238109,1.6190011336407433,0.09410304241972417,0.4282818567170862,30.619470682205726,35.54427991074941,True,True,0.03876825390343974,0.18143842682076086,0.0,0.0,0.23778837669685107,0.23614406299851548,-0.018753675029183577,-0.019445787265667813
100,10.0,1.621431446680631,1.6882924711110177,0.09868380853927601,0.43515951786824325,30.60623729282907,35.50596028286697,True,True,0.040342082137313134,0.18356368950781232,0.0,0.0,0.23772305331382193,0.23603620381764986,-0.018780604793309057,-0.019492240918225653
100,10.5,1.9682828565548847,2.0492227502910287,0.12713763439135894,0.4440127629854729,30.36390001020083,35.05763694980439,True,True,0.04718357302989901,0.17115309567439269,0.0,0.0,0.2376573185333958,0.23592764027594937,-0.018807750681091428,-0.019539131510736676
100,11.0,2.3448884556548504,2.4348854086664162,0.16043212045229757,0.41687796450925746,30.057823543497477,34.27904681084313,True,True,0.05373320928149737,0.14355317359739334,0.0,0.0,0.23758812907843402,0.23581811955468085,-0.01883637372980682,-0.01958657177157575
100,11.5,2.46249622198373,2.558568912807795,0.17028830260227548,0.4482773991010706,29.9996515242329,34.27814681936818,True,True,0.05595928466154642,0.15128782282656295,0.0,0.0,0.23751486703327046,0.23571222665571637,-0.018866738164613664,-0.019632571145738378
100,12.0,2.855748977083625,2.9620047104371565,0.21251677511013423,0.4481825476505586,29.700141765822835,33.49592052451737,True,True,0.062233159083105914,0.1363255383668021,0.0,0.0,0.23744051815909112,0.23560250135338068,-0.01889761269335385,-0.019680371150957457
100,12.5,3.2325101932758606,3.3374172622887928,0.2496822003305107,0.43592112481348416,29.49883180118392,32.6795865327249,True,True,0.0685531230706867,0.12363124589230806,0.0,0.0,0.23736095612702124,0.23549295601661255,-0.018930718769774844,-0.01972823114397541
100,13.0,3.5659514435028403,3.6664196973429046,0.28415615669314753,0.4395521862885531,14.663374104165854,16.01427538587988,True,True,0.07392855740227912,0.11935060233729708,0.0,0.0,0.23727682510700523,0.23538514003918812,-0.01896580121750311,-0.019775471053933322
100,13.5,1.890951061875299,1.9461225901799453,0.15274518250125863,0.2381450561295318,14.62299911823895,15.999736649491942,True,True,0.038794543138470715,0.06227707535505833,0.0,0.0,0.23718846706143024,0.23527702718048318,-0.019002729757777285,-0.0198229764393106
100,14.0,4.031334568332914,4.133057457125792,0.331334612447167,0.46388752404569444,29.208145258700853,31.48986542443076,True,True,0.08230462562387386,0.11947410606854537,0.0,0.0,0.23711702015953387,0.23519474502083976,-0.019032653078286912,-0.019859222812202072
100,14.5,1.9375346092375731,1.9810707263800347,0.15685848799785126,0.21523834984828072,14.594280286034861,15.632887123343231,True,True,0.0394579617597137,0.05511255529137384,0.0,0.0,0.23702297918505655,0.23508385969760087,-0.019072124851559888,-0.019908194248816482
100,15.0,4.258418649594752,4.3342017278805605,0.34540843379872965,0.45136524170701897,29.134189180901807,30.899291753260094,True,True,0.08612338834063174,0.11346783273563263,0.0,0.0,0.2369513352738673,0.23500482327002967,-0.019102261384148805,-0.019943187767314144
100,15.5,4.075080845481537,4.173803316718801,0.30449727515870284,0.46077908375405624,29.566583829329353,32.01587136874218,True,True,0.08720954695392538,0.13354483926005006,0.0,0.0,0.23685582601910155,0.23489585839182184,-0.01914252499751301,-0.019991552405990373
100,16.0,1.067093315358584,1.1047439892492232,0.06711657225006117,0.16460640574811347,15.206963247395898,17.123570401151444,True,True,0.02577460777664986,0.06427794421232708,0.0,0.0,0.23676569131467273,0.2347858547664745,-0.019180615648553875,-0.020040519917834572
100,16.5,2.999839814676459,3.0899386859402953,0.1802140888534023,0.41037592763331665,30.593048044627878,34.08610303346627,True,True,0.074483974225105,0.1726091808371905,0.0,0.0,0.23670596685667686,0.2347137531722603,-0.019205904770019027,-0.020072693085307368
100,17.0,3.283627861282208,3.37249394190884,0.19854847584201532,0.440121136675856,30.552657640965197,34.04916732786715,True,True,0.08101947810820728,0.18247633749393288,0.0,0.0,0.23663198927178672,0.2346104914490003,-0.019237284193305216,-0.020118877771943967
100,17.5,2.9828089514618807,3.053223306138431,0.16943273012115706,0.4560404927548994,30.794556943237268,34.49310568779129,False,False,0.07646608814598381,0.20892231875525744,0.0,0.0,0.23655583354119875,0.2345035972302346,-0.019269651362264332,-0.02016682055781676
100,18.0,2.7158351640707705,2.782745973775217,0.1521241023822789,0.44387436205594444,15.413522121373456,17.397373783480976,False,False,0.06998846986484962,0.20800773183597107,0.0,0.0,0.23648354542739164,0.23439483144453113,-0.01930043478763152,-0.020215742537841724
100.0,18.5,0.0,0.0,0.0,0.0,0.0,0.0,0.0,0.0,0.0,0.0,0.0,0.0,0.23641361938447863,0.23428777217357102,-0.019330268108251093,-0.0202640350940209
100.0,19.0,0.0,0.0,0.0,0.0,0.0,0.0,0.0,0.0,0.0,0.0,0.0,0.0,0.2363632344003653,0.23423743227847438,-0.019351798472187032,-0.020286790040869605
100.0,19.5,0.0,0.0,0.0,0.0,0.0,0.0,0.0,0.0,0.0,0.0,0.0,0.0,0.2363130039609694,0.2341872466981369,-0.019373291243731154,-0.020309505544566946
100.0,20.0,0.0,0.0,0.0,0.0,0.0,0.0,0.0,0.0,0.0,0.0,0.0,0.0,0.23626292715853522,0.23413721452650876,-0.01939474659333267,-0.02033218178351635
100.0,20.5,0.0,0.0,0.0,0.0,0.0,0.0,0.0,0.0,0.0,0.0,0.0,0.0,0.23621300309318086,0.23408733486539754,-0.019416164690189006,-0.020354818934812578
100.0,21.0,0.0,0.0,0.0,0.0,0.0,0.0,0.0,0.0,0.0,0.0,0.0,0.0,0.2361632308728078,0.23403760682437796,-0.019437545702258627,-0.020377417174254977
100.0,21.5,0.0,0.0,0.0,0.0,0.0,0.0,0.0,0.0,0.0,0.0,0.0,0.0,0.2361136096130117,0.23398802952070297,-0.01945888979627367,-0.020399976676360843
100.0,22.0,0.0,0.0,0.0,0.0,0.0,0.0,0.0,0.0,0.0,0.0,0.0,0.0,0.2360641384369942,0.23393860207921582,-0.019480197137752463,-0.02042249761437832
100.0,22.5,0.0,0.0,0.0,0.0,0.0,0.0,0.0,0.0,0.0,0.0,0.0,0.0,0.2360148164754767,0.23388932363226353,-0.01950146789101175,-0.02044498016029942
100.0,23.0,0.0,0.0,0.0,0.0,0.0,0.0,0.0,0.0,0.0,0.0,0.0,0.0,0.23596564286661442,0.23384019331961176,-0.019522702219178945,-0.02046742448487262
100.0,23.5,0.0,0.0,0.0,0.0,0.0,0.0,0.0,0.0,0.0,0.0,0.0,0.0,0.23591661675591255,0.23379121028836072,-0.019543900284204038,-0.020489830757615377
100.0,24.0,0.0,0.0,0.0,0.0,0.0,0.0,0.0,0.0,0.0,0.0,0.0,0.0,0.23586773729614277,0.23374237369286205,-0.01956506224687156,-0.020512199146826688
101.0,0.5,0.0,0.0,0.0,0.0,0.0,0.0,0.0,0.0,0.0,0.0,0.0,0.0,0.23581900364726185,0.23369368269463758,-0.01958618826681205,-0.020534529819599003
101.0,1.0,0.0,0.0,0.0,0.0,0.0,0.0,0.0,0.0,0.0,0.0,0.0,0.0,0.23577041497633067,0.2336451364622983,-0.019607278502513786,-0.020556822941830512
101.0,1.5,0.0,0.0,0.0,0.0,0.0,0.0,0.0,0.0,0.0,0.0,0.0,0.0,0.2357219704574344,0.2335967341714652,-0.019628333111334134,-0.020579078678236943
101.0,2.0,0.0,0.0,0.0,0.0,0.0,0.0,0.0,0.0,0.0,0.0,0.0,0.0,0.23567366927160466,0.2335484750046911,-0.019649352249510633,-0.0206012971923633
101.0,2.5,0.0,0.0,0.0,0.0,0.0,0.0,0.0,0.0,0.0,0.0,0.0,0.0,0.23562551060674145,0.2335003581513829,-0.019670336072172303,-0.020623478646595535
101.0,3.0,0.0,0.0,0.0,0.0,0.0,0.0,0.0,0.0,0.0,0.0,0.0,0.0,0.23557749365753727,0.233452382807726,-0.019691284733350373,-0.020645623202171857
101.0,3.5,0.0,0.0,0.0,0.0,0.0,0.0,0.0,0.0,0.0,0.0,0.0,0.0,0.23552961762540175,0.23340454817660908,-0.019712198385989265,-0.02066773101919407
101.0,4.0,0.0,0.0,0.0,0.0,0.0,0.0,0.0,0.0,0.0,0.0,0.0,0.0,0.23814665479442407,0.2360216325281486,-0.01860678932722472,-0.0194985267301659
101.0,4.5,0.0,0.0,0.0,0.0,0.0,0.0,0.0,0.0,0.0,0.0,0.0,0.0,0.23809159546577227,0.23596662007635333,-0.018629272995117012,-0.01952227996867793
101.0,5.0,0.0,0.0,0.0,0.0,0.0,0.0,0.0,0.0,0.0,0.0,0.0,0.0,0.23803674396667598,0.2359118151522188,-0.018651703989695498,-0.019545977890953452
101.0,5.5,0.0,0.0,0.0,0.0,0.0,0.0,0.0,0.0,0.0,0.0,0.0,0.0,0.2379820984730302,0.23585721593532993,-0.018674082746469707,-0.019569620954199098
101.0,6.0,0.0,0.0,0.0,0.0,0.0,0.0,0.0,0.0,0.0,0.0,0.0,0.0,0.23792765718839423,0.23580282063286254,-0.018696409694129296,-0.01959320960846193
101.0,6.5,0.0,0.0,0.0,0.0,0.0,0.0,0.0,0.0,0.0,0.0,0.0,0.0,0.2378734183433945,0.23574862747898745,-0.01871868525469427,-0.019616744296787215
101,7.0,0.5369116348131429,0.550017987293867,0.015800870261346436,0.17251822623764657,16.639635195333433,18.309965283896062,True,True,0.022955721164848352,0.2602525100374557,0.0,0.0,0.2378193801951436,0.23569463473429195,-0.01874090984366109,-0.019640225455371522
101,7.5,0.7872668411779222,0.8073132511686103,0.025317966415135465,0.17639978774876994,16.517386630297793,18.197259767876037,True,True,0.0315842215647026,0.22943038882188369,0.0,0.0,0.23776352747773785,0.23561885620681092,-0.018763913770145954,-0.01967323764421534
101,8.0,1.0558084375275587,1.084155767893278,0.03735953510988891,0.19611336085189193,16.38304123133596,18.084115736409483,True,True,0.039669705960783,0.21975274757575725,0.0,0.0,0.23770665925843,0.23554278004849263,-0.018787370523735032,-0.01970644601751925
101,8.5,1.2641630239090424,1.2989630010326965,0.048099625464434456,0.20306978265671502,16.288108671877545,17.972166944645153,True,True,0.045459593924834556,0.20529303112414962,0.0,0.0,0.23764845216988834,0.2354643870784901,-0.01881141571872452,-0.01974073560839664
101,9.0,1.3599920812787414,1.396417197651166,0.051886179507128545,0.1985922175980174,16.248322665939178,17.89821620490767,True,True,0.04804149115663311,0.1924846647213332,0.0,0.0,0.23758907042068064,0.23538530133691843,-0.018835983956957906,-0.019775400280225033
101,9.5,1.5539217327026222,1.595907577899915,0.06196986064020273,0.2078315776610313,16.215912118433785,17.822708924891476,True,True,0.054113121649337514,0.1950070671954009,0.0,0.0,0.23752939850068328,0.23530697827310823,-0.018860710769592042,-0.019809802160803646
101,10.0,3.4963429511394972,3.5954297894137737,0.15753024121854617,0.45025582867372155,31.89503524569091,35.197984501490225,True,True,0.10895258284300349,0.3264269080057512,0.0,0.0,0.23746863235411853,0.2352276683088316,-0.018885930762979404,-0.019844710201936983
101,10.5,5.020422802371866,5.146574677775873,0.30334556525890727,0.4766234260964845,30.93936120701452,33.37468981780897,True,True,0.13177655417060175,0.22926280226591905,0.0,0.0,0.23739587787445168,0.2351176544740594,-0.01891617919059281,-0.019893253882873538
101,11.0,5.1661877547376225,5.270137981461103,0.3303753907529669,0.45083147464232975,30.49979537733369,32.377104006291034,True,True,0.12643269982324232,0.18284189680612017,0.0,0.0,0.2373047293840482,0.23500446792320104,-0.018954156617379585,-0.019943345263164488
101,11.5,5.578331557837171,5.651772504467306,0.3805270650498949,0.46105846254503163,30.037703901006896,31.264066868797244,True,True,0.12745829038260822,0.15806724359504598,0.0,0.0,0.23721032252185204,0.2348947539676609,-0.018993587473721627,-0.01999204332544001
101,12.0,2.8581982242463124,2.89591081742798,0.1800575078723276,0.24078231331640262,15.16185393454137,15.963514910628621,True,False,0.06810410174157006,0.09167518137282057,0.0,0.0,0.23710970929948302,0.23478392110973367,-0.01903571817062674,-0.020041381951828842
101,12.5,5.817721828173761,5.90481663571016,0.38602073669060855,0.4928714286354847,30.16781788963457,31.65752466649462,True,True,0.13545959513813902,0.17762696889041185,0.0,0.0,0.23703482559328087,0.2347013415237428,-0.019067147198575603,-0.020078237616842163
101,13.0,2.9647264562815887,2.9875024790503435,0.19066996019798385,0.22479669576375083,15.111724566862499,15.595320677927006,False,False,0.06959726641930508,0.08237378502939618,0.0,0.0,0.2369338770754383,0.23458681892514208,-0.019109613653999255,-0.02012948334320681
101,13.5,6.5247479218130096,6.5623260299003325,0.47124259218702474,0.48291083179314914,29.88755528734791,30.30338603301745,True,True,0.14593554697167394,0.15673105681807298,0.0,0.0,0.236858002863286,0.23450663780071132,-0.01914160618499642,-0.020165454961598515
101,14.0,7.472509785049342,7.350161150499287,0.6449666015808486,0.5067054831485972,29.020670632022608,27.456418857918113,True,True,0.1489760161793727,0.12291542651615578,0.0,0.0,0.23674655328531724,0.23439374301389423,-0.019188714940333328,-0.020216232819363605
101,14.5,8.117510827804065,7.825153553294276,0.7562053020703291,0.5217382555508024,28.567945351345976,25.641049319022308,True,True,0.15314602198784863,0.10982388201025173,0.0,0.0,0.2366131429536367,0.23427799314665385,-0.019245288086353295,-0.020268453088575097
101,15.0,7.890790227010952,7.624387808505005,0.7067557895966206,0.5049319091543234,28.637733448175354,25.83029540553874,True,True,0.1501110792655086,0.10863345886668987,0.0,0.0,0.2364657331586703,0.23416050336557787,-0.01930802902231185,-0.020321622758711636
101,15.5,7.6846466317459665,7.416598486083693,0.7049525495676988,0.5018539596676093,28.48121557146161,25.457824773149603,False,True,0.1435035117794789,0.10296659217659601,0.0,0.0,0.2363247994792773,0.23404532965286434,-0.01936824158303462,-0.02037390567875136
101,16.0,7.53818147823932,7.272351399318042,0.7096316413836834,0.4994170892449162,28.37201843967108,25.191195442477703,False,False,0.138986825452499,0.09921487779631796,0.0,0.0,0.2361842688684803,0.23393072121343741,-0.019428504837549203,-0.02042609116066016
101,16.5,8.204710736810721,7.781103509137905,0.8145857613168982,0.5178363037968734,28.07824584675992,23.60223364927228,False,False,0.14629493064049223,0.0942179027666754,0.0,0.0,0.2360433139329311,0.2338165950235159,-0.019489174609242932,-0.02047821539019818
101,17.0,6.525974673016899,6.326234318899106,0.6456750156656245,0.5136833484509918,28.026154107426073,24.938577352998877,False,False,0.11568659224768536,0.09226563144943667,0.0,0.0,0.23588915503218458,0.23370029202233567,-0.01955578625430032,-0.020531496950353917
101,17.5,5.357745662412456,5.259918461922937,0.5203500510132439,0.45697492913180704,28.098393171718563,25.57249977326876,False,False,0.09574804832063702,0.08390256165467669,0.0,0.0,0.23575669023250614,0.23358468734992024,-0.01961324071906878,-0.020584622358222882
101,18.0,5.974434991340816,5.894448107910602,0.5814639232841635,0.5025569760232577,28.06364946580488,25.310699784374307,False,False,0.10635376427429936,0.09154095184250612,0.0,0.0,0.23564036399642338,0.23347647701792754,-0.019663861267117177,-0.020634498208838014
101.0,18.5,0.0,0.0,0.0,0.0,0.0,0.0,0.0,0.0,0.0,0.0,0.0,0.0,0.23551641664001552,0.23336262460613544,-0.019717969616875768,-0.02068713010750641
101.0,19.0,0.0,0.0,0.0,0.0,0.0,0.0,0.0,0.0,0.0,0.0,0.0,0.0,0.23546673239575078,0.23331297975324444,-0.01973970872042257,-0.020710130090338223
101.0,19.5,0.0,0.0,0.0,0.0,0.0,0.0,0.0,0.0,0.0,0.0,0.0,0.0,0.23541721246427347,0.2332634989943234,-0.019761404350615283,-0.020733084373124898
101.0,20.0,0.0,0.0,0.0,0.0,0.0,0.0,0.0,0.0,0.0,0.0,0.0,0.0,0.23536785563031462,0.23321418111627598,-0.019783056801409665,-0.020755993264736098
101.0,20.5,0.0,0.0,0.0,0.0,0.0,0.0,0.0,0.0,0.0,0.0,0.0,0.0,0.23531866069402552,0.2331650249213909,-0.019804666362916966,-0.020778857070000937
101.0,21.0,0.0,0.0,0.0,0.0,0.0,0.0,0.0,0.0,0.0,0.0,0.0,0.0,0.23526962647069521,0.23311602922706007,-0.019826233321476736,-0.020801676089784307
101.0,21.5,0.0,0.0,0.0,0.0,0.0,0.0,0.0,0.0,0.0,0.0,0.0,0.0,0.23522075179047397,0.2330671928655029,-0.019847757959727895,-0.02082445062106175
101.0,22.0,0.0,0.0,0.0,0.0,0.0,0.0,0.0,0.0,0.0,0.0,0.0,0.0,0.23517203549810398,0.2330185146834977,-0.019869240556678058,-0.020847180956992204
101.0,22.5,0.0,0.0,0.0,0.0,0.0,0.0,0.0,0.0,0.0,0.0,0.0,0.0,0.23512347645265555,0.2329699935421188,-0.01989068138777144,-0.02086986738698937
101.0,23.0,0.0,0.0,0.0,0.0,0.0,0.0,0.0,0.0,0.0,0.0,0.0,0.0,0.23507507352727014,0.23292162831648017,-0.019912080724954883,-0.020892510196791062
101.0,23.5,0.0,0.0,0.0,0.0,0.0,0.0,0.0,0.0,0.0,0.0,0.0,0.0,0.235026825608909,0.2328734178954847,-0.01993343883674247,-0.020915109668527183
101.0,24.0,0.0,0.0,0.0,0.0,0.0,0.0,0.0,0.0,0.0,0.0,0.0,0.0,0.2349787315981074,0.23282536118157932,-0.019954755988278734,-0.02093766608078614
102.0,0.5,0.0,0.0,0.0,0.0,0.0,0.0,0.0,0.0,0.0,0.0,0.0,0.0,0.23493079040873507,0.23277745709051587,-0.019976032441400168,-0.020960179708679427
102.0,1.0,0.0,0.0,0.0,0.0,0.0,0.0,0.0,0.0,0.0,0.0,0.0,0.0,0.2348830009677614,0.23272970455111713,-0.019997268454695558,-0.020982650823905078
102.0,1.5,0.0,0.0,0.0,0.0,0.0,0.0,0.0,0.0,0.0,0.0,0.0,0.0,0.23483536221502666,0.23268210250504856,-0.020018464283564758,-0.021005079694809452
102.0,2.0,0.0,0.0,0.0,0.0,0.0,0.0,0.0,0.0,0.0,0.0,0.0,0.0,0.2347878731030176,0.23263464990659466,-0.020039620180276222,-0.021027466586447555
102.0,2.5,0.0,0.0,0.0,0.0,0.0,0.0,0.0,0.0,0.0,0.0,0.0,0.0,0.234740532596649,0.23258734572244077,-0.020060736394023126,-0.021049811760642304
102.0,3.0,0.0,0.0,0.0,0.0,0.0,0.0,0.0,0.0,0.0,0.0,0.0,0.0,0.23469333967304942,0.23254018893145978,-0.020081813170978263,-0.02107211547604193
102.0,3.5,0.0,0.0,0.0,0.0,0.0,0.0,0.0,0.0,0.0,0.0,0.0,0.0,0.23464629332135184,0.23249317852450313,-0.020102850754347812,-0.021094377988176656
102.0,4.0,0.0,0.0,0.0,0.0,0.0,0.0,0.0,0.0,0.0,0.0,0.0,0.0,0.2345993925424891,0.23244631350419698,-0.020123849384423742,-0.021116599549513667
102.0,4.5,0.0,0.0,0.0,0.0,0.0,0.0,0.0,0.0,0.0,0.0,0.0,0.0,0.23455263634899398,0.23239959288474246,-0.020144809298635002,-0.02113878040951102
102.0,5.0,0.0,0.0,0.0,0.0,0.0,0.0,0.0,0.0,0.0,0.0,0.0,0.0,0.23450602376480323,0.23235301569172057,-0.020165730731597782,-0.021160920814670445
102.0,5.5,0.0,0.0,0.0,0.0,0.0,0.0,0.0,0.0,0.0,0.0,0.0,0.0,0.23445955382506617,0.23230658096190124,-0.020186613915164495,-0.021183021008588713
102.0,6.0,0.0,0.0,0.0,0.0,0.0,0.0,0.0,0.0,0.0,0.0,0.0,0.0,0.23441322557595753,0.2322602877430564,-0.020207459078471733,-0.021205081232008142
102,6.5,0.0832494427635983,0.08702827621064954,0.004295302482656893,0.1366389556072219,15.621382899044903,18.388179110936935,True,True,0.002300294356705698,0.07443993788260855,0.0,0.0,0.23436703807449413,0.2322141350937775,-0.020228266447987062,-0.021227101722865835
102,7.0,0.9090494620128489,0.9478490001705848,0.05100520390470603,0.4697506466241263,30.890484378184645,36.25145788064084,True,True,0.023669927902773745,0.22389263537900206,0.0,0.0,0.2343204430259886,0.23215070980034885,-0.020249283288011514,-0.021257407855250945
102,7.5,2.299176473305818,2.390912563347368,0.151839629704447,0.4594976091230002,30.164859098406485,34.649172060274296,True,True,0.05351075439909419,0.16604780876055694,0.0,0.0,0.23426803449804876,0.23204497387419384,-0.020272953412599864,-0.021308045718345967
102,8.0,3.9620081978090083,4.066072165704685,0.2992163862708852,0.45892606567143607,29.537657061936684,32.08405499286286,True,True,0.08446103815091893,0.13306550675095816,0.0,0.0,0.2342029143401624,0.23194068232967155,-0.02030241064618196,-0.02135813270723092
102,8.5,6.105840108353371,6.065339095458186,0.5472874725410726,0.49621683053242416,28.66817835974446,28.03945924877005,True,True,0.11657937339489007,0.10853406444762978,0.0,0.0,0.23411915063202937,0.2318366005271298,-0.020340376350455696,-0.021408258883393125
102,9.0,7.481235592257892,7.155728367544619,0.7540254711207082,0.5229240063509405,28.03519719731719,24.860635327282743,True,True,0.1327543760072919,0.09431341297289865,0.0,0.0,0.23400391072317805,0.23172790267717325,-0.020392746905493166,-0.021460757870026194
102,9.5,8.789787920189546,7.996362839417812,0.9854918609123646,0.5518561560016335,27.4398849463247,21.757387905074285,True,True,0.1462620087282661,0.08374708508122218,0.0,0.0,0.23386246092261054,0.23161593659593496,-0.020457248284063815,-0.021514995810657817
102,10.0,10.107705432269452,8.48908455351264,1.251579176402351,0.5589183843053,26.875090904074483,18.319554138730474,True,True,0.15880994695356832,0.07248581092722037,0.0,0.0,0.23369164915061313,0.2315004178783262,-0.020535463073801403,-0.021571125964857673
102,10.5,10.25328642409557,8.359835389937523,1.3462182876511466,0.5739130758453909,26.492744780071032,17.400282596673,True,True,0.1560509534622963,0.06791100065508886,0.0,0.0,0.23348706270374048,0.23138413260839796,-0.02062961275015953,-0.021627804889803887
102,11.0,10.26429527017478,8.271359467073669,1.3799064506295529,0.5767269075723188,26.362117105199296,17.03213873548534,False,True,0.1542929632659362,0.06590249897014328,0.0,0.0,0.2332705488514821,0.23126606907861,-0.02072981207068806,-0.021685532187941593
102,11.5,10.240305078338967,8.090165351603249,1.4159085096266655,0.5739895866872632,26.20773759469373,16.588309614370072,False,True,0.15176307735015293,0.06300531335990155,0.0,0.0,0.23304987389923668,0.23114777868742972,-0.020832534347648087,-0.02174355461770228
102,12.0,10.1783045795205,7.978645649186466,1.4292442249456276,0.5728186805772941,26.12093812193826,16.367428184014372,False,True,0.14963431369067265,0.06145479337262649,0.0,0.0,0.2328247421460321,0.23102996800030565,-0.02093795682694869,-0.021801525689919818
102,12.5,10.286945600623389,7.801793837658199,1.4986795485910214,0.5703065800869863,25.91213498048701,15.624420994227194,False,True,0.1484783286943197,0.05805143148556158,0.0,0.0,0.2325980412013887,0.23091243658014257,-0.02104475704111178,-0.02185954293387269
102,13.0,10.402806073096862,7.703433471583882,1.5602134341462506,0.5764175837081238,25.72836686822157,15.109798783367467,False,True,0.14763720855217388,0.055907845221834465,0.0,0.0,0.23236262131881466,0.2307953545233514,-0.02115635253232469,-0.0219175213511774
102,13.5,10.369420643022902,7.61355004278181,1.5882251468986956,0.5802677901414618,25.60191032569992,14.846389303142956,False,True,0.14560915088445062,0.05458357342134784,0.0,0.0,0.23211948859219295,0.2306776221566457,-0.021272345033586312,-0.021976006643911597
102,14.0,10.352440385241831,7.547518777050332,1.6045196876803007,0.584318034007592,25.515365782294985,14.623162113794121,False,True,0.14427566471989048,0.05383957812490922,0.0,0.0,0.23187291404555496,0.23055952678111488,-0.021390754255589162,-0.022034859169094697
102,14.5,10.35353831101764,7.3976454210437685,1.6396214497735813,0.5839794265388001,25.36306868578233,14.145971244321501,False,True,0.14231137603711103,0.05170846203432432,0.0,0.0,0.23162439003928684,0.23044104211520208,-0.021510895148553352,-0.022094094509996796
102,15.0,10.315117594307633,7.28282777768606,1.6677583251385135,0.5883492331294488,25.216870376474702,13.77688880967187,False,True,0.13996747486700056,0.050193034109878125,0.0,0.0,0.23137151913351828,0.23032272666047576,-0.021633963519709695,-0.022153434675758
102,15.5,10.102056006381222,7.246948714081448,1.6262901259368805,0.5881648312098323,25.21758946744773,13.848334150177015,False,True,0.1370636930097084,0.05019604376533648,0.0,0.0,0.2311151881080682,0.23020397963673425,-0.02175957305951313,-0.02221318232199704
102,16.0,9.808712536377563,7.21839857897214,1.5432349296187922,0.5782527558774905,25.32929150669693,14.103509801173848,False,True,0.1343272979045994,0.050760444700497606,0.0,0.0,0.23086426616448727,0.23008538063357836,-0.021883374517657254,-0.022273047223836825
102,16.5,9.553355755212378,7.154962378168852,1.4936118730972856,0.578493408124862,25.374623073759984,14.178347293930491,False,False,0.1307269600013505,0.0508142313122105,0.0,0.0,0.23062405209051268,0.2299681685175317,-0.022002679909015853,-0.02233240103469157
102,17.0,8.946032143955172,7.04485028169206,1.3607428011914966,0.5738546998261422,25.497966790029466,14.808364284254711,False,False,0.12372916705739255,0.05208983781860975,0.0,0.0,0.23039028478394272,0.22985104874796314,-0.022119528217143684,-0.02239189640856757
102,17.5,7.861605722350726,6.613002782805609,1.1685366706478417,0.5715107623371541,25.610361824212045,15.850189010793681,False,False,0.10980385270672359,0.053400451162016194,0.0,0.0,0.23017357177274358,0.22973464237276575,-0.02222851292374711,-0.022451216608086452
102,18.0,6.009825862840342,5.498928952315723,0.8700409200357613,0.5535655090654057,25.745841130347035,17.702855558039694,False,False,0.08495033049374295,0.05359455097771111,0.0,0.0,0.22998147380742373,0.2296186562278026,-0.022325654035100874,-0.022510508980680966
102.0,18.5,0.0,0.0,0.0,0.0,0.0,0.0,0.0,0.0,0.0,0.0,0.0,0.0,0.22982753494168623,0.22950507770454337,-0.022403863879838525,-0.0225687514594342
102.0,19.0,0.0,0.0,0.0,0.0,0.0,0.0,0.0,0.0,0.0,0.0,0.0,0.0,0.22978458804794738,0.22946216166466263,-0.022425741596436326,-0.022590805309457375
102.0,19.5,0.0,0.0,0.0,0.0,0.0,0.0,0.0,0.0,0.0,0.0,0.0,0.0,0.2297417606725246,0.2294193649992817,-0.022447583781869795,-0.022612823389628986
102.0,20.0,0.0,0.0,0.0,0.0,0.0,0.0,0.0,0.0,0.0,0.0,0.0,0.0,0.22969905210822314,0.22937668700230907,-0.022469390619441986,-0.022634805884425898
102.0,20.5,0.0,0.0,0.0,0.0,0.0,0.0,0.0,0.0,0.0,0.0,0.0,0.0,0.2296564616548505,0.22933412697464212,-0.022491162290617445,-0.022656752976475115
102.0,21.0,0.0,0.0,0.0,0.0,0.0,0.0,0.0,0.0,0.0,0.0,0.0,0.0,0.2296139886191152,0.2292916842240661,-0.022512898975049916,-0.022678664846581625
102.0,21.5,0.0,0.0,0.0,0.0,0.0,0.0,0.0,0.0,0.0,0.0,0.0,0.0,0.2295716323145272,0.2292493580651552,-0.02253460085060973,-0.022700541673755882
102.0,22.0,0.0,0.0,0.0,0.0,0.0,0.0,0.0,0.0,0.0,0.0,0.0,0.0,0.22952939206130113,0.22920714781917517,-0.022556268093410332,-0.022722383635240685
102.0,22.5,0.0,0.0,0.0,0.0,0.0,0.0,0.0,0.0,0.0,0.0,0.0,0.0,0.22948726718625978,0.22916505281398808,-0.022577900877834737,-0.0227441909065375
102.0,23.0,0.0,0.0,0.0,0.0,0.0,0.0,0.0,0.0,0.0,0.0,0.0,0.0,0.2294452570227413,0.22912307238395865,-0.022599499376560882,-0.02276596366143232
102.0,23.5,0.0,0.0,0.0,0.0,0.0,0.0,0.0,0.0,0.0,0.0,0.0,0.0,0.2294033609105063,0.2290812058698625,-0.022621063760587177,-0.02278770207202097
102.0,24.0,0.0,0.0,0.0,0.0,0.0,0.0,0.0,0.0,0.0,0.0,0.0,0.0,0.22936157819564815,0.22903945261879596,-0.02264259419925702,-0.022809406308734074
103.0,0.5,0.0,0.0,0.0,0.0,0.0,0.0,0.0,0.0,0.0,0.0,0.0,0.0,0.22931990823050377,0.2289978119840876,-0.022664090860283117,-0.0228310765403613
103.0,1.0,0.0,0.0,0.0,0.0,0.0,0.0,0.0,0.0,0.0,0.0,0.0,0.0,0.2292783503735672,0.22895628332521148,-0.022685553909771172,-0.022852712934075387
103.0,1.5,0.0,0.0,0.0,0.0,0.0,0.0,0.0,0.0,0.0,0.0,0.0,0.0,0.2292369039894035,0.22891486600770164,-0.0227069835122434,-0.022874315655455727
103.0,2.0,0.0,0.0,0.0,0.0,0.0,0.0,0.0,0.0,0.0,0.0,0.0,0.0,0.2291955684485654,0.22887355940306878,-0.022728379830661248,-0.022895884868511057
103.0,2.5,0.0,0.0,0.0,0.0,0.0,0.0,0.0,0.0,0.0,0.0,0.0,0.0,0.22915434312751065,0.22883236288871786,-0.022749743026447996,-0.022917420735702403
103.0,3.0,0.0,0.0,0.0,0.0,0.0,0.0,0.0,0.0,0.0,0.0,0.0,0.0,0.22911322740852136,0.22879127584786738,-0.02277107325951068,-0.022938923417965103
103.0,3.5,0.0,0.0,0.0,0.0,0.0,0.0,0.0,0.0,0.0,0.0,0.0,0.0,0.22907222067962443,0.22875029766947025,-0.02279237068826181,-0.02296039307473059
103.0,4.0,0.0,0.0,0.0,0.0,0.0,0.0,0.0,0.0,0.0,0.0,0.0,0.0,0.2290313223345136,0.228709427748136,-0.022813635469640624,-0.022981829863947763
103.0,4.5,0.0,0.0,0.0,0.0,0.0,0.0,0.0,0.0,0.0,0.0,0.0,0.0,0.22899053177247294,0.22866866548405437,-0.022834867759133855,-0.023003233942103858
103.0,5.0,0.0,0.0,0.0,0.0,0.0,0.0,0.0,0.0,0.0,0.0,0.0,0.0,0.22894984839830168,0.22862801028292004,-0.022856067710796204,-0.02302460546424531
103.0,5.5,0.0,0.0,0.0,0.0,0.0,0.0,0.0,0.0,0.0,0.0,0.0,0.0,0.22890927162224006,0.22858746155585927,-0.022877235477270507,-0.02304594458399754
103.0,6.0,0.0,0.0,0.0,0.0,0.0,0.0,0.0,0.0,0.0,0.0,0.0,0.0,0.2288688008598971,0.2285470187193572,-0.022898371209807353,-0.023067251453585104
103,6.5,0.997538808159029,1.0240874414364474,0.07364788605662008,0.11852590762330181,14.763324492849138,16.089256934470434,True,True,0.021233943304088135,0.03434640698187015,0.0,0.0,0.2288284355321791,0.22850668119518674,-0.02291947505828444,-0.02308852622385112
103,7.0,4.456116714370413,4.533957261518021,0.34627046000658274,0.48362432004424155,29.2491676423906,31.198918183626688,True,True,0.09145858183730267,0.1284274456286965,0.0,0.0,0.22877878990983103,0.22845134432357983,-0.022945462628478873,-0.023117749979933697
103,7.5,5.410643729840837,5.449202846826118,0.43761731574352425,0.484771060757064,29.07211149911195,29.750061800705414,True,True,0.10856945485014924,0.12144990501803726,0.0,0.0,0.22869450752509243,0.22834958611515346,-0.02298966165036749,-0.023171604260921196
103,8.0,7.503098153021449,7.248474267512723,0.6983351182155918,0.5109731727947798,28.34803577757985,25.521548638864704,True,True,0.1379565002166442,0.1021055662513965,0.0,0.0,0.2285986882843624,0.22824778538304646,-0.02304003406261015,-0.023225630685945027
103,8.5,9.281634494110712,8.43638629498648,0.9763289568224223,0.5364808134589727,27.68051780153351,21.53163515962091,False,True,0.1584342001685319,0.0880243966002328,0.0,0.0,0.22846974821724172,0.22814274869369483,-0.023108025877212633,-0.023281531851713052
103,9.0,10.348016528037176,8.931980240809668,1.1917968415919744,0.5700362396337092,27.18935793824982,19.310346249481874,False,True,0.16779381172923447,0.08139417278673441,0.0,0.0,0.22830548523666097,0.22803456399270894,-0.023194990530335035,-0.023339276079033855
103,9.5,10.694907633695724,8.74657000285588,1.3389301589637295,0.5790733858314412,26.71950578272795,17.618042206229507,False,True,0.16549287546102492,0.07263627925043102,0.0,0.0,0.22811386665044836,0.22792220518042455,-0.02329693114193713,-0.02339942900306532
103,10.0,10.982416818267936,8.377329453732877,1.5093342994702565,0.5857766396094597,26.18059272973834,15.848143610104088,False,True,0.1614770140738414,0.0636416801859169,0.0,0.0,0.2279035999790796,0.22780879614649244,-0.02340940738519773,-0.02346033158916172
103,10.5,11.081363715924631,8.02287798253438,1.6272877248988642,0.5888304985406619,25.753624470068573,14.708431500236774,False,True,0.15750359441890976,0.05782312856798112,0.0,0.0,0.22767171921756554,0.22769463376698687,-0.02353419652712079,-0.02352182958155377
103,11.0,11.090969574409213,7.8539453559231625,1.6898341671611854,0.598861973157482,25.544644417151734,14.412017727685818,False,True,0.15480182747641985,0.05579012939738023,0.0,0.0,0.2274249077722884,0.22758018256082366,-0.023667892586359696,-0.023583676063719895
103,11.5,11.106930721281586,7.410361095648161,1.792463591331616,0.5902658983655161,25.206080694418375,13.523158725294195,False,True,0.15065547169005933,0.050563220842062134,0.0,0.0,0.22717022577976134,0.22746455282198771,-0.023806801868609187,-0.023646356249337593
103,12.0,10.923724053983173,7.148233165994162,1.8190405969959884,0.5941384617595186,25.01855440941813,13.415673795025182,False,True,0.14578831996921293,0.048524912149349224,0.0,0.0,0.22690256482869212,0.22735011778659978,-0.023953838377562656,-0.023708584332691428
103,12.5,10.817684165809984,7.056984508794828,1.8100673381550403,0.5901912357490436,24.989538965045725,13.379294399971917,False,True,0.14401146281443744,0.04784790716278185,0.0,0.0,0.22663161597008327,0.22723528802144924,-0.02410378443647418,-0.023771223290302866
103,13.0,10.868460284587014,6.9912512328131875,1.8584211215874293,0.5987107089097535,24.860412210980872,13.158255671432006,False,True,0.14311530204252448,0.04695155764946023,0.0,0.0,0.22636190895704192,0.22712105950866773,-0.0242541552370761,-0.02383373000192659
103,13.5,10.85481640883424,6.800258958661091,1.9024146615648456,0.59634656622732,24.70375706118478,12.788482740896711,False,True,0.14110751235678162,0.04500637174809516,0.0,0.0,0.22608613793302765,0.22700584307101743,-0.024409064063301393,-0.023896975796143378
103,14.0,10.792138629420393,6.686262156459395,1.925155259447408,0.5984014225145543,24.58711716174435,12.60290738625941,False,True,0.13896846279109973,0.043900781457784394,0.0,0.0,0.22580485802861655,0.22689102513134005,-0.024568283334025453,-0.02396020187214997
103,14.5,10.63347381976545,6.621359331940987,1.897468890218887,0.5961328852584281,24.5782164814039,12.602574795230419,False,True,0.1368072819519198,0.04359190430938214,0.0,0.0,0.22552077706236479,0.22677604206192326,-0.024730345745193057,-0.024023718722668074
103,15.0,10.457910621899329,6.570688395469584,1.8693559195048242,0.5978866179998261,24.549997879906712,12.604862842030055,False,True,0.13416298933777465,0.04336930641763233,0.0,0.0,0.2252403205844054,0.2266614443067482,-0.024891591435660155,-0.024087222436637048
103,15.5,10.330591189754989,6.5509704939766795,1.8440056342979898,0.5957996373774985,24.544537966977714,12.530732982002657,False,True,0.13242604729239543,0.043141236665961875,0.0,0.0,0.22496354246312475,0.226546718802827,-0.025051951890440457,-0.024150997383440224
103,16.0,10.072727832744047,6.478537232175789,1.7947603603600464,0.5940512452517742,24.564958606763724,12.496120617665461,False,True,0.12885940411973715,0.04285797052566649,0.0,0.0,0.2246900901513312,0.22643235449320243,-0.025211595687988992,-0.02421477188267536
103,16.5,9.692825847323851,6.46417765582388,1.7150222126065782,0.5965643432427821,24.58578257899555,12.681517518961495,False,False,0.12420735578390765,0.0432724656716732,0.0,0.0,0.22442300816766217,0.22631830774492737,-0.02536869187599708,-0.024278569212912184
103,17.0,8.947093411824799,6.223752609228947,1.5786118268717686,0.5882712368566855,24.577853314784377,12.902918480063601,False,False,0.11457808785572267,0.042613480225931595,0.0,0.0,0.2241661818216926,0.22620403502281236,-0.025520856938541624,-0.02434269391595232
103,17.5,7.7178596187225965,5.816910171187484,1.3439012275293933,0.5735115626798968,24.645215994509826,13.682251296695334,False,False,0.09937518831508386,0.042204957723844784,0.0,0.0,0.2239268325363418,0.2260909129139695,-0.0256636470727625,-0.02440637180253248
103,18.0,5.652274541031761,4.874126658570604,0.9618639320636594,0.5661602744198028,24.765055777254894,15.715580349606663,False,False,0.07349156274015657,0.042947537040781775,0.0,0.0,0.2237174865226895,0.22597976499747285,-0.02578931892821169,-0.024469131787193395
103.0,18.5,0.0,0.0,0.0,0.0,0.0,0.0,0.0,0.0,0.0,0.0,0.0,0.0,0.22355691759193447,0.22586964673227436,-0.02588620664194427,-0.02453150008920223
103.0,19.0,0.0,0.0,0.0,0.0,0.0,0.0,0.0,0.0,0.0,0.0,0.0,0.0,0.22351901424361909,0.22583176823904094,-0.025909140854649272,-0.024552997313698158
103.0,19.5,0.0,0.0,0.0,0.0,0.0,0.0,0.0,0.0,0.0,0.0,0.0,0.0,0.22348120306242145,0.22579398167390338,-0.02593204342488132,-0.024574464733460907
103.0,20.0,0.0,0.0,0.0,0.0,0.0,0.0,0.0,0.0,0.0,0.0,0.0,0.0,0.22344348363713257,0.2257562865785028,-0.025954914455254812,-0.02459590247317066
103.0,20.5,0.0,0.0,0.0,0.0,0.0,0.0,0.0,0.0,0.0,0.0,0.0,0.0,0.2234058555589134,0.22571868249819832,-0.025977754048032015,-0.02461731065651232
103.0,21.0,0.0,0.0,0.0,0.0,0.0,0.0,0.0,0.0,0.0,0.0,0.0,0.0,0.22336831842128244,0.2256811689820232,-0.02600056230512131,-0.02463868940618778
103.0,21.5,0.0,0.0,0.0,0.0,0.0,0.0,0.0,0.0,0.0,0.0,0.0,0.0,0.22333087182010344,0.2256437455826417,-0.02602333932807598,-0.024660038843927912
103.0,22.0,0.0,0.0,0.0,0.0,0.0,0.0,0.0,0.0,0.0,0.0,0.0,0.0,0.22329351535357303,0.22560641185630664,-0.026046085218092638,-0.024681359090504524
103.0,22.5,0.0,0.0,0.0,0.0,0.0,0.0,0.0,0.0,0.0,0.0,0.0,0.0,0.2232562486222082,0.22556916736281754,-0.02606880007601006,-0.024702650265742032
103.0,23.0,0.0,0.0,0.0,0.0,0.0,0.0,0.0,0.0,0.0,0.0,0.0,0.0,0.22321907122883394,0.22553201166547965,-0.026091484002307982,-0.02472391248852886
103.0,23.5,0.0,0.0,0.0,0.0,0.0,0.0,0.0,0.0,0.0,0.0,0.0,0.0,0.22318198277857063,0.22549494433106335,-0.02611413709710611,-0.024745145876828693
103.0,24.0,0.0,0.0,0.0,0.0,0.0,0.0,0.0,0.0,0.0,0.0,0.0,0.0,0.2231449828788216,0.22545796492976417,-0.026136759460162896,-0.02476635054769174
104.0,0.5,0.0,0.0,0.0,0.0,0.0,0.0,0.0,0.0,0.0,0.0,0.0,0.0,0.22310807113926048,0.22542107303516362,-0.0261593511908749,-0.024787526617265604
104.0,1.0,0.0,0.0,0.0,0.0,0.0,0.0,0.0,0.0,0.0,0.0,0.0,0.0,0.22307124717181873,0.22538426822419066,-0.026181912388275663,-0.02480867420080588
104.0,1.5,0.0,0.0,0.0,0.0,0.0,0.0,0.0,0.0,0.0,0.0,0.0,0.0,0.22303451059067303,0.22534755007708326,-0.026204443151035085,-0.024829793412687044
104.0,2.0,0.0,0.0,0.0,0.0,0.0,0.0,0.0,0.0,0.0,0.0,0.0,0.0,0.22299786101223265,0.22531091817735127,-0.026226943577458743,-0.024850884366412557
104.0,2.5,0.0,0.0,0.0,0.0,0.0,0.0,0.0,0.0,0.0,0.0,0.0,0.0,0.2229612980551269,0.2252743721117391,-0.02624941376548716,-0.02487194717462544
104.0,3.0,0.0,0.0,0.0,0.0,0.0,0.0,0.0,0.0,0.0,0.0,0.0,0.0,0.22292482134019248,0.2252379114701896,-0.026271853812695294,-0.024892981949118098
104.0,3.5,0.0,0.0,0.0,0.0,0.0,0.0,0.0,0.0,0.0,0.0,0.0,0.0,0.2228884304904609,0.22520153584580815,-0.026294263816292143,-0.024913988800842363
104.0,4.0,0.0,0.0,0.0,0.0,0.0,0.0,0.0,0.0,0.0,0.0,0.0,0.0,0.22285212513114583,0.22516524483482728,-0.026316643873120132,-0.02493496783991935
104.0,4.5,0.0,0.0,0.0,0.0,0.0,0.0,0.0,0.0,0.0,0.0,0.0,0.0,0.22281590488963063,0.22512903803657205,-0.026338994079654846,-0.02495591917564885
104.0,5.0,0.0,0.0,0.0,0.0,0.0,0.0,0.0,0.0,0.0,0.0,0.0,0.0,0.22277976939545552,0.22509291505342546,-0.02636131453200484,-0.024976842916519214
104.0,5.5,0.0,0.0,0.0,0.0,0.0,0.0,0.0,0.0,0.0,0.0,0.0,0.0,0.22274371828030534,0.225056875490795,-0.026383605325911122,-0.024997739170216235
104.0,6.0,0.0,0.0,0.0,0.0,0.0,0.0,0.0,0.0,0.0,0.0,0.0,0.0,0.22270775117799652,0.2250209189570793,-0.02640586655674727,-0.025018608043632626
104,6.5,5.956755759821635,5.886179017477214,0.5740353255431202,0.502133706688748,28.10574162386437,26.243563206796217,False,False,0.10654088563095082,0.09300402688643254,0.0,0.0,0.22267186772446507,0.22498504506363512,-0.026428098319519002,-0.025039449642877
104,7.0,7.8633390787225075,7.481064718797416,0.8158523573089808,0.5310766034421633,27.704045046573892,22.908637024289774,False,False,0.13456411130545592,0.08742995314954764,0.0,0.0,0.22256291663629169,0.22488526512697551,-0.026495736261897385,-0.02509752751241709
104,7.5,8.697558062704948,8.088663776519901,0.9408944846943372,0.5480512777069941,27.47503716016099,21.394218390352528,False,False,0.14526142568859596,0.08445821758478603,0.0,0.0,0.22242323305673456,0.22478187878804565,-0.02658275522120228,-0.025157873913124455
104,8.0,9.853194277762595,8.699077798540914,1.117676739281139,0.5611055813159398,27.229772709097105,19.618596307749876,False,False,0.16043112749670765,0.08067099413378633,0.0,0.0,0.22226769758383405,0.22467641081083436,-0.02668005045866469,-0.025219613588644066
104,8.5,10.565354678716812,8.704040819119955,1.3053338323388575,0.5688802707558716,26.76022485504526,17.54944913513212,False,True,0.1641382949844783,0.0718627957201764,0.0,0.0,0.222089716483377,0.22456936040197276,-0.02679190761145483,-0.025282464298950195
104,9.0,11.000762908621159,8.579484949842884,1.4609790498520214,0.5842334298429149,26.37079775825262,16.331997657584445,False,True,0.1646411501077199,0.06646637908557537,0.0,0.0,0.22188790360723454,0.2244613999830826,-0.026919419216985065,-0.025346038389764868
104,9.5,11.270530207554906,8.01432166583332,1.6562368566601053,0.584606833031456,25.79260172262839,14.559852745110856,False,True,0.15997635529328896,0.05718935254751237,0.0,0.0,0.22166633799002658,0.22435156343709872,-0.02706024484116582,-0.02541091282661125
104,10.0,11.391633623727536,7.541129903043826,1.8377459470251691,0.6042990112737753,25.19435574213079,13.529838782466129,False,True,0.15416645175871121,0.051307272737162735,0.0,0.0,0.22141997137118066,0.22424175930725251,-0.027217865777840692,-0.025475965969288368
104,10.5,11.462807415050527,7.169836927016048,1.9504316810626474,0.6044375809284739,24.87240393285144,12.828455714529783,False,True,0.15101848200567902,0.04739002784039731,0.0,0.0,0.22115055548042437,0.22412952538209288,-0.027391487142865933,-0.025542663804604092
104,11.0,11.20402615438833,6.806361476341173,1.9883470433944197,0.6021694300474717,24.630734937689923,12.572005621844689,False,True,0.14469735978827103,0.04443449093574669,0.0,0.0,0.22086686037323566,0.22401735306904375,-0.02757573886001483,-0.025609533012307936
104,11.5,11.073336417596508,6.377090981730682,2.0864205886854457,0.6021838196942559,24.264589527853353,12.054246056373483,False,True,0.13892132367452248,0.0406904854315215,0.0,0.0,0.22057841396099354,0.2239055487024487,-0.02776459244193484,-0.0256763905330018
104,12.0,11.116849914332175,6.34382152995468,2.1319920306129445,0.6146045146291118,24.15398185198393,11.980933850154354,False,True,0.1382444324414103,0.0404320050266388,0.0,0.0,0.22027754984420944,0.2237938210536717,-0.027963220560054985,-0.02574341002840225
104,12.5,11.136233404623335,6.212089745706699,2.1685440860678913,0.6103235654788953,24.06280840900855,11.794652868166704,False,True,0.13753762032394576,0.039306720318519194,0.0,0.0,0.21997095824793902,0.22368058879711666,-0.028167374129973163,-0.025811544823133123
104,13.0,11.244143467423575,6.245715088089108,2.181226954025653,0.6080163720901517,24.098419338259447,11.721349640530288,False,True,0.1392192450880334,0.039431754180852915,0.0,0.0,0.21965978828331714,0.2235679799168772,-0.028376394824349546,-0.025879517711545275
104,13.5,11.171604673550426,5.9818701491333695,2.232466386886532,0.6018800548230291,23.908044074401126,11.38873574465844,False,True,0.13629697680210123,0.03730273741299342,0.0,0.0,0.21934708142226253,0.22345574254133915,-0.028588312342575563,-0.02594747867999587
104,14.0,10.937647320044508,5.968870974418624,2.196756911669717,0.6124131544479875,23.86424245333781,11.609815470942532,False,True,0.1329955170909848,0.03756999318560081,0.0,0.0,0.21902792405766908,0.22334436427853352,-0.028806548599340846,-0.026015129755483302
104,14.5,10.839332483663744,5.759730900936599,2.224032163660473,0.6035185150666833,23.722148987204193,11.277232615822749,False,True,0.13036410448387348,0.03579390749856942,0.0,0.0,0.218713396102528,0.22323172055280172,-0.029023564026784035,-0.026083763331103647
104,15.0,10.455445777701744,5.807121932140771,2.1067998583434195,0.6049937502785134,23.81412519873826,11.650603669337244,False,True,0.12653509978147082,0.036611089590503534,0.0,0.0,0.2183954710161268,0.2231202867521374,-0.029244905914485714,-0.026151872083054965
104,15.5,10.005720388819515,5.776183430835658,1.9918698294055228,0.6042963632117071,23.900219278781073,11.982830449009885,False,True,0.12150680190132068,0.03705302489086761,0.0,0.0,0.21809256358439671,0.22300874107402469,-0.029457665780300443,-0.026220261534733554
104,16.0,9.651596494476113,5.6617372550058125,1.9368095796612523,0.6034391513102502,23.839691750700503,11.947051369685074,False,False,0.11666735417312513,0.036445768477990234,0.0,0.0,0.21780438021294815,0.2228973600436993,-0.029661797615904407,-0.026288762762216644
104,16.5,9.34695071724965,5.637083224151175,1.8623950422062847,0.5998676361908103,23.86274783070728,11.909548079028793,False,False,0.11318312210274863,0.03647530991767184,0.0,0.0,0.2175232913250937,0.22278616369240126,-0.029862529860502085,-0.026357363212421856
104,17.0,8.686658712463416,5.510900935155643,1.7313431977089118,0.6011808810861008,23.842473572261582,12.131941517577818,False,False,0.10502550032478584,0.03639409987049997,0.0,0.0,0.21725176309202632,0.22267549757803867,-0.03005797333277377,-0.02642584841303392
104,17.5,7.6371038232755275,5.246373072233845,1.5235909619982497,0.5998150148632934,23.815485607733898,12.575219808644672,False,False,0.09214691551555887,0.036103478660078375,0.0,0.0,0.21699701276767167,0.22256473889105652,-0.030242727404693213,-0.02649460329284899
104,18.0,5.39068326099016,4.383849166785019,1.052232953288666,0.5818141393159186,23.9320510047558,14.461009734685428,False,False,0.06562247594601775,0.036031889829368946,0.0,0.0,0.21676881430380782,0.22245422870940032,-0.030409374986114273,-0.026563416436649785
104.0,18.5,0.0,0.0,0.0,0.0,0.0,0.0,0.0,0.0,0.0,0.0,0.0,0.0,0.21660075952845084,0.2223460865530678,-0.03053280098533103,-0.02663096129152888
104.0,19.0,0.0,0.0,0.0,0.0,0.0,0.0,0.0,0.0,0.0,0.0,0.0,0.0,0.216566870766229,0.22231216039883048,-0.030557762483352024,-0.02665219349245625
104.0,19.5,0.0,0.0,0.0,0.0,0.0,0.0,0.0,0.0,0.0,0.0,0.0,0.0,0.21653305885125465,0.2222783077368125,-0.030582691613106217,-0.026673399805995552
104.0,20.0,0.0,0.0,0.0,0.0,0.0,0.0,0.0,0.0,0.0,0.0,0.0,0.0,0.21649932359404808,0.2222445282565126,-0.030607588376663913,-0.026694580318153086
104.0,20.5,0.0,0.0,0.0,0.0,0.0,0.0,0.0,0.0,0.0,0.0,0.0,0.0,0.2164656648036192,0.22221082164940517,-0.03063245277779203,-0.026715735114454648
104.0,21.0,0.0,0.0,0.0,0.0,0.0,0.0,0.0,0.0,0.0,0.0,0.0,0.0,0.21643208228752622,0.2221771876089232,-0.030657284821915775,-0.02673686427994954
104.0,21.5,0.0,0.0,0.0,0.0,0.0,0.0,0.0,0.0,0.0,0.0,0.0,0.0,0.2163985758519323,0.2221436258304416,-0.030682084516081835,-0.026757967899214252
104.0,22.0,0.0,0.0,0.0,0.0,0.0,0.0,0.0,0.0,0.0,0.0,0.0,0.0,0.21636514530166184,0.22211013601126034,-0.03070685186892133,-0.02677904605635645
104.0,22.5,0.0,0.0,0.0,0.0,0.0,0.0,0.0,0.0,0.0,0.0,0.0,0.0,0.21633179044025452,0.22207671785058838,-0.030731586890614147,-0.02680009883501845
104.0,23.0,0.0,0.0,0.0,0.0,0.0,0.0,0.0,0.0,0.0,0.0,0.0,0.0,0.21629851107001877,0.2220433710495269,-0.0307562895928536,-0.02682112631838117
104.0,23.5,0.0,0.0,0.0,0.0,0.0,0.0,0.0,0.0,0.0,0.0,0.0,0.0,0.2162653069920834,0.22201009531105376,-0.030780959988812053,-0.026842128589167572
104.0,24.0,0.0,0.0,0.0,0.0,0.0,0.0,0.0,0.0,0.0,0.0,0.0,0.0,0.2162321780064486,0.221976890340007,-0.03080559809310709,-0.02686310572964657
105.0,0.5,0.0,0.0,0.0,0.0,0.0,0.0,0.0,0.0,0.0,0.0,0.0,0.0,0.2161991239120351,0.2219437558430695,-0.030830203921768193,-0.026884057821636415
105.0,1.0,0.0,0.0,0.0,0.0,0.0,0.0,0.0,0.0,0.0,0.0,0.0,0.0,0.21616614450673285,0.22191069152875337,-0.030854777492204343,-0.026904984946508188
105.0,1.5,0.0,0.0,0.0,0.0,0.0,0.0,0.0,0.0,0.0,0.0,0.0,0.0,0.21613323958744765,0.22187769710738423,-0.03087931882317216,-0.02692588718518953
105.0,2.0,0.0,0.0,0.0,0.0,0.0,0.0,0.0,0.0,0.0,0.0,0.0,0.0,0.21610040895014765,0.2218447722910864,-0.030903827934744506,-0.02694676461816799
105.0,2.5,0.0,0.0,0.0,0.0,0.0,0.0,0.0,0.0,0.0,0.0,0.0,0.0,0.21606765238990802,0.22181191679376744,-0.030928304848279894,-0.02696761732549446
105.0,3.0,0.0,0.0,0.0,0.0,0.0,0.0,0.0,0.0,0.0,0.0,0.0,0.0,0.2160349697009548,0.2217791303311034,-0.03095274958639253,-0.026988445386786686
105.0,3.5,0.0,0.0,0.0,0.0,0.0,0.0,0.0,0.0,0.0,0.0,0.0,0.0,0.21600236067670772,0.2217464126205241,-0.0309771621729226,-0.02700924888123245
105.0,4.0,0.0,0.0,0.0,0.0,0.0,0.0,0.0,0.0,0.0,0.0,0.0,0.0,0.2159698251098219,0.2217137633811984,-0.031001542632907657,-0.02703002788759315
105.0,4.5,0.0,0.0,0.0,0.0,0.0,0.0,0.0,0.0,0.0,0.0,0.0,0.0,0.21593736279222875,0.22168118233401976,-0.031025890992554105,-0.027050782484206868
105.0,5.0,0.0,0.0,0.0,0.0,0.0,0.0,0.0,0.0,0.0,0.0,0.0,0.0,0.21590497351517537,0.22164866920159215,-0.031050207279209558,-0.02707151274899178
105.0,5.5,0.0,0.0,0.0,0.0,0.0,0.0,0.0,0.0,0.0,0.0,0.0,0.0,0.21587265706926365,0.22161622370821557,-0.03107449152133547,-0.027092218759449362
105.0,6.0,0.0,0.0,0.0,0.0,0.0,0.0,0.0,0.0,0.0,0.0,0.0,0.0,0.21584041324448783,0.22158384557987232,-0.031098743748480675,-0.027112900592667556
105,6.5,6.205965528251561,6.117624293316159,0.581113623929222,0.48852285332930045,28.240713598942705,26.08982052024673,False,False,0.11270855549032682,0.09444085179488002,0.0,0.0,0.2158082418302717,0.22155153454421303,-0.03112296399125491,-0.027133558325323954
105,7.0,8.561089310901114,8.086840055882353,0.8527764743561344,0.5430714320924965,27.92194819895972,22.866514009358806,False,False,0.1500211972048174,0.0954726110952448,0.0,0.0,0.2157020896867509,0.22145703650175225,-0.031203040190303698,-0.027194082403284848
105,7.5,9.814127795128014,8.63287339182745,1.1003379092988257,0.5534118739773565,27.28437594753867,19.6466583250007,False,False,0.1606931130498922,0.08101516407717059,0.0,0.0,0.21556139077687084,0.22135565373479968,-0.0313095554922295,-0.02725919495746853
105,8.0,10.60065255393798,8.587112630161364,1.3485176459520323,0.5800249183638531,26.581209336526534,17.17819594753003,False,False,0.16185702179701528,0.06996987419874273,0.0,0.0,0.21538921620015,0.22125301954507118,-0.0314404892965017,-0.027325300528373626
105,8.5,11.055616091806764,8.43141216708258,1.502692371268515,0.586919458756943,26.214510152187934,15.887197545394567,False,True,0.16306446571692457,0.06421230343006791,0.0,0.0,0.21518548695468376,0.22114706000995454,-0.031596263188799,-0.027393748407543196
105,9.0,11.429161688768072,7.909911957150231,1.7159878897792216,0.5918872012237978,25.643788800666144,14.25742142649997,False,True,0.16010215311792256,0.05587228045467895,0.0,0.0,0.21496218215248358,0.22104028765861564,-0.031768062376727135,-0.02746292809437445
105,9.5,11.594648189298592,7.554211993003208,1.8587729140518952,0.6008928209889064,25.217135253085477,13.48372446710843,False,True,0.15740916647581424,0.05156975086430937,0.0,0.0,0.21471176765922503,0.220932947778291,-0.0319620440112672,-0.02753268541472006
105,10.0,11.646600635799848,7.094298544577956,2.003264519018475,0.6075601385224578,24.79754185097847,12.783647763171722,False,True,0.15266559589065998,0.04698621198236089,0.0,0.0,0.21444322861868523,0.2208245255656706,-0.032171636038147065,-0.027603360538110692
105,10.5,11.573384342819473,6.627799435751555,2.119732554836172,0.607696920618415,24.4190897512374,12.268266585270403,False,True,0.1471214325987326,0.04284464697705903,0.0,0.0,0.21415634735351544,0.22071531875628475,-0.03239735579716675,-0.02767476571933155
105,11.0,11.395349874682076,6.180501049300458,2.2175645711741625,0.6101278908586486,24.049898488111587,11.89922649038867,False,True,0.1407317242538522,0.039373184279242954,0.0,0.0,0.21385469478426733,0.22060615931803154,-0.03263673591209759,-0.02774635997269542
105,11.5,11.066630747063915,5.674339169380756,2.3131353793807854,0.6159982679767881,23.61294971623192,11.713297752295759,False,True,0.13223971334633858,0.03587133900562692,0.0,0.0,0.21354064555192154,0.22049675466397603,-0.03288819614001809,-0.02781833658626415
105,12.0,10.95845883017067,5.318524282895877,2.3916966915511813,0.6077755828786497,23.32320777942011,11.307991674061451,False,True,0.12814354944774087,0.03313276933596599,0.0,0.0,0.213214487611604,0.22038666627290737,-0.0331517994395649,-0.027890987693344534
105,12.5,10.943465236424302,5.2111403370529015,2.443469915643962,0.6136083591773943,23.142875573447785,11.198539052511345,False,True,0.1262492486796426,0.032250035072378114,0.0,0.0,0.2128783883357788,0.22027768983902382,-0.03342607536638443,-0.027963127743623382
105,13.0,10.82361458413974,5.066399197922646,2.4569202060977005,0.6115913860792219,23.000001222746775,11.086466556803144,False,True,0.12359879888191269,0.03130383455892262,0.0,0.0,0.21253576121195136,0.22016803401559967,-0.03370846593937181,-0.028035942048175864
105,13.5,10.636879545457207,4.892248319431337,2.4757096187192613,0.6135822799312796,22.798187241447796,11.012364766978731,False,True,0.11971767924775312,0.030165454157363825,0.0,0.0,0.2121914896468254,0.22005869890168978,-0.03399507952114375,-0.02810876842236689
105,14.0,10.51235609827145,4.868779570847373,2.430222454884304,0.6092597813322684,22.79085937809809,11.01528266254532,False,True,0.118183865098189,0.03005456190617747,0.0,0.0,0.21184489307116977,0.21994917355086074,-0.03428656667136937,-0.028181947607594307
105,14.5,10.320626305497136,4.810488738355403,2.389566238999636,0.6067687934707081,22.735910891206593,11.049703684230352,False,True,0.11559498351829138,0.029759193771491055,0.0,0.0,0.21150416223961477,0.21984026228700537,-0.03457602802112324,-0.028254941692102582
105,15.0,10.182749862896884,4.848639072363312,2.3493880757303165,0.6159217637613403,22.70502267894519,11.125534016488684,False,True,0.11374020187757708,0.03015091309098514,0.0,0.0,0.21116868134354172,0.21973173150966027,-0.03486387853314884,-0.02832790496152514
105,15.5,9.877533563185205,4.7217889647284315,2.2955085337278085,0.6109699890705231,22.60510456062293,11.087144124886844,False,True,0.10954579890176185,0.029412595614427307,0.0,0.0,0.2108383892769287,0.21962209719405748,-0.035150070530209875,-0.02840183816102136
105,16.0,9.523931716138453,4.6981303252073126,2.207949906018898,0.6135166046738949,22.561670425932824,11.162350744423538,False,True,0.10525078496706043,0.02939524228346712,0.0,0.0,0.21051503185906087,0.2195131565475268,-0.03543296942369668,-0.028475531416119484
105,16.5,9.033647001239254,4.620113021894152,2.0952707887997426,0.6142995406487894,22.527569040182247,11.276518292085488,False,False,0.09929740086996336,0.029157736468672,0.0,0.0,0.21020290072481157,0.21940395383267816,-0.03570862347799432,-0.028549630705559177
105,17.0,8.221971330696936,4.487394244537826,1.9065078940870854,0.6144710413567176,22.46887422691824,11.535008736454419,False,False,0.09001045255497066,0.02895631552353333,0.0,0.0,0.2099051968638612,0.21929471360639596,-0.035973920110851175,-0.028623985423015672
105,17.5,7.1139883230940235,4.265236366389527,1.6326184226975935,0.5993932584065952,22.48139164282749,11.944944418938288,False,False,0.07794789678768235,0.028482698828605026,0.0,0.0,0.2096316156601631,0.21918551359464827,-0.03621979307114058,-0.02869854348372857
105,18.0,5.357368043987053,3.8526748955915586,1.2065329172676844,0.5932506916531242,22.546018496752556,13.16399878092954,False,False,0.0589630870632769,0.028765726530225702,0.0,0.0,0.20939300484709217,0.21907829686791735,-0.03643587361493547,-0.028771972655562285
105.0,18.5,0.0,0.0,0.0,0.0,0.0,0.0,0.0,0.0,0.0,0.0,0.0,0.0,0.20920875900608796,0.21897192460105988,-0.03660377388596429,-0.028845044805508046
105.0,19.0,0.0,0.0,0.0,0.0,0.0,0.0,0.0,0.0,0.0,0.0,0.0,0.0,0.2091783325427298,0.21894121343559977,-0.036631589640534395,-0.028866182880953377
105.0,19.5,0.0,0.0,0.0,0.0,0.0,0.0,0.0,0.0,0.0,0.0,0.0,0.0,0.20914797342107622,0.21891056360155137,-0.036659368936511505,-0.028887297146383595
105.0,20.0,0.0,0.0,0.0,0.0,0.0,0.0,0.0,0.0,0.0,0.0,0.0,0.0,0.20911768145702836,0.21887997491810518,-0.036687111801918304,-0.028908387634695068
105.0,20.5,0.0,0.0,0.0,0.0,0.0,0.0,0.0,0.0,0.0,0.0,0.0,0.0,0.20908745646591548,0.21884944720452074,-0.03671481826596135,-0.02892945437918898
105.0,21.0,0.0,0.0,0.0,0.0,0.0,0.0,0.0,0.0,0.0,0.0,0.0,0.0,0.20905729826252636,0.21881898028014105,-0.036742488359004156,-0.028950497413561035
105.0,21.5,0.0,0.0,0.0,0.0,0.0,0.0,0.0,0.0,0.0,0.0,0.0,0.0,0.20902720666113994,0.21878857396440635,-0.03677012211254089,-0.028971516771891123
105.0,22.0,0.0,0.0,0.0,0.0,0.0,0.0,0.0,0.0,0.0,0.0,0.0,0.0,0.2089971814755553,0.21875822807686757,-0.036797719559170126,-0.028992512488633465
105.0,22.5,0.0,0.0,0.0,0.0,0.0,0.0,0.0,0.0,0.0,0.0,0.0,0.0,0.2089672225191209,0.21872794243719962,-0.036825280732569604,-0.02901348459860666
105.0,23.0,0.0,0.0,0.0,0.0,0.0,0.0,0.0,0.0,0.0,0.0,0.0,0.0,0.20893732960476302,0.218697716865214,-0.03685280566747121,-0.02903443313698428
105.0,23.5,0.0,0.0,0.0,0.0,0.0,0.0,0.0,0.0,0.0,0.0,0.0,0.0,0.20890750254501386,0.21866755118087142,-0.03688029439963631,-0.029055358139285174
105.0,24.0,0.0,0.0,0.0,0.0,0.0,0.0,0.0,0.0,0.0,0.0,0.0,0.0,0.2088777411520385,0.218637445204294,-0.03690774696583175,-0.0290762596413643
106.0,0.5,0.0,0.0,0.0,0.0,0.0,0.0,0.0,0.0,0.0,0.0,0.0,0.0,0.20884804523766157,0.21860739875577698,-0.036935163403806405,-0.02909713767940376
106.0,1.0,0.0,0.0,0.0,0.0,0.0,0.0,0.0,0.0,0.0,0.0,0.0,0.0,0.20881841461339307,0.21857741165580025,-0.03696254375226782,-0.029117992289903732
106.0,1.5,0.0,0.0,0.0,0.0,0.0,0.0,0.0,0.0,0.0,0.0,0.0,0.0,0.20878884909045387,0.21854748372503974,-0.03698988805085956,-0.029138823509673756
106.0,2.0,0.0,0.0,0.0,0.0,0.0,0.0,0.0,0.0,0.0,0.0,0.0,0.0,0.20875934847980027,0.21851761478437814,-0.03701719634013888,-0.029159631375824155
106.0,2.5,0.0,0.0,0.0,0.0,0.0,0.0,0.0,0.0,0.0,0.0,0.0,0.0,0.2087299125921479,0.2184878046549156,-0.037044468661555106,-0.029180415925757756
106.0,3.0,0.0,0.0,0.0,0.0,0.0,0.0,0.0,0.0,0.0,0.0,0.0,0.0,0.20870054123799572,0.21845805315798028,-0.037071705057427635,-0.02920117719716132
106.0,3.5,0.0,0.0,0.0,0.0,0.0,0.0,0.0,0.0,0.0,0.0,0.0,0.0,0.20867123422764838,0.218428360115138,-0.03709890557092549,-0.02922191522799785
106.0,4.0,0.0,0.0,0.0,0.0,0.0,0.0,0.0,0.0,0.0,0.0,0.0,0.0,0.20864199137123896,0.21839872534820245,-0.03712607024604634,-0.02924263005649824
106.0,4.5,0.0,0.0,0.0,0.0,0.0,0.0,0.0,0.0,0.0,0.0,0.0,0.0,0.20861281247875077,0.2183691486792445,-0.03715319912759621,-0.02926332172115379
106.0,5.0,0.0,0.0,0.0,0.0,0.0,0.0,0.0,0.0,0.0,0.0,0.0,0.0,0.2085836973600385,0.21833962993060152,-0.03718029226116985,-0.02928399026070845
106.0,5.5,0.0,0.0,0.0,0.0,0.0,0.0,0.0,0.0,0.0,0.0,0.0,0.0,0.20855464582484906,0.21831016892488633,-0.037207349693131,-0.02930463571415128
106.0,6.0,0.0,0.0,0.0,0.0,0.0,0.0,0.0,0.0,0.0,0.0,0.0,0.0,0.2085256576828419,0.2182807654849961,-0.03723437147059341,-0.029325258120709158
106,6.5,6.5946228415555925,6.4099835337729605,0.6502233030446232,0.5016270887896643,27.44879002918956,24.171568572568184,False,False,0.10983678726951898,0.08447208864672663,0.0,0.0,0.20849673274360858,0.21825141943412074,-0.03726135764140202,-0.02934585751983948
106,7.0,8.991809274983101,8.15866578064912,0.9725227209582487,0.5609045495773683,26.92828768122005,20.46959992718974,False,False,0.14202344060022884,0.08185544423046633,0.0,0.0,0.2083850110489095,0.21815820685771228,-0.03736580997568051,-0.029411402340190924
106,7.5,10.038949055234571,8.532511315357793,1.160444115870899,0.5653601315663299,26.536260078578923,18.28711056847691,False,False,0.15262215097721954,0.07446739169442566,0.0,0.0,0.2082322806629163,0.2180574974255659,-0.037509167726649126,-0.02948241490168529
106,8.0,10.82065000248815,8.558465346924223,1.365194166091887,0.5868834678094706,26.026524765361913,16.58030230163845,False,False,0.15686477057362347,0.06782229819780602,0.0,0.0,0.2080556655613545,0.21795627706825146,-0.03767576233472109,-0.029553993667740808
106,8.5,11.317740052814951,7.854464069688683,1.6335136474111578,0.5900252892631823,25.21252227558548,14.18293393045403,False,True,0.1527408088321371,0.055604049026589365,0.0,0.0,0.20785302103181597,0.2178523706221184,-0.037867996868538256,-0.02962768740043082
106,9.0,11.549032039649983,7.334957454057305,1.844081270014666,0.6081591078637457,24.537779024633792,13.11180408499039,False,True,0.14823581521357357,0.04937878394821903,0.0,0.0,0.20761624605493725,0.21774812032470658,-0.03809409104858222,-0.029701845138895774
106,9.5,11.617476838824231,6.698304356812702,2.0249399245276574,0.6102073919923777,23.976744880295417,12.186611791643298,False,True,0.14275905495038688,0.0435682927212491,0.0,0.0,0.20735269992188982,0.2176416155359457,-0.038347642950477545,-0.029777835091302253
106,10.0,11.539569832265872,6.246178363523821,2.1596791252860275,0.6191795454552845,23.509621276690034,11.708699533109382,False,True,0.13685776882747427,0.03979074046014722,0.0,0.0,0.2070661683406276,0.21753490591421204,-0.0386255936248815,-0.029854203612126783
106,10.5,11.27522958099004,5.640568282221145,2.290018490628146,0.6192146274197041,22.967927313166456,11.229804937140962,False,True,0.1285403609662152,0.03528631207979579,0.0,0.0,0.20676252825356117,0.2174271089673851,-0.038922764257204936,-0.02993158734943334
106,11.0,11.023130088854563,5.402148163144005,2.3050808329934624,0.6172723634923134,22.74887337788941,11.125893159501814,False,True,0.12361498131081117,0.03357973343845273,0.0,0.0,0.20644234015640472,0.21731936340914124,-0.03923908606021937,-0.030009173132921906
106,11.5,10.81341446765975,5.203330735081213,2.310638581999572,0.6149075885246204,22.57815857139103,11.127047479014411,False,True,0.1198082026536523,0.032361161190031254,0.0,0.0,0.20612029393446352,0.21721192105778375,-0.03956033808194811,-0.030086779306560403
106,12.0,10.722780771879307,5.153183275907198,2.2973376336006313,0.6129301025989582,22.526219506517464,11.165057854572245,False,True,0.11835435060208885,0.032063288444547554,0.0,0.0,0.20579760059807467,0.21710483559647153,-0.039885383722155165,-0.03016436574680413
106,12.5,10.619485741956101,5.001553334834018,2.338080810611538,0.6148526893962957,22.323219787923833,11.05268701236659,False,True,0.11560422708800085,0.030889081269680464,0.0,0.0,0.2054766631776376,0.21699805751500803,-0.040211821714231356,-0.03024196695797003
106,13.0,10.532431493917324,4.855711452069672,2.3598698731161654,0.6107463503313458,22.17337509814476,10.867396646654944,False,True,0.11349083078504309,0.029850008315164697,0.0,0.0,0.20515059449413167,0.21689108966104098,-0.04054674422741846,-0.030319944701919666
106,13.5,10.358725929475737,4.753277042955539,2.3723171958882627,0.6190456481833967,21.984855625368418,10.831934238190392,False,True,0.11017599088366054,0.029166278081107225,0.0,0.0,0.2048218097381601,0.21678470016377793,-0.04088782736103867,-0.03039773857038836
106,14.0,10.196352016141455,4.640722316279611,2.3626331791518673,0.616783225163547,21.86279865901663,10.758801474494366,False,True,0.10754398486011343,0.028445135698827513,0.0,0.0,0.20449149916905351,0.2166773079862567,-0.041233941426099485,-0.030476506928680275
106,14.5,10.037370861993566,4.597126358282699,2.338845613294743,0.6188284920622591,21.776910695479664,10.722041367513812,False,True,0.10524679479409074,0.0281698048856204,0.0,0.0,0.2041624828609054,0.21657025888741271,-0.04158217521826121,-0.030555265796054238
106,15.0,9.878146465996636,4.522870984693638,2.3248541181820044,0.6186787125780667,21.66085961063606,10.611767642696316,False,True,0.10276126146345102,0.027606512465622558,0.0,0.0,0.20383655788450386,0.2164630037771698,-0.04193059740494557,-0.030634419555973593
106,15.5,9.610310509300966,4.542004953264527,2.2296062298824033,0.6184953439423864,21.69726259159282,10.759138109812687,False,True,0.10019283170982315,0.027997368844248877,0.0,0.0,0.20351247571584524,0.216355822228655,-0.04228050406791826,-0.030713763206899124
106,16.0,9.304393755478648,4.641578501640695,2.0913697972164353,0.6167261588547882,21.842143160084156,10.982520090589968,False,True,0.09788805669425135,0.028992480241571063,0.0,0.0,0.20320059090054443,0.2162487183758235,-0.042620531285169,-0.030793294045651995
106,16.5,8.899454152672872,4.674574691518105,1.977324853036364,0.6210236034506861,21.882594219599568,11.094400692601614,False,False,0.09364882872780916,0.029455891345425977,0.0,0.0,0.20290638140593073,0.21614189415858093,-0.04294427866184559,-0.030872861769137817
106,17.0,8.201182134552862,4.63835799487217,1.7723683221786999,0.6076673032118352,22.002012660661826,11.390451687754965,False,False,0.08698807550913765,0.029782915827856842,0.0,0.0,0.2026267642608353,0.21603457634554576,-0.04325468781377369,-0.030953043933377063
106,17.5,7.272340307441408,4.554587690524206,1.543305676343761,0.6063115751365682,22.065723381941247,11.835696498115787,False,False,0.07746512851247402,0.03031274640156053,0.0,0.0,0.2023733244000794,0.2159290144599777,-0.04353834907153546,-0.031032156341481806
106,18.0,5.631444967862333,4.147868946993008,1.1783424035057593,0.600518506761723,22.109485704486133,12.872906430995888,False,False,0.06016256897944673,0.030475139021250743,0.0,0.0,0.20214913355132713,0.2158236790940399,-0.04379112268379854,-0.03111133924658187
106.0,18.5,0.0,0.0,0.0,0.0,0.0,0.0,0.0,0.0,0.0,0.0,0.0,0.0,0.2019715097287827,0.2157191355699965,-0.043992634460661886,-0.031190165045609616
106.0,19.0,0.0,0.0,0.0,0.0,0.0,0.0,0.0,0.0,0.0,0.0,0.0,0.0,0.20194410392088302,0.21569117126873663,-0.04402382426624029,-0.03121129044777372
106.0,19.5,0.0,0.0,0.0,0.0,0.0,0.0,0.0,0.0,0.0,0.0,0.0,0.0,0.20191675648997273,0.21566326030489408,-0.0440549739008379,-0.031232392558166764
106.0,20.0,0.0,0.0,0.0,0.0,0.0,0.0,0.0,0.0,0.0,0.0,0.0,0.0,0.201889467255292,0.21563540253997635,-0.04408608342817422,-0.03125347140008469
106.0,20.5,0.0,0.0,0.0,0.0,0.0,0.0,0.0,0.0,0.0,0.0,0.0,0.0,0.20186223603628164,0.21560759783532168,-0.04411715291249125,-0.031274526997309274
106.0,21.0,0.0,0.0,0.0,0.0,0.0,0.0,0.0,0.0,0.0,0.0,0.0,0.0,0.20183506265259413,0.2155798460521136,-0.04414818241853927,-0.03129555937409788
106.0,21.5,0.0,0.0,0.0,0.0,0.0,0.0,0.0,0.0,0.0,0.0,0.0,0.0,0.20180794692410461,0.2155521470513949,-0.04417917201156229,-0.03131656855517254
106.0,22.0,0.0,0.0,0.0,0.0,0.0,0.0,0.0,0.0,0.0,0.0,0.0,0.0,0.20178088867092137,0.2155245006940812,-0.04421012175728427,-0.03133755456571021
106.0,22.5,0.0,0.0,0.0,0.0,0.0,0.0,0.0,0.0,0.0,0.0,0.0,0.0,0.2017538877133961,0.21549690684097436,-0.04424103172189531,-0.031358517431332486
106.0,23.0,0.0,0.0,0.0,0.0,0.0,0.0,0.0,0.0,0.0,0.0,0.0,0.0,0.20172694387213394,0.2154693653527757,-0.04427190197203825,-0.03137945717809567
106.0,23.5,0.0,0.0,0.0,0.0,0.0,0.0,0.0,0.0,0.0,0.0,0.0,0.0,0.2017000569680031,0.2154418760900986,-0.04430273257479547,-0.0314003738324812
106.0,24.0,0.0,0.0,0.0,0.0,0.0,0.0,0.0,0.0,0.0,0.0,0.0,0.0,0.20167322682214453,0.21541443891348114,-0.04433352359767578,-0.03142126742138608
107.0,0.5,0.0,0.0,0.0,0.0,0.0,0.0,0.0,0.0,0.0,0.0,0.0,0.0,0.20164645325598088,0.21538705368339822,-0.044364275108601935,-0.0314421379721135
107.0,1.0,0.0,0.0,0.0,0.0,0.0,0.0,0.0,0.0,0.0,0.0,0.0,0.0,0.20161973609122544,0.21535972026027375,-0.04439498717589816,-0.0314629855123634
107.0,1.5,0.0,0.0,0.0,0.0,0.0,0.0,0.0,0.0,0.0,0.0,0.0,0.0,0.20159307514989103,0.21533243850449202,-0.04442565986827776,-0.03148381007022386
107.0,2.0,0.0,0.0,0.0,0.0,0.0,0.0,0.0,0.0,0.0,0.0,0.0,0.0,0.20156647025429833,0.21530520827640925,-0.04445629325483115,-0.0315046116741618
107.0,2.5,0.0,0.0,0.0,0.0,0.0,0.0,0.0,0.0,0.0,0.0,0.0,0.0,0.20153992122708395,0.21527802943636487,-0.044486887405014386,-0.031525390353014486
107.0,3.0,0.0,0.0,0.0,0.0,0.0,0.0,0.0,0.0,0.0,0.0,0.0,0.0,0.2015134278912086,0.21525090184469228,-0.04451744238863717,-0.03154614613598071
107.0,3.5,0.0,0.0,0.0,0.0,0.0,0.0,0.0,0.0,0.0,0.0,0.0,0.0,0.20148699006996465,0.21522382536172946,-0.04454795827585203,-0.03156687905261268
107.0,4.0,0.0,0.0,0.0,0.0,0.0,0.0,0.0,0.0,0.0,0.0,0.0,0.0,0.20146060758698378,0.21519679984782963,-0.04457843513714276,-0.031587589132807285
107.0,4.5,0.0,0.0,0.0,0.0,0.0,0.0,0.0,0.0,0.0,0.0,0.0,0.0,0.2014342802662442,0.21516982516337113,-0.044608873043313846,-0.031608276406798426
107.0,5.0,0.0,0.0,0.0,0.0,0.0,0.0,0.0,0.0,0.0,0.0,0.0,0.0,0.2014080079320776,0.21514290116876755,-0.044639272065479754,-0.031628940905148575
107.0,5.5,0.0,0.0,0.0,0.0,0.0,0.0,0.0,0.0,0.0,0.0,0.0,0.0,0.20138179040917634,0.2151160277244774,-0.044669632275054307,-0.03164958265874121
107.0,6.0,0.0,0.0,0.0,0.0,0.0,0.0,0.0,0.0,0.0,0.0,0.0,0.0,0.20135562752259972,0.2150892046910135,-0.044699953743740556,-0.03167020169877293
107,6.5,6.400305752507444,6.236850445034091,0.6421028173801128,0.5198003857129002,26.52477304615766,23.435224566598237,False,False,0.09719714979581795,0.07846590416096584,0.0,0.0,0.20132951909778068,0.2150624319289524,-0.04473023654352074,-0.03169079805674586
107,7.0,8.687094756254881,7.947571160321973,0.9186382392189143,0.5563822503118308,26.216855441435474,20.030676584685587,False,False,0.12815790093347026,0.0775364894574848,0.0,0.0,0.20122164000887052,0.21496946968702552,-0.044855623456069034,-0.03176243818251309
107,7.5,9.78694934980405,8.518850285892073,1.0836591953230155,0.5810763202696017,25.94202250873265,18.552316664588197,False,False,0.14079521481682264,0.07564107768707301,0.0,0.0,0.20107857535417628,0.214871895708916,-0.04502255279847351,-0.031837839936682925
107,8.0,10.445726205835623,8.581178116511603,1.2360842725844394,0.5905622275265371,25.543989906497124,16.96411348797824,False,True,0.14505126030504847,0.06963304527285648,0.0,0.0,0.2009145355595,0.21477122475114696,-0.045214867937275166,-0.031915858570300285
107,8.5,10.903402174814325,8.403730333590929,1.3869045993435696,0.6002028025980722,25.10410699882827,15.594408834150727,False,True,0.1458079614571669,0.06360939012430256,0.0,0.0,0.20073112557985914,0.21466939469502083,-0.045431052250753126,-0.03199500734148193
107,9.0,11.22132769670909,8.04248384588028,1.5391030337335831,0.6045457874470085,24.637761624200223,14.29887277899098,False,True,0.14439873456768865,0.05735974231568613,0.0,0.0,0.20052854974060816,0.2145663856945632,-0.045671260206358644,-0.032075310521166446
107,9.5,11.38242456414125,7.609011311269512,1.682052729715377,0.6114487127031811,24.121205717599437,13.340586174371474,False,True,0.141226671865734,0.051980627241385705,0.0,0.0,0.20030663225364062,0.2144628727012567,-0.045936141884870225,-0.03215624862497085
107,10.0,11.401079798057427,7.181244983640525,1.7886751000890793,0.6136383433335719,23.725248068688423,12.642522699457045,False,True,0.13718787962328607,0.04767675508162487,0.0,0.0,0.20006655153993189,0.21435852936055932,-0.04622476725352339,-0.032238082387867996
107,10.5,11.297907447705967,6.771106189624984,1.873852696150852,0.6140140751107216,23.35409873489406,12.16282150575761,False,True,0.13225274743361073,0.043966235706936196,0.0,0.0,0.19981293672077566,0.2142539561675211,-0.0465320134123525,-0.032320345492677295
107,11.0,11.11112857103389,6.3365187862529115,1.9496404496269002,0.6140902969220701,22.9696128367884,11.757745103995184,False,True,0.12648779608626426,0.04043810310623529,0.0,0.0,0.19954852039295828,0.21414938414006815,-0.0468549397642675,-0.032402857904843915
107,11.5,10.916171848950768,6.079049141155363,1.9761065417098402,0.615649933756398,22.744358305399295,11.683351914112258,False,True,0.12232043691817368,0.03873085565653707,0.0,0.0,0.19927449896020424,0.2140448513142642,-0.04719241813635461,-0.03248559035045661
107,12.0,10.96783406853271,6.052705827610005,2.0004237140606733,0.6180284814147489,22.66293564597762,11.57303974938111,False,True,0.12218210666222584,0.038371189739815875,0.0,0.0,0.1989971574496937,0.21394016852397835,-0.04753693861840772,-0.03256869383286136
107,12.5,10.912508970873287,5.7719613723016225,2.067346239399459,0.6140009240825375,22.383159231984536,11.129787246098335,False,True,0.11922919203278871,0.03597788228239647,0.0,0.0,0.19871676953514844,0.2138352312835805,-0.047888294035980765,-0.03265225366026875
107,13.0,10.806298829648963,5.5958754017702725,2.1129616612457744,0.62227831477763,22.14239636670621,11.018578481888609,False,True,0.11614629641474197,0.034740042718548914,0.0,0.0,0.1984279057290688,0.21373085581219653,-0.04825351144624488,-0.03273561966923604
107,13.5,10.68219966256915,5.418004928198026,2.125837418428672,0.61785968858615,21.988822884675425,10.870428197529986,False,True,0.11362959284866056,0.03352695730596937,0.0,0.0,0.19813328108690642,0.21362547392814646,-0.0486294362076024,-0.03282004692062967
107,14.0,10.524056677942419,5.3333303340712135,2.1151671336952904,0.619928022638137,21.875748119724587,10.835183179259541,False,True,0.11106818430015307,0.032976720382045736,0.0,0.0,0.19783706754773547,0.21352070339319087,-0.04901091135842973,-0.03290424169333481
107,14.5,10.321925664349884,5.236773969182852,2.098599106451869,0.6199126881483793,21.751264564098612,10.761892943921948,False,True,0.10802020213605168,0.032258408118895486,0.0,0.0,0.19754226548214723,0.213415717429635,-0.04939411404658306,-0.03298886785290871
107,15.0,10.222337936456755,5.138632843972003,2.1004562396666207,0.6174889723138295,21.63687196223575,10.576777067729644,False,True,0.10616078526752694,0.03150987250767964,0.0,0.0,0.19724962628923803,0.2133107814396546,-0.04977804113317297,-0.03307371299550777
107,15.5,9.994309004539463,5.035229881639796,2.0841726539341323,0.6216493684527904,21.49052799449418,10.501713769658014,False,True,0.10279815655481332,0.030896758702787318,0.0,0.0,0.1969568018332732,0.2132062022052192,-0.050165775503901694,-0.033158528486333244
107,16.0,9.748815339851582,4.969506569530074,2.025989005924239,0.613035937621634,21.45730851872937,10.42900447396541,False,True,0.10001589294544111,0.03040840467077685,0.0,0.0,0.19666610367093026,0.21310114057052498,-0.05055425897091717,-0.03324399628702385
107,16.5,9.306585979692509,5.028266440425867,1.8967333845768537,0.6168141523677256,21.546718758166115,10.652351243748386,False,True,0.09580450603863061,0.03121298078834981,0.0,0.0,0.1963828710787135,0.212997224216571,-0.05093621793218455,-0.033328790726114686
107,17.0,8.5075578716501,4.948309351077036,1.7076369519342487,0.6108081119156797,21.58630092939339,10.985846164905688,False,False,0.08780399667349467,0.03137343340375349,0.0,0.0,0.19611616079154448,0.21289287391872294,-0.05129904272466511,-0.03341419869675505
107,17.5,7.673488999829025,4.9606716692827755,1.4879184617297927,0.6087748427965672,21.752899973590488,11.576938740014263,False,False,0.08006115831974789,0.03264060130354282,0.0,0.0,0.19587359832654644,0.21278933638983352,-0.05163169410333709,-0.03349919929465182
107,18.0,6.0365997478696185,4.544985972822432,1.1273951513576113,0.5875965603080605,21.94800926297937,12.799929657906986,False,False,0.06379911679030804,0.033076306245591526,0.0,0.0,0.19565908577409946,0.2126861052471505,-0.05192802110090452,-0.03358420497209451
107.0,18.5,0.0,0.0,0.0,0.0,0.0,0.0,0.0,0.0,0.0,0.0,0.0,0.0,0.19549056612160076,0.2125856200722629,-0.052162235616172385,-0.033667196438096604
107.0,19.0,0.0,0.0,0.0,0.0,0.0,0.0,0.0,0.0,0.0,0.0,0.0,0.0,0.19546576382233888,0.21256006100477032,-0.05219681287937993,-0.03368834483128773
107.0,19.5,0.0,0.0,0.0,0.0,0.0,0.0,0.0,0.0,0.0,0.0,0.0,0.0,0.1954410116076229,0.21253454885757242,-0.052231347548906085,-0.033709470187643864
107.0,20.0,0.0,0.0,0.0,0.0,0.0,0.0,0.0,0.0,0.0,0.0,0.0,0.0,0.1954163093155989,0.21250908351090833,-0.05226583971052901,-0.03373057253306519
107.0,20.5,0.0,0.0,0.0,0.0,0.0,0.0,0.0,0.0,0.0,0.0,0.0,0.0,0.19539165678488513,0.2124836648449615,-0.05230028945013555,-0.03375165189381675
107.0,21.0,0.0,0.0,0.0,0.0,0.0,0.0,0.0,0.0,0.0,0.0,0.0,0.0,0.19536705385457476,0.21245829273986885,-0.05233469685371387,-0.03377270829652064
107.0,21.5,0.0,0.0,0.0,0.0,0.0,0.0,0.0,0.0,0.0,0.0,0.0,0.0,0.19534250036423806,0.2124329670757301,-0.05236906200734679,-0.03379374176814814
107.0,22.0,0.0,0.0,0.0,0.0,0.0,0.0,0.0,0.0,0.0,0.0,0.0,0.0,0.19531799615392467,0.21240768773261667,-0.0524033849972052,-0.033814752336012235
107.0,22.5,0.0,0.0,0.0,0.0,0.0,0.0,0.0,0.0,0.0,0.0,0.0,0.0,0.19529354106416572,0.2123824545905806,-0.05243766590954134,-0.03383574002776002
107.0,23.0,0.0,0.0,0.0,0.0,0.0,0.0,0.0,0.0,0.0,0.0,0.0,0.0,0.19526913493597586,0.21235726752966322,-0.05247190483068264,-0.033856704871365315
107.0,23.5,0.0,0.0,0.0,0.0,0.0,0.0,0.0,0.0,0.0,0.0,0.0,0.0,0.19524477761085532,0.21233212642990332,-0.052506101847024984,-0.033877646895121356
107.0,24.0,0.0,0.0,0.0,0.0,0.0,0.0,0.0,0.0,0.0,0.0,0.0,0.0,0.1952204689307916,0.2123070311713458,-0.052540257045026954,-0.03389856612763365
108.0,0.5,0.0,0.0,0.0,0.0,0.0,0.0,0.0,0.0,0.0,0.0,0.0,0.0,0.19519620873826135,0.21228198163404943,-0.052574370511203596,-0.033919462597813005
108.0,1.0,0.0,0.0,0.0,0.0,0.0,0.0,0.0,0.0,0.0,0.0,0.0,0.0,0.19517199687623193,0.21225697769809485,-0.0526084423321205,-0.033940336334868634
108.0,1.5,0.0,0.0,0.0,0.0,0.0,0.0,0.0,0.0,0.0,0.0,0.0,0.0,0.19514783318816306,0.2122320192435923,-0.05264247259438813,-0.03396118736830119
108.0,2.0,0.0,0.0,0.0,0.0,0.0,0.0,0.0,0.0,0.0,0.0,0.0,0.0,0.19512371751800833,0.21220710615068916,-0.05267646138465589,-0.03398201572789631
108.0,2.5,0.0,0.0,0.0,0.0,0.0,0.0,0.0,0.0,0.0,0.0,0.0,0.0,0.1950996497102164,0.21218223829957744,-0.052710408789606956,-0.03400282144371782
108.0,3.0,0.0,0.0,0.0,0.0,0.0,0.0,0.0,0.0,0.0,0.0,0.0,0.0,0.19507562960973263,0.21215741557050077,-0.05274431489595231,-0.0340236045461014
108.0,3.5,0.0,0.0,0.0,0.0,0.0,0.0,0.0,0.0,0.0,0.0,0.0,0.0,0.19505165706200014,0.21213263784376166,-0.05277817979042569,-0.0340443650656482
108.0,4.0,0.0,0.0,0.0,0.0,0.0,0.0,0.0,0.0,0.0,0.0,0.0,0.0,0.1950277319129609,0.21210790499972837,-0.052812003559778546,-0.03406510303321854
108.0,4.5,0.0,0.0,0.0,0.0,0.0,0.0,0.0,0.0,0.0,0.0,0.0,0.0,0.19500385400905706,0.21208321691884152,-0.05284578629077437,-0.03408581847992588
108.0,5.0,0.0,0.0,0.0,0.0,0.0,0.0,0.0,0.0,0.0,0.0,0.0,0.0,0.19498002319723165,0.21205857348162088,-0.052879528070184256,-0.03410651143713063
108.0,5.5,0.0,0.0,0.0,0.0,0.0,0.0,0.0,0.0,0.0,0.0,0.0,0.0,0.1949562393249298,0.21203397456867168,-0.05291322898478151,-0.03412718193643425
108.0,6.0,0.0,0.0,0.0,0.0,0.0,0.0,0.0,0.0,0.0,0.0,0.0,0.0,0.1949325022400994,0.21200942006069093,-0.0529468891213372,-0.03414783000967348
108,6.5,5.97626039291678,6.019561907559555,0.4097875892230861,0.4933579618482004,27.921761131055018,28.684487823779854,False,False,0.10472350198020738,0.12627619231770187,0.0,0.0,0.19490881179119202,0.21198490983847362,-0.05298050856661504,-0.03416845568891447
108,7.0,7.68298142580146,7.595633055689792,0.5517486734255365,0.5041508485260978,27.679520420975287,26.49579445064452,False,False,0.13113172629069708,0.12037656218226522,0.0,0.0,0.1948329474525256,0.21189757380277324,-0.05308833997349971,-0.034242070906951055
108,7.5,9.171502375314518,8.820508561591577,0.7223785481442735,0.5400788283919473,27.17756856814215,24.124438193191885,False,False,0.1485380550789217,0.11206924600463972,0.0,0.0,0.19473903895157108,0.21180890644711314,-0.05322218124100923,-0.03431700168536467
108,8.0,10.178723623784267,9.328132573049906,0.9016201782157032,0.5561262087101857,26.510399243167996,21.240729290874448,False,False,0.154365633634667,0.09641541602595487,0.0,0.0,0.1946234327944183,0.21171570461809006,-0.05338749918951777,-0.034395975149523535
108,8.5,10.705262879857056,9.308656976987656,1.0519119915388493,0.5714671624263887,25.88436784923725,19.064340690367754,False,True,0.15320728852742999,0.08428022190124779,0.0,0.0,0.19448503141156115,0.21162050163805887,-0.05358621992755956,-0.034476867932023106
108,9.0,10.934485480457335,9.074315751001073,1.1641016186296291,0.5786355706280379,25.412118610879254,17.624053646086278,False,True,0.15011032564701815,0.07589648503698801,0.0,0.0,0.19432752380982857,0.21152338741166196,-0.05381344715826999,-0.034559618329143865
108,9.5,11.088309108468016,8.536573143964366,1.3499105309994213,0.6033869769143975,24.554116259588245,15.560780332429712,False,True,0.14172805916220937,0.06424567671580732,0.0,0.0,0.19415576530851578,0.21142540327247228,-0.0540625431723965,-0.034643349919247605
108,10.0,11.129680027040973,8.113751950445165,1.450236093369189,0.6034420583814363,24.08557607246518,14.451355354418318,False,True,0.1376463930229844,0.058193943138983066,0.0,0.0,0.1939603742489325,0.21132430845394565,-0.05434758507316746,-0.03472999318419188
108,10.5,11.072583204377132,7.791992983324787,1.5081974711210937,0.6034763308346212,23.790502927262608,13.899448767435707,False,True,0.13386136132031157,0.05448480236859793,0.0,0.0,0.19375224386516188,0.21122324996207567,-0.05465318330643407,-0.03481686348607813
108,11.0,11.009785869584558,7.752056509092686,1.5098023331875987,0.6103433513693652,23.727814647835384,14.04866648796325,False,True,0.13245453662268597,0.05453040633296363,0.0,0.0,0.19353677259637853,0.21112223033369018,-0.054971719700467554,-0.03490395924896211
108,11.5,10.882632776037152,7.70146687054572,1.483240668399318,0.6063551411340893,23.748408174661698,14.307897383680588,False,True,0.13112331002648242,0.05468659687174473,0.0,0.0,0.1933211419640203,0.21102037873830806,-0.055292708622862036,-0.03499203524015877
108,12.0,10.984576765146457,7.631669106081957,1.5204869259611677,0.6047025895729728,23.635135313865447,13.937542626638827,False,True,0.13123985836637103,0.05331248073123448,0.0,0.0,0.19310894116119434,0.21091907837445312,-0.055610774411986995,-0.035079897337897355
108,12.5,11.00236690016455,7.665726380988991,1.5146188740872348,0.6078638520102041,23.640804577200644,14.085592508063051,False,True,0.13149513373960914,0.05391076510153727,0.0,0.0,0.19289203882111347,0.21081803148939451,-0.05593814285629626,-0.035167801577864345
108,13.0,10.992327379717185,7.585257105669719,1.5246938971669461,0.6013017244726018,23.572613269012535,13.82588962967338,False,True,0.1307172213068738,0.05269741189739805,0.0,0.0,0.19267592897551097,0.2107166245326983,-0.05626660132039722,-0.03525628303797136
108,13.5,10.920717854770784,7.401384320753993,1.5644414046495907,0.6098487937363737,23.335038231455325,13.528611960217948,False,True,0.1276241794911174,0.050836218909381004,0.0,0.0,0.19245857980953907,0.21061609647087345,-0.056599263764092876,-0.035344259556124503
108,14.0,10.853795110496836,7.392584503014241,1.5552752944572086,0.6120498695286994,23.289304035842324,13.456746432881408,False,True,0.126367163274535,0.05068719905862727,0.0,0.0,0.19223620993195129,0.2105145217851972,-0.05694203871697187,-0.035433417815441515
108,14.5,10.793821961887684,7.329683502716698,1.5585505412903216,0.6114917322062284,23.2086871224089,13.271123782352024,False,True,0.12492474312856677,0.04990190078503041,0.0,0.0,0.19201505239803365,0.21041270905213955,-0.05728540088623902,-0.03552305406777186
108,15.0,10.676836162130535,7.279819748582624,1.5440534327731772,0.610793629981558,23.151155520336133,13.160963182312186,False,True,0.12302133523183349,0.049407219979990966,0.0,0.0,0.19179352162815222,0.21031100977524514,-0.05763181856926805,-0.035612860282282326
108,15.5,10.514480491468788,7.316287891468031,1.4975419304327897,0.6081403070442172,23.20363773678033,13.272993978642114,False,True,0.12156455458149648,0.049956158122925684,0.0,0.0,0.191573882260763,0.21020944168044112,-0.05797774547441216,-0.035702820774395246
108,16.0,10.298706505358602,7.370117216530367,1.4310764279068526,0.603169452354388,23.333589465289002,13.532616386022433,False,True,0.11987937576227187,0.0509718657345104,0.0,0.0,0.19136021383749016,0.2101082538172337,-0.05831664480890495,-0.03579271385722264
108,16.5,10.362326917038725,7.510087521523033,1.415506728266359,0.6035834820977901,23.39581450673593,13.495983379270946,False,True,0.12117164334840799,0.05200512466421567,0.0,0.0,0.19115505901089253,0.21000774140589554,-0.05864426406909655,-0.03588227398646234
108,17.0,8.408667481236815,6.849353548706251,1.092035205315054,0.5903524574384861,23.64544701737747,15.604081685262688,False,False,0.10016455681227741,0.054208222117224265,0.0,0.0,0.19095193184616288,0.20990721812678628,-0.05897080810335634,-0.03597211097491876
108,17.5,8.968134353085217,7.372290730404994,1.1265091053815697,0.5872638796827863,23.824871969574144,15.158482370800762,False,False,0.10828380525553716,0.05643577114124676,0.0,0.0,0.19079006899053452,0.20980842269884778,-0.05923256809992701,-0.036060665031495506
108,18.0,7.443688446260313,6.655397569637582,0.8875232636626268,0.5681571980977451,24.105025815635656,16.861247059085045,False,False,0.0918298648423748,0.05861206649969559,0.0,0.0,0.19062385632132647,0.2097100625338589,-0.05950280447216348,-0.03614908708933201
108,18.5,5.1703431051450615,5.1146082731326175,0.5676117612167768,0.5329186679836926,12.289617711229832,11.8236339756184,False,False,0.06621971210134106,0.06186115464802062,0.0,0.0,0.19048814143634135,0.20961417875590385,-0.059724546032367085,-0.036235531732665416
108.0,19.0,0.0,0.0,0.0,0.0,0.0,0.0,0.0,0.0,0.0,0.0,0.0,0.0,0.19039323677931477,0.209522826984273,-0.059880193752860494,-0.03631811972097508
108.0,19.5,0.0,0.0,0.0,0.0,0.0,0.0,0.0,0.0,0.0,0.0,0.0,0.0,0.1903707073463428,0.2094994278793028,-0.059917213945811496,-0.036339310113508216
108.0,20.0,0.0,0.0,0.0,0.0,0.0,0.0,0.0,0.0,0.0,0.0,0.0,0.0,0.19034822065091325,0.20947607002341556,-0.05995419110794781,-0.03636047784448929
108.0,20.5,0.0,0.0,0.0,0.0,0.0,0.0,0.0,0.0,0.0,0.0,0.0,0.0,0.19032577655577151,0.20945275331029287,-0.0599911253334327,-0.03638162294438667
108.0,21.0,0.0,0.0,0.0,0.0,0.0,0.0,0.0,0.0,0.0,0.0,0.0,0.0,0.19030337492416372,0.20942947763369127,-0.06002801671631994,-0.036402745443890556
108.0,21.5,0.0,0.0,0.0,0.0,0.0,0.0,0.0,0.0,0.0,0.0,0.0,0.0,0.190281015619836,0.20940624288744697,-0.06006486535055072,-0.0364238453739085
108.0,22.0,0.0,0.0,0.0,0.0,0.0,0.0,0.0,0.0,0.0,0.0,0.0,0.0,0.19025869850703417,0.2093830489654812,-0.060101671329950854,-0.03644492276555964
108.0,22.5,0.0,0.0,0.0,0.0,0.0,0.0,0.0,0.0,0.0,0.0,0.0,0.0,0.19023642345050262,0.20935989576180497,-0.06013843474822816,-0.036465977650170234
108.0,23.0,0.0,0.0,0.0,0.0,0.0,0.0,0.0,0.0,0.0,0.0,0.0,0.0,0.19021419031548378,0.2093367831705239,-0.06017515569896979,-0.03648701005926834
108.0,23.5,0.0,0.0,0.0,0.0,0.0,0.0,0.0,0.0,0.0,0.0,0.0,0.0,0.19019199896771738,0.20931371108584318,-0.060211834275639545,-0.036508020024578994
108.0,24.0,0.0,0.0,0.0,0.0,0.0,0.0,0.0,0.0,0.0,0.0,0.0,0.0,0.19016984927343955,0.2092906794020718,-0.060248470571575556,-0.03652900757801961
109.0,0.5,0.0,0.0,0.0,0.0,0.0,0.0,0.0,0.0,0.0,0.0,0.0,0.0,0.1901477410993821,0.2092676880136274,-0.06028506467998749,-0.036549972751695047
109.0,1.0,0.0,0.0,0.0,0.0,0.0,0.0,0.0,0.0,0.0,0.0,0.0,0.0,0.19012567431277153,0.20924473681504052,-0.06032161669395448,-0.03657091557789311
109.0,1.5,0.0,0.0,0.0,0.0,0.0,0.0,0.0,0.0,0.0,0.0,0.0,0.0,0.19010364878132824,0.209221825700959,-0.06035812670642264,-0.03659183608907982
109.0,2.0,0.0,0.0,0.0,0.0,0.0,0.0,0.0,0.0,0.0,0.0,0.0,0.0,0.19008166437326576,0.20919895456615198,-0.06039459481020248,-0.03661273431789521
109.0,2.5,0.0,0.0,0.0,0.0,0.0,0.0,0.0,0.0,0.0,0.0,0.0,0.0,0.19005972095728954,0.20917612330551433,-0.060431021097967205,-0.03663361029714861
109.0,3.0,0.0,0.0,0.0,0.0,0.0,0.0,0.0,0.0,0.0,0.0,0.0,0.0,0.19003781840259626,0.2091533318140704,-0.06046740566224995,-0.03665446405981445
109.0,3.5,0.0,0.0,0.0,0.0,0.0,0.0,0.0,0.0,0.0,0.0,0.0,0.0,0.19001595657887257,0.20913057998697804,-0.06050374859544231,-0.036675295639028035
109.0,4.0,0.0,0.0,0.0,0.0,0.0,0.0,0.0,0.0,0.0,0.0,0.0,0.0,0.18999413535629445,0.20910786771953258,-0.06054004998979141,-0.03669610506808107
109.0,4.5,0.0,0.0,0.0,0.0,0.0,0.0,0.0,0.0,0.0,0.0,0.0,0.0,0.1899723546055259,0.20908519490717026,-0.06057630993739861,-0.03671689238041792
109.0,5.0,0.0,0.0,0.0,0.0,0.0,0.0,0.0,0.0,0.0,0.0,0.0,0.0,0.18995061419771797,0.20906256144547222,-0.060612528530217105,-0.03673765760963121
109.0,5.5,0.0,0.0,0.0,0.0,0.0,0.0,0.0,0.0,0.0,0.0,0.0,0.0,0.18992891400450776,0.20903996723016785,-0.06064870586005029,-0.03675840078945799
109,6.0,0.9657102411983363,0.9994707191204462,0.05125750329597805,0.0978857155072418,14.382181855243113,16.239222371332485,True,True,0.018653739562311235,0.03569078518242393,0.0,0.0,0.1899072538980173,0.20901741215713834,-0.0606848420185495,-0.03677912195377565
109,6.5,4.168905951445624,4.293754127214985,0.21522991097155358,0.4510724609538739,28.894615271007616,32.87183770631104,False,False,0.08182098623738698,0.17260753534821077,0.0,0.0,0.18987910186434465,0.2089824222728699,-0.060731847186287685,-0.036811294427591366
109,7.0,4.378601311073456,4.540905436777906,0.22799485050938723,0.4573358453691661,28.880458263192896,32.798309342267835,True,True,0.0857867336660437,0.17416073893023792,0.0,0.0,0.1898300942021588,0.20890246375174767,-0.0608137783203739,-0.03688494058252404
109,7.5,4.416585634863966,4.580263309334496,0.23476777942156762,0.45742243763011864,28.768719799762884,32.61423813423593,True,True,0.0853562877482684,0.16807595632004657,0.0,0.0,0.18977949957413404,0.20882174590100325,-0.06089850074594218,-0.036959464250504885
109,8.0,4.290020302659231,4.455460618596244,0.22461246899708695,0.4610340347082815,28.84254063497829,32.83522922683095,True,True,0.08366054270313414,0.1736702598382939,0.0,0.0,0.18972808143293596,0.20874105574326438,-0.06098474629449254,-0.03703414172779204
109,8.5,2.104570568814161,2.187642911556729,0.11075122092299505,0.2155974295382005,14.414767934941121,16.307567641133577,True,True,0.040976325775289306,0.08089666782593471,0.0,0.0,0.18967799686581557,0.20865994397451204,-0.061068894942085346,-0.03710939066018388
109,9.0,2.225134173825938,2.306930039562505,0.11100586526896629,0.21645236274729002,14.5432215092893,16.380487964945637,True,True,0.04473018765702082,0.08827159928144183,0.0,0.0,0.1896424612844614,0.2086101473988423,-0.06112868328960293,-0.03715567814491734
109,9.5,5.1052127446418964,5.279262483071912,0.26020688601089736,0.4700884870907649,28.990805832297,32.38753527026371,True,True,0.10140077502115485,0.18615765665990192,0.0,0.0,0.18960693245812937,0.2085602802969872,-0.06118853000737175,-0.03720210013893482
109,10.0,5.644565781244205,5.83092124276841,0.2971446358401884,0.4987765597015098,28.835531023060327,31.977722389290733,True,True,0.10998129992525126,0.18812192255495888,0.0,0.0,0.18955242961089994,0.20847812995539997,-0.06128047336041748,-0.03727872584337531
109,10.5,6.245292248621514,6.418823226419474,0.33888288113018483,0.49238067438202066,28.696169443270236,31.162597050003505,True,True,0.11964389453438957,0.17791411280282252,0.0,0.0,0.1894932586407174,0.20839236202972056,-0.06138047800983872,-0.03735892658572471
109,11.0,3.2111467856186047,3.3115111429972495,0.16152860102377464,0.28096118791600544,14.5084580170466,16.117183839142122,True,True,0.06398905785519296,0.11268012224765052,0.0,0.0,0.18942880768397535,0.20830744726530673,-0.061489627678012006,-0.03743853214877678
109,11.5,3.2026127739419996,3.303861301234059,0.1547106910209091,0.26193420228904,14.634279568458894,16.153240565610943,True,True,0.06589618135327623,0.11398813768914699,0.0,0.0,0.18938699618921284,0.2082495122902808,-0.06156056040664252,-0.03749296079940921
109,12.0,6.264265017287584,6.445093931783909,0.31717632090316533,0.4801778909966467,29.070130525702048,31.681893212167253,True,True,0.12566673693292263,0.19573384627155554,0.0,0.0,0.18934609210932865,0.2081940398916002,-0.06163004807846043,-0.0375451642891778
109,12.5,7.174724290514256,7.329424100948321,0.39615057466355186,0.5033616463289876,28.665871086829988,30.45709180300453,True,True,0.1369497545254239,0.18059492424343973,0.0,0.0,0.18928452304933757,0.20811079390577203,-0.0617348176123808,-0.037623667301350625
109,13.0,8.134154486421119,8.217065206515025,0.4826583133007319,0.5249645470415777,28.24153122031914,29.010911418644888,True,True,0.14774081359339258,0.16574690596732172,0.0,0.0,0.18921292842679324,0.20802463126389015,-0.06185691420723617,-0.037705126849510155
109,13.5,9.039049404589083,8.93893948436029,0.577855262315613,0.5107706671849241,27.827701050009864,26.938941865087834,True,True,0.15676922655255945,0.1427507396766639,0.0,0.0,0.18913034810797832,0.20793575331914615,-0.061998103181878574,-0.03778937376350055
109,14.0,9.74102426237505,9.485740795277128,0.6656223798330854,0.531083435213041,27.43251378056346,25.53464102976387,True,True,0.16196569412071216,0.13278253549664965,0.0,0.0,0.1890356746823197,0.20784872165590645,-0.06216044065592585,-0.03787208802592338
109,14.5,9.969974624414187,9.564983462109023,0.725691245673595,0.5300008928059965,27.088346045827503,24.276550792969466,False,False,0.16001628316890398,0.12063201398317225,0.0,0.0,0.188929854834141,0.20775913889707218,-0.06234249080772688,-0.03795745222157474
109,15.0,9.734531271948134,9.310686062147264,0.7456654594024681,0.557134231483486,26.770712003795737,24.09378026268349,False,False,0.1513860630349817,0.11645659495524704,0.0,0.0,0.18881641810950409,0.20766973140826028,-0.06253835082587232,-0.03804287808011765
109,15.5,9.661079472655747,9.076242238991767,0.7953867685139204,0.5534945958062324,26.293208142907805,22.61541141568803,False,False,0.14354317576497566,0.10213041268599293,0.0,0.0,0.18870047376279098,0.2075769034630408,-0.06273929862446975,-0.03813181456539902
109,16.0,9.136819097348013,8.484018152237656,0.7888315773932724,0.5459709452249992,25.950561219304277,21.878288929933007,False,False,0.13154400522257154,0.09232471114947302,0.0,0.0,0.18857823092030093,0.20748457644960136,-0.06295199631534595,-0.03822051695068024
109,16.5,3.2003605855510036,2.955212750901395,0.27500780176738143,0.17515825218284706,12.944106671359599,10.426414854954034,False,False,0.045817487434692036,0.029204469741462923,0.0,0.0,0.1884568609353432,0.20739324522144575,-0.06316402578198635,-0.038308504633680504
109,17.0,7.048653267028643,6.860713872754049,0.61619815517983,0.5338415280628998,25.74952754355784,23.09569611132595,False,False,0.09966705757435523,0.0862859108891797,0.0,0.0,0.18840100633997028,0.20734920461681522,-0.06326188780004438,-0.03835101919328661
109,17.5,2.8546706309607885,2.957552926907147,0.2504200942477958,0.4205807257711121,12.848240990518581,14.966640204493757,False,False,0.040175253333662356,0.06727994935360747,0.0,0.0,0.18830171018360575,0.20725949283453413,-0.06343630956774546,-0.03843779640544739
109.0,18.0,0.0,0.0,0.0,0.0,0.0,0.0,0.0,0.0,0.0,0.0,0.0,0.0,0.18824906330512448,0.20718425092745218,-0.0635290205068368,-0.03851075750493561
109.0,18.5,0.0,0.0,0.0,0.0,0.0,0.0,0.0,0.0,0.0,0.0,0.0,0.0,0.18822836520116576,0.20716264143389398,-0.06356551398940706,-0.03853174244270011
109.0,19.0,0.0,0.0,0.0,0.0,0.0,0.0,0.0,0.0,0.0,0.0,0.0,0.0,0.18820770402546522,0.2071410684839749,-0.0636019672756173,-0.038552705484260305
109.0,19.5,0.0,0.0,0.0,0.0,0.0,0.0,0.0,0.0,0.0,0.0,0.0,0.0,0.1881870796627788,0.20711953198208222,-0.06363838045523089,-0.03857364666379783
109.0,20.0,0.0,0.0,0.0,0.0,0.0,0.0,0.0,0.0,0.0,0.0,0.0,0.0,0.18816649199831081,0.20709803183276684,-0.06367475361781866,-0.03859456601559741
109.0,20.5,0.0,0.0,0.0,0.0,0.0,0.0,0.0,0.0,0.0,0.0,0.0,0.0,0.1881459409177123,0.207076567940746,-0.06371108685275766,-0.038615463574043475
109.0,21.0,0.0,0.0,0.0,0.0,0.0,0.0,0.0,0.0,0.0,0.0,0.0,0.0,0.18812542630707965,0.20705514021090538,-0.06374738024923084,-0.03863633937361721
109.0,21.5,0.0,0.0,0.0,0.0,0.0,0.0,0.0,0.0,0.0,0.0,0.0,0.0,0.1881049480529533,0.20703374854830145,-0.06378363389622542,-0.03865719344889375
109.0,22.0,0.0,0.0,0.0,0.0,0.0,0.0,0.0,0.0,0.0,0.0,0.0,0.0,0.18808450604231594,0.2070123928581638,-0.06381984788253303,-0.03867802583453875
109.0,22.5,0.0,0.0,0.0,0.0,0.0,0.0,0.0,0.0,0.0,0.0,0.0,0.0,0.18806410016259126,0.2069910730458971,-0.06385602229674849,-0.038698836565305955
109.0,23.0,0.0,0.0,0.0,0.0,0.0,0.0,0.0,0.0,0.0,0.0,0.0,0.0,0.1880437303016424,0.2069697890170833,-0.06389215722726904,-0.03871962567603403
109.0,23.5,0.0,0.0,0.0,0.0,0.0,0.0,0.0,0.0,0.0,0.0,0.0,0.0,0.1880233963477705,0.20694854067748372,-0.0639282527622939,-0.03874039320164378
109.0,24.0,0.0,0.0,0.0,0.0,0.0,0.0,0.0,0.0,0.0,0.0,0.0,0.0,0.18800309818971309,0.20692732793304106,-0.06396430898982335,-0.038761139177135466
110.0,0.5,0.0,0.0,0.0,0.0,0.0,0.0,0.0,0.0,0.0,0.0,0.0,0.0,0.1879828357166428,0.2069061506898812,-0.06400032599765827,-0.03878186363758594
110.0,1.0,0.0,0.0,0.0,0.0,0.0,0.0,0.0,0.0,0.0,0.0,0.0,0.0,0.18796260881816554,0.2068850088543152,-0.06403630387339955,-0.038802566618146184
110.0,1.5,0.0,0.0,0.0,0.0,0.0,0.0,0.0,0.0,0.0,0.0,0.0,0.0,0.18794241738431944,0.20686390233284124,-0.0640722427044471,-0.03882324815403822
110.0,2.0,0.0,0.0,0.0,0.0,0.0,0.0,0.0,0.0,0.0,0.0,0.0,0.0,0.18792226130557282,0.20684283103214612,-0.064108142578,-0.038843908280553084
110.0,2.5,0.0,0.0,0.0,0.0,0.0,0.0,0.0,0.0,0.0,0.0,0.0,0.0,0.18790214047282314,0.20682179485910732,-0.06414400358105518,-0.03886454703304784
110.0,3.0,0.0,0.0,0.0,0.0,0.0,0.0,0.0,0.0,0.0,0.0,0.0,0.0,0.18788205477739506,0.2068007937207945,-0.06417982580040761,-0.03888516444694312
110.0,3.5,0.0,0.0,0.0,0.0,0.0,0.0,0.0,0.0,0.0,0.0,0.0,0.0,0.18786200411103937,0.20677982752447108,-0.06421560932264907,-0.03890576055772096
110.0,4.0,0.0,0.0,0.0,0.0,0.0,0.0,0.0,0.0,0.0,0.0,0.0,0.0,0.18784198836593108,0.2067588961775962,-0.06425135423416832,-0.03892633540092179
110.0,4.5,0.0,0.0,0.0,0.0,0.0,0.0,0.0,0.0,0.0,0.0,0.0,0.0,0.18782200743466804,0.20673799958782582,-0.06428706062115026,-0.038946889012142674
110.0,5.0,0.0,0.0,0.0,0.0,0.0,0.0,0.0,0.0,0.0,0.0,0.0,0.0,0.18780206121026946,0.20671713766301453,-0.06432272856957572,-0.038967421427034445
110.0,5.5,0.0,0.0,0.0,0.0,0.0,0.0,0.0,0.0,0.0,0.0,0.0,0.0,0.18778214958617434,0.20669631031121685,-0.06435835816522069,-0.0389879326812997
110.0,6.0,0.0,0.0,0.0,0.0,0.0,0.0,0.0,0.0,0.0,0.0,0.0,0.0,0.1877622724562398,0.20667551744068885,-0.06439394949365655,-0.03900842281069031
110,6.5,4.284736134087337,4.412332566424216,0.168851220627776,0.4707599762599433,30.066973152991228,34.26422884281518,False,False,0.09831447159895043,0.2800423927538433,0.0,0.0,0.18774242971473984,0.20665475895988922,-0.06442950264024896,-0.03902889185100539
110,7.0,5.354854966172431,5.522290039888403,0.23331936445429677,0.4788148483967811,29.623523815539183,33.185660871436966,True,True,0.11548219254815513,0.24343780629526024,0.0,0.0,0.18770110407470364,0.20657404452162317,-0.0645036227835162,-0.03910860258440818
110,7.5,6.6340063144785315,6.803007790934801,0.3261899800461019,0.4891150420483269,29.04792780887889,31.629061459562653,True,True,0.13271249724869943,0.20494816942628696,0.0,0.0,0.18765159725764305,0.20649233783581025,-0.06459255018197708,-0.039189490865852515
110,8.0,7.501177674988542,7.625839365152868,0.3936792235236571,0.47609309469758204,28.752440775842523,30.260661092145664,True,True,0.14468391955525609,0.18130147987908124,0.0,0.0,0.18759028975293363,0.20640935268408628,-0.06470287728636089,-0.039271848928853215
110,8.5,8.170835221209513,8.248968161548223,0.471402453089305,0.5080785635638208,28.24870379482701,29.03998478928739,True,True,0.1485286811759498,0.1659481418762589,0.0,0.0,0.1875204158754916,0.2063280609814412,-0.06482889406790297,-0.039352726364485134
110,9.0,9.073614627147307,9.013914920008148,0.5769164388054041,0.519601930850822,27.734914002589175,27.148852188395832,True,True,0.15579270999934203,0.14610982561313435,0.0,0.0,0.187440671376281,0.2062427272172877,-0.06497306989550414,-0.03943783885679091
110,9.5,9.745745355263194,9.527664359017738,0.6621404663885258,0.5318898527989357,27.345629754880907,25.6725314641778,True,True,0.16058588385065936,0.13405620947121766,0.0,0.0,0.18734751469853111,0.2061559588445023,-0.06514197867294677,-0.039524607225241884
110,10.0,10.521241284781135,9.927079583949997,0.830714416583632,0.5622466594641626,26.462733410308907,23.043850874077556,False,True,0.15962480095216602,0.11287733091377039,0.0,0.0,0.18724353134530733,0.2060676583443372,-0.06533113635808706,-0.03961314133732533
110,10.5,10.813840233156604,9.957455227866372,0.9100352610053669,0.5717048379421822,26.02272261178452,21.568825311356104,True,True,0.15746403682306975,0.10247340674526306,0.0,0.0,0.18711809970121562,0.2059755230593779,-0.06556018252434115,-0.0397057723998575
110,11.0,10.825750771507542,9.791618881668967,0.9656351486023794,0.5768536531722548,25.67352092055448,20.60783710638656,True,True,0.1527985629603564,0.0947436984261324,0.0,0.0,0.18698259343624463,0.2058822160713291,-0.06580870158301604,-0.039799844617657516
110,11.5,10.603113203107448,9.195712297599195,1.0663309143461528,0.5864604298194346,24.949931066148743,18.984151578448074,False,True,0.14067598545934915,0.08059832086969167,0.0,0.0,0.18684003527639576,0.20578828644597283,-0.06607136641492384,-0.03989481292064069
110,12.0,10.687476380203698,8.79736914314313,1.1765713708673053,0.5905247967901123,24.3404172229708,17.213473519526374,False,True,0.13494629526366533,0.07018224211303432,0.0,0.0,0.18668467842698705,0.20569316600481666,-0.06635903665304244,-0.039991260490572354
110,12.5,10.768400151773939,8.710313869389548,1.2162646030705035,0.5948486975183868,24.14360841646367,16.69924258556988,False,True,0.13383515960513417,0.06764191671005157,0.0,0.0,0.1865153064806285,0.20559756094486997,-0.06667436033162112,-0.040088479509773935
110,13.0,10.78442854587389,8.298011022727726,1.3199375655667938,0.6071627920150281,23.595905575857667,15.48075491533399,False,True,0.128548769406865,0.0609026423062384,0.0,0.0,0.18634090936629705,0.20550143810565802,-0.06700090677778346,-0.04018650906712351
110,13.5,10.798399530588277,8.035941196830969,1.3739473684904049,0.6048634003691031,23.312745611081375,14.705754193607849,False,True,0.12603183333707949,0.057029628810085706,0.0,0.0,0.18615333386859123,0.20540377918748998,-0.06735425814023684,-0.0402863978115549
110,14.0,10.714002663479812,7.770917413355081,1.4163506338356653,0.6090820034154716,23.018146133414454,14.117165394691185,False,True,0.12236441971100016,0.053849679726219866,0.0,0.0,0.18595890860270023,0.20530644634093867,-0.06772285897460434,-0.04038624752429538
110,14.5,10.519021607606879,7.662035644692468,1.385697133329763,0.6066037431564637,22.99151678975892,14.26515954860449,False,True,0.119891591533233,0.053550323457257604,0.0,0.0,0.18575911252279528,0.20520860887340847,-0.06810414879185368,-0.04048691220845809
110,15.0,10.173710861495403,7.4444699765355615,1.3465168795592037,0.6013274692212114,22.903888157603234,14.303529384307007,False,True,0.11520263419732688,0.05224616707823328,0.0,0.0,0.1855632553572991,0.20511112009881668,-0.06848040676832556,-0.04058751562183915
110,15.5,10.227361959959303,7.422368488770551,1.3716562619101342,0.6051284354149677,22.786223460315806,13.930182474068303,False,True,0.11485390067365964,0.05144397350921967,0.0,0.0,0.18537242359566453,0.20501433649012943,-0.06884939512635598,-0.04068768610184039
110,16.0,9.488006016153204,7.149208292640999,1.2460722639763697,0.5968873211918624,22.858756278044414,14.56066023354676,False,False,0.10673419934238412,0.05142019617293686,0.0,0.0,0.18517842070929844,0.2049171012239412,-0.06922694596377678,-0.04078862080948015
110,16.5,8.535210088326846,6.651652691906885,1.1301326330623978,0.5969808027278488,22.770456506187664,15.297043173028133,False,False,0.0954200190562483,0.05065095621269659,0.0,0.0,0.18500045370093365,0.20482094877104068,-0.06957546043189752,-0.04088872501077433
110,17.0,7.22795504813601,6.133358230174849,0.9341676800858547,0.5928084833804595,22.850259037553833,16.5230221279863,False,False,0.08126119440630636,0.05145026328945135,0.0,0.0,0.18483729346467836,0.20472481694589,-0.06989681691709175,-0.04098910049760528
110,17.5,5.54118065948497,4.900735204101026,0.7117915271944454,0.5619088754502731,22.861564109153257,18.07648057290644,False,False,0.062347233147794306,0.049099618001008115,0.0,0.0,0.1846991377534272,0.20462924926692086,-0.07017030858088717,-0.041089178076023115
110,18.0,2.503373069885737,2.652090301344696,0.30536568222414046,0.4774546840533527,11.57122497731767,13.785780151339193,False,False,0.0287379219860612,0.044711686825124254,0.0,0.0,0.18458935212343994,0.20453765158284923,-0.0703885486217661,-0.041185371669416625
110,18.5,1.9067226857702528,2.069278996413629,0.22122505858830901,0.4861080415370549,11.720035729923932,15.119341339341565,False,False,0.022368989585784198,0.04886797560244491,0.0,0.0,0.18453139044377634,0.20445684841964878,-0.07050409532612854,-0.041270451948617545
110.0,19.0,0.0,0.0,0.0,0.0,0.0,0.0,0.0,0.0,0.0,0.0,0.0,0.0,0.184484182914622,0.20437497473928767,-0.0705983706304303,-0.041356873087727675
110.0,19.5,0.0,0.0,0.0,0.0,0.0,0.0,0.0,0.0,0.0,0.0,0.0,0.0,0.18446519849217635,0.20435507928252172,-0.07063632561500234,-0.041377906138548255
110.0,20.0,0.0,0.0,0.0,0.0,0.0,0.0,0.0,0.0,0.0,0.0,0.0,0.0,0.18444624575558619,0.20433521586372907,-0.07067424150497313,-0.04139891803498917
110.0,20.5,0.0,0.0,0.0,0.0,0.0,0.0,0.0,0.0,0.0,0.0,0.0,0.0,0.1844273246101772,0.20431538440006725,-0.0707121183863267,-0.04141990881218663
110.0,21.0,0.0,0.0,0.0,0.0,0.0,0.0,0.0,0.0,0.0,0.0,0.0,0.0,0.18440843496164702,0.20429558480888055,-0.07074995634482352,-0.0414408785053107
110.0,21.5,0.0,0.0,0.0,0.0,0.0,0.0,0.0,0.0,0.0,0.0,0.0,0.0,0.18438957671606376,0.20427581700770098,-0.07078775546600055,-0.04146182714956343
110.0,22.0,0.0,0.0,0.0,0.0,0.0,0.0,0.0,0.0,0.0,0.0,0.0,0.0,0.18437074977986434,0.2042560809142492,-0.07082551583517156,-0.04148275478017709
110.0,22.5,0.0,0.0,0.0,0.0,0.0,0.0,0.0,0.0,0.0,0.0,0.0,0.0,0.1843519540598533,0.20423637644643547,-0.07086323753742649,-0.0415036614324123
110.0,23.0,0.0,0.0,0.0,0.0,0.0,0.0,0.0,0.0,0.0,0.0,0.0,0.0,0.18433318946320082,0.20421670352236043,-0.07090092065763269,-0.04152454714155631
110.0,23.5,0.0,0.0,0.0,0.0,0.0,0.0,0.0,0.0,0.0,0.0,0.0,0.0,0.18431445589744172,0.20419706206031596,-0.07093856528043375,-0.041545411942921336
110.0,24.0,0.0,0.0,0.0,0.0,0.0,0.0,0.0,0.0,0.0,0.0,0.0,0.0,0.18429575327047357,0.20417745197878603,-0.07097617149025062,-0.04156625587184267
111.0,0.5,0.0,0.0,0.0,0.0,0.0,0.0,0.0,0.0,0.0,0.0,0.0,0.0,0.18427708149055536,0.2041578731964474,-0.07101373937128139,-0.04158707896367717
111.0,1.0,0.0,0.0,0.0,0.0,0.0,0.0,0.0,0.0,0.0,0.0,0.0,0.0,0.18425844046630604,0.20413832563217055,-0.071051269007501,-0.04160788125380152
111.0,1.5,0.0,0.0,0.0,0.0,0.0,0.0,0.0,0.0,0.0,0.0,0.0,0.0,0.18423983010670297,0.20411880920502015,-0.07108876048266205,-0.04162866277761058
111.0,2.0,0.0,0.0,0.0,0.0,0.0,0.0,0.0,0.0,0.0,0.0,0.0,0.0,0.1842212503210803,0.2040993238342559,-0.07112621388029475,-0.041649423570515966
111.0,2.5,0.0,0.0,0.0,0.0,0.0,0.0,0.0,0.0,0.0,0.0,0.0,0.0,0.18420270101912778,0.20407986943933334,-0.07116362928370676,-0.04167016366794413
111.0,3.0,0.0,0.0,0.0,0.0,0.0,0.0,0.0,0.0,0.0,0.0,0.0,0.0,0.184184182110889,0.2040604459399041,-0.07120100677598386,-0.041690883105335294
111.0,3.5,0.0,0.0,0.0,0.0,0.0,0.0,0.0,0.0,0.0,0.0,0.0,0.0,0.18416569350676007,0.20404105325581703,-0.07123834643998957,-0.0417115819181414
111.0,4.0,0.0,0.0,0.0,0.0,0.0,0.0,0.0,0.0,0.0,0.0,0.0,0.0,0.1841472351174881,0.2040216913071183,-0.07127564835836597,-0.04173226014182515
111.0,4.5,0.0,0.0,0.0,0.0,0.0,0.0,0.0,0.0,0.0,0.0,0.0,0.0,0.18412880685416966,0.2040023600140524,-0.07131291261353344,-0.04175291781185802
111.0,5.0,0.0,0.0,0.0,0.0,0.0,0.0,0.0,0.0,0.0,0.0,0.0,0.0,0.1841104086282494,0.2039830592970624,-0.07135013928769109,-0.04177355496371912
111.0,5.5,0.0,0.0,0.0,0.0,0.0,0.0,0.0,0.0,0.0,0.0,0.0,0.0,0.18409204035151858,0.20396378907679058,-0.07138732846281691,-0.04179417163289379
111,6.0,1.7369748030567815,1.7699110842671368,0.06927234525452816,0.10860245858868657,14.786956160537846,16.083091865215813,False,False,0.0372091452219825,0.058724735231996616,0.0,0.0,0.18407370193611355,0.20394454927407896,-0.07142448022066789,-0.04181476785487206
111,6.5,6.686691936528334,6.797480296150601,0.30420253176229317,0.46679275417335947,28.8857165939789,31.33508847395038,False,False,0.13109236444956812,0.2028859609978111,0.0,0.0,0.18404656572648556,0.20391150029597946,-0.07147949768620218,-0.04185017504370517
111,7.0,8.94821436750254,8.944992050581419,0.4744446590141534,0.48649178571358287,28.0908308421141,28.033431990739075,False,False,0.1597774299349981,0.16578685950168462,0.0,0.0,0.18398952139503114,0.20383283639002553,-0.07159531727474003,-0.041934595819768
111,7.5,10.129002934011115,9.88252343727759,0.6504968250646932,0.5399587007802918,27.039534202528966,25.184964414433786,False,False,0.1617719815461562,0.13619892114048895,0.0,0.0,0.18391081223460018,0.20375169236288482,-0.07175549122894945,-0.04202189090620515
111,8.0,10.907814428174511,10.187278161946686,0.8380182312467785,0.5728800474072622,25.989241128794305,22.079134843772792,False,False,0.157592935598429,0.10943693186453465,0.0,0.0,0.1838096977692575,0.20366376500078054,-0.07196188722181165,-0.04211672807284276
111,8.5,11.444295681912092,10.030266670478666,0.9940275473802723,0.5751679081869047,25.272705102973163,19.530169370558255,False,False,0.15524137485935358,0.09174999855484306,0.0,0.0,0.18368471635560701,0.20357167240477717,-0.07221797903496588,-0.04221633135280225
111,9.0,11.74441194414948,9.79489885753408,1.126872494152732,0.5938889608511744,24.617439767055618,17.93558869950872,False,True,0.1517608352067039,0.08192532074930087,0.0,0.0,0.18353988358128967,0.2034793182076539,-0.07251610660466955,-0.04231649955168393
111,9.5,11.843358445422911,9.09130044086469,1.31438238351036,0.6147029947600521,23.713592418218226,15.906898883176625,False,True,0.14262186376156888,0.06854537244215858,0.0,0.0,0.18337815126096818,0.20338460820454946,-0.07285075539629528,-0.0424195171283763
111,10.0,11.804411374915993,8.121718727068615,1.5059558056368159,0.6213800970621789,22.792622708851184,14.030415533946993,False,True,0.13286328519678633,0.05612134261101709,0.0,0.0,0.18319255320349495,0.2032872756038959,-0.07323705610644175,-0.04252569883791315
111,10.5,11.807849335415085,7.562273430466163,1.6238461102036106,0.6215055791155063,22.279252869845113,13.067918520488874,False,True,0.12831249779824302,0.05025242733077942,0.0,0.0,0.18298257149674188,0.20318912183743798,-0.0736770551280713,-0.042633097223731785
111,11.0,11.783359233310051,7.190838945125982,1.7070064447305606,0.6256249043503955,21.899283749330127,12.516348204439863,False,True,0.12479246836456281,0.04667190906359056,0.0,0.0,0.18275759570125547,0.20309098171983567,-0.07415197270661576,-0.04274080393141247
111,11.5,11.337518496058756,6.666981654094723,1.7561609540249847,0.6260502717165157,21.469503262128256,12.183019323069354,False,True,0.11675882887307484,0.04268857282991753,0.0,0.0,0.18252205146975456,0.202992346228233,-0.07465311380365722,-0.04284938112722988
111,12.0,11.110541076692295,6.422172761648599,1.7689482831122714,0.6260141252842865,21.251076380585772,12.040396465922822,False,True,0.11276223389130738,0.04084897224791932,0.0,0.0,0.18228027217549528,0.20289368601796717,-0.0751717233170036,-0.04295831445498183
111,12.5,10.923191100223075,6.236531533097953,1.7856723382050437,0.6303663788226819,21.04012457299725,11.92962585754791,False,True,0.10938723228060707,0.03949724197278601,0.0,0.0,0.18203689210610616,0.20279505982529392,-0.07569810759572697,-0.04306754017222013
111,13.0,10.49699688448143,5.774547985934454,1.8290946079050494,0.6319925790878219,20.591404213453615,11.63282410849034,False,True,0.10225004041926164,0.03611265126734799,0.0,0.0,0.18179140951043898,0.20269590834871304,-0.07623349412339953,-0.04317768133108366
111,13.5,10.278194539437717,5.571968520237988,1.818519163315395,0.6232674649506342,20.444724186028008,11.485274295774591,False,True,0.09921983510540264,0.034702396918227796,0.0,0.0,0.181540422077737,0.20259657890160085,-0.0767855576374493,-0.043288356864250636
111,14.0,9.806153940206359,5.28364546362153,1.8151997362808503,0.6253137649769607,20.152875143391093,11.48605717612618,False,True,0.09298832242695226,0.03281362172888914,0.0,0.0,0.18129081080469756,0.20249839050588042,-0.07733932494809226,-0.04339809337227348
111,14.5,9.540873922336631,5.225036401268643,1.7782716197043693,0.63404631869233,20.056986212092195,11.631877790422687,False,True,0.08995950894115126,0.032801470151701935,0.0,0.0,0.1810416509545663,0.20239997045556715,-0.07789684277232888,-0.0435084215639514
111,15.0,9.656597253298305,5.286721310181241,1.773371295547969,0.628994224478255,20.100988679971366,11.451341504662953,False,True,0.0912162481749775,0.03300059533478651,0.0,0.0,0.18079722529443018,0.2023004666283242,-0.07844842644973754,-0.043620304556175396
111,15.5,9.490579511931793,5.207166981173758,1.7611428560594178,0.6302802774669706,19.97327338079329,11.304197162793864,False,True,0.08894387657950553,0.03234527557116282,0.0,0.0,0.18055345235185863,0.20220163556612383,-0.07900317836818961,-0.04373177057906463
111,16.0,9.49782695833959,5.3901752230528075,1.7018400269074234,0.6318691233730875,20.138872795887483,11.489846141913073,False,True,0.08984430926830728,0.03380121855297383,0.0,0.0,0.18031126588775398,0.20210266950732791,-0.07955895468442774,-0.043843729094688935
111,16.5,9.41137048740473,5.227995675249773,1.7321196781497088,0.6301549308406812,19.909313545491806,11.119103598122784,False,True,0.08779734072252506,0.03224523524350139,0.0,0.0,0.18007666464185124,0.20200352979257236,-0.08010177162275865,-0.04395622664002648
111,17.0,8.615447207228772,5.528538651328878,1.430873806302964,0.6161734013281512,20.501610411350413,12.013012606542055,False,False,0.083071589103754,0.03588520766119564,0.0,0.0,0.17983823278836356,0.20190463726388644,-0.08065797924104852,-0.044068786499967004
111,17.5,6.196377238390658,5.132485890053741,0.8552946123531904,0.586838011050025,21.60729329122377,16.044541913141494,False,False,0.06403819732127142,0.043900999018317496,0.0,0.0,0.17963821746839564,0.20180755510909934,-0.08112812191663685,-0.044179619992796466
111,18.0,4.71678914208233,4.403371495329108,0.5728362953675187,0.548655653370408,22.377821300840765,18.66986598069259,False,False,0.05131574125283091,0.049017684350255934,0.0,0.0,0.17951157766178805,0.2017142398406181,-0.08142748132579435,-0.044286466209826944
111,18.5,2.213920196812259,2.432095798622131,0.24502690097812432,0.49079466721724946,11.45622636255253,14.597892022627114,False,False,0.025000161452297404,0.049768010861844306,0.0,0.0,0.17942096007851907,0.20162581877953864,-0.08164249706100385,-0.04438799274284977
111.0,19.0,0.0,0.0,0.0,0.0,0.0,0.0,0.0,0.0,0.0,0.0,0.0,0.0,0.17937214385339575,0.20154479955595778,-0.08175860765587556,-0.04448126391237645
111.0,19.5,0.0,0.0,0.0,0.0,0.0,0.0,0.0,0.0,0.0,0.0,0.0,0.0,0.17935457970347485,0.20152635204336755,-0.08180043254275275,-0.04450253373431278
111.0,20.0,0.0,0.0,0.0,0.0,0.0,0.0,0.0,0.0,0.0,0.0,0.0,0.0,0.17933704308906165,0.20150793283748955,-0.08184221729578663,-0.04452378301016864
111.0,20.5,0.0,0.0,0.0,0.0,0.0,0.0,0.0,0.0,0.0,0.0,0.0,0.0,0.19266071451715397,0.21482980612757635,-0.056289811753837626,-0.031870431120903854
111.0,21.0,0.0,0.0,0.0,0.0,0.0,0.0,0.0,0.0,0.0,0.0,0.0,0.0,0.20594406832449227,0.2281096496702279,-0.039737455470590724,-0.023299180561149446
111.0,21.5,0.0,0.0,0.0,0.0,0.0,0.0,0.0,0.0,0.0,0.0,0.0,0.0,0.2058667035755855,0.22802882656305418,-0.03981551006719954,-0.02334234322821868
111.0,22.0,0.0,0.0,0.0,0.0,0.0,0.0,0.0,0.0,0.0,0.0,0.0,0.0,0.20579013205264748,0.22794884679058994,-0.03989294430645351,-0.023385149339121575
111.0,22.5,0.0,0.0,0.0,0.0,0.0,0.0,0.0,0.0,0.0,0.0,0.0,0.0,0.20571433532461378,0.22786969021014164,-0.0399697718022889,-0.02342760699045416
111.0,23.0,0.0,0.0,0.0,0.0,0.0,0.0,0.0,0.0,0.0,0.0,0.0,0.0,0.2056392956128338,0.22779133741236351,-0.040046005704632084,-0.023469723993876847
111.0,23.5,0.0,0.0,0.0,0.0,0.0,0.0,0.0,0.0,0.0,0.0,0.0,0.0,0.20556499576058437,0.22771376968601625,-0.04012165872040013,-0.023511507889418373
111.0,24.0,0.0,0.0,0.0,0.0,0.0,0.0,0.0,0.0,0.0,0.0,0.0,0.0,0.20549141920434047,0.2276369689848133,-0.0401967431333228,-0.023552965958011155
112.0,0.5,0.0,0.0,0.0,0.0,0.0,0.0,0.0,0.0,0.0,0.0,0.0,0.0,0.2054185499466836,0.22756091789621047,-0.040271270822665635,-0.023594105233309116
112.0,1.0,0.0,0.0,0.0,0.0,0.0,0.0,0.0,0.0,0.0,0.0,0.0,0.0,0.20534637253073704,0.2274855996120016,-0.0403452532809256,-0.02363493251283873
112.0,1.5,0.0,0.0,0.0,0.0,0.0,0.0,0.0,0.0,0.0,0.0,0.0,0.0,0.2052748720160254,0.2274109979005983,-0.04041870163056752,-0.023675454368526624
112.0,2.0,0.0,0.0,0.0,0.0,0.0,0.0,0.0,0.0,0.0,0.0,0.0,0.0,0.20520403395566572,0.22733709708087863,-0.04049162663986194,-0.02371567715664555
112.0,2.5,0.0,0.0,0.0,0.0,0.0,0.0,0.0,0.0,0.0,0.0,0.0,0.0,0.20513384437480156,0.22726388199749945,-0.040564038737882786,-0.023755607027217497
112.0,3.0,0.0,0.0,0.0,0.0,0.0,0.0,0.0,0.0,0.0,0.0,0.0,0.0,0.20506428975020086,0.22719133799757577,-0.04063594802871731,-0.023795249932908134
112.0,3.5,0.0,0.0,0.0,0.0,0.0,0.0,0.0,0.0,0.0,0.0,0.0,0.0,0.20499535699094285,0.22711945090863722,-0.040707364304937814,-0.023834611637446323
112.0,4.0,0.0,0.0,0.0,0.0,0.0,0.0,0.0,0.0,0.0,0.0,0.0,0.0,0.20492703342012475,0.2270482070177784,-0.040778297060380574,-0.023873697723598118
112.0,4.5,0.0,0.0,0.0,0.0,0.0,0.0,0.0,0.0,0.0,0.0,0.0,0.0,0.20752121809175525,0.22963909709362385,-0.038185284415024494,-0.022500046034837917
112.0,5.0,0.0,0.0,0.0,0.0,0.0,0.0,0.0,0.0,0.0,0.0,0.0,0.0,0.2074438906658145,0.22955851968715807,-0.038259683495644764,-0.02254132435012248
112.0,5.5,0.0,0.0,0.0,0.0,0.0,0.0,0.0,0.0,0.0,0.0,0.0,0.0,0.20736733898245804,0.22947876112211157,-0.038333506394334645,-0.022582272076387775
112.0,6.0,0.0,0.0,0.0,0.0,0.0,0.0,0.0,0.0,0.0,0.0,0.0,0.0,0.20729154534936034,0.22939980226117773,-0.038406765528771966,-0.022622896565456303
112.0,6.5,0.0,0.0,0.0,0.0,0.0,0.0,0.0,0.0,0.0,0.0,0.0,0.0,0.20721649269115477,0.22932162465126962,-0.0384794728991216,-0.022663204914764066
112.0,7.0,0.0,0.0,0.0,0.0,0.0,0.0,0.0,0.0,0.0,0.0,0.0,0.0,0.22308000185249557,0.24517849255421514,-0.026176546496900852,-0.015983330970197513
112,7.5,2.8172167972254076,2.846099723461356,0.10702588697420982,0.19492108535988892,16.175179411151497,17.179707662668044,False,False,0.09638669482331197,0.17750725835416015,0.023854544104189006,0.02385448307012181,0.22820765199395807,0.2502979500807293,-0.023246971021015472,-0.014348079606021606
112,8.0,4.395257274410619,4.431661871895813,0.15942524775778721,0.2167212522764353,16.344764396158993,16.94409533016023,False,False,0.16220932374293442,0.23581463265378122,0.1250575536170504,0.12468764998477525,0.22798058261899368,0.250051862788856,-0.023368152768198532,-0.0144219809143112
112,8.5,5.148637660082435,5.173991950585551,0.20342062184602494,0.22615591933816256,16.222341839661013,16.52862883514073,False,False,0.17980015035651037,0.21691241125263142,0.17197644569680393,0.1711304172528695,0.2277400805159025,0.24979662682481893,-0.023497324943370836,-0.014499109253256127
112,9.0,10.198902240798494,10.219223893628577,0.4636427772085238,0.48403958230908584,31.82551583622679,32.13461154437555,False,False,0.31354698384086943,0.34446746393342603,0.2767464865161038,0.275158871020477,0.2274937455201885,0.24954032741482673,-0.023630512857435747,-0.014577053994768715
112,9.5,11.671063025694258,11.465514927907828,0.7344152173629767,0.550547388044336,30.543978192645582,28.91391372202156,False,False,0.28758199091748926,0.22963448089734628,0.5233677202723347,0.5199392862534425,0.22720629865851308,0.24924358437062918,-0.023787067977036055,-0.014667922811303366
112,10.0,11.838877476904688,10.802731252378347,1.0776785384828351,0.5561489247070709,28.722889149794614,23.28756402136461,False,False,0.22929304650420498,0.12588914635879553,0.9413632284164041,0.9414146126213301,0.22685799838586654,0.24891250284578212,-0.023978425400887578,-0.014770104565955431
112,10.5,12.253006532613036,10.23031957668196,1.3662655004124022,0.5906455743384873,27.48142790414017,19.27386440447763,False,True,0.20611570598339074,0.09211091037371422,0.8522545788196191,0.8700198550524804,0.22641747581663452,0.2485320126886021,-0.02422308362025898,-0.014888584644502356
112,11.0,12.39257191299977,9.77018717511702,1.5411609935888706,0.6117170820985375,26.826781354025762,17.42607567207177,False,True,0.19510062951521356,0.07960242530635844,0.7799032960455113,0.823582337199418,0.22595605267095586,0.2481609521280867,-0.024482545895258823,-0.015005220664752454
112,11.5,12.190708410392011,9.247328457511053,1.625903816967746,0.6121725726821169,26.433250496798223,16.43513509769572,False,True,0.18464794067536516,0.07153379127631473,0.8019007749147999,0.8864522680308338,0.22548583617032208,0.24779758858067927,-0.024750366655750738,-0.015120493804725302
112,12.0,11.894207097980082,8.838659860439467,1.6653432916247901,0.6192058694785118,26.164382196967836,16.140631170670574,False,True,0.17568265205112105,0.06739889878879333,0.7626286368190672,0.8929196188190955,0.22500606602329196,0.24743037853064817,-0.025027234620911904,-0.015238060746348456
112,12.5,11.729977306683299,8.358273247884782,1.7561096305363215,0.6239573722210151,25.76344591026831,15.290034560157855,False,True,0.16711238857151528,0.06125727378832775,0.6747063203513103,0.8471896889403665,0.22453011526394845,0.24706544934206923,-0.02530555237599882,-0.015355978049317197
112,13.0,12.047205019539547,8.243671823923076,1.8551396147191939,0.6248823532961215,25.548127720727656,14.40238424983659,False,True,0.16841658080822097,0.05809549624160708,0.5069580881821516,0.6970008575191355,0.2240574508453823,0.24670953884280147,-0.025585605624703935,-0.015472029887706846
112,13.5,11.994669766282389,8.407165224215497,1.7836887780543993,0.618042777687271,25.7480850612259,14.810902051107306,False,True,0.17058219573248828,0.06039712343351178,0.3881524123912618,0.6022392407577585,0.2235970145202822,0.24637625714298775,-0.02586197148087816,-0.015581651746028831
112,14.0,11.37437056183224,8.01276326814738,1.744922898790513,0.6247091602814591,25.58356027930973,15.143044446389315,False,True,0.1594276087299586,0.058547601176340724,0.3219434005755897,0.5788052765055087,0.22316412955219267,0.24605935549796276,-0.026125049947095892,-0.015686745258785207
112,14.5,11.452880136175285,7.980993275503794,1.7683807795423996,0.6174094806170025,25.537273620462067,14.665877050422704,False,True,0.1597598744661501,0.05709541233061044,0.24715934666658915,0.5375891419960096,0.22274777527392578,0.24574786105003835,-0.02638109572180197,-0.015790869663513136
112,15.0,11.166682802838894,7.825158073767864,1.7444026347621924,0.621898705463465,25.44342155174131,14.630505407966105,False,True,0.15443537962435983,0.056067201730279806,0.1502768508928353,0.4313341359054247,0.22234097270626704,0.2454456687774056,-0.02663416042950796,-0.015892672489190112
112,15.5,10.932199827188459,7.72237069249305,1.7095867593413878,0.6188450118270423,25.415592254851372,14.555606083103573,False,True,0.1507955142568909,0.05539639321542121,0.07756391903771569,0.3463085990117255,0.22195245010348227,0.24515942411061534,-0.026878558255500014,-0.01598982481781462
112,16.0,10.935558043563518,7.7708050443721834,1.710105114913853,0.61860956259903,25.39775058876163,14.261989758283384,False,True,0.15049576402596412,0.055047610928544925,0.025230743056168167,0.29645494173530323,0.22158038463741478,0.2448872520588031,-0.02711511241478723,-0.016082857816410525
112,16.5,10.563465763778767,7.707203045650781,1.6355582514277545,0.6205897113177341,25.454283921494337,14.446662994509117,False,False,0.1455465150189275,0.055598662712050065,0.0,0.22154784716289286,0.22121756064221784,0.24462418920752627,-0.027348183606669088,-0.01617339068051008
112,17.0,10.049906016077037,7.624936475856655,1.5264562644529889,0.6165299398326889,25.538830911962528,14.815713228722046,False,False,0.13949201087398366,0.056467029584859864,0.0,0.15845698981024964,0.22086998162835683,0.24437303152093245,-0.027573703676393967,-0.016260393540509448
112,17.5,9.23329488445722,7.43542753505075,1.3486282860709584,0.6056602742270859,25.74249088947242,15.702229925941097,False,False,0.13047600495579142,0.058475989056420166,0.0,0.10371735145387016,0.2205387340514307,0.24413293581517062,-0.027790692345726013,-0.016344086264299937
112,18.0,7.9457919869624245,7.0619639493667545,1.023741534934263,0.5762644767779525,26.464473542871644,18.29201753631861,False,False,0.11997677802210731,0.06722645483246578,0.0,0.059037933978396545,0.220232480275612,0.2439036052180278,-0.02799312073273165,-0.016424506146809726
112,18.5,5.362872185035748,5.250475882306177,0.6461230177859759,0.5415547652244128,13.405286745082634,12.437894671982116,False,False,0.0837266975924734,0.06952879172859347,0.0,0.021331782946922524,0.21996987053104947,0.2436860242037961,-0.028168101575362578,-0.016501241987835487
112.0,19.0,0.0,0.0,0.0,0.0,0.0,0.0,0.0,0.0,0.0,0.0,0.0,0.0,0.21975753994975755,0.2434798925680098,-0.02831053409165108,-0.016574334235546887
112.0,19.5,0.0,0.0,0.0,0.0,0.0,0.0,0.0,0.0,0.0,0.0,0.0,0.0,0.2196296250366385,0.24334762878277177,-0.0283967543259292,-0.016621436862901857
112.0,20.0,0.0,0.0,0.0,0.0,0.0,0.0,0.0,0.0,0.0,0.0,0.0,0.0,0.21950371324925333,0.24321742385043016,-0.028481930089589925,-0.016667962146823125
112.0,20.5,0.0,0.0,0.0,0.0,0.0,0.0,0.0,0.0,0.0,0.0,0.0,0.0,0.21937973345707343,0.24308920339476775,-0.028566096508964824,-0.01671393004428749
112.0,21.0,0.0,0.0,0.0,0.0,0.0,0.0,0.0,0.0,0.0,0.0,0.0,0.0,0.2192576183829104,0.2429628971336526,-0.028649286870248567,-0.01675935944606708
112.0,21.5,0.0,0.0,0.0,0.0,0.0,0.0,0.0,0.0,0.0,0.0,0.0,0.0,0.21913730432821,0.2428384385828076,-0.028731532746994488,-0.016804268251906184
112.0,22.0,0.0,0.0,0.0,0.0,0.0,0.0,0.0,0.0,0.0,0.0,0.0,0.0,0.21901873092238713,0.24271576478587975,-0.028812864116722455,-0.016848673439170403
112.0,22.5,0.0,0.0,0.0,0.0,0.0,0.0,0.0,0.0,0.0,0.0,0.0,0.0,0.2189018408937231,0.24259481606805758,-0.028893309467738645,-0.01689259112563842
112.0,23.0,0.0,0.0,0.0,0.0,0.0,0.0,0.0,0.0,0.0,0.0,0.0,0.0,0.21878657985963829,0.24247553581081566,-0.028972895897138685,-0.016936036627027
112.0,23.5,0.0,0.0,0.0,0.0,0.0,0.0,0.0,0.0,0.0,0.0,0.0,0.0,0.21867289613440755,0.24235787024565103,-0.029051649200855775,-0.016979024509771724
112.0,24.0,0.0,0.0,0.0,0.0,0.0,0.0,0.0,0.0,0.0,0.0,0.0,0.0,0.21856074055260902,0.2422417682649234,-0.02912959395651724,-0.01702156863952598
113.0,0.5,0.0,0.0,0.0,0.0,0.0,0.0,0.0,0.0,0.0,0.0,0.0,0.0,0.21845006630678543,0.2421271812481261,-0.029206753599789775,-0.017063682225789446
113.0,1.0,0.0,0.0,0.0,0.0,0.0,0.0,0.0,0.0,0.0,0.0,0.0,0.0,0.21834082879796918,0.24201406290210326,-0.029283150494819287,-0.017105377863031155
113.0,1.5,0.0,0.0,0.0,0.0,0.0,0.0,0.0,0.0,0.0,0.0,0.0,0.0,0.2182329854978679,0.2419023691138912,-0.029358805999305477,-0.01714666756863359
113.0,2.0,0.0,0.0,0.0,0.0,0.0,0.0,0.0,0.0,0.0,0.0,0.0,0.0,0.21812649582163585,0.24179205781500815,-0.029433740524696186,-0.017187562817947852
113.0,2.5,0.0,0.0,0.0,0.0,0.0,0.0,0.0,0.0,0.0,0.0,0.0,0.0,0.2180213210102716,0.24168308885613982,-0.029507973591934182,-0.01722807457672107
113.0,3.0,0.0,0.0,0.0,0.0,0.0,0.0,0.0,0.0,0.0,0.0,0.0,0.0,0.21791742402178163,0.2415754238912802,-0.029581523883146155,-0.01726821333112905
113.0,3.5,0.0,0.0,0.0,0.0,0.0,0.0,0.0,0.0,0.0,0.0,0.0,0.0,0.21781476943033737,0.24146902627048622,-0.029654409289623804,-0.017307989115623295
113.0,4.0,0.0,0.0,0.0,0.0,0.0,0.0,0.0,0.0,0.0,0.0,0.0,0.0,0.21771332333273247,0.24136386094048845,-0.02972664695641238,-0.017347411538781405
113.0,4.5,0.0,0.0,0.0,0.0,0.0,0.0,0.0,0.0,0.0,0.0,0.0,0.0,0.2176130532615155,0.24125989435247827,-0.029798253323790762,-0.017386489807329975
113.0,5.0,0.0,0.0,0.0,0.0,0.0,0.0,0.0,0.0,0.0,0.0,0.0,0.0,0.21751392810423484,0.24115709437645963,-0.02986924416590012,-0.017425232748493134
113.0,5.5,0.0,0.0,0.0,0.0,0.0,0.0,0.0,0.0,0.0,0.0,0.0,0.0,0.2174159180282868,0.24105543022161155,-0.029939634626753992,-0.017463648830805544
113,6.0,0.972702681072607,0.990565901162974,0.024250142860986645,0.10670995554848214,16.89017297359132,18.117035418568626,True,True,0.048060374923568794,0.22541578127101222,0.0,0.005946877811230892,0.21731899441090857,0.24095487236216448,-0.03000943925383911,-0.017501746183513987
113,6.5,3.174592023341712,3.232147685548028,0.07994890352942757,0.5363683560890571,16.890172938969016,18.245848612139497,True,True,0.15685377026300687,1.3190668473873666,0.0,0.018287052558321647,0.21722003951060337,0.24084103629406947,-0.030080906960525556,-0.01754499368457803
113,7.0,3.201183367926304,3.2626036450445586,0.08209396981690266,0.47055380892299736,33.78034591454264,36.41160417560563,True,True,0.15816762496426878,1.037143936232781,0.0,0.02677153506332378,0.2171150193477781,0.24067192588302216,-0.03015697708255315,-0.017609475798702055
113,7.5,5.583974269446349,5.674417224153784,0.14836985616908477,0.5135316411383284,33.78034588293501,36.08970366330557,True,True,0.2758992055591142,1.1364402526056876,0.0,0.037542574676816966,0.21701073305110175,0.2405111458425669,-0.030232742551659492,-0.017671043531935937
113,8.0,8.4694671133609,8.589872091332172,0.26127876661684996,0.49257377397548324,33.780345870594545,35.584623937845215,False,False,0.4184688423209733,1.0684006674472086,0.0,0.07827640030065632,0.2168989838570378,0.24034451596274667,-0.030314181786502338,-0.01773512219091494
113,8.5,11.049996341790044,10.960651425635575,0.6217727226141936,0.5130185011584449,31.034114184094708,30.127204016542983,False,False,0.2946479730118709,0.25824856240848115,0.0,0.08724730193057693,0.21677380571861615,0.24017634135783683,-0.03040571819571933,-0.017800075797818938
113,9.0,11.514667090135237,10.924038195622478,0.8980967885158588,0.5409305581564975,29.457860471474813,25.50947258521358,False,False,0.24286955842205252,0.15278875143269077,0.0,0.0954429604832669,0.21660362558967838,0.24000537038255196,-0.030530691040584416,-0.01786640019614516
113,9.5,11.800107126115035,10.766910956105944,1.0916834919387064,0.5792603252637617,28.54965323692283,22.893016979290216,False,True,0.2221404658048244,0.1221916801021479,0.0,0.09394263765657146,0.21639914771340885,0.23983072787786042,-0.030681661053968808,-0.017934453111478524
113,10.0,12.08069557965825,10.488220560301013,1.2631039757516878,0.5885018031091729,27.852409124446204,20.632011552097723,False,True,0.21163395286167075,0.1024689975047044,0.0,0.08451443147266566,0.21617089457419458,0.23965230032834411,-0.030851236690104197,-0.018004300146961152
113,10.5,12.10518119007568,10.482928985163408,1.2833862827055442,0.5990127429672002,27.765658899545723,20.459697523808654,False,True,0.2097798240345374,0.10130703739539748,0.0,0.06852370552465319,0.21592167066050671,0.2394747840482424,-0.031037669043849223,-0.018074112325462858
113,11.0,12.15727084580584,10.054261940497533,1.3908890980170074,0.5933134301474586,27.34012411698363,18.947174813427104,False,True,0.20138832895260678,0.08884318943614147,0.0,0.04982105292234807,0.21567071643420946,0.23929883353247883,-0.031226753681045875,-0.01814362723904987
113,11.5,12.157640075536765,9.974008596186215,1.4387442073187695,0.6102772437777134,27.15145554610468,18.68898272423006,False,True,0.19752789873486767,0.08668712910216031,0.0,0.027024673919120966,0.21540689832891152,0.2391268407827659,-0.03142701252720023,-0.018211886610381676
113,12.0,12.077788254883124,9.99649112803747,1.4078458274343775,0.6060257883886817,27.26773215231666,19.129728462938786,False,True,0.19863754849580278,0.08898339013252238,0.0,0.0022462235745313967,0.21513779925540266,0.2389564208205373,-0.03163285850053154,-0.01827982378611343
113,12.5,11.945718414404286,9.82243921473611,1.3887111711146511,0.5915028031963254,27.305464666524017,19.202608521633334,False,True,0.19726381112757763,0.08780257251710515,0.0,0.0,0.21487343744875115,0.23879051176385716,-0.031836646876905406,-0.01834625297589537
113,13.0,11.881945368957094,9.62762149325794,1.4256143684858613,0.6002976628495008,27.1400901779879,19.014189483235636,False,False,0.19300236405724439,0.08511029977381956,0.0,0.0,0.21461229687592956,0.23862753382890733,-0.032039489711189244,-0.018411788794719268
113,13.5,11.795428208863424,9.42284360169306,1.4599885070239182,0.6050900857518406,26.95520301966092,18.607307847017793,False,False,0.18806199949669644,0.08152631092976569,0.0,0.0,0.21434722009387217,0.2384642125326725,-0.03224696684705856,-0.018477742687625583
113,14.0,11.70510861457015,9.201684284760844,1.4847167775366819,0.6044853500438211,26.7816445460535,18.094499784734147,False,False,0.18332597345268978,0.07755830363687173,0.0,0.0,0.21407851354483332,0.23830104169426342,-0.0324589209522406,-0.01854391711839124
113,14.5,11.622514515308573,9.018254904814185,1.5136860319794119,0.6107685379186305,26.60564198041179,17.688898589184276,False,False,0.17888928078024177,0.0746906535512163,0.0,0.0,0.213807391102388,0.23813869340099883,-0.03267446520326032,-0.018610038389543185
113,15.0,11.459169824843832,8.878996619202141,1.4978386361400282,0.6047899456189458,26.556906133798016,17.469027031982645,False,False,0.17546647459522208,0.07293191253331169,0.0,0.0,0.2135332974937337,0.23797627472918487,-0.03289410733675882,-0.01867646960757426
113,15.5,11.28504484925492,8.813915470430356,1.4727227242126335,0.6088911506800874,26.535143981445763,17.504862805544274,False,False,0.17238968357718706,0.07308127751333245,0.0,0.0,0.21326192946961067,0.2378153335441387,-0.03311330054096156,-0.018742575398738005
113,16.0,10.901082010088679,8.723062720664036,1.3856141330668472,0.6017178099440997,26.62762863046361,17.8742670971367,False,False,0.1679330933656635,0.07435285032733663,0.0,0.0,0.21299445423518595,0.23765457112941968,-0.033331054519894314,-0.018808886268677015
113,16.5,10.371208447164262,8.520178384234166,1.289874946837976,0.5996867625607523,26.72395646703233,18.355355490024976,False,False,0.1605534655443312,0.07564256559702931,0.0,0.0,0.21273875821576846,0.23749541045977554,-0.03354081581681631,-0.018874812000297333
113,17.0,9.508379739247772,8.155656453051092,1.128634171118617,0.5891157769173376,26.926811965423273,19.39230059317154,False,False,0.1501605438911227,0.07893561451964826,0.0,0.0,0.212495928172488,0.23733718289515454,-0.033741480120894334,-0.018940624311258262
113,17.5,8.510580453062182,7.664055013735944,0.9426405408088591,0.5697540155679334,27.26514064739401,20.759838499365785,False,False,0.1390739385534508,0.08427905951491516,0.0,0.0,0.21227429849352247,0.23718096377122744,-0.03392587499389408,-0.01900586964276892
113,18.0,6.967879836571369,6.5834908967434105,0.7265810691917135,0.5398766023677479,27.551857349849676,22.35493030235734,False,False,0.11731956895773119,0.08700683769500585,0.0,0.0,0.21207701122359085,0.23702786078237065,-0.03409102795824235,-0.01907007350245096
113,18.5,4.1176265151490385,4.208649859118474,0.38834412136396934,0.4860579681165541,14.022073234222772,14.77110455787885,False,False,0.07314021373118448,0.09091666001251131,0.0,0.0,0.21190788582203138,0.2368792018063805,-0.03423336911242926,-0.019132661183430703
113.0,19.0,0.0,0.0,0.0,0.0,0.0,0.0,0.0,0.0,0.0,0.0,0.0,0.0,0.21178248014175632,0.23673802594107657,-0.0343393717376555,-0.019192325059350004
113.0,19.5,0.0,0.0,0.0,0.0,0.0,0.0,0.0,0.0,0.0,0.0,0.0,0.0,0.21170716825337438,0.23665940319855722,-0.03440321915591116,-0.01922564877895326
113.0,20.0,0.0,0.0,0.0,0.0,0.0,0.0,0.0,0.0,0.0,0.0,0.0,0.0,0.21163245148091042,0.2365813827402347,-0.03446670186924756,-0.019258785395237007
113.0,20.5,0.0,0.0,0.0,0.0,0.0,0.0,0.0,0.0,0.0,0.0,0.0,0.0,0.21155831923348234,0.23650395376992497,-0.034529825929277336,-0.019291738094960983
113.0,21.0,0.0,0.0,0.0,0.0,0.0,0.0,0.0,0.0,0.0,0.0,0.0,0.0,0.2114847612195235,0.23642710579975196,-0.03459259722083844,-0.01932450997565924
113.0,21.5,0.0,0.0,0.0,0.0,0.0,0.0,0.0,0.0,0.0,0.0,0.0,0.0,0.2114117674353452,0.23635082863825596,-0.034655021468242043,-0.019357104049022286
113.0,22.0,0.0,0.0,0.0,0.0,0.0,0.0,0.0,0.0,0.0,0.0,0.0,0.0,0.21133932815424342,0.23627511237907292,-0.03471710424122861,-0.019389523244119508
113.0,22.5,0.0,0.0,0.0,0.0,0.0,0.0,0.0,0.0,0.0,0.0,0.0,0.0,0.2112674339161195,0.23619994739015193,-0.03477885096064837,-0.019421770410471266
113.0,23.0,0.0,0.0,0.0,0.0,0.0,0.0,0.0,0.0,0.0,0.0,0.0,0.0,0.21119607551758565,0.23612532430348052,-0.03484026690388146,-0.019453848320978663
113.0,23.5,0.0,0.0,0.0,0.0,0.0,0.0,0.0,0.0,0.0,0.0,0.0,0.0,0.21112524400252833,0.2360512340052897,-0.034901357210011925,-0.01948575967471871
113.0,24.0,0.0,0.0,0.0,0.0,0.0,0.0,0.0,0.0,0.0,0.0,0.0,0.0,0.21105493065310393,0.23597766762671163,-0.0349621268847693,-0.019517507099612745
114.0,0.5,0.0,0.0,0.0,0.0,0.0,0.0,0.0,0.0,0.0,0.0,0.0,0.0,0.21098512698114444,0.23590461653486514,-0.035022580805249025,-0.019549093154974457
114.0,1.0,0.0,0.0,0.0,0.0,0.0,0.0,0.0,0.0,0.0,0.0,0.0,0.0,0.2109158247199493,0.23583207232434578,-0.03508272372442487,-0.019580520333944352
114.0,1.5,0.0,0.0,0.0,0.0,0.0,0.0,0.0,0.0,0.0,0.0,0.0,0.0,0.21084701581644347,0.23576002680909905,-0.03514256027546357,-0.019611791065816245
114.0,2.0,0.0,0.0,0.0,0.0,0.0,0.0,0.0,0.0,0.0,0.0,0.0,0.0,0.21077869242368263,0.23568847201465534,-0.03520209497585221,-0.019642907718262114
114.0,2.5,0.0,0.0,0.0,0.0,0.0,0.0,0.0,0.0,0.0,0.0,0.0,0.0,0.21071084689368674,0.23561740017070812,-0.035261332231347406,-0.01967387259945992
114.0,3.0,0.0,0.0,0.0,0.0,0.0,0.0,0.0,0.0,0.0,0.0,0.0,0.0,0.21064347177058462,0.23554680370401707,-0.03532027633975702,-0.019704687960130005
114.0,3.5,0.0,0.0,0.0,0.0,0.0,0.0,0.0,0.0,0.0,0.0,0.0,0.0,0.21057655978405415,0.23547667523161944,-0.03537893149456068,-0.019735355995484177
114.0,4.0,0.0,0.0,0.0,0.0,0.0,0.0,0.0,0.0,0.0,0.0,0.0,0.0,0.21051010384304225,0.23540700755433297,-0.035437301788379456,-0.019765878847092837
114.0,4.5,0.0,0.0,0.0,0.0,0.0,0.0,0.0,0.0,0.0,0.0,0.0,0.0,0.21044409702975087,0.23533779365053684,-0.03549539121630065,-0.019796258604672844
114.0,5.0,0.0,0.0,0.0,0.0,0.0,0.0,0.0,0.0,0.0,0.0,0.0,0.0,0.21037853259387507,0.23526902667021457,-0.035553203679065705,-0.019826497307801887
114.0,5.5,0.0,0.0,0.0,0.0,0.0,0.0,0.0,0.0,0.0,0.0,0.0,0.0,0.21031340394708126,0.2352006999292477,-0.03561074298612743,-0.019856596947561256
114,6.0,4.893510354662803,4.9619898846952735,0.3943945286311268,0.4813964629343796,14.360319218737708,14.990338555958107,False,False,0.09402425922414215,0.11428110470567883,0.0,0.0,0.21024870465771298,0.23513280690394608,-0.035668012858583696,-0.019886559468111888
114,6.5,6.959891573807466,6.917499033420561,0.5851870732236942,0.5191850611994325,28.537853764316505,27.0480183253228,False,False,0.13083929685769294,0.11608162160519533,0.0,0.0,0.2101341696516898,0.23500399553280388,-0.03576966513328508,-0.019943554637039944
114,7.0,9.113435524555499,8.722932448613289,0.8349690758956173,0.5553117470769166,28.07853839772016,23.858832919691572,False,False,0.16250336984281255,0.10831916372552117,0.0,0.0,0.20999573836398042,0.23487078978407117,-0.03589298696012786,-0.020002699006145434
114,7.5,10.437810970866508,9.375878636987284,1.093201763525566,0.5825008467174025,27.343288507919397,20.517767348784346,False,False,0.17194772271392178,0.09224096334129173,0.0,0.0,0.2098258876122535,0.2347333953668545,-0.03604499168975394,-0.020063922251747735
114,8.0,11.267247041058088,9.365402710696841,1.3384832929873718,0.6038844177976734,26.62904296802467,17.88320838994293,False,True,0.172828451592138,0.07888725194410445,0.0,0.0,0.20962353464846054,0.23459294529035596,-0.036227086031209096,-0.020126738020238483
114,8.5,11.76892908783169,9.021162200234023,1.58010651310586,0.6319603655630279,25.8602307851574,16.005078483401284,False,True,0.16942705620610793,0.06891199379227096,0.0,0.0,0.2093903241543265,0.23445017357319003,-0.03643830990046384,-0.020190832443120782
114,9.0,12.112982326982245,8.15463456676569,1.8406384292889861,0.623517828654181,25.085437809558115,13.75928469411712,False,True,0.16301072807290695,0.05610797086949863,0.0,0.0,0.20912671672706226,0.23430422172305346,-0.03667883424167157,-0.020256606061252243
114,9.5,12.311288706845374,7.495133102129497,2.0758480552758303,0.6419599887932277,24.4071217219115,12.586219134809667,False,True,0.15660937293706761,0.049082773248594495,0.0,0.0,0.2088302973126136,0.23415973785602,-0.036951560572306176,-0.020321969732448385
114,10.0,12.219511903094181,6.811204895594948,2.2536120068170895,0.6443603857014316,23.825941191002656,11.74188363947324,False,True,0.14850214054150768,0.04308235627495076,0.0,0.0,0.20850428745609043,0.23401329056793727,-0.0372543070551812,-0.02038847825173987
114,10.5,12.122556876194363,6.690130725339148,2.2808972593326535,0.651002193018519,23.66877568128077,11.675749681830142,False,True,0.14542765543756558,0.04210581088456587,0.0,0.0,0.20815600239261703,0.23386691881327396,-0.03758101034779628,-0.020455211771084107
114,11.0,12.023362522808783,6.390092818987812,2.3241071772770305,0.6398599441637093,23.46990047163422,11.37725307617806,False,True,0.14219695439962435,0.03981583555754323,0.0,0.0,0.20780461292902522,0.23372007692164926,-0.03791409100062107,-0.020522421302356975
114,11.5,12.028727067167239,6.3708554612898425,2.3355098572601216,0.6459859711166015,23.394936332374805,11.380970931138176,False,True,0.14139165714155372,0.0397145393987952,0.0,0.0,0.20744808473830362,0.23357502610227046,-0.038255643823090976,-0.02058906953574828
114,12.0,11.748048231199485,6.172606384106367,2.339849633963697,0.6468768580973531,23.210335269713692,11.41251270156966,False,True,0.1363557213089041,0.038435220265757075,0.0,0.0,0.20709046621033,0.23342956085760352,-0.03860193047792985,-0.020656167347201184
114,12.5,11.454757923592709,6.032460315698168,2.311928378797343,0.650951276606975,23.08653792619762,11.529682055397938,False,True,0.1316343134745925,0.03775545002460955,0.0,0.0,0.20673265259969528,0.23328434346947938,-0.03895215031689636,-0.020723410860975188
114,13.0,11.30187648824042,5.954705063750899,2.2853780027329385,0.6424712653051804,23.036556321383706,11.490334983633549,False,True,0.12945667228598418,0.03708429353805791,0.0,0.0,0.20637875032995645,0.23313896350820018,-0.03930227206641486,-0.02079099107261237
114,13.5,11.120553693291406,5.693092489116048,2.315586925415265,0.6398556462217748,22.79456570593748,11.266526760120414,False,True,0.12523542521058093,0.03519877523988721,0.0,0.0,0.20602858011479833,0.23299501617657928,-0.03965239836753859,-0.020858164192040354
114,14.0,10.846548049906504,5.44454811546525,2.3425317857600896,0.6441458224700478,22.512421374291563,11.009593544824781,False,True,0.1197216988828982,0.03343210719885974,0.0,0.0,0.205674904462673,0.23285174961293476,-0.0400098085927502,-0.020925276538871482
114,14.5,11.097249325448345,5.598668253048337,2.3350324389219628,0.6440150558240081,22.587692654618422,10.86201025188231,False,True,0.12309388416611788,0.034229890125469446,0.0,0.0,0.20531813491896952,0.23270827934122015,-0.04037424113287535,-0.02099274230365498
114,15.0,11.192244680518316,5.810575831885237,2.269513660489519,0.6459043088903303,22.778815818029138,11.00097816061604,False,True,0.12519808590160808,0.0357159987319397,0.0,0.0,0.2049626564919557,0.23256516437505234,-0.04074129523335594,-0.02106029935206222
114,15.5,10.263038622760472,5.57410255484084,2.094147124468855,0.63832823260602,22.667984851004242,11.481873063980547,False,True,0.11453398754016424,0.035103967841643546,0.0,0.0,0.20461585853404202,0.23242214302747527,-0.041103223968683454,-0.021128071146546322
114,16.0,9.78144783510993,5.4198766597277235,2.0259539502449617,0.6393701181843424,22.555175703920362,11.629799253117074,False,False,0.10823442133530603,0.03441590552276491,0.0,0.0,0.20429173511082277,0.2322804173083133,-0.04144495717870348,-0.021195485478111325
114,16.5,8.93200662602975,5.236982119556568,1.8343754144723157,0.6369519485711237,22.534741557068962,12.071325676056144,False,False,0.09866325636886031,0.03434256964306275,0.0,0.0,0.20397662476457115,0.2321388849075115,-0.04178043774207982,-0.021263063773971524
114,17.0,9.169655092836747,5.362800855345099,1.8852029380598647,0.6429140197328237,22.477223308530903,11.55244949547047,False,False,0.10078641631305568,0.03436081596820429,0.0,0.0,0.2036862468588281,0.23199798273237973,-0.04209245522474341,-0.021330596311233196
114,17.5,8.571763705860851,5.328505840239426,1.740009654803559,0.646301270772234,22.519108092941543,11.737895426152019,False,False,0.09416535036931967,0.034792031495329695,0.0,0.0,0.20338970701526354,0.23185663892804895,-0.042413963465943526,-0.021398597430258265
114,18.0,4.715901045009312,3.792441970225202,0.9308989793946987,0.6091276275781355,22.62931871673623,15.401637295779281,False,False,0.05220397358595651,0.03387484217129831,0.0,0.0,0.20311198088935062,0.23171517775115746,-0.04271773054763168,-0.0214669137907843
114,18.5,2.2272345324885126,2.364908199386649,0.4201543207889372,0.5419257202212223,11.438500118092728,12.594728987801755,False,False,0.02508737591610683,0.03200612522300095,0.0,0.0,0.20293766957675477,0.23157876420510531,-0.04290971034198391,-0.021533038739728182
114.0,19.0,0.0,0.0,0.0,0.0,0.0,0.0,0.0,0.0,0.0,0.0,0.0,0.0,0.2028287477885361,0.23145122116432365,-0.04303019453775188,-0.02159508344663361
114.0,19.5,0.0,0.0,0.0,0.0,0.0,0.0,0.0,0.0,0.0,0.0,0.0,0.0,0.20277366773992592,0.2313930403679305,-0.04309127495144171,-0.02162345686350495
114.0,20.0,0.0,0.0,0.0,0.0,0.0,0.0,0.0,0.0,0.0,0.0,0.0,0.0,0.20271888445768865,0.23133515914106426,-0.043152128766723676,-0.021651728273069267
114.0,20.5,0.0,0.0,0.0,0.0,0.0,0.0,0.0,0.0,0.0,0.0,0.0,0.0,0.20266439447135678,0.23127757398157991,-0.043212758385184284,-0.021679898786061465
114.0,21.0,0.0,0.0,0.0,0.0,0.0,0.0,0.0,0.0,0.0,0.0,0.0,0.0,0.20261019437536934,0.23122028145331938,-0.0432731661647517,-0.0217079694926842
114.0,21.5,0.0,0.0,0.0,0.0,0.0,0.0,0.0,0.0,0.0,0.0,0.0,0.0,0.20255628082740212,0.23116327818440013,-0.04333335442080378,-0.021735941463134997
114.0,22.0,0.0,0.0,0.0,0.0,0.0,0.0,0.0,0.0,0.0,0.0,0.0,0.0,0.20782929248851287,0.23643225828153602,-0.03789058280847799,-0.019322310622010133
114.0,22.5,0.0,0.0,0.0,0.0,0.0,0.0,0.0,0.0,0.0,0.0,0.0,0.0,0.20775823811816968,0.23635718762193228,-0.037958311745179676,-0.019354384283666995
114.0,23.0,0.0,0.0,0.0,0.0,0.0,0.0,0.0,0.0,0.0,0.0,0.0,0.0,0.20768772065667318,0.2362826686107929,-0.03802567156314125,-0.01938628501157261
114.0,23.5,0.0,0.0,0.0,0.0,0.0,0.0,0.0,0.0,0.0,0.0,0.0,0.0,0.20761773094264405,0.2362086915745509,-0.03809266813981546,-0.01941801571143474
114.0,24.0,0.0,0.0,0.0,0.0,0.0,0.0,0.0,0.0,0.0,0.0,0.0,0.0,0.2075482600627409,0.2361352471094702,-0.03815930719756838,-0.01944957920943378
115.0,0.5,0.0,0.0,0.0,0.0,0.0,0.0,0.0,0.0,0.0,0.0,0.0,0.0,0.20747929934258902,0.23606232607152097,-0.038225594309234535,-0.019480978255151323
115.0,1.0,0.0,0.0,0.0,0.0,0.0,0.0,0.0,0.0,0.0,0.0,0.0,0.0,0.2074108403381218,0.23598991956672677,-0.0382915349034246,-0.0195122155243648
115.0,1.5,0.0,0.0,0.0,0.0,0.0,0.0,0.0,0.0,0.0,0.0,0.0,0.0,0.20734287482731353,0.23591801894195724,-0.03835713426959762,-0.019543293621715523
115.0,2.0,0.0,0.0,0.0,0.0,0.0,0.0,0.0,0.0,0.0,0.0,0.0,0.0,0.20727539480228205,0.23584661577614294,-0.038422397562911034,-0.019574215083256623
115.0,2.5,0.0,0.0,0.0,0.0,0.0,0.0,0.0,0.0,0.0,0.0,0.0,0.0,0.2072083924617407,0.23577570187188748,-0.03848732980886052,-0.01960498237888779
115.0,3.0,0.0,0.0,0.0,0.0,0.0,0.0,0.0,0.0,0.0,0.0,0.0,0.0,0.2071418602037831,0.2357052692474574,-0.038551935907718805,-0.019635597914682498
115.0,3.5,0.0,0.0,0.0,0.0,0.0,0.0,0.0,0.0,0.0,0.0,0.0,0.0,0.20707579061898151,0.2356353101291285,-0.03861622063878566,-0.0196660640351134
115.0,4.0,0.0,0.0,0.0,0.0,0.0,0.0,0.0,0.0,0.0,0.0,0.0,0.0,0.20701017648378323,0.23556581694386977,-0.03868018866445784,-0.019696383025181344
115.0,4.5,0.0,0.0,0.0,0.0,0.0,0.0,0.0,0.0,0.0,0.0,0.0,0.0,0.20694501075419008,0.23549678231234836,-0.03874384453412763,-0.019726557112452612
115.0,5.0,0.0,0.0,0.0,0.0,0.0,0.0,0.0,0.0,0.0,0.0,0.0,0.0,0.20688028655970575,0.23542819904223694,-0.03880719268791972,-0.019756588469009736
115.0,5.5,0.0,0.0,0.0,0.0,0.0,0.0,0.0,0.0,0.0,0.0,0.0,0.0,0.2068159971975382,0.2353600601218096,-0.038870237460273155,-0.019786479213319504
115,6.0,2.0732926472525026,2.0154916977785344,0.17958586592705714,0.12996458612239772,14.025506603172593,12.458557974652125,False,False,0.036855557673902826,0.026587267925594803,0.0,0.0,0.20675213612704352,0.23529235871381068,-0.038932983083377254,-0.01981623141202295
115,6.5,3.2777905822716202,3.0537548076814156,0.2893208687224894,0.16818906465919306,13.97620040361302,11.22915907539767,False,False,0.05763205471421155,0.03352157524014461,0.0,0.0,0.20666581183697086,0.23520852640014123,-0.039017991494343846,-0.019853146431534036
115,7.0,8.23848036927668,8.025993169644597,0.7242904627117464,0.5374880304037623,27.905671727878666,24.59489360174703,False,False,0.1441095426467775,0.10673400959494059,0.0,0.0,0.20656591938538812,0.2351202473727201,-0.03911663742330692,-0.019892108137656895
115,7.5,10.672996997430454,9.730820716965686,1.0286214894314811,0.5760964320989035,27.45012618423018,21.27298757562478,False,False,0.17778905088325742,0.10030821806006593,0.0,0.0,0.20641100713656824,0.2349853255387807,-0.03927020496497697,-0.019951831689045418
115,8.0,11.604353912691636,9.838526008234371,1.2673335450897154,0.6006047242307796,26.75930250263214,18.765282955862723,False,False,0.18026345290124027,0.08646194436410293,0.0,0.0,0.20621771678407194,0.2348458955228938,-0.03946282598725959,-0.02001377541282718
115,8.5,11.718690136981607,9.782252220338517,1.3194934822980648,0.60989902713384,26.528925061742186,18.106954363097394,False,False,0.17803445549958913,0.0828518619175213,0.0,0.0,0.20599440453069573,0.2347037480930799,-0.03968676832043527,-0.020077162411613742
115,9.0,12.38729148951088,9.521887380375228,1.5426008445717492,0.6315370064396365,25.953160179525376,16.430863229112223,False,True,0.17838344954897123,0.07407340364300857,0.0,0.0,0.2057648375605343,0.2345608161048458,-0.03991856320414197,-0.020141140592826456
115,9.5,12.722482634283049,8.983221589026883,1.7403423570569827,0.6386966646744836,25.30331524588079,15.000065233716587,False,True,0.17469339605766682,0.06511795731852828,0.0,0.0,0.20550722602354696,0.23441552080168976,-0.04018059826328329,-0.020206425749521056
115,10.0,12.856741609480697,8.2822108109918,1.9293095433360425,0.641056323104174,24.737034609337464,13.797223728480652,False,True,0.16807583695109485,0.056831997060957984,0.0,0.0,0.2052247969425667,0.2342697015627523,-0.040470235729113825,-0.020272199981304365
115,10.5,12.882686513435093,7.551558782143712,2.100029857363704,0.6411397044505694,24.156047944077493,12.766192275726448,False,True,0.16075513506758926,0.04965715747449462,0.0,0.0,0.2049186631575904,0.23412396456125753,-0.04078699709402327,-0.020338192158575887
115,11.0,12.709584460996894,6.769887929912842,2.3011630207027096,0.6499099004709005,23.469324619998783,11.921777748198995,False,True,0.15043396573024748,0.042999873876020445,0.0,0.0,0.20459114473911874,0.23397859449090175,-0.041129161944702314,-0.020404273332722923
115,11.5,12.659408787750504,6.468402910325823,2.3634966156218638,0.6453295812970128,23.224118149581205,11.59367234198092,False,True,0.14708465068206647,0.040514876541661214,0.0,0.0,0.20423836102771475,0.23383247910964938,-0.04150155520189249,-0.020470951252897093
115,12.0,12.36268603621171,6.306837291478309,2.37041845895771,0.6498847040978336,23.049594120707248,11.595460635016615,False,True,0.14178884498397645,0.03942948180610183,0.0,0.0,0.2038779946846176,0.2336873145717011,-0.04188610792082694,-0.020537452510435865
115,12.5,11.929348864438218,5.997933232444595,2.3738483192447077,0.6498720548172178,22.78431581530602,11.486331334651538,False,True,0.13422625471406655,0.03733938273539816,0.0,0.0,0.20351710213654045,0.23354193169734064,-0.04227548456917302,-0.02060431193009627
115,13.0,12.180624682151247,5.9162859342242005,2.43686734475906,0.6519743067012475,22.64135385915406,11.262176600324016,False,True,0.13571782376691238,0.03655207487012714,0.0,0.0,0.20315612363359065,0.23339690765643267,-0.04266927593005428,-0.020671264864007343
115,13.5,11.998750430007412,5.80055776490547,2.425045925592285,0.6522179797531157,22.56270544217287,11.151482352434483,False,True,0.13221065526729753,0.03571146975933265,0.0,0.0,0.2027874609204741,0.23325196813465962,-0.04307596946543883,-0.020738437930244682
115,14.0,11.70082092603077,5.840107814839408,2.3365186474386244,0.6521231186047698,22.575027179000344,11.264916541196245,False,True,0.12903798832833993,0.03604421739355035,0.0,0.0,0.20242064657995273,0.23310734527362909,-0.04348521606978613,-0.020805723626923428
115,14.5,10.601438118018564,5.7165563892236815,2.112885959726613,0.6498212012729085,22.50486799602949,11.45117992307727,False,True,0.11634798368935481,0.035622292609742395,0.0,0.0,0.2020654510050795,0.23296307761263738,-0.043885922058573994,-0.02087310337719457
115,15.0,4.98158370026519,2.665146895746195,0.9754509883046758,0.29492823072427116,11.28365400758578,5.655589965340366,False,True,0.05490809056470391,0.016503980658076626,0.0,0.0,0.2017390866990116,0.23281944190019016,-0.04425798644795368,-0.020940446422339474
115,15.5,3.13501462296103,2.3873722098614554,0.5531623263528744,0.261606820282313,11.59628268533482,7.357990894191366,False,False,0.0361195907826755,0.016965656524843067,0.0,0.0,0.20155799776789518,0.23272136538949723,-0.04446605392110231,-0.020986577961987506
115,16.0,2.9574247367129614,2.4145320557609193,0.4437259750193182,0.22492204411938535,12.096876554444496,8.133607598336154,False,False,0.036737371270799284,0.018504554431338794,0.0,0.0,0.2014310469459225,0.23262786500558524,-0.044612612901364916,-0.02103066984727525
115,16.5,2.411310848969617,2.119546754128605,0.32489964735957017,0.18945944587413704,12.419038802163232,9.277706518738336,False,False,0.031540401371093166,0.01826764470537002,0.0,0.0,0.2013183624977573,0.23253936512670093,-0.044743184383122046,-0.021072505360592436
115.0,17.0,0.0,0.0,0.0,0.0,0.0,0.0,0.0,0.0,0.0,0.0,0.0,0.0,0.20122113700339925,0.23245570586990047,-0.04485620907502518,-0.021112143822819677
115.0,17.5,0.0,0.0,0.0,0.0,0.0,0.0,0.0,0.0,0.0,0.0,0.0,0.0,0.20116562702977064,0.2323965074302332,-0.0449208920022915,-0.021140246222205117
115.0,18.0,0.0,0.0,0.0,0.0,0.0,0.0,0.0,0.0,0.0,0.0,0.0,0.0,0.20111042585678177,0.23233762249256595,-0.044985325336696476,-0.021168244024652658
115.0,18.5,0.0,0.0,0.0,0.0,0.0,0.0,0.0,0.0,0.0,0.0,0.0,0.0,0.20105552970790988,0.2322790471672752,-0.04504951186906713,-0.02119613845955852
115.0,19.0,0.0,0.0,0.0,0.0,0.0,0.0,0.0,0.0,0.0,0.0,0.0,0.0,0.20100093488053794,0.2322207776427881,-0.04511345433703376,-0.021223930732001347
115.0,19.5,0.0,0.0,0.0,0.0,0.0,0.0,0.0,0.0,0.0,0.0,0.0,0.0,0.20361046268568908,0.23482610875810908,-0.04217434332654772,-0.020022584512451008
115.0,20.0,0.0,0.0,0.0,0.0,0.0,0.0,0.0,0.0,0.0,0.0,0.0,0.0,0.20354809593124878,0.2347595559607357,-0.04224187573045056,-0.020052247845524576
115.0,20.5,0.0,0.0,0.0,0.0,0.0,0.0,0.0,0.0,0.0,0.0,0.0,0.0,0.2034861347463331,0.2346934190378659,-0.04230909659981303,-0.020081777703807754
115.0,21.0,0.0,0.0,0.0,0.0,0.0,0.0,0.0,0.0,0.0,0.0,0.0,0.0,0.20342457322217963,0.234627691752265,-0.04237601014244614,-0.020111176008171774
115.0,21.5,0.0,0.0,0.0,0.0,0.0,0.0,0.0,0.0,0.0,0.0,0.0,0.0,0.20336340558725288,0.23456236801679028,-0.04244262047088249,-0.020140444633981163
115.0,22.0,0.0,0.0,0.0,0.0,0.0,0.0,0.0,0.0,0.0,0.0,0.0,0.0,0.20330262620291545,0.23449744188951022,-0.04250893160532534,-0.020169585412548777
115.0,22.5,0.0,0.0,0.0,0.0,0.0,0.0,0.0,0.0,0.0,0.0,0.0,0.0,0.20324222955926957,0.23443290756902116,-0.042574947476483944,-0.020198600132533332
115.0,23.0,0.0,0.0,0.0,0.0,0.0,0.0,0.0,0.0,0.0,0.0,0.0,0.0,0.20318221027116193,0.23436875938995227,-0.04264067192829943,-0.020227490541281666
115.0,23.5,0.0,0.0,0.0,0.0,0.0,0.0,0.0,0.0,0.0,0.0,0.0,0.0,0.2031225630743431,0.23430499181864958,-0.042706108720567154,-0.02025625834611828
115.0,24.0,0.0,0.0,0.0,0.0,0.0,0.0,0.0,0.0,0.0,0.0,0.0,0.0,0.20572639377426383,0.23690412479312667,-0.03995753758442999,-0.019122151171589136
116.0,0.5,0.0,0.0,0.0,0.0,0.0,0.0,0.0,0.0,0.0,0.0,0.0,0.0,0.21363947008337442,0.24481027787301715,-0.03280881889978823,-0.016109285787251112
116.0,1.0,0.0,0.0,0.0,0.0,0.0,0.0,0.0,0.0,0.0,0.0,0.0,0.0,0.22150164352690466,0.25266243025045104,-0.02716549248697033,-0.013660526630545953
116.0,1.5,0.0,0.0,0.0,0.0,0.0,0.0,0.0,0.0,0.0,0.0,0.0,0.0,0.22929225817173146,0.2604388349449314,-0.022678368366913296,-0.011660305517967885
116.0,2.0,0.0,0.0,0.0,0.0,0.0,0.0,0.0,0.0,0.0,0.0,0.0,0.0,0.23171413890428483,0.2628452147157551,-0.021467416445257154,-0.011113443704708133
116.0,2.5,0.0,0.0,0.0,0.0,0.0,0.0,0.0,0.0,0.0,0.0,0.0,0.0,0.23147181504710226,0.2625879557268427,-0.02158505092160978,-0.011170425955020765
116.0,3.0,0.0,0.0,0.0,0.0,0.0,0.0,0.0,0.0,0.0,0.0,0.0,0.0,0.2312370174250972,0.26233871196996933,-0.0216997651604365,-0.011225965160663542
116.0,3.5,0.0,0.0,0.0,0.0,0.0,0.0,0.0,0.0,0.0,0.0,0.0,0.0,0.23100923109465948,0.26209690292632776,-0.021811748743619415,-0.011280162398793538
116.0,4.0,0.0,0.0,0.0,0.0,0.0,0.0,0.0,0.0,0.0,0.0,0.0,0.0,0.23078799333445152,0.26186200963482803,-0.021921172691078898,-0.011333108358642898
116.0,4.5,0.0,0.0,0.0,0.0,0.0,0.0,0.0,0.0,0.0,0.0,0.0,0.0,0.23057288679901689,0.26163356630266066,-0.022028191826402435,-0.011384884721036114
116.0,5.0,0.0,0.0,0.0,0.0,0.0,0.0,0.0,0.0,0.0,0.0,0.0,0.0,0.230363533759005,0.261411153297302,-0.022132946775579816,-0.011435565315428125
116.0,5.5,0.0,0.0,0.0,0.0,0.0,0.0,0.0,0.0,0.0,0.0,0.0,0.0,0.23015959122735313,0.26119439125559984,-0.022235565665316797,-0.011485217096319507
116.0,6.0,0.0,0.0,0.0,0.0,0.0,0.0,0.0,0.0,0.0,0.0,0.0,0.0,0.2299607468127316,0.2609829361028088,-0.022336165573717655,-0.011533900971971853
116,6.5,2.425268990473077,2.452450755296662,0.06615523687391424,0.15638352565518426,16.739224039693944,17.73198814842344,False,False,0.10955749071895118,0.26894371136577555,0.0,0.03151270244228806,0.22976671517377278,0.2607764748179362,-0.022434853775583553,-0.011581672511531693
116,7.0,3.500708793107631,3.5337203525681233,0.0998982084583539,0.17856876340162747,16.731398738773468,17.52666798284363,False,False,0.15743899903906686,0.3087469136423951,0.0,0.08039743094543311,0.2295688046263358,0.2605507776750607,-0.022536050545592993,-0.01163416487161779
116,7.5,4.28144854813782,4.318162198143711,0.1258037874958163,0.19810876899258897,16.72232643870952,17.415942764094428,False,False,0.1915688894671459,0.33596664646932195,0.0,0.12000654263680693,0.2293709055919379,0.26032047091246713,-0.022637785719178235,-0.011688021809189085
116,8.0,5.543717206588719,5.5843702382332925,0.18107658991614367,0.2213299834293836,16.689152377302545,17.188861187468472,False,False,0.24350362301104253,0.35701548150688184,0.0,0.24839872648632622,0.2291737959428575,0.2600868340273267,-0.022739659487160765,-0.011742961295433039
116,8.5,5.908515948016983,5.9437083235028725,0.20750502299614884,0.23472034396295008,16.534225174380808,16.93048821274425,False,False,0.2390732081709777,0.31297682067983673,0.0,0.26142994024321053,0.22897352957578015,0.25983786375542145,-0.022843724688310627,-0.011801845407272608
116,9.0,5.88992872984139,5.909016487985449,0.24718951709053108,0.25919871836653796,16.125007673407968,16.33718369618311,False,False,0.19725775892173372,0.2236390854570964,0.0,0.2246357993105637,0.22877359383316911,0.2595893106644432,-0.02294818460344374,-0.011860982108523429
116,9.5,5.752827935511123,5.737257879409769,0.2851588365990666,0.2618494253483322,15.738851022289296,15.563344764451456,False,False,0.1657211010928508,0.15808035997372247,0.0,0.1932103224848639,0.22857212494431808,0.2593459237317157,-0.023054021750146845,-0.011919232097856815
116,10.0,5.418814857506955,5.420034009019038,0.28047261312315014,0.2795922128890684,15.620080865459423,15.633988484979636,False,False,0.14966156567181335,0.15322288724881267,0.0,0.157656593501462,0.2283691794914333,0.2591096269452177,-0.023161223097092266,-0.011976111576139236
116,10.5,5.758759590243103,5.743096441035509,0.28850867468034064,0.2666650124691142,15.703150899594387,15.524981886101635,False,False,0.16377446079973645,0.1562921468206906,0.0,0.20844670345801503,0.23081896055758527,0.26152624896677357,-0.021905817035167356,-0.01140930532137758
116,11.0,6.014218195257746,6.015332996687679,0.26651340761016284,0.25918135229961187,15.986979717382768,15.99697901039069,False,False,0.19035726312423473,0.1962165112746664,0.041815634862715154,0.29221485168274003,0.23588891174984047,0.26655571939764244,-0.019555891590129573,-0.010328876637365517
116,11.5,6.1594032834575705,6.163687807043091,0.25654890950197085,0.24969116648748213,16.132828141168808,16.177065013495746,False,False,0.20696414653560544,0.21780281206543803,0.10808464775083855,0.37347926700762335,0.24089470084573444,0.27150961405693735,-0.017524590120743512,-0.009381794370466006
116,12.0,6.673731785560627,6.68827233835513,0.2826828406991345,0.2758217375681098,16.179654877520637,16.314297056024333,False,False,0.22877176837632482,0.2531264307840596,0.13677811733366246,0.4777062815548481,0.2405597313764308,0.27112125750903066,-0.017652411600510818,-0.0094521928505997
116,12.5,6.801530056838774,6.792029504290665,0.2952555758357192,0.2573819397489157,16.152102952140027,16.05726475776237,False,False,0.23041663936964712,0.22848527982645989,0.14484127337911623,0.5120406765445356,0.2402279090727428,0.27072680671168586,-0.017780128858330985,-0.009524341302849461
116,13.0,5.032784532575216,5.062295461239031,0.20603891743950373,0.2479208649823157,16.100057725585877,16.518768907018863,False,False,0.16679913986863754,0.20954760910609488,0.08175911606200378,0.24108420699168917,0.24253808930417692,0.2729727712893282,-0.016913236160410447,-0.009122113487527398
116,13.5,5.78063638785757,5.801263955958338,0.24418500387278452,0.26206588181330814,16.09154075237142,16.332228482751308,False,False,0.1909073353127787,0.21898798344017875,0.11531387573460916,0.3419428398104654,0.24220671097738294,0.27259389871264933,-0.01703443990554598,-0.009188525069091237
116,14.0,5.87422980199879,5.8784798339555575,0.2711222267603011,0.26536186095191605,15.922728098242533,15.96580231112871,False,False,0.18129129816505524,0.18842846185974665,0.2185467287125325,0.4504293005052228,0.24976143941211365,0.2800868202407552,-0.014509780846884824,-0.007975174805126984
116,14.5,6.205300501269059,6.188407217546073,0.2846909463796567,0.2414852352810119,16.04628610887537,15.878831632243521,False,False,0.2011523738034143,0.19228272828519377,0.33659307505260155,0.6136560596583763,0.25192347607825605,0.2821866910769948,-0.013871099747079181,-0.007670054805925545
116,15.0,4.976273098727487,4.9912969489402315,0.21087964358576092,0.22245027987202065,16.084758467552106,16.28853173191774,False,False,0.1638814898150602,0.18508425239367338,0.21620847398563106,0.31801172114664233,0.2566462660187851,0.28683903854440534,-0.012588755787381242,-0.007042195981049166
116,15.5,3.0347751998309502,3.0724886657063846,0.11881915256351427,0.20477063863045938,16.132828159758162,17.088561908094107,False,False,0.10197248503719616,0.17868277261739157,0.08576126244802898,0.08576126244802898,0.2791673685170364,0.3092410534736757,-0.008113315463772239,-0.004754883246471568
116.0,16.0,0.0,0.0,0.0,0.0,0.0,0.0,0.0,0.0,0.0,0.0,0.0,0.0,0.31436523761061275,0.31924419223371103,-0.004363785108088181,-0.004026532809981679
116.0,16.5,0.0,0.0,0.0,0.0,0.0,0.0,0.0,0.0,0.0,0.0,0.0,0.0,0.34360383205360406,0.35512829307745075,-0.0027424813402565982,-0.002308427928442761
116.0,17.0,0.0,0.0,0.0,0.0,0.0,0.0,0.0,0.0,0.0,0.0,0.0,0.0,0.36933804500667167,0.3827067608282039,-0.0018807348281989849,-0.0015619885556610918
116.0,17.5,0.0,0.0,0.0,0.0,0.0,0.0,0.0,0.0,0.0,0.0,0.0,0.0,0.368967569630342,0.3822342646018114,-0.0018906184532619806,-0.001572099155267486
116.0,18.0,0.0,0.0,0.0,0.0,0.0,0.0,0.0,0.0,0.0,0.0,0.0,0.0,0.36410691628220265,0.3731265963174097,-0.002026202922439372,-0.0017831161340421012
116.0,18.5,0.0,0.0,0.0,0.0,0.0,0.0,0.0,0.0,0.0,0.0,0.0,0.0,0.36179856212853245,0.3651233237831705,-0.0020946360474080952,-0.0019969172210265915
116.0,19.0,0.0,0.0,0.0,0.0,0.0,0.0,0.0,0.0,0.0,0.0,0.0,0.0,0.3569379087803931,0.3588924231611325,-0.002247955349201904,-0.0021847482392935613
116.0,19.5,0.0,0.0,0.0,0.0,0.0,0.0,0.0,0.0,0.0,0.0,0.0,0.0,0.3520772554322538,0.3540317698129932,-0.0024148348924194953,-0.002346014173819982
116.0,20.0,0.0,0.0,0.0,0.0,0.0,0.0,0.0,0.0,0.0,0.0,0.0,0.0,0.3472166020841146,0.349171116464854,-0.0025966867065686907,-0.0025216653718797247
116.0,20.5,0.0,0.0,0.0,0.0,0.0,0.0,0.0,0.0,0.0,0.0,0.0,0.0,0.34235594873597525,0.3443104631167147,-0.002795092649040439,-0.002713212789623542
116.0,21.0,0.0,0.0,0.0,0.0,0.0,0.0,0.0,0.0,0.0,0.0,0.0,0.0,0.33749529538783596,0.3394498097685755,-0.0030118276529904143,-0.0029223507114569413
116.0,21.5,0.0,0.0,0.0,0.0,0.0,0.0,0.0,0.0,0.0,0.0,0.0,0.0,0.3326346420396967,0.33458915642043613,-0.0032488865555671534,-0.003150982070544586
116.0,22.0,0.0,0.0,0.0,0.0,0.0,0.0,0.0,0.0,0.0,0.0,0.0,0.0,0.3279366748574131,0.32972850307229684,-0.0034994342830508497,-0.0034012477042762762
116.0,22.5,0.0,0.0,0.0,0.0,0.0,0.0,0.0,0.0,0.0,0.0,0.0,0.0,0.32495666683403424,0.32525038407310813,-0.0036703164889297217,-0.00365303886881711
116.0,23.0,0.0,0.0,0.0,0.0,0.0,0.0,0.0,0.0,0.0,0.0,0.0,0.0,0.3225527249218321,0.3223970141667618,-0.0038154468887130768,-0.0038250810233309202
116.0,23.5,0.0,0.0,0.0,0.0,0.0,0.0,0.0,0.0,0.0,0.0,0.0,0.0,0.3204767687165221,0.32010929373206615,-0.003946306098520576,-0.003970023644171887
116.0,24.0,0.0,0.0,0.0,0.0,0.0,0.0,0.0,0.0,0.0,0.0,0.0,0.0,0.31862455869514766,0.3181427376205501,-0.0040675973545635504,-0.00409987391928976
117.0,0.5,0.0,0.0,0.0,0.0,0.0,0.0,0.0,0.0,0.0,0.0,0.0,0.0,0.3169403945592256,0.3163933426466977,-0.004181757516734227,-0.004219657791585287
117.0,1.0,0.0,0.0,0.0,0.0,0.0,0.0,0.0,0.0,0.0,0.0,0.0,0.0,0.3153900282347236,0.31480543052074955,-0.0042902375736681205,-0.004332010597637276
117.0,1.5,0.0,0.0,0.0,0.0,0.0,0.0,0.0,0.0,0.0,0.0,0.0,0.0,0.3189284495319703,0.3183181691095642,-0.004047395770546557,-0.004088086788471207
117.0,2.0,0.0,0.0,0.0,0.0,0.0,0.0,0.0,0.0,0.0,0.0,0.0,0.0,0.3197730194884754,0.31915148115552894,-0.003991876388994203,-0.004032645455414392
117.0,2.5,0.0,0.0,0.0,0.0,0.0,0.0,0.0,0.0,0.0,0.0,0.0,0.0,0.31812436645021547,0.317502185695756,-0.004101110607354125,-0.004143257454892008
117.0,3.0,0.0,0.0,0.0,0.0,0.0,0.0,0.0,0.0,0.0,0.0,0.0,0.0,0.31661151292523526,0.315994738736117,-0.004204493885123141,-0.004247531352552453
117.0,3.5,0.0,0.0,0.0,0.0,0.0,0.0,0.0,0.0,0.0,0.0,0.0,0.0,0.3152071168589185,0.3145994062114451,-0.004303255894596071,-0.0043468476423075015
117.0,4.0,0.0,0.0,0.0,0.0,0.0,0.0,0.0,0.0,0.0,0.0,0.0,0.0,0.31389260416086223,0.3132962201947825,-0.004398210925609953,-0.004442113423823359
117.0,4.5,0.0,0.0,0.0,0.0,0.0,0.0,0.0,0.0,0.0,0.0,0.0,0.0,0.3126546378601199,0.3120709698215962,-0.004489927491534623,-0.004533959017276612
117.0,5.0,0.0,0.0,0.0,0.0,0.0,0.0,0.0,0.0,0.0,0.0,0.0,0.0,0.31148321078923935,0.31091307208014746,-0.004578820064250355,-0.004622842439595027
117.0,5.5,0.0,0.0,0.0,0.0,0.0,0.0,0.0,0.0,0.0,0.0,0.0,0.0,0.31037054147718024,0.30981435348314884,-0.004665202108504281,-0.004709109087720282
117.0,6.0,0.0,0.0,0.0,0.0,0.0,0.0,0.0,0.0,0.0,0.0,0.0,0.0,0.3093103994169993,0.30876831133726773,-0.004749318342855349,-0.004793027772322022
117,6.5,2.815983033283997,2.8183578913602143,0.14794398710138282,0.15134678145521036,15.571972504477577,15.637190964319034,False,False,0.07649642577313244,0.07845740006814722,0.0884184516170687,0.0884184516170687,0.3082976740553852,0.30776964428881326,-0.004831365174369859,-0.004874813450145158
117,7.0,8.505231537334884,8.52344864652516,0.4801140128335407,0.5131662250203303,30.84222142961145,31.111306269267537,False,False,0.21972442242445844,0.23683860417719083,0.4126195761765267,0.4126195761765267,0.30729796862328174,0.30678338809259825,-0.004914018868266629,-0.004957219813194078
117,7.5,4.7510535753771865,4.65916867945794,0.28814406228703926,0.21196048955087624,15.290498324324178,14.296973470806593,False,False,0.11774394554697336,0.08818911040196875,0.4138423172116777,0.4138423172116777,0.3062541220420936,0.30574894385091,-0.005002126583049312,-0.00504544237164919
117,8.0,11.00120931776273,10.807431738517073,0.7192059040856689,0.5480319322496656,30.230456932173176,28.367914169702367,False,False,0.25852189590920366,0.2004686670780625,0.8949298074890886,0.8949298074890886,0.30527094686118667,0.3047887590327253,-0.005086839630052609,-0.005129010529762112
117,8.5,11.128135341164416,10.78924637219803,0.7788243956507568,0.5225073542889005,29.89401160700932,26.85456673522357,False,False,0.24912319481533818,0.1693954974625479,0.8909039111439303,0.8909039111439303,0.3042051611841466,0.3037576943269112,-0.0051806089845158245,-0.0052205907557270935
117,9.0,5.843752125759416,5.695361912428046,0.39273759811450204,0.2757417442606574,15.045788541411483,13.774867053112366,False,False,0.13456407489461697,0.09595975552016309,0.5117990459232925,0.5117990459232925,0.30316351209354175,0.3027612155378257,-0.0052742514693173755,-0.00531095621089237
117,9.5,5.708313015456219,5.591765492149986,0.3878338647548207,0.2839463485419915,14.999825610521066,13.850344125671075,False,False,0.12971922966517166,0.09574875239077121,0.4013881331094732,0.4013881331094732,0.302248461747448,0.30187316556262084,-0.005358180991842651,-0.005393063190396836
117,10.0,6.045466058048486,5.8874505978659215,0.4168462149033557,0.2893516063026432,14.970211060575167,13.58899318448973,False,False,0.1362282926482622,0.09558162266356324,0.47665061037684137,0.47665061037684137,0.3013752935728876,0.30102490408729177,-0.0054397567768996215,-0.005472907445465052
117,10.5,12.613293345978963,11.73458359844094,1.0561265523552539,0.5878333597188719,29.105722951192455,24.264113951770035,False,True,0.2541747423693083,0.1460906499709917,1.8946024089311626,1.8946024089311626,0.30309175931854654,0.30277017584527643,-0.0052807758502326115,-0.005310135382767228
117,11.0,12.724120796231063,11.505058707995794,1.1569634747500135,0.5898496471660718,28.63290898649293,22.566853621264755,False,True,0.24191876111465904,0.12621772056464106,1.757140379977985,1.757140379977985,0.30190781397601313,0.30165781745697007,-0.005389831452728656,-0.005413201054732238
117,11.5,12.527719990756864,11.027542011848734,1.2532385338808196,0.6034042077212002,28.06000671470165,20.948538355499082,False,True,0.2229210623937632,0.10855649564687327,1.454067113251874,1.454067113251874,0.30075944015010553,0.3005930338893895,-0.005498183573714144,-0.005514098859295391
117,12.0,12.745127860944734,11.283101866942646,1.2431476221687208,0.6064483997548896,28.241344487744076,21.500169592796397,False,True,0.23148508320630348,0.11513821554610293,1.8260523808438271,1.8260523808438271,0.2996656853089387,0.2995928664315397,-0.0056038035470795415,-0.005610920844491359
117,12.5,12.210113486230654,11.476715404363333,0.9944038673171628,0.5747849154153245,29.174514004868897,24.558635447740805,False,False,0.24821306733638981,0.14619643037906638,1.2979550509499613,1.2979550509499613,0.29855184112095423,0.2985704278760274,-0.005713857496458068,-0.00571200000881116
117,13.0,12.044680048306931,11.884607497975116,0.6933928821156047,0.5404199803491871,30.903535970812293,29.579209419735093,False,False,0.3142921348762607,0.2553452663067374,1.2659667915342976,1.2659667915342976,0.31036066151773123,0.3104496343471914,-0.0046659777927533334,-0.004658997993179714
117,13.5,12.117449008193208,11.727714861927097,0.8416936440484512,0.5597504180671264,30.204555855032957,27.959142555967272,False,False,0.2853080183752742,0.20515842610466,2.612625270737663,2.612625270737663,0.30895620661811274,0.30907928802696993,-0.004777823414866722,-0.0047678948990779405
117,14.0,12.416508898546262,11.294956660297036,1.119383103419381,0.5837954584679816,28.6494714379621,22.753604724830595,False,False,0.23653847779135478,0.12557487363311345,1.4982392575465766,1.4982392575465766,0.30744386380633115,0.30761587725091855,-0.004901852144701482,-0.004887553399056916
117,14.5,12.36411306602271,10.726923924880676,1.2814514167042634,0.6028261447667579,27.886173528705854,20.502014498795184,False,False,0.21581343212308313,0.10305563130655558,1.603700314210589,1.603700314210589,0.3061050591486556,0.3063570835220329,-0.005014861528015512,-0.0049933527334888785
117,15.0,11.93275308997121,10.16629805637945,1.3190340750108944,0.6053478645226017,27.533676913913993,19.73120553010393,False,False,0.20052826204988783,0.0934567805964382,1.743973170399026,1.743973170399026,0.30478795894397676,0.3051371905252159,-0.0051290808488423205,-0.005098496072941625
117,15.5,11.596745486635221,10.416922608179473,1.142277619267569,0.6005103211416792,28.156895199158114,21.979703440225023,False,False,0.20861599930968786,0.11124185755942499,1.361117147636842,1.361117147636842,0.30349583354376486,0.3039458422802336,-0.005244158899458148,-0.00520373484725688
117,16.0,10.591878595019304,9.951572688665037,0.9582134874122877,0.5804754100203512,28.559806251811143,23.75236306883868,False,False,0.19963506993158764,0.1216163617095261,0.8014398917738339,0.8014398917738339,0.30231649128071086,0.3028445616026309,-0.005351886748635061,-0.005303326949174645
117,16.5,8.571026413730154,8.275557128819871,0.7904703527877643,0.5587968212492992,28.42365550331311,24.868667694081832,False,False,0.15898160313085855,0.1123341544521255,0.43750417583339674,0.43750417583339674,0.30126860605349426,0.3018530943026556,-0.005449825184011247,-0.00539493633933493
117,17.0,6.019425423877703,5.940650730705633,0.5977000531638247,0.5221119915233903,28.01352363097231,26.28400551574342,False,False,0.10655696746713517,0.09281722244955096,0.19574665569631786,0.19574665569631786,0.30032134742405486,0.30094295228410595,-0.005540201395757303,-0.005480695679065657
117,17.5,6.368979477421806,6.226729294669415,0.6213244378682801,0.5420802583831478,28.111260899217548,25.24810056261453,False,False,0.11398453760847932,0.09927445962101886,0.2376287432015043,0.2376287432015043,0.29945924558371284,0.30009743423238583,-0.005624008944929081,-0.0055618247944675065
117,18.0,2.997296674795671,3.071858628416702,0.2832080582680537,0.4392533409114033,14.130797496113734,15.597115791526129,False,False,0.054564956677732354,0.08430321432416965,0.06940024094470905,0.06940024094470905,0.2986160237401251,0.2992706606881356,-0.005707446382808497,-0.005642542699804783
117.0,18.5,0.0,0.0,0.0,0.0,0.0,0.0,0.0,0.0,0.0,0.0,0.0,0.0,0.29786240311623,0.29850294151985185,-0.005783268487646743,-0.0057187477699095855
117.0,19.0,0.0,0.0,0.0,0.0,0.0,0.0,0.0,0.0,0.0,0.0,0.0,0.0,0.297176953722048,0.29782275170572603,-0.005853276141480709,-0.0057872909596607715
117.0,19.5,0.0,0.0,0.0,0.0,0.0,0.0,0.0,0.0,0.0,0.0,0.0,0.0,0.29651314850453264,0.29716371332793495,-0.005922037652725595,-0.005854638344476975
117.0,20.0,0.0,0.0,0.0,0.0,0.0,0.0,0.0,0.0,0.0,0.0,0.0,0.0,0.29586959050451445,0.296524462371178,-0.005989622592668063,-0.005920857648581011
117.0,20.5,0.0,0.0,0.0,0.0,0.0,0.0,0.0,0.0,0.0,0.0,0.0,0.0,0.2952450418614464,0.29590379233542047,-0.006056091677039923,-0.005986007752297646
117.0,21.0,0.0,0.0,0.0,0.0,0.0,0.0,0.0,0.0,0.0,0.0,0.0,0.0,0.2946383956671297,0.29530062601855417,-0.006121498557229863,-0.006050140493735063
117.0,21.5,0.0,0.0,0.0,0.0,0.0,0.0,0.0,0.0,0.0,0.0,0.0,0.0,0.29404865431542515,0.2947139938312609,-0.006185891171985749,-0.006113302030505274
117.0,22.0,0.0,0.0,0.0,0.0,0.0,0.0,0.0,0.0,0.0,0.0,0.0,0.0,0.29347491261035596,0.2941430169025543,-0.006249312778545785,-0.006175533879584852
117.0,22.5,0.0,0.0,0.0,0.0,0.0,0.0,0.0,0.0,0.0,0.0,0.0,0.0,0.29291634440533293,0.293586893743089,-0.006311802747546348,-0.006236873719338716
117.0,23.0,0.0,0.0,0.0,0.0,0.0,0.0,0.0,0.0,0.0,0.0,0.0,0.0,0.2923721918955252,0.29304488958235975,-0.006373397182200605,-0.006297356014161998
117.0,23.5,0.0,0.0,0.0,0.0,0.0,0.0,0.0,0.0,0.0,0.0,0.0,0.0,0.29184175692775916,0.2925163277387172,-0.00643412940557748,-0.0063570125056807945
117.0,24.0,0.0,0.0,0.0,0.0,0.0,0.0,0.0,0.0,0.0,0.0,0.0,0.0,0.2913243938626035,0.2920005825521514,-0.006494030348031227,-0.006415872602743026
118.0,0.5,0.0,0.0,0.0,0.0,0.0,0.0,0.0,0.0,0.0,0.0,0.0,0.0,0.29081950364429854,0.29149707353161314,-0.006553128858419169,-0.006473963694041649
118.0,1.0,0.0,0.0,0.0,0.0,0.0,0.0,0.0,0.0,0.0,0.0,0.0,0.0,0.2903265288210934,0.2910052604563371,-0.0066114519566797085,-0.0065313114011444065
118.0,1.5,0.0,0.0,0.0,0.0,0.0,0.0,0.0,0.0,0.0,0.0,0.0,0.0,0.28984494932160204,0.2905246392343701,-0.006669025040930865,-0.006587939785277026
118.0,2.0,0.0,0.0,0.0,0.0,0.0,0.0,0.0,0.0,0.0,0.0,0.0,0.0,0.28937427883895095,0.2900547383682686,-0.006725872059016803,-0.006643871517951774
118.0,2.5,0.0,0.0,0.0,0.0,0.0,0.0,0.0,0.0,0.0,0.0,0.0,0.0,0.28891406170861356,0.2895951159125311,-0.006782015652041061,-0.006699128023122141
118.0,3.0,0.0,0.0,0.0,0.0,0.0,0.0,0.0,0.0,0.0,0.0,0.0,0.0,0.2884638701912533,0.2891453568331576,-0.006837477275650593,-0.006753729596745863
118.0,3.5,0.0,0.0,0.0,0.0,0.0,0.0,0.0,0.0,0.0,0.0,0.0,0.0,0.2880233020910231,0.2887050706991565,-0.006892277303505009,-0.006807695508289472
118.0,4.0,0.0,0.0,0.0,0.0,0.0,0.0,0.0,0.0,0.0,0.0,0.0,0.0,0.28759197865425806,0.28827388965055406,-0.0069464351163657945,-0.006861044087688325
118.0,4.5,0.0,0.0,0.0,0.0,0.0,0.0,0.0,0.0,0.0,0.0,0.0,0.0,0.2871695427045833,0.2878514665987226,-0.0069999691794814,-0.006913792800502627
118.0,5.0,0.0,0.0,0.0,0.0,0.0,0.0,0.0,0.0,0.0,0.0,0.0,0.0,0.2867556569789897,0.2874374736235173,-0.007052897110367599,-0.006965958313419057
118.0,5.5,0.0,0.0,0.0,0.0,0.0,0.0,0.0,0.0,0.0,0.0,0.0,0.0,0.2889682645385445,0.2896498355941717,-0.006775374316381107,-0.006692520903764789
118.0,6.0,0.0,0.0,0.0,0.0,0.0,0.0,0.0,0.0,0.0,0.0,0.0,0.0,0.28851992171346286,0.28920112448225316,-0.00683054259941187,-0.006746930581169262
118,6.5,2.347105635820935,2.3703977453048717,0.07031652233780304,0.14570679093275174,16.5953485357223,17.55710374036475,False,False,0.09801744634703966,0.20586537933912827,0.04112821960578799,0.04112821960578799,0.29069664646892757,0.29137730932997535,-0.00656760635840848,-0.006487873314401908
118,7.0,3.531454467011724,3.5617963872597045,0.11275086504860493,0.18416581531621506,16.52634287113645,17.28922201344366,False,False,0.14232073170392223,0.24109465559895335,0.15237028905829428,0.15237028905829428,0.2902011340130144,0.29087152863037413,-0.006626385756903882,-0.006547009691657971
118,7.5,4.425163255162534,4.447082866480356,0.1490025899079739,0.17971834891398836,16.479922352639782,16.871900422092267,False,False,0.17423985451927665,0.22331155048393145,0.26495815978385345,0.26495815978385345,0.28969929459945715,0.2903598161320204,-0.006686555663288289,-0.006607494367117397
118,8.0,4.098485642599416,4.134390722361539,0.14301390462331348,0.22477652704312281,16.370850263439596,17.13747013215608,False,False,0.15310997223221073,0.2480056908495121,0.17157608494494525,0.17157608494494525,0.28919085231021086,0.28984658405050606,-0.00674818231898238,-0.006668828600192472
118,8.5,4.279697071758146,4.31362230557521,0.17267261727301975,0.2403734145699707,16.10433271054006,16.767870158852343,False,False,0.1420930351437792,0.20157421442121906,0.18006995862941222,0.18006995862941222,0.2913202054734268,0.2919644281416204,-0.006494517989627717,-0.006420023074368339
118,9.0,4.3204044391700815,4.344940569566381,0.19292590902574447,0.23569649415263996,15.903604994897428,16.361724962945452,False,False,0.1323548629750786,0.16343080291695483,0.17722069591150988,0.17722069591150988,0.2907875904802693,0.29142199684879394,-0.006556885849490908,-0.006482679068667082
118,9.5,6.473566500803844,6.392085922009213,0.3671000452894665,0.2853070200463129,15.494436161946707,14.834872727119702,False,False,0.17131836552379875,0.13932225633338274,0.6890048567953747,0.6890048567953747,0.290266787311261,0.29089446133329255,-0.0066185618198822994,-0.00654431451451507
118,10.0,12.170655984352152,11.694267577528429,0.8714149888523577,0.5498556380123655,29.83899571404205,26.39826997201577,False,False,0.2703686378981318,0.17447290381086028,1.120813849059887,1.120813849059887,0.2896715802364776,0.29030830785594525,-0.0066898975062078155,-0.006613619476799965
118,10.5,12.94248657169874,11.753929387219785,1.162620052668238,0.5988889243386739,28.704429286483624,22.818271931230043,False,False,0.24819196234920216,0.1305877245132895,1.5294684964975762,1.5294684964975762,0.28896919476152405,0.2896454474643104,-0.0067752604061628325,-0.006693050461381731
118,11.0,13.1331625868184,11.371563283484711,1.3361151397746815,0.6168676466774066,28.014123939099836,20.56761599319328,False,False,0.23250117695005446,0.10909205479571835,1.5858765961039119,1.5858765961039119,0.2881889480379059,0.28893550846033966,-0.006871612274535062,-0.006779386908863023
118,11.5,13.250336761735932,10.861208141480091,1.4831524271800347,0.6203347521092305,27.476641207120608,18.795259337417516,False,True,0.2213364949513836,0.0938135189834707,1.6283923689563335,1.6283923689563335,0.28739002565456134,0.2882266381010518,-0.006971966937334544,-0.006866920595251873
118,12.0,12.3835095051076,10.278652452068535,1.4303238794035456,0.6133483419323393,27.245527172836105,18.430959726786632,False,False,0.20195573789159826,0.08694721378355601,1.152008524848832,1.152008524848832,0.28657694263935596,0.2875218333411095,-0.007075898515319097,-0.006955290560438417
118,12.5,12.391679449789677,10.039519377217724,1.5119126425551843,0.6284763352652587,26.927152432501913,17.656978559808383,False,False,0.19570150548461646,0.08158574988049407,1.163679273391534,1.163679273391534,0.2858407310997222,0.28688799309056906,-0.007171600014431291,-0.007035922203416131
118,13.0,13.446328221400528,9.650930328572656,1.8430606979742616,0.6491290516207231,26.311663932332145,15.995461594356613,False,True,0.20120490101105468,0.07214691667249937,2.473054056676904,2.473054056676904,0.2851015613564598,0.2862596027757267,-0.007269241622394946,-0.007116962351435782
118,13.5,12.887357869230506,8.68539762682349,1.9628595379062344,0.6538564027935303,25.705201657453316,15.03616084569357,False,True,0.182452242674282,0.06206903501843801,2.817132669930294,2.817132669930294,0.28416180333704966,0.28547013425831075,-0.007395677091671884,-0.0072203578405256605
118,14.0,12.105184898676585,7.8180381955532035,1.9745058695674758,0.6393544822144159,25.320928631974066,14.672093103075632,False,True,0.1656147421809342,0.054915504886465405,3.0866484420448383,3.173951904453548,0.2831709842579262,0.28464421516956206,-0.007531830653363131,-0.007330448745713471
118,14.5,12.570773992190656,7.922150010986627,2.073191525992752,0.6510105508053933,25.20306689630175,13.856167658221601,False,True,0.16951539996421072,0.0537684322578955,1.9228854007695049,2.1251298850815283,0.2821520087146339,0.2837822967579988,-0.007674980115482294,-0.007447477724066664
118,15.0,11.708310842776907,7.533590934017425,1.936524110349586,0.6357208997466439,25.174080086553584,14.445333480417759,False,False,0.1582518784417481,0.052712367612109,1.8798224763642541,2.2078243473885144,0.2812760845863676,0.2830598268860913,-0.007800630382281246,-0.007547290938349671
118,15.5,11.312205095973855,7.0106261667354595,2.0204125390125145,0.6498645161683234,24.722888061305515,13.931584089474466,False,False,0.1471448957056777,0.04807495936556407,1.9761486425017534,2.3803549537725086,0.2804300707687285,0.28233573174549864,-0.007924323590322812,-0.007648932068603907
118,16.0,10.2426649396044,6.529225295109885,1.849331632385345,0.6450273673608323,24.61579497530758,14.486253779785853,False,False,0.13205668721759856,0.04648694196298997,1.3180762497525569,1.6292761328394243,0.27956780460877145,0.28159452218752795,-0.008052805360361794,-0.00775466935088217
118,16.5,9.42223167587687,6.260419365906392,1.7261084925706887,0.6499811112092141,24.485121219292058,14.451202492197595,False,False,0.11976871364060995,0.04502212883394193,0.6240654158283724,0.7906258871186157,0.2788176409398838,0.2809560468823154,-0.008166606602589164,-0.00784714975106661
118,17.0,7.303868109922703,5.518945655655571,1.333905419825824,0.6264499070871541,24.48339372925888,15.674812724563914,False,False,0.09282876685526925,0.04339483400041795,0.28553789775342486,0.3703676933504734,0.27817780879447146,0.28042996901262274,-0.008265187141909814,-0.007924338607745841
118.0,17.5,0.0,0.0,0.0,0.0,0.0,0.0,0.0,0.0,0.0,0.0,0.0,0.0,0.27763705030652613,0.2799663705079042,-0.008349610275473837,-0.007993111049570309
118.0,18.0,0.0,0.0,0.0,0.0,0.0,0.0,0.0,0.0,0.0,0.0,0.0,0.0,0.2773083978376121,0.27963550980407526,-0.00840142147648502,-0.008042627612381795
118.0,18.5,0.0,0.0,0.0,0.0,0.0,0.0,0.0,0.0,0.0,0.0,0.0,0.0,0.27698527656231925,0.2793101581872333,-0.008452734567413828,-0.008091676498676204
118.0,19.0,0.0,0.0,0.0,0.0,0.0,0.0,0.0,0.0,0.0,0.0,0.0,0.0,0.27666749457377915,0.27899012680780033,-0.008503564371755541,-0.008140271425329458
118.0,19.5,0.0,0.0,0.0,0.0,0.0,0.0,0.0,0.0,0.0,0.0,0.0,0.0,0.27898466391435284,0.2813047469088583,-0.00814110394799668,-0.007796480197675891
118.0,20.0,0.0,0.0,0.0,0.0,0.0,0.0,0.0,0.0,0.0,0.0,0.0,0.0,0.27863668247665274,0.28095421439676693,-0.008194344566912664,-0.0078474170638665
118.0,20.5,0.0,0.0,0.0,0.0,0.0,0.0,0.0,0.0,0.0,0.0,0.0,0.0,0.27829551382433715,0.2806104940500219,-0.008246946063409092,-0.00789774951672059
118.0,21.0,0.0,0.0,0.0,0.0,0.0,0.0,0.0,0.0,0.0,0.0,0.0,0.0,0.2779608444700481,0.2802732736624764,-0.008298936845855323,-0.007947504387841356
118.0,21.5,0.0,0.0,0.0,0.0,0.0,0.0,0.0,0.0,0.0,0.0,0.0,0.0,0.27763238657509937,0.27994226670476974,-0.008350342833178622,-0.00799670613092008
118.0,22.0,0.0,0.0,0.0,0.0,0.0,0.0,0.0,0.0,0.0,0.0,0.0,0.0,0.2773098749795554,0.27961720932535195,-0.00840118775340029,-0.008045377110036209
118.0,22.5,0.0,0.0,0.0,0.0,0.0,0.0,0.0,0.0,0.0,0.0,0.0,0.0,0.27962233281640614,0.2819268080397163,-0.008044607234431459,-0.007707053136057069
118.0,23.0,0.0,0.0,0.0,0.0,0.0,0.0,0.0,0.0,0.0,0.0,0.0,0.0,0.2792702523535437,0.2815718916288633,-0.00809771707081576,-0.007757925016442137
118.0,23.5,0.0,0.0,0.0,0.0,0.0,0.0,0.0,0.0,0.0,0.0,0.0,0.0,0.2789255236281292,0.2812243490525637,-0.008150123183196642,-0.007808128136998277
118.0,24.0,0.0,0.0,0.0,0.0,0.0,0.0,0.0,0.0,0.0,0.0,0.0,0.0,0.2785877693559299,0.2808838022260109,-0.008201861408000624,-0.00785769662236288
119.0,0.5,0.0,0.0,0.0,0.0,0.0,0.0,0.0,0.0,0.0,0.0,0.0,0.0,0.27825664616056983,0.2805499071869308,-0.008252964184945484,-0.00790666133953746
119.0,1.0,0.0,0.0,0.0,0.0,0.0,0.0,0.0,0.0,0.0,0.0,0.0,0.0,0.27793184038733293,0.28022234986018574,-0.008303460983483918,-0.007955050309470146
119.0,1.5,0.0,0.0,0.0,0.0,0.0,0.0,0.0,0.0,0.0,0.0,0.0,0.0,0.2776130645451118,0.27990084246071123,-0.008353378665668857,-0.00800288905700599
119.0,2.0,0.0,0.0,0.0,0.0,0.0,0.0,0.0,0.0,0.0,0.0,0.0,0.0,0.277300054267733,0.2795851204238861,-0.008402741796301957,-0.00805020090976616
119.0,2.5,0.0,0.0,0.0,0.0,0.0,0.0,0.0,0.0,0.0,0.0,0.0,0.0,0.2769925657070901,0.2792749397741104,-0.008451572909138061,-0.008097007254481627
119.0,3.0,0.0,0.0,0.0,0.0,0.0,0.0,0.0,0.0,0.0,0.0,0.0,0.0,0.2766903732871402,0.2789700748593466,-0.00849989273627561,-0.00814332775770624
119.0,3.5,0.0,0.0,0.0,0.0,0.0,0.0,0.0,0.0,0.0,0.0,0.0,0.0,0.2763932677609424,0.27867031639278084,-0.008547720406562185,-0.008189180556567897
119.0,4.0,0.0,0.0,0.0,0.0,0.0,0.0,0.0,0.0,0.0,0.0,0.0,0.0,0.27610105452335293,0.2783754697534074,-0.008595073617806292,-0.008234582424206202
119.0,4.5,0.0,0.0,0.0,0.0,0.0,0.0,0.0,0.0,0.0,0.0,0.0,0.0,0.2758135521403358,0.27808535350584984,-0.008641968786754528,-0.008279548913736329
119.0,5.0,0.0,0.0,0.0,0.0,0.0,0.0,0.0,0.0,0.0,0.0,0.0,0.0,0.2755305910625684,0.27779979810658517,-0.008688421180120715,-0.008324094483924151
119.0,5.5,0.0,0.0,0.0,0.0,0.0,0.0,0.0,0.0,0.0,0.0,0.0,0.0,0.275252012496454,0.277518644769267,-0.008734445029408643,-0.008368232609229209
119.0,6.0,0.0,0.0,0.0,0.0,0.0,0.0,0.0,0.0,0.0,0.0,0.006769282191491246,0.008492297623094289,0.2749776674100783,0.27724174446635486,-0.008780053631824642,-0.008411975876438627
119,6.5,3.02994119903465,3.0539035355294066,0.09409441105586568,0.14589870159508272,16.570816885097745,17.255327694147194,False,False,0.12492432516474103,0.1998105877127573,0.09860010280301802,0.12365851034148351,0.2747065530267648,0.2769678748507764,-0.008825404177011891,-0.008455508617103008
119,7.0,4.009448734867898,4.038779016983519,0.13320685758861267,0.18404097099337163,16.48865197675282,17.068931200098454,False,False,0.15855637453590368,0.22905381072064482,0.18769959612917084,0.23524157580763438,0.2744157069623624,0.2766647178376473,-0.008874365994258185,-0.008504010118177642
119,7.5,4.966942799315617,4.968502370945046,0.20203630949644444,0.19509660357246067,16.16360030850718,16.178794290134046,False,False,0.16909403347613522,0.17185741101917795,0.34215580548430563,0.4285944260296293,0.2741123591554017,0.2763463370924656,-0.0089257776007283,-0.008555304538586387
119,8.0,4.806609740103844,4.808275288893356,0.22241074888572165,0.22180954168186381,15.859287861596856,15.882563926071933,False,False,0.14477849742510765,0.14738857478077771,0.21690252112902605,0.2718391478263648,0.2737842762690313,0.2760056463302287,-0.008981781310259783,-0.008610602174816148
119,8.5,5.397104653367104,5.358209342790382,0.28857504305246734,0.24403486670075789,15.56375822016206,15.106842181990304,False,False,0.14620266535232526,0.125920908685957,0.2901163033377694,0.36378571670710597,0.2734731656434371,0.2756851539322714,-0.00903527500572867,-0.008663010551952687
119,9.0,11.827462794586882,11.60651429985866,0.7384707718628094,0.5476080503958202,30.48375304959415,28.587193018888165,False,False,0.28874223660695436,0.2198248006434229,0.8354291780786429,1.0490274342999282,0.27314779511895676,0.2753536331284637,-0.00909162722146875,-0.00871762275088668
119,9.5,12.581118957446934,11.767265043058796,1.0159062155507714,0.5770739517283593,29.334826393105637,24.92969890654237,False,False,0.2611040047609287,0.15464359208919498,1.5586116345230678,1.9673206575828865,0.2726990033234292,0.2748995251633579,-0.009170043985302278,-0.008793096303172921
119,10.0,12.696878618899355,11.546826418288283,1.1613289133623061,0.6027972232527625,28.656996194345304,23.12242781955107,False,False,0.2434247041189747,0.13163547133950732,1.7826290981079906,2.273391752118432,0.2721260053514105,0.2743279662436499,-0.009271337612690429,-0.008889200003470255
119,10.5,12.874023270511579,11.354579317829991,1.2521366871959885,0.5994761965938441,28.32739615401931,21.645163805827423,False,True,0.23614624284122637,0.11697251363011812,1.6180375511429068,2.0915810808786865,0.27150914291806677,0.27371735938650726,-0.009381879395889747,-0.008993255362787765
119,11.0,12.419516853098546,10.617316408028152,1.3344813500634076,0.6052564199851233,27.781299019487165,20.54212996079667,False,True,0.2153974935022834,0.10162337040543132,1.9360378016054272,2.5441791672000864,0.27090481049855586,0.2731334910697005,-0.009491701930014829,-0.009094114191253118
119,11.5,12.53024061198619,10.344348692281123,1.4723463093019344,0.6272469714125037,27.302127958827683,19.285360858404793,False,True,0.20657719938684665,0.09188116734883892,2.1012605326122276,2.816015791453172,0.2702525057112139,0.272494274117986,-0.009611965775411898,-0.009206083554846412
119,12.0,12.990220520332775,10.385089815795027,1.565076273407351,0.6315517882815618,27.055331027768162,18.029261311784094,False,True,0.20887177726332443,0.08650066764716194,1.4804717031970114,2.033337882535496,0.26956454315153733,0.27182059852633333,-0.009740776304387662,-0.009325871426174305
119,12.5,13.071861698275622,10.533863943278932,1.5491933296135638,0.6380043872116656,27.144301887986607,18.177126840381703,False,True,0.2109921563421457,0.08854444458424572,1.1232363388116118,1.5883476352908414,0.26894676241323306,0.27124902199301165,-0.009858202448450069,-0.00942896337195481
119,13.0,12.804724712874044,9.826845072326961,1.658416731747407,0.6359659256147385,26.61608940718436,16.88477666002879,False,True,0.19715913146966807,0.07736611398978835,1.2486361143143254,1.8216125736850777,0.2683793464739939,0.27073616579256626,-0.009967544123437703,-0.009522621862933825
119,13.5,12.691691235352067,9.948017375320743,1.6068113799845145,0.6402356073206841,26.74189401439856,17.43979974157465,False,True,0.19776845242657856,0.08053190419054881,1.0805805765293697,1.6371742800387612,0.2677847796371541,0.2701966104868046,-0.01008367181467143,-0.009622355248893898
119,14.0,12.23511141786362,9.237967429385026,1.6635853579224142,0.6375828824909816,26.321680958800847,16.591946607408925,False,True,0.18310955652984146,0.07165284290467205,0.9989743079846904,1.5752665728904554,0.26722088590603627,0.26968271460003307,-0.010195300918226487,-0.009718504877063964
119,14.5,12.574168411545863,9.44848723208794,1.6938271238748868,0.6396216786110794,26.33955287192866,16.032872746126063,False,True,0.187637703992752,0.07152088835075462,0.602276471541932,0.9950827912832689,0.26666277370049096,0.26917968181859186,-0.010307238317528814,-0.009813732713982217
119,15.0,12.134756609274948,9.129616094438926,1.6753181797837329,0.6460939512071892,26.202632503342357,16.108503924959386,False,True,0.178784327136339,0.06968485937339572,0.5677322150636211,0.9889442323841431,0.26615391555780704,0.26875289811091835,-0.010410575398432037,-0.009895398830471806
119,15.5,11.639798786566477,9.228807253240962,1.5214875231108915,0.6330744400352101,26.471821522012227,16.918953815434445,False,False,0.17587677424609288,0.07336430701042318,0.32091761645726496,0.5924345429271051,0.2656543144945953,0.26832858713340496,-0.010513235705673862,-0.009977395739540172
119,16.0,11.468588505596518,9.02133803072664,1.5161607816025482,0.6321259219288479,26.47579010404761,17.28489223486949,False,False,0.1740962644159016,0.07406063457209419,0.6850530695515533,1.2032122242600638,0.2678508744571081,0.27060130773976115,-0.010070683176511858,-0.009547433609670187
119,16.5,11.460494632188942,8.837013174267014,1.574475843859338,0.6341389432635254,26.215878920774784,16.32948718707926,False,False,0.16960519211198719,0.06921194354192153,0.5782749635552267,1.0666842286161378,0.2673328542801563,0.27012749283281007,-0.010173018831370857,-0.009635220937509448
119,17.0,10.272749135488542,8.361340560393636,1.3632676181600736,0.6224361065894093,26.40309971396377,17.474255130652004,False,False,0.15421410250292078,0.07086737437798844,0.34817573481820563,0.6801278865862549,0.26682434420641415,0.2696741855373685,-0.010274683104537524,-0.00972011029168319
119,17.5,8.363931976692715,7.272777645027885,1.0560262159010054,0.6043408042162914,26.65389990489822,19.434777910531395,False,False,0.12860269505271554,0.07366443766766198,0.17675889175169962,0.36411510340892683,0.26637529658404807,0.2692748855341104,-0.01036546715088928,-0.009795624946551425
119,18.0,8.010847244661608,7.185110663291456,0.9783382590639229,0.5875965311769421,26.819404439810867,19.616843515301625,False,False,0.12517612856081392,0.0749994615477336,0.1379243243732707,0.2962099409000383,0.26599036845461643,0.2689213142350072,-0.010444049760538213,-0.009863075632380106
119,18.5,6.102802350764435,5.824502422834042,0.7075675355527012,0.5637460540138475,27.069661716712055,21.389780199397393,False,False,0.09776456994229218,0.07735857995431612,0.06552170467402581,0.1466183012395527,0.26562331490905977,0.26858158461563736,-0.010519645291037466,-0.009928407677417319
119.0,19.0,0.0,0.0,0.0,0.0,0.0,0.0,0.0,0.0,0.0,0.0,0.0,0.0,0.2653029270214994,0.26826691931584745,-0.010586163314181376,-0.009989380138729275
119.0,19.5,0.0,0.0,0.0,0.0,0.0,0.0,0.0,0.0,0.0,0.0,0.0,0.0,0.26508390336444326,0.26804565230752614,-0.010631924863717356,-0.010032522131586534
119.0,20.0,0.0,0.0,0.0,0.0,0.0,0.0,0.0,0.0,0.0,0.0,0.0,0.0,0.26486764470543916,0.267827176909751,-0.010677340144519258,-0.01007533781170205
119.0,20.5,0.0,0.0,0.0,0.0,0.0,0.0,0.0,0.0,0.0,0.0,0.0,0.0,0.26465407288643206,0.26761141436279223,-0.010722418207556197,-0.01011783568289894
119.0,21.0,0.0,0.0,0.0,0.0,0.0,0.0,0.0,0.0,0.0,0.0,0.0,0.0,0.2644431136037814,0.26739828980817476,-0.010767167632110629,-0.010160023801787274
119.0,21.5,0.0,0.0,0.0,0.0,0.0,0.0,0.0,0.0,0.0,0.0,0.0,0.0,0.2642346961328807,0.26718773200734414,-0.010811596561050133,-0.010201909811635549
119.0,22.0,0.0,0.0,0.0,0.0,0.0,0.0,0.0,0.0,0.0,0.0,0.0,0.0,0.26402875307773155,0.2669796730860776,-0.010855712732858671,-0.010243500973096533
119.0,22.5,0.0,0.0,0.0,0.0,0.0,0.0,0.0,0.0,0.0,0.0,0.0,0.0,0.2638252201428058,0.2667740483018659,-0.010899523510771858,-0.010284804192124946
119.0,23.0,0.0,0.0,0.0,0.0,0.0,0.0,0.0,0.0,0.0,0.0,0.0,0.0,0.26362403592485123,0.2665707958318304,-0.01094303590931981,-0.010325826045383435
119.0,23.5,0.0,0.0,0.0,0.0,0.0,0.0,0.0,0.0,0.0,0.0,0.0,0.0,0.2634251417225791,0.26636985657903295,-0.010986256618544955,-0.010366572803398356
119.0,24.0,0.0,0.0,0.0,0.0,0.0,0.0,0.0,0.0,0.0,0.0,0.0,0.0,0.26322848136241284,0.26617117399529167,-0.011029192026131063,-0.010407050451695711
120.0,0.5,0.0,0.0,0.0,0.0,0.0,0.0,0.0,0.0,0.0,0.0,0.0,0.0,0.26303400103869046,0.26597469391883394,-0.01107184823765267,-0.010447264710121496
120.0,1.0,0.0,0.0,0.0,0.0,0.0,0.0,0.0,0.0,0.0,0.0,0.0,0.0,0.26284164916689445,0.26578036442531183,-0.01111423109513034,-0.010487221050527053
120.0,1.5,0.0,0.0,0.0,0.0,0.0,0.0,0.0,0.0,0.0,0.0,0.0,0.0,0.2626513762486442,0.26558813569087103,-0.011156346194056938,-0.010526924712980086
120.0,2.0,0.0,0.0,0.0,0.0,0.0,0.0,0.0,0.0,0.0,0.0,0.0,0.0,0.2624631347473284,0.26539795986611064,-0.011198198899041046,-0.010566380720643994
120.0,2.5,0.0,0.0,0.0,0.0,0.0,0.0,0.0,0.0,0.0,0.0,0.0,0.0,0.2622768789733722,0.26520979095990005,-0.01123979435819913,-0.010605593893452595
120.0,3.0,0.0,0.0,0.0,0.0,0.0,0.0,0.0,0.0,0.0,0.0,0.0,0.0,0.2620925649782494,0.2650235847321293,-0.011281137516412468,-0.010644568860694082
120.0,3.5,0.0,0.0,0.0,0.0,0.0,0.0,0.0,0.0,0.0,0.0,0.0,0.0,0.2619101504564369,0.2648392985945701,-0.011322233127554109,-0.010683310072605272
120.0,4.0,0.0,0.0,0.0,0.0,0.0,0.0,0.0,0.0,0.0,0.0,0.0,0.0,0.26172959465459833,0.2646568915191111,-0.011363085765779045,-0.010721821811067069
120.0,4.5,0.0,0.0,0.0,0.0,0.0,0.0,0.0,0.0,0.0,0.0,0.0,0.0,0.2615508582873545,0.26447632395270504,-0.011403699835961886,-0.010760108199482806
120.0,5.0,0.0,0.0,0.0,0.0,0.0,0.0,0.0,0.0,0.0,0.0,0.0,0.0,0.2613739034590653,0.2642975577384381,-0.011444079583357223,-0.010798173211912206
120.0,5.5,0.0,0.0,0.0,0.0,0.0,0.0,0.0,0.0,0.0,0.0,0.0,0.0,0.26119869359110254,0.264120556042187,-0.011484229102551242,-0.010836020681526842
120,6.0,2.1935559305109873,2.193353195171741,0.12502093367926692,0.1252173134041475,15.384610313116069,15.377447797152483,False,False,0.05600445711432864,0.05607895095851598,0.008351906418119972,0.019214631248054233,0.26102519335415003,0.26394528328438505,-0.011524152345765074,-0.01087365430844644
120,6.5,3.041996148960482,3.030229363025292,0.1792188831393102,0.16438154692720672,15.313605297617837,15.037494343781425,False,False,0.0759355860350612,0.06986076902884578,0.02273476804606629,0.05253594009592645,0.2608363725323622,0.26375329971120404,-0.011567788989926206,-0.01091505484474622
120,7.0,4.066055781957327,4.002713223973397,0.25289939929718275,0.19279950578647176,15.209061742396917,14.289170343961851,False,False,0.09827427769092083,0.07576674881468805,0.050495925256749556,0.11748942053991888,0.2606404547388239,0.2635537403963767,-0.011613274021791308,-0.010958288293612947
120,7.5,4.881935216743125,4.740315729696907,0.32939003531441047,0.2226865026200553,15.032757036706357,13.58343337746453,False,False,0.11199380496439178,0.07696746132472114,0.07633073909485893,0.17956036282514515,0.26043322047885875,0.26334391161140414,-0.011661618438996267,-0.01100396680657977
120,8.0,5.52942141798877,5.2657003418509065,0.41409580184932004,0.24950484627276595,14.788420210006555,12.72677139160285,False,False,0.11849694472681291,0.07275715417651855,0.09567779652973211,0.2285969069459864,0.2602145262078841,0.26312396232679697,-0.011712896568721423,-0.011052092251454568
120,8.5,10.38158658697261,10.052863109008136,0.8267348334892827,0.5693977330586628,29.205790081933642,26.065428741348178,False,False,0.21188874601240865,0.14730835566272904,0.12589578532666748,0.3072294861075863,0.25998412185210573,0.2628959144198122,-0.011767211299813975,-0.011102254731520366
120,9.0,6.25876927526792,5.799122615634125,0.5529570442041608,0.3044217507226659,14.348368126938135,11.581054094202191,False,False,0.11991026648565611,0.06671063294593514,0.09844831887140724,0.25079404201634964,0.2596988036264444,0.2626186198308626,-0.011834887719384039,-0.0111636156861308
120,9.5,11.239799125055185,10.488270684861616,1.0231752922869857,0.5774301971410732,14.25396477122217,11.500558803939457,False,False,0.21055289763571283,0.12030297460975592,0.13447842322557393,0.3541196952159692,0.25945336387256324,0.26238379376473775,-0.01189347643939672,-0.011215895214238955
120,10.0,12.172815807891315,10.85321418919239,1.2431831960489035,0.6217122646167917,27.919593734160493,21.023442272914284,False,False,0.21325637830728494,0.10756670054809268,0.1619956017996773,0.4558707730841942,0.2591448766869703,0.26210249305295025,-0.011967606048786291,-0.011278905954856368
120,10.5,5.0116340405269435,4.741092444125773,0.5071758258558222,0.3254694940988283,13.936087269828967,11.729456480206155,False,False,0.08734303536105742,0.05562182975061633,0.03474617554014928,0.10748168506109064,0.2588062854143064,0.26180403888776194,-0.012049604322766942,-0.01134622073669314
120,11.0,3.9237221954537835,3.94955031784532,0.23485036733888962,0.27512087719881845,15.26226010595426,15.692352586899762,False,False,0.09639234746055338,0.112761588659337,0.019191865729549097,0.06181171949789543,0.2585791143756767,0.2615891619900022,-0.012104994750742785,-0.01139498158536349
120,11.5,5.591573527020387,5.614136701860647,0.2373623640663577,0.265370628079656,16.0405082055902,16.3324416159491,False,False,0.1808318509159817,0.21174694040086586,0.04347568644919371,0.14222349910757803,0.25839001670313383,0.261387925859233,-0.012151333354922106,-0.011440873569914809
120,12.0,6.291756535116653,6.309302570299275,0.24551681417161503,0.2565453347106331,16.25394556164522,16.44797004918859,False,False,0.22281165108505743,0.2513802046158166,0.058139142196343994,0.193412781966407,0.2581988681490068,0.2611790655139736,-0.012198389493664944,-0.01148873734202133
120,12.5,5.7311606186260375,5.7661443094760525,0.215353003586107,0.26497512625905534,16.289068138416656,16.745428835768436,False,False,0.20618330058913217,0.27053611596778515,0.043705006710157195,0.14813819795953054,0.258006152048372,0.2609661632005934,-0.01224605148482044,-0.01153777315604128
120,13.0,4.670505828564577,4.709277847448567,0.17015325435462988,0.24203442459689808,16.293875210472965,16.939156045273652,False,False,0.16839147801650162,0.24802840869373466,0.02630819028438533,0.09058337249452904,0.2578204364615124,0.26075928958091965,-0.012292192212471983,-0.011585659493534368
120,13.5,2.862836353870238,2.90522404274394,0.09453653141912212,0.23612022827638507,16.40979448680163,17.621796117325584,False,False,0.10894161207647464,0.27448865443807213,0.007585603494430388,0.02642641774310138,0.2576439926984658,0.2605639846835259,-0.012336221375419988,-0.01163108540406381
120,14.0,5.892364484165528,5.928092259451367,0.2030924365770755,0.24817495917407933,16.487557950197647,16.938336849583198,False,False,0.2328908823053871,0.31246534807379495,0.049472002220682994,0.17289898836604134,0.2574808441219363,0.2603788981978498,-0.012377100196633526,-0.011674330593688102
120,14.5,11.919245619957733,11.988031607000433,0.4268062636526212,0.48703950714426514,32.96637994526097,33.76891548665224,False,False,0.47007812712588115,0.607725398463069,0.1094956686124998,0.38890483794330544,0.25729977640208507,0.26017487786206667,-0.012422657986317833,-0.011722221820868748
120,15.0,4.12139676919148,4.1537141072093675,0.15157538588303462,0.21399007284099947,16.275686491997774,16.914356519295204,False,False,0.1473786899093591,0.2131979429504315,0.017255233597952273,0.06363059388051034,0.2570837827896267,0.25991413908271843,-0.012477264944747726,-0.011783768179435846
120,15.5,3.3141497827470427,3.34766204360111,0.14046991877397005,0.21191931426062466,15.998194141831805,16.81418180974953,False,False,0.1053670424687159,0.16003623058706057,0.009326970082799424,0.03482856136460194,0.25691582859970435,0.2597308730854973,-0.01251992443409721,-0.011827257872727835
120,16.0,4.12771775261616,4.131711080467709,0.18247833600900157,0.18470513460628926,15.955337820364177,16.022687604952743,False,False,0.1290226988673618,0.13434435502423678,0.022141041368070737,0.08363220925714812,0.2567514919356885,0.25955274830734465,-0.012561833399259007,-0.011869710921726872
120,16.5,9.91121820551609,9.937726219360076,0.44620508615327176,0.48438139042621825,31.890356660891555,32.22114522870582,False,False,0.30856929715639225,0.3509291631229364,0.05887541066307362,0.22659929022596656,0.25658134206400335,0.25937306011828637,-0.012605401084464535,-0.011912720668694235
120,17.0,8.532975552618437,8.52608263714632,0.4688838715334488,0.48140517043269093,30.975525596678455,30.68610344691178,False,False,0.22531888650592943,0.2351732744684811,0.03898803692810583,0.15740041049500558,0.25637405801615254,0.25913813371104566,-0.012658720660239556,-0.01196923252700994
120,17.5,6.585939910918517,6.627682125922462,0.3990622930654783,0.5079555062672575,30.49765264940131,30.887414518220595,False,False,0.16112534252959898,0.20642567638194353,0.020590129113503806,0.08793885909128646,0.25616755457894835,0.25891355555619044,-0.012712106858552567,-0.012023553959713346
120.0,18.0,0.0,0.0,0.0,0.0,0.0,0.0,0.0,0.0,0.0,0.0,0.0008128092075914675,0.003644530560971084,0.2559734118741468,0.25869557864294596,-0.012762542326060713,-0.01207655981066319
120.0,18.5,0.0,0.0,0.0,0.0,0.0,0.0,0.0,0.0,0.0,0.0,0.00028179369612164515,0.0012635214564380719,0.2558337445228688,0.25855418931985114,-0.012798973376033819,-0.012111090602377713
120.0,19.0,0.0,0.0,0.0,0.0,0.0,0.0,0.0,0.0,0.0,0.0,0.0,0.0,0.25569522948422296,0.25841420197039866,-0.012835226296618048,-0.012145394954804337
120.0,19.5,0.0,0.0,0.0,0.0,0.0,0.0,0.0,0.0,0.0,0.0,0.0,0.0,0.2555578185873096,0.25827545760269766,-0.012871311187743715,-0.012179509004525482
120.0,20.0,0.0,0.0,0.0,0.0,0.0,0.0,0.0,0.0,0.0,0.0,0.0,0.0,0.25542145989557496,0.2581377790025286,-0.012907239315495646,-0.012213473920448494
120.0,20.5,0.0,0.0,0.0,0.0,0.0,0.0,0.0,0.0,0.0,0.0,0.0,0.0,0.25528613775442316,0.2580011503440141,-0.012943012522835392,-0.012247291443060476
120.0,21.0,0.0,0.0,0.0,0.0,0.0,0.0,0.0,0.0,0.0,0.0,0.0,0.0,0.25515183686916654,0.2578655561632516,-0.01297863261365475,-0.01228096327635835
120.0,21.5,0.0,0.0,0.0,0.0,0.0,0.0,0.0,0.0,0.0,0.0,0.0,0.0,0.2550185422932783,0.25773098134655154,-0.013014101354086227,-0.012314491089067828
120.0,22.0,0.0,0.0,0.0,0.0,0.0,0.0,0.0,0.0,0.0,0.0,0.0,0.0,0.2548862394171589,0.2575974111191913,-0.013049420473751759,-0.012347876515804473
120.0,22.5,0.0,0.0,0.0,0.0,0.0,0.0,0.0,0.0,0.0,0.0,0.0,0.0,0.2547549139573882,0.25746483103465434,-0.013084591666953473,-0.012381121158180583
120.0,23.0,0.0,0.0,0.0,0.0,0.0,0.0,0.0,0.0,0.0,0.0,0.0,0.0,0.2546245519464373,0.25733322696432887,-0.013119616593809634,-0.012414226585861015
120.0,23.5,0.0,0.0,0.0,0.0,0.0,0.0,0.0,0.0,0.0,0.0,0.0,0.0,0.254495139722814,0.25720258508764116,-0.013154496881339317,-0.012447194337570877
120.0,24.0,0.0,0.0,0.0,0.0,0.0,0.0,0.0,0.0,0.0,0.0,0.0,0.0,0.2570202271523061,0.25972629162840755,-0.012493387346614194,-0.011828347517088172
121.0,0.5,0.0,0.0,0.0,0.0,0.0,0.0,0.0,0.0,0.0,0.0,0.0,0.0,0.2568743615190967,0.2595790636086421,-0.012530483591372656,-0.011863427695506454
121.0,1.0,0.0,0.0,0.0,0.0,0.0,0.0,0.0,0.0,0.0,0.0,0.0,0.0,0.25672982009705453,0.2594331778072003,-0.01256737259486921,-0.011898310400475098
121.0,1.5,0.0,0.0,0.0,0.0,0.0,0.0,0.0,0.0,0.0,0.0,0.0,0.0,0.2565865750542157,0.259288605921298,-0.012604058471653514,-0.011932999562261792
121.0,2.0,0.0,0.0,0.0,0.0,0.0,0.0,0.0,0.0,0.0,0.0,0.0,0.0,0.25644459957569066,0.2591453206877464,-0.012640545179271224,-0.01196749896027091
121.0,2.5,0.0,0.0,0.0,0.0,0.0,0.0,0.0,0.0,0.0,0.0,0.0,0.0,0.2563038678107209,0.2590032958284799,-0.012676836526661052,-0.01200181223117246
121.0,3.0,0.0,0.0,0.0,0.0,0.0,0.0,0.0,0.0,0.0,0.0,0.0,0.0,0.2561643548232072,0.2588625059996761,-0.012712936181999564,-0.012035942876493408
121.0,3.5,0.0,0.0,0.0,0.0,0.0,0.0,0.0,0.0,0.0,0.0,0.0,0.0,0.2560260365454384,0.25872292674419184,-0.012748847680036871,-0.012069894269712172
121.0,4.0,0.0,0.0,0.0,0.0,0.0,0.0,0.0,0.0,0.0,0.0,0.0,0.0,0.2558888897347754,0.25858453444705737,-0.012784574428961415,-0.01210366966289486
121.0,4.5,0.0,0.0,0.0,0.0,0.0,0.0,0.0,0.0,0.0,0.0,0.0,0.0,0.25575289193306955,0.25844730629379736,-0.01282011971682923,-0.012137272192907193
121.0,5.0,0.0,0.0,0.0,0.0,0.0,0.0,0.0,0.0,0.0,0.0,0.0,0.0,0.2556180214286069,0.2583112202313654,-0.012855486717590233,-0.0121707048872343
121.0,5.5,0.0,0.0,0.0,0.0,0.0,0.0,0.0,0.0,0.0,0.0,0.0,0.0,0.255484257220396,0.25817625493149804,-0.012890678496740677,-0.012203970669437035
121.0,6.0,0.0,0.0,0.0,0.0,0.0,0.0,0.0,0.0,0.0,0.0,0.0,0.0,0.25535157898462585,0.25804238975631083,-0.01292569801662906,-0.012237072364271432
121.0,6.5,0.0,0.0,0.0,0.0,0.0,0.0,0.0,0.0,0.0,0.0,0.0,0.0,0.25521996704313715,0.2579096047259731,-0.01296054814144045,-0.012270012702495529
121,7.0,2.680230666445863,2.6891573207086914,0.15579052159501414,0.17272203436225392,15.328047121016263,15.600812217811525,False,False,0.0672096608793204,0.07435893016848663,0.004137511550109594,0.011591539268061958,0.25508940233376554,0.25777788048831285,-0.012995231641881717,-0.012302794325385929
121,7.5,3.4638689304472985,3.466262496686535,0.20884491265612368,0.2141400134271483,15.246685329084503,15.300193605701606,False,False,0.08468795384466152,0.086822364720408,0.012618387215978124,0.03566213491909962,0.25493948630741303,0.2576237106978154,-0.013035192151945322,-0.012341294507047951
121,8.0,10.381384164019913,10.251586189124522,0.6822862579047779,0.5556333822017819,30.136366797929803,28.63078829937491,False,False,0.24061209547597615,0.1978737691655168,0.09062409280253278,0.25937342973326666,0.25478273951622493,0.25746221937428226,-0.013077130087809734,-0.012381777105998871
121,8.5,10.100245040521921,9.901369221278875,0.6977334921394029,0.5107887193862121,14.939174814003644,13.718475430631267,False,False,0.2256147678270479,0.1670362291618377,0.07352478795187606,0.22101731659227986,0.25455671376075145,0.25722970866946265,-0.01313788715987382,-0.012440341072610309
121,9.0,11.82454472242829,11.26798080268536,0.9406934706754646,0.5852045164456946,29.227818792203948,25.192890744606608,False,False,0.24202362979848027,0.15250486108458472,0.12559520336803978,0.3998460414009118,0.25433187514186006,0.2570087895842701,-0.013198659100043548,-0.01249629139302278
121,9.5,12.29461614224238,11.471241387151366,1.0243511428407082,0.5807050027135755,29.01766342033635,24.046386565824648,False,False,0.2450198092116226,0.14132142917867796,0.13887136134566525,0.48464358848285877,0.2540704002159345,0.2567565713454293,-0.01326975528687445,-0.012560535552564379
121,10.0,12.003524638576064,11.213076911947102,1.0337728125212506,0.5885249568652037,28.811406809502117,23.67747239712628,False,False,0.23319312990744312,0.13419201466951294,0.0964114917820273,0.3795217363395315,0.25379751708060855,0.25649507687363615,-0.01334444056353307,-0.012627558466222846
121,10.5,12.672640909506367,11.037085132587539,1.31369955651729,0.6208491592477148,27.94082695417461,20.837706746524795,False,True,0.22253320981037536,0.10850603652202183,0.19439225312741815,0.8866171443485892,0.25352977298521423,0.25624692254949827,-0.013418206610873167,-0.012691556615149849
121,11.0,12.809454094142641,10.911671508970462,1.3633884510896839,0.6174786048708031,27.686667827026646,19.692810306574266,False,True,0.21879721391405155,0.10031590271537957,0.08777855135895013,0.516310822303664,0.2532147849567123,0.2559309539425768,-0.013505611748963354,-0.01277360403324884
121,11.5,13.036566739713095,10.74640915345017,1.490279199888317,0.6356486083847789,27.349499375665978,18.767482230975336,False,True,0.21489665119962825,0.09378703118776913,0.08396438241474957,0.7315819019063926,0.25290795028677854,0.2556635146707726,-0.013591407450699202,-0.012843544078159254
121,12.0,12.959811898754474,10.689816304947124,1.466254557609511,0.627663115364666,27.347418259583225,18.61939278631735,False,True,0.2135853539732845,0.09260286304655918,0.024033570739571863,0.4947002461207895,0.2525863166929777,0.2553672235925491,-0.013682039224621958,-0.012921562838854178
121,12.5,12.987912350627843,10.308878909187701,1.5694455293869258,0.6342603602775151,26.961061550150667,17.47663239143332,False,True,0.20581063663917143,0.08405477190241256,0.0,0.47347189923807836,0.2522762530224307,0.25510301883956044,-0.013770093244590527,-0.01299160936215586
121,13.0,4.5884364785106815,4.421248402712641,0.4555843884904515,0.3148355643670579,13.984943231230762,12.158581551682666,False,False,0.08083282730745524,0.05561732040158249,0.0,0.04156774018295664,0.25195695989440353,0.2548415471442055,-0.013861474886393041,-0.013061377166513018
121,13.5,5.125368848170434,5.135963706754615,0.24909306221018312,0.2658036527071388,15.725725141399685,15.884486987450902,False,False,0.14694739901414436,0.15871543571337415,0.0,0.06704502616724523,0.2517804538845375,0.2546766746791923,-0.013912300961574902,-0.013105599166535784
121,14.0,12.059956778316117,12.025484890323494,0.5922993877088489,0.5232278609410348,31.70672789979994,31.41653199586944,False,False,0.36244139491070104,0.34875896986346433,0.0,0.3636639152938245,0.25163109356524743,0.2545156461899605,-0.013955483781446268,-0.01314896244303536
121,14.5,12.069479978401292,11.842647078120809,0.7495444769255031,0.5624517764201147,30.51697885379919,28.73110851688552,False,False,0.29616066797756024,0.23030019274390207,0.0,0.29715828502292657,0.2514388169958446,0.25428484417696245,-0.014011309840516456,-0.013211413488653938
121,15.0,11.556050424598418,10.968275753495934,0.9048071672127402,0.5684455696172792,29.506783783771947,26.2241775747152,False,False,0.24658701254864798,0.164302193636609,0.0,0.507709449352839,0.25122730961220907,0.2540583361884495,-0.014073027044050418,-0.013273046546561168
121,15.5,11.876294738729783,10.710004843687303,1.1331743908794933,0.6012223761640131,28.290225430424705,22.162604657331414,False,False,0.21691536275853174,0.11674455194774663,0.0,0.2721064546794678,0.25099681221663,0.25380503872635585,-0.014140654685656943,-0.013342375265844154
121,16.0,10.531466998434334,9.636264495318933,1.0850415196779246,0.6017562496086609,27.797648660653238,21.5390357305457,False,False,0.1820565541302051,0.10108514542176078,0.0,0.13841988382457573,0.25073799736569347,0.253578381734893,-0.014217052668237695,-0.013404778412319874
121,16.5,10.261956220820949,9.082092045387318,1.1218705109751015,0.592840948165023,27.481456901465577,20.51141361354848,False,False,0.17150466361561995,0.0908988740651171,0.0,0.1554452504558263,0.25048608898898717,0.2533694751223695,-0.014291884706018835,-0.0134626027160241
121,17.0,8.967190611510652,8.060221266670448,0.9840358592193743,0.5849350559840348,27.4600919150542,21.437647020927102,False,False,0.14953004603993394,0.0891792061598186,0.0,0.13005482484519082,0.25023024918219877,0.2531603062515741,-0.014368365460926163,-0.01352079761537417
121,17.5,10.139851803966824,8.954399852705816,1.1504369562037902,0.6057800634077719,27.268490836101506,19.62436582281303,False,False,0.16575539280652563,0.08763557303200578,0.0,0.17567209672676862,0.2499927251040151,0.25295614078882395,-0.014439807805084097,-0.013577889750973553
121,18.0,9.681429094412012,8.780021954808406,1.0711164047104926,0.6073382805291104,27.386598861773443,20.104746927682335,False,False,0.16020595539480376,0.09091269536104071,0.0,0.13090171895682456,0.24973473668094118,0.25274425560946273,-0.01451788546308014,-0.013637444598748884
121,18.5,7.2494756081028315,6.863538152249822,0.8067601646597835,0.5641752341112868,27.324066568441296,21.146469700344866,False,False,0.11918729342744007,0.08302628372804265,0.0,0.05630839023712984,0.24948758668680426,0.2525386164714914,-0.01459315517116809,-0.013695541701844453
121.0,19.0,0.0,0.0,0.0,0.0,0.0,0.0,0.0,0.0,0.0,0.0,0.0,0.0,0.24927484474948206,0.2523487126289296,-0.014658318499867349,-0.013749455354648575
121.0,19.5,0.0,0.0,0.0,0.0,0.0,0.0,0.0,0.0,0.0,0.0,0.0,0.0,0.24916562115434196,0.2522385981238115,-0.014691908598856277,-0.013780832657280443
121.0,20.0,0.0,0.0,0.0,0.0,0.0,0.0,0.0,0.0,0.0,0.0,0.0,0.0,0.2490570986660637,0.2521291933287555,-0.014725373952013196,-0.01381209225597057
121.0,20.5,0.0,0.0,0.0,0.0,0.0,0.0,0.0,0.0,0.0,0.0,0.0,0.0,0.24894926795797165,0.25202048878941186,-0.014758715974282138,-0.01384323548512249
121.0,21.0,0.0,0.0,0.0,0.0,0.0,0.0,0.0,0.0,0.0,0.0,0.0,0.0,0.24884211990874933,0.2519124752597733,-0.01479193604920891,-0.013874263649546087
121.0,21.5,0.0,0.0,0.0,0.0,0.0,0.0,0.0,0.0,0.0,0.0,0.0,0.0,0.24873564559580535,0.2518051436954283,-0.014825035530015325,-0.01390517802547353
121.0,22.0,0.0,0.0,0.0,0.0,0.0,0.0,0.0,0.0,0.0,0.0,0.0,0.0,0.24862983628892243,0.25169848524710475,-0.014858015740625726,-0.013935979861529396
121.0,22.5,0.0,0.0,0.0,0.0,0.0,0.0,0.0,0.0,0.0,0.0,0.0,0.0,0.2485246834441756,0.25159249125448735,-0.014890877976647895,-0.01396667037965783
121.0,23.0,0.0,0.0,0.0,0.0,0.0,0.0,0.0,0.0,0.0,0.0,0.0,0.0,0.2484201786981051,0.2514871532402952,-0.014923623506310997,-0.013997250776008703
121.0,23.5,0.0,0.0,0.0,0.0,0.0,0.0,0.0,0.0,0.0,0.0,0.0,0.0,0.24831631386213093,0.25138246290460625,-0.014956253571362798,-0.014027722221785105
121.0,24.0,0.0,0.0,0.0,0.0,0.0,0.0,0.0,0.0,0.0,0.0,0.0,0.0,0.2482130809171971,0.2512784121194159,-0.01498876938792828,-0.014058085864054078
122.0,0.5,0.0,0.0,0.0,0.0,0.0,0.0,0.0,0.0,0.0,0.0,0.0,0.0,0.24811047200863362,0.2511749929234168,-0.015021172147331393,-0.014088342826522755
122.0,1.0,0.0,0.0,0.0,0.0,0.0,0.0,0.0,0.0,0.0,0.0,0.0,0.0,0.24800847944122564,0.2510721975169913,-0.015053463016882306,-0.0141184942102812
122.0,1.5,0.0,0.0,0.0,0.0,0.0,0.0,0.0,0.0,0.0,0.0,0.0,0.0,0.24790709567447897,0.25097001825740317,-0.015085643140631497,-0.014148541094514166
122.0,2.0,0.0,0.0,0.0,0.0,0.0,0.0,0.0,0.0,0.0,0.0,0.0,0.0,0.24780631331807315,0.2508684476541801,-0.0151177136400925,-0.014178484537183157
122.0,2.5,0.0,0.0,0.0,0.0,0.0,0.0,0.0,0.0,0.0,0.0,0.0,0.0,0.24770612512749218,0.250767478364678,-0.015149675614934938,-0.014208325575680034
122.0,3.0,0.0,0.0,0.0,0.0,0.0,0.0,0.0,0.0,0.0,0.0,0.0,0.0,0.24760652399982466,0.2506671031898175,-0.015181530143649234,-0.014238065227453993
122.0,3.5,0.0,0.0,0.0,0.0,0.0,0.0,0.0,0.0,0.0,0.0,0.0,0.0,0.24750750296972543,0.2505673150699845,-0.015213278284184334,-0.014267704490613028
122.0,4.0,0.0,0.0,0.0,0.0,0.0,0.0,0.0,0.0,0.0,0.0,0.0,0.0,0.24740905520553022,0.25046810708108735,-0.015244921074560068,-0.01429724434450105
122.0,4.5,0.0,0.0,0.0,0.0,0.0,0.0,0.0,0.0,0.0,0.0,0.0,0.0,0.24731117400551772,0.2503694724307632,-0.015276459533454781,-0.014326685750252083
122.0,5.0,0.0,0.0,0.0,0.0,0.0,0.0,0.0,0.0,0.0,0.0,0.0,0.0,0.24721385279431002,0.2502714044547257,-0.015307894660770222,-0.014356029651322438
122.0,5.5,0.0,0.0,0.0,0.0,0.0,0.0,0.0,0.0,0.0,0.0,0.0,0.002728500173885267,0.24711708511940714,0.25017389661324896,-0.01533922743817401,-0.01438527697400197
122,6.0,2.2971038538663833,2.3252457523966896,0.07227715467060547,0.1327854621526233,16.56158129382808,17.44394410755581,False,False,0.0942582344371669,0.18154008948879866,0.0,0.022035486404177313,0.24702086464784798,0.2500765947873982,-0.015370458829621281,-0.014414533299214187
122,6.5,7.593891205520489,7.667293005612798,0.2512957633424186,0.47120931830445995,32.9209347063095,34.78897625515957,False,False,0.29615561680683694,0.5845832227717062,0.0,0.04724354431296532,0.24691597468372523,0.2499604588123083,-0.015404590530533674,-0.014449545459267688
122,7.0,9.668522594124804,9.720505218213402,0.3915138697049425,0.47866322989604637,32.258695527379416,33.079697333870875,False,False,0.32439827173756286,0.41576738340686464,0.0,0.07488444034958283,0.24678880676262976,0.24979852543839298,-0.015446092776484904,-0.014498533710104861
122,7.5,11.206340901818304,11.111099551483832,0.6274337851545368,0.5306195710703262,30.97916110674978,30.040274821463036,False,False,0.29608955261011927,0.2609207145448259,0.0,0.11293681081236527,0.24664429934752194,0.24963265499065831,-0.015493415720900763,-0.014548918309975475
122,8.0,12.017381825003312,11.630410379225149,0.8498742138126018,0.5766429577121187,29.915295865314416,27.12375627060583,False,False,0.26983880311139546,0.1898010341771348,0.0,0.14172434145264523,0.24647025100428402,0.24945584367191367,-0.015550642185097368,-0.014602856186680066
122,8.5,12.531461382846716,11.680274518279608,1.0327419607324013,0.5801403783003477,29.136505663274193,24.248265673862967,False,False,0.2535142649001681,0.14660677176355336,0.0,0.1495396827572344,0.24626837368019588,0.24927002232008263,-0.015617334490523245,-0.014659799634528924
122,9.0,12.90012506850474,11.26117317131331,1.2966919952063996,0.6104725548256709,28.106097391689627,21.22137043811045,False,False,0.23240091257407514,0.11369834123172397,0.0,0.20517826178499998,0.24604370455296543,0.24908327692596988,-0.015691957401585924,-0.01471729299133837
122,9.5,13.169784504105385,10.65129330387972,1.5482226745357655,0.6379004005015553,27.19560668709577,18.49875313882184,False,True,0.21501734322239674,0.0911938322290512,0.0,0.20396784001670315,0.2457859055005537,0.24888608795786596,-0.015778108352759307,-0.014778293471571956
122,10.0,13.517079260180166,10.368912274393416,1.708248863004018,0.6545930011334252,26.737232605960397,17.099283940529496,False,True,0.21076047111954915,0.08236842400711944,0.0,0.1664715365689757,0.2454965536726226,0.24868606439195162,-0.015875475707196687,-0.014840478861838986
122,10.5,13.407172018443376,10.014503204034629,1.7615711364846056,0.6568481860182642,26.483949525325883,16.215309934107307,False,True,0.20281532972802793,0.07624000054976748,0.0,0.10286494166490476,0.2451873043524466,0.24848919279967302,-0.01598033113269713,-0.014901989010648724
122,11.0,13.678765281757366,9.817366351075288,1.8778528336934264,0.6672790742916457,26.251146582586287,15.624337301403465,False,True,0.20244218462267882,0.07280261640604951,0.0,0.105539408762382,0.24487174982028423,0.2483006349198364,-0.01608817612862077,-0.014961186632280934
122,11.5,13.6291564036626,8.921526536185318,2.0920917269032686,0.6668773971478092,25.58331654289534,14.185205442907517,False,True,0.19098080251743213,0.06193285477151206,0.0,0.11287944808013194,0.24454186177400364,0.24811089724172744,-0.01620184826075839,-0.015021037691298006
122,12.0,13.65236118395383,8.571202103759402,2.1824014126663585,0.6668527837396144,25.319254596337473,13.594499610521417,False,True,0.18697753070771717,0.05794108092648963,0.0,0.08058435348953838,0.24418515213536013,0.24792076045363912,-0.016325841073781808,-0.015081301040461487
122,12.5,13.656986722081825,8.31625432298621,2.248734289733447,0.6715633501841155,25.1178322598522,13.259615049420711,False,True,0.18392970132175585,0.05554007616092817,0.0,0.04988111708916067,0.24381740851436776,0.24773522221862657,-0.016454854788988244,-0.015140384789958258
122,13.0,13.354662118004715,8.113622115004224,2.235555456992424,0.6736962094353917,25.018018208271656,13.041744980155805,False,True,0.17730480556485845,0.053598413230296627,0.0,0.019925230409243624,0.2434416813916705,0.24755347124686858,-0.016587925889694648,-0.015198530099283588
122,13.5,11.82986197094207,8.145329517360768,1.9144886615925214,0.6690347906989008,25.183116702127293,13.784777439284348,False,False,0.15925496729913124,0.05548061643030687,0.0,0.0023492401288100883,0.24306809829654843,0.24737573585069728,-0.016721510833795725,-0.01525564824044891
122,14.0,12.828157181963817,7.89338058820409,2.1755411391009205,0.666385900049815,24.926782226115023,12.897623134966487,False,True,0.16902754950262405,0.05178833970589147,0.0,0.0,0.24273588946018607,0.24720129938452912,-0.016841379176739474,-0.015311955070058902
122,14.5,11.309647981150365,7.613566247057435,1.9338305260014712,0.6661610376281261,24.8464942180181,13.305211639862058,False,False,0.1480347829866801,0.050784535757410584,0.0,0.0,0.24237086908877123,0.24702796022310478,-0.016974269135915734,-0.015368153150758342
122,15.0,12.30127022152566,7.761711567874068,2.1069627838771408,0.6701711895717691,24.871346534823974,13.11535621936802,False,True,0.1613443002085477,0.051341228213541534,0.0,0.0,0.24203710104763657,0.2468551053964003,-0.017096876123524854,-0.015424439099040793
122,15.5,9.39893764218597,6.913452060328204,1.6472891699086758,0.6587470470965031,24.692742571434227,14.232132438130183,False,False,0.12148809924263851,0.04832882316594024,0.0,0.0,0.24168171619099327,0.24668219060068064,-0.017228585622243678,-0.01548099049406631
122,16.0,2.2553667542917957,2.0807998836910135,0.3575172585036371,0.2359245537010743,12.656282239104264,10.356803409468414,False,False,0.030698290333120923,0.020162179877794242,0.0,0.0,0.24138535024469882,0.246511178120419,-0.017339347338204716,-0.01553716288183103
122,16.5,2.4715408890638377,2.4821969032465283,0.16139795527758255,0.17214298410761056,15.076522551309713,15.269506738675162,False,False,0.05742309358965548,0.06110432606081107,0.0,0.0,0.24125378052903473,0.24639448911513026,-0.017388791094091558,-0.015575631071803958
122,17.0,2.1759178262396133,2.200085071167644,0.09402181725658913,0.13851665839077687,15.960047099077352,16.743779400176987,False,False,0.06814015011260152,0.10070837280861739,0.0,0.0,0.24114763549373508,0.24628636559031003,-0.017428802748474952,-0.015611376858774121
122,17.5,2.070435278454195,2.0823015230508792,0.08466970417378593,0.1001344346246591,16.080533558285286,16.4473220247193,False,False,0.06806570006209084,0.08131535683912222,0.0,0.0,0.24105050475582074,0.24618296043883592,-0.017465512590065627,-0.015645654219353305
122,18.0,8.166891378675132,8.255130852627122,0.39588254994285277,0.5401794528444341,31.5462973856143,31.905672577882857,False,False,0.23822184513514597,0.3386631531479909,0.0,0.0,0.2409549899355783,0.2460848754447201,-0.01750170158186004,-0.015678250923086064
122,18.5,2.853452832985205,2.952351445950921,0.1470167088381205,0.4831856114543536,15.572605797177443,17.551218315472838,False,False,0.07753106507357894,0.2559973976352357,0.0,0.0,0.24082023639500608,0.24593113908327652,-0.017552909533371304,-0.01572950527250775
122.0,19.0,0.0,0.0,0.0,0.0,0.0,0.0,0.0,0.0,0.0,0.0,0.0,0.0,0.24071761243362516,0.24578508625804105,-0.01759202763505174,-0.015778383023102676
122.0,19.5,0.0,0.0,0.0,0.0,0.0,0.0,0.0,0.0,0.0,0.0,0.0,0.0,0.24063413510595077,0.24570102369319605,-0.0176239240686397,-0.01580659728631304
122.0,20.0,0.0,0.0,0.0,0.0,0.0,0.0,0.0,0.0,0.0,0.0,0.0,0.0,0.24055106569688264,0.24561737368000067,-0.017655733062172475,-0.015834732773147144
122.0,20.5,0.0,0.0,0.0,0.0,0.0,0.0,0.0,0.0,0.0,0.0,0.0,0.0,0.24046840029955172,0.24553413225897197,-0.017687455280121223,-0.015862790084154026
122.0,21.0,0.0,0.0,0.0,0.0,0.0,0.0,0.0,0.0,0.0,0.0,0.0,0.0,0.24038613506509987,0.24545129552943076,-0.01771909137784554,-0.015890769811670973
122.0,21.5,0.0,0.0,0.0,0.0,0.0,0.0,0.0,0.0,0.0,0.0,0.0,0.0,0.2403042662014608,0.24536885964826705,-0.017750642001788643,-0.015918672539998607
122.0,22.0,0.0,0.0,0.0,0.0,0.0,0.0,0.0,0.0,0.0,0.0,0.0,0.0,0.24022278997217522,0.24528682082873965,-0.017782107789666598,-0.015946498845570856
122.0,22.5,0.0,0.0,0.0,0.0,0.0,0.0,0.0,0.0,0.0,0.0,0.0,0.0,0.24014170269523885,0.24520517533930894,-0.017813489370652094,-0.015974249297120144
122.0,23.0,0.0,0.0,0.0,0.0,0.0,0.0,0.0,0.0,0.0,0.0,0.0,0.0,0.24006100074198253,0.24512391950250215,-0.017844787365552738,-0.016001924455837414
122.0,23.5,0.0,0.0,0.0,0.0,0.0,0.0,0.0,0.0,0.0,0.0,0.0,0.0,0.23998068053598254,0.24504304969380958,-0.017876002386984204,-0.01602952487552781
122.0,24.0,0.0,0.0,0.0,0.0,0.0,0.0,0.0,0.0,0.0,0.0,0.0,0.0,0.23990073855200103,0.24496256234061087,-0.017907135039538363,-0.016057051102761594
123.0,0.5,0.0,0.0,0.0,0.0,0.0,0.0,0.0,0.0,0.0,0.0,0.0,0.0,0.23982117131495442,0.24488245392113012,-0.017938185919946736,-0.01608450367702102
123.0,1.0,0.0,0.0,0.0,0.0,0.0,0.0,0.0,0.0,0.0,0.0,0.0,0.0,0.23974197539891004,0.24480272096341907,-0.01796915561723913,-0.016111883130842865
123.0,1.5,0.0,0.0,0.0,0.0,0.0,0.0,0.0,0.0,0.0,0.0,0.0,0.0,0.23966314742610909,0.24472336004436748,-0.018000044712897956,-0.01613918998995696
123.0,2.0,0.0,0.0,0.0,0.0,0.0,0.0,0.0,0.0,0.0,0.0,0.0,0.0,0.2395846840660155,0.2446443677887392,-0.018030853781008077,-0.01616642477342104
123.0,2.5,0.0,0.0,0.0,0.0,0.0,0.0,0.0,0.0,0.0,0.0,0.0,0.0,0.2395065820343896,0.244565740868234,-0.018061583388402764,-0.016193587993751583
123.0,3.0,0.0,0.0,0.0,0.0,0.0,0.0,0.0,0.0,0.0,0.0,0.0,0.0,0.2394288380923862,0.24448747600057327,-0.01809223409480533,-0.016220680157051328
123.0,3.5,0.0,0.0,0.0,0.0,0.0,0.0,0.0,0.0,0.0,0.0,0.0,0.0,0.23935144904567557,0.24440956994861007,-0.018122806452967082,-0.016247701763133112
123.0,4.0,0.0,0.0,0.0,0.0,0.0,0.0,0.0,0.0,0.0,0.0,0.0,0.0,0.23927441174358743,0.24433201951946118,-0.018153301008801536,-0.016274653305640454
123.0,4.5,0.0,0.0,0.0,0.0,0.0,0.0,0.0,0.0,0.0,0.0,0.0,0.0,0.23919772307827625,0.2442548215636618,-0.01818371830151498,-0.016301535272164935
123.0,5.0,0.0,0.0,0.0,0.0,0.0,0.0,0.0,0.0,0.0,0.0,0.0,0.0,0.23912137998390803,0.24417797297434155,-0.01821405886373358,-0.01632834814436034
123.0,5.5,0.0,0.0,0.0,0.0,0.0,0.0,0.0,0.0,0.0,0.0,0.0,0.0,0.23904537943586762,0.24410147068642102,-0.018244323221626994,-0.016355092398053928
123.0,6.0,0.0,0.0,0.0,0.0,0.0,0.0,0.0,0.0,0.0,0.0,0.0,0.0,0.23896971844998538,0.2440253116758286,-0.01827451189502902,-0.016381768503354602
123.0,6.5,0.0,0.0,0.0,0.0,0.0,0.0,0.0,0.0,0.0,0.0,0.0,0.0,0.23889439408178334,0.2439494929587364,-0.018304625397554817,-0.01640837692475853
123.0,7.0,0.0,0.0,0.0,0.0,0.0,0.0,0.0,0.0,0.0,0.0,0.0,0.0,0.23881940342573993,0.2438740115908153,-0.01833466423671526,-0.01643491812125172
123,7.5,3.60523945602378,3.6146136775639195,0.20828134042537738,0.21702609080045376,15.349911862780242,15.450747947406898,False,False,0.09103275199096837,0.09495923452659392,0.0,0.0,0.2387447436145727,0.24379886466650794,-0.018364628914028194,-0.016461392546410263
123,8.0,4.564733939245012,4.515056758245697,0.29940587774778493,0.24059462608015467,15.061829553964117,14.265202100064483,False,False,0.10560253151857302,0.08507319308300902,0.0,0.0,0.23864386994681464,0.2436963930786827,-0.018405207238158448,-0.016497575443189295
123,8.5,4.588206100486174,4.547206376792349,0.31358484395726366,0.258856749650486,14.958575844948644,14.227428954019729,False,False,0.10305076866301238,0.08511768179170703,0.0,0.0,0.23853170924753248,0.24359124683271263,-0.01845045147766958,-0.0165348013125191
123,9.0,5.231685354339609,5.121061989796251,0.36783022607014354,0.26170222212217775,14.892348680293173,13.52205250084176,False,False,0.11534620856991626,0.08226666525265515,0.0,0.0,0.238418064148615,0.24348409934600246,-0.01849642972993169,-0.016572838702326533
123,9.5,6.2533140943062895,5.984601004969189,0.4686995292681369,0.29732696960656585,14.75994416608232,12.890562680810543,False,False,0.13298982724807892,0.08547530084993658,0.0,0.0,0.23829782615385323,0.24337691244797702,-0.01854522402504245,-0.016610994443864376
123,10.0,11.64197462407288,10.960864369507728,1.014905568250641,0.5968418308423763,28.719153292189503,23.795341211059075,False,False,0.223649618694912,0.13242411147592253,0.0,0.0,0.23816505116077957,0.2432655062622588,-0.01859928431408904,-0.016650763122752158
123,10.5,12.213731630022998,11.125333648015822,1.1577866037757703,0.6142257343117121,28.288949108895288,22.129107453886903,False,False,0.22304581608761193,0.11945028713891329,0.0,0.0,0.23796298601595636,0.2431162498489104,-0.018681917347135375,-0.01670422115062174
123,11.0,12.520909554806705,11.014908266603427,1.2764473806488137,0.6237552970527903,27.907252833220753,20.763514996324115,False,True,0.21905694269042356,0.10838137513128014,0.0,0.0,0.2377430249304101,0.2429650932891346,-0.01877236654633872,-0.01675856828455073
123,11.5,12.756356482574834,10.904116205889956,1.3887004570730441,0.6394214749390846,27.573366031675192,19.728242012122003,False,True,0.2152713637385696,0.10096194222221125,0.0,0.0,0.237508251773997,0.24281303486392208,-0.018869482817045365,-0.016813452374391746
123,12.0,12.726119167515579,10.715351117278423,1.4071795073637938,0.6282148871014029,27.449445885711945,19.13963303921521,False,True,0.2119745269009061,0.09576286303646273,0.0,0.0,0.23725948054514248,0.24265928998072514,-0.018973043489171955,-0.016869163052549492
123,12.5,12.836487584176979,10.78114550222594,1.4235223916031965,0.6312993185813669,27.456363005487127,19.137603603027024,False,True,0.21396786428214815,0.09650660940068218,0.0,0.0,0.23700865860860026,0.24250728055679374,-0.019078144173883305,-0.016924461236437816
123,13.0,12.665652239208185,10.829351688781268,1.3832152449979902,0.6390187493458175,27.52826627975667,19.6180497162288,False,True,0.21272294552673218,0.0997206839625949,0.0,0.0,0.23675605569259528,0.24235518292535188,-0.019184692973737354,-0.016980007811607196
123,13.5,12.389818103535116,10.07822318238588,1.5204123537300354,0.6455904918942003,26.904838085042787,17.959260233791383,False,True,0.19523959564946025,0.0846339027785101,0.0,0.0,0.23650888840993303,0.2422024039444543,-0.019289635977109074,-0.017036022030328637
123,14.0,12.191568268367138,9.83939540417995,1.5306502648456812,0.6431543121082409,26.751502870681502,17.554507262652002,False,True,0.18924118064952095,0.08095517266092828,0.0,0.0,0.23624453447042953,0.2420490874068919,-0.019402634027751185,-0.017092454802757572
123,14.5,11.775411152467251,9.56739758322724,1.4959136222573863,0.6474835478531252,26.68410236908084,17.8507252761314,False,True,0.18158723412432404,0.08003494047346021,0.0,0.0,0.2359791702401072,0.24189637878722517,-0.019516858033523224,-0.017148885358531117
123,15.0,11.706388621350872,9.562271814821322,1.4627484183558566,0.6337960304837273,26.756091490810356,17.77550903457119,False,True,0.18179147108535978,0.07990149289897898,0.0,0.0,0.23571852458261508,0.24174341354932513,-0.01962983175862513,-0.01720563342068659
123,15.5,11.529629436350408,9.345557646980788,1.4821493726324386,0.6402193353307768,26.584421709634363,17.591916145060704,False,False,0.17671931885898604,0.07770469107293529,0.0,0.0,0.23546239490487225,0.24159248524710294,-0.01974160792380497,-0.01726184523522643
123,16.0,11.180032699663286,9.122105396939062,1.4418555071851156,0.6387873677889289,26.570599396970508,17.62700930537601,False,False,0.17052968172767416,0.07663449935645165,0.0,0.0,0.23520408024289244,0.24144102876000714,-0.01985510655520173,-0.017318473866422757
123,16.5,9.99454730054554,8.551114185472935,1.2116224149001986,0.6121142850278082,26.876973902464066,19.214392056045924,False,False,0.15706124209950473,0.07991403353389882,0.0,0.0,0.23495118538985077,0.24129004279311925,-0.01996697778172244,-0.017375147024419335
123,17.0,9.234202874642198,8.118168602382017,1.0977688234021648,0.6120289868089498,26.97257890118192,20.028174620513482,False,False,0.14649621835634258,0.08206865734274235,0.0,0.0,0.23472791257412998,0.2411427416057137,-0.020066370024927713,-0.017430650156491714
123,17.5,10.078346728946673,8.7868347935135,1.211416152178864,0.6160647209418563,26.896792765285664,18.696028097077843,False,False,0.15868880475995512,0.08095083988799402,0.0,0.0,0.23451942900183823,0.2409957347832396,-0.02015971131992172,-0.017486253113942092
123,18.0,7.7961204263853325,7.201246843105443,0.9142468256479063,0.5996424905091162,27.005364143489338,20.623486617296507,False,False,0.12408743683928733,0.08124669857208126,0.0,0.0,0.23429674139338974,0.24084849493887525,-0.02025998396502343,-0.017542156173046657
123,18.5,7.444684000716645,7.0900621562998785,0.8309993641166331,0.5941756673649108,27.262867620786402,21.17621774351966,False,False,0.1216274027927558,0.08659443234026228,0.0,0.0,0.23411219908302025,0.2407036268823227,-0.020343530923458784,-0.017597366672399542
123.0,19.0,0.0,0.0,0.0,0.0,0.0,0.0,0.0,0.0,0.0,0.0,0.0,0.0,0.23393853925972632,0.24055973235576691,-0.020422526256062758,-0.017652411225183916
123.0,19.5,0.0,0.0,0.0,0.0,0.0,0.0,0.0,0.0,0.0,0.0,0.0,0.0,0.2338710479062813,0.24049183001391522,-0.02045332567930998,-0.01767845741425156
123.0,20.0,0.0,0.0,0.0,0.0,0.0,0.0,0.0,0.0,0.0,0.0,0.0,0.0,0.23380382635614191,0.24042420026645817,-0.02048405700571829,-0.01770444456779902
123.0,20.5,0.0,0.0,0.0,0.0,0.0,0.0,0.0,0.0,0.0,0.0,0.0,0.0,0.23373687253229528,0.24035684100922045,-0.020514720639578876,-0.017730373038914126
123.0,21.0,0.0,0.0,0.0,0.0,0.0,0.0,0.0,0.0,0.0,0.0,0.0,0.0,0.23367018438177342,0.2402897501624125,-0.020545316981095952,-0.017756243177114443
123.0,21.5,0.0,0.0,0.0,0.0,0.0,0.0,0.0,0.0,0.0,0.0,0.0,0.0,0.23360375987527307,0.2402229256702449,-0.020575846426448524,-0.01778205532840086
123.0,22.0,0.0,0.0,0.0,0.0,0.0,0.0,0.0,0.0,0.0,0.0,0.0,0.0,0.2335375970067827,0.24015636550055047,-0.02060630936785097,-0.017807809835310464
123.0,22.5,0.0,0.0,0.0,0.0,0.0,0.0,0.0,0.0,0.0,0.0,0.0,0.0,0.23347169379321772,0.24009006764441423,-0.02063670619361222,-0.0178335070369679
123.0,23.0,0.0,0.0,0.0,0.0,0.0,0.0,0.0,0.0,0.0,0.0,0.0,0.0,0.2334060482740629,0.24002403011581092,-0.020667037288193826,-0.017859147269135983
123.0,23.5,0.0,0.0,0.0,0.0,0.0,0.0,0.0,0.0,0.0,0.0,0.0,0.0,0.2333406585110219,0.23995825095124948,-0.020697303032266703,-0.01788473086426514
123.0,24.0,0.0,0.0,0.0,0.0,0.0,0.0,0.0,0.0,0.0,0.0,0.0,0.0,0.23327552258767403,0.23989272820942523,-0.020727503802766924,-0.017910258151541805
124.0,0.5,0.0,0.0,0.0,0.0,0.0,0.0,0.0,0.0,0.0,0.0,0.0,0.0,0.23321063860913793,0.23982745997087868,-0.0207576399729501,-0.017935729456935952
124.0,1.0,0.0,0.0,0.0,0.0,0.0,0.0,0.0,0.0,0.0,0.0,0.0,0.0,0.23314600470174177,0.23976244433766125,-0.020787711912444846,-0.01796114510324753
124.0,1.5,0.0,0.0,0.0,0.0,0.0,0.0,0.0,0.0,0.0,0.0,0.0,0.0,0.23308161901270008,0.23969767943300746,-0.020817719987305187,-0.017986505410152114
124.0,2.0,0.0,0.0,0.0,0.0,0.0,0.0,0.0,0.0,0.0,0.0,0.0,0.0,0.23301747970979694,0.23963316340101376,-0.02084766456006176,-0.018011810694245525
124.0,2.5,0.0,0.0,0.0,0.0,0.0,0.0,0.0,0.0,0.0,0.0,0.0,0.0,0.23295358498107563,0.23956889440632365,-0.02087754598977215,-0.018037061269087648
124.0,3.0,0.0,0.0,0.0,0.0,0.0,0.0,0.0,0.0,0.0,0.0,0.0,0.0,0.23288993303453376,0.23950487063381873,-0.020907364632070137,-0.018062257445245342
124.0,3.5,0.0,0.0,0.0,0.0,0.0,0.0,0.0,0.0,0.0,0.0,0.0,0.0,0.23282652209782498,0.23944109028831603,-0.02093712083921406,-0.018087399530334513
124.0,4.0,0.0,0.0,0.0,0.0,0.0,0.0,0.0,0.0,0.0,0.0,0.0,0.0,0.2327633504179661,0.23937755159427113,-0.020966814960134146,-0.01811248782906143
124.0,4.5,0.0,0.0,0.0,0.0,0.0,0.0,0.0,0.0,0.0,0.0,0.0,0.0,0.23270041626104973,0.23931425279548657,-0.020996447340478983,-0.018137522643263213
124.0,5.0,0.0,0.0,0.0,0.0,0.0,0.0,0.0,0.0,0.0,0.0,0.0,0.0,0.2326377179119629,0.2392511921548266,-0.02102601832266113,-0.018162504271947474
124.0,5.5,0.0,0.0,0.0,0.0,0.0,0.0,0.0,0.0,0.0,0.0,0.0,0.0,0.23257525367411058,0.2391883679539368,-0.02105552824590166,-0.018187433011331234
124,6.0,6.766951551936089,6.845173179274941,0.35157005020152804,0.4645172096451058,31.119958499891275,32.250308951713656,False,False,0.18307495345071986,0.24412938977002396,0.0,0.0,0.23251302186914447,0.23912577849296895,-0.021084977446274227,-0.01821230915487926
124,6.5,8.930372038787581,8.939175956877378,0.539502515452423,0.5261144321810937,30.48055239679035,30.057875301722632,False,False,0.21790892144205226,0.21494447723392154,0.0,0.0,0.23240621928531857,0.23900422736760318,-0.021135632802169145,-0.018260735487784983
124,7.0,10.466335334991644,10.252258489271204,0.7330842004604681,0.5381671985865882,29.81266324418606,27.31546854714683,False,False,0.23165565721418438,0.17245140175308551,0.0,0.0,0.23227569707351986,0.23887505813115942,-0.021197735147290404,-0.018312365141944034
124,7.5,11.539978779040002,10.853277807781996,0.9750654590496163,0.577696666612622,28.912958835854916,24.137496855475238,False,False,0.22700300987024685,0.13712708114554908,0.0,0.0,0.23212073371274597,0.2387445827258433,-0.02127174909055796,-0.0183646935496152
124,8.0,12.175755599963132,10.918120681159444,1.1870750554758995,0.6077331902397023,28.184247560368696,21.667252078229733,False,False,0.21971150299889863,0.11510322291527639,0.0,0.0,0.23193515990246732,0.2386092980905155,-0.021360788812905027,-0.01841913899002227
124,8.5,12.523149910518752,10.66290687781794,1.3871132790667473,0.6357760515102419,27.447998896516506,19.605696939411317,False,False,0.20980707515045127,0.09844729875705735,0.0,0.0,0.23172279343739338,0.2384704123262763,-0.0214632293075047,-0.01847523389576889
124,9.0,12.77960271034749,10.232902908032946,1.5715552334141571,0.648976461283476,26.864843200608973,17.79808899862638,False,True,0.2017939170282857,0.08536358417409909,0.0,0.0,0.23148515833845507,0.23832817789677516,-0.021578553562568645,-0.0185328923981393
124,9.5,13.021564056211556,9.800192207822832,1.7362801316980827,0.6518387120805944,26.397158751220616,16.3205459629387,False,True,0.1966001239041468,0.07564652882658035,0.0,0.0,0.23122424061506514,0.23818448463939396,-0.02170602829300447,-0.018591360115988605
124,10.0,13.024187634146223,9.210229786986137,1.8869181185882509,0.6616805111995476,25.907720833514386,15.180049064374042,False,True,0.18789318212847417,0.0674889285581566,0.0,0.0,0.23094255146097142,0.23804064841344816,-0.021844659761133856,-0.018650106240224413
124,10.5,12.847707234204774,8.622991225457497,1.9991791020265828,0.6663111572484501,25.4806228765831,14.408859465592691,False,True,0.17839568400560551,0.060866899513200866,0.0,0.0,0.2306418846675895,0.23789577825079644,-0.021993796545328303,-0.01870949834918902
124,11.0,12.865371551472602,8.292470787115933,2.089120752014167,0.666328168403611,25.22423950424426,13.818901135383278,False,True,0.17473942838265621,0.057004303759944315,0.0,0.0,0.23032712944343642,0.2377505366943766,-0.022151223096290095,-0.018769269074919468
124,11.5,12.78827254633132,7.874587566825502,2.174017305654015,0.6619064352655429,24.943301582155144,13.227905337272759,False,True,0.16965752819287327,0.05282121430750908,0.0,0.0,0.23000112878555315,0.237605510159519,-0.022315691605733975,-0.01882917845597274
124,12.0,12.587944628816336,7.44145669535415,2.275445991435837,0.6737883222879603,24.57054711882229,12.860256723719427,False,True,0.16194606675000883,0.049005457224441565,0.0,0.0,0.22966452444657362,0.2374612627903365,-0.02248703877105382,-0.018888992110872513
124,12.5,12.481373834563907,7.0250975039723045,2.3930599978876894,0.6789093096478311,24.20182881609391,12.269749841121264,False,True,0.15592752089893844,0.04512531014522629,0.0,0.0,0.2293152085893146,0.23731571548899033,-0.022666516832169473,-0.018949574395794998
124,13.0,12.49714055464032,6.6702227294578575,2.512478173187652,0.67872853817341,23.906178539166156,11.716828553042419,False,True,0.15254365277007947,0.04201654424475335,0.0,0.0,0.22895111762485898,0.2371697283488381,-0.022855405967363764,-0.019010572460632296
124,13.5,12.27559096027623,6.509728587934742,2.497391097284454,0.6759886500808072,23.830071922547347,11.78901465171665,False,True,0.148998607131266,0.04112063280912657,0.0,0.0,0.22857202064456522,0.23702397553579688,-0.02305407669210767,-0.019071706142823514
124,14.0,12.139507863629905,6.311858793405617,2.5275123155736776,0.6757278190162139,23.68523042245402,11.605194980945306,False,True,0.145697109922844,0.03966327185270682,0.0,0.0,0.22819505707626117,0.2368787817279794,-0.023253672997681288,-0.019132838389268325
124,14.5,11.963096125936264,6.227311260616714,2.5260332429351022,0.6827129830636489,23.58851244193612,11.642682953871082,False,True,0.14249843539853083,0.039153110817072345,0.0,0.0,0.22781446499396918,0.23673382958952457,-0.0234572828404375,-0.019194101915261635
124,15.0,11.716763386021865,6.020326141973085,2.5249683735863617,0.6802743990723796,23.453796570061566,11.532244332472118,False,True,0.13813455126322544,0.03774912705022192,0.0,0.0,0.22743427044244943,0.2365881943347034,-0.023662804406131673,-0.019255889685446
124,15.5,11.450962872075861,5.808084970139998,2.5145445473880157,0.6744796069432053,23.321973062338852,11.383467333362212,False,True,0.13367476698781966,0.03629183219131207,0.0,0.0,0.2270544198046657,0.2364430754637617,-0.02387028620358582,-0.019317694242744408
124,16.0,11.061008301295368,5.638646986538324,2.4918432386078058,0.684680796856992,23.146642475704,11.383051182356937,False,True,0.12744424143915128,0.0353256561308599,0.0,0.0,0.2266761049146375,0.23629889928737785,-0.024079087194546826,-0.019379331513120886
124,16.5,10.633468268647826,5.460630133615675,2.430587297963315,0.6796407704851937,23.033033109222195,11.309712824453953,False,True,0.12146375450154244,0.03413386893643937,0.0,0.0,0.22630088954827793,0.2361536260264631,-0.024288330507530757,-0.019441674953911435
124,17.0,10.019943268392112,5.296435326742201,2.3287817497186474,0.6863404015485727,22.930494681627763,11.385601402840845,False,False,0.11329289833188882,0.033429556817594804,0.0,0.0,0.22593368607415534,0.23600919655875577,-0.024495206752142815,-0.01950389331080177
124,17.5,9.149592364889374,5.021146388905411,2.176626107530213,0.6838235039729296,22.763140168314244,11.460123854672563,False,False,0.10223598525366895,0.03203769841970079,0.0,0.0,0.2255796611049262,0.2358641135274559,-0.024696649203000205,-0.01956663221468026
124,18.0,7.856508997886325,4.538567729518511,1.9512437250815522,0.6709811571808734,22.46380908946838,11.498570490714371,False,False,0.08597956398482032,0.029381401956760457,0.0,0.0,0.22524523017174225,0.23571955009418444,-0.02488875796388549,-0.01962938573858222
124,18.5,5.911274376419598,4.217877536683361,1.39959053135163,0.6650742950575184,22.736970424875476,13.011611020916307,False,False,0.06593037761945852,0.031031583232069223,0.0,0.0,0.22493972405222631,0.23557682074644884,-0.02506580930197592,-0.01969157849738612
124.0,19.0,0.0,0.0,0.0,0.0,0.0,0.0,0.0,0.0,0.0,0.0,0.0,0.0,0.22470471964339364,0.23543504037571664,-0.02520302423367021,-0.019753590329794783
124.0,19.5,0.0,0.0,0.0,0.0,0.0,0.0,0.0,0.0,0.0,0.0,0.0,0.0,0.2246482712661833,0.23537820723748526,-0.02523611663414328,-0.01977851329201907
124.0,20.0,0.0,0.0,0.0,0.0,0.0,0.0,0.0,0.0,0.0,0.0,0.0,0.0,0.2245920244996077,0.2353215677855201,-0.025269142348935642,-0.019803388600834325
124.0,20.5,0.0,0.0,0.0,0.0,0.0,0.0,0.0,0.0,0.0,0.0,0.0,0.0,0.2245359786314347,0.2352651207570483,-0.025302101336918136,-0.019828216494663622
124.0,21.0,0.0,0.0,0.0,0.0,0.0,0.0,0.0,0.0,0.0,0.0,0.0,0.0,0.22448013293662356,0.2352088649015107,-0.025334993567288036,-0.01985299720996698
124.0,21.5,0.0,0.0,0.0,0.0,0.0,0.0,0.0,0.0,0.0,0.0,0.0,0.0,0.22442448667802625,0.23515279898040348,-0.025367819019213055,-0.01987773098126458
124.0,22.0,0.0,0.0,0.0,0.0,0.0,0.0,0.0,0.0,0.0,0.0,0.0,0.0,0.22436903910706368,0.23509692176712263,-0.025400577681486125,-0.019902418041159508
124.0,22.5,0.0,0.0,0.0,0.0,0.0,0.0,0.0,0.0,0.0,0.0,0.0,0.0,0.22431378946437697,0.23504123204681057,-0.025433269552190656,-0.019927058620360392
124.0,23.0,0.0,0.0,0.0,0.0,0.0,0.0,0.0,0.0,0.0,0.0,0.0,0.0,0.22425873698045518,0.23498572861620565,-0.02546589463837614,-0.019951652947703465
124.0,23.5,0.0,0.0,0.0,0.0,0.0,0.0,0.0,0.0,0.0,0.0,0.0,0.0,0.22420388087624016,0.234930410283494,-0.02549845295574331,-0.019976201250174245
124.0,24.0,0.0,0.0,0.0,0.0,0.0,0.0,0.0,0.0,0.0,0.0,0.0,0.0,0.2241492203637091,0.2348752758681637,-0.025530944528339185,-0.020000703752929148
125.0,0.5,0.0,0.0,0.0,0.0,0.0,0.0,0.0,0.0,0.0,0.0,0.0,0.0,0.22409475464643558,0.2348203242008613,-0.025563369388261137,-0.020025160679316464
125.0,1.0,0.0,0.0,0.0,0.0,0.0,0.0,0.0,0.0,0.0,0.0,0.0,0.0,0.22404048292013007,0.23476555412325079,-0.025595727575370285,-0.020049572250897204
125.0,1.5,0.0,0.0,0.0,0.0,0.0,0.0,0.0,0.0,0.0,0.0,0.0,0.0,0.2239864043731601,0.23471096448787462,-0.025628019137013437,-0.020073938687465532
125.0,2.0,0.0,0.0,0.0,0.0,0.0,0.0,0.0,0.0,0.0,0.0,0.0,0.0,0.2239325181870514,0.23465655415801748,-0.02566024412775353,-0.02009826020706885
125.0,2.5,0.0,0.0,0.0,0.0,0.0,0.0,0.0,0.0,0.0,0.0,0.0,0.0,0.22387882353696995,0.23460232200757133,-0.025692402609108708,-0.020122537026027707
125.0,3.0,0.0,0.0,0.0,0.0,0.0,0.0,0.0,0.0,0.0,0.0,0.0,0.0,0.22382531959218643,0.23454826692090341,-0.025724494649298674,-0.020146769358955322
125.0,3.5,0.0,0.0,0.0,0.0,0.0,0.0,0.0,0.0,0.0,0.0,0.0,0.0,0.22377200551652252,0.23449438779272594,-0.025756520322999837,-0.020170957418776732
125.0,4.0,0.0,0.0,0.0,0.0,0.0,0.0,0.0,0.0,0.0,0.0,0.0,0.0,0.22371888046878113,0.23444068352796787,-0.025788479711106784,-0.020195101416747845
125.0,4.5,0.0,0.0,0.0,0.0,0.0,0.0,0.0,0.0,0.0,0.0,0.0,0.0,0.22366594360315958,0.23438715304164895,-0.025820372900502306,-0.02021920156247403
125.0,5.0,0.0,0.0,0.0,0.0,0.0,0.0,0.0,0.0,0.0,0.0,0.0,0.0,0.22361319406964736,0.2343337952587552,-0.025852199983833674,-0.02024325806392849
125.0,5.5,0.0,0.0,0.0,0.0,0.0,0.0,0.0,0.0,0.0,0.0,0.0,0.0,0.22356063101440876,0.23428060911411708,-0.025883961059296162,-0.020267271127470423
125,6.0,2.764970393832155,2.632632310261504,0.24749621162022448,0.1552382326716435,14.2799031859262,12.083898460387505,False,False,0.05211399025957639,0.032597294701995336,0.0,0.0,0.22350825358015058,0.23422759355228878,-0.025915656230423204,-0.020291240957862746
125,6.5,3.6415766341025044,3.4445245967892473,0.30918040150084897,0.1842552164204095,14.417927697567322,12.001151820168923,False,False,0.07095696327096886,0.04226795348287363,0.0,0.0,0.22342452177441768,0.23415496508676692,-0.025966420986209143,-0.02032413319002628
125,7.0,4.7072073525056695,4.403540065807894,0.3993628330019536,0.22850314563651702,14.438210623327738,11.8841337526826,False,False,0.09217904237672778,0.05312767930312496,0.0,0.0,0.22333311327786692,0.23407880740674877,-0.0260219752849927,-0.02035869200172611
125,7.5,5.401497590286126,5.013462656598597,0.4525903826579421,0.24887414271182057,14.480458316264475,11.76811440791822,False,False,0.10688676004524235,0.059464836383414515,0.0,0.0,0.22323039561630412,0.23399717856342456,-0.026084571894830298,-0.020395811286266108
125,8.0,4.999258988969404,4.818876440558631,0.39272379807718816,0.26586190905606844,14.61588216040824,12.944919937737858,False,False,0.1023763169240089,0.06954946147516304,0.0,0.0,0.22312107718946655,0.23391312024308877,-0.02615138821917319,-0.02043411963674548
125,8.5,6.142009261421983,5.933095071080921,0.4147764855695331,0.2687409354592005,15.055008879523413,13.468944311783472,False,False,0.14181057717669907,0.09547031350145116,0.0,0.0,0.22301956903502265,0.23382706257169533,-0.026213613503723282,-0.020473428008237125
125,9.0,6.782300286034083,6.4826347978069006,0.46942829516432055,0.28442212057188554,15.004565702189577,13.123493745001793,False,False,0.1543341860530103,0.09680187210297875,0.0,0.0,0.222915431090027,0.23374080246577034,-0.026277634283350892,-0.020512919291317235
125,9.5,13.74063016290517,12.651808440118241,1.1233171992460875,0.5952602051836342,29.236503656841982,23.999751565668,False,False,0.281556499948678,0.15556052668384332,0.0,0.0,0.2228045082967129,0.2336527075199513,-0.026346031183747263,-0.02055334430696941
125,10.0,12.748989706532509,11.778463525460964,1.1127679985839156,0.6152962324814373,28.765039946495875,23.433795070212398,False,False,0.24628078715333043,0.13818316134093928,0.0,0.0,0.22261043734246427,0.23352516408611484,-0.02646620959394836,-0.02061203977311785
125,10.5,12.318828406457664,11.409199991203613,1.0882674769501066,0.6079920230119141,28.679301125320777,23.370932415632605,False,False,0.23551895171378867,0.13284736007666478,0.0,0.0,0.22241788856911393,0.2333952289078854,-0.02658609144529101,-0.020672041404575802
125,11.0,12.041241741455313,11.033208366412751,1.1419723110696929,0.6126191187963506,14.136194771452674,11.050924752454845,False,False,0.2194786009998397,0.11886587671879524,0.0,0.0,0.22222863898046458,0.2332663850634024,-0.026704550189848204,-0.020731744684224646
125,11.5,12.342903895308204,11.017075612026334,1.2383671960973401,0.623097493774232,27.9728620448942,21.109605993345056,False,False,0.2175121526649241,0.11016245113905625,0.0,0.0,0.22203272180366024,0.23313711115726501,-0.026827845551182873,-0.020791853834917013
125,12.0,6.506125478139783,6.005146721321097,0.6017677672499907,0.3312521858179161,14.190888739658885,11.256684751156273,False,False,0.12009391169970637,0.06620678828090125,0.0,0.0,0.22182469608526492,0.23300666059715477,-0.026959504288448576,-0.02085272071204708
125,12.5,5.802473320743505,5.588118270084123,0.4742419483271947,0.32005650491722387,14.509207436442827,12.771726624738521,False,False,0.11564856848477528,0.07809685536434495,0.0,0.0,0.2216979684976202,0.2329135583934264,-0.027040087085763893,-0.020896291085052955
125,13.0,4.47856600836284,4.4121963773973,0.348649205990106,0.287934529181977,14.616276934718435,13.807890430109563,False,False,0.09172273308665717,0.0754013434076766,0.0,0.0,0.22158766554118775,0.23282203965092274,-0.027110459578031886,-0.02093922618048403
125,13.5,7.066645512552867,6.554338725961835,0.5712411405700447,0.3099397219739873,14.598974978291265,11.945766084280496,False,False,0.14408568477417216,0.08015574049968056,0.0,0.0,0.22149354005014196,0.23273477014287694,-0.027170683573678564,-0.020980265726402613
125,14.0,6.243703681093478,5.958542053629016,0.4887669359860471,0.3047569631150469,14.642492437053864,12.61094491551388,False,False,0.12874244762730325,0.08123827970553293,0.0,0.0,0.22137122105366933,0.23264485137852925,-0.027249184866352374,-0.021022651401608434
125,14.5,4.822174671343383,4.705830038998817,0.35164541837063096,0.25738846781827485,14.787564540160696,13.503716754161951,False,False,0.103316643359524,0.07561741336586213,0.0,0.0,0.22125958315416122,0.2325557470874588,-0.02732106726596407,-0.02106475383454002
125,15.0,4.691697280537205,4.568261198968873,0.3388432688901036,0.24262469768415165,14.80819496610488,13.423081341765396,False,False,0.10108285216535734,0.07246501704809921,0.0,0.0,0.2211655893872219,0.23247283221660592,-0.02738176405066821,-0.021104021988331122
125,15.5,4.8174692742735115,4.651335495639395,0.36528577880038177,0.24572139303631668,14.702877373550363,13.02343346685954,False,False,0.10091380767448783,0.0682060084874956,0.0,0.0,0.22107339656733072,0.2323919509636908,-0.027441454006677853,-0.021142411092841113
125,16.0,3.560163668267443,3.4890464843009186,0.2594813749319089,0.19872607001626816,14.78670939811654,13.700505686533276,False,False,0.07626008513985495,0.05824661244140546,0.0,0.0,0.22097800281755123,0.23231082643620402,-0.027503379669392283,-0.021180999271247024
125,16.5,3.006683747282419,2.9800074207877443,0.21479619782812162,0.18977913631020318,14.829901398464465,14.325241149693944,False,False,0.06516228073808361,0.057405182408714596,0.0,0.0,0.22089625991148823,0.2322358411236263,-0.027556576275117973,-0.02121674188462197
125,17.0,2.039826169553359,2.042652007234379,0.14241421757893333,0.1486540944857263,14.8748891879676,14.957046302543684,False,False,0.04475670711282272,0.04639658358616569,0.0,0.0,0.22082037843814895,0.23216214554511694,-0.027606068136487718,-0.021251939773361987
125.0,17.5,0.0,0.0,0.0,0.0,0.0,0.0,0.0,0.0,0.0,0.0,0.0,0.0,0.22075388706206667,0.23209383938554135,-0.027649522613983544,-0.021284625754254695
125,18.0,2.62845311990789,2.714253075348024,0.17462003260399767,0.44043589129036975,14.919042425073961,16.955034782666946,False,False,0.05838312231695306,0.14731814790953918,0.0,0.0,0.22070570937138106,0.2320446245179653,-0.027681059371314855,-0.021308213266175085
125.0,18.5,0.0,0.0,0.0,0.0,0.0,0.0,0.0,0.0,0.0,0.0,0.0,0.0,0.22063544399397897,0.2319394307170375,-0.02772713143408404,-0.021358734657213944
125.0,19.0,0.0,0.0,0.0,0.0,0.0,0.0,0.0,0.0,0.0,0.0,0.0,0.0,0.2205875947513938,0.2318905090897234,-0.027758557835479,-0.02138227884518893
125.0,19.5,0.0,0.0,0.0,0.0,0.0,0.0,0.0,0.0,0.0,0.0,0.0,0.0,0.2205399085143201,0.2318417328304896,-0.02778991940993481,-0.02140578386414897
125.0,20.0,0.0,0.0,0.0,0.0,0.0,0.0,0.0,0.0,0.0,0.0,0.0,0.0,0.2204923844718268,0.23179310111399254,-0.027821216325054153,-0.0214292498842515
125.0,20.5,0.0,0.0,0.0,0.0,0.0,0.0,0.0,0.0,0.0,0.0,0.0,0.0,0.2204450218140626,0.2317446131218084,-0.027852448750835257,-0.021452677074451802
125.0,21.0,0.0,0.0,0.0,0.0,0.0,0.0,0.0,0.0,0.0,0.0,0.0,0.0,0.22039781973240288,0.23169626804235602,-0.027883616859564638,-0.02147606560251482
125.0,21.5,0.0,0.0,0.0,0.0,0.0,0.0,0.0,0.0,0.0,0.0,0.0,0.0,0.22035077741959064,0.23164806507082075,-0.02791472082571265,-0.02149941563502706
125.0,22.0,0.0,0.0,0.0,0.0,0.0,0.0,0.0,0.0,0.0,0.0,0.0,0.0,0.2203038940698716,0.23160000340907955,-0.027945760825832458,-0.021522727337408294
125.0,22.5,0.0,0.0,0.0,0.0,0.0,0.0,0.0,0.0,0.0,0.0,0.0,0.0,0.22025716887912342,0.23155208226562718,-0.027976737038462086,-0.02154600087392291
125.0,23.0,0.0,0.0,0.0,0.0,0.0,0.0,0.0,0.0,0.0,0.0,0.0,0.0,0.22021060104497875,0.23150430085550325,-0.028007649644029655,-0.02156923640769138
125.0,23.5,0.0,0.0,0.0,0.0,0.0,0.0,0.0,0.0,0.0,0.0,0.0,0.0,0.22016418976694355,0.23145665840022023,-0.028038498824761504,-0.02159243410070141
125.0,24.0,0.0,0.0,0.0,0.0,0.0,0.0,0.0,0.0,0.0,0.0,0.0,0.0,0.22011793424651005,0.23140915412769283,-0.028069284764592896,-0.02161559411381892
126.0,0.5,0.0,0.0,0.0,0.0,0.0,0.0,0.0,0.0,0.0,0.0,0.0,0.0,0.22007183368726424,0.23136178727216775,-0.028100007649082,-0.021638716606799144
126.0,1.0,0.0,0.0,0.0,0.0,0.0,0.0,0.0,0.0,0.0,0.0,0.0,0.0,0.22002588729498893,0.231314557074155,-0.028130667665326223,-0.02166180173829723
126.0,1.5,0.0,0.0,0.0,0.0,0.0,0.0,0.0,0.0,0.0,0.0,0.0,0.0,0.21998009427776177,0.23126746278035987,-0.028161265001881212,-0.021684849665878914
126.0,2.0,0.0,0.0,0.0,0.0,0.0,0.0,0.0,0.0,0.0,0.0,0.0,0.0,0.21993445384604904,0.2312205036436157,-0.02819179984868257,-0.021707860546031087
126.0,2.5,0.0,0.0,0.0,0.0,0.0,0.0,0.0,0.0,0.0,0.0,0.0,0.0,0.21988896521279477,0.23117367892281782,-0.028222272396969734,-0.021730834534172103
126.0,3.0,0.0,0.0,0.0,0.0,0.0,0.0,0.0,0.0,0.0,0.0,0.0,0.0,0.21984362759350579,0.23112698788285826,-0.028252682839212673,-0.02175377178466199
126.0,3.5,0.0,0.0,0.0,0.0,0.0,0.0,0.0,0.0,0.0,0.0,0.0,0.0,0.2197984402063327,0.23108042979456137,-0.028283031369040326,-0.02177667245081261
126.0,4.0,0.0,0.0,0.0,0.0,0.0,0.0,0.0,0.0,0.0,0.0,0.0,0.0,0.2197534022721467,0.23103400393462023,-0.028313318181171963,-0.021799536684897668
126.0,4.5,0.0,0.0,0.0,0.0,0.0,0.0,0.0,0.0,0.0,0.0,0.0,0.0,0.21970851301461305,0.23098770958553402,-0.02834354347135005,-0.02182236463816252
126.0,5.0,0.0,0.0,0.0,0.0,0.0,0.0,0.0,0.0,0.0,0.0,0.0,0.0,0.21966377166026024,0.23094154603554634,-0.028373707436275944,-0.021845156460833796
126.0,5.5,0.0,0.0,0.0,0.0,0.0,0.0,0.0,0.0,0.0,0.0,0.0,0.0,0.21961917743854625,0.23089551257858396,-0.028403810273547003,-0.021867912302129252
126.0,6.0,0.0,0.0,0.0,0.0,0.0,0.0,0.0,0.0,0.0,0.0,0.0,0.0,0.21957472958192084,0.23084960851419664,-0.028433852181596164,-0.02189063231026713
126,6.5,3.1806016164105326,3.2133164924402835,0.08666826776118369,0.15674994621304833,16.83130641888711,17.614243385020504,False,False,0.1516068920888987,0.30706439253955486,0.0,0.0,0.21953042732588526,0.230803833147498,-0.028463833359633064,-0.021913316632475487
126,7.0,3.561920051424601,3.5953438320798496,0.09429771271468135,0.1927916633497357,16.827103906943172,17.686503198355833,False,False,0.16935634243663367,0.3788221423447751,0.0,0.0,0.21947522553012883,0.23073821070657372,-0.028501243431861147,-0.021945885194575396
126,7.5,3.4880777072988094,3.521628960966308,0.09033123808903794,0.2233271582964617,16.810429459288823,17.795036434290083,False,False,0.16420867170763256,0.436354952663112,0.0,0.0,0.2194191955739045,0.23066812269355394,-0.028539274668605265,-0.02198073374451197
126,8.0,4.66660565057936,4.702738844202801,0.12995463135216503,0.2104757994555367,16.79124266792675,17.479930099584085,False,False,0.2172235853538214,0.401246834921189,0.0,0.0,0.21936381440283784,0.2305942701031351,-0.02857692496508675,-0.022017525448974284
126,8.5,5.247670985177976,5.291919569616466,0.15133946216743588,0.2507578693443743,16.751048546555904,17.484686209400092,False,False,0.23865751255781562,0.45124292464635596,0.0,0.0,0.2193035264874118,0.23052218116981138,-0.028617978357463287,-0.022053509326807823
126,9.0,5.625645952610612,5.66438784118362,0.17029408996614268,0.23748306176908932,16.686633719392063,17.25975050017627,False,False,0.24675907140795877,0.390982769448348,0.0,0.0,0.2192406552708975,0.23044508428473662,-0.028660865736235018,-0.022092070540207415
126,9.5,6.557885736661548,6.598801637196566,0.2279634692238561,0.25669453952457627,16.584783091560976,16.99517200819382,False,False,0.2723529883694408,0.3708538340739676,0.0,0.0,0.21917550969700858,0.23036980368736915,-0.028705385368395935,-0.02212980085223548
126,10.0,12.046538956796034,12.108762918513706,0.46111551935471645,0.5225114051840892,32.640181331235894,33.385144925491716,False,False,0.43955186239285354,0.5570338457883538,0.0,0.0,0.21910315549706968,0.23029219890228586,-0.028754927892261986,-0.022168776433972
126,10.5,12.973047917627529,12.903510499797065,0.6581548769894463,0.5475740368709522,31.62633125339755,31.075265256434747,False,False,0.3840496664513584,0.3571054404720556,0.0,0.0,0.21900122968915578,0.2301808436651544,-0.028824891707232087,-0.022224845538490762
126,11.0,13.50332403073388,13.144402572506959,0.8568837966371106,0.5703521631667848,30.5738779701908,28.39543087924175,False,False,0.3380883860521523,0.2469689370857574,0.0,0.0,0.21887433348235702,0.23006641731166994,-0.028912279332771473,-0.022282637105150424
126,11.5,13.462642189141587,12.747211890948854,1.006446211069225,0.5962444287676483,29.65456950318162,25.637410063876295,False,False,0.29156091855198424,0.18080345269187906,0.0,0.0,0.21872225084395108,0.2299492103203726,-0.029017427913582448,-0.022342018772992706
126,12.0,13.507582051915188,12.213125217413992,1.2053802141838719,0.6160199592515118,28.699532084715905,22.641836342673358,False,False,0.2588757075437573,0.1368433111332142,0.0,0.0,0.21855124647700414,0.22982882521042164,-0.0291362034851544,-0.022403206993423103
126,12.5,13.235538928847664,11.435357523903244,1.3683953460990783,0.6415282144861943,27.802809213370608,20.113900837298864,False,False,0.22892999205413805,0.10882720791819138,0.0,0.0,0.21835502810653593,0.22970604082194046,-0.029273206543311846,-0.022465820481004845
126,13.0,12.56019550945726,10.732353751524276,1.3937281495971297,0.6417209289178905,27.35627049878225,19.010260334610166,False,False,0.20718945008489864,0.09584341500058452,0.0,0.0,0.21813817226478427,0.22958012599021424,-0.029425512944955688,-0.02253024699365155
126,13.5,13.04796283496463,10.2150370564303,1.6176650984016994,0.6412905173901796,26.82767698850357,17.42921007467103,False,True,0.2053232948941608,0.08377000879913193,0.0,0.0,0.21791822349154832,0.2294543061223533,-0.02958095709272751,-0.022594844923667364
126,14.0,13.15120252381882,10.365019574961051,1.6315274477215316,0.6585311937633007,26.803149258926446,17.282121826939054,False,True,0.20517085203078184,0.08428762851285646,0.0,0.0,0.21766987241078878,0.22932866000698335,-0.029757651580197185,-0.02265957398583051
126,14.5,12.57914299514005,10.331702686487619,1.5052979285902508,0.6532303924445004,26.933342850613528,17.83266623773889,False,False,0.19878427889908556,0.0867264501163689,0.0,0.0,0.21741988872457782,0.22920093515478124,-0.029936779049083623,-0.02272560053166163
126,15.0,11.658426569015148,10.101668060946896,1.3250698351374188,0.6355852881044783,27.195398066790347,19.018670916976916,False,False,0.1891586620471701,0.09082094366259026,0.0,0.0,0.21718612404741483,0.22907400348040086,-0.030105448207201777,-0.022791444271939767
126,15.5,11.31594854976857,10.03015361638544,1.2566307048834917,0.6414910114059863,27.324583924730657,19.86746875916758,False,False,0.1860533832328246,0.09506495615777366,0.0,0.0,0.2169754588920094,0.22894943744872445,-0.030258421042563984,-0.02285628197466547
126,16.0,9.871670205514524,9.121171045031023,1.0527455132432235,0.6039821649440469,27.533135442231895,21.27391002205806,False,False,0.16588256071831314,0.09497931539907842,0.0,0.0,0.21677364700918697,0.22882423531265977,-0.030405834460722835,-0.022921672352908283
126,16.5,9.181955756877944,8.544649364750759,1.0069328513467248,0.6090657372972883,27.36148557448991,21.384407454670022,False,False,0.15154490849150393,0.09138787779307474,0.0,0.0,0.2165979480035552,0.22870392891687466,-0.030534870950182997,-0.022984715889990535
126,17.0,9.136917098283618,8.150559054737078,1.0438739920564086,0.6084504219948945,27.179308235049085,20.756140724637632,False,False,0.1480041386856264,0.08675396110071107,0.0,0.0,0.2164282175927886,0.22858309000024743,-0.0306601440460548,-0.02304824655995891
126,17.5,7.991026323184657,7.270628313858534,0.9178099399190796,0.5972711855578314,27.12292624391764,21.28090929354226,False,False,0.12870354771069542,0.08386106987719678,0.0,0.0,0.21625390957458748,0.2284624442018712,-0.030789433624789978,-0.023111884531289578
126,18.0,5.589918949043021,5.421590032432285,0.6081108850083875,0.572124988469501,27.39079733815122,23.945290193357508,False,False,0.09254104638210603,0.08677958613843895,0.0,0.0,0.2160957955049355,0.22834333713000643,-0.030907273874891148,-0.02317491632836321
126,18.5,3.0742085765665705,3.1557839679862405,0.3083590855241003,0.5151669032276402,13.901978471160858,15.587244188491214,False,False,0.05318003096102091,0.08835442549915874,0.0,0.0,0.21597727585849533,0.22822754805607198,-0.030995957412023063,-0.023236388665987075
126,19.0,5.9187689697536054,5.899648281997492,0.5569028453490926,0.5497678367237926,14.06300555707065,13.867450320851518,False,False,0.10610326941851272,0.10382470299116012,0.0,0.0,0.2158970823874307,0.22811913028463973,-0.0310561349918981,-0.02329412378019812
126.0,19.5,0.0,0.0,0.0,0.0,0.0,0.0,0.0,0.0,0.0,0.0,0.0,0.0,0.2157853436227306,0.22800641562602458,-0.031140216594040163,-0.023354328402483946
126.0,20.0,0.0,0.0,0.0,0.0,0.0,0.0,0.0,0.0,0.0,0.0,0.0,0.0,0.21574469923565967,0.22796387125682696,-0.031170868087935805,-0.02337710093881683
126.0,20.5,0.0,0.0,0.0,0.0,0.0,0.0,0.0,0.0,0.0,0.0,0.0,0.0,0.21570418091347182,0.2279214381689843,-0.031201460298290667,-0.023399840268146455
126.0,21.0,0.0,0.0,0.0,0.0,0.0,0.0,0.0,0.0,0.0,0.0,0.0,0.0,0.21566378802787556,0.22787911580629627,-0.031231993415076483,-0.023422546517227194
126.0,21.5,0.0,0.0,0.0,0.0,0.0,0.0,0.0,0.0,0.0,0.0,0.0,0.0,0.21562351995330298,0.22783690361666,-0.03126246762862289,-0.023445219812030415
126.0,22.0,0.0,0.0,0.0,0.0,0.0,0.0,0.0,0.0,0.0,0.0,0.0,0.0,0.21558337606693703,0.22779480105203043,-0.031292883129579764,-0.02346786027775114
126.0,22.5,0.0,0.0,0.0,0.0,0.0,0.0,0.0,0.0,0.0,0.0,0.0,0.0,0.21554335574873648,0.22775280756838048,-0.03132324010888143,-0.023490468038814733
126.0,23.0,0.0,0.0,0.0,0.0,0.0,0.0,0.0,0.0,0.0,0.0,0.0,0.0,0.21550345838146,0.22771092262566237,-0.0313535387577112,-0.023513043218883586
126.0,23.5,0.0,0.0,0.0,0.0,0.0,0.0,0.0,0.0,0.0,0.0,0.0,0.0,0.21546368335068825,0.22766914568776903,-0.03138377926746772,-0.02353558594086339
126.0,24.0,0.0,0.0,0.0,0.0,0.0,0.0,0.0,0.0,0.0,0.0,0.0,0.0,0.21542403004484453,0.22762747622249588,-0.03141396182973199,-0.02355809632690984
127.0,0.5,0.0,0.0,0.0,0.0,0.0,0.0,0.0,0.0,0.0,0.0,0.0,0.0,0.21538449785521405,0.22758591370150347,-0.031444086636235456,-0.023580574498434915
127.0,1.0,0.0,0.0,0.0,0.0,0.0,0.0,0.0,0.0,0.0,0.0,0.0,0.0,0.21534508617596174,0.22754445760028033,-0.03147415387882927,-0.023603020576113014
127.0,1.5,0.0,0.0,0.0,0.0,0.0,0.0,0.0,0.0,0.0,0.0,0.0,0.0,0.21530579440414896,0.22750310739810597,-0.03150416374945432,-0.023625434679887522
127.0,2.0,0.0,0.0,0.0,0.0,0.0,0.0,0.0,0.0,0.0,0.0,0.0,0.0,0.21526662193974852,0.22746186257801512,-0.031534116440112295,-0.02364781692897662
127.0,2.5,0.0,0.0,0.0,0.0,0.0,0.0,0.0,0.0,0.0,0.0,0.0,0.0,0.21522756818565864,0.22742072262676147,-0.03156401214283785,-0.02367016744187965
127.0,3.0,0.0,0.0,0.0,0.0,0.0,0.0,0.0,0.0,0.0,0.0,0.0,0.0,0.21518863254771584,0.2273796870347825,-0.03159385104967128,-0.023692486336383
127.0,3.5,0.0,0.0,0.0,0.0,0.0,0.0,0.0,0.0,0.0,0.0,0.0,0.0,0.21514981443470643,0.22733875529616454,-0.031623633352632435,-0.023714773729566086
127.0,4.0,0.0,0.0,0.0,0.0,0.0,0.0,0.0,0.0,0.0,0.0,0.0,0.0,0.21511111325837706,0.227297926908608,-0.031653359243695334,-0.023737029737807322
127.0,4.5,0.0,0.0,0.0,0.0,0.0,0.0,0.0,0.0,0.0,0.0,0.0,0.0,0.21507252843344393,0.22725720137339353,-0.03168302891476362,-0.023759254476789813
127.0,5.0,0.0,0.0,0.0,0.0,0.0,0.0,0.0,0.0,0.0,0.0,0.0,0.0,0.2150340593776015,0.2272165781953479,-0.031712642557646636,-0.023781448061507376
127,5.5,1.0702102920812462,1.0913917168626155,0.03326626207542451,0.10774436527455084,16.530841850017314,17.860354077679542,True,True,0.0432289593036933,0.14375572173653065,0.0,0.0,0.21499570551152936,0.22717605688281106,-0.031742200364036716,-0.02380361060626988
127,6.0,4.892972462255539,4.9758580140741175,0.16374408034723717,0.5434054645341575,32.832071846118964,35.623836062294835,False,False,0.18675352322000766,0.6602635324940046,0.0,0.0,0.21495322704640432,0.22712190678283523,-0.03177497515328257,-0.023833265646676045
127,6.5,4.917927874404267,5.013748488556575,0.15508034618191285,0.5444016928603534,33.12546499057125,35.87415525880543,True,True,0.20191976092388542,0.7896820632978223,0.0,0.0,0.21489423546934483,0.22701234006731977,-0.03182055774397176,-0.023893404082100295
127,7.0,6.199286176444504,6.3038787507558,0.2063111653716364,0.4811219506032622,33.025857929960935,35.33512940879973,True,True,0.24815015795780174,0.6530103534448297,0.0,0.0,0.21483646140590268,0.22690274681093056,-0.0318652751009304,-0.02395373804071437
127,7.5,9.60698402142976,9.673338282993944,0.48345214377263634,0.5424776022956626,31.57895202839333,32.33073732027804,False,False,0.2819162294067584,0.35293856892022385,0.0,0.0,0.2147722717591457,0.22680131740181225,-0.03191504598179112,-0.024009739394350124
127,8.0,11.778124727199451,11.250627357364312,0.9302015461202519,0.5911983540864371,29.310285921331253,25.768975510929273,False,False,0.24602333568234402,0.16476566948507537,0.0,0.0,0.21467287760398115,0.22669216872975323,-0.031992296344036976,-0.024070177064381314
127,8.5,12.343522252039472,11.089051982788119,1.2301267614722813,0.6308478117255248,28.02473700214143,21.645127178311807,False,False,0.22072774612979007,0.11726148862813032,0.0,0.0,0.21451666470562947,0.22657691042400221,-0.03211415765226818,-0.02413419462841571
127,9.0,12.668329432791765,10.955154481507593,1.3563255209910814,0.6293901438279604,27.682235458313023,20.24173033013538,False,True,0.2183225253837897,0.10591512179631077,0.0,0.0,0.21432234272248316,0.22645669799688517,-0.03226652055725649,-0.02420118009589127
127,9.5,13.063456844064223,10.8066345457908,1.490694752108114,0.6422928874707228,27.244058095307118,18.631536415016996,False,True,0.21473128630365906,0.09507099524589588,0.0,0.0,0.21411204954816868,0.22633676937927008,-0.032432377495524814,-0.024268228269662573
127,10.0,13.079728511879456,10.638015914124448,1.576849151404045,0.6602826959605199,26.979575678759762,18.14724108204594,False,True,0.20946432675327153,0.09097570802426738,0.0,0.0,0.21388474344829353,0.22621529412240837,-0.03261279613612204,-0.02433636686220694
127,10.5,13.151439597640643,10.394112026868731,1.6510315329460397,0.6627782410140277,26.748365087834248,17.414763545811628,False,True,0.20575112993514555,0.08559555043710398,0.0,0.0,0.2136465680292926,0.2260916235091667,-0.03280312652188679,-0.02440597118037754
127,11.0,13.451615295012882,10.486657470695878,1.6994732494096096,0.6701019580680901,26.688629772073142,17.120159333208044,False,True,0.20921534106405118,0.08505353646204064,0.0,0.0,0.21339904837927723,0.2259677315616093,-0.033002328137517176,-0.02447593803000475
127,11.5,13.25510619728172,9.859642565558273,1.812647058677642,0.6701096896258361,26.21609318838879,15.977827578385053,False,True,0.1971018330828458,0.07530465170419091,0.0,0.0,0.2131454641679119,0.22584300256035247,-0.03320790700200521,-0.024546619146031144
127,12.0,13.548753387004124,9.950207954318168,1.8250191346554363,0.6746087918890282,26.217502690958554,15.609957188704845,False,True,0.19989237944142504,0.07489811580871211,0.0,0.0,0.2128775658735521,0.22571836835296324,-0.033426749850649466,-0.024617489594390505
127,12.5,13.011206453106286,9.700393311429352,1.8035860555190812,0.6779677021094618,26.10000201826766,16.08591663440103,False,True,0.19147511864200034,0.07470060650564432,0.0,0.0,0.212608198415684,0.22559325614578357,-0.03364852754929307,-0.024688877181293617
127,13.0,12.694162150877066,9.15639306956287,1.8469276444949365,0.6699193795893349,25.820750227203213,15.648434254132116,False,True,0.1820033458413493,0.06879398690049021,0.0,0.0,0.21234166915737446,0.22546781079394923,-0.03386969618079461,-0.024760702633463028
127,13.5,12.734484466927135,9.019601500991172,1.883212926352312,0.6673759481430144,25.69562749860864,15.242431136440324,False,True,0.18051576099714567,0.06666893095673176,0.0,0.0,0.2120697231642012,0.22534348551323707,-0.03409714725716966,-0.024832132548369846
127,14.0,12.332872657764025,8.745324524924488,1.8323824576639378,0.6646139255930507,25.608238440334752,15.461407122292067,False,True,0.17354599907428883,0.06533441382184871,0.0,0.0,0.21179325912711877,0.2252195783633511,-0.03433024515370619,-0.0249035666434217
127,14.5,12.338044820398292,8.598105117963545,1.8839456237242247,0.6667715934818235,25.42543913124019,14.937889997511082,False,True,0.1709513897519458,0.06292995367619011,0.0,0.0,0.211523377939007,0.22509611676625596,-0.034559626412266134,-0.024974987524433362
127,15.0,12.11623582468832,8.44926444854939,1.884477104430961,0.6806739412911001,25.256873718081344,14.89734552837692,False,True,0.16546884448864155,0.061932720235223324,0.0,0.0,0.2112470307874049,0.22497247336132598,-0.03479639811817842,-0.025046758299381813
127,15.5,11.838140000678608,8.360658988801063,1.8175831595860767,0.679841193650536,25.254833856497477,15.020414174931545,False,False,0.16133372084743336,0.06186395808345402,0.0,0.0,0.21097072027969166,0.22484715106342484,-0.03503507332255398,-0.025119754523384545
127,16.0,11.935604666704315,8.2430290978112,1.870364818268709,0.6701938541296428,25.098379308192104,14.234294078453257,False,True,0.16058990948685714,0.05901175220992615,0.0,0.0,0.21070303812686086,0.2247220271818901,-0.035268157836830745,-0.025192888188801985
127,16.5,10.624049489461285,7.5234682514966185,1.6996891447736504,0.6694689151636243,24.85823996693926,14.616464863742378,False,False,0.13989705214078232,0.05564260587835121,0.0,0.0,0.21042873323780276,0.22459822456265724,-0.035508928424819126,-0.025265499410744813
127,17.0,10.129246391648294,7.564458002717929,1.5468104436496426,0.6617835617144946,25.077840612643982,15.333202016311702,False,False,0.13596344404721677,0.05862460418024373,0.0,0.0,0.21017628091115936,0.22447460578012363,-0.03573225041263495,-0.02533825174483543
127,17.5,9.953495765923357,7.615086488103858,1.50286870850837,0.664784328772018,25.14687942470196,15.209946335052578,False,False,0.1335854591547734,0.059172174074716324,0.0,0.0,0.20994341274046377,0.22435205740289316,-0.035939733247680426,-0.025410620625479583
127,18.0,9.232466135191704,7.493020966873956,1.3309108825457274,0.653106918077597,25.37273615642748,15.917143328156786,False,False,0.12631544212783333,0.06180868584523425,0.0,0.0,0.20971624609902273,0.2242292172552255,-0.03614352069473037,-0.025483409091884953
127,18.5,4.73054717672521,4.3844336861386415,0.6502532253563282,0.5761221148509943,25.60586504945142,20.102526558516203,False,False,0.0660459598484551,0.05816327107821971,0.0,0.0,0.20951109395165426,0.2241079554085893,-0.03632874339623526,-0.02555550612813548
127,19.0,3.777181453220299,3.8228226571126998,0.47319181531576027,0.5424939381172107,13.047582819585134,13.54540150593763,False,False,0.05510170378924914,0.06241301587058385,0.0,0.0,0.20939278085623167,0.22399659376586548,-0.03643607717640983,-0.025621931103409455
127.0,19.5,0.0,0.0,0.0,0.0,0.0,0.0,0.0,0.0,0.0,0.0,0.0,0.0,0.20929713166281178,0.2238896068800998,-0.03652312652541139,-0.02568594046152153
127.0,20.0,0.0,0.0,0.0,0.0,0.0,0.0,0.0,0.0,0.0,0.0,0.0,0.0,0.20926188262034026,0.2238518405502383,-0.036555268786619674,-0.025708581227250518
127.0,20.5,0.0,0.0,0.0,0.0,0.0,0.0,0.0,0.0,0.0,0.0,0.0,0.0,0.20922673310550224,0.2238141628856876,-0.03658735385836065,-0.025731192536504587
127.0,21.0,0.0,0.0,0.0,0.0,0.0,0.0,0.0,0.0,0.0,0.0,0.0,0.0,0.20919168264923255,0.2237765735123817,-0.036619381925267105,-0.025753774475710384
127.0,21.5,0.0,0.0,0.0,0.0,0.0,0.0,0.0,0.0,0.0,0.0,0.0,0.0,0.20915673078483035,0.22373907205822283,-0.03665135317176582,-0.025776327131076318
127.0,22.0,0.0,0.0,0.0,0.0,0.0,0.0,0.0,0.0,0.0,0.0,0.0,0.0,0.20912187704795993,0.2237016581530737,-0.036683267782061726,-0.025798850588589654
127.0,22.5,0.0,0.0,0.0,0.0,0.0,0.0,0.0,0.0,0.0,0.0,0.0,0.0,0.20908712097665075,0.2236643314287497,-0.03671512594012275,-0.025821344934014234
127.0,23.0,0.0,0.0,0.0,0.0,0.0,0.0,0.0,0.0,0.0,0.0,0.0,0.0,0.20905246211129724,0.2236270915190109,-0.03674692782966503,-0.025843810252887848
127.0,23.5,0.0,0.0,0.0,0.0,0.0,0.0,0.0,0.0,0.0,0.0,0.0,0.0,0.2090178999946581,0.22358993805955402,-0.03677867363413865,-0.025866246630519917
127.0,24.0,0.0,0.0,0.0,0.0,0.0,0.0,0.0,0.0,0.0,0.0,0.0,0.0,0.20898343417185491,0.22355287068800414,-0.036810363536713964,-0.025888654151989363
128.0,0.5,0.0,0.0,0.0,0.0,0.0,0.0,0.0,0.0,0.0,0.0,0.0,0.0,0.20894906419037065,0.2235158890439068,-0.036841997720268034,-0.025911032902142302
128.0,1.0,0.0,0.0,0.0,0.0,0.0,0.0,0.0,0.0,0.0,0.0,0.0,0.0,0.20891478960004736,0.22347899276871927,-0.03687357636737207,-0.025933382965590102
128.0,1.5,0.0,0.0,0.0,0.0,0.0,0.0,0.0,0.0,0.0,0.0,0.0,0.0,0.20888060995308394,0.2234421815058026,-0.03690509966027857,-0.025955704426707294
128.0,2.0,0.0,0.0,0.0,0.0,0.0,0.0,0.0,0.0,0.0,0.0,0.0,0.0,0.208846524804033,0.22340545490041308,-0.03693656778090955,-0.025977997369629694
128.0,2.5,0.0,0.0,0.0,0.0,0.0,0.0,0.0,0.0,0.0,0.0,0.0,0.0,0.20881253370979794,0.22336881259969363,-0.03696798091084458,-0.026000261878252617
128.0,3.0,0.0,0.0,0.0,0.0,0.0,0.0,0.0,0.0,0.0,0.0,0.0,0.0,0.20877863622962883,0.22333225425266537,-0.03699933923131009,-0.026022498036229202
128.0,3.5,0.0,0.0,0.0,0.0,0.0,0.0,0.0,0.0,0.0,0.0,0.0,0.0,0.20874483192511886,0.22329577951021903,-0.037030642923167864,-0.026044705926968573
128.0,4.0,0.0,0.0,0.0,0.0,0.0,0.0,0.0,0.0,0.0,0.0,0.0,0.0,0.20871112036019987,0.2232593880251064,-0.03706189216690493,-0.02606688563363439
128.0,4.5,0.0,0.0,0.0,0.0,0.0,0.0,0.0,0.0,0.0,0.0,0.0,0.0,0.2086775011011377,0.22322307945193148,-0.03709308714262329,-0.026089037239143232
128.0,5.0,0.0,0.0,0.0,0.0,0.0,0.0,0.0,0.0,0.0,0.0,0.0,0.0,0.20864397371652718,0.22318685344714184,-0.0371242280300303,-0.02611116082616332
128,5.5,1.757933003730683,1.7698820567811187,0.08735658086938226,0.10543898622949335,15.478572004728079,15.951164988260139,False,False,0.04627818587441482,0.05657115510190867,0.0,0.0,0.20861053777728708,0.22315070966901984,-0.03715531500842898,-0.026133256477112995
128,6.0,6.576569957082543,6.644921073103009,0.3227653121023341,0.4944727926319484,30.945810748083705,32.724916469955545,False,False,0.17280635410840975,0.2732708005910963,0.0,0.0,0.2085660607640776,0.2231012113937835,-0.03719671548044277,-0.02616355224292069
128,6.5,8.495410870002086,8.539565105373068,0.447859086254719,0.5175771582786627,30.73126444499079,31.420151122911516,False,False,0.21558607045838174,0.2601004191746181,0.0,0.0,0.20849167555428239,0.22300221900499984,-0.03726607825263657,-0.026224266851508343
128,7.0,10.58268415362975,10.52215458857974,0.6287945427187835,0.5661704543186694,30.243454270203593,29.519351721143774,False,False,0.24916519293290654,0.23565104473789666,0.0,0.0,0.20840143946823084,0.2229003635758086,-0.03735042864148879,-0.026286912743509135
128,7.5,11.738690243521468,11.326258122744257,0.8679128014660528,0.595716026329587,29.190245761895802,26.15319710807286,False,False,0.2391104378650626,0.17080397455673296,0.0,0.0,0.2082882360249881,0.22279239665115289,-0.03745657025235034,-0.026353512270029338
128,8.0,12.482872659376907,11.396789846848357,1.1385097250083087,0.6218058009203647,28.021550007512374,22.4876612890056,False,False,0.22394395967230674,0.12770881321895522,0.0,0.0,0.20814465041060226,0.22268074521175446,-0.03759171621195555,-0.026422596154928493
128,8.5,12.982293356827913,11.025669954478916,1.3961291376443146,0.6474743019966102,27.079693157952875,19.44859893577527,False,False,0.21041746607952722,0.10122491096509964,0.0,0.0,0.20796667079625605,0.22256584932162474,-0.037760041842220315,-0.02649391292182578
128,9.0,13.322853921996138,10.697147372460895,1.5836344496603116,0.6610903548478239,26.771459356542998,17.958497145657237,False,True,0.2090123102830217,0.09009780219005589,0.0,0.0,0.21042292253080905,0.22511432122661143,-0.035514049906720684,-0.02496444116328016
128,9.5,13.503625305952282,10.053243163239546,1.8118825417406124,0.6741705990428236,26.313050724660975,16.27299188109329,False,True,0.2025379699286536,0.07746188269736344,0.0,0.0,0.21284930011747694,0.22765459986452166,-0.03344993987083938,-0.023543440870614697
128,10.0,13.642452334526807,9.4970942641882,1.9739027753982128,0.6790147421647267,25.82658911646176,15.02197953499234,False,True,0.195641043572292,0.06900393701006279,0.0,0.0,0.21257446892358287,0.2275210829169262,-0.03367642131084466,-0.02361568783673471
128,10.5,13.69081145560244,9.189551477067617,2.0544624269462224,0.6770366963312878,25.584996542715075,14.429611181588948,False,True,0.19224748369395323,0.06508059117030152,0.0,0.0,0.2122791731107783,0.22738712453127033,-0.03392180644104349,-0.023688439288182685
128,11.0,13.366494701461374,8.645140765701983,2.1323544182767704,0.6843636413950887,25.192032601786828,13.955226302495348,False,True,0.18133085987128678,0.05982712653551049,0.0,0.0,0.21197379183219617,0.22725359252027658,-0.03417781653311651,-0.023761225095698734
128,11.5,13.369693985707038,8.530341573965607,2.1512021788255264,0.680598964952153,25.109709561357676,13.736009678449202,False,True,0.1800584195020256,0.05851936058819805,0.0,0.0,0.21165866346154505,0.227119299588352,-0.03444441511690687,-0.02383469457450476
128,12.0,13.285994114479717,8.484243694538263,2.15143641109365,0.6896847493042445,25.032663237127053,13.921244751517996,False,True,0.17775495527275786,0.058560476696861735,0.0,0.0,0.21134131061784311,0.22698565765975612,-0.034715403443982766,-0.023908076755139628
128,12.5,13.218548456764186,8.378590728400031,2.150314861305963,0.6869309067629066,24.964217531064076,13.84804649996357,False,True,0.17582289245024263,0.05766920801957502,0.0,0.0,0.21102410374437666,0.2268510276746903,-0.03498880938574409,-0.023982273816792143
128,13.0,13.059202250279311,8.219204305103524,2.1581017903806563,0.6893868465477818,24.82799357127539,13.698057207354994,False,True,0.17180480077725377,0.056340909689206964,0.0,0.0,0.2107072141033558,0.2267169169218121,-0.03526450744007726,-0.024056457650163426
128,13.5,12.646578115829751,7.9933290347929695,2.0950855048460135,0.6816300470862356,24.788328263599023,13.96416664600083,False,True,0.16564188216542053,0.055338744032328954,0.0,0.0,0.2103895049752501,0.22658266005736877,-0.035543520798653895,-0.024130996323614165
128,14.0,13.487856169647717,8.394725245309449,2.1620143834122008,0.6838662009880099,24.86373429950861,13.109018471979855,False,True,0.17679668095152506,0.05623329931581957,0.0,0.0,0.2100799975449293,0.22644955709341186,-0.03581786426036676,-0.024205166157180873
128,14.5,12.82243588665309,7.311636444055341,2.377104545714004,0.7035260623645166,23.936166598125133,11.824387009340105,False,True,0.15614071336566615,0.046516589023478334,0.0,0.0,0.20976213109249647,0.22631633319474356,-0.03610224729079447,-0.024279675531460182
128,15.0,11.478105081180402,6.5761220685641995,2.266765578134557,0.6927155683533249,23.49237615171539,11.901916251692821,False,True,0.13575532007326657,0.04194323210633211,0.0,0.0,0.20941702358731681,0.22618076662452666,-0.036414053396822285,-0.02435577580958752
128,15.5,11.988957014070976,7.076954911267096,2.244658092778691,0.7014510398784394,23.743219355176002,11.677419151798727,False,True,0.1438664703622106,0.04490888576740565,0.0,0.0,0.20908614396487024,0.226046738939512,-0.03671602196626407,-0.024431291769940626
128,16.0,11.453663921170534,7.714665061869937,1.8963497376271832,0.689400695278275,24.470946127022557,13.410756411432999,False,False,0.1454261192592481,0.05284631787286531,0.0,0.0,0.20875824725526934,0.2259117579965524,-0.03701821619277105,-0.024507626954280236
128,16.5,10.716148952528496,8.417998143860142,1.4569669417064153,0.6669638919734463,25.659628112802764,16.845883668268613,False,False,0.1503237845744993,0.0690370925844746,0.0,0.0,0.20847490077723904,0.2257784712627512,-0.03728174169742555,-0.024583283029366958
128,17.0,7.7205708599819545,7.368797434323818,0.8295230040875881,0.6135495814165746,26.97234455593216,22.949941029919373,False,False,0.1224803061939358,0.09038289141686051,0.0,0.0,0.2082477090518086,0.22564820100464333,-0.037494656415136544,-0.02465749594295997
128,17.5,8.021667057189472,7.550840929969886,0.7695941072198343,0.5779500859730161,27.61560020551989,23.349259467856243,False,False,0.13597979609792196,0.10226530324422585,0.0,0.0,0.2081006359036321,0.22552489348164298,-0.037633259929362145,-0.02472798833371001
128,18.0,5.987714186168058,5.883625579103173,0.5126602805729805,0.5580178586359781,28.206843887641647,26.240045810573264,False,False,0.10832595569570577,0.11803332134531404,0.0,0.0,0.20796135999606233,0.22540627723530884,-0.037765078355962545,-0.02479602551592472
128,18.5,2.431547115423297,2.527041995529527,0.19802371502852373,0.5036135809834249,14.215954889585614,16.70676268449385,False,False,0.045145545812806886,0.11454362065066796,0.0,0.0,0.20785498492019364,0.22529035450020668,-0.03786612826636089,-0.02486273333503176
128.0,19.0,0.0,0.0,0.0,0.0,0.0,0.0,0.0,0.0,0.0,0.0,0.0,0.0,0.20778886261741153,0.2251815169278886,-0.03792910283843775,-0.024925558697183495
128.0,19.5,0.0,0.0,0.0,0.0,0.0,0.0,0.0,0.0,0.0,0.0,0.0,0.0,0.20774813152407043,0.2251370073169352,-0.037967957051399506,-0.02495130589202414
128.0,20.0,0.0,0.0,0.0,0.0,0.0,0.0,0.0,0.0,0.0,0.0,0.0,0.0,0.20770755567916893,0.2250926476117314,-0.03800671033091273,-0.024976997906371114
128.0,20.5,0.0,0.0,0.0,0.0,0.0,0.0,0.0,0.0,0.0,0.0,0.0,0.0,0.207667133851326,0.2250484366540781,-0.03804536338096331,-0.02500263513771038
128.0,21.0,0.0,0.0,0.0,0.0,0.0,0.0,0.0,0.0,0.0,0.0,0.0,0.0,0.20762686482457804,0.225004373300643,-0.038083916897113296,-0.02502821797841392
128.0,21.5,0.0,0.0,0.0,0.0,0.0,0.0,0.0,0.0,0.0,0.0,0.0,0.0,0.20758674739811162,0.22496045642269297,-0.03812237156664468,-0.02505374681583237
128.0,22.0,0.0,0.0,0.0,0.0,0.0,0.0,0.0,0.0,0.0,0.0,0.0,0.0,0.20754678038600213,0.224916684905833,-0.03816072806870017,-0.025079222032385034
128.0,22.5,0.0,0.0,0.0,0.0,0.0,0.0,0.0,0.0,0.0,0.0,0.0,0.0,0.20750696261695833,0.22487305764975102,-0.03819898707442055,-0.02510464400564803
128.0,23.0,0.0,0.0,0.0,0.0,0.0,0.0,0.0,0.0,0.0,0.0,0.0,0.0,0.2074672929340724,0.22482957356796812,-0.038237149247079306,-0.02513001310844078
128.0,23.5,0.0,0.0,0.0,0.0,0.0,0.0,0.0,0.0,0.0,0.0,0.0,0.0,0.2074277701945753,0.224786231587595,-0.03827521524221436,-0.02515532970891004
128.0,24.0,0.0,0.0,0.0,0.0,0.0,0.0,0.0,0.0,0.0,0.0,0.0,0.0,0.20738839326959774,0.22474303064909323,-0.038313185707756776,-0.025180594170612438
129.0,0.5,0.0,0.0,0.0,0.0,0.0,0.0,0.0,0.0,0.0,0.0,0.0,0.0,0.20734916104393605,0.22469996970604256,-0.038351061284156794,-0.025205806852594912
129.0,1.0,0.0,0.0,0.0,0.0,0.0,0.0,0.0,0.0,0.0,0.0,0.0,0.0,0.20731007241582347,0.22465704772491268,-0.03838884260450706,-0.02523096810947358
129.0,1.5,0.0,0.0,0.0,0.0,0.0,0.0,0.0,0.0,0.0,0.0,0.0,0.0,0.20727112629670566,0.22461426368484058,-0.0384265302946637,-0.025256078291510668
129.0,2.0,0.0,0.0,0.0,0.0,0.0,0.0,0.0,0.0,0.0,0.0,0.0,0.0,0.20723232161102179,0.2245716165774124,-0.03846412497336409,-0.025281137744690034
129.0,2.5,0.0,0.0,0.0,0.0,0.0,0.0,0.0,0.0,0.0,0.0,0.0,0.0,0.2071936572959896,0.22452910540645038,-0.03850162725234285,-0.025306146810790683
129.0,3.0,0.0,0.0,0.0,0.0,0.0,0.0,0.0,0.0,0.0,0.0,0.0,0.0,0.20715513230139557,0.2244867291878043,-0.038539037736444834,-0.02533110582745895
129.0,3.5,0.0,0.0,0.0,0.0,0.0,0.0,0.0,0.0,0.0,0.0,0.0,0.0,0.20711674558938903,0.22444448694914748,-0.03857635702373609,-0.025356015128278994
129.0,4.0,0.0,0.0,0.0,0.0,0.0,0.0,0.0,0.0,0.0,0.0,0.0,0.0,0.20707849613428073,0.2244023777297771,-0.03861358570561274,-0.025380875042841863
129.0,4.5,0.0,0.0,0.0,0.0,0.0,0.0,0.0,0.0,0.0,0.0,0.0,0.0,0.2070403829223459,0.22436040058041906,-0.03865072436690677,-0.02540568589681297
129.0,5.0,0.0,0.0,0.0,0.0,0.0,0.0,0.0,0.0,0.0,0.0,0.0,0.0,0.2070024049516309,0.2243185545630367,-0.03868777358599062,-0.025430448011998133
129.0,5.5,0.0,0.0,0.0,0.0,0.0,0.0,0.0,0.0,0.0,0.0,0.0,0.0,0.20696456123176415,0.2242768387506439,-0.038724733934879144,-0.025455161706408345
129,6.0,2.5083247592440876,2.5324230761188296,0.0885102111081241,0.12990175895172304,16.133449995569883,16.874318621745047,False,False,0.08430519574360684,0.12863671973855856,0.0,0.0,0.2069268507837711,0.22423525222712182,-0.038761605979329226,-0.025479827294323083
129,6.5,3.321096319760038,3.3544930761226146,0.12463286998747655,0.17603344344820665,16.035119056994372,16.759029683573477,False,False,0.10716964383033348,0.15904820238568046,0.0,0.0,0.20687799353699898,0.22417724034383982,-0.03880943922337266,-0.025514282594610718
129,7.0,4.087792949510703,4.0841119063329545,0.1959958661626822,0.19122162185355143,15.505159486308674,15.433008274146868,False,False,0.10856790409753672,0.10810420994736195,0.0,0.0,0.20682466442651912,0.22411347725994846,-0.038861730908762965,-0.02555221779765377
129,7.5,4.4816163959794535,4.441079633653377,0.25948606388520934,0.22108645324600826,15.055640522945138,14.467612018183297,False,False,0.10349335645463446,0.08907338552427489,0.0,0.0,0.2067623717320879,0.22404790530938892,-0.038922918144801984,-0.025591299278103573
129,8.0,4.630963335758225,4.588151679957702,0.29021738840262806,0.24878118750697018,14.850923607601567,14.246567419209086,False,False,0.10094263792220905,0.0869509428786417,0.0,0.0,0.20669211777122828,0.22397865333394545,-0.03899206314615994,-0.0256326514394173
129,8.5,5.617066136859498,5.482825647802889,0.37079845538711587,0.2718468969133741,14.745971173299724,13.500435755334362,False,False,0.11901404002679679,0.08862047313646537,0.0,0.0,0.2066180761738905,0.22390599701550046,-0.03906509445759563,-0.02567612203279787
129,9.0,6.2607040044870885,5.938545392394492,0.4739985697051135,0.2976731191538748,14.407409809097427,12.359094986282145,False,False,0.12167775170990161,0.07781300976600444,0.0,0.0,0.2065338935342923,0.22383052539577344,-0.03914832652109394,-0.025721370075288075
129,9.5,12.53371020944294,11.536472820602091,1.1118653946121064,0.6325019567342829,27.965639903117488,22.50910515900089,False,False,0.2206980577918231,0.12781261338577946,0.0,0.0,0.20643668654027747,0.22375188585894046,-0.03924469886916375,-0.025768618511558417
129,10.0,12.22663644350301,10.939115911654262,1.216000298028352,0.6404571811074676,27.25135219633698,20.43685662479193,False,False,0.19951652698192648,0.10590576512694283,0.0,0.0,0.2062583202289059,0.22363070051631215,-0.03942226991340567,-0.025841632073193257
129,10.5,12.437315037760033,10.839227100322459,1.2958724681437421,0.6450938126908942,26.967369969729482,19.443558323937296,False,False,0.19720961992743793,0.0989211208710313,0.0,0.0,0.20606680866268368,0.22350862297107366,-0.03961399441403734,-0.025915432538935537
129,11.0,12.61621389611722,10.835494255198475,1.3566487074188112,0.6588329385021061,26.769386995004545,18.92403844939024,False,True,0.1961749925187568,0.09610616702649648,0.0,0.0,0.205865242835405,0.2233860753228882,-0.03981698558877071,-0.025989769911698164
129,11.5,12.887600466145514,10.819748224803018,1.4026261967690465,0.6502054921525732,26.697923251367286,18.44044836919651,False,True,0.19900479515992966,0.09340063787417635,0.0,0.0,0.20565605533059161,0.22326189683184014,-0.040028964256209734,-0.026065355856147086
129,12.0,13.295987187256102,10.835603235037842,1.5201755957994114,0.6700384642930541,26.3765894064065,17.839181010351016,False,True,0.20112783463817951,0.09062146955372148,0.0,0.0,0.20544113113964219,0.22313893696262188,-0.040248158113310964,-0.026140458254427158
129,12.5,13.41053187323002,10.51309776365217,1.6351648516908313,0.6804787881584835,25.985144346348076,16.808317209457172,False,True,0.19556990226373594,0.08333633192823799,0.0,0.0,0.20521134880954228,0.2230135681683097,-0.040484089030177875,-0.026217297600972904
129,13.0,12.489332062713029,10.129828871492165,1.5029409266124079,0.6679807301083152,25.97945533052196,16.82059102261098,False,True,0.18028201807546196,0.08035500551380478,0.0,0.0,0.20496703375070668,0.2228869866367639,-0.04073675131751341,-0.026295153431623315
129,13.5,13.259385051121987,10.238071525659223,1.6604893172899664,0.6779089866433363,25.753513427887114,16.28389468045471,False,True,0.18950803238379296,0.0791082501937602,0.0,0.0,0.2047396882012312,0.22276211473918445,-0.040973553583309966,-0.02637222779183397
129,14.0,13.168761613631634,9.966851103905256,1.7035658948449601,0.682752573794809,25.528149818494896,15.812356924768974,False,True,0.18429089518050806,0.07536292197000145,0.0,0.0,0.2044923848497461,0.22263609390949557,-0.04123300871371777,-0.02645028435798603
129,14.5,12.893190742476541,9.7708329961679,1.6815355111197905,0.6796237892221697,25.478127751463703,15.893995937839836,False,True,0.17943700783919983,0.07421386634616184,0.0,0.0,0.20423971034980132,0.22250957139494681,-0.041500123242893164,-0.02652892873713509
129,15.0,12.396858314455788,10.32456157020631,1.420192685757013,0.6721800981798772,26.17468540855854,17.87182837015751,False,False,0.1821744089587919,0.08661402930271525,0.0,0.0,0.2039899606630459,0.22238356244241628,-0.04176617433252539,-0.02660753096122611
129,15.5,5.299541797847035,4.5007327496937615,0.5772054074159408,0.277013399183298,13.2089835893903,9.084673634975621,False,False,0.07966828608659988,0.03822257064737932,0.0,0.0,0.20377363124964895,0.22225861622914034,-0.041998267620770635,-0.026685744399777056
129,16.0,9.155151628327882,8.445227924000362,1.0163959966520844,0.6319709256559746,26.266706346215916,20.494894002327,False,False,0.13569029445514125,0.08409790489651264,0.0,0.0,0.2036648419005975,0.22218414070632872,-0.04211556500287629,-0.026732494658047123
129,16.5,7.794157658899139,7.370211908228547,0.889777101227389,0.6232888800676214,26.07657060458447,21.572026947509123,False,False,0.11350798994044344,0.07918322169288121,0.0,0.0,0.20350020034212377,0.22206454479147322,-0.04229382584542987,-0.026807772520488528
129,17.0,3.124511817719619,2.7721861162393027,0.3413468354701427,0.18051366319123693,13.163025929232234,9.45715311366668,False,False,0.04656647176978548,0.024515058303958018,0.0,0.0,0.20335180848751924,0.2219461674346667,-0.042455263544386945,-0.02688253223176854
129.0,17.5,0.0,0.0,0.0,0.0,0.0,0.0,0.0,0.0,0.0,0.0,0.0,0.0,0.2032734181770641,0.2218843256943508,-0.04254084186849592,-0.02692168636793018
129.0,18.0,0.0,0.0,0.0,0.0,0.0,0.0,0.0,0.0,0.0,0.0,0.0,0.0,0.20323863944168002,0.22184559821500913,-0.042578875458939264,-0.026946240668860363
129.0,18.5,0.0,0.0,0.0,0.0,0.0,0.0,0.0,0.0,0.0,0.0,0.0,0.0,0.2032039727601123,0.22180698100910054,-0.04261682683463554,-0.026970751627217827
129,19.0,2.7496957683326886,2.867869409494259,0.272656348241642,0.5410756172222327,13.38124259317882,15.724430156363082,False,False,0.042727388647251466,0.08396017886930067,0.0,0.0,0.20316941739736205,0.2217684734535165,-0.04265469646049234,-0.026995219445061135
129.0,19.5,0.0,0.0,0.0,0.0,0.0,0.0,0.0,0.0,0.0,0.0,0.0,0.0,0.2031002272675535,0.22166112415633818,-0.042730643316158834,-0.027063569275497884
129.0,20.0,0.0,0.0,0.0,0.0,0.0,0.0,0.0,0.0,0.0,0.0,0.0,0.0,0.20306589236740005,0.22162283405264743,-0.04276839098213958,-0.02708799865077545
129.0,20.5,0.0,0.0,0.0,0.0,0.0,0.0,0.0,0.0,0.0,0.0,0.0,0.0,0.2030316666257607,0.2215846517639807,-0.042806058187534295,-0.027112385406694996
129.0,21.0,0.0,0.0,0.0,0.0,0.0,0.0,0.0,0.0,0.0,0.0,0.0,0.0,0.20299754933709063,0.22154657669074185,-0.04284364538012633,-0.027136729737876973
129.0,21.5,0.0,0.0,0.0,0.0,0.0,0.0,0.0,0.0,0.0,0.0,0.0,0.0,0.20296353980294773,0.22150860823818527,-0.04288115300346133,-0.02716103183759443
129.0,22.0,0.0,0.0,0.0,0.0,0.0,0.0,0.0,0.0,0.0,0.0,0.0,0.0,0.20292963733189395,0.22147074581636556,-0.04291858149690462,-0.02718529189778481
129.0,22.5,0.0,0.0,0.0,0.0,0.0,0.0,0.0,0.0,0.0,0.0,0.0,0.0,0.2028958412393983,0.22143298884008839,-0.04295593129569782,-0.02720951010906136
129.0,23.0,0.0,0.0,0.0,0.0,0.0,0.0,0.0,0.0,0.0,0.0,0.0,0.0,0.20286215084774187,0.22139533672886158,-0.042993202831014245,-0.02723368666072482
129.0,23.5,0.0,0.0,0.0,0.0,0.0,0.0,0.0,0.0,0.0,0.0,0.0,0.0,0.20282856548592418,0.22135778890684676,-0.04303039653001351,-0.027257821740774832
129.0,24.0,0.0,0.0,0.0,0.0,0.0,0.0,0.0,0.0,0.0,0.0,0.0,0.0,0.20279508448957145,0.22132034480281204,-0.04306751281589498,-0.027281915535920947
130.0,0.5,0.0,0.0,0.0,0.0,0.0,0.0,0.0,0.0,0.0,0.0,0.0,0.0,0.20276170720084633,0.22128300385008462,-0.04310455210795058,-0.027305968231594136
130.0,1.0,0.0,0.0,0.0,0.0,0.0,0.0,0.0,0.0,0.0,0.0,0.0,0.0,0.2027284329683592,0.22124576548650446,-0.04314151482161639,-0.027329980011957657
130.0,1.5,0.0,0.0,0.0,0.0,0.0,0.0,0.0,0.0,0.0,0.0,0.0,0.0,0.20269526114708103,0.22120862915437833,-0.04317840136852372,-0.027353951059918082
130.0,2.0,0.0,0.0,0.0,0.0,0.0,0.0,0.0,0.0,0.0,0.0,0.0,0.0,0.20266219109825784,0.22117159430043432,-0.04321521215654872,-0.02737788155713618
130.0,2.5,0.0,0.0,0.0,0.0,0.0,0.0,0.0,0.0,0.0,0.0,0.0,0.0,0.20262922218932652,0.2211346603757772,-0.04325194758986187,-0.027401771684037568
130.0,3.0,0.0,0.0,0.0,0.0,0.0,0.0,0.0,0.0,0.0,0.0,0.0,0.0,0.2025963537938322,0.22109782683584386,-0.04328860806897596,-0.027425621619823485
130.0,3.5,0.0,0.0,0.0,0.0,0.0,0.0,0.0,0.0,0.0,0.0,0.0,0.0,0.20256358529134677,0.22106109314035977,-0.043325193990793875,-0.027449431542481244
130.0,4.0,0.0,0.0,0.0,0.0,0.0,0.0,0.0,0.0,0.0,0.0,0.0,0.0,0.20253091606738927,0.2210244587532955,-0.04336170574865488,-0.02747320162879474
130.0,4.5,0.0,0.0,0.0,0.0,0.0,0.0,0.0,0.0,0.0,0.0,0.0,0.0,0.20249834551334714,0.22098792314282414,-0.04339814373238084,-0.027496932054354734
130.0,5.0,0.0,0.0,0.0,0.0,0.0,0.0,0.0,0.0,0.0,0.0,0.0,0.0,0.20246587302639904,0.22095148578127907,-0.043434508328321186,-0.02752062299356925
130,5.5,1.1197381670704996,1.143601343651629,0.037975254978712514,0.09716098489386531,16.01575783907646,17.491346098708963,True,True,0.03585162171490064,0.09274860399352206,0.0,0.0,0.2024334980094391,0.2209151461451122,-0.04347079991939713,-0.02754427461967338
130,6.0,5.490363693158435,5.585698280308076,0.17441311565930495,0.5221489530546353,32.30723146455905,35.322385342387804,False,False,0.18611793990108588,0.5891877686278307,0.0,0.0,0.20239638057841705,0.2208665222197444,-0.043512452104205464,-0.027575959360409276
130,6.5,7.458952383399686,7.581255035644613,0.278291133731052,0.5353168755146145,31.74890574104021,34.16082958758828,False,False,0.22596661465703657,0.45971739588953997,0.0,0.0,0.2023419727831595,0.22076383758355783,-0.043573593041598156,-0.02764301441173096
130,7.0,9.448106927348624,9.546534378286157,0.42911231985173887,0.5445469097026256,30.979608576371504,32.258310103882096,False,False,0.24965273647948344,0.3355922773229747,0.0,0.0,0.20227442323475917,0.22065957110186088,-0.043649644561118604,-0.027711301321498273
130,7.5,11.038677423016,11.032713906703222,0.5811268314829693,0.5665778389146904,30.264671185775107,30.182996144284925,False,False,0.26072009141668046,0.26528909914247306,0.0,0.0,0.2021877492595079,0.22055422408647737,-0.04374745934474459,-0.02778050012515778
130,8.0,12.068169517843751,11.914133031669177,0.7292786091735459,0.6093432799027187,29.68066276369529,28.595721323421913,False,False,0.26229251914566787,0.23189728214602268,0.0,0.0,0.20208179821901515,0.22044616478599138,-0.0438673839924748,-0.02785169454745845
130,8.5,12.547061276736075,12.167606805500792,0.8232698520750166,0.5826724367203914,29.261598136882938,26.78072391117429,False,False,0.25793305349539286,0.1929005035926047,0.0,0.0,0.2019570617879486,0.2203327504525413,-0.044009073987205063,-0.027926651053793616
130,9.0,12.90599527379456,12.34912869100993,0.9293913485589483,0.6227015331184893,28.722774462459785,25.531388045500385,False,False,0.24804071373747327,0.17378894057843852,0.0,0.0,0.20182044123517642,0.22022282906050636,-0.04416488949307401,-0.027999528518544693
130,9.5,13.19305601993069,12.329408305140419,1.0259754314868268,0.6179652347183661,28.30416940762496,23.943620397724608,False,False,0.2413518296700886,0.15199735461051653,0.0,0.0,0.2016703902148322,0.22010790037227057,-0.044336780457398216,-0.028075968249867446
130,10.0,13.27010577757288,12.158219188965298,1.1266329463615539,0.638722741219479,27.833325381566553,22.98821107055395,False,False,0.23199262977814195,0.13929845375512478,0.0,0.0,0.20150812355739214,0.2199936684945829,-0.04452356292464706,-0.02815219103881358
130,10.5,13.328475103606237,11.540073196049793,1.325392986153807,0.6576348611562404,26.904303413068796,20.32974252657644,False,True,0.21160083136789232,0.11076748583676942,0.0,0.0,0.20133312163042086,0.21987688421470616,-0.04472605656249069,-0.028230371975648053
130,11.0,13.514489479083302,11.074472121523597,1.4797910052752434,0.6676763716929506,26.258931443732244,18.339807356863414,False,True,0.20160455546721126,0.09488860052002591,0.0,0.0,0.20113288241709676,0.21975778223523756,-0.044959099734309345,-0.028310371076863523
130,11.5,12.82864744877437,9.773119206443814,1.6297156157845492,0.677474939573259,25.365367975896117,16.72117954157456,False,True,0.17660616414170283,0.07677324858445034,0.0,0.0,0.20091305855965805,0.21963749250839784,-0.045216603966842454,-0.028391442285145462
130,12.0,13.299871471478475,9.986378709861196,1.6612026660930987,0.6797645315205645,25.251238960152243,15.436170860370243,False,True,0.18008254963415526,0.07412484347619933,0.0,0.0,0.20067421958822054,0.21951604554460358,-0.04549837720396822,-0.02847357420611035
130,12.5,13.599181972208585,10.155777996461127,1.6916411481420583,0.6867080160688219,25.300598281242873,15.655497641280075,False,True,0.18491212496239415,0.07616318247846415,0.0,0.0,0.20043145780720276,0.21939439779083944,-0.04578692502324977,-0.02855612586429385
130,13.0,12.854236643737154,9.226380536280494,1.7827760842567504,0.6972332145410038,24.632865155488965,14.883784359738199,False,True,0.16626893991721733,0.06672820291703604,0.0,0.0,0.20018490631936953,0.21927195575142946,-0.04608221177591283,-0.028639504658839344
130,13.5,13.417224384204555,9.306725633006495,1.8291850496982567,0.6817802450327944,24.65712749955796,14.106155074342722,False,True,0.17292695619397155,0.06517517556325153,0.0,0.0,0.19992682989190572,0.2191482625668439,-0.0463937354670045,-0.028724030134913068
130,14.0,12.31308031375944,8.692862168920676,1.7672563059621296,0.6866276265903793,24.35529250035563,14.618796417492437,False,True,0.15588046458459978,0.06223978600225409,0.0,0.0,0.19966292757005644,0.219026628280996,-0.046714889918181186,-0.028807438674576677
130,14.5,12.13311894982756,8.432436856970075,1.7750681933923635,0.6784485417531679,24.21253938308201,14.291734105273532,False,True,0.15174698211935417,0.05960739984542675,0.0,0.0,0.1994070046247881,0.21890446554232565,-0.047028866916993865,-0.02889150021321589
130,15.0,12.538177131663478,8.920302139768866,1.743864066598988,0.6828068126994261,24.38885100875371,14.247899277202283,False,True,0.15908274366584377,0.06304585155460718,0.0,0.0,0.1991501733123526,0.21878343393350083,-0.04734648936363294,-0.028975071782469823
130,15.5,11.791817015969475,8.534316221615182,1.6513647798758468,0.67185084457471,24.389473389573418,14.807886243834824,False,False,0.14946206291890263,0.062204467640702255,0.0,0.0,0.19889740505591288,0.21866193537295006,-0.04766158570315929,-0.029059255635179304
130,16.0,11.815740847551268,8.681523186039694,1.636149040588407,0.6834595780729205,24.411883412124375,14.882190557524282,False,False,0.14994075110533256,0.06388102057931597,0.0,0.0,0.19865651037667362,0.2185419209901698,-0.04796420851155819,-0.029142697386289534
130,16.5,11.52283113408403,8.814829087468029,1.5205687816542812,0.6696404327382597,24.652311891435733,15.399318517658632,False,False,0.14899623059879902,0.06663106815928418,0.0,0.0,0.19841764032926995,0.21842051490026476,-0.04826655118157404,-0.029227397364617068
130,17.0,10.56390270135708,8.366066274069508,1.3854501118145006,0.67193124464045,24.6430533303611,15.989496279666529,False,False,0.1359970459290054,0.0665377824387082,0.0,0.0,0.19819358416095226,0.21830095705106503,-0.048552209605400506,-0.02931109469784081
130,17.5,9.597053368379749,7.92637509020051,1.229294495074826,0.6538597972027358,24.728227583919058,16.6868289024253,False,False,0.12440758809228605,0.06641997671615421,0.0,0.0,0.19798683122689734,0.21818119411253173,-0.04881759607183,-0.029395222070887732
130,18.0,9.48406543462004,7.890828718595946,1.2350999283379787,0.6606488997439155,24.566398884161153,16.06316798339518,False,False,0.12134275781257692,0.0648643072712228,0.0,0.0,0.19780006184908389,0.21806382051503234,-0.0490588188397885,-0.029477950338214213
130,18.5,6.999671768121088,6.396843099335754,0.8702873475684167,0.6350238960390765,24.794607150203916,18.397124865762574,False,False,0.09123094077174301,0.06626389920757768,0.0,0.0,0.19761263640882953,0.2179456678243908,-0.04930231798370171,-0.02956150805943404
130,19.0,5.8226155965228195,5.670228004365839,0.6962979771921102,0.5986510085212875,12.476996007656567,11.500392378923474,False,False,0.07689378316442137,0.06538889475684673,0.0,0.0,0.19747178332604037,0.21783086627943782,-0.04948625940049649,-0.02964296629223742
130.0,19.5,0.0,0.0,0.0,0.0,0.0,0.0,0.0,0.0,0.0,0.0,0.0,0.0,0.1973531850045942,0.21772078513574297,-0.04964177247225385,-0.029721326422528737
130.0,20.0,0.0,0.0,0.0,0.0,0.0,0.0,0.0,0.0,0.0,0.0,0.0,0.0,0.1973234002274197,0.21768707668788356,-0.049680919453667496,-0.02974537077638116
130.0,20.5,0.0,0.0,0.0,0.0,0.0,0.0,0.0,0.0,0.0,0.0,0.0,0.0,0.19729369734791777,0.21765345279925694,-0.049719995430348086,-0.02976937790642029
130.0,21.0,0.0,0.0,0.0,0.0,0.0,0.0,0.0,0.0,0.0,0.0,0.0,0.0,0.19726407591528258,0.21761991310158327,-0.04975900073320561,-0.02979334792761782
130.0,21.5,0.0,0.0,0.0,0.0,0.0,0.0,0.0,0.0,0.0,0.0,0.0,0.0,0.19723453548252973,0.21758645722835332,-0.049797935690553324,-0.029817280954769407
130.0,22.0,0.0,0.0,0.0,0.0,0.0,0.0,0.0,0.0,0.0,0.0,0.0,0.0,0.19720507560645184,0.21755308481482724,-0.049836800628136536,-0.029841177102487404
130.0,22.5,0.0,0.0,0.0,0.0,0.0,0.0,0.0,0.0,0.0,0.0,0.0,0.0,0.1971756958475748,0.21751979549803366,-0.04987559586916166,-0.029865036485193765
130.0,23.0,0.0,0.0,0.0,0.0,0.0,0.0,0.0,0.0,0.0,0.0,0.0,0.0,0.1971463957701145,0.21748658891676728,-0.049914321734324675,-0.029888859217113883
130.0,23.5,0.0,0.0,0.0,0.0,0.0,0.0,0.0,0.0,0.0,0.0,0.0,0.0,0.1971171749419347,0.2174534647115877,-0.04995297854183854,-0.029912645412269526
130.0,24.0,0.0,0.0,0.0,0.0,0.0,0.0,0.0,0.0,0.0,0.0,0.0,0.0,0.19708803293450472,0.2174204225248169,-0.04999156660746139,-0.029936395184472806
131.0,0.5,0.0,0.0,0.0,0.0,0.0,0.0,0.0,0.0,0.0,0.0,0.0,0.0,0.1970589693228585,0.2173874620005368,-0.05003008624452324,-0.02996010864732023
131.0,1.0,0.0,0.0,0.0,0.0,0.0,0.0,0.0,0.0,0.0,0.0,0.0,0.0,0.1970299836855538,0.2173545827845869,-0.050068537763952994,-0.02998378591418661
131.0,1.5,0.0,0.0,0.0,0.0,0.0,0.0,0.0,0.0,0.0,0.0,0.0,0.0,0.19700107560463237,0.21732178452456138,-0.05010692147430441,-0.03000742709821932
131.0,2.0,0.0,0.0,0.0,0.0,0.0,0.0,0.0,0.0,0.0,0.0,0.0,0.0,0.19697224466558022,0.2172890668698058,-0.05014523768178262,-0.03003103231233305
131.0,2.5,0.0,0.0,0.0,0.0,0.0,0.0,0.0,0.0,0.0,0.0,0.0,0.0,0.19694349045728887,0.21725642947141405,-0.05018348669026929,-0.030054601669204383
131.0,3.0,0.0,0.0,0.0,0.0,0.0,0.0,0.0,0.0,0.0,0.0,0.0,0.0,0.19691481257201704,0.21722387198222484,-0.05022166880134809,-0.030078135281266464
131.0,3.5,0.0,0.0,0.0,0.0,0.0,0.0,0.0,0.0,0.0,0.0,0.0,0.0,0.19688621060535283,0.21719139405681806,-0.05025978431432944,-0.03010163326070431
131.0,4.0,0.0,0.0,0.0,0.0,0.0,0.0,0.0,0.0,0.0,0.0,0.0,0.0,0.19685768415617635,0.21715899535151081,-0.050297833526275405,-0.030125095719449834
131.0,4.5,0.0,0.0,0.0,0.0,0.0,0.0,0.0,0.0,0.0,0.0,0.0,0.0,0.19682923282662337,0.21712667552435347,-0.050335816732023246,-0.030148522769177278
131.0,5.0,0.0,0.0,0.0,0.0,0.0,0.0,0.0,0.0,0.0,0.0,0.0,0.0,0.19680085622204874,0.21709443423512562,-0.05037373422420985,-0.03017191452129866
131,5.5,1.901963131639641,1.9151092181848566,0.09026777929040367,0.10831044401397912,15.04048314602149,15.564503744471654,False,False,0.04372933746476965,0.05260218714827861,0.0,0.0,0.19677255395099094,0.2170622711453312,-0.05041158629329498,-0.030195271086959668
131,6.0,7.4617349884302655,7.551219092036326,0.38607452813580656,0.5497144872513295,29.645855038732428,31.358371765519202,False,False,0.16140756653306854,0.23210554986253895,0.0,0.0,0.19673282255043126,0.2170163836164355,-0.05046478112340884,-0.030228631528952245
131,6.5,10.103240690942751,10.008162334360613,0.6339816805163885,0.5870663016952734,28.70020363956769,27.64229396924906,False,False,0.19364644132191017,0.18198841124192214,0.0,0.0,0.19665546923141014,0.21691432426764426,-0.050568538462251456,-0.030302986722491244
131,7.0,11.30000909636658,10.863611817730078,0.8353419706798536,0.6131537276844007,27.832338632712556,24.767681085522167,False,False,0.19608144023584947,0.1461430674111053,0.0,0.0,0.1965465975908904,0.21680758226754812,-0.050715003642663195,-0.030380986719048264
131,7.5,12.119675687196938,11.216551537396505,1.0159690997542943,0.6336935480429394,27.147166874248363,22.39999226878294,False,False,0.19567986023535092,0.12466983253323763,0.0,0.0,0.19641213884618994,0.21669759273851585,-0.050896589384561874,-0.03046161016934004
131,8.0,12.62450250461292,11.005328633738365,1.2154310904844403,0.654368822022541,26.33175188010519,19.78473769107278,False,False,0.18825105680248835,0.10346515462132862,0.0,0.0,0.19625473470576532,0.21658506230040653,-0.051110147932557054,-0.030544360095357246
131,8.5,12.938354897252133,10.476565118230116,1.431192801188928,0.6694228374270477,25.45212451085213,17.382074464422406,False,True,0.17933323433490167,0.0858684126962109,0.0,0.0,0.19607198461764197,0.21646997336805007,-0.05135943553463187,-0.030629268614903882
131,9.0,13.113838573070804,9.892091390715454,1.608347059525452,0.6829919778926437,24.792077254079672,15.695256644802804,False,True,0.1717626054548771,0.07437704576083241,0.0,0.0,0.19586181109297396,0.2163530419531847,-0.051647924551363,-0.030715824626796187
131,9.5,13.121253323993368,9.475494634615984,1.7092762950641853,0.6906976574602045,24.40416561680641,14.921450898456774,False,True,0.16656328859585257,0.06877437927047202,0.0,0.0,0.19562913361985015,0.21623445695965582,-0.05196955794753416,-0.03080390247785084
131,10.0,13.165698748010662,9.377087923651423,1.758229448580815,0.7012177921655803,24.233343756144023,14.736334139186091,False,True,0.16491394825232175,0.06738242651790737,0.0,0.0,0.19538366540110308,0.21611496526968538,-0.052311462510835835,-0.03089295832174721
131,10.5,13.049498785701122,8.965890316782719,1.7896507162439341,0.6811671470172563,24.04640744696769,14.222366067293649,False,True,0.16106409302913358,0.06288873693349499,0.0,0.0,0.19513202953232386,0.21599420791738935,-0.05266474342277613,-0.030983269280672486
131,11.0,13.545498797929081,9.092240167442098,1.8705314075212827,0.6906439312637026,23.94157400965234,13.81155974013347,False,True,0.16593092176425323,0.06263316495600016,0.0,0.0,0.19487645979202037,0.2158760803132945,-0.05302646083098189,-0.031071918048121365
131,11.5,13.735508326758106,8.973289501475836,1.939533926729686,0.7011174502295093,23.740327363210735,13.440353389060077,False,True,0.16574146487607833,0.061022705449644395,0.0,0.0,0.1946106530722245,0.21575681938843727,-0.05340581184908305,-0.031161724055104575
131,12.0,12.737302140568499,8.350208140606423,1.8729879087473036,0.6886683331825377,23.536223032264033,13.809952535366161,False,True,0.15139027098870522,0.05748145685249838,0.0,0.0,0.1943361226885177,0.2156362978225057,-0.05380101245704466,-0.03125279371250763
131,12.5,12.551575581490305,8.220370636426008,1.874050043890855,0.6966251555932839,23.409363413158935,13.884442805657645,False,True,0.14777021570404328,0.05670562901006259,0.0,0.0,0.19407014161854183,0.215517436409931,-0.054187233589406636,-0.03134291966461885
131,13.0,13.12897249823164,8.294315264303101,1.972897308452624,0.6982727842677575,23.271990288180056,13.036166439098174,False,True,0.15296584384155956,0.055342974073243664,0.0,0.0,0.19380409401937587,0.21539763446662819,-0.05457686054501666,-0.0314340722967076
131,13.5,13.404162671858996,8.4386082753626,1.9779866165752475,0.6981917301168197,23.296349529173554,12.889829607922977,False,True,0.15639917913449447,0.05596260616017852,0.0,0.0,0.19352551851458585,0.21527769569492947,-0.05498841757912131,-0.03152564560540257
131,14.0,12.77963554531674,8.644751065669888,1.7958707805556726,0.6955848101104143,23.526662566899113,13.40251666575172,False,True,0.15088968021844248,0.05854751899386251,0.0,0.0,0.19324636259968436,0.21515784009238517,-0.05540454676975963,-0.03161747310962068
131,14.5,10.92919093455839,8.329292362372708,1.4980970098534403,0.6902695889937569,23.613671621580693,14.58659019041608,False,False,0.1298801535305222,0.059671623236817094,0.0,0.0,0.19299048200839172,0.21503838924623583,-0.055789279804320385,-0.03170930775975939
131,15.0,12.926243385082845,9.90607003338868,1.5143672175875937,0.6843824209135808,24.665235641350087,16.136104823922608,False,True,0.16670849419393424,0.07634143052680982,0.0,0.0,0.19277261501671147,0.2149196879943333,-0.05611936801855907,-0.03180088111519157
131,15.5,11.612383937847461,9.052301737826252,1.396556411939114,0.6738514431782541,24.53107828595979,17.130627122618247,False,False,0.14888163321049647,0.07398632210206153,0.0,0.0,0.1925527417907804,0.21480180893528603,-0.05645485781476214,-0.03189213217481367
131,16.0,12.11529932549126,9.017797294841545,1.553812662542762,0.6848021735679669,24.105930628427366,15.502061443354277,False,False,0.1501371877676228,0.06815839723704753,0.0,0.0,0.19234794831597954,0.21468534355877303,-0.05676948989512697,-0.031982595441360596
131,16.5,10.646295021948072,8.310664983262512,1.3405927806755207,0.6785274640524793,24.09072674569874,16.38787741274951,False,False,0.13119369322167787,0.06691389468626388,0.0,0.0,0.19212318170133005,0.21456755410912634,-0.057117215463657216,-0.03207439830951877
131,17.0,9.045465743697811,7.584063447078764,1.127003739389721,0.6585706725458724,24.065602030408158,17.16923448883131,False,False,0.11125024254761497,0.06489725061172026,0.0,0.0,0.19192565242611145,0.21445063539257048,-0.05742490026209672,-0.03216583320541103
131,17.5,3.45868590665007,3.5336662557706946,0.40577608818738126,0.475383912268522,12.194021374948827,12.926064915237138,False,False,0.043625948620495965,0.05089282450986114,0.0,0.0,0.19175540720894238,0.2143363306774616,-0.05769167117971553,-0.0322555242325686
131,18.0,2.7711435732563983,2.935604505360875,0.3053093570617617,0.5151333019165587,12.374242960401283,14.5888813309794,False,False,0.03598201743906301,0.060427636091193095,0.0,0.0,0.19167713553079507,0.21424544053823466,-0.05781481672957115,-0.032327055367615626
131.0,18.5,0.0,0.0,0.0,0.0,0.0,0.0,0.0,0.0,0.0,0.0,0.0,0.0,0.191611731777916,0.2141495553264945,-0.05791795730312227,-0.032402722625478164
131.0,19.0,0.0,0.0,0.0,0.0,0.0,0.0,0.0,0.0,0.0,0.0,0.0,0.0,0.1915852992998924,0.2141193850184148,-0.057959703053347224,-0.03242657498186584
131.0,19.5,0.0,0.0,0.0,0.0,0.0,0.0,0.0,0.0,0.0,0.0,0.0,0.0,0.19155893135960259,0.2140892844715375,-0.05800138260101462,-0.03245039303627466
131.0,20.0,0.0,0.0,0.0,0.0,0.0,0.0,0.0,0.0,0.0,0.0,0.0,0.0,0.19153262764457565,0.21405925341684284,-0.05804299621404377,-0.03247417687813718
131.0,20.5,0.0,0.0,0.0,0.0,0.0,0.0,0.0,0.0,0.0,0.0,0.0,0.0,0.19150638784465177,0.21402929158633094,-0.05808454415854194,-0.032497926596886745
131.0,21.0,0.0,0.0,0.0,0.0,0.0,0.0,0.0,0.0,0.0,0.0,0.0,0.0,0.1914802116519586,0.21399939871302504,-0.05812602669882238,-0.032521642281950175
131.0,21.5,0.0,0.0,0.0,0.0,0.0,0.0,0.0,0.0,0.0,0.0,0.0,0.0,0.1914540987608888,0.21396957453097448,-0.05816744409742083,-0.03254532402274056
131.0,22.0,0.0,0.0,0.0,0.0,0.0,0.0,0.0,0.0,0.0,0.0,0.0,0.0,0.19142804886807674,0.2139398187752575,-0.05820879661511344,-0.03256897190865032
131.0,22.5,0.0,0.0,0.0,0.0,0.0,0.0,0.0,0.0,0.0,0.0,0.0,0.0,0.19140206167237633,0.21391013118198376,-0.058250084510933046,-0.03259258602904428
131.0,23.0,0.0,0.0,0.0,0.0,0.0,0.0,0.0,0.0,0.0,0.0,0.0,0.0,0.19137613687483906,0.21388051148829632,-0.05829130804218587,-0.03261616647325361
131.0,23.5,0.0,0.0,0.0,0.0,0.0,0.0,0.0,0.0,0.0,0.0,0.0,0.0,0.19135027417869174,0.21385095943237434,-0.058332467464468254,-0.03263971333056858
131.0,24.0,0.0,0.0,0.0,0.0,0.0,0.0,0.0,0.0,0.0,0.0,0.0,0.0,0.1913244732893152,0.2138214747534343,-0.058373563031682674,-0.032663226690232944
132.0,0.5,0.0,0.0,0.0,0.0,0.0,0.0,0.0,0.0,0.0,0.0,0.0,0.0,0.1912987339142229,0.21379205719173217,-0.058414594996053865,-0.03268670664143761
132.0,1.0,0.0,0.0,0.0,0.0,0.0,0.0,0.0,0.0,0.0,0.0,0.0,0.0,0.19127305576303985,0.2137627064885647,-0.05845556360814446,-0.032710153273314495
132.0,1.5,0.0,0.0,0.0,0.0,0.0,0.0,0.0,0.0,0.0,0.0,0.0,0.0,0.19924959147479046,0.22173366585884807,-0.047223236964964686,-0.02701735905714983
132.0,2.0,0.0,0.0,0.0,0.0,0.0,0.0,0.0,0.0,0.0,0.0,0.0,0.0,0.23638157206752358,0.2588324263017695,-0.019343959168405832,-0.012043249862791903
132.0,2.5,0.0,0.0,0.0,0.0,0.0,0.0,0.0,0.0,0.0,0.0,0.0,0.0,0.24400335025868064,0.2664099356469066,-0.01638947052460639,-0.010358430237612164
132.0,3.0,0.0,0.0,0.0,0.0,0.0,0.0,0.0,0.0,0.0,0.0,0.0,0.0,0.2436298735534443,0.2659961803652466,-0.016521114329531447,-0.01044285799931429
132.0,3.5,0.0,0.0,0.0,0.0,0.0,0.0,0.0,0.0,0.0,0.0,0.0,0.0,0.2432755814512577,0.26560488240843116,-0.01664716191914918,-0.01052345866819434
132.0,4.0,0.0,0.0,0.0,0.0,0.0,0.0,0.0,0.0,0.0,0.0,0.0,0.0,0.2429384017586937,0.26523341190191013,-0.016768186882922084,-0.010600661938061032
132.0,4.5,0.0,0.0,0.0,0.0,0.0,0.0,0.0,0.0,0.0,0.0,0.0,0.0,0.24261658454120205,0.2648795789883644,-0.016884676719951246,-0.010674827873765308
132.0,5.0,0.0,0.0,0.0,0.0,0.0,0.0,0.0,0.0,0.0,0.0,0.0,0.0,0.2423086384686486,0.26454154072863656,-0.016997049393882212,-0.01074626128983853
132,5.5,4.555147333941362,4.616466294541232,0.15425607317422785,0.46330370321341213,16.386104230635578,17.765890608258097,False,False,0.17139775304531518,0.5381764756475313,0.09013979572921645,0.09013979572921645,0.24201328216037787,0.2642177314270378,-0.017105666067456605,-0.010815222578644569
132,6.0,7.07881789910026,7.155100013813494,0.24538137590123318,0.5036118502092123,16.343769804883046,17.414386451640826,False,False,0.26112706262616997,0.5626324529186005,0.1062312330732189,0.10529034069818252,0.24169826242637457,0.26383628278800025,-0.01722242663437177,-0.010897136851866695
132,6.5,3.5815270758709272,3.602174022256411,0.1295049685300843,0.16577207277714268,16.302564909012858,16.77474736878111,False,False,0.12963982833432092,0.17036675671355198,0.07529787286569933,0.07406331235171619,0.24138009388013648,0.26345949630694393,-0.017341319459248373,-0.01097877668329497
132,7.0,4.29634709957104,4.311223247776985,0.1641588340281221,0.1841980054600297,16.21682904466203,16.474738199433947,False,False,0.14967428571199223,0.1734907212574886,0.10504036689072227,0.10320077968208777,0.24109030046340438,0.2631404637348379,-0.017450460968226687,-0.011048473013032252
132,7.5,10.739951727448982,10.781614077815204,0.4545687920432616,0.5189188774972845,32.06785795412185,32.676763522807306,False,False,0.3464040927457101,0.41134569923680653,0.2678431369635027,0.26297237559163905,0.24080122052159858,0.2628252120981903,-0.017560150156538293,-0.011117861799952566
132,8.0,5.725773991454411,5.728853388403229,0.2668762036771395,0.26108556853658205,15.886195241863172,15.910891510974384,False,False,0.17423978349810945,0.18022056439409137,0.22316418271065058,0.21862003038769934,0.24046264406818527,0.2624560132294679,-0.017689666718053776,-0.011199785931920362
132,8.5,5.846795442238087,5.817920879880495,0.2819871443804368,0.24714266013481612,15.784491051391496,15.465708022385913,False,False,0.1712588119087094,0.15585324289256533,0.18290142492182404,0.1791792219198191,0.24016134755914145,0.2621337048462167,-0.01780588056077231,-0.011271893816474329
132,9.0,12.793950065999836,12.592849244854902,0.7521784225560625,0.5755250660947194,30.771516717090186,29.202863790689584,False,False,0.32676731462503994,0.2608259235972783,0.5109708198007323,0.501031636874748,0.239870397264937,0.2618259724915505,-0.017918968077719376,-0.011341257459749692
132,9.5,12.9702139721865,12.50836955148603,0.8938999888879271,0.5836113771952669,29.990192790035636,26.838558655995897,False,False,0.2943454503842371,0.19791244346446046,0.4892899190584226,0.4823198525846613,0.2394843901037959,0.26144260851145523,-0.018070326288007657,-0.011428381413062247
132,10.0,13.57911287236097,12.70182949939987,1.1002860808177422,0.6262746282488737,29.249960168032317,24.65550446911924,False,False,0.2787300058124913,0.16498716618217477,0.6816117353590345,0.6787219014729925,0.23908932691490667,0.2610673409134717,-0.018226815492609006,-0.011514438802772402
132,10.5,13.305108265339552,12.290326585373748,1.1585398784608616,0.6347735807093442,28.77498561442937,23.293741487165327,False,False,0.257334495129103,0.1436497506867296,0.4695036572941775,0.4753950661765163,0.23864931046688725,0.2606679124437802,-0.01840301596324238,-0.011606886512099152
132,11.0,12.623569066944652,11.77671748218079,1.123723612802681,0.642214468578862,28.612291760798193,23.371721311745887,False,False,0.23941706603397941,0.13819206334856365,0.3380391383185477,0.34919207525111096,0.23823440510639354,0.2602992193490805,-0.01857102296995367,-0.01169300641387418
132,11.5,12.646178412590801,11.634755683166045,1.1829990482632902,0.6430438402582835,28.340284821465232,22.378143642833926,False,False,0.2323121667831147,0.12727029305223875,0.3194593985786263,0.33666122144491933,0.2378458755927261,0.2599512095553128,-0.018730008998576356,-0.011774994403597295
132,12.0,13.003625742312778,11.882616376481394,1.2071530847033705,0.642192188992008,28.40070521851746,22.337212972737127,False,False,0.2405569364021231,0.12946141973562653,0.34380909534414095,0.3712046080363884,0.23745705529808245,0.2596099138870331,-0.01889074018605125,-0.011856066711669286
132,12.5,13.49285818116012,12.003525207875612,1.3315353959269813,0.6634371192041351,28.096557921562095,21.264435714595077,False,False,0.24108060758181982,0.12191834893232895,0.39066152011734756,0.43363066169409215,0.2370666827881836,0.25926925042638216,-0.019053769040139043,-0.011937652938563147
132,13.0,13.622005137456053,11.849566746103333,1.4001943718430103,0.6607554849971818,27.887342280924198,20.415131991694317,False,True,0.23780021398066054,0.11413955504096508,0.40453228310762096,0.46542760764602936,0.2366588735686093,0.2589225783545511,-0.019225873492691135,-0.012021365850179225
132,13.5,12.395436855936424,10.815876774633644,1.3806132524936203,0.6602960211111368,27.3567914277752,19.38976021155944,False,False,0.20448268330007935,0.09799945678818434,0.2156701312462888,0.2593421610581353,0.236244706570508,0.25857660069869737,-0.01940256020744665,-0.012105609347962919
132,14.0,6.453111195895922,5.793792027246844,0.6438496709936815,0.3267405853869606,13.983753649019055,10.483778676381286,False,False,0.1136521846909023,0.057846612115557326,0.10875772247449855,0.13729601603138564,0.2358610538079973,0.25826111935730567,-0.019567957929701535,-0.012183040954101247
132,14.5,6.235196085261323,5.716320895735787,0.5704312499955637,0.3053252308053149,14.22699876219747,11.184228344621502,False,False,0.11606555721593147,0.06254223813053415,0.10407253897857356,0.1345552878458355,0.2355886729948338,0.25800766145686327,-0.019686405079446714,-0.012245677321053498
132,15.0,5.947046855742294,5.563125398620753,0.49375585783264436,0.28135483362534336,14.494599059223198,11.950700012740304,False,False,0.11809775134261664,0.06824206397829165,0.13092981758560313,0.1622336059032247,0.23797749654402844,0.26040641210116844,-0.018675968816696455,-0.011667889902685155
132,15.5,5.4606279508534525,5.251473635763403,0.39999351443275044,0.2590472277110467,14.816850644873632,13.064286831971376,False,False,0.1179259873598435,0.07759534885022468,0.1378534548617137,0.16574755898118002,0.24034996095897423,0.2627797070053761,-0.017733023909347678,-0.011127920574297536
132,16.0,4.802802150439045,4.790518437570814,0.23613701728659853,0.21900907322177218,15.744406219756433,15.582047254354448,False,False,0.13863272664736434,0.1329558004580577,0.15903417488657798,0.1825977413519982,0.24534756495211754,0.26776390802864175,-0.01592588981006955,-0.010087777549394005
132,16.5,9.230523669498885,9.281267534346519,0.434066142001293,0.5286002853879246,31.60041003738061,32.44724361178149,False,False,0.27194546360654864,0.3398644364519361,0.18934122516049157,0.21767806665032696,0.24502810754457482,0.26741656941431985,-0.016034630754978497,-0.010156397137186328
132,17.0,7.184763502484503,7.255322159399027,0.367572501010291,0.5304485924559783,15.566913320933168,16.384249879241928,False,False,0.19483808187500698,0.287917424007543,0.10736621618875769,0.1233404892973047,0.24468823498494724,0.26703462396544403,-0.01615129357897971,-0.010232496642768598
132,17.5,2.6229519233931287,2.597628754849713,0.15259736976286867,0.1269174665418553,15.343158169653417,14.738191744625507,False,False,0.06608817618872169,0.05545986672131482,0.05997099476964273,0.06869994948151695,0.24437532984035668,0.26667307211727204,-0.016259594861480237,-0.01030515960213229
132,18.0,6.703140005147171,6.744368920531311,0.38806475717103023,0.5805269502547521,30.66055706833301,31.213380538463856,False,False,0.16820676159159414,0.25881899876372294,0.13198500052484016,0.15138423743554905,0.24410335156370208,0.26637788549530145,-0.01635443424108949,-0.01036494101758902
132,18.5,5.083573587651516,5.131204248201678,0.32154523813029057,0.5856594885823306,30.202498056298793,30.572280725965403,False,False,0.11896960621376157,0.2198730073736613,0.07437528525626402,0.08499980642499942,0.24379918438882148,0.2660217766097934,-0.016461279799955743,-0.010437611289651049
132.0,19.0,0.0,0.0,0.0,0.0,0.0,0.0,0.0,0.0,0.0,0.0,0.0,0.0,0.24351738139494575,0.2656803911473082,-0.016561012413041403,-0.010507847606638157
132.0,19.5,0.0,0.0,0.0,0.0,0.0,0.0,0.0,0.0,0.0,0.0,0.0,0.0,0.24329217270252732,0.2654309371943069,-0.016641233682901213,-0.010559526263198898
132.0,20.0,0.0,0.0,0.0,0.0,0.0,0.0,0.0,0.0,0.0,0.0,0.0,0.0,0.24307273789160935,0.26518754455238713,-0.016719843975566917,-0.010610241351825036
132.0,20.5,0.0,0.0,0.0,0.0,0.0,0.0,0.0,0.0,0.0,0.0,0.0,0.0,0.2428587430329756,0.26494984559472845,-0.01679693194890627,-0.010660050412336359
132.0,21.0,0.0,0.0,0.0,0.0,0.0,0.0,0.0,0.0,0.0,0.0,0.0,0.0,0.2426498835101165,0.2647175065458914,-0.01687257869595755,-0.01070900579371831
132.0,21.5,0.0,0.0,0.0,0.0,0.0,0.0,0.0,0.0,0.0,0.0,0.0,0.0,0.24244588065961709,0.2644902234488389,-0.016946858591462152,-0.010757155258885298
132.0,22.0,0.0,0.0,0.0,0.0,0.0,0.0,0.0,0.0,0.0,0.0,0.0,0.0,0.24224647888000378,0.2642677187140848,-0.01701984002275991,-0.010804542503835744
132.0,22.5,0.0,0.0,0.0,0.0,0.0,0.0,0.0,0.0,0.0,0.0,0.0,0.0,0.2420514431327726,0.2640497381530137,-0.017091586023548235,-0.01085120760537089
132.0,23.0,0.0,0.0,0.0,0.0,0.0,0.0,0.0,0.0,0.0,0.0,0.0,0.0,0.24186055677343288,0.263836048416124,-0.01716215482563493,-0.010897187408879896
132.0,23.5,0.0,0.0,0.0,0.0,0.0,0.0,0.0,0.0,0.0,0.0,0.0,0.0,0.2548641513828894,0.2767983760749469,-0.013055328138401323,-0.008482585651528237
132.0,24.0,0.0,0.0,0.0,0.0,0.0,0.0,0.0,0.0,0.0,0.0,0.0,0.0,0.2727582828762667,0.2946041270896003,-0.009159640090970882,-0.0061252183478028134
133.0,0.5,0.0,0.0,0.0,0.0,0.0,0.0,0.0,0.0,0.0,0.0,0.0,0.0,0.28227406332436483,0.3039983880522625,-0.00765766358777994,-0.005199038934838849
133.0,1.0,0.0,0.0,0.0,0.0,0.0,0.0,0.0,0.0,0.0,0.0,0.0,0.0,0.2963034608693202,0.3178339101974228,-0.005943958281347269,-0.004120722377274456
133.0,1.5,0.0,0.0,0.0,0.0,0.0,0.0,0.0,0.0,0.0,0.0,0.0,0.0,0.311652860470408,0.3328820189435748,-0.004565817374752986,-0.003236296757204653
133.0,2.0,0.0,0.0,0.0,0.0,0.0,0.0,0.0,0.0,0.0,0.0,0.0,0.0,0.3142579544500986,0.3352263034211435,-0.0043715711815738995,-0.0031198289487457524
133.0,2.5,0.0,0.0,0.0,0.0,0.0,0.0,0.0,0.0,0.0,0.0,0.0,0.0,0.3171121516995586,0.33776078032213647,-0.004169941776193314,-0.0029994841940449318
133.0,3.0,0.0,0.0,0.0,0.0,0.0,0.0,0.0,0.0,0.0,0.0,0.0,0.0,0.31776940461863756,0.3403020120434293,-0.004125092981846982,-0.0028843307946528132
133.0,3.5,0.0,0.0,0.0,0.0,0.0,0.0,0.0,0.0,0.0,0.0,0.0,0.0,0.3160308225306436,0.33796661380452264,-0.004244999073960121,-0.0029899556361800634
133.0,4.0,0.0,0.0,0.0,0.0,0.0,0.0,0.0,0.0,0.0,0.0,0.0,0.0,0.3157706464858129,0.3382886162790227,-0.004263297995800108,-0.002975121556611504
133.0,4.5,0.0,0.0,0.0,0.0,0.0,0.0,0.0,0.0,0.0,0.0,0.0,0.0,0.31440362006788697,0.3361243923960132,-0.0043610035157723385,-0.003076538003404408
133.0,5.0,0.0,0.0,0.0,0.0,0.0,0.0,0.0,0.0,0.0,0.0,0.0,0.0,0.3131815132824826,0.33406247531717725,-0.004450617277705268,-0.003177014128570927
133.0,5.5,0.0,0.0,0.0,0.0,0.0,0.0,0.0,0.0,0.0,0.0,0.00778588522917247,0.00778588522917247,0.31207094251663403,0.33205919060502825,-0.004533961089147764,-0.0032783995756980842
133,6.0,6.957823384847323,7.032697648386305,0.19127490523627444,0.564361432400551,33.51002700655846,35.72346700903705,False,False,0.31715210217039075,1.0214751463006089,0.27569954333602914,0.27569954333602914,0.31104863021977114,0.3300896298740576,-0.004612329997637309,-0.0033818585092307515
133,6.5,8.485757251652517,8.585272109034268,0.2567274254486282,0.5583776288689337,33.31352983646974,35.27558470022881,False,False,0.3661812827629477,0.875174987317292,0.4988497777895775,0.4988497777895775,0.310041299382518,0.3280359204189873,-0.004691134158788263,-0.003493908333163271
133,7.0,9.699257138635566,9.78237362294269,0.37302691492446977,0.49350354450788664,32.53807605453763,33.71545957486388,False,False,0.3458060369678824,0.49201947741919505,0.7314723909795251,0.7314723909795251,0.3090590579964131,0.32598471642934235,-0.0047695250904220745,-0.0036102647518345293
133,7.5,10.571331809760611,10.628217370989812,0.5068203763391099,0.571842360617954,31.63501391190553,32.31189025414751,False,False,0.3134565614185151,0.36985579050481954,0.7940366347485387,0.7940366347485387,0.3080853362953726,0.32396319456766337,-0.004848781433657781,-0.0037294825307271975
133,8.0,11.535357169267531,11.478993074310004,0.6672784751064412,0.5934220405761197,30.87983743393128,30.35273443458297,False,False,0.29983639558184644,0.27950624145113384,1.1875788144871038,1.1875788144871038,0.3071326035178938,0.32199246001921095,-0.004927852789652152,-0.0038502473896774828
133,8.5,12.184530658759936,12.000107631559967,0.7742658405095646,0.6005755430597781,30.39509282225189,28.794142274752538,False,False,0.29346637459051805,0.23531260252641023,1.0576158425931543,1.0576158425931543,0.3061496880273685,0.3200482139763965,-0.0050110446853512776,-0.003973982291380566
133,9.0,12.538359180065257,12.271844528431764,0.8314211587718968,0.6017194264055656,30.26567944138595,28.23757246723494,False,False,0.2961850829186752,0.22464961927791885,1.412762645641163,1.412762645641163,0.3052055397809128,0.318203370450017,-0.005092535679245228,-0.004095795464379945
133,9.5,11.513983103793382,11.207072550106934,0.8276865859821304,0.5779987730527144,29.721342235128965,26.924980215342405,False,False,0.2516462990732158,0.17774033469676723,0.7559492393359157,0.7559492393359157,0.3068263667347456,0.3188833011037473,-0.0049535943243382,-0.004050389504364306
133,10.0,12.748460902919025,12.181218289561508,0.977802150775943,0.6079741157407494,29.570854278655382,26.025362266357348,False,True,0.2729827091160577,0.17758011225083326,1.768548260419292,1.768548260419292,0.30589809435380183,0.31709375989861605,-0.005032607340078453,-0.0041712051054793265
133,10.5,6.740355514864444,6.421261079511582,0.5212462491244525,0.3244938674618155,14.69303535979221,12.735730484765774,False,True,0.14082839357531668,0.08917122348790574,0.6634959995724041,0.6634959995724041,0.30485606816263777,0.3152730251968465,-0.005123098901775307,-0.004298559594349375
133,11.0,12.916042391474395,12.05253041931297,1.1286610351135167,0.6513275716795576,28.79637368175785,23.970321664238163,False,True,0.2504608509129007,0.1476769643373656,1.508346361170656,1.508346361170656,0.3040436596036715,0.3137195560362954,-0.005194997153724827,-0.0044108963202243185
133,11.5,12.598692224750486,11.171438885535935,1.3340692227714368,0.6587283559716939,27.8509672292376,21.390495164433318,False,True,0.2201680202851405,0.11348709216107952,3.1387206809687154,3.1387206809687154,0.30307363478683363,0.31209777153919344,-0.005282425409913236,-0.00453192587565335
133,12.0,13.142947175022812,11.255282437997288,1.4646595608711657,0.6716688538182887,27.49969432380881,19.689966094084568,False,True,0.22007537070623612,0.1034424347487113,2.3290287859439625,2.3290287859439625,0.30189444498337403,0.3103404008246718,-0.005391078136135263,-0.0046675689581952935
133,12.5,13.000497486311271,10.905559147446146,1.5432543739894948,0.6823928699202751,27.10572519090254,18.76732379274331,False,True,0.21008751601601405,0.09519347590066846,2.4969989029722712,2.4969989029722712,0.3008242832758366,0.30875090017144396,-0.005491996725467543,-0.004794439588324128
133,13.0,12.553729897715197,10.542458867173352,1.5245279523340942,0.6791671766900261,27.028124657037523,18.918406090198317,False,True,0.2011944334929372,0.09262193750665894,3.1334191788879355,3.1334191788879355,0.29974321868576725,0.3071990607783477,-0.005596237276335081,-0.004922287615789971
133,13.5,12.267137063932296,10.463561884008902,1.466878726395328,0.6793153145811712,27.10846865901651,19.46971347751019,False,True,0.19826455851176733,0.09481417963268465,2.789076019102568,2.789076019102568,0.298602244003019,0.30562178824275615,-0.005708822098993034,-0.0050564154578038685
133,14.0,12.23196246080335,10.050766790370254,1.5735197027864165,0.6811696714362906,26.652504759417642,17.958130527168997,False,True,0.18890042071285804,0.08395222914389268,2.733761246911858,2.733761246911858,0.2975298004195412,0.30413906675945257,-0.005817113177611624,-0.00518649158735175
133,14.5,12.324150343022634,10.019850992632938,1.5853097257331512,0.6677736994386865,26.65429788312718,17.552601814245115,False,True,0.1902938327199749,0.08228268653547846,2.7886132231023595,2.7886132231023595,0.29646679798979586,0.30270979555076066,-0.00592687480599721,-0.0053156695728732
133,15.0,11.720886413856704,9.815114968935527,1.4711248889674606,0.6707277375788119,26.786487645887668,18.473962370239583,False,False,0.18255830562842765,0.0848662138723239,2.0086898418587538,2.0086898418587538,0.29541011289320523,0.3013182691153987,-0.0060384385193907025,-0.00544513557868206
133,15.5,11.57697178435547,9.67756398707209,1.471507291901688,0.6770194478394306,26.674929028676928,18.363911288269765,False,False,0.17908032613560487,0.08390601737177278,1.9805700097568804,1.9805700097568804,0.29448113192918424,0.3000655519965069,-0.006138591442947715,-0.0055649118481892815
133,16.0,11.146490008510092,9.48035185783936,1.4024266537324082,0.6702795197378117,26.738220538657966,18.659759839064876,False,False,0.17279521479025045,0.08374536676454387,1.6328934707556249,1.5829031942331673,0.2935685163660471,0.29885251451859246,-0.006238913085580216,-0.005683897497060063
133,16.5,10.89014372085222,9.416038116884733,1.337608565549484,0.6610340479853835,26.85629967569772,18.991980493385547,False,False,0.17078646835872338,0.08530836108039577,1.3918631904837158,1.3070521420293624,0.2927210000236651,0.2977252973667536,-0.006333832479626169,-0.005797191473460817
133,17.0,9.584994696558809,8.50810491793138,1.1524268170734955,0.6459223768836133,26.941927883943322,20.102117955996206,False,False,0.15159797063031602,0.08538982709043938,0.8744605754011198,0.7980313461703942,0.29192369159363185,0.2966663359495868,-0.0064247034019790875,-0.00590608439356998
133,17.5,8.476398402243769,7.86415234167832,0.9490867102686308,0.6321331676574408,27.31114302399943,21.87525659858396,False,False,0.13917302616769595,0.09267972451065158,0.4491071485826997,0.40111832839818673,0.291226462108349,0.2957039523307473,-0.006505443673146443,-0.006007165970775065
133,18.0,7.443616835765226,7.031019863799271,0.8299099299529971,0.6340348851827146,27.326137623930943,22.57781772033682,False,False,0.12240533779176066,0.09347074977000965,0.3841636587726716,0.3377515647671505,0.2906192761825493,0.2948217485954863,-0.006576743236824729,-0.006101641602101397
133,18.5,8.806327509876619,8.332307034018543,0.9429363857782673,0.6247489496500327,27.53205331567027,21.608629820745715,False,False,0.1479637318186952,0.09777895750043578,0.506644993346217,0.4387870644895778,0.29004492206516425,0.29397345085604853,-0.006645045960504646,-0.0061941603698341344
133,19.0,5.4887115294075794,5.477313213819749,0.5487326489092625,0.5407777596744316,13.943086775877525,13.80818863766506,False,False,0.09580450023141276,0.09381540706162082,0.17042502152580002,0.14515734509273193,0.28944942091818565,0.2931379192777354,-0.006716757872575852,-0.006286925308988633
133.0,19.5,0.0,0.0,0.0,0.0,0.0,0.0,0.0,0.0,0.0,0.0,0.0,0.0,0.2889554073080526,0.29237348689503273,-0.006776948979021293,-0.006373249748975829
133.0,20.0,0.0,0.0,0.0,0.0,0.0,0.0,0.0,0.0,0.0,0.0,0.0,0.0,0.2885610307910039,0.291718091118439,-0.00682546192399433,-0.00644838750432348
133.0,20.5,0.0,0.0,0.0,0.0,0.0,0.0,0.0,0.0,0.0,0.0,0.0,0.0,0.30120635427264014,0.3039290832042125,-0.005455710320775436,-0.005205233635778984
133.0,21.0,0.0,0.0,0.0,0.0,0.0,0.0,0.0,0.0,0.0,0.0,0.0,0.0,0.303112330726127,0.3054104020845474,-0.005278904337725162,-0.005074720341053892
133.0,21.5,0.0,0.0,0.0,0.0,0.0,0.0,0.0,0.0,0.0,0.0,0.0,0.0,0.30238828886376196,0.304315668749961,-0.005345253429645551,-0.005170791225578247
133.0,22.0,0.0,0.0,0.0,0.0,0.0,0.0,0.0,0.0,0.0,0.0,0.0,0.0,0.30170001665417034,0.30329752639046986,-0.0054092478292709165,-0.005262091436028823
133.0,22.5,0.0,0.0,0.0,0.0,0.0,0.0,0.0,0.0,0.0,0.0,0.0,0.0,0.30104241887289274,0.3023423461108003,-0.005471244650457505,-0.0053494969129751655
133.0,23.0,0.0,0.0,0.0,0.0,0.0,0.0,0.0,0.0,0.0,0.0,0.0,0.0,0.30041143506945545,0.30144026487061404,-0.005531529856794519,-0.005433636107092162
133.0,23.5,0.0,0.0,0.0,0.0,0.0,0.0,0.0,0.0,0.0,0.0,0.0,0.0,0.29980378835843824,0.3005838901134671,-0.0055903349148436875,-0.005514974970313318
133.0,24.0,0.0,0.0,0.0,0.0,0.0,0.0,0.0,0.0,0.0,0.0,0.0,0.0,0.2992168052667148,0.29976751627126763,-0.005647848857690844,-0.005593868646624701
134.0,0.5,0.0,0.0,0.0,0.0,0.0,0.0,0.0,0.0,0.0,0.0,0.0,0.0,0.2986482834322438,0.2989866286774167,-0.005704227243183808,-0.005670594343000299
134.0,1.0,0.0,0.0,0.0,0.0,0.0,0.0,0.0,0.0,0.0,0.0,0.0,0.0,0.2980963927340742,0.29823757745458074,-0.005759598921311865,-0.00574537300252758
134.0,1.5,0.0,0.0,0.0,0.0,0.0,0.0,0.0,0.0,0.0,0.0,0.0,0.0,0.3130287330464086,0.3128157360817857,-0.0044619738583937495,-0.004477864192658525
134.0,2.0,0.0,0.0,0.0,0.0,0.0,0.0,0.0,0.0,0.0,0.0,0.0,0.0,0.3145618711374085,0.3140275735666697,-0.004349557283946304,-0.004388347078596444
134.0,2.5,0.0,0.0,0.0,0.0,0.0,0.0,0.0,0.0,0.0,0.0,0.0,0.0,0.31351259014209787,0.3127152720880391,-0.004426125370101071,-0.004485382562341305
134.0,3.0,0.0,0.0,0.0,0.0,0.0,0.0,0.0,0.0,0.0,0.0,0.0,0.0,0.31253195104826403,0.31151264757008523,-0.00449914045970951,-0.004576560740926499
134.0,3.5,0.0,0.0,0.0,0.0,0.0,0.0,0.0,0.0,0.0,0.0,0.0,0.0,0.32174650099207275,0.3204350565640659,-0.003865644363416663,-0.003948989771145107
134.0,4.0,0.0,0.0,0.0,0.0,0.0,0.0,0.0,0.0,0.0,0.0,0.0,0.0,0.32041398473971405,0.31888057919817825,-0.003950346314919005,-0.004050570074708629
134.0,4.5,0.0,0.0,0.0,0.0,0.0,0.0,0.0,0.0,0.0,0.0,0.0,0.0,0.31918075092821424,0.31747193720710365,-0.0040307144413457,-0.004145319624830518
134.0,5.0,0.0,0.0,0.0,0.0,0.0,0.0,0.0,0.0,0.0,0.0,0.0,0.0,0.31801992915820515,0.3161703148964416,-0.004108149441013237,-0.004235226719210548
134.0,5.5,0.0,0.0,0.0,0.0,0.0,0.0,0.0,0.0,0.0,0.0,0.0,0.0,0.31691355659174486,0.3149513142588325,-0.004183607390656059,-0.004321541118613544
134,6.0,5.9446728567343685,6.010578464945563,0.15485687245917557,0.5978013840422287,16.822915121421836,18.050876706703587,False,False,0.28194161524294264,1.255166937306841,0.21700391615291317,0.21700391615291317,0.31584910528794663,0.3137988529094151,-0.004257769884692505,-0.004405078012672092
134,6.5,6.85193768454525,6.9308241215593,0.18605772456077085,0.5307301486615413,33.56621042292174,35.76362864148167,False,False,0.3174358603814758,0.9876931362638448,0.3203735271542528,0.3203735271542528,0.31477051677958506,0.31259808377217196,-0.004334520693941621,-0.004494171534162786
134,7.0,8.382045882532358,8.494359845375065,0.25741183142629404,0.538820990930146,33.34572658954331,35.30887991612067,False,False,0.36489276895413225,0.8634615097443521,0.6353306837489809,0.6353306837489809,0.3137026821521934,0.31144041499084074,-0.004412135601329374,-0.004582107085926687
134,7.5,9.731712602313848,9.827562663551443,0.3908135753234752,0.5202077221843013,32.388120335896275,33.64414581769012,False,False,0.33568162499108156,0.48128919749938154,0.82862002525954,0.82862002525954,0.3126103228634425,0.3102836072475881,-0.004493252659175954,-0.004672032666411175
134,8.0,10.72373338475327,10.770800594737686,0.5383843729706442,0.5755005489539264,31.4846421229028,31.971182546816742,False,False,0.3093061609998562,0.35035577530827555,0.9610880628169182,0.9610880628169182,0.31149920949949605,0.30914229087522976,-0.004577591971032803,-0.004762822208299156
134,8.5,11.372583675260305,11.3050601665878,0.6564059289030545,0.5757795591201716,30.83520903829287,30.159193941697964,False,False,0.29346549581300085,0.2679735067228416,0.9621597305573009,0.9621597305573009,0.310374304755316,0.3080114952485414,-0.0046649066906570506,-0.0048548555090831445
134,9.0,12.549397581816862,12.221220754852887,0.8647005541959633,0.6083320660405538,30.05590300112497,27.69265314496729,False,False,0.28749040867785325,0.21091978539304684,1.5085698659407298,1.5085698659407298,0.31181388473756916,0.3094716706649509,-0.0045535164510728575,-0.004736406556875173
134,9.5,12.835693463189369,12.191244880496457,1.0114305378533468,0.6194636707240037,29.339680382004044,25.365928696664287,False,True,0.2665561496409024,0.1679451114497787,1.4210473518204787,1.4210473518204787,0.3105181383121485,0.3082288256663699,-0.004653632424044368,-0.004837004043821971
134,10.0,12.836581258069392,12.142905855951255,1.0766371034465276,0.6597818314857883,28.99592333244627,24.846348752108746,False,True,0.2551258086122405,0.16005479716959886,1.337930172254125,1.337930172254125,0.30924564663895393,0.3070342516643313,-0.004754514411966694,-0.004936102600711001
134,10.5,13.381770585340602,12.19121772451541,1.243003082745992,0.6545793623682272,28.54019769738624,22.816286890625015,False,True,0.2516341763750434,0.13744772267422523,2.0718300535194976,2.0718300535194976,0.3080044886522054,0.30588010856577713,-0.004855432334045366,-0.005034153028753293
134,11.0,12.998659222725035,12.194517146790332,1.0879337026239446,0.6361182479428743,28.99293298583436,24.338578119426145,False,True,0.25825060929335836,0.15398201866835104,1.3293459775855707,1.3293459775855707,0.3066762993969472,0.30466521557737075,-0.004966267105284691,-0.005139882271331699
134,11.5,3.6021667649538194,3.6398456837379207,0.1874480770969209,0.29290377691697,15.550564744308621,16.552759209041504,False,False,0.09714293258267853,0.15204317439320256,0.08648701526330954,0.08648701526330954,0.3373226177294445,0.33552970877066773,-0.0030198886178846073,-0.0031051230789446915
134,12.0,3.071523165259083,3.1085715655820105,0.10931020537958443,0.292202160769198,16.280452676448814,17.628694043707917,False,False,0.11007169366609133,0.2974969274847084,0.060049827405363486,0.060049827405363486,0.34846089314666456,0.34665454567413784,-0.0025486237734545386,-0.002618750803274611
134,12.5,2.898353290076374,2.932291410901919,0.09457608925613974,0.2867083854106912,16.416035911159376,17.770210086287474,False,False,0.1106234896340594,0.3424344330975338,0.0553851316591541,0.0553851316591541,0.35694018867558036,0.35511053477142934,-0.002247880360111982,-0.0023090309002136897
134,13.0,4.086218079202079,4.131370709912084,0.1312861762518347,0.2707811932427806,16.493036207119616,17.50495997359161,False,False,0.16194527023275235,0.35059549552502944,0.1922151253225283,0.1922151253225283,0.3547327315307073,0.3528785936725541,-0.0023219035393120353,-0.0023863317566539845
134,13.5,4.940282997028144,5.002950600925452,0.19149725689570926,0.2727864342135509,16.2861911318386,17.01610523827578,True,True,0.177499841830969,0.2805158787412587,0.5069172580269597,0.5069172580269597,0.3551754658692852,0.35330355177232203,-0.0023068271177290136,-0.0023713789451762315
134,14.0,12.52872957448649,12.54477483204332,0.6240959061882632,0.5543416440740089,31.862418902671813,31.84742445530543,False,False,0.3879400402300378,0.39862982710277517,1.8562850101056179,1.8562850101056179,0.35022581161291705,0.3483435386095223,-0.0024822557868505717,-0.00255311126453701
134,14.5,12.38354018070001,12.167553803285703,0.8086080206062436,0.6210485949697605,30.243503589302676,28.502334419390017,False,False,0.29156777836325576,0.23116383340239294,1.1134332045360773,1.1134332045360773,0.34504907641139815,0.34353893855827716,-0.0026830164583311685,-0.002745188032730024
134,15.0,10.753127190708778,10.737839873706495,0.5924219881727354,0.5525097478133673,31.087381224423368,30.87455998370167,False,False,0.2893151426124393,0.2842503064674939,1.191416114337177,1.191416114337177,0.3426157981725176,0.3412984420374656,-0.0027840388390069845,-0.002840621131283475
134,15.5,12.083553416736265,11.72147933027555,0.8609466086896328,0.594796950340729,29.84994079985774,27.14120068823545,False,False,0.26884458201501604,0.1921531830886465,1.33289906228385,1.33289906228385,0.33752782536313486,0.33706430623641487,-0.0030103119548360595,-0.0030319951968373784
134,16.0,10.670838290151355,10.453264921505829,0.7912954317543546,0.598122340973918,29.51651202425436,27.113422467738474,False,False,0.22683534808284084,0.172508228214662,0.5664627720973513,0.5664627720973513,0.33335868851980627,0.3333432293972812,-0.0032122010484920476,-0.003212979148233803
134,16.5,11.234135113214457,10.777812544391114,0.9121383468016686,0.6267044942340705,29.185435028551883,25.85543398768865,False,False,0.22869206471475095,0.16206044498603145,1.4978474424813482,1.4978474424813482,0.33000074137871654,0.33014802828878886,-0.0033866187606268468,-0.003378735434223505
134,17.0,9.959286839261733,9.635023929992288,0.8254715203837534,0.6106713821267383,28.94906300098043,25.822300285799884,False,False,0.19678775466255988,0.14650117252075257,0.6047358401315832,0.6047358401315832,0.3269380930386725,0.32717496847296057,-0.0035556184104834445,-0.0035421942214125257
134,17.5,10.617911527142555,10.098883003655171,0.9339806769305949,0.608673244234976,28.67095651127765,24.16232379938992,False,False,0.20279639460823504,0.13370910756964668,1.0335151844286439,1.0335151844286439,0.32431338757071104,0.32459800037208186,-0.0037084980663658388,-0.00369154690384929
134,18.0,9.507576706864967,9.167649190615277,0.8265586173937405,0.6010256507196673,28.693243840957066,24.75578138719044,False,False,0.18207680778287919,0.13312097437386855,0.6922415772988986,0.6922415772988986,0.32186561639040145,0.3221977382391498,-0.0038581786261260935,-0.0038374529389390037
134,18.5,7.927160059379654,7.781775510277479,0.656662405143683,0.5670845405716669,28.904894785168374,25.901659537497245,False,False,0.15577988501714143,0.13470015564328347,0.4046062904183651,0.4046062904183651,0.3196749174706499,0.3200351603973426,-0.00399827852190278,-0.003974828918281418
134,19.0,6.528706751365059,6.512097906339069,0.5537635368005421,0.5837707436473193,28.75582519884763,26.314501185267787,False,False,0.1259784302062215,0.13250351773659408,0.23116380718848073,0.23116380718848073,0.31770931769373956,0.31807714499622336,-0.0041291691680502085,-0.004104291443732505
134.0,19.5,0.0,0.0,0.0,0.0,0.0,0.0,0.0,0.0,0.0,0.0,0.0,0.0,0.3159205368023277,0.31627917344267226,-0.004252744333706231,-0.004227619081440281
134.0,20.0,0.0,0.0,0.0,0.0,0.0,0.0,0.0,0.0,0.0,0.0,0.0,0.0,0.3143536131910001,0.31470619697718455,-0.004364627951530112,-0.004339149454561928
134.0,20.5,0.0,0.0,0.0,0.0,0.0,0.0,0.0,0.0,0.0,0.0,0.0,0.0,0.3128926484022435,0.31323893872725767,-0.004472118493224426,-0.004446357591601014
134.0,21.0,0.0,0.0,0.0,0.0,0.0,0.0,0.0,0.0,0.0,0.0,0.0,0.0,0.3115246769077712,0.3118646716137466,-0.004575637850986986,-0.004549644946892636
134.0,21.5,0.0,0.0,0.0,0.0,0.0,0.0,0.0,0.0,0.0,0.0,0.0,0.0,0.31023895428124587,0.31057277808170747,-0.004675545751444904,-0.004649358044780955
134.0,22.0,0.0,0.0,0.0,0.0,0.0,0.0,0.0,0.0,0.0,0.0,0.0,0.0,0.30902647228790125,0.3093543150532345,-0.004772152332780769,-0.004745798194729118
134.0,22.5,0.0,0.0,0.0,0.0,0.0,0.0,0.0,0.0,0.0,0.0,0.0,0.0,0.30787960355178956,0.308201685589875,-0.004865727334897537,-0.0048392290441583875
134.0,23.0,0.0,0.0,0.0,0.0,0.0,0.0,0.0,0.0,0.0,0.0,0.0,0.0,0.3067918342575024,0.3071083866362363,-0.00495650708240653,-0.0049298825903654605
134.0,23.5,0.0,0.0,0.0,0.0,0.0,0.0,0.0,0.0,0.0,0.0,0.0,0.0,0.30575755904838275,0.30606881249227824,-0.005044699936928791,-0.005017964038342136
134.0,24.0,0.0,0.0,0.0,0.0,0.0,0.0,0.0,0.0,0.0,0.0,0.0,0.0,0.3047719211485049,0.30507809990655904,-0.005130490638568318,-0.005103655767874191
135.0,0.5,0.0,0.0,0.0,0.0,0.0,0.0,0.0,0.0,0.0,0.0,0.0,0.0,0.30383068609705716,0.30413200472553975,-0.005214043814354466,-0.00518712060013281
135.0,1.0,0.0,0.0,0.0,0.0,0.0,0.0,0.0,0.0,0.0,0.0,0.0,0.0,0.3029301409047436,0.3032268027673588,-0.005295506846777658,-0.005268504506300514
135.0,1.5,0.0,0.0,0.0,0.0,0.0,0.0,0.0,0.0,0.0,0.0,0.0,0.0,0.30206701271653674,0.30235920949316486,-0.005375012241788852,-0.005347938867559335
135.0,2.0,0.0,0.0,0.0,0.0,0.0,0.0,0.0,0.0,0.0,0.0,0.0,0.0,0.3012384026265505,0.30152631440587446,-0.0054526795997090205,-0.005425542371587992
135.0,2.5,0.0,0.0,0.0,0.0,0.0,0.0,0.0,0.0,0.0,0.0,0.0,0.0,0.3004417313897495,0.30072552708921463,-0.0055286172674928035,-0.0055014226126068435
135.0,3.0,0.0,0.0,0.0,0.0,0.0,0.0,0.0,0.0,0.0,0.0,0.0,0.0,0.29967469456437756,0.29995453252196635,-0.005602923732832005,-0.00557567744819752
135.0,3.5,0.0,0.0,0.0,0.0,0.0,0.0,0.0,0.0,0.0,0.0,0.0,0.0,0.2989352251951831,0.29921125383894726,-0.005675688807366804,-0.0056483961554554644
135.0,4.0,0.0,0.0,0.0,0.0,0.0,0.0,0.0,0.0,0.0,0.0,0.0,0.0,0.2982214625742047,0.29849382111323813,-0.005746994636353627,-0.00571966042071386
135.0,4.5,0.0,0.0,0.0,0.0,0.0,0.0,0.0,0.0,0.0,0.0,0.0,0.0,0.29753172593572524,0.2978005450395874,-0.005816916564581108,-0.005789545190541385
135.0,5.0,0.0,0.0,0.0,0.0,0.0,0.0,0.0,0.0,0.0,0.0,0.0,0.0,0.29686449218438593,0.2971298946324337,-0.005885523882492385,-0.005858119406548098
135,5.5,5.0905348305077585,5.142987301039133,0.13046966453488607,0.5305800212615119,16.784457948531003,18.04649016777355,False,False,0.23601973134386348,1.0852602008697168,0.13305931342552957,0.13305931342552957,0.29621837694091147,0.29648047823194346,-0.0059528804719229155,-0.0059254466424230375
135,6.0,7.45534107387104,7.552076991090665,0.21647894018522995,0.5484171854775509,33.48893289215279,35.598668776899366,False,False,0.3377883341959507,0.9991378459723748,0.5118151959617967,0.5118151959617967,0.29555853610092686,0.2957664578411045,-0.0060226180519217555,-0.006000538587913462
135,6.5,7.97072411638864,8.057499332010515,0.28479680665417356,0.5493252261412915,32.644100304676,34.56555315325837,False,False,0.2910959525604664,0.5949859541910297,0.3714888311149337,0.3714888311149337,0.2948581722872556,0.29502070442939937,-0.006097706091892599,-0.0060801816208750315
135,7.0,9.0559534942026,9.137647632944198,0.40013083496379337,0.5560305744600471,31.90284652287564,33.2094183672025,False,False,0.2826329120213847,0.416583184979204,0.5354682523390188,0.5354682523390188,0.2941846313416498,0.2943104609828238,-0.00617097282057996,-0.006157205935473213
135,7.5,11.149095503774223,11.045740577564992,0.6975768268021828,0.6003581698623938,30.416024266810574,29.423272307788547,False,False,0.26938144248987206,0.23998639354720772,0.9720087883784566,0.9720087883784566,0.2934921728972181,0.29359523470667453,-0.006247393550206815,-0.0062359483716393676
135,8.0,11.995710484250015,11.667785535939892,0.8263851123855688,0.5763799165840332,29.957257982270704,27.26977142587514,False,False,0.2709570501326324,0.1950330136183135,1.0363040504925456,1.0363040504925456,0.29272196375604004,0.2928346007459328,-0.006333723571190816,-0.006321010166280402
135,8.5,5.044312616394528,4.979133940552128,0.3394051933953578,0.27671301643026075,14.975819271919303,14.176542238887546,False,False,0.11384922673332812,0.09348742800847475,0.2587983706180432,0.2587983706180432,0.2919421068633937,0.2920838727021124,-0.006422587120570182,-0.006406323179360246
135,9.0,12.2213284887257,11.720356916389248,0.9517029701235729,0.6144821486258761,29.41315961772422,25.981584864570955,False,True,0.25625581545158577,0.17232966954879847,1.5138561709290335,1.5138561709290335,0.29133758640461377,0.2914846916428649,-0.006492494664998404,-0.0064754000999510146
135,9.5,12.952317090129371,11.923977929571391,1.2014057975498138,0.6635050732293477,28.491882002464145,23.099105087956048,False,True,0.2421755100275069,0.13860191687931328,1.7652751500461537,1.7652751500461537,0.29050859957535546,0.2906961055793761,-0.006589839696083638,-0.00656767018108682
135,10.0,12.957897418709132,11.793093970104131,1.2486995454876142,0.6585385865147926,28.280016515429384,22.479467189194395,False,True,0.2380513283513097,0.1308836893681779,2.228841664675169,2.228841664675169,0.28962859738294333,0.289882152006139,-0.006695084385909316,-0.006664556206151125
135,10.5,13.186605745386824,11.554721744073118,1.40982564066383,0.6826644583317629,27.66707843286741,20.561443029565687,False,True,0.2263047813368489,0.11322736903533856,2.2346820993117666,2.2346820993117666,0.28869573341710997,0.2890220683617714,-0.006808845531796876,-0.0067687895320593695
135,11.0,12.574826856949286,10.810014612833367,1.4482522355764114,0.6727948431214852,27.317825533379672,19.828050362488593,False,True,0.2079499705654869,0.1009247707888481,2.913114327237311,2.913114327237311,0.28775326800878764,0.28816991109151474,-0.006926124163838051,-0.006873983455515508
135,11.5,12.887349675483126,10.802623926886499,1.5515803308655314,0.684866359737582,27.08037289032309,18.97741894785578,False,True,0.2080261809319534,0.09617650046166698,3.1399637272703242,3.213960084527916,0.2867306024977609,0.28724377523483713,-0.00705611636897346,-0.00699052640484486
135,12.0,13.05399730256519,10.56530969346244,1.6543866093430213,0.6823633057226018,26.77804142635859,17.759684440219417,False,True,0.20445969283060214,0.08818191178702722,3.082366724728048,3.2513046673028545,0.28567652366011964,0.28628849009602103,-0.007193155521038778,-0.00711321260120515
135,12.5,13.154564279224939,10.11886615301825,1.8171731720030522,0.6953922614930224,26.26383685050136,16.24509940137512,False,True,0.1961748893101063,0.07827728410780035,2.9897005542182207,3.203016022284804,0.2846268888298573,0.28533903224905893,-0.0073327795945321095,-0.0072377008722521044
135,13.0,12.983503710519093,9.746850679452043,1.8699650297279533,0.7060991254672917,25.90097164262221,15.363648459342318,False,True,0.18720345357414506,0.07224278190259373,2.0087794085233046,2.1945050980640426,0.2835780958981331,0.2844039048959918,-0.007475528909400291,-0.007362855756354761
135,13.5,12.964052990767511,9.818274826581735,1.8573647668883702,0.7007009441670662,26.027534141935604,15.798244269200769,False,True,0.1892450906357033,0.07424285123960483,2.355889245241827,2.6306063518648566,0.2826569537983914,0.28360536464659125,-0.007603642177937207,-0.007471775712485846
135,14.0,13.036312302420214,10.005407416098548,1.8053794833409065,0.70292860083088,26.127573590620756,15.983066307079135,False,True,0.19202863927889582,0.07644982781677007,1.5138433276844185,1.7310678830665407,0.28170218465806734,0.2827609943702779,-0.0077392031447503454,-0.007589041791794486
135,14.5,12.733041009240576,10.251664097322593,1.6421155633264233,0.6924912748439314,26.473119654103385,16.690626357017674,False,True,0.1924193349961908,0.0812968675210528,0.6449857033640873,0.755932404191668,0.2808699910365859,0.28203967066255886,-0.007859714816378318,-0.007690959351280389
135,15.0,12.80442621436524,10.20644392523296,1.6884488866216942,0.7048280307750325,26.366563788918647,16.563200282513353,False,True,0.19155908319805925,0.08052522738138071,0.7469461012701234,0.8956834053669892,0.28017763697762554,0.28145230580326647,-0.007961682932160631,-0.007775155874486277
135,15.5,12.380399189828541,9.8349833675772,1.6550063040199794,0.6915619524948617,26.31939382964161,16.536094978224643,False,True,0.18439748969862407,0.07789111568213013,0.8160902021761286,1.0036527859975788,0.2794743846531853,0.280853608417716,-0.00806687387309437,-0.007862109567699675
135,16.0,11.906433406892795,9.63920283630506,1.5882114440148067,0.6871756250044407,26.35213824528876,17.13080894074541,False,False,0.1787710060758904,0.0789611721729315,1.0297153457997688,1.300541775286518,0.2787742852738146,0.28025059263695706,-0.008173242111251134,-0.007950864222922356
135,16.5,11.975500260411513,9.957749859658838,1.5279611450092412,0.6852630714708388,26.60142527543375,17.646107588547643,False,False,0.18400989497726117,0.08408743929220128,0.9052098665041787,1.1748125823230406,0.2780628968269108,0.2796177700590849,-0.008283041764608642,-0.008045292847736371
135,17.0,9.744361155149722,8.580273218477252,1.1747075049531188,0.6584328029128683,26.891121827668524,20.04812061576323,False,False,0.15334395677826745,0.08658832610429368,0.4116843670424509,0.5493794611149958,0.27738220865141683,0.2790084136285654,-0.008389752117699096,-0.008137485326474693
135,17.5,7.544065482570849,7.2024473594117335,0.8558824089188346,0.6142758408934572,27.14430203068772,22.333797143966564,False,False,0.12176832041942029,0.08687645030452365,0.10358415692677375,0.14101210252128923,0.2768163325195889,0.2784891240799002,-0.008479712263752655,-0.008217045964333735
135,18.0,1.8121279768714615,1.6823923437195423,0.18451582739572409,0.10328869445747209,13.905711677605469,10.799728742002698,False,False,0.03137305904254285,0.01751957409733277,0.008067852407174466,0.01111804845682463,0.276337013044186,0.27803420782566984,-0.008556812286353112,-0.00828750652842906
135,18.5,2.6825550866090966,2.7614212309704946,0.2316759700427614,0.5088786753861073,14.307517816229,16.474239959323807,False,False,0.05089365941068519,0.1113981547368744,0.0,0.0,0.2759618586302112,0.2776674395168252,-0.008617740213867743,-0.008344838751228243
135,19.0,4.3994867362522765,4.4717071906692665,0.3354536534121661,0.5234952578994366,14.604072553942647,15.85745274420263,False,False,0.08982090239019319,0.13951054342984245,0.11798053622045211,0.1191467079984905,0.29639236973102434,0.2980588136982765,-0.005934652013390646,-0.005763392493398594
135.0,19.5,0.0,0.0,0.0,0.0,0.0,0.0,0.0,0.0,0.0,0.0,0.0,0.0,0.29548603091129166,0.297125031711536,-0.00603034022062472,-0.005858620164687899
135.0,20.0,0.0,0.0,0.0,0.0,0.0,0.0,0.0,0.0,0.0,0.0,0.0,0.0,0.294694046027474,0.29633005962987224,-0.0061154635466005875,-0.005941172314370304
135.0,20.5,0.0,0.0,0.0,0.0,0.0,0.0,0.0,0.0,0.0,0.0,0.0,0.0,0.2939489901976215,0.2955822719066354,-0.006196852845242485,-0.006020092629043927
135.0,21.0,0.0,0.0,0.0,0.0,0.0,0.0,0.0,0.0,0.0,0.0,0.0,0.0,0.2932436444394583,0.2948743881509587,-0.006275096138694366,-0.006095954971840661
135.0,21.5,0.0,0.0,0.0,0.0,0.0,0.0,0.0,0.0,0.0,0.0,0.0,0.0,0.2925724636373056,0.29420081955559174,-0.006350644826313324,-0.0061691996314416735
135.0,22.0,0.0,0.0,0.0,0.0,0.0,0.0,0.0,0.0,0.0,0.0,0.0,0.0,0.2919310952674215,0.2935571816055788,-0.006423852472492607,-0.006240171317806552
135.0,22.5,0.0,0.0,0.0,0.0,0.0,0.0,0.0,0.0,0.0,0.0,0.0,0.0,0.2913160588283597,0.292939969812742,-0.006495000814061722,-0.006309144612956371
135.0,23.0,0.0,0.0,0.0,0.0,0.0,0.0,0.0,0.0,0.0,0.0,0.0,0.0,0.2907245256434896,0.29234633715640107,-0.006564317734195297,-0.006376341545581019
135.0,23.5,0.0,0.0,0.0,0.0,0.0,0.0,0.0,0.0,0.0,0.0,0.0,0.0,0.2901541636110128,0.29177393727209944,-0.006631990006236891,-0.0064419440431035925
135.0,24.0,0.0,0.0,0.0,0.0,0.0,0.0,0.0,0.0,0.0,0.0,0.0,0.0,0.28960302526487913,0.29122081144958434,-0.006698172529286531,-0.006506102950583995
136.0,0.5,0.0,0.0,0.0,0.0,0.0,0.0,0.0,0.0,0.0,0.0,0.0,0.0,0.2890694654776582,0.29068530559308775,-0.006762995149222072,-0.006568944688468274
136.0,1.0,0.0,0.0,0.0,0.0,0.0,0.0,0.0,0.0,0.0,0.0,0.0,0.0,0.28855207991387655,0.2901660081438765,-0.006826567780315395,-0.006630576249583891
136.0,1.5,0.0,0.0,0.0,0.0,0.0,0.0,0.0,0.0,0.0,0.0,0.0,0.0,0.2880496583003482,0.2896617029633943,-0.006888984307130335,-0.006691089004816065
136.0,2.0,0.0,0.0,0.0,0.0,0.0,0.0,0.0,0.0,0.0,0.0,0.0,0.0,0.28756114846385034,0.28917133308331433,-0.006950325595732381,-0.006750561639250337
136.0,2.5,0.0,0.0,0.0,0.0,0.0,0.0,0.0,0.0,0.0,0.0,0.0,0.0,0.28708562831646733,0.28869397247371653,-0.007010661844428035,-0.00680906244379758
136.0,3.0,0.0,0.0,0.0,0.0,0.0,0.0,0.0,0.0,0.0,0.0,0.0,0.0,0.28662228379002724,0.2882288038111374,-0.007070054437992747,-0.006866651122472595
136.0,3.5,0.0,0.0,0.0,0.0,0.0,0.0,0.0,0.0,0.0,0.0,0.0,0.0,0.2861703912801968,0.28777510079350205,-0.0071285574240285065,-0.006923380231171787
136.0,4.0,0.0,0.0,0.0,0.0,0.0,0.0,0.0,0.0,0.0,0.0,0.0,0.0,0.28572930354845,0.2873322139406345,-0.007186218698535644,-0.006979296332948405
136.0,4.5,0.0,0.0,0.0,0.0,0.0,0.0,0.0,0.0,0.0,0.0,0.0,0.0,0.28529843830326007,0.2868995590949045,-0.007243080965454377,-0.007034440932965902
136.0,5.0,0.0,0.0,0.0,0.0,0.0,0.0,0.0,0.0,0.0,0.0,0.0,0.0,0.28487726887717013,0.28647660803374564,-0.007299182518895708,-0.007088851240648946
136,5.5,3.6729334552986725,3.731416546535786,0.10574937836205485,0.5282869765794924,16.63599170284022,18.098946769770276,False,False,0.1567297655817651,0.8604390276630322,0.12057373618192381,0.12357336375875376,0.28446531655794005,0.2860628807486213,-0.007354557885111226,-0.007142560795159085
136,6.0,4.888101582740605,4.977720301605101,0.15321467968701644,0.5300748769590368,33.13007534742424,35.87924960603296,True,True,0.20093425001794069,0.7612110450287072,0.30205995052578904,0.31065608829643115,0.28403330325052184,0.28557487066977394,-0.007413168459241877,-0.007206538193419763
136,6.5,6.905766776836625,7.026560098443152,0.26795585636401864,0.5760332713903912,32.4668496211299,34.85943589182851,False,False,0.24234163850336254,0.5703356071859795,0.5225475682092074,0.5409960409156176,0.2835804932056078,0.2850711761637023,-0.0074751988604271225,-0.007273289173635283
136,7.0,9.651002738111089,9.724641715926055,0.48375925964861266,0.570728416054814,31.499957370712096,32.39884382222461,False,False,0.27914036578770424,0.3534850320822446,0.806154458079179,0.8441141470930853,0.2830929742679799,0.28454028638086376,-0.007542676692898056,-0.007344443149787722
136,7.5,11.705810919685867,11.556034060867916,0.747130667295907,0.5987248136787671,30.4170737204832,29.069973033963862,False,False,0.28287773989311626,0.23877391554630933,1.0648074565945083,1.1357368764827547,0.28254948349734443,0.2839791181940597,-0.007618759024978103,-0.007420558873462007
136,8.0,12.511300837069095,11.94299467126778,1.0202741493828427,0.6459040305423641,29.218364074425736,25.560394283305033,False,False,0.2557689489485898,0.16929703765923243,1.35169416403328,1.4802399403088053,0.28194682321170855,0.28338457648623966,-0.007704196123121849,-0.007502229032237749
136,8.5,12.873116116893003,11.721665305930156,1.2438932757185963,0.6586170285067504,28.256976101126618,22.430460485897807,False,False,0.23604213858395418,0.12974428332811772,1.5814450975017096,1.7943214654145168,0.28127985654679893,0.2827471840928605,-0.007800084067782527,-0.007590977913580497
136,9.0,13.043067067071345,11.433383998105697,1.4008927019663049,0.675242164017258,27.6716967415679,20.555341199892524,False,True,0.22402659721666274,0.11174431827672968,1.7477406209459214,2.024674184559162,0.2805619017176646,0.28207493593462485,-0.007904896093166927,-0.007685938868927808
136,9.5,13.193744774422642,11.166032248095984,1.5238013708840974,0.6809620043456869,27.27215774011392,19.192722789858422,False,True,0.2172753309367073,0.10043511408012692,1.858756029560836,2.182138934545911,0.279809278672316,0.2813777474022395,-0.008016575964303184,-0.007785921908298491
136,10.0,13.640890639683517,11.328746968919834,1.5922995156249669,0.6836053407501846,27.185894795266783,18.628890592551233,False,True,0.22295921284050965,0.09876623733343065,1.6143109518241083,1.9263652100225674,0.2790331364645397,0.2806660569250108,-0.008133720471010464,-0.00788958719945697
136,10.5,13.058725348024515,10.51123808221134,1.6975934702925786,0.7030240740207125,26.648730253206537,17.859254386026528,False,True,0.2023017557944496,0.0875816140714956,2.070448211261213,2.5173663582071244,0.27828548101835915,0.2799926918622758,-0.008248499004221789,-0.007989187419906228
136,11.0,13.265197843920713,10.3548019975993,1.8001437139869796,0.7056683609402241,26.416836165259596,17.009035263398324,False,True,0.20102865846000673,0.08264975801814126,2.118444031090592,2.633352349930824,0.27747213441373775,0.2792473961936644,-0.0083755611001791,-0.008101179242577465
136,11.5,14.07825723277125,10.55409869126537,1.9046114886574281,0.7066292790056927,26.29273016809985,15.964481719293,False,True,0.21118017801117653,0.08040905755880359,1.3457121090888016,1.7176046634213173,0.2766452572637972,0.2784926408633892,-0.008507134884251904,-0.008216504047213209
136,12.0,14.10128537856706,10.239979158172973,1.9973806381664985,0.7081248297190121,26.039060479394802,15.232188066555096,False,True,0.20647406395535722,0.0751679945596958,1.3746450436652808,1.8100244332691384,0.2759090043116695,0.2778599290812669,-0.008626365638484887,-0.008314690590126628
136,12.5,13.488654959555246,9.978490775830782,1.9459499260953304,0.7105027575866761,25.997142333366952,15.639468652064023,False,True,0.19673732867478855,0.07458486705213088,1.4909283741805182,2.036028458764894,0.27516252961723775,0.27722054135971436,-0.008749290056454249,-0.008415336648575942
136,13.0,13.084375529678791,9.586169147214703,1.9298752827405208,0.705252824793003,25.87272918194921,15.647459315774636,False,True,0.18851670507458224,0.07150009128124699,1.4150172918662922,2.0092017313025683,0.2744129086889304,0.2765571738744422,-0.008874838632789836,-0.008521295472171097
136,13.5,12.99398096549097,9.470908880761296,1.959850555575261,0.7154159653923656,25.75851029076641,15.563905512412529,False,True,0.18552424958846514,0.07058754119144961,1.259492669320337,1.8672496820620152,0.2736799675297206,0.2759028578819392,-0.008999674446710342,-0.008627369356774273
136,14.0,12.762023532101589,8.957877780491234,2.028238702767259,0.7202983073400554,25.378206508367764,14.725857269877668,False,True,0.17598054582665446,0.06429224730945098,1.026204587795922,1.598192755204843,0.2729678308806709,0.2752701482705135,-0.00912297579132437,-0.008731440000114726
136,14.5,13.522295611106316,9.42115548984819,2.0796068381049766,0.720359910966214,25.482054995879395,14.166933242564655,False,True,0.18817158885373841,0.06607107486327948,0.6562019462521612,1.0830237175764987,0.2722813683239894,0.2746757709865256,-0.009243741645802146,-0.008830570853150657
136,15.0,13.232147843426572,9.207296359313148,2.064243495203644,0.7172893159392332,25.36068226865764,13.935386683307287,False,True,0.18239264026643265,0.06394997724603282,0.48743700994733885,0.8608255766510667,0.27164003257689556,0.27415156562838583,-0.009358293281270063,-0.008919112928443973
136,15.5,12.714954390918113,8.940568334657454,2.011722607087976,0.7200239013666593,25.274399157741637,14.084554732358995,False,True,0.17386969649176306,0.0627561012430799,0.41125197255033585,0.7838743732893099,0.2710265514164883,0.2736604661407859,-0.009469455835734301,-0.009003024428534161
136,16.0,12.10401951559183,8.762505930589867,1.9058093221668726,0.720482181397916,25.30167367287305,14.238775954632775,False,False,0.16459708523396407,0.0621116622710655,0.2334479607575123,0.4843010279392715,0.2704337364552912,0.27318309836384935,-0.009578371478169579,-0.009085492699179383
136,16.5,11.215282161960266,8.43871399058934,1.7309570204259994,0.7018855959034923,25.4057759473081,14.859397033494727,False,False,0.15388091922301755,0.06212016108116357,0.16376105350809872,0.3721263744639867,0.2698812210275651,0.27274800210484396,-0.009681229353563175,-0.00916144341564038
136,17.0,10.014056492140245,7.885687228426821,1.5579321174867644,0.7061177357763652,25.355682069759293,15.724230834053838,False,False,0.13680823415836313,0.061681833166330746,0.10757456559410018,0.26850823351290665,0.26936389757310253,0.2723336103913202,-0.0097787308360948,-0.009234484271226874
136,17.5,8.644936777392408,7.104000899521244,1.3120523587583919,0.6859189610686554,25.507530306272447,17.022830134051894,False,False,0.11966432837790134,0.0622783639452313,0.07477239437358912,0.20524867205970046,0.26887970272261197,0.27193581411750806,-0.009871050189589423,-0.00930525361315056
136,18.0,6.737925359570458,5.874679549010476,0.9912379992591956,0.660304641478209,25.68994474463102,18.950280049415,False,False,0.09477149219280635,0.06284520637161967,0.03863008969242698,0.11592203697517761,0.26843483512945276,0.27155247853259745,-0.009956787876192589,-0.00937406255036747
136,18.5,5.280349974028015,4.852576418312227,0.7518274118377654,0.6550029515674168,25.878305990192004,20.46799883559444,False,False,0.07552800424955841,0.06547360900850446,0.019806627362851117,0.06385787419069724,0.26803916836074443,0.27118751479044184,-0.01003378969680533,-0.00944013779299071
136,19.0,2.411785243697613,2.523246735346561,0.3255426571205443,0.5722721889134709,13.081557217105301,15.21894232073242,False,False,0.0354038418339294,0.061696778371662396,0.0,0.0,0.26768002478262404,0.2708334892008668,-0.010104298648461067,-0.009504763616665675
136.0,19.5,0.0,0.0,0.0,0.0,0.0,0.0,0.0,0.0,0.0,0.0,0.0,0.0,0.2673812502764325,0.27050167873663694,-0.010163405825847533,-0.00956581325050013
136.0,20.0,0.0,0.0,0.0,0.0,0.0,0.0,0.0,0.0,0.0,0.0,0.0,0.0,0.2671273933010377,0.27024624009087606,-0.010213950823832724,-0.009613129726462251
136.0,20.5,0.0,0.0,0.0,0.0,0.0,0.0,0.0,0.0,0.0,0.0,0.0,0.0,0.2668768827913132,0.2699941610661648,-0.010264123390377468,-0.009660097512689744
136.0,21.0,0.0,0.0,0.0,0.0,0.0,0.0,0.0,0.0,0.0,0.0,0.0,0.0,0.2666296357320035,0.2697453589148355,-0.010313930543060746,-0.009706723094109275
136.0,21.5,0.0,0.0,0.0,0.0,0.0,0.0,0.0,0.0,0.0,0.0,0.0,0.0,0.2663855721802782,0.26949975393083514,-0.010363379073133408,-0.00975301274821146
136.0,22.0,0.0,0.0,0.0,0.0,0.0,0.0,0.0,0.0,0.0,0.0,0.0,0.0,0.26614461510829673,0.26925726929363153,-0.010412475557064557,-0.009798972555807218
136.0,22.5,0.0,0.0,0.0,0.0,0.0,0.0,0.0,0.0,0.0,0.0,0.0,0.0,0.2659066902565742,0.2690178309229978,-0.010461226367217732,-0.009844608410942014
136.0,23.0,0.0,0.0,0.0,0.0,0.0,0.0,0.0,0.0,0.0,0.0,0.0,0.0,0.265671725997191,0.26878136734368646,-0.010509637681743855,-0.009889926030055075
136.0,23.5,0.0,0.0,0.0,0.0,0.0,0.0,0.0,0.0,0.0,0.0,0.0,0.0,0.26543965320599544,0.26854780955911384,-0.010557715493766738,-0.00993493096045999
136.0,24.0,0.0,0.0,0.0,0.0,0.0,0.0,0.0,0.0,0.0,0.0,0.0,0.0,0.26521040514303607,0.2683170909332727,-0.010605465619929038,-0.009979628588214216
137.0,0.5,0.0,0.0,0.0,0.0,0.0,0.0,0.0,0.0,0.0,0.0,0.0,0.0,0.26498391734054294,0.2680891470801741,-0.010652893708357881,-0.01002402414543659
137.0,1.0,0.0,0.0,0.0,0.0,0.0,0.0,0.0,0.0,0.0,0.0,0.0,0.0,0.2647601274978455,0.26786391576019425,-0.010700005246103133,-0.010068122717125247
137.0,1.5,0.0,0.0,0.0,0.0,0.0,0.0,0.0,0.0,0.0,0.0,0.0,0.0,0.26453897538267424,0.267641336782765,-0.010746805566095637,-0.010111929247522607
137.0,2.0,0.0,0.0,0.0,0.0,0.0,0.0,0.0,0.0,0.0,0.0,0.0,0.0,0.2643204027383516,0.2674213519149047,-0.010793299853666817,-0.010155448546068264
137.0,2.5,0.0,0.0,0.0,0.0,0.0,0.0,0.0,0.0,0.0,0.0,0.0,0.0,0.2641043531964207,0.26720390479513456,-0.010839493152667617,-0.010198685292976597
137.0,3.0,0.0,0.0,0.0,0.0,0.0,0.0,0.0,0.0,0.0,0.0,0.0,0.0,0.26389077219430634,0.2669889408523718,-0.010885390371219857,-0.010241644044471533
137.0,3.5,0.0,0.0,0.0,0.0,0.0,0.0,0.0,0.0,0.0,0.0,0.0,0.0,0.26367960689763864,0.26677640722942664,-0.010930996287130148,-0.01028432923770773
137.0,4.0,0.0,0.0,0.0,0.0,0.0,0.0,0.0,0.0,0.0,0.0,0.0,0.0,0.26347080612690393,0.2665662527107677,-0.010976315552993478,-0.010326745195404186
137.0,4.5,0.0,0.0,0.0,0.0,0.0,0.0,0.0,0.0,0.0,0.0,0.0,0.0,0.26326432028811686,0.26635842765425083,-0.011021352701010382,-0.010368896130213337
137.0,5.0,0.0,0.0,0.0,0.0,0.0,0.0,0.0,0.0,0.0,0.0,0.0,0.0,0.26306010130723473,0.26615288392653036,-0.011066112147539962,-0.010410786148847008
137,5.5,2.043015836340366,2.0144946452677828,0.1568012516217391,0.12487215788630973,14.676325935085183,13.750275524271032,False,False,0.042498844397022076,0.033724550110691934,0.0010810562971500346,0.003746715783539715,0.2628581025680587,0.26594957484190124,-0.011110598197408375,-0.010452419255977891
137,6.0,3.1558016782698806,3.068830775903901,0.24452911674360664,0.16959028405506008,14.659342564403552,13.115937939721299,False,False,0.0653567412217051,0.04533115616898591,0.01394538418610183,0.048972148511970695,0.2626381594708477,0.2657320648427861,-0.01115927865823082,-0.010497180224740953
137,6.5,4.2109470486475775,3.982813588335011,0.35352696119436533,0.21113940480617072,14.467145417538243,12.150356924746692,False,False,0.08305264714131895,0.049849556045454456,0.03056837038637524,0.10972633576728621,0.2624075287806138,0.26550523847102175,-0.011210597834994293,-0.010544101878922164
137,7.0,4.855568889812486,4.566117864444128,0.41142663735028906,0.2387671074103848,14.444770034810881,11.962169327789198,False,False,0.09523813783843753,0.05560801800068524,0.035184187316844535,0.1306898231749298,0.2621629784445252,0.26526747801053246,-0.011265321838888034,-0.01059355388643904
137,7.5,10.112687525583006,9.825258716580578,0.867584443095182,0.6191911438941969,14.367668019330921,12.804495399058203,False,False,0.19465145280232504,0.13908976757678387,0.04742923125103751,0.18379728948225924,0.2619125088077798,0.2650255867003729,-0.011321700684791719,-0.010644148920586556
137,8.0,6.081293718100358,5.569001539890398,0.547155372802285,0.28951572367062456,14.296226086838248,11.287403453614735,False,False,0.11506490744979145,0.061582255821733184,0.04606431988151309,0.19628865564952627,0.2616043563615191,0.26473047026358354,-0.011391525416404256,-0.010706267205654464
137,8.5,11.519403551868171,10.84122711615891,1.0805986599220583,0.64325112572782,28.324179478353777,23.250054172418018,False,False,0.211220318095007,0.12608327572526093,0.055684083254512066,0.2547394181450956,0.26133917908527843,0.2644777553569359,-0.011452023404036994,-0.010759804053805657
137,9.0,6.936971423605434,6.178692634230457,0.6789965768859135,0.3371689711759917,14.070404663785597,10.626665021131585,False,False,0.12456387676619915,0.06247670245608048,0.045154152222302804,0.24268549982543447,0.26100672793524593,0.26417445827994196,-0.011528411056583893,-0.010824478297309249
137,9.5,7.173666601552529,6.476556585158134,0.6642403857212351,0.33799884733460717,14.225014067819487,10.996973913093047,False,False,0.13347279754980407,0.06873204908097262,0.04160643296230737,0.2532415963009506,0.2607286892412404,0.2639136090678897,-0.01159276283399345,-0.010880471829592432
137,10.0,6.88917325404698,6.456956233039697,0.5897142793868942,0.33533618272463595,14.416125865199657,11.806661179897777,False,False,0.1341779098783193,0.07687783123591102,0.026808019981557282,0.18834000963273906,0.26045484057372226,0.26365317986410375,-0.01165656363057306,-0.010936719816098662
137,10.5,6.871002803642106,6.65626993387518,0.504930149042476,0.34121200220449976,14.810787955614058,13.24577717957024,False,False,0.1481401474702622,0.10140949623800993,0.02204230085507387,0.18006694752625108,0.26019419745567296,0.26340319655370115,-0.01171767676677095,-0.01099103786187491
137,11.0,13.367034281262953,12.658589379341766,1.099301435712484,0.660270537639916,29.094999784717878,24.756761616566077,False,False,0.2689982382129984,0.16461678445673594,0.03813495675033738,0.3630170634644359,0.2599467547201546,0.26315532070793596,-0.011776048354763024,-0.011045215654984623
137,11.5,13.777146522307923,12.403161673162465,1.334275852899147,0.6772762019644849,28.2136477128933,21.62923671847846,False,False,0.2494404747886523,0.1281792332384184,0.02535932982728343,0.3907352106583591,0.259623274692896,0.2628452413757639,-0.011852880465676436,-0.011113437817551962
137,12.0,7.594782684913245,6.690471477157049,0.7598673873536617,0.3655029596375106,14.006761719055296,10.329690773489817,False,False,0.13444422922261695,0.06522959214560187,0.0028881594350679348,0.23258707478078033,0.25927320300184903,0.26253119941766406,-0.011936702499376771,-0.011183044172813059
137,12.5,6.739418132824021,6.155822602991943,0.6714496094226726,0.35650701820972786,13.991794997458673,10.73747182122403,False,False,0.11890633933898664,0.06311195590382539,0.0,0.1416577010656497,0.25900088586324804,0.2622787461335491,-0.012002395490528363,-0.011239376463231506
137,13.0,7.434668362449507,6.474534390807607,0.7685782136659063,0.36212987395003743,13.913195915475029,10.071018378454285,False,False,0.12892515858957235,0.06118259377786426,0.0,0.21047670154442163,0.2587418662033719,0.2620407013436368,-0.012065280732371121,-0.011292803608521862
137,13.5,7.21793471729892,6.590385392112706,0.656959951481822,0.34549147461464924,14.266391097806222,11.216595812855417,False,False,0.13560898906113464,0.07209309046417287,0.0,0.1917724298892798,0.258472101669083,0.2617948151957221,-0.012131192425483705,-0.011348308706019635
137,14.0,14.304096005154488,13.25649783862227,1.2113506811430341,0.6596947813207127,29.055603658322177,24.198057215008166,False,False,0.2889235527483945,0.16534881263860446,0.0,0.5513037312522022,0.25821816460777375,0.26155504884625824,-0.012193629332846026,-0.011402745641801305
137,14.5,13.428436218555001,11.593359224182185,1.4313784035288988,0.669407571033148,27.963954262831642,21.50922824296773,False,False,0.2381967199134567,0.11957845729345651,0.0,0.7956439739085632,0.25789515553039477,0.26123101434937523,-0.012273603523016862,-0.011476810159644434
137,15.0,13.744742067464248,11.509038725745679,1.5431193126757792,0.6897292636362813,27.44423074116392,19.63757189331699,False,False,0.23025141179557101,0.1056200315779316,0.0,0.4885621033550536,0.2575456558556707,0.2608761653613414,-0.012360841550006446,-0.011558576485058772
137,15.5,13.325001660070978,10.92118895088295,1.5765533569870585,0.6932726148845877,27.101931927875945,18.815699123299062,False,False,0.21565509455689497,0.09673274965700568,0.0,0.3821030460415209,0.25718343817465433,0.2605593923718089,-0.01245203486101611,-0.011632156079548407
137,16.0,12.196635697611617,10.279604408269142,1.415136486125422,0.68976012301093,27.243280497433094,20.155522957219908,False,False,0.19998315409477946,0.09978163696110359,0.0,0.36615734060784344,0.2568184553189659,0.26025724139112655,-0.012544736319916705,-0.011702859888434156
137,16.5,11.334170788399497,9.330107667398998,1.4108652266048618,0.6787808651583912,26.817946850651296,19.27470370513973,False,False,0.17791485323148215,0.08716939630753519,0.0,0.316428802739042,0.2564755123003887,0.2599590516672561,-0.012632590118666256,-0.011773139343568882
137,17.0,10.472122802248839,8.634418025058942,1.3540651949403515,0.6793787355091132,26.583422859721825,18.909162434943298,False,False,0.15992853118200764,0.08103919807319823,0.0,0.22749748049687404,0.2561345588582092,0.25967005484862044,-0.012720661896194124,-0.01184173250741793
137,17.5,8.83798699326621,7.618092641955039,1.1004707976127932,0.654877757287753,26.76252303876965,20.31210265148725,False,False,0.1373335592808338,0.08209634891325983,0.0,0.1340522944137503,0.2558022647285411,0.2593937470528708,-0.012807201717501299,-0.011907759645068171
137,18.0,8.676664447081372,7.7742444317194686,1.0183881276214068,0.6532246014762504,27.090304241292763,20.904530890357986,False,False,0.1392864068811209,0.08955784471743819,0.0,0.11545056903587703,0.25550368440052257,0.2591338782006756,-0.012885560317596795,-0.01197025913738042
137,18.5,5.699384847026486,5.430004853656327,0.6399440017867029,0.6287496253870315,27.31269210039209,23.46687435835088,False,False,0.09359251710606392,0.09184001747554799,0.0,0.04200091946990468,0.2552169386590611,0.25887797607813745,-0.012961351357781202,-0.012032186928583358
137.0,19.0,0.0,0.0,0.0,0.0,0.0,0.0,0.0,0.0,0.0,0.0,0.0,0.0,0.2549797712226729,0.258635915766485,-0.013024439734425498,-0.012091116645118628
137.0,19.5,0.0,0.0,0.0,0.0,0.0,0.0,0.0,0.0,0.0,0.0,0.0,0.0,0.26540699929122463,0.2690615827092149,-0.010564501316023257,-0.009836250643860484
137.0,20.0,0.0,0.0,0.0,0.0,0.0,0.0,0.0,0.0,0.0,0.0,0.0,0.0,0.2651502845528967,0.26880335555584267,-0.010618030710290554,-0.009885701580820461
137.0,20.5,0.0,0.0,0.0,0.0,0.0,0.0,0.0,0.0,0.0,0.0,0.0,0.0,0.264898571920093,0.26855017542964327,-0.010670831147974482,-0.00993447385212996
137.0,21.0,0.0,0.0,0.0,0.0,0.0,0.0,0.0,0.0,0.0,0.0,0.0,0.0,0.26465160543005595,0.2683017830183775,-0.010722940330848446,-0.00998260269119052
137.0,21.5,0.0,0.0,0.0,0.0,0.0,0.0,0.0,0.0,0.0,0.0,0.0,0.0,0.26440915031076173,0.2680579405787771,-0.01077439282415198,-0.010030120385837645
137.0,22.0,0.0,0.0,0.0,0.0,0.0,0.0,0.0,0.0,0.0,0.0,0.0,0.0,0.26417099068501193,0.2678184295890698,-0.010825220391566751,-0.010077056594429474
137.0,22.5,0.0,0.0,0.0,0.0,0.0,0.0,0.0,0.0,0.0,0.0,0.0,0.0,0.2639369275753405,0.26758304871038396,-0.010875452287091093,-0.010123438621082132
137.0,23.0,0.0,0.0,0.0,0.0,0.0,0.0,0.0,0.0,0.0,0.0,0.0,0.0,0.26898316919052906,0.2726276547284986,-0.009851235740884184,-0.0091825847418363
137.0,23.5,0.0,0.0,0.0,0.0,0.0,0.0,0.0,0.0,0.0,0.0,0.0,0.0,0.27132437854898234,0.27496708861656105,-0.00941529432201386,-0.008781817981646602
137.0,24.0,0.0,0.0,0.0,0.0,0.0,0.0,0.0,0.0,0.0,0.0,0.0,0.0,0.2710023249827026,0.2746433331699818,-0.009473877851567565,-0.008836019346915764
138.0,0.5,0.0,0.0,0.0,0.0,0.0,0.0,0.0,0.0,0.0,0.0,0.0,0.0,0.2733183233447449,0.2769574905921551,-0.009062040702153369,-0.00845716451411772
138.0,1.0,0.0,0.0,0.0,0.0,0.0,0.0,0.0,0.0,0.0,0.0,0.0,0.0,0.2860363783979278,0.2896724192093894,-0.0071460177909994605,-0.006689796312286092
138.0,1.5,0.0,0.0,0.0,0.0,0.0,0.0,0.0,0.0,0.0,0.0,0.0,0.0,0.30083892347023616,0.3044695127577901,-0.005490601015145171,-0.005157160239185038
138.0,2.0,0.0,0.0,0.0,0.0,0.0,0.0,0.0,0.0,0.0,0.0,0.0,0.0,0.299761542342557,0.30338777783317794,-0.005594450899290224,-0.005253921126381569
138.0,2.5,0.0,0.0,0.0,0.0,0.0,0.0,0.0,0.0,0.0,0.0,0.0,0.0,0.29879488544967153,0.30241741223097246,-0.005689625303877231,-0.005342565538873052
138.0,3.0,0.0,0.0,0.0,0.0,0.0,0.0,0.0,0.0,0.0,0.0,0.0,0.0,0.2979119408166341,0.3015311260001548,-0.005778247771837335,-0.005425090221932519
138.0,3.5,0.0,0.0,0.0,0.0,0.0,0.0,0.0,0.0,0.0,0.0,0.0,0.0,0.299663945129665,0.3032795999393317,-0.005603973506230088,-0.00526371608873983
138.0,4.0,0.0,0.0,0.0,0.0,0.0,0.0,0.0,0.0,0.0,0.0,0.0,0.0,0.2988131963442806,0.3024254136553323,-0.005687804621900924,-0.005341827343285052
138.0,4.5,0.0,0.0,0.0,0.0,0.0,0.0,0.0,0.0,0.0,0.0,0.0,0.0,0.2980183150844956,0.30162703948235053,-0.0057674841279150854,-0.005416086509798084
138.0,5.0,0.0,0.0,0.0,0.0,0.0,0.0,0.0,0.0,0.0,0.0,0.0,0.0,0.297269460462012,0.3008745189805847,-0.005843769358544726,-0.005487209310346591
138,5.5,2.259826598341662,2.2744218656307025,0.10072380469229156,0.12644802076924522,15.903605022391776,16.411177529693425,False,False,0.06922940756639055,0.08744061015668592,0.06090877503720384,0.06090877503720384,0.29655933061227585,0.30016045792459906,-0.005917222751805034,-0.005555728415379147
138,6.0,3.362742216355394,3.371829265521053,0.14809535405571725,0.1591739303861055,15.949859935930885,16.143748012497763,False,False,0.10488558495879534,0.11507995089966483,0.16524705065789644,0.16524705065789644,0.2958617688472635,0.2994553502149032,-0.00599044964017625,-0.0056243910398481
138,6.5,10.016135164328965,10.059908008659509,0.44881559376989727,0.5197016251183043,31.8500743289792,32.44407386540781,False,False,0.30939655661693943,0.3712616619694391,0.4668126590333147,0.4668126590333147,0.2951737139345673,0.298761225497449,-0.006063738706600879,-0.005692973979374519
138,7.0,12.047745789664493,11.9959210337002,0.610822962121304,0.5514762641740824,31.42128916487171,30.889082543101157,False,False,0.3435486175343242,0.3244290980998333,0.771575920412891,0.771575920412891,0.2944343183096914,0.298007709832028,-0.006143690561855342,-0.005768556163935315
138,7.5,13.099816777927781,12.755676918227776,0.8744124864658244,0.6358918036295254,30.202497889319766,27.94241132057173,False,False,0.30657174852906455,0.23138725525491427,1.153966945639857,1.153966945639857,0.29365808723922926,0.2972335000651888,-0.006228980760642673,-0.005847462768790639
138,8.0,13.561959336643149,12.92975895295565,1.0366369887409885,0.6486760899575097,29.533419513461702,25.87737591619146,False,False,0.28894617335261574,0.1865456129445103,1.3305450838936725,1.3305450838936725,0.29281992330265777,0.29641972075362033,-0.006322665094131791,-0.005931792619722479
138,8.5,14.01473348840923,13.194032310134912,1.115394559683697,0.6564839359707747,29.361592227517928,25.129390594231364,False,False,0.2918759184807356,0.17831669341078393,1.4763306133757559,1.4763306133757559,0.2919570982647322,0.2955998498291311,-0.0064208649231311905,-0.006018223200759274
138,9.0,14.2659548676292,12.93692610749342,1.2798203490102438,0.6621906458209623,28.703029664855613,22.814213418211285,False,False,0.2735253412372726,0.145508479330957,1.6128064885841025,1.6128064885841025,0.2910826021731061,0.29477687912823647,-0.006522253008538954,-0.006106493823307246
138,9.5,14.40912865159476,12.875449895968808,1.3600111712108718,0.6787703694671586,28.41183785023764,21.962255102758874,False,False,0.2669031770121494,0.13640006278985653,1.549115158956371,1.549115158956371,0.2901853732171608,0.2939509432888234,-0.006628265618904378,-0.006196637810029976
138,10.0,13.403378280252795,12.185537936336157,1.2860555538401282,0.6734325261374082,28.23881988783511,21.930159123773002,False,False,0.24337049501520308,0.12851642165399013,0.9565368630229439,0.9909427491444156,0.28930051361302533,0.2931450428328083,-0.0067348335795437185,-0.006286127448283621
138,10.5,14.691038655342698,12.800278282233279,1.4708546300152447,0.6906577153472739,28.086172001378294,20.820960987620797,False,True,0.2621829897929745,0.1258042025855538,1.5479207682679317,1.6553350005011778,0.2885140788516118,0.2924240218270141,-0.006831265085031847,-0.006367499615288899
138,11.0,13.184356088897113,11.857702214643659,1.3386648924293987,0.6848057232510121,27.915476411097433,21.159548039766158,False,False,0.23087293615471907,0.11871558882304298,0.8318003196494645,0.9297234602693022,0.2876413602617046,0.29162837813720605,-0.006940209028019087,-0.006458754562647377
138,11.5,13.703071404914073,12.54692718947706,1.2690001550938221,0.6746232565617981,28.446062271001438,22.4441991542733,False,False,0.25484029316270856,0.1370953256192492,0.9278668805793442,1.0719551447515914,0.2868886160999748,0.2909374590900253,-0.007035842404470782,-0.00653926474414658
138,12.0,14.868244912012102,12.903137203623782,1.474997839293819,0.6818953969224677,28.16868626011403,20.8875198939253,False,True,0.2678247156255757,0.12731591580746712,1.4833377646755281,1.773954873561763,0.28614371005627764,0.29024058704230615,-0.007132029630347174,-0.006621682798806406
138,12.5,14.903669267217097,12.161714216394643,1.6960768908402757,0.7142881586679978,27.3531439356872,18.646647792312415,False,True,0.24576705488037748,0.10526083772263953,1.405529133556292,1.7642780000387392,0.2853123732384648,0.2894636399399388,-0.007241233570603715,-0.006715034865041637
138,13.0,14.128363243938317,11.64656709045945,1.6385694095514647,0.7055268846372285,27.183827889075616,18.35438647468033,False,False,0.22896333739731478,0.0992126246876851,0.9255991076694604,1.2255307772000386,0.28447284776428416,0.28869360331425714,-0.007353541044582995,-0.0068091079176927135
138,13.5,14.317266407851571,11.59002807892858,1.6977497771772116,0.7111228847591633,27.068680362611662,17.98155938978453,False,False,0.2293345066478339,0.09686758328202713,0.9728191665729595,1.34917753497057,0.28371139306381105,0.28800268925629124,-0.007457203567793963,-0.0068948540184407695
138,14.0,12.226225191600646,10.56841879172229,1.4424930105980316,0.6892613933687245,27.044227402276007,18.984811514817174,False,False,0.19535911554994806,0.09330681020083009,0.5219550469505956,0.7615055158777718,0.2829455220430715,0.2873042474603797,-0.007563228436937941,-0.006982845230696877
138,14.5,6.421225553493471,5.330296617149489,0.7585055779919266,0.3274718219960648,13.515051297004883,8.899020959103375,False,False,0.1024574385915,0.04416303795418817,0.2861301748482704,0.4340435878297301,0.28227837344180295,0.2866920490015746,-0.007657052940248399,-0.007061073540988542
138,15.0,6.4262577480676955,5.053766512888264,0.8029177411903301,0.3217849816303346,13.360436175994742,8.420861555565205,False,True,0.09945305756561525,0.03986600706921462,0.3251687413896022,0.49906860210425336,0.2817368082868524,0.2861759107718812,-0.007734237114301162,-0.007127839387062669
138,15.5,13.391073604425637,10.85514494844562,1.6378599873887243,0.7050683635022237,26.898684483513478,18.04831111059729,False,False,0.21088889889404538,0.09172685055680264,0.8246983047049171,1.281149388279621,0.2811926363498448,0.2856601231918567,-0.007812728334569596,-0.007195312647220232
138,16.0,11.804765999424099,9.951749022442932,1.466230105481582,0.6894354302205,26.74188113212607,18.27439179655081,False,False,0.18306524998221813,0.08601612209769183,0.4491297028421132,0.7159097077493212,0.2804861200305683,0.2850034510236928,-0.007916056849585072,-0.007282320371748605
138,16.5,9.877082605816028,8.619565660720863,1.3072935061642061,0.6893886199009878,26.353039338393565,18.654402125225737,False,False,0.1475772087923025,0.07752139877313341,0.27535830925444843,0.4493627157846968,0.2798567514933854,0.28442815124244863,-0.008009476273327985,-0.007359578286691917
138,17.0,3.0530761623099174,2.676717955066716,0.3875255208350878,0.19549340756462252,13.297252875623501,9.425414733663828,False,False,0.046675736057656826,0.023408644573175853,0.028815193672832157,0.04801822197051974,0.27927692296858175,0.28389392148186937,-0.008096706961559924,-0.007432196793318637
138.0,17.5,0.0,0.0,0.0,0.0,0.0,0.0,0.0,0.0,0.0,0.0,0.0,0.0,0.2788526057356283,0.28348063473127805,-0.008161259976963554,-0.007488961575319139
138.0,18.0,0.0,0.0,0.0,0.0,0.0,0.0,0.0,0.0,0.0,0.0,0.0,0.0,0.28111130687012986,0.2857269757991688,-0.007824540635920755,-0.007186524464881484
138.0,18.5,0.0,0.0,0.0,0.0,0.0,0.0,0.0,0.0,0.0,0.0,0.0,0.0,0.2833253477227264,0.28792724432655203,-0.00751042360033753,-0.00690429483300903
138.0,19.0,0.0,0.0,0.0,0.0,0.0,0.0,0.0,0.0,0.0,0.0,0.0,0.0,0.28287941275807016,0.2874677503916961,-0.007572464341920565,-0.00696212740731689
138.0,19.5,0.0,0.0,0.0,0.0,0.0,0.0,0.0,0.0,0.0,0.0,0.0,0.0,0.2928587965331877,0.2974261006724227,-0.0063182831417715555,-0.005827713587625436
138.0,20.0,0.0,0.0,0.0,0.0,0.0,0.0,0.0,0.0,0.0,0.0,0.0,0.0,0.3075284689322879,0.31205760320719994,-0.0048948130611579125,-0.004534973396497037
138.0,20.5,0.0,0.0,0.0,0.0,0.0,0.0,0.0,0.0,0.0,0.0,0.0,0.0,0.3163194329808486,0.32079949221778803,-0.004224809647102715,-0.003925616022754253
138.0,21.0,0.0,0.0,0.0,0.0,0.0,0.0,0.0,0.0,0.0,0.0,0.0,0.0,0.3245262598138412,0.32894736903385213,-0.0036958109591537654,-0.003443642423718977
138.0,21.5,0.0,0.0,0.0,0.0,0.0,0.0,0.0,0.0,0.0,0.0,0.0,0.0,0.3274051556720426,0.3317683218061213,-0.0035292068822520596,-0.003293438779977087
138.0,22.0,0.0,0.0,0.0,0.0,0.0,0.0,0.0,0.0,0.0,0.0,0.0,0.0,0.3302325771778986,0.33452477389902824,-0.0033742199509276044,-0.003154150608619913
138.0,22.5,0.0,0.0,0.0,0.0,0.0,0.0,0.0,0.0,0.0,0.0,0.0,0.0,0.32812894698887973,0.3323450753716548,-0.003488738091588214,-0.003263697734614989
138.0,23.0,0.0,0.0,0.0,0.0,0.0,0.0,0.0,0.0,0.0,0.0,0.0,0.0,0.32870086825247596,0.33282383584172837,-0.0034571513234757387,-0.003239252644781152
138.0,23.5,0.0,0.0,0.0,0.0,0.0,0.0,0.0,0.0,0.0,0.0,0.0,0.0,0.32679474799642855,0.3308144491998829,-0.0035637714922117634,-0.003343338304947153
138.0,24.0,0.0,0.0,0.0,0.0,0.0,0.0,0.0,0.0,0.0,0.0,0.0,0.0,0.3250165931946281,0.3289158843436499,-0.0036667834888761464,-0.0034453643605916883
139.0,0.5,0.0,0.0,0.0,0.0,0.0,0.0,0.0,0.0,0.0,0.0,0.0,0.0,0.3233344950824053,0.3270883844003251,-0.003767511930915339,-0.0035470940942988467
139.0,1.0,0.0,0.0,0.0,0.0,0.0,0.0,0.0,0.0,0.0,0.0,0.0,0.0,0.3217326749438358,0.32531831464609673,-0.003866512046291129,-0.003649056729837886
139.0,1.5,0.0,0.0,0.0,0.0,0.0,0.0,0.0,0.0,0.0,0.0,0.0,0.0,0.32020286188089603,0.3236060820533389,-0.0039639684956257444,-0.003751027491723793
139.0,2.0,0.0,0.0,0.0,0.0,0.0,0.0,0.0,0.0,0.0,0.0,0.0,0.0,0.31874013200941265,0.321955778852327,-0.004059900325567637,-0.003852538979317076
139.0,2.5,0.0,0.0,0.0,0.0,0.0,0.0,0.0,0.0,0.0,0.0,0.0,0.0,0.31734093184129164,0.3203709554630231,-0.004154264955131797,-0.0039531181415500705
139.0,3.0,0.0,0.0,0.0,0.0,0.0,0.0,0.0,0.0,0.0,0.0,0.0,0.0,0.3160021887368342,0.31885334007265104,-0.004247008381048342,-0.004052377637947587
139.0,3.5,0.0,0.0,0.0,0.0,0.0,0.0,0.0,0.0,0.0,0.0,0.0,0.0,0.3147209524023728,0.31740282207405063,-0.004338087063235482,-0.0041500360927239
139.0,4.0,0.0,0.0,0.0,0.0,0.0,0.0,0.0,0.0,0.0,0.0,0.0,0.0,0.3134942835103736,0.316017861507828,-0.00442747542957932,-0.004245908441983618
139.0,4.5,0.0,0.0,0.0,0.0,0.0,0.0,0.0,0.0,0.0,0.0,0.0,0.0,0.3123192474382103,0.3146959566002578,-0.004515166527790976,-0.004339886944420927
139.0,5.0,0.0,0.0,0.0,0.0,0.0,0.0,0.0,0.0,0.0,0.0,0.0,0.0,0.31119294500714073,0.3134340371856171,-0.004601169769836346,-0.004431921881895556
139.0,5.5,0.0,0.0,0.0,0.0,0.0,0.0,0.0,0.0,0.0,0.0,0.0,0.0,0.3101125497092424,0.31222875591745236,-0.004685507746884256,-0.004522005193007717
139.0,6.0,0.0,0.0,0.0,0.0,0.0,0.0,0.0,0.0,0.0,0.0,0.0,0.0,0.30907533936921716,0.3110766880190275,-0.004768213040598806,-0.004610157693493975
139.0,6.5,0.0,0.0,0.0,0.0,0.0,0.0,0.0,0.0,0.0,0.0,0.007507031156096962,0.007507031156096962,0.3080787187816531,0.30997446043789806,-0.004849325412841827,-0.004696419537014959
139,7.0,4.684952229162806,4.687963505391571,0.20013845338719813,0.20066557560871923,16.020847182304532,16.064247712929742,False,False,0.1503100895985461,0.15548390910665216,0.2521024156462253,0.2521024156462253,0.3071192768929107,0.30891787377722985,-0.004928969672035148,-0.00478092061074545
139,7.5,5.351989072003543,5.313938701616909,0.259631927838183,0.21687385049522995,15.775977550450339,15.319339538457323,False,False,0.1562754652520919,0.13475990117450204,0.3254393392667226,0.3254393392667226,0.30613898959027935,0.30784807532889297,-0.005011959343564821,-0.004868330499042482
139,8.0,12.075520939283095,12.011194034604346,0.6472974405339026,0.5743945490262947,31.13761780881918,30.48206142584618,False,False,0.32767854591491924,0.3007213154934034,0.7075611433071408,0.7075611433071408,0.3051754448744638,0.3068075217298314,-0.005095159080630209,-0.004955183616851867
139,8.5,13.672715425430274,13.422623438912016,0.8632482450788068,0.6457447203510545,30.478420004257927,28.70475162219431,False,False,0.3335171798720289,0.26074497917207695,1.1255006228070528,1.1255006228070528,0.304145460349751,0.3057106977262559,-0.005185922190983256,-0.005048739892819392
139,9.0,7.03600442591059,6.818677814444381,0.4557562596353084,0.30023933366859085,15.164932601014819,13.723531563858913,False,False,0.16780610392830056,0.11451091112196576,0.6303233318879727,0.6303233318879727,0.30306448242823536,0.3045870361422894,-0.005283258622604844,-0.005146776194983111
139,9.5,12.477745507516463,12.208698179810359,0.8573830502996002,0.6277674124187035,29.975104332184536,27.75057429904981,False,False,0.2825611862375747,0.21086288088300215,0.7681379521802586,0.7681379521802586,0.30212658341711507,0.3036037423998004,-0.005369479514602887,-0.005234431500473281
139,10.0,7.135668119197476,6.898683165869702,0.49804203286745874,0.32718862321706,14.954403135212619,13.35302571644406,False,False,0.1600779644293921,0.10738544234608892,0.5535566510990143,0.5535566510990143,0.3011463847921325,0.30259229393990433,-0.0054613868563236165,-0.005326458961348473
139,10.5,12.797350872503703,12.327982500779802,0.9635437645960758,0.6164978669576734,14.768828415555154,12.955178785405128,False,False,0.2728105259527117,0.17927358063850313,0.7898068929118995,0.7898068929118995,0.3002642813247689,0.3016757195982972,-0.005545702769668893,-0.0054115235598883
139,11.0,13.417245092537215,12.748849627298021,1.0728053896982164,0.6504838822159453,29.237294060377643,25.0473032869632,False,False,0.27495807469405026,0.1699247802203943,0.9536091101118612,0.9536091101118612,0.2993163373991838,0.3007196351014015,-0.005638047011909613,-0.0055019855885723975
139,11.5,7.786225659389221,7.157232602369218,0.6672397778234584,0.3524266306761914,14.442216833603648,11.54541578950698,False,False,0.15262455650182158,0.08200718087935588,0.7385544153869081,0.7385544153869081,0.29835591123397176,0.29976418970854996,-0.005733481808494731,-0.005594192863213322
139,12.0,7.47567119911316,7.011509748972718,0.6174283503682333,0.3515426060107221,14.526564385175263,12.022431296942601,False,False,0.14964777922235337,0.08644087554871487,0.6204669071569955,0.6204669071569955,0.29749570949344945,0.2988984848181418,-0.00582059548824321,-0.005679333391737477
139,12.5,7.612125430373846,7.175212980733028,0.5883584098445843,0.3367538982421493,14.717311922958872,12.388604223105157,False,False,0.16006326460036588,0.09384653466611492,0.6920069040935156,0.6920069040935156,0.29926450745484356,0.3006534505511569,-0.005643148652473329,-0.005508314201862298
139,13.0,7.183249195472644,6.942386725519895,0.4847808637828793,0.31127866768258644,15.051607065922004,13.414861596742224,False,False,0.16568776952607145,0.10949897617464989,0.559158465042894,0.559158465042894,0.3009635016568674,0.3023353504822577,-0.005478741543696941,-0.005350143413371784
139,13.5,6.948538369737525,6.869019903226057,0.3874415603095435,0.3040997326250091,15.512143110345459,14.853093015673815,False,False,0.18497793782573718,0.15218557827726054,0.5159806886747936,0.5159806886747936,0.30262934135850317,0.3039733506404752,-0.005323054330109083,-0.005201275849131528
139,14.0,5.938347860384442,5.921937298529984,0.2846107770112246,0.2615986749939105,15.793045215145858,15.60373233621433,False,False,0.17449014279763075,0.16549520202841017,0.3262175633473611,0.3262175633473611,0.30934953730018155,0.3106419193998678,-0.004746181014609166,-0.004643955936037727
139,14.5,6.268295849709545,6.286238544416243,0.2743606307659017,0.2823191224525203,16.05623751730529,16.244706738058213,False,False,0.20402188643020316,0.2301694951413456,0.4119363745811079,0.4119363745811079,0.3157492732201122,0.3169719793880775,-0.004264805411764981,-0.004179581701773792
139,15.0,5.439134821686415,5.457762383478225,0.21994063555717097,0.23976782998087726,16.155631986916703,16.404671602910664,False,False,0.18453990909294904,0.21439551900008672,0.28489408102233366,0.28489408102233366,0.32175224088129556,0.32289473225840754,-0.003865284212689827,-0.003794387513006387
139,15.5,4.537722126074459,4.566310912157722,0.17375088261119181,0.2209062282850396,16.216829043926868,16.708731212774733,False,False,0.15808320469440396,0.21009403095238816,0.18560701555312786,0.18560701555312786,0.3321618833618245,0.33320166704823634,-0.0032731094591305922,-0.003220114820628971
139,16.0,3.6449493981480825,3.674325109117797,0.1299041185729245,0.18861111232050157,16.316179007180114,16.9735701335338,False,False,0.13275800915761898,0.1988566680606449,0.11194977529311,0.11194977529311,0.3437980342684915,0.3447107247190463,-0.002734400187037421,-0.002696799141523604
139,16.5,2.70728194926615,2.7423607021260445,0.09080973540461071,0.1988043063089758,16.381002655663192,17.487200768824643,False,False,0.1016223743435222,0.22998499008315912,0.04855813333140682,0.04855813333140682,0.3602850102414775,0.36119021949619345,-0.002141003038071084,-0.002113127120485314
139.0,17.0,0.0,0.0,0.0,0.0,0.0,0.0,0.0,0.0,0.0,0.0,0.00687882704856602,0.00687882704856602,0.37144043393506426,0.37233188114061183,-0.0018257986031314359,-0.0018030832335170065
139.0,17.5,0.0,0.0,0.0,0.0,0.0,0.0,0.0,0.0,0.0,0.0,0.02007840023178686,0.02007840023178686,0.37058736326824165,0.37084608982743594,-0.0018478560356106426,-0.0018411328894938222
139,18.0,1.998292361061876,2.0143582702054452,0.06450911640550296,0.09562616454508471,16.502948841582555,17.151283938567182,False,False,0.079589559061408,0.12063299273428482,0.0866414325605482,0.0866414325605482,0.3657241512735991,0.36598287783279343,-0.0019798427726865834,-0.001972543836685152
139,18.5,3.5785005611091987,3.644288234869805,0.1173297191280509,0.5523878122326622,16.41812218332565,18.024547256802016,False,False,0.13672002093815983,0.678582319183495,0.1308429687681256,0.1308429687681256,0.3592336598519745,0.35993002876874075,-0.0021739312618501536,-0.0021520541525370633
139.0,19.0,0.0,0.0,0.0,0.0,0.0,0.0,0.0,0.0,0.0,0.0,0.02333482919465278,0.02333482919465278,0.3539256065993718,0.3545131210811876,-0.0023496917745667602,-0.0023294254767746514
139.0,19.5,0.0,0.0,0.0,0.0,0.0,0.0,0.0,0.0,0.0,0.0,0.0,0.0,0.34906197962891033,0.34964949411072616,-0.002525785775744762,-0.0025036986954776333
139.0,20.0,0.0,0.0,0.0,0.0,0.0,0.0,0.0,0.0,0.0,0.0,0.0,0.0,0.34420132628077105,0.34478884076258687,-0.0027177088304203424,-0.0026936096260057967
139.0,20.5,0.0,0.0,0.0,0.0,0.0,0.0,0.0,0.0,0.0,0.0,0.0,0.0,0.33934067293263176,0.33992818741444764,-0.0029272627244784646,-0.0029009354946427607
139.0,21.0,0.0,0.0,0.0,0.0,0.0,0.0,0.0,0.0,0.0,0.0,0.0,0.0,0.3344800195844924,0.3350675340663083,-0.003156355395793877,-0.003127557470530092
139.0,21.5,0.0,0.0,0.0,0.0,0.0,0.0,0.0,0.0,0.0,0.0,0.0,0.0,0.3296193662363532,0.330206880718169,-0.003407133393557244,-0.0033755915549395174
139.0,22.0,0.0,0.0,0.0,0.0,0.0,0.0,0.0,0.0,0.0,0.0,0.0,0.0,0.3247587128882139,0.3253462273700297,-0.0036820158627899626,-0.0036474219652640697
139.0,22.5,0.0,0.0,0.0,0.0,0.0,0.0,0.0,0.0,0.0,0.0,0.0,0.0,0.32122542410976007,0.3217380356428295,-0.003898506674234152,-0.0038661755967564636
139.0,23.0,0.0,0.0,0.0,0.0,0.0,0.0,0.0,0.0,0.0,0.0,0.0,0.0,0.31866767283379216,0.31915194347992815,-0.004064723978769099,-0.0040326149459306
139.0,23.5,0.0,0.0,0.0,0.0,0.0,0.0,0.0,0.0,0.0,0.0,0.0,0.0,0.31655601656226323,0.3170230950932813,-0.0042083449891963986,-0.0041760633014271955
139.0,24.0,0.0,0.0,0.0,0.0,0.0,0.0,0.0,0.0,0.0,0.0,0.0,0.0,0.3147187271680481,0.3151732415824818,-0.004338247260367868,-0.004305672056673123
140.0,0.5,0.0,0.0,0.0,0.0,0.0,0.0,0.0,0.0,0.0,0.0,0.0,0.0,0.31307450007242305,0.31351888154355884,-0.004458568249278864,-0.0044256615112642644
140.0,1.0,0.0,0.0,0.0,0.0,0.0,0.0,0.0,0.0,0.0,0.0,0.0,0.0,0.31157714610230114,0.31201286865663613,-0.004571615010064987,-0.004538370224909881
140.0,1.5,0.0,0.0,0.0,0.0,0.0,0.0,0.0,0.0,0.0,0.0,0.0,0.0,0.31019727682943227,0.3106253280502893,-0.004678827577166661,-0.004645251559317385
140.0,2.0,0.0,0.0,0.0,0.0,0.0,0.0,0.0,0.0,0.0,0.0,0.0,0.0,0.30891467410942847,0.30933576642995436,-0.0047811792439067125,-0.004747284618423077
140.0,2.5,0.0,0.0,0.0,0.0,0.0,0.0,0.0,0.0,0.0,0.0,0.0,0.0,0.30771461488473356,0.30812929196305183,-0.0048793682101110555,-0.004845169992662002
140.0,3.0,0.0,0.0,0.0,0.0,0.0,0.0,0.0,0.0,0.0,0.0,0.0,0.0,0.3065859091397059,0.3069946041993085,-0.004973918959321873,-0.004939432906473836
140.0,3.5,0.0,0.0,0.0,0.0,0.0,0.0,0.0,0.0,0.0,0.0,0.0,0.0,0.30551976716516527,0.30592283723158703,-0.005065240084952009,-0.0050304818747643094
140.0,4.0,0.0,0.0,0.0,0.0,0.0,0.0,0.0,0.0,0.0,0.0,0.0,0.0,0.30450910363534756,0.3049068507788657,-0.005153659311970776,-0.005118644137419819
140.0,4.5,0.0,0.0,0.0,0.0,0.0,0.0,0.0,0.0,0.0,0.0,0.0,0.0,0.30354808773634184,0.3039407728885614,-0.0052394457798536735,-0.0052041881560702516
140.0,5.0,0.0,0.0,0.0,0.0,0.0,0.0,0.0,0.0,0.0,0.0,0.002516986980201471,0.002516986980201471,0.3026318397535946,0.30301969206644197,-0.0053228248227291265,-0.005287338507897022
140,5.5,6.0502718713963155,6.131903196236983,0.3557993922647821,0.5920163387655973,15.28231108221342,16.49954427656507,False,False,0.14956056605272133,0.2502638736579511,0.13845178727198099,0.13845178727198099,0.3017558982318997,0.30213912164545026,-0.005404018129116386,-0.005368315870490516
140,6.0,8.184074375852864,8.233080096043174,0.46273389071368076,0.5731098757672166,30.796867950029274,31.61662747054364,False,False,0.20988180908432646,0.2626298197389669,0.2820732543794577,0.2820732543794577,0.3008543663072739,0.30120304252015034,-0.00548912924355656,-0.005456023618130154
140,6.5,9.828171255232089,9.861456434106039,0.5297399722042032,0.5994211463541071,31.036575024245693,31.467012739538625,False,False,0.26217617016038053,0.3014555050254081,0.4204722293855098,0.4204722293855098,0.2999548965260209,0.3002852283642322,-0.0055756421100629,-0.005543682645179186
140,7.0,10.712351309941795,10.657042400836668,0.640029273479794,0.5768881017870863,30.588661255338728,29.83894105943643,False,False,0.2657983881992316,0.24276245788633777,0.5156518896451163,0.5156518896451163,0.2990605486616396,0.299377874314293,-0.0056632778746096716,-0.0056319970441337484
140,7.5,11.850854496397396,11.651526876942496,0.7749983852463943,0.5954709170825693,30.191566506904422,28.252307863567225,False,False,0.2768973035104497,0.21588105683624925,0.7013761548301013,0.7013761548301013,0.2981689426759488,0.2984903286213994,-0.005752283478470971,-0.00572000994948986
140,8.0,4.828874419583888,4.823865698673403,0.26332893378787575,0.2570947005295539,15.482924162840707,15.403597901643824,False,False,0.12730514281595603,0.1252450431390745,0.1922023484206218,0.1922023484206218,0.29984420158644315,0.3001841576263982,-0.005586400873203882,-0.005553437966762863
140,8.5,12.736688606042241,12.504543903317455,0.8071690032279261,0.6050039725010777,30.381545922777924,28.46930807363959,False,False,0.30613728891231884,0.23531290125094526,0.9387960780043058,0.9387960780043058,0.2990121164223749,0.2993487533447776,-0.005668070339972208,-0.005634859091537122
140,9.0,13.49853065168044,12.667735122229852,1.1262838959699324,0.653009782211279,29.034982534460163,24.333325207056404,False,False,0.2695976018322924,0.1596351572584322,1.2849264190635226,1.2849264190635226,0.29804707029374455,0.29840552437094764,-0.005764578590695413,-0.005728504980385242
140,9.5,12.676466841772896,12.184869636511817,1.0101214852514186,0.6591267212076111,29.216003818821008,25.62352391060554,False,False,0.25906686538383,0.17108955612084736,0.8458861172813896,0.8458861172813896,0.2996072185098084,0.3000217408650743,-0.005609517224435939,-0.005569157269128086
140,10.0,13.87746533194813,12.539259344835617,1.310615253824999,0.675905227650877,28.368120339639667,22.12378486869606,False,True,0.25575317493759187,0.13409820595057192,1.4313023832531535,1.4313023832531535,0.2986021488801836,0.2990573628836125,-0.005708831597065664,-0.005663592965232567
140,10.5,13.93005674089466,12.566923126266179,1.3381530114203828,0.6818306043194695,28.365495533716604,22.416729564890904,False,True,0.25814604462851765,0.13688961949224124,2.4409970754883124,2.4409970754883124,0.3000953398749262,0.30062712144759657,-0.005562027521697356,-0.005510834220501053
140,11.0,14.042250233655366,13.01393015884508,1.229507826157548,0.6822411121910934,28.87278404681183,23.89264223102049,False,True,0.27485976331632034,0.15821101923860112,2.0435043670360766,2.0435043670360766,0.29882422856345225,0.29943555846081005,-0.0056867080055489115,-0.005626332881694326
140,11.5,13.880199123550335,13.088858620818467,1.1154598062048524,0.6568626344523091,29.309029573383928,25.108180059776387,False,True,0.2870984285698255,0.17546379445683835,1.7728137501161245,1.7728137501161245,0.30022962146432147,0.3009063308994495,-0.005549047280015686,-0.005484180235855354
140,12.0,14.032084374153955,12.593624639760858,1.3534438923184815,0.6868114164490504,28.25335716231449,21.784897950792317,False,True,0.2552096279194229,0.13169721372334947,1.3936716871327057,1.3936716871327057,0.2990548988937723,0.29978592122486797,-0.005663836681437369,-0.005592075250243606
140,12.5,14.345598334832255,11.544414456232996,1.7369669224074842,0.7148116795998778,26.98701489182004,17.732225363901257,False,True,0.22791418490850196,0.09522611852226617,1.9342521766231155,1.9342521766231155,0.29793582659609674,0.29874785596965303,-0.005775828770200968,-0.005694304704423048
140,13.0,6.0117362412321,5.80757570829386,0.49061237105070565,0.3241065117195001,14.521645190751899,12.672948794845688,False,False,0.1201939668446893,0.07942664663219268,0.3034124475184692,0.3034124475184692,0.29931107380325284,0.3002491185129256,-0.005638564858834777,-0.005547165612699841
140,13.5,13.232594313830154,13.056026518375152,0.7910308394666437,0.617426682470637,30.755470272464162,29.4236606504739,False,False,0.33710214940494243,0.27679628707741194,1.3291104596070218,1.3291104596070218,0.29842151304632775,0.2993767272422934,-0.005726902209848199,-0.005632109747113891
140,14.0,12.02010756050423,11.89703750032027,0.7140581451931208,0.5893242428975447,30.64162590128875,29.43408759157411,False,False,0.30073123518239403,0.2528132714061639,0.7030418431515195,0.7030418431515195,0.3050946029648811,0.3060665220679748,-0.005102214122275099,-0.005018160162615495
140,14.5,5.816830787324983,5.765242055826785,0.3467605062255293,0.2914140406081953,15.299268935842427,14.738014274392063,False,False,0.14455180201904907,0.12291986287166679,0.3323208265589901,0.3323208265589901,0.3140226231009605,0.31500276233312013,-0.004388708403063111,-0.004317856093297625
140,15.0,5.56289206590337,5.592353474604335,0.24247065767741693,0.2733289526927791,16.00221722594313,16.324524763316536,False,False,0.17714636004553827,0.2087729968979399,0.41158911735287773,0.41158911735287773,0.31999719017933015,0.32097531844627203,-0.003977292806476768,-0.003914398050120684
140,15.5,10.965564107063793,10.99665947278297,0.523269587746053,0.5734446370959235,31.58037856547155,32.01989373007122,False,False,0.32186835999664315,0.3617163229452494,0.5415557193129032,0.5415557193129032,0.31824592175062644,0.3192123702139839,-0.004092936146251924,-0.0040286296606705935
140,16.0,4.061469024209289,4.057510103483591,0.21731692425372023,0.21296984107564912,15.520134794285754,15.446432854271707,False,False,0.10841085988546321,0.10673432872843722,0.1367294125694041,0.1367294125694041,0.3240481954002591,0.3249977590884133,-0.0037243760881555165,-0.003667893429842797
140,16.5,4.040123018917931,4.0525001716721185,0.16760776032344718,0.18493912888773897,16.05790176182204,16.292426462050067,False,False,0.13158843539241655,0.14846247029634285,0.18830151687155,0.18830151687155,0.32952672675583217,0.3304617148041631,-0.0034121389136962618,-0.0033620185505320956
140,17.0,8.029783146478268,8.117176209493213,0.325238840974512,0.5699029266588372,16.077161342400874,17.085092001199673,False,False,0.26361225062555005,0.47827781018580273,0.2660250720544856,0.2660250720544856,0.33459985986847796,0.33550914531733467,-0.003150455676003874,-0.0031061171639728213
140,17.5,8.334795127429066,8.412053462676827,0.32196021087410837,0.5570091487840064,32.35393618150095,33.77007874346337,False,False,0.285381632280948,0.5093303958108469,0.30560622042308244,0.30560622042308244,0.33453551107277407,0.3353814161832249,-0.0031536219229019004,-0.0031123003861908733
140,18.0,4.746843272262376,4.817682333434566,0.21063127981922808,0.4550683071824727,15.892987135273524,17.251543473582686,False,False,0.14482648255103098,0.3180989456012317,0.1873926444416106,0.1873926444416106,0.3321372211387523,0.33291428378462784,-0.003274378980793517,-0.003234658985371604
140,18.5,2.8512943596311553,2.909125204056583,0.1260341579131366,0.43855778468533924,15.880930854314549,17.70503953274788,False,False,0.08659271407591473,0.3032378943270275,0.035575984641820525,0.035575984641820525,0.3371358851275284,0.33782216952550825,-0.003028634644698033,-0.002996638549656881
140.0,19.0,0.0,0.0,0.0,0.0,0.0,0.0,0.0,0.0,0.0,0.0,0.0,0.0,0.3459943132281609,0.3465336376188976,-0.002644954870645849,-0.0026235263244080466
140.0,19.5,0.0,0.0,0.0,0.0,0.0,0.0,0.0,0.0,0.0,0.0,0.0,0.0,0.3491505784188613,0.34968990280959805,-0.0025224401628934114,-0.0025021880425219576
140.0,20.0,0.0,0.0,0.0,0.0,0.0,0.0,0.0,0.0,0.0,0.0,0.0,0.0,0.35497914978917505,0.3555184741799117,-0.0023134978270359617,-0.002295226805638427
140.0,20.5,0.0,0.0,0.0,0.0,0.0,0.0,0.0,0.0,0.0,0.0,0.0,0.0,0.3554631088002623,0.3560024331909989,-0.002297094513737074,-0.002278977621843842
140.0,21.0,0.0,0.0,0.0,0.0,0.0,0.0,0.0,0.0,0.0,0.0,0.0,0.0,0.36663629252980245,0.3671756169205391,-0.0019542526109341918,-0.0019393072319892953
140.0,21.5,0.0,0.0,0.0,0.0,0.0,0.0,0.0,0.0,0.0,0.0,0.0,0.0,0.3807929957343976,0.38078911981325053,-0.001603425060877023,-0.0016035103012279305
140.0,22.0,0.0,0.0,0.0,0.0,0.0,0.0,0.0,0.0,0.0,0.0,0.0,0.0,0.36839180261953913,0.3683846517369874,-0.001906102009039486,-0.0019062952587634591
140.0,22.5,0.0,0.0,0.0,0.0,0.0,0.0,0.0,0.0,0.0,0.0,0.0,0.0,0.3713867417602507,0.37137830287301493,-0.0018271776113760007,-0.0018273944651994952
140.0,23.0,0.0,0.0,0.0,0.0,0.0,0.0,0.0,0.0,0.0,0.0,0.0,0.0,0.36452374211985433,0.3645354821741761,-0.002014131454627476,-0.002013792699867204
140.0,23.5,0.0,0.0,0.0,0.0,0.0,0.0,0.0,0.0,0.0,0.0,0.0,0.0,0.35880467710642827,0.3588118753652568,-0.002187540088580126,-0.002187310898877064
140.0,24.0,0.0,0.0,0.0,0.0,0.0,0.0,0.0,0.0,0.0,0.0,0.0,0.0,0.35594825339299896,0.35595545165182746,-0.0022807899088401772,-0.0022805490318167153
141.0,0.5,0.0,0.0,0.0,0.0,0.0,0.0,0.0,0.0,0.0,0.0,0.0,0.0,0.35346202353539674,0.35346650535751006,-0.00236583146432747,-0.0023656747981121713
141.0,1.0,0.0,0.0,0.0,0.0,0.0,0.0,0.0,0.0,0.0,0.0,0.0,0.0,0.34860137018725745,0.3486058520093708,-0.0025432644581169337,-0.002543093694045294
141.0,1.5,0.0,0.0,0.0,0.0,0.0,0.0,0.0,0.0,0.0,0.0,0.0,0.0,0.3437407168391181,0.3437451986612315,-0.0027367823283787895,-0.002736595972498068
141.0,2.0,0.0,0.0,0.0,0.0,0.0,0.0,0.0,0.0,0.0,0.0,0.0,0.0,0.3388800634909788,0.33888454531309226,-0.0029481024362136127,-0.0029478988116715342
141.0,2.5,0.0,0.0,0.0,0.0,0.0,0.0,0.0,0.0,0.0,0.0,0.0,0.0,0.3340194101428396,0.3340238919649529,-0.003179154005026973,-0.0031789312265797552
141.0,3.0,0.0,0.0,0.0,0.0,0.0,0.0,0.0,0.0,0.0,0.0,0.0,0.0,0.33183106297431353,0.3318355447964269,-0.0032901878425461426,-0.0032899557630108388
141.0,3.5,0.0,0.0,0.0,0.0,0.0,0.0,0.0,0.0,0.0,0.0,0.0,0.0,0.34033194052424054,0.34033642234635386,-0.002883006321317099,-0.0028828080424030643
141.0,4.0,0.0,0.0,0.0,0.0,0.0,0.0,0.0,0.0,0.0,0.0,0.0,0.0,0.3488328180741674,0.3488372998962808,-0.0025344637858416234,-0.0025342937255833525
141.0,4.5,0.0,0.0,0.0,0.0,0.0,0.0,0.0,0.0,0.0,0.0,0.0,0.0,0.3493167770852546,0.34932125890736804,-0.0025161785022996866,-0.002516009902867499
141.0,5.0,0.0,0.0,0.0,0.0,0.0,0.0,0.0,0.0,0.0,0.0,0.0,0.0,0.36048996081479484,0.3604944426369082,-0.002134653403084688,-0.0021345148012952187
141.0,5.5,0.0,0.0,0.0,0.0,0.0,0.0,0.0,0.0,0.0,0.0,0.0,0.0,0.3556293074666555,0.355633789288769,-0.0022914933643010276,-0.002291342545504022
141.0,6.0,0.0,0.0,0.0,0.0,0.0,0.0,0.0,0.0,0.0,0.0,0.0,0.0,0.3507686541185162,0.3507731359406297,-0.002462258208238582,-0.00246209390467083
141,6.5,3.6588034309880264,3.6920691277008224,0.09735143608145082,0.19682087222870415,16.80354455913972,17.656198343123478,False,False,0.17154690458970298,0.37048343844700504,0.13776138041757222,0.13776138041757222,0.34590800077037687,0.34591248259249036,-0.0026484035814035686,-0.002648224373362274
141,7.0,4.46919462391961,4.503879033418386,0.125159427838385,0.20071227706514927,16.755013497193307,17.430454650417502,False,False,0.20371521258667533,0.35333432937945103,0.2106495326124539,0.2106495326124539,0.34101738634073436,0.3410091924953624,-0.0028528695985240273,-0.002853227631029532
141,7.5,5.2185191084188585,5.257515985320615,0.15734509806937047,0.22586636876847124,16.676605175783546,17.276363160226722,False,False,0.22764222752509838,0.3609572415074083,0.29790290802376845,0.29790290802376845,0.34145855228003835,0.3414407305245116,-0.0028336715073444935,-0.002834444062234115
141,8.0,5.585152962719445,5.623685201189485,0.17410899871789018,0.23853773956511917,16.61432851157683,17.166405715364657,False,False,0.2355891599749684,0.3523814603543898,0.32182917590189225,0.32182917590189225,0.3445568039484737,0.34453025033644213,-0.002703096979034596,-0.0027041852207526553
141,8.5,12.705398214126584,12.788230736337804,0.42493864020576955,0.5409384913469083,33.095676693452,34.104402836884546,False,False,0.517676881178984,0.738788688556945,0.8018186560225433,0.8018186560225433,0.34230525799609723,0.34227049405004634,-0.002797255088127307,-0.002798739251255725
141,9.0,13.804973607846524,13.87769920490513,0.5174612279892999,0.567900274230684,32.882527461072975,33.61247452437891,False,False,0.5333608469137254,0.6870189538008529,1.1821105663210167,1.1821105663210167,0.33728827554653185,0.33723872941613997,-0.003021494848007848,-0.0030238139812310623
141,9.5,13.5827160674828,13.635610155257265,0.5477412190113318,0.5871247850182386,32.464996556473594,33.0267276785011,False,False,0.47645870194918705,0.5678419640312792,1.0315664840485383,1.0315664840485383,0.33541178068629185,0.33535430135184546,-0.003110829147329112,-0.00311361487078171
141,10.0,14.215429724322869,14.096368711860244,0.7157285487362183,0.574001649953492,31.55762177799108,30.635614536033035,False,False,0.41551579215190426,0.35992140889735824,1.3328020220685262,1.3328020220685262,0.33198152007661197,0.3319198290419558,-0.0032824074638501594,-0.00328559495215665
141,10.5,14.288563338941318,14.053694717298171,0.8547249022241262,0.6470981462047636,30.73379836977432,29.157280633546904,False,False,0.3627441859364975,0.29005805207163626,1.3384633834045574,1.3384633834045574,0.3289735893115451,0.32893148290270724,-0.0034422091866065734,-0.003444511127799555
141,11.0,14.431725682811493,13.806736466110447,0.9997682260170238,0.6158320912485451,30.002492970946705,26.42794017217346,False,False,0.32808863198588856,0.2102654109527898,1.3849585757565472,1.3849585757565472,0.3262585646188455,0.32624480522263255,-0.003594466312385856,-0.0035952581309655497
141,11.5,14.87915613024371,13.755519865483631,1.2291207696481798,0.6693622741279941,29.154304778942162,24.103226164297823,False,False,0.3016915374355815,0.17129617775380052,1.8642027095684235,1.8642027095684235,0.3237528986170085,0.323790126686772,-0.003742151995494267,-0.0037399054266084872
141,12.0,14.974596474626987,13.400472639729648,1.3822720202393404,0.6938845006876735,28.557096592229506,22.371086505637443,False,True,0.2821496836300138,0.1469607881273492,2.045355069758211,2.045355069758211,0.32134570228704207,0.3214563503404974,-0.0038908917385092087,-0.0038839021417567563
141,12.5,14.905655073374536,12.98670815030991,1.482179983509759,0.7025441308447721,28.10145358680805,20.93208814295558,False,True,0.2664699602315783,0.12968259560628198,1.8376279341082875,1.8376279341082875,0.31905432538628115,0.31925470492873104,-0.004039063017068252,-0.004025840381962225
141,13.0,13.997968965021634,12.192890210797472,1.4573773647658614,0.7026475392670102,27.939492542732793,21.453720679690946,False,False,0.24728411340979137,0.1253181746504335,2.824705345725103,2.824705345725103,0.3169126621935149,0.3172142424929356,-0.00418366905607339,-0.004162937462115313
141,13.5,13.894342542255522,12.348920773493763,1.404561427849515,0.7048243732785276,27.90314654145447,20.865796600273903,False,False,0.24297582320398614,0.12291383441042225,1.0924455293099282,1.0924455293099282,0.3147668057122379,0.3151661984841672,-0.004334787600119854,-0.004306174610267592
141,14.0,14.51482904208852,12.444071010408642,1.511031203761891,0.6990955463224029,27.817749878987293,20.159781040807893,False,True,0.25146587982162383,0.11884865045781753,1.7223825625606264,1.7223825625606264,0.3129526650115785,0.3134426127018225,-0.004467641080985796,-0.00443128864520674
141,14.5,14.14743900484617,11.84766158410153,1.586433155743865,0.7089192881892241,27.375894236992742,19.27442192006751,False,False,0.23520209548301174,0.1076083432965107,1.9375780610936677,1.9375780610936677,0.31113716491997856,0.3117316973971859,-0.004605479566419478,-0.004559789944569614
141,15.0,13.702361316453434,11.520469152983434,1.5636786762173318,0.7085796495797695,27.225208638713283,18.76378915084358,False,False,0.22299964819459706,0.10180196840818784,1.2185059139753343,1.2185059139753343,0.30936722779616066,0.3100744316644199,-0.004744763738737286,-0.004688516807036403
141,15.5,12.584416733953367,10.521914705728726,1.4968990335844428,0.7057264883460047,27.06182083045593,19.320832986903795,False,False,0.20143852268899493,0.09694363259550351,1.8199777923308755,1.8199777923308755,0.3077659926050671,0.3085827490167633,-0.004875115541457283,-0.004808099961155759
141,16.0,12.487953082207397,10.90522667442243,1.3844449767515987,0.697005977575863,27.35679142543704,19.79895498090748,False,False,0.20600888737150952,0.10406679903666291,0.8699233903171295,0.8699233903171295,0.30616354435175397,0.30708145885196036,-0.005009860340524337,-0.004932140782206426
141,16.5,11.723512738373767,10.48792596054453,1.254813230098276,0.6814456432328466,27.54886018516722,20.759939725583536,False,False,0.19732850691767861,0.10746742531682085,0.75280213745906,0.75280213745906,0.30475714420960304,0.30576276809208414,-0.00513179000238548,-0.00504425109859288
141,17.0,10.412118953103548,9.645272314068192,1.077836200616196,0.6675060439615558,27.71810621246479,22.091418121900293,False,False,0.17845091686269104,0.11058275862594161,0.5370225648486021,0.5370225648486021,0.30343736874437305,0.3045159561645133,-0.005249438180026101,-0.005153053646609596
141,17.5,9.310719297049172,8.720998585793204,0.9498713958177819,0.6669352725340805,27.795929775716424,23.049060937156177,False,False,0.16092353575120633,0.11317318345799351,0.48135675887377544,0.48135675887377544,0.302218030004196,0.3033486163091539,-0.005360999459132291,-0.005257464494862913
141,18.0,7.136449022434869,6.886020064753822,0.7228129524073357,0.5983976734660038,27.81372273333048,24.05498658994641,False,False,0.12358303907100819,0.10210386064395965,0.2403827146368615,0.2403827146368615,0.3010682559087167,0.3022344392494905,-0.005468792867673606,-0.00535947948057069
141,18.5,3.0263938560179753,3.1182212994767466,0.2881738716009916,0.5103387077386137,14.055937264563921,15.847584174781911,False,False,0.054166593268923965,0.0955019449675036,0.02653982849030192,0.02653982849030192,0.3000205520702761,0.301201983630503,-0.005569272520427881,-0.0054561237953941145
141,19.0,3.4056311584145282,3.497257298108477,0.3184064294075343,0.5285265876044956,14.098680206058509,15.697561642763931,False,False,0.061546157479904315,0.101596659867238,0.07676585159615322,0.07676585159615322,0.29909459345040734,0.3002469776975456,-0.005659911965333895,-0.005547372186418729
141.0,19.5,0.0,0.0,0.0,0.0,0.0,0.0,0.0,0.0,0.0,0.0,0.0,0.0,0.2981945274472155,0.2993192860741386,-0.005749706324874253,-0.0056377569379880465
141.0,20.0,0.0,0.0,0.0,0.0,0.0,0.0,0.0,0.0,0.0,0.0,0.0,0.0,0.2973783136233229,0.2985021247158699,-0.005832606227993415,-0.005718829497876784
141.0,20.5,0.0,0.0,0.0,0.0,0.0,0.0,0.0,0.0,0.0,0.0,0.0,0.0,0.296593212322836,0.29771599131044413,-0.005913693244248475,-0.005798137943011608
141.0,21.0,0.0,0.0,0.0,0.0,0.0,0.0,0.0,0.0,0.0,0.0,0.0,0.0,0.2958370772079686,0.29695875162067537,-0.0059930613811410875,-0.005875773545896609
141.0,21.5,0.0,0.0,0.0,0.0,0.0,0.0,0.0,0.0,0.0,0.0,0.0,0.0,0.29510796822961516,0.29622847626503757,-0.006070797460484152,-0.005951820588174587
141.0,22.0,0.0,0.0,0.0,0.0,0.0,0.0,0.0,0.0,0.0,0.0,0.0,0.0,0.29440412679460604,0.29552341597209353,-0.0061469818144063324,-0.0060263570506829504
141.0,22.5,0.0,0.0,0.0,0.0,0.0,0.0,0.0,0.0,0.0,0.0,0.0,0.0,0.2937239544843919,0.29484198042212534,-0.0062216889005993386,-0.006099455218428037
141.0,23.0,0.0,0.0,0.0,0.0,0.0,0.0,0.0,0.0,0.0,0.0,0.0,0.0,0.2930659947354565,0.29418272006164553,-0.006294987848300091,-0.0061711822142622615
141.0,23.5,0.0,0.0,0.0,0.0,0.0,0.0,0.0,0.0,0.0,0.0,0.0,0.0,0.292428917005422,0.2935443104014608,-0.006366942944268804,-0.006241600471894492
141.0,24.0,0.0,0.0,0.0,0.0,0.0,0.0,0.0,0.0,0.0,0.0,0.0,0.0,0.291811503036639,0.29292553840336016,-0.006437614066425985,-0.006310768156695346
142.0,0.5,0.0,0.0,0.0,0.0,0.0,0.0,0.0,0.0,0.0,0.0,0.0,0.0,0.29121263489806504,0.2923252906332898,-0.006507057071610804,-0.006378739541205472
142.0,1.0,0.0,0.0,0.0,0.0,0.0,0.0,0.0,0.0,0.0,0.0,0.0,0.0,0.29063128454121195,0.2917425429159724,-0.006575324142981824,-0.006445565341096605
142.0,1.5,0.0,0.0,0.0,0.0,0.0,0.0,0.0,0.0,0.0,0.0,0.0,0.0,0.29006650465019684,0.29117635127133173,-0.006642464101819476,-0.006511293016440907
142.0,2.0,0.0,0.0,0.0,0.0,0.0,0.0,0.0,0.0,0.0,0.0,0.0,0.0,0.28951742060186564,0.2906258439495883,-0.0067085226878583785,-0.0065759670424345475
142.0,2.5,0.0,0.0,0.0,0.0,0.0,0.0,0.0,0.0,0.0,0.0,0.0,0.0,0.29418022251848036,0.29528685067477717,-0.00617145584980758,-0.006051614717474859
142.0,3.0,0.0,0.0,0.0,0.0,0.0,0.0,0.0,0.0,0.0,0.0,0.0,0.0,0.29611434416039273,0.297218991930441,-0.005963811396577374,-0.00584895365354744
142.0,3.5,0.0,0.0,0.0,0.0,0.0,0.0,0.0,0.0,0.0,0.0,0.0,0.0,0.2954101988772721,0.29651290730206914,-0.006038429340003158,-0.005922062812507527
142.0,4.0,0.0,0.0,0.0,0.0,0.0,0.0,0.0,0.0,0.0,0.0,0.0,0.0,0.29732221636805634,0.29842278726072785,-0.0058383559485906044,-0.005726774500348125
142.0,4.5,0.0,0.0,0.0,0.0,0.0,0.0,0.0,0.0,0.0,0.0,0.0,0.0,0.29917886270121574,0.30027709161565647,-0.005651590755891125,-0.005544467245948714
142.0,5.0,0.0,0.0,0.0,0.0,0.0,0.0,0.0,0.0,0.0,0.0,0.0,0.0,0.298406845540261,0.2995027843807593,-0.005728372520688137,-0.0056197403485357
142.0,5.5,0.0,0.0,0.0,0.0,0.0,0.0,0.0,0.0,0.0,0.0,0.0,0.0,0.2976725166492162,0.2987661871317125,-0.005802561959703897,-0.005692480221425351
142.0,6.0,0.0,0.0,0.0,0.0,0.0,0.0,0.0,0.0,0.0,0.0,0.0,0.0,0.2969711991200175,0.2980625976854563,-0.005874487397083185,-0.005763010368306816
142,6.5,2.5213495681951548,2.55020752020526,0.0656680085148605,0.1958984707617029,16.77367477135514,17.886902849158215,False,False,0.11617072716663027,0.35556118940799897,0.03189063893216989,0.03189063893216989,0.29888540231246924,0.29997423379422333,-0.005680631827752541,-0.005573765198653621
142,7.0,3.155943733939735,3.1885020450464046,0.08171890513121267,0.1994001077638089,16.7926038169971,17.76959113002574,False,False,0.14702162212716166,0.3721331832557061,0.06787777464632833,0.06787777464632833,0.29815068712533166,0.29922033394203135,-0.005754123201195974,-0.0056475010095592216
142,7.5,2.998284844918898,3.0346556264890836,0.07758880022441811,0.24507462906965236,16.777708118408473,17.919080759502968,False,False,0.13846895013405383,0.45303899352087396,0.05252971774017623,0.05252971774017623,0.2974408256148924,0.29849283911726177,-0.005826206971329878,-0.00571975869635361
142,8.0,4.680404192648316,4.7188924117595175,0.1267363290351118,0.21939594051657674,16.777708111345202,17.500895520416893,False,False,0.21615379734761883,0.4009631337933172,0.1823052894744094,0.1823052894744094,0.3044924573054857,0.30551935662835367,-0.005155130962253556,-0.005065275632648854
142,8.5,4.5438307410040615,4.587864174211626,0.1229931840628506,0.24567828983237142,16.760318523647364,17.613203923232927,False,False,0.20774887089100355,0.4411181071191251,0.16480432275316942,0.16480432275316942,0.3035665013324421,0.3045778149480832,-0.005237786149672404,-0.005147590053238107
142,9.0,5.930516541351242,5.977138732749286,0.17088501394140085,0.25966408307809485,16.74184270118833,17.381355342023216,False,False,0.2683002394787731,0.4547607946706262,0.3147305368539455,0.3147305368539455,0.3026947666938168,0.30368658135446863,-0.00531704811920878,-0.005226978601547778
142,9.5,6.399874859289236,6.449074742363909,0.19259910911473893,0.27434251453312963,16.701815887472485,17.302252189893654,False,False,0.283089390006393,0.4575635729657054,0.37688042686893347,0.37688042686893347,0.3018414257832793,0.3028179056682977,-0.005396025659406805,-0.005305765536446974
142,10.0,6.40900442631049,6.4639039413661425,0.1951990767052669,0.2959096479193361,16.669131560098467,17.33880404995392,False,False,0.27843235443373343,0.47601461497382025,0.37113976157430717,0.37113976157430717,0.3010149438298525,0.301976775665925,-0.005473853307464821,-0.005383406100187628
142,10.5,5.9140461559685935,5.967420271714093,0.17617107143961913,0.28623280720981364,16.66046329308772,17.381663226435485,False,False,0.2557187175945323,0.4540821249199791,0.30420392953430725,0.30420392953430725,0.30537191622561966,0.3063153298701311,-0.005078061495817828,-0.004996908553714245
142,11.0,6.7320742389983,6.776260367392653,0.20709305274788067,0.27115349248225656,16.657996606621662,17.156815350729108,False,False,0.29069980303797416,0.42568190624390534,0.41537197335480425,0.41537197335480425,0.30444893256626787,0.3053724924260522,-0.005158981215900794,-0.005078011453580504
142,11.5,5.54064827829721,5.599608115194117,0.16504407125202453,0.3084256237663687,16.635991697859552,17.495545488617278,False,False,0.23642805305273837,0.4765546738000632,0.26438684910313315,0.26438684910313315,0.30355301059714285,0.30446226919900715,-0.005239002017641985,-0.005157801076476806
142,12.0,7.606524616802822,7.653299357114441,0.26089419237966105,0.3016526499407275,16.5777829188946,16.99619406359073,False,False,0.31475316802621744,0.43186437730300214,0.5970200607686235,0.5970200607686235,0.30272037387391487,0.30360487156614535,-0.005314699514340751,-0.005234329825954326
142,12.5,6.489593951004283,6.536042632708884,0.21581840531542607,0.28406610417981915,16.512928951889823,17.041283542314574,False,False,0.2597708378333522,0.3769011796104811,0.3831789975876097,0.3831789975876097,0.3018667852031204,0.30273922841731554,-0.00539365855297894,-0.005312971028788751
142,13.0,6.832853627143644,6.872565180418163,0.24639365545893643,0.2943324410906147,16.381002635904725,16.78625269194765,False,False,0.25648263540496935,0.3347886143792641,0.4432645311626163,0.4432645311626163,0.3010758555305845,0.30193236903339987,-0.005468071957407286,-0.005387542542724817
142,13.5,6.691155006186905,6.74023137183274,0.24848347753173655,0.31620730110012074,16.31617899543048,16.82668310191258,False,False,0.2437082989513481,0.3355695398936318,0.4274966125604034,0.4274966125604034,0.3002998280243419,0.3011426408776912,-0.0055422751780229455,-0.005461741477631877
142,14.0,5.728970390811548,5.772276016618218,0.21116770809059082,0.28134480296559794,16.28140767922027,16.833295783919738,False,False,0.20539285803640883,0.28708781941846045,0.29298673810735426,0.29298673810735426,0.2995493778599414,0.3003756334553918,-0.005615176542607209,-0.0055349740641140455
142,14.5,4.783731137611902,4.829301244784649,0.17148606040472286,0.25910582420512196,16.30256490296726,17.022758525169795,False,False,0.17315577136234456,0.2703385252562178,0.19602047547705362,0.19602047547705362,0.3014322211442993,0.30224032798869227,-0.005434393427145938,-0.005358934135386647
142,15.0,3.570940058273016,3.620009216510047,0.13757302022358417,0.2554076806065731,16.14243716169391,17.175689748707658,False,False,0.12047738890198008,0.22686674964854303,0.09965873223233845,0.09965873223233845,0.3006880718641358,0.3014755799666349,-0.005505002606336074,-0.005430312664232921
142,15.5,2.807029801415915,2.851658104092802,0.11735411879355381,0.22858673966738854,15.981400046688519,17.14563636493638,False,False,0.08864905165295588,0.17321788335799918,0.04893020936281567,0.04893020936281567,0.29998550760498666,0.3007483597078575,-0.005572671288881224,-0.005499241617577459
142,16.0,4.375317709494384,4.394292582444663,0.2034039525039383,0.23005137396990943,15.814611617225975,16.103182569585798,False,False,0.129595151157332,0.14916946674420575,0.1885733840151537,0.1885733840151537,0.2993145719822908,0.3000534291392376,-0.005638220692123255,-0.005566086200914695
142,16.5,4.187231960309553,4.1797908722763415,0.2173945330714933,0.20986438636495,15.587871088538105,15.47851301924528,False,False,0.11436751571537503,0.11191319202919646,0.20035029669260424,0.20035029669260424,0.2986354691027376,0.299360960285839,-0.005705505704201298,-0.005633659166319004
142,17.0,3.0685403782256633,3.074754385893317,0.1616504297944826,0.1710919609643618,15.540574258899799,15.668952266665169,False,False,0.08247278425680793,0.08769333687139735,0.10206380850734151,0.10206380850734151,0.2979719964398986,0.29868835909530805,-0.005772168012262082,-0.00570023117366269
142,17.5,2.743800160534995,2.732807835787534,0.14469682744427556,0.1342781856973948,15.544314526465962,15.3003127767092,False,False,0.07383810122510806,0.06892921471806024,0.11158564438840177,0.11158564438840177,0.2973456357742706,0.29805062161797885,-0.005835954742225288,-0.005764219872209248
142.0,18.0,0.0,0.0,0.0,0.0,0.0,0.0,0.0,0.0,0.0,0.0,0.0,0.0,0.29673647525010494,0.29743256112317795,-0.005898797033420813,-0.005827052514627191
142.0,18.5,0.0,0.0,0.0,0.0,0.0,0.0,0.0,0.0,0.0,0.0,0.0,0.0,0.2961751584682341,0.29686099262637067,-0.0059574186191174066,-0.0058858862529833815
142.0,19.0,0.0,0.0,0.0,0.0,0.0,0.0,0.0,0.0,0.0,0.0,0.016560167284267208,0.016560167284267208,0.2956280911159127,0.29630367732029206,-0.006015221161948322,-0.005943935603887361
142.0,19.5,0.0,0.0,0.0,0.0,0.0,0.0,0.0,0.0,0.0,0.0,0.0,0.0,0.29509233675843116,0.29575770420837216,-0.006072477165678611,-0.006001466200116955
142.0,20.0,0.0,0.0,0.0,0.0,0.0,0.0,0.0,0.0,0.0,0.0,0.0,0.0,0.29457138068977673,0.2952265814895338,-0.006128775425447483,-0.006058069701202161
142.0,20.5,0.0,0.0,0.0,0.0,0.0,0.0,0.0,0.0,0.0,0.0,0.0,0.0,0.29406245332110015,0.29470755993202746,-0.00618437529384558,-0.0061139990993550235
142.0,21.0,0.0,0.0,0.0,0.0,0.0,0.0,0.0,0.0,0.0,0.0,0.0,0.0,0.2935649596041279,0.29420006236787216,-0.006239307876768495,-0.006169282557077764
142.0,21.5,0.0,0.0,0.0,0.0,0.0,0.0,0.0,0.0,0.0,0.0,0.0,0.0,0.293078359174535,0.2937035639585022,-0.0062936009529072166,-0.006223945154593286
142.0,22.0,0.0,0.0,0.0,0.0,0.0,0.0,0.0,0.0,0.0,0.0,0.0,0.0,0.29260215858476685,0.2932175845819147,-0.006347279504279725,-0.006278009408651926
142.0,22.5,0.0,0.0,0.0,0.0,0.0,0.0,0.0,0.0,0.0,0.0,0.0,0.0,0.2921359049392484,0.2927416826390228,-0.006400366147619952,-0.0063314956905937084
142.0,23.0,0.0,0.0,0.0,0.0,0.0,0.0,0.0,0.0,0.0,0.0,0.0,0.0,0.29167918064183945,0.29227544997850813,-0.0064528814870233745,-0.0063844225648363555
142.0,23.5,0.0,0.0,0.0,0.0,0.0,0.0,0.0,0.0,0.0,0.0,0.0,0.0,0.2912315990314949,0.2918185077089356,-0.006504844403684814,-0.00643680706417991
142.0,24.0,0.0,0.0,0.0,0.0,0.0,0.0,0.0,0.0,0.0,0.0,0.0,0.0,0.2907928007318428,0.2913705027190666,-0.0065562722951078255,-0.0064886649147017925
143.0,0.5,0.0,0.0,0.0,0.0,0.0,0.0,0.0,0.0,0.0,0.0,0.0,0.0,0.29036245057815946,0.2909311047668126,-0.006607181273525347,-0.006540010720256506
143.0,1.0,0.0,0.0,0.0,0.0,0.0,0.0,0.0,0.0,0.0,0.0,0.0,0.0,0.28994023501411353,0.2905000040274133,-0.006657586331239751,-0.006590858114471692
143.0,1.5,0.0,0.0,0.0,0.0,0.0,0.0,0.0,0.0,0.0,0.0,0.0,0.0,0.2895258598729137,0.29007690901456445,-0.0067075014790157015,-0.0066412198864910805
143.0,2.0,0.0,0.0,0.0,0.0,0.0,0.0,0.0,0.0,0.0,0.0,0.0,0.0,0.2891190484747665,0.2896615448061087,-0.006756939862430341,-0.006691108085436572
143.0,2.5,0.0,0.0,0.0,0.0,0.0,0.0,0.0,0.0,0.0,0.0,0.0,0.0,0.28871953998603156,0.28925365151980936,-0.006805913860121379,-0.006740534107560726
143.0,3.0,0.0,0.0,0.0,0.0,0.0,0.0,0.0,0.0,0.0,0.0,0.0,0.0,0.28832708799604495,0.2888529829955874,-0.006854435167112464,-0.006789508769274212
143.0,3.5,0.0,0.0,0.0,0.0,0.0,0.0,0.0,0.0,0.0,0.0,0.0,0.0,0.2879414592759365,0.28845930564913913,-0.006902514865791872,-0.00683804236861024
143.0,4.0,0.0,0.0,0.0,0.0,0.0,0.0,0.0,0.0,0.0,0.0,0.0,0.0,0.28756243269040027,0.28807239746858465,-0.006950163486639138,-0.006886144737194311
143.0,4.5,0.0,0.0,0.0,0.0,0.0,0.0,0.0,0.0,0.0,0.0,0.0,0.0,0.289812126164915,0.2903134224909867,-0.006672970765975675,-0.006613010967234645
143.0,5.0,0.0,0.0,0.0,0.0,0.0,0.0,0.0,0.0,0.0,0.0,0.0,0.0,0.2893985288956794,0.2898914112493292,-0.00672292909445681,-0.006663444528395169
143.0,5.5,0.0,0.0,0.0,0.0,0.0,0.0,0.0,0.0,0.0,0.0,0.0,0.0,0.2968279942516657,0.2973093484407148,-0.005889304459685101,-0.005839675806311231
143.0,6.0,0.0,0.0,0.0,0.0,0.0,0.0,0.0,0.0,0.0,0.0,0.0,0.0,0.298861761170178,0.2993309699542334,-0.005682979103487189,-0.005636607718925686
143.0,6.5,0.0,0.0,0.0,0.0,0.0,0.0,0.0,0.0,0.0,0.0,0.0,0.0,0.30084383809379045,0.301300354716036,-0.005490132578491441,-0.0054468266528360275
143,7.0,3.5342627716991406,3.5659918671488846,0.10382739020738091,0.1876738219488403,16.627527220433606,17.44029179520905,False,False,0.15013072703165525,0.27842251981357785,0.09650963101654608,0.09650963101654608,0.30277398889476176,0.30321733719187155,-0.005309786126063282,-0.0052693635312952595
143,7.5,2.8154208909204765,2.8526932232496605,0.08031336889745841,0.25762218071338366,16.644507817053107,17.888091350988006,False,False,0.12068977102573139,0.3951117558165788,0.03906590834137491,0.03906590834137491,0.3020442634554993,0.3024647745346153,-0.005377126909085441,-0.005338197755246076
143,8.0,4.657321424390155,4.702606427656861,0.13756548592549997,0.26016840477080755,16.640851668683954,17.507532656378903,False,False,0.199254636734348,0.39597463454775045,0.1759183948647209,0.1759183948647209,0.3039435768897618,0.3043288031199197,-0.005203937414360928,-0.0051696258110112935
143,8.5,4.559526618795785,4.601739398223731,0.13383775714212762,0.2465510393320384,16.638419517849893,17.471639018365174,False,False,0.19481581258262243,0.373264715198404,0.15986149537363514,0.15986149537363514,0.3031838599149541,0.3035416721802038,-0.005272403018250367,-0.005240024165550256
143,9.0,4.380466403945097,4.430059602243404,0.12904497792883324,0.29650801130845356,16.621512376965768,17.657216962363112,False,False,0.1854805100342364,0.4431645618443468,0.14276045829918424,0.14276045829918424,0.3050434762313713,0.3053745359512696,-0.005106681940525556,-0.005077833980884175
143,9.5,3.7519415568503423,3.7985515805294563,0.10918085079898122,0.29533587598935546,16.621512379661024,17.772831890391007,False,False,0.15886710898102135,0.4410091313999503,0.09774726780554806,0.09774726780554806,0.30685018988953694,0.30714697528570944,-0.004951586068909858,-0.004926648653498448
143,10.0,5.734389510473575,5.786972583200239,0.17281875082380516,0.2999145168555479,16.62994044530417,17.426375366206575,False,False,0.2439034919690795,0.452800197722287,0.2716407427755077,0.2716407427755077,0.3111706583075813,0.3114287457215108,-0.004602891154296435,-0.0045830038565770415
143,10.5,6.000034791722182,6.04060067176918,0.18159433908927441,0.25736696169969153,16.633568048796853,17.20322183093806,False,False,0.255698320079218,0.38758594955417225,0.3032733244791974,0.3032733244791974,0.3152814754902565,0.3155064788865192,-0.004297957910247703,-0.004281973895909545
143,11.0,6.887443125927389,6.934878202211708,0.21679654110069949,0.2902748523695818,16.623915265186387,17.162097858623483,False,False,0.29200604543009867,0.4327185942304386,0.4421440738468474,0.4421440738468474,0.3191988400333109,0.3193956036452111,-0.004029521600035136,-0.004016573641952162
143,11.5,5.68276119419386,5.737377353489523,0.17315540947614208,0.3065554587849316,16.603620923403206,17.427227458107712,False,False,0.23835294239413982,0.4482364933883211,0.2662080662403293,0.2662080662403293,0.3203953671529723,0.32056470525720177,-0.003951545323904083,-0.003940655561391446
143,12.0,6.246023538112633,6.297814655499884,0.19503596975672544,0.29978149588038056,16.589469080252314,17.27715812947705,False,False,0.26003739845396634,0.4295250426856036,0.3349252084131914,0.3349252084131914,0.3215843700062138,0.32171871017840165,-0.0038758338455414042,-0.0038673886702218665
143,12.5,14.319615457174706,14.406355943029055,0.538860840177314,0.6081608913155867,32.81129539327431,33.62180783978712,False,False,0.543835912991881,0.701166397063822,1.1198518368575268,1.1198518368575268,0.32020477262705416,0.32030930353025394,-0.00396384495871324,-0.0039570936277949
143,13.0,13.794838150896178,13.758990422694499,0.6689697569313026,0.610107941885512,31.656813418618796,31.40528842868462,False,False,0.4107074031466279,0.3985578080313747,0.9636175071764231,0.9636175071764231,0.3187634347419838,0.3188434823871995,-0.004058350497511358,-0.004053032021685532
143,13.5,15.031871567897646,14.756021255410253,0.8710540538286088,0.6245690414042624,31.02551342367594,29.371864702248267,False,False,0.4002475925754473,0.3112354478138822,1.582537194645439,1.582537194645439,0.31991497404724534,0.3199855884373838,-0.003982634051682309,-0.003978046006664255
143,14.0,14.39596709960465,14.194387690107627,0.7922977490050348,0.6042821970682585,31.140147371783613,29.74901316905654,False,False,0.3908142700575284,0.3155915452028531,1.208243863404682,1.208243863404682,0.31835643107830325,0.3184420926639814,-0.004085521357024326,-0.004079784773904574
143,14.5,14.154010224836421,13.896138535864544,0.846098296152483,0.629746117829426,30.742908762345543,29.009005356446174,False,False,0.3598514678445598,0.28102259980671285,1.1831397908325774,1.1831397908325774,0.3169059074324532,0.3170002068711774,-0.004184134806595052,-0.004177638308902185
143,15.0,6.402472293865725,6.256346462243373,0.3948646579373088,0.2792721133372889,15.255800434252713,14.10053826852462,False,False,0.15697352501674527,0.11405352979712804,0.48591822164023335,0.48591822164023335,0.31549238634291726,0.3156002606481025,-0.004282972934592765,-0.004275332652461362
143,15.5,11.360831405886696,11.385366619218782,0.5624097734256912,0.5953098382271463,31.447322742514974,31.745924481399705,False,False,0.3254797279474417,0.35552103369657395,0.5748575692682394,0.5748575692682394,0.3193141032567844,0.3194211719399173,-0.004021930722523951,-0.004014894771340519
143,16.0,10.842107358165764,10.877238785545533,0.513045467627403,0.5758772935336474,31.621998085901875,32.0476106778063,False,False,0.32070742254281326,0.3711213381802989,0.5189529600997328,0.5189529600997328,0.3178317431767368,0.3179216598445347,-0.004120869115148085,-0.004114785714817082
143,16.5,11.357595139258091,11.381873298119093,0.5405585963965809,0.5882842161256816,31.62777701962817,31.856695849633486,False,False,0.3363168401297304,0.38074208033657503,0.597719632628914,0.597719632628914,0.3164232749228545,0.31649438235688343,-0.0042175734992057085,-0.004212626948394758
143,17.0,9.574877404380455,9.640548615988344,0.4617505523614292,0.6039806628910165,31.520947097940464,32.3095498813388,False,False,0.27799948282344444,0.3739941439109906,0.4131180677627494,0.4131180677627494,0.315053806690752,0.31510982664281484,-0.0043142036840024345,-0.004310199488778855
143,17.5,6.762092854009527,6.854707038367624,0.29123533810828733,0.5282646200728263,31.921666428896113,33.95038308853293,False,False,0.2118244870214137,0.39198625304230356,0.21728802576670675,0.21728802576670675,0.3162933750549358,0.3163229084979757,-0.004226627795240375,-0.0042245672191547155
143,18.0,7.4735426840855705,7.561991731198152,0.28985007373072047,0.5710896532234295,32.34499990017019,33.829838125610685,False,False,0.2554012881613047,0.5276349439078776,0.28293646569889813,0.28293646569889813,0.3174908941037084,0.31748270210395396,-0.004144027108418324,-0.004144585595249005
143,18.5,3.742897774696282,3.8185500397348635,0.13905765843337467,0.5135497706211785,16.204038869206634,17.83760731241434,False,False,0.1296670702640094,0.4966288832992946,0.13814563362226864,0.13814563362226864,0.3160890121538376,0.3160390685858226,-0.004240919246766672,-0.004244420637094034
143.0,19.0,0.0,0.0,0.0,0.0,0.0,0.0,0.0,0.0,0.0,0.0,0.0,0.0,0.3434078665359378,0.34329423941987763,-0.0027506647291634097,-0.002755423047105473
143.0,19.5,0.0,0.0,0.0,0.0,0.0,0.0,0.0,0.0,0.0,0.0,0.0,0.0,0.3425133181586814,0.342394959100933,-0.0027883920346104198,-0.0027934298444536746
143.0,20.0,0.0,0.0,0.0,0.0,0.0,0.0,0.0,0.0,0.0,0.0,0.0,0.0,0.3395570068808961,0.3394368698303134,-0.0029175355586579152,-0.0029229325966512194
143.0,20.5,0.0,0.0,0.0,0.0,0.0,0.0,0.0,0.0,0.0,0.0,0.0,0.0,0.3392180975589479,0.3390979026480336,-0.0029327913106162026,-0.002938224614349943
143.0,21.0,0.0,0.0,0.0,0.0,0.0,0.0,0.0,0.0,0.0,0.0,0.0,0.0,0.3387658799220057,0.33864676315714204,-0.00295329584387829,-0.002958725249337906
143.0,21.5,0.0,0.0,0.0,0.0,0.0,0.0,0.0,0.0,0.0,0.0,0.0,0.0,0.3382028300349652,0.3380891644934667,-0.002979064990336339,-0.0029842995801803605
143.0,22.0,0.0,0.0,0.0,0.0,0.0,0.0,0.0,0.0,0.0,0.0,0.0,0.0,0.3573929323033451,0.3572792667618467,-0.002233047843518361,-0.002236760695089995
143.0,22.5,0.0,0.0,0.0,0.0,0.0,0.0,0.0,0.0,0.0,0.0,0.0,0.0,0.37123842221249853,0.3711247566710001,-0.001830993444863827,-0.0018339241582942555
143.0,23.0,0.0,0.0,0.0,0.0,0.0,0.0,0.0,0.0,0.0,0.0,0.0,0.0,0.3732377097943831,0.3732366025011161,-0.0017803454646878776,-0.0017803730502768456
143.0,23.5,0.0,0.0,0.0,0.0,0.0,0.0,0.0,0.0,0.0,0.0,0.0,0.0,0.3725157753658311,0.37257693516607876,-0.0017984393280569195,-0.0017968980102730753
143.0,24.0,0.0,0.0,0.0,0.0,0.0,0.0,0.0,0.0,0.0,0.0,0.0,0.0,0.36450229250677185,0.364538835222939,-0.002014750550339362,-0.0020136959613954973
144.0,0.5,0.0,0.0,0.0,0.0,0.0,0.0,0.0,0.0,0.0,0.0,0.0,0.0,0.3586538440549618,0.3586661101326995,-0.002192349140926556,-0.0021919575879264805
144.0,1.0,0.0,0.0,0.0,0.0,0.0,0.0,0.0,0.0,0.0,0.0,0.0,0.0,0.3537931907068226,0.3538054567845602,-0.002354288425866754,-0.002353862174396528
144.0,1.5,0.0,0.0,0.0,0.0,0.0,0.0,0.0,0.0,0.0,0.0,0.0,0.0,0.3489325373586833,0.3489448034364209,-0.0025306832047938908,-0.002530218634587747
144.0,2.0,0.0,0.0,0.0,0.0,0.0,0.0,0.0,0.0,0.0,0.0,0.0,0.0,0.34407188401054406,0.34408415008828164,-0.002723052894459708,-0.0027225459489731256
144.0,2.5,0.0,0.0,0.0,0.0,0.0,0.0,0.0,0.0,0.0,0.0,0.0,0.0,0.341883536842018,0.34189580291975563,-0.002815322968398943,-0.0028147954907086423
144.0,3.0,0.0,0.0,0.0,0.0,0.0,0.0,0.0,0.0,0.0,0.0,0.0,0.0,0.3370228834938787,0.33703514957161634,-0.0030339419796149014,-0.0030333653442917836
144.0,3.5,0.0,0.0,0.0,0.0,0.0,0.0,0.0,0.0,0.0,0.0,0.0,0.0,0.3321622301457394,0.332174496223477,-0.003273091612135856,-0.0032724604214883282
144.0,4.0,0.0,0.0,0.0,0.0,0.0,0.0,0.0,0.0,0.0,0.0,0.0,0.0,0.32730157679760014,0.3273138428753377,-0.003535043848967238,-0.0035343520202130944
144.0,4.5,0.0,0.0,0.0,0.0,0.0,0.0,0.0,0.0,0.0,0.0,0.0,0.0,0.3241938588313745,0.32419593564269766,-0.00371564468350648,-0.0037155203710620708
144.0,5.0,0.0,0.0,0.0,0.0,0.0,0.0,0.0,0.0,0.0,0.0,0.0,0.0,0.3217683969253484,0.32176641054920696,-0.0038642707124384107,-0.0038643953046270186
144.0,5.5,0.0,0.0,0.0,0.0,0.0,0.0,0.0,0.0,0.0,0.0,0.0,0.0,0.31970435344767867,0.3197002660916885,-0.003996356247647657,-0.003996623100722762
144.0,6.0,0.0,0.0,0.0,0.0,0.0,0.0,0.0,0.0,0.0,0.0,0.0,0.0,0.3178772154153719,0.3178719165905616,-0.004117791307934298,-0.004118149820056415
144,6.5,2.7986601441947903,2.82626584338908,0.07286629099526741,0.1662840123202698,16.791242676329603,17.722185729893177,False,False,0.13027348703299152,0.31043644833632034,0.05199741702349847,0.05199741702349847,0.3162233335924833,0.3162172989067226,-0.0042315194435314655,-0.004231941217431848
144,7.0,3.824633983162474,3.8591499706304577,0.10258829390570573,0.1990968263923121,16.803544558619954,17.62905972902362,False,False,0.17932204705048438,0.38580541147968694,0.12262829092735407,0.12262829092735407,0.3146889216358613,0.314670527004024,-0.004340393673924031,-0.004341718975098233
144,7.5,2.958279622282405,2.994350786392041,0.07558238069636267,0.24708215863448021,16.795330442601422,17.944515471986357,False,False,0.13803374810364072,0.4760141569610957,0.04934371468881538,0.04934371468881538,0.31325220254299213,0.31322123033925275,-0.004445374403227473,-0.004447670640478351
144,8.0,3.6766357902912694,3.715903606521188,0.09586691931247456,0.23608357967215082,16.787167628849048,17.774421628130163,False,False,0.1707347856113487,0.45955552340197653,0.09471193001165486,0.09471193001165486,0.3119211749389677,0.31186818463446847,-0.004545342283426926,-0.004549377292951709
144,8.5,5.166054182076367,5.212672814828851,0.14654689097619733,0.2580527559677117,16.78716762426945,17.57106776574635,False,False,0.23990006177999598,0.5013834708962124,0.22216204529693387,0.22216204529693387,0.3106616323138026,0.3105906903365925,-0.004642417108541664,-0.004647957816764562
144,9.0,5.684215334733346,5.739318974391378,0.1684222333822472,0.2975131360529999,16.77367475839136,17.594040314227232,False,False,0.2618991976112106,0.5834209068344085,0.27605903482923505,0.27605903482923505,0.3094491441486037,0.3093639676621925,-0.004738207571746261,-0.004745024886794367
144,9.5,5.858319417268529,5.901103315529938,0.1765465976329697,0.24746804663000338,16.7589902757219,17.361351824436174,False,False,0.26764437300865557,0.4676647857117975,0.2927838514953698,0.2927838514953698,0.30828870513801915,0.30818709959966584,-0.004832099309110759,-0.004840425337992383
144,10.0,4.689500764328788,4.7422311913006014,0.12998118765165306,0.29496761551653183,16.735305690976315,17.70900131234191,False,False,0.21137002161441393,0.5233737509179771,0.17671738390323286,0.17671738390323286,0.3071802327255436,0.30706965079664245,-0.004923863528500332,-0.004933131406639228
144,10.5,3.468672333532365,3.5161567616153864,0.09346803179333867,0.3001023379322623,16.713314804071956,17.904514198396615,False,False,0.15441927253587132,0.5211957523835347,0.09114125186739433,0.09114125186739433,0.3061421498252834,0.30601064129757427,-0.005011689139951897,-0.005022947947686844
144,11.0,4.883059970434772,4.935707662450732,0.1407101382480524,0.28506219225134116,16.681610274826202,17.591988068221998,False,False,0.2135951343265412,0.4720541672814652,0.19632657001715084,0.19632657001715084,0.3051646694401966,0.3050069623513746,-0.005096098776855888,-0.005109875637006508
144,11.5,5.705487767791305,5.765402616450051,0.1741655269253048,0.3165369232549049,16.648173582500515,17.50548224715648,False,False,0.2450635778179147,0.5077171452279606,0.2757749122257169,0.2757749122257169,0.30420885498821976,0.3040329207944379,-0.005180280459449898,-0.005195955560872396
144,12.0,6.016291223033204,6.07034163916313,0.1924339871666884,0.29457488153242345,16.601252406433456,17.311703752400497,False,False,0.25202747042545653,0.44399028108769023,0.31171205628773857,0.31171205628773857,0.30327632229436075,0.3030824478843921,-0.005264013202384936,-0.005281623230840855
144,12.5,3.487847879125849,3.5394156708907767,0.1049993165989704,0.29198945515709224,16.543286368016034,17.750995102009835,False,False,0.14178050824544153,0.4102752916994241,0.09751876147116544,0.09751876147116544,0.302371564439706,0.30216491127829165,-0.0053467977097218814,-0.005365923338490398
144,13.0,3.2263717942009085,3.276812008251182,0.09740314289641155,0.2904480139935818,16.51850308989731,17.78307285376459,False,False,0.12951118490536742,0.4021156006435171,0.0803399071579415,0.0803399071579415,0.3041075810353202,0.3038774034734928,-0.005189296710163676,-0.0052098586687535295
144,13.5,5.381175777333001,5.4302434073493355,0.17773702095814722,0.27225669900759186,16.499637100843525,17.212548680006577,False,False,0.21397087051498886,0.3586990611323515,0.24598948061229486,0.24598948061229486,0.30321618776703374,0.30296175275286813,-0.005269467855878381,-0.005292621681046761
144,14.0,13.502423758141274,13.582769948242074,0.5137411462726165,0.565987603199972,32.91021645170675,33.7387598184272,False,False,0.5252035735202503,0.7012709616367572,0.8630817588875453,0.8630817588875453,0.3023308394004699,0.30206474241486353,-0.005350560353967945,-0.00537522323413844
144,14.5,14.446741383972817,14.46582110703014,0.6312409698556716,0.575961953938859,32.40807771087121,32.56976789106667,False,False,0.5004856511940357,0.5383797991277958,1.1097587290942592,1.1097587290942592,0.3013578362773235,0.3010855065082162,-0.005441402754429099,-0.0054671566159888605
144,15.0,6.420010132557307,6.35639342644402,0.3510203528117363,0.2827806320828657,15.561237996874683,15.008303790927263,False,False,0.17376310277502174,0.14674342930364956,0.4518400722861174,0.4518400722861174,0.30036921316562104,0.3001043971656335,-0.005535591982658219,-0.005561150867666156
144,15.5,5.940996850278364,5.867712361156639,0.31486718381075096,0.2423962220548626,15.626590534710216,14.933495394531747,False,False,0.16445537381060654,0.13279516070219125,0.39856642635164286,0.39856642635164286,0.2995283645658119,0.2992727599049321,-0.0056172342364316655,-0.005642335992724543
144,16.0,2.355197834964029,2.395601041261301,0.10539326537255923,0.20845507541317834,15.854103386913357,17.10256893094844,False,False,0.0708012267507628,0.13982572035564286,0.019432234277531005,0.019432234277531005,0.2987249313652353,0.2984791240198699,-0.005696587348913049,-0.0057211314784353885
144.0,16.5,0.0,0.0,0.0,0.0,0.0,0.0,0.0,0.0,0.0,0.0,0.0,0.0,0.3082915507113485,0.30803355443677344,-0.004831866375384916,-0.004853039997730722
144,17.0,2.8689133615811953,2.9000720260203576,0.10241509086984571,0.17189417127471252,16.31130319593937,17.169683178555015,False,False,0.10426008918973251,0.17962370791230903,0.07877564941681506,0.07877564941681506,0.3072637461320324,0.30700673266163986,-0.004916878012567073,-0.004938413856372922
144.0,17.5,0.0,0.0,0.0,0.0,0.0,0.0,0.0,0.0,0.0,0.0,0.0,0.0,0.3062771384884305,0.30601230862527135,-0.005000163646389761,-0.0050228050146644875
144.0,18.0,0.0,0.0,0.0,0.0,0.0,0.0,0.0,0.0,0.0,0.0,0.0,0.0,0.3053673611694756,0.3051036391827141,-0.005078457117038114,-0.005101424957570007
144.0,18.5,0.0,0.0,0.0,0.0,0.0,0.0,0.0,0.0,0.0,0.0,0.001448134025592298,0.001448134025592298,0.3045034506477657,0.3042409187527157,-0.005154159018895539,-0.005177429767111222
144.0,19.0,0.0,0.0,0.0,0.0,0.0,0.0,0.0,0.0,0.0,0.0,0.0,0.0,0.30367917969941455,0.3034179279014543,-0.0052276440029647275,-0.005251195060664388
144.0,19.5,0.0,0.0,0.0,0.0,0.0,0.0,0.0,0.0,0.0,0.0,0.0,0.0,0.3028901701438772,0.30263029233708894,-0.005299157601047571,-0.005322966969996733
144.0,20.0,0.0,0.0,0.0,0.0,0.0,0.0,0.0,0.0,0.0,0.0,0.0,0.0,0.30213243190683975,0.3018740225535217,-0.005368936692340056,-0.005392983229031518
144.0,20.5,0.0,0.0,0.0,0.0,0.0,0.0,0.0,0.0,0.0,0.0,0.0,0.0,0.30140286009492856,0.30114601158762255,-0.005437158849260295,-0.0054614222047977
144.0,21.0,0.0,0.0,0.0,0.0,0.0,0.0,0.0,0.0,0.0,0.0,0.0,0.0,0.3032813787698045,0.30302637332297316,-0.005263554848765828,-0.005286729684346161
144.0,21.5,0.0,0.0,0.0,0.0,0.0,0.0,0.0,0.0,0.0,0.0,0.0,0.0,0.30252048714145263,0.30226740307428024,-0.005333065345667905,-0.005356427612729567
144.0,22.0,0.0,0.0,0.0,0.0,0.0,0.0,0.0,0.0,0.0,0.0,0.0,0.0,0.3069366134148937,0.3066860204917102,-0.004944308836307388,-0.004965445015916114
144.0,22.5,0.0,0.0,0.0,0.0,0.0,0.0,0.0,0.0,0.0,0.0,0.0,0.0,0.3187290509776374,0.3184827934134795,-0.00406063755493566,-0.004077062490537209
144.0,23.0,0.0,0.0,0.0,0.0,0.0,0.0,0.0,0.0,0.0,0.0,0.0,0.0,0.3247916255631567,0.32455096382024484,-0.0036800675982763117,-0.0036943419609416256
144.0,23.5,0.0,0.0,0.0,0.0,0.0,0.0,0.0,0.0,0.0,0.0,0.0,0.0,0.3304617906145894,0.33022827304377683,-0.0033620145223934657,-0.0033744496470740665
144.0,24.0,0.0,0.0,0.0,0.0,0.0,0.0,0.0,0.0,0.0,0.0,0.0,0.0,0.3333528846333469,0.33312776646167175,-0.0032124931475798497,-0.003223847396572572
145.0,0.5,0.0,0.0,0.0,0.0,0.0,0.0,0.0,0.0,0.0,0.0,0.0,0.0,0.33369703961976593,0.33348155733049817,-0.003195227014741295,-0.0032060247036272836
145.0,1.0,0.0,0.0,0.0,0.0,0.0,0.0,0.0,0.0,0.0,0.0,0.0,0.0,0.33885582489773974,0.3386538731424735,-0.0029492039690334,-0.002958400838861491
145.0,1.5,0.0,0.0,0.0,0.0,0.0,0.0,0.0,0.0,0.0,0.0,0.0,0.0,0.3387821594258026,0.3385947545989514,-0.0029525547378436395,-0.0029610995564743996
145.0,2.0,0.0,0.0,0.0,0.0,0.0,0.0,0.0,0.0,0.0,0.0,0.0,0.0,0.34105988877570675,0.3408905608541162,-0.002851013300751143,-0.0028584172792033885
145.0,2.5,0.0,0.0,0.0,0.0,0.0,0.0,0.0,0.0,0.0,0.0,0.0,0.0,0.33830397241754934,0.33815269907051587,-0.002974416320011583,-0.002981372300312017
145.0,3.0,0.0,0.0,0.0,0.0,0.0,0.0,0.0,0.0,0.0,0.0,0.0,0.0,0.33569589909653297,0.335563558262858,-0.00309710294900233,-0.0031034875414069994
145.0,3.5,0.0,0.0,0.0,0.0,0.0,0.0,0.0,0.0,0.0,0.0,0.0,0.0,0.3331668658807422,0.3330542769386569,-0.0032218719185922394,-0.0032275643236872897
145.0,4.0,0.0,0.0,0.0,0.0,0.0,0.0,0.0,0.0,0.0,0.0,0.0,0.0,0.33072965028146795,0.33063536391569287,-0.003347817803895073,-0.003352806875310233
145.0,4.5,0.0,0.0,0.0,0.0,0.0,0.0,0.0,0.0,0.0,0.0,0.0,0.0,0.3284118424475977,0.3283331996059623,-0.0034730712119903514,-0.0034774180608891647
145.0,5.0,0.0,0.0,0.0,0.0,0.0,0.0,0.0,0.0,0.0,0.0,0.0,0.0,0.3262291105495308,0.32616329421024304,-0.0035961615735963276,-0.0035999531489604277
145,5.5,2.862682681043489,2.8882612088004476,0.08221794096568169,0.13747043572437265,16.712032322088973,17.441046973800162,False,False,0.12735025267567482,0.22459490523343198,0.14525990190770932,0.14525990190770932,0.324184415361889,0.32412894347616156,-0.0037162100071668944,-0.0037195328447948983
145,6.0,8.514945190640153,8.615003978532734,0.2588180551536867,0.6081703395857202,33.22865703432919,35.22684179803427,False,False,0.35917168215193573,0.9198203636806189,0.31661806105163653,0.31661806105163653,0.3222437483370225,0.3221895563062009,-0.003834592203982948,-0.0038379619270427017
145,6.5,11.932394691099688,12.029269007715987,0.4202438453417023,0.5936022571407429,32.925233033266124,34.10098746975979,False,False,0.4658446319337097,0.7369620934693648,0.7033840854329606,0.7033840854329606,0.3203828278139203,0.32029083999835684,-0.003952353126226266,-0.003958285133904986
145,7.0,5.217464707983972,5.216711342324215,0.22097241378553187,0.2126436839942415,16.073795975760536,16.06055958658706,False,False,0.17104818360030083,0.17314036177700617,0.3398234408718166,0.3398234408718166,0.31856581586356747,0.3184572113646419,-0.0040715162129741295,-0.0040787733017587586
145,7.5,5.935564356506866,5.919695221652557,0.2686799785320863,0.24099676434683054,15.964769169185946,15.798729930937146,False,False,0.186221909784749,0.1771551579442795,0.44771865924785625,0.44771865924785625,0.31692393533749197,0.31682089433273,-0.00418289189409283,-0.00419000186726628
145,8.0,13.31866633456687,13.21651439816251,0.7093283480451619,0.6005881178555655,31.210390178848264,30.341817131328764,False,False,0.3659550156324496,0.32281968274918016,0.8723185710745693,0.8723185710745693,0.3153558904971631,0.31526013083044674,-0.004292663687745393,-0.0042994779020742975
145,8.5,14.210759185036789,13.884726736657914,0.9047962521299151,0.6499708342222534,30.431795163894055,28.307205247878194,False,False,0.34418096884760063,0.257230888779273,1.1258232291252968,1.1258232291252968,0.3162663640872683,0.3161879972291676,-0.004228513424381797,-0.004233989871043907
145,9.0,12.476029446687392,12.27660272373343,0.8211776879661962,0.6413658930088748,30.16781781229698,28.462963910363904,False,False,0.29049135515478586,0.23079916962570612,0.7054583621583679,0.7054583621583679,0.3145549793497218,0.31451203732738137,-0.004350055017933073,-0.004353157876601743
145,9.5,7.540436795547201,7.212659105794411,0.5179669335801761,0.3144697805100303,15.015986606898474,13.13647566854393,False,False,0.17214838532337787,0.10763544871658898,0.6799397108455619,0.6799397108455619,0.3129995389190229,0.31298204511566696,-0.004464147866579088,-0.004465451187798673
145,10.0,14.786750093762972,14.06080846472764,1.0853735877376487,0.6529943537616112,29.742651157674388,25.87258830642046,False,False,0.3241238544286823,0.20183320302051133,1.330758708154067,1.330758708154067,0.3115657372506457,0.3115764001615941,-0.004572489374116521,-0.004571672172197716
145,10.5,7.674276781298831,7.400238138986266,0.5392600633796444,0.35186809811061615,14.942395760234778,13.324732028707487,False,False,0.1715797733536831,0.11448185729924587,0.6648383578193459,0.6648383578193459,0.3100470917971904,0.3101148371534506,-0.004690676449704548,-0.004685327247930851
145,11.0,6.142038067950066,6.1105611280893966,0.3663548317709034,0.3314260344483634,15.282855891129673,14.950543175204183,False,False,0.15185470535313444,0.13873860979012415,0.31144208967470327,0.31144208967470327,0.30874576074551435,0.30883917204020694,-0.0047948564227204065,-0.004787287011384756
145,11.5,4.469944014603012,4.50945079620583,0.22891937479642785,0.30839844995187765,15.594268623062428,16.28799645222908,False,False,0.1223581450000245,0.16542920676557152,0.14126238555415607,0.14126238555415607,0.3075681296248154,0.3076676100732186,-0.004891517467502626,-0.004883262793853545
145,12.0,2.7048294303833744,2.7544112647707224,0.1422797822591575,0.29550394435587707,15.514598513255706,16.99736280174135,False,False,0.07206483526176409,0.1490752345859614,0.02403375885025706,0.02403375885025706,0.30648108604566454,0.30657190705967635,-0.0049828102016527265,-0.004975105540926877
145,12.5,4.815891046141234,4.849989386523086,0.25948493995538424,0.3230162293076452,15.483528274371618,16.0220934642784,False,False,0.12698828497711498,0.15895776805835668,0.1674954287947409,0.1674954287947409,0.30546692209132015,0.3055395496857413,-0.00506981829603799,-0.005063527501733128
145,13.0,7.432500038393515,7.2951205263904875,0.4692238407142591,0.3504306320750525,15.212739655935989,14.273906013075568,False,False,0.1798403276096325,0.13939187891758284,0.6330566069093729,0.6330566069093729,0.3044625508915811,0.304528288354682,-0.005157776153375498,-0.005151963871388677
145,13.5,6.904650203435642,6.772938159955895,0.43045741597971426,0.31657548233049776,15.21273965842958,14.16128766438171,False,False,0.16706822041055436,0.12613754270834363,0.4725155536856609,0.4725155536856609,0.3034117267425881,0.3034936904001787,-0.005251755610479164,-0.005244352310269204
145,14.0,7.151889574891326,6.935145110241589,0.47871984180143856,0.3207039902062169,15.069652596196132,13.644412441700903,False,False,0.1658322375794218,0.1148989430904531,0.5944158619155627,0.5944158619155627,0.30242289230012903,0.3025203469245693,-0.005342059945415274,-0.005333078255478666
145,14.5,14.528653161965881,13.818054400807682,1.0656081522343146,0.6402239985132956,29.796402162000696,26.009128192675945,False,False,0.32084269663248766,0.20255211710503884,1.4984790098142617,1.4984790098142617,0.30144628675163676,0.3015647553246857,-0.005433069226888569,-0.0054219312985107114
145,15.0,14.10036451085915,13.272150270175377,1.1441358671144668,0.6748205073509347,29.186997397587938,24.720713795146285,False,False,0.2870969846418753,0.17407136251400604,1.2103197540076693,1.2103197540076693,0.30031120391625826,0.3004846646002745,-0.005541178790463698,-0.0055244929376370225
145,15.5,13.49984555923538,12.735439215926991,1.0972845505363904,0.6612251703063139,29.13727787063475,24.68121191933627,False,False,0.2731317153948869,0.16815557960962435,1.007524471079141,1.007524471079141,0.29923220312806026,0.2994661681171209,-0.005646331161715902,-0.0056233299931551985
145,16.0,13.129540004387842,12.183403928646335,1.1723498691595478,0.6870745871791405,28.643943866166985,23.61677060931349,False,False,0.24995649236807754,0.14935121032725202,1.071547733190386,1.071547733190386,0.29821244395861835,0.298502595891203,-0.005747902413954749,-0.0057187823527333394
145,16.5,10.187023607855796,9.913298901599179,0.86863083016622,0.6547387882685739,28.78780595356206,25.915391848724255,False,False,0.1973351125214223,0.14913575632254994,0.45153350756986227,0.45153350756986227,0.29720063417173204,0.2975531712043387,-0.005850840782471028,-0.005814727339165321
145,17.0,2.9917776210950473,2.984211514400441,0.1740472459302666,0.16637464466807725,15.322479942912102,15.15121548529291,False,False,0.07489059290446722,0.07162734668925431,0.07262684810941696,0.07262684810941696,0.29891337509474425,0.29929370178981274,-0.005677855965085222,-0.005640274367114358
145,17.5,6.896478402571061,6.990843696704774,0.3349864413523147,0.5834367229470085,31.4008671410963,33.304286432864764,False,False,0.19593989214667512,0.3487834924468631,0.21308347533181496,0.21308347533181496,0.2981225253697792,0.29850428085286873,-0.005756962607448954,-0.005718613761619583
145,18.0,5.23268718209367,5.3329561378798935,0.25100015205704923,0.5895955436870491,15.685559981714864,17.227732174388038,False,False,0.147883268234029,0.35382369617821846,0.1196878645231876,0.1196878645231876,0.29990172743323074,0.3002522430845299,-0.005580806684770405,-0.005546864129832442
145,18.5,3.8389151546609055,3.925493533629452,0.18676753964832918,0.5413374192849199,15.67080629885557,17.462800622127553,False,False,0.1079274942249618,0.3191606820193696,0.12487334069168955,0.12487334069168955,0.2990682658266671,0.29937596789069865,-0.005662514691954607,-0.005632184356975676
145,19.0,3.538769073117827,3.6226072267286145,0.17187423962679274,0.5446039617864659,15.660150490111572,17.538012475018903,False,False,0.099115861244788,0.3188024526779829,0.11830885553542056,0.11830885553542056,0.298275389897647,0.2985381642194438,-0.005741570091808499,-0.00571522477217595
145,19.5,6.774266648631538,6.871767730604928,0.34421185306783675,0.5837913213995463,15.570073688142308,16.68153003066961,False,False,0.1839042877176831,0.3203423536113868,0.19935585193856956,0.19935585193856956,0.29751505411402956,0.29773051386769267,-0.005818619174484418,-0.005796661011375616
145.0,20.0,0.0,0.0,0.0,0.0,0.0,0.0,0.0,0.0,0.0,0.0,0.0,0.0,0.2967495251392942,0.29693457026778175,-0.005897442353334497,-0.005878273064547549
145.0,20.5,0.0,0.0,0.0,0.0,0.0,0.0,0.0,0.0,0.0,0.0,0.0,0.0,0.29607807271521397,0.29626317029257443,-0.005967628128648296,-0.005948181300968167
145.0,21.0,0.0,0.0,0.0,0.0,0.0,0.0,0.0,0.0,0.0,0.0,0.0,0.0,0.2954294712144899,0.2956145625327141,-0.006036372305545722,-0.0060166590228748805
145.0,21.5,0.0,0.0,0.0,0.0,0.0,0.0,0.0,0.0,0.0,0.0,0.0,0.0,0.29480202742589956,0.2949870582697826,-0.006103773699613077,-0.006083804472135591
145.0,22.0,0.0,0.0,0.0,0.0,0.0,0.0,0.0,0.0,0.0,0.0,0.0,0.0,0.29419426174672575,0.2943791822741241,-0.006169917873192595,-0.0061497026638979305
145.0,22.5,0.0,0.0,0.0,0.0,0.0,0.0,0.0,0.0,0.0,0.0,0.0,0.0,0.2936048696702136,0.2937896342219388,-0.006234879671004131,-0.006214427923540398
145.0,23.0,0.0,0.0,0.0,0.0,0.0,0.0,0.0,0.0,0.0,0.0,0.0,0.0,0.2930326919621996,0.29321725883166017,-0.006298725168073617,-0.006278045834950371
145.0,23.5,0.0,0.0,0.0,0.0,0.0,0.0,0.0,0.0,0.0,0.0,0.0,0.0,0.2924766912554825,0.29266102243828324,-0.006361513184394565,-0.006340614754873385
145.0,24.0,0.0,0.0,0.0,0.0,0.0,0.0,0.0,0.0,0.0,0.0,0.0,0.0,0.2919359334517829,0.2921199943887666,-0.006423296476005597,-0.006402187003238596
146.0,0.5,0.0,0.0,0.0,0.0,0.0,0.0,0.0,0.0,0.0,0.0,0.0,0.0,0.2914095727724676,0.2915933320950714,-0.0064841226815150295,-0.006462809808647979
146.0,1.0,0.0,0.0,0.0,0.0,0.0,0.0,0.0,0.0,0.0,0.0,0.0,0.0,0.29089683961236745,0.29108026889599126,-0.006544035081765365,-0.006522526066832767
146.0,1.5,0.0,0.0,0.0,0.0,0.0,0.0,0.0,0.0,0.0,0.0,0.0,0.0,0.29039703057159644,0.2905801041004902,-0.006603073215257941,-0.006581374954775914
146.0,2.0,0.0,0.0,0.0,0.0,0.0,0.0,0.0,0.0,0.0,0.0,0.0,0.0,0.28990950019779554,0.29009219474345943,-0.006661273381169945,-0.006639392432388227
146.0,2.5,0.0,0.0,0.0,0.0,0.0,0.0,0.0,0.0,0.0,0.0,0.0,0.0,0.28943365408514304,0.2896159486992036,-0.00671866905398122,-0.0066966116557942235
146.0,3.0,0.0,0.0,0.0,0.0,0.0,0.0,0.0,0.0,0.0,0.0,0.0,0.0,0.28896894305983917,0.28915081888166205,-0.006775291228003438,-0.0067530633205468565
146.0,3.5,0.0,0.0,0.0,0.0,0.0,0.0,0.0,0.0,0.0,0.0,0.0,0.0,0.28851485824344614,0.2886962983222799,-0.0068311687058677985,-0.00680877594884515
146.0,4.0,0.0,0.0,0.0,0.0,0.0,0.0,0.0,0.0,0.0,0.0,0.0,0.0,0.28807092683156305,0.2882519159627071,-0.00688632834186243,-0.006863776131657238
146.0,4.5,0.0,0.0,0.0,0.0,0.0,0.0,0.0,0.0,0.0,0.0,0.0,0.0,0.2876367084601071,0.2878172330344129,-0.006940795248624661,-0.006918088734260649
146.0,5.0,0.0,0.0,0.0,0.0,0.0,0.0,0.0,0.0,0.0,0.0,0.020638739376294124,0.020638739376294124,0.28721179205796915,0.28739183992387657,-0.006994592973879994,-0.006971737071895262
146,5.5,5.929408194615208,5.990574220319758,0.14500639490581202,0.6020976564729904,33.78034588964471,36.089240378727474,False,False,0.29296678877645305,1.4078150415961153,0.17688106774591872,0.17688106774591872,0.28679316305308566,0.2869727233903498,-0.007048081212461394,-0.007025079308595225
146,6.0,8.095582093408758,8.1768475600965,0.20748755984016723,0.5674111443402803,33.78034587518218,35.736006540615264,False,False,0.39999551579802045,1.2931549102852422,0.333194879910092,0.333194879910092,0.28634470216279395,0.2864655169535979,-0.007105922677029398,-0.0070902847802105495
146,6.5,10.738142578485373,10.849725339528632,0.29950624091229316,0.6269450066158729,33.78034586676492,35.488909523185015,False,False,0.5305620806304966,1.429809702482575,0.6094155604192396,0.6094155604192396,0.28587657836327657,0.28595102146159074,-0.0071669045847720676,-0.007157165401846464
146,7.0,12.602218737559774,12.71323197413814,0.39621892734976766,0.5762272192665531,33.78034586328206,35.101011696412534,False,False,0.6226644268401443,1.2831632075270034,0.9916753165278712,0.9916753165278712,0.2853694293738006,0.2854016329309956,-0.0072336753257941575,-0.0072294134600341875
146,7.5,13.44534102922559,13.566993747015607,0.4606125308422202,0.5574225696536251,33.780345862132236,35.012199584701236,False,False,0.6643223498955173,1.2222772531954977,1.2222546994914365,1.2222546994914365,0.28480884453613003,0.2848175895159525,-0.007308345746985195,-0.007307173876105192
146,8.0,14.084848350471797,14.179730172343152,0.5806159038321023,0.5788811195498298,32.93556303203485,33.79634501107961,False,False,0.5592602669432092,0.7602533159921474,1.5579019127787583,1.5579019127787583,0.28421798886429833,0.28421387188286823,-0.0073880445989466465,-0.007388603549324676
146,8.5,14.459588440904389,13.895172723197259,1.0474383901314677,0.6466005859042828,30.00434144513597,27.082342502468798,False,False,0.33262287599536944,0.22853915435339536,1.9188280841711591,1.9188280841711591,0.2835761200131808,0.28357169427229806,-0.007475800952139063,-0.007476410337436872
146,9.0,14.699879781277508,13.320970571096538,1.3481732886671984,0.6858501101301915,28.710573935364923,23.24904453394486,False,False,0.28524613315723163,0.1572135026439005,2.20798484704656,2.20798484704656,0.2828355683916064,0.2828816889720483,-0.0075785971021015575,-0.007572146116452015
146,9.5,14.608909857211064,12.181833504637531,1.6617109889949253,0.7234239871411327,27.44038157229341,19.647463179574487,False,False,0.24550010620022727,0.1132252607705988,2.5063791888123546,2.5063791888123546,0.2820264062951619,0.2821563921585365,-0.007692848722248465,-0.007674357406114093
146,10.0,15.197451316301963,12.071053810707552,1.8414090985565283,0.7378491464038143,26.983684431945786,17.87637062859565,False,True,0.2437808691539696,0.10169039567036675,2.1820648428903016,2.22566509622156,0.2811455992370314,0.2813946152140959,-0.007819557416566618,-0.007783484687530681
146,10.5,14.579530277657076,11.265176366461752,1.899461113117457,0.7436771627381665,26.6471099132746,17.62830633803818,False,True,0.2260495942536141,0.09325790835319797,2.637156332419661,2.7342215613765037,0.28028934225702334,0.2806728922113606,-0.007945125103517803,-0.007888583774220782
146,11.0,15.016217306185489,11.33414222043159,1.9996974726947438,0.7491382405970037,26.49357499713532,16.883215864556103,False,True,0.22961461728667715,0.09035235073732778,2.3816540829249435,2.515513556369774,0.27937361218552853,0.27989153745903816,-0.008082082477310888,-0.008004278692168023
146,11.5,14.902608782117477,10.915933495034775,2.0728762209046936,0.7517933135989603,26.24903561977326,16.403614779046677,False,True,0.22271680380034878,0.08499409214539556,2.329761494837065,2.5147537334759913,0.27848339353836526,0.27914308293488677,-0.008217929100709575,-0.008117002663067084
146,12.0,14.771339195903092,10.45067156929621,2.167865441299336,0.7578242946090098,25.957990990131552,15.787636954503572,False,True,0.21458285646317649,0.07907333865729238,2.5256896083734284,2.795346787376254,0.27759600459286776,0.2783999298319496,-0.008356060178919723,-0.008230804558026713
146,12.5,15.538482602900746,10.979066121656938,2.154396479074877,0.7463167168428209,26.132590600539224,15.374586884957509,False,True,0.22957773639460358,0.08179874688324015,1.532700104506585,1.7471047227443457,0.276676911197992,0.277625620567159,-0.008502052938608,-0.008351405743049994
146,13.0,15.321557412457814,11.079325615071836,2.109670667884033,0.7600788038852813,26.192627884586024,15.861790827876506,False,True,0.2273724593934356,0.08439389580835832,1.500089488122544,1.7658573630155305,0.2758912755712282,0.2769915617363207,-0.008629261138199474,-0.008451732898910876
146,13.5,14.044818599686096,9.81942544406478,2.1161402062608667,0.7541027297672174,25.738504437201698,15.755863655407428,False,True,0.19993059007196545,0.07427115184372649,1.6894457315540603,2.0577100649324307,0.27512053885444376,0.27635840519306626,-0.008756266600543959,-0.008553353533048702
146,14.0,14.372019930753126,9.616025584608863,2.249769962244664,0.7481611730276285,25.52102326714012,14.726117101119888,False,True,0.2005052040813524,0.06955367982262173,1.7274317831187196,2.1859850917563675,0.2743297402217537,0.2756937136724871,-0.008888899790855373,-0.008661605892905171
146,14.5,14.075868361772137,9.017340348603152,2.3458973906124045,0.7501637031955407,25.10818282041919,13.876817077793444,False,True,0.18952924404196986,0.06288133243460997,1.4747676035049564,1.9561869455446725,0.27352182059135766,0.2750181840246143,-0.009026884075197573,-0.008773300104731237
146,15.0,13.74059490527292,8.931861307055623,2.30165855144561,0.7666437866123367,25.047539868535825,14.137332263407316,False,True,0.18397632485343837,0.06324554307934069,1.1930849842537998,1.674663654617196,0.2727384594844169,0.27437629658440776,-0.009163117641627203,-0.008881025314188313
146,15.5,13.579649649892234,9.134719946644555,2.183166363672593,0.7591574822266697,25.292410496913178,14.652170060047691,False,False,0.18559390124248235,0.06657017314741909,0.9689156189448752,1.448143147649356,0.27200111015453277,0.273772666259708,-0.009293593008609232,-0.008983770795270657
146,16.0,13.427489436158062,9.109974979086097,2.1704688931501237,0.7651692905289523,25.2347482675138,14.540023333667886,False,False,0.18254354020675267,0.06611149514725119,0.7881272466138596,1.2603817944115496,0.2713117795311247,0.2732032119183182,-0.009417578034094997,-0.009081999841999543
146,16.5,12.115265318032883,8.90894047799259,1.823415686766812,0.7456671593451352,25.5667432563287,15.725451461222864,False,False,0.16856958998901433,0.069205398903181,0.3010211936053314,0.5202305076076121,0.2706513367050219,0.272661153445237,-0.009538220095191006,-0.009176694216625378
146,17.0,9.500368090807283,8.0444105060302,1.369497585409266,0.719210496965624,25.753292153962136,17.533193270715984,False,False,0.13437895920274748,0.07013551059420513,0.10665927124834151,0.19794249324466773,0.27010130841403945,0.27222001886605995,-0.00964010030632365,-0.00925462698450535
146,17.5,7.7476307973573295,6.936752457145751,1.1327065492534496,0.7211313340057789,25.664980979163275,19.12843620341371,False,False,0.10873338664174544,0.06879158047515772,0.06357577435462797,0.12465503672086947,0.26963789617888595,0.27182733373060075,-0.009726944524803393,-0.009324664665423647
146,18.0,3.6452654079907507,3.684657177380636,0.5007809643031084,0.5574384260515953,13.009210377793051,13.40294414821763,False,False,0.05280567597281773,0.058403556015178354,0.020166383463088508,0.04141049104706722,0.26921404612278305,0.27144764418977935,-0.009807192019773623,-0.00939298582565144
146,18.5,6.389419372893421,5.799335504910012,0.8138873990886135,0.646515687608053,26.494804638582856,21.059262556778528,False,False,0.09675502068170536,0.07668810424200564,0.060146046508243456,0.12531469925871583,0.26888005012560817,0.2711032211090881,-0.009870983580425732,-0.009455477625275963
146,19.0,6.4580083947825235,6.1419097939900364,0.7570905172494431,0.6497176596983462,26.960103424597357,21.65323046179975,False,False,0.10232590820652596,0.0874621812066916,0.054073070106603005,0.11649955317922181,0.26850475484580144,0.27074045438755656,-0.009943253913308582,-0.009521834090606206
146,19.5,3.8979354605454968,4.014096242532949,0.4211055968624912,0.6317216761027059,13.693037117874676,15.102580620923518,False,False,0.0644985771382289,0.09603978637190931,0.006883094184844085,0.01531302793256352,0.26814107169389634,0.27038200792305644,-0.0100138903694458,-0.009587945982459548
146.0,20.0,0.0,0.0,0.0,0.0,0.0,0.0,0.0,0.0,0.0,0.0,0.0,0.0,0.2678297265857534,0.27004226281186244,-0.010074836885289115,-0.009651114043080177
146.0,20.5,0.0,0.0,0.0,0.0,0.0,0.0,0.0,0.0,0.0,0.0,0.0,0.0,0.2675763422085574,0.269788396745443,-0.010124763866152176,-0.009698638647530133
146.0,21.0,0.0,0.0,0.0,0.0,0.0,0.0,0.0,0.0,0.0,0.0,0.0,0.0,0.26732629393100393,0.26953787151141034,-0.010174322761899524,-0.009745811438701011
146.0,21.5,0.0,0.0,0.0,0.0,0.0,0.0,0.0,0.0,0.0,0.0,0.0,0.0,0.26707949997621383,0.269290605384888,-0.010223520328362812,-0.009792638858125037
146.0,22.0,0.0,0.0,0.0,0.0,0.0,0.0,0.0,0.0,0.0,0.0,0.0,0.0,0.2668358814825204,0.2690465195461374,-0.010272363122229077,-0.009839127158245925
146.0,22.5,0.0,0.0,0.0,0.0,0.0,0.0,0.0,0.0,0.0,0.0,0.0,0.0,0.2665953623651877,0.26880553794303114,-0.010320857509614825,-0.0098852824105531
146.0,23.0,0.0,0.0,0.0,0.0,0.0,0.0,0.0,0.0,0.0,0.0,0.0,0.0,0.2663578691865633,0.26856758716192386,-0.010369009674109104,-0.009931110513208248
146.0,23.5,0.0,0.0,0.0,0.0,0.0,0.0,0.0,0.0,0.0,0.0,0.0,0.0,0.2661233310340152,0.26833259630626916,-0.01041682562433099,-0.00997661719820833
146.0,24.0,0.0,0.0,0.0,0.0,0.0,0.0,0.0,0.0,0.0,0.0,0.0,0.0,0.2658916794050627,0.2681004968823909,-0.010464311201042343,-0.010021808038124793
147.0,0.5,0.0,0.0,0.0,0.0,0.0,0.0,0.0,0.0,0.0,0.0,0.0,0.0,0.2656628480991672,0.2678712226918788,-0.010511472083852114,-0.010066688452453443
147.0,1.0,0.0,0.0,0.0,0.0,0.0,0.0,0.0,0.0,0.0,0.0,0.0,0.0,0.265436773115699,0.26764470973012017,-0.010558313797544483,-0.010111263713607026
147.0,1.5,0.0,0.0,0.0,0.0,0.0,0.0,0.0,0.0,0.0,0.0,0.0,0.0,0.26521339255763887,0.26742089609053243,-0.010604841718060178,-0.010155538952577809
147.0,2.0,0.0,0.0,0.0,0.0,0.0,0.0,0.0,0.0,0.0,0.0,0.0,0.0,0.26499264654061094,0.26719972187409124,-0.01065106107815698,-0.01019951916429595
147.0,2.5,0.0,0.0,0.0,0.0,0.0,0.0,0.0,0.0,0.0,0.0,0.0,0.0,0.2647744771068817,0.26698112910379107,-0.010696976972773156,-0.010243209212705993
147.0,3.0,0.0,0.0,0.0,0.0,0.0,0.0,0.0,0.0,0.0,0.0,0.0,0.0,0.2645588281439864,0.2667650616437027,-0.010742594364115165,-0.010286613835581961
147.0,3.5,0.0,0.0,0.0,0.0,0.0,0.0,0.0,0.0,0.0,0.0,0.0,0.0,0.2643456453076768,0.26655146512232003,-0.010787918086488843,-0.010329737649099746
147.0,4.0,0.0,0.0,0.0,0.0,0.0,0.0,0.0,0.0,0.0,0.0,0.0,0.0,0.2641348759489056,0.26634028685991684,-0.010832952850891696,-0.01037258515218323
147.0,4.5,0.0,0.0,0.0,0.0,0.0,0.0,0.0,0.0,0.0,0.0,0.0,0.0,0.2639264690445875,0.2661314757996515,-0.010877703249382458,-0.010415160730639835
147.0,5.0,0.0,0.0,0.0,0.0,0.0,0.0,0.0,0.0,0.0,0.0,0.0008716815248606152,0.0019586569386707588,0.26372037513189694,0.2659249824421846,-0.010922173759242208,-0.010457468661098914
147,5.5,2.8697627021250383,2.8634873028027577,0.132775469573414,0.1263495739851162,15.818231478922073,15.666904765537703,False,False,0.08511595174273587,0.08233910536435193,0.02702855513185578,0.060732412548794024,0.2635164351650752,0.26572050918647455,-0.010966392889948287,-0.010499564623553738
147,6.0,9.851070147693996,9.873394687725007,0.5539328731997942,0.6229586398438427,30.780716348749337,30.93150957521869,False,False,0.25197607459849203,0.2889966492056386,0.0717864347276661,0.16222394152543698,0.2632944605071121,0.2654946682802539,-0.011014765036980947,-0.010546294532126976
147,6.5,11.814312005584922,11.623683028094582,0.7776008855625871,0.641253057190068,30.11196354192171,28.368786312537868,False,False,0.27285333018589514,0.23076891527510657,0.11655766451303773,0.2691441405855138,0.26301528632223425,0.2651947876923628,-0.011075963376159495,-0.010608727933671137
147,7.0,13.100705712562071,12.418716204710893,1.054864402292319,0.6811425388198908,29.1558560074133,25.18882884938012,False,False,0.2656839953804303,0.17633238764287268,0.15903157955957123,0.3826984595304072,0.26270403371727297,0.26488108474075217,-0.011144671963979837,-0.010674510949779682
147,7.5,13.929930764137715,12.63040221933562,1.2871187374871889,0.7018417226342639,28.461946658736345,22.717079254018024,False,False,0.25954122730630436,0.1457014461023188,0.18471859431749446,0.476739206974201,0.26235412308307665,0.26454991951763934,-0.01122252156012427,-0.010744483834075192
147,8.0,14.440267662222826,12.386067707816142,1.5222876097296516,0.7225570264244899,27.724213062215878,20.53761313997768,False,False,0.2497552618871446,0.1227197257257264,0.2079405541284013,0.5960624334266209,0.26197338795773345,0.2642061828085513,-0.011307966375860219,-0.010817691796600823
147,8.5,14.788162531046773,11.678788290026878,1.8078936506698937,0.7446392708286818,26.874493932522526,18.02456530576034,False,False,0.23447809371178824,0.09987300577314696,0.19484400994877768,0.6538356188109019,0.26156173093635077,0.26384661056774533,-0.011401224320445519,-0.010894909295066714
147,9.0,14.914647166249104,10.83405129443425,2.051952626582459,0.7534880699025874,26.17298658352538,16.040111269747992,False,True,0.2210294969890734,0.08361147830178806,0.16150996235735127,0.6999764555801606,0.2611173138505779,0.2634788330583835,-0.011502934420045349,-0.01097456921099179
147,9.5,14.944824002956157,9.966471199080669,2.2805099475430874,0.750780325882938,25.56713379358667,14.480393966159951,False,True,0.2100781147781862,0.07152823155101391,0.10689737763186913,0.732934694999028,0.2606479721890984,0.26310598105658317,-0.011611524814547285,-0.011056037675080852
147,10.0,14.442663346775852,9.347435339531021,2.335010873702044,0.7593548489849267,25.254217283468936,14.346751086777399,False,True,0.19731039418368843,0.066585376384945,0.032805783110500926,0.806699253197518,0.26015835611953203,0.2627311702543851,-0.011726110329474413,-0.011138661441386009
147,10.5,15.395411661639582,9.471526160861783,2.511118057379391,0.7753717305941266,25.017071660761346,13.195423059878664,False,True,0.2063705999731016,0.06429479353702129,0.0,0.45144703811932196,0.2596730925810806,0.26234772699003883,-0.01184100903176937,-0.011223950609046672
147,11.0,14.189026495427253,9.179184661652497,2.31226983761502,0.7700248848950363,25.015772677383676,13.261082912090922,False,True,0.18834704852564058,0.06249780320673049,0.0,0.26119082691508,0.25917138894788905,0.26200933877913474,-0.011961213559346736,-0.011299865209239226
147,11.5,14.42186344274352,9.075227990687154,2.391980754370296,0.7699862206557484,24.921115762343234,12.97873115576714,False,True,0.18993754385990663,0.06099881712852939,0.0,0.2616401791395017,0.2586968124105023,0.2616976682193519,-0.012076259010575902,-0.011370327716310991
147,12.0,14.04633079391638,8.838272415189621,2.375519038183655,0.7676516054174695,24.79133704547811,12.798109594625213,False,True,0.1830252653208757,0.05890411877935209,0.0,0.2243056905162653,0.2582138324254041,0.26138770370457903,-0.012194697827679377,-0.01144092435393225
147,12.5,12.714189480287565,8.813109637483914,2.0807907581109157,0.764721400537117,12.440973381814615,6.675442623139734,False,False,0.16690605190799102,0.06033667060397045,0.0,0.15090429461725152,0.257734672443727,0.26108452056690795,-0.012313570039941303,-0.011510482290285999
147,13.0,14.886876563551594,9.695439416460047,2.3438165865239475,0.7812597481767005,25.27015967291318,13.794870783106532,False,True,0.2018960142316642,0.06745639021480451,0.0,0.2508412078728009,0.2572947615039538,0.2607927595132475,-0.01242392260734457,-0.0115778959639833
147,13.5,14.281006157798524,9.51448720149379,2.244331577262948,0.7702393194095525,25.260374480169308,13.869146298041255,False,True,0.19351775659466336,0.06636160373086739,0.0,0.1971201317051212,0.25682299302105477,0.2604878201515604,-0.012543578757975871,-0.011648857986527497
147,14.0,13.927686572793009,8.670455348448908,2.3905434932825713,0.7667856020003087,24.85703889616878,13.946765311813913,False,True,0.18384436049011443,0.06072321572830954,0.0,0.4312248125250285,0.25636553312983706,0.26019276575610367,-0.012660919259581798,-0.011718013510922907
147,14.5,13.225730788716662,8.022124643866881,2.3551450305248984,0.7497396412846499,24.623661232961368,13.801421110398447,False,False,0.17123141779867118,0.05604660544354856,0.0,0.3708954965322062,0.25589104312063754,0.2598699247241814,-0.012784012550792444,-0.011794242945570075
147,15.0,14.055171785557464,8.456849247017182,2.4868185355433248,0.7743801383124429,24.549194349354075,12.921806787460792,False,True,0.18062529034689467,0.05669274307782949,0.0,0.22933191733748062,0.2554226379846933,0.2595585215213687,-0.012906928398317054,-0.011868332129141106
147,15.5,13.381409413772491,8.385222121855117,2.3227178834971167,0.7646298230889401,24.65862028536679,13.067260761044018,False,False,0.17248621848183013,0.05671160137993557,0.0,0.1283138205669164,0.2549389998654583,0.2592635683737922,-0.013035322052426752,-0.011939019407066249
147,16.0,11.16545124145434,8.165922758487469,1.8691349407207851,0.7625165927823518,24.853316124932547,14.515779406073102,False,False,0.14622943641467834,0.05933740955785505,0.0,0.06390698409302854,0.2544777933698876,0.2589842542058551,-0.013159180611432196,-0.012006421602180151
147,16.5,11.526646802981281,7.8022222817587545,1.95507652508392,0.7478711393811993,24.852695546625434,14.735127570557324,False,False,0.1509521577928644,0.05815617718207282,0.0,0.11974262822892606,0.25407588198393866,0.25871491422821813,-0.013268260094179713,-0.012071846702684949
147,17.0,10.809342206467395,7.745836273933238,1.78015081389887,0.7463101320048375,24.981256861431365,15.181732285212405,False,False,0.14307259955981466,0.05993895598853656,0.0,0.06423610168571615,0.2536644871914567,0.25844179717084764,-0.013381031004269553,-0.01213862350970912
147,17.5,8.747146869647995,7.14653668516806,1.3650095254383328,0.7259207482741464,25.28131922917117,16.958388597916112,False,False,0.11874188744899501,0.06286622711071391,0.0,0.027568957845539557,0.2532768272634039,0.25817739946450957,-0.013488342281250293,-0.012203688113772676
147,18.0,7.499084571040896,6.213815215359894,1.137776194949511,0.7146476156689968,25.462005772010894,18.51060845304119,False,False,0.10339372585842536,0.06481901594004762,0.0,0.023465186584347646,0.25294348937095773,0.25792169548838034,-0.013581436991702202,-0.012267008946393551
147,18.5,6.854388620359035,5.984573113816874,1.0028977603823992,0.7062889107351119,25.66791132482787,19.02780732026412,False,False,0.09622213931581385,0.06756248781347844,0.0,0.016875180091332008,0.25264050429687934,0.25766935026099835,-0.013666719606003587,-0.012329882189560963
147,19.0,5.628599074923227,5.27029651566445,0.7754540506042622,0.6751764265274933,26.01055179841685,20.289021641386757,False,False,0.08147805775067676,0.07059195369432592,0.0,0.00814261419907751,0.2523560799853264,0.25742028615463947,-0.01374735905453198,-0.01239231477658473
147,19.5,3.8730267614658804,4.0020030973505145,0.47854468788370697,0.6451312221638822,13.305254752521149,14.399299477218271,False,False,0.05930243157894373,0.07924229578577574,0.0,0.0010869293191333798,0.2521019898238139,0.2571776532682264,-0.01381987806651349,-0.012453497782067191
147.0,20.0,0.0,0.0,0.0,0.0,0.0,0.0,0.0,0.0,0.0,0.0,0.0,0.0,0.2518870640840132,0.25694107992872356,-0.013881575346284217,-0.01251349964146967
147.0,20.5,0.0,0.0,0.0,0.0,0.0,0.0,0.0,0.0,0.0,0.0,0.0,0.0,0.2517344276484781,0.2567881661870551,-0.013925591001611745,-0.012552466299421534
147.0,21.0,0.0,0.0,0.0,0.0,0.0,0.0,0.0,0.0,0.0,0.0,0.0,0.0,0.2515830773217282,0.25663654170516387,-0.013969400071916683,-0.012591247252676758
147.0,21.5,0.0,0.0,0.0,0.0,0.0,0.0,0.0,0.0,0.0,0.0,0.0,0.0,0.25143299267743074,0.2564861860115024,-0.014013005035463256,-0.012629844738214146
147.0,22.0,0.0,0.0,0.0,0.0,0.0,0.0,0.0,0.0,0.0,0.0,0.0,0.0,0.2512841537603507,0.25633707910619075,-0.014056408323633529,-0.012668260950658516
147.0,22.5,0.0,0.0,0.0,0.0,0.0,0.0,0.0,0.0,0.0,0.0,0.0,0.0,0.2511365410722023,0.25618920144687485,-0.014099612322126505,-0.012706498043362751
147.0,23.0,0.0,0.0,0.0,0.0,0.0,0.0,0.0,0.0,0.0,0.0,0.0,0.0,0.2509901355580239,0.25604253393510484,-0.014142619372118352,-0.012744558129455167
147.0,23.5,0.0,0.0,0.0,0.0,0.0,0.0,0.0,0.0,0.0,0.0,0.0,0.0,0.2508449185930501,0.25589705790321204,-0.014185431771385825,-0.012782443282853195
147.0,24.0,0.0,0.0,0.0,0.0,0.0,0.0,0.0,0.0,0.0,0.0,0.0,0.0,0.2507008719700622,0.25575275510166057,-0.014228051775393826,-0.012820155539245445
148.0,0.5,0.0,0.0,0.0,0.0,0.0,0.0,0.0,0.0,0.0,0.0,0.0,0.0,0.2505579778871944,0.2556096076868559,-0.014270481598348895,-0.012857696897042414
148.0,1.0,0.0,0.0,0.0,0.0,0.0,0.0,0.0,0.0,0.0,0.0,0.0,0.0,0.25041621893617794,0.25546759820938897,-0.014312723414219596,-0.012895069318297812
148.0,1.5,0.0,0.0,0.0,0.0,0.0,0.0,0.0,0.0,0.0,0.0,0.0,0.0,0.2502755780910028,0.255326709602698,-0.014354779357725368,-0.012932274729601234
148.0,2.0,0.0,0.0,0.0,0.0,0.0,0.0,0.0,0.0,0.0,0.0,0.0,0.0,0.2501360386969817,0.25518692517213076,-0.014396651525294506,-0.012969315022943276
148.0,2.5,0.0,0.0,0.0,0.0,0.0,0.0,0.0,0.0,0.0,0.0,0.0,0.0,0.24999758446019685,0.25504822858439014,-0.014438341975993219,-0.013006192056554325
148.0,3.0,0.0,0.0,0.0,0.0,0.0,0.0,0.0,0.0,0.0,0.0,0.0,0.0,0.24986019943731552,0.2549106038573473,-0.014479852732426112,-0.01304290765571762
148.0,3.5,0.0,0.0,0.0,0.0,0.0,0.0,0.0,0.0,0.0,0.0,0.0,0.0,0.24972386802575844,0.254774035350207,-0.014521185781609502,-0.013079463613557994
148.0,4.0,0.0,0.0,0.0,0.0,0.0,0.0,0.0,0.0,0.0,0.0,0.0,0.0,0.249588574954207,0.2546385077540111,-0.014562343075818423,-0.013115861691806825
148.0,4.5,0.0,0.0,0.0,0.0,0.0,0.0,0.0,0.0,0.0,0.0,0.0,0.0,0.2494543052734347,0.2545040060824661,-0.014603326533408359,-0.01315210362154425
148.0,5.0,0.0,0.0,0.0,0.0,0.0,0.0,0.0,0.0,0.0,0.0,0.0,0.0,0.24932104434745006,0.25437051566308233,-0.014644138039612719,-0.013188191103919177
148,5.5,6.631831445241756,6.623706428323417,0.6428413409707299,0.6356058783941191,28.030372029244056,26.825236779647437,False,False,0.11761840906574461,0.11599338463786198,0.0,0.003409316390068542,0.24918877784493912,0.2542380221286108,-0.014684779447316582,-0.013224125810848522
148,6.0,9.651508055909737,9.317268394768867,0.9252252482393583,0.6714848523775133,28.103903465899997,24.15077577019833,False,False,0.1725885369163881,0.12517828020453708,0.0,0.004956444153501872,0.2489755726672136,0.2540250799214594,-0.014750574083176713,-0.013282124425573734
148,6.5,11.614263730428554,10.818132934790478,1.1316122943156566,0.6950193524559529,28.042444559235175,22.590814619490537,False,False,0.2062616259702836,0.12715166592207983,0.0,0.002534156149537589,0.24872734916320663,0.25380833743515935,-0.01482761833135207,-0.013341469624677733
148,7.0,12.934590588863145,11.668167865756947,1.297067267765721,0.7079757778293665,27.923714728154472,21.55383942019467,False,False,0.22670484846102226,0.12494108066305845,0.0,0.0,0.24845377835894084,0.25358986009405055,-0.014913086035261537,-0.013401609845378906
148,7.5,13.825708998743085,11.871375572748674,1.491247890546044,0.713983659773704,27.560824686650783,19.88829907561466,False,False,0.23300734893248276,0.11335751818625286,0.0,0.0,0.24816006314990616,0.2533709969210017,-0.015005501403079855,-0.013462180416455362
148,8.0,14.393580577164455,11.764449161277993,1.6850832738551669,0.7333666766532677,27.074927674513166,18.520773216746786,False,False,0.2323499393779881,0.10319310809741969,0.0,0.0,0.24784253001991083,0.25315229749385376,-0.015106179585227664,-0.013523031760752346
148,8.5,14.768112336092727,11.379767072931124,1.8764301253886575,0.7461407277472712,26.63090375749986,17.22515394545482,False,False,0.22835007965623771,0.09315136325241269,0.0,0.0,0.247501210296126,0.2529320446815572,-0.01521529851423854,-0.013584646837695674
148,9.0,14.9798232554163,10.803178851541059,2.0726203842899085,0.7554970176010968,26.149161834297196,16.005204150336958,False,True,0.22144981099267075,0.08308030265050553,0.0,0.0,0.24713640868364262,0.25271106823544665,-0.015332964485633694,-0.013646800785270669
148,9.5,15.061290281519417,10.030649829490198,2.2873382755689096,0.7612036844653756,25.601206867100764,14.74874474615627,False,True,0.21203826535012657,0.0727265523573879,0.0,0.0,0.24674749580376618,0.25248979148893846,-0.015459603590181802,-0.013709379010531373
148,10.0,14.965119897552803,9.323901742751644,2.4433618926398455,0.7615342979090364,25.15274194210729,13.801408324410012,False,True,0.20241582128694305,0.06475071871923477,0.0,0.0,0.24633209869818048,0.2522686675620588,-0.015596245514756878,-0.013772255863070001
148,10.5,14.710883613500492,8.943132224994464,2.514478036499825,0.7754541712176859,24.875752471204173,13.587303599940668,False,True,0.19425493655531967,0.06142983832967605,0.0,0.0,0.2458976852445239,0.2520483698123473,-0.015740684921236477,-0.013835239760786816
148,11.0,14.540734052554011,8.433342077300393,2.6180546004480307,0.7726415045606038,24.5575662990835,13.107054102401985,False,True,0.18711705584357957,0.05664122712560539,0.0,0.0,0.24545506396866393,0.2518271550223281,-0.015889495671509102,-0.013898831487296521
148,11.5,14.102134137978707,7.917478820623863,2.68161099879297,0.7784369770856086,24.22724271556781,12.888515575832749,False,True,0.17671384776908516,0.052598245161858376,0.0,0.0,0.24500008710015994,0.2516071441879364,-0.01604421084171833,-0.013962422835349847
148,12.0,15.418519691436261,8.374854604950617,2.825844322670902,0.7862741622255693,24.38110937521898,12.220783777114168,False,True,0.19437381634496836,0.05440240889013587,0.0,0.0,0.24453784348749572,0.2513872292880921,-0.016203238761661964,-0.014026333189411624
148,12.5,14.17698049311316,7.70057264474559,2.7951609672765905,0.7862346919815301,24.022831465856086,12.518802662905312,False,True,0.17481056599282252,0.05057191324284075,0.0,0.0,0.24405804142289456,0.25116713929069445,-0.016370297955284527,-0.01409064370232958
148,13.0,13.63820020324123,7.373940419745217,2.731504701211019,0.7752802926849578,23.896121311260593,12.628018976702322,False,True,0.16660858108946255,0.04843990260831492,0.0,0.0,0.24358296040924193,0.2509478672946106,-0.016537739281593505,-0.01415506486275262
148,13.5,14.93064775127751,7.828107875299858,2.8743414516771355,0.7806027786177901,24.06860101401911,11.886583935461795,False,True,0.1836747238536141,0.050120904744195185,0.0,0.0,0.24311679185950996,0.25073079377498986,-0.016704026653205438,-0.014219186077107223
148,14.0,13.181946293191121,7.20353754554795,2.6468302380179414,0.7721287525064525,23.87265817271772,12.81268342176065,False,True,0.16071476148989453,0.04792081518167006,0.0,0.0,0.24263321157134854,0.2505138342739645,-0.01687863457447767,-0.014283619717576832
148,14.5,13.78825800720108,7.757053127500448,2.6392546182428833,0.7862476240316225,24.060401343779958,12.21927606305581,False,True,0.16951371908174045,0.05037375716992043,0.0,0.0,0.24217940399017537,0.25029873686138004,-0.01704447368745037,-0.014347844056224574
148,15.0,13.844110426877666,7.899688598035408,2.6084583702482758,0.7887892113791702,24.178616565572234,12.479083081785797,False,True,0.17176964721532867,0.051971753184318126,0.0,0.0,0.24172733291092363,0.2500826125894202,-0.017211612110434687,-0.014412721835056493
148,15.5,12.588147366384037,7.358891837329292,2.428708143358106,0.770275529746708,24.109583339642562,13.370294347959428,False,False,0.15608685067351236,0.05045042978725209,0.0,0.0,0.24127994887767354,0.24986692709350902,-0.017378943687903377,-0.014477816669032237
148,16.0,12.51607387912905,7.263322139219733,2.46596392517053,0.7750264161637695,23.9646431553659,12.962882180428327,False,False,0.15341198389432983,0.04902298986191346,0.0,0.0,0.24085622557183292,0.24965435399245423,-0.017539215765382473,-0.014542315201301292
148,16.5,11.610407632674857,6.95867425582995,2.28352139141521,0.7667120508408509,23.943814843785496,13.296047017962614,False,False,0.14204129698093643,0.048200302292568525,0.0,0.0,0.24042850187782258,0.24944191927782863,-0.017702790291880984,-0.014607114059521774
148,17.0,11.174277276151074,7.043788604566483,2.14097790948116,0.7691012800722374,24.085724639868875,13.661971561646174,False,False,0.13817406416859104,0.0500185598815437,0.0,0.0,0.24002476753879515,0.24923127872040507,-0.017858860709287012,-0.014671705605699317
148,17.5,9.96828768633419,6.831083802687304,1.8214504815894539,0.7577870881983388,24.38195551779229,14.738402797781536,False,False,0.1256738047277854,0.05243149592212228,0.0,0.0,0.2396399314434486,0.24902105932563814,-0.018009154057414056,-0.014736507577850583
148,18.0,9.302548448740628,6.718556634691806,1.6769495609827343,0.7594769541090414,24.438401459351624,14.95849711789971,False,False,0.11780759322258852,0.05331725833420596,0.0,0.0,0.23929654077431478,0.24881299851414662,-0.018144535167352562,-0.01480098020995021
148,18.5,7.785776129411591,6.127708550987295,1.367976904774837,0.7433357860566195,24.567300753710995,15.956233486396549,False,False,0.0996214210822873,0.05390264687485777,0.0,0.0,0.23897228527413958,0.24860543045544167,-0.018273486759362304,-0.014865635314629077
148,19.0,5.754181421516188,5.052883586698377,0.9985719400434873,0.7311718796318338,24.628882190636684,17.516510836980558,False,False,0.07399303564372872,0.053849219714319385,0.0,0.0,0.23868811805918383,0.2484006188744245,-0.018387394466457332,-0.014929761911836873
148,19.5,2.768643091905726,2.933016209963152,0.4496745536837129,0.6410765897305165,12.494453204214986,13.919157765592862,False,False,0.03666913533428971,0.05171188723307796,0.0,0.0,0.2384517343420511,0.2481980485542574,-0.018482793309504388,-0.014993511231581257
148.0,20.0,0.0,0.0,0.0,0.0,0.0,0.0,0.0,0.0,0.0,0.0,0.0,0.0,0.23828600158095387,0.24800764227173935,-0.01855003088362888,-0.015053728406951863
148.0,20.5,0.0,0.0,0.0,0.0,0.0,0.0,0.0,0.0,0.0,0.0,0.0,0.0,0.23817826981126974,0.24789960501631758,-0.018593893837636575,-0.015088023993221239
148.0,21.0,0.0,0.0,0.0,0.0,0.0,0.0,0.0,0.0,0.0,0.0,0.0,0.0,0.2380712300130417,0.2477922346581992,-0.018637597498342547,-0.015122200150335018
148.0,21.5,0.0,0.0,0.0,0.0,0.0,0.0,0.0,0.0,0.0,0.0,0.0,0.0,0.23796487639465308,0.2476855233811139,-0.018681142266399563,-0.015156257947823333
148.0,22.0,0.0,0.0,0.0,0.0,0.0,0.0,0.0,0.0,0.0,0.0,0.0,0.0,0.23785920312004608,0.24757946350262064,-0.018724528588497834,-0.015190198439995096
148.0,22.5,0.0,0.0,0.0,0.0,0.0,0.0,0.0,0.0,0.0,0.0,0.0,0.0,0.2377542043169975,0.24747404747111076,-0.01876775695414934,-0.015224022666232169
148.0,23.0,0.0,0.0,0.0,0.0,0.0,0.0,0.0,0.0,0.0,0.0,0.0,0.0,0.23764987408480262,0.24736926786289443,-0.01881082789265592,-0.015257731651276156
148.0,23.5,0.0,0.0,0.0,0.0,0.0,0.0,0.0,0.0,0.0,0.0,0.0,0.0,0.2375462065014031,0.24726511737936566,-0.01885374197025179,-0.015291326405508768
148.0,24.0,0.0,0.0,0.0,0.0,0.0,0.0,0.0,0.0,0.0,0.0,0.0,0.0,0.23744319562999588,0.24716158884424644,-0.018896499787409936,-0.015324807925224731
149.0,0.5,0.0,0.0,0.0,0.0,0.0,0.0,0.0,0.0,0.0,0.0,0.0,0.0,0.23734083552515495,0.2470586752009036,-0.018939101976303836,-0.015358177192898975
149.0,1.0,0.0,0.0,0.0,0.0,0.0,0.0,0.0,0.0,0.0,0.0,0.0,0.0,0.23723912023849747,0.2469563695097397,-0.018981549198415847,-0.015391435177446785
149.0,1.5,0.0,0.0,0.0,0.0,0.0,0.0,0.0,0.0,0.0,0.0,0.0,0.0,0.23713804382392403,0.24685466494565278,-0.019023842142283576,-0.01542458283447827
149.0,2.0,0.0,0.0,0.0,0.0,0.0,0.0,0.0,0.0,0.0,0.0,0.0,0.0,0.237037600342459,0.24675355479556477,-0.019065981521377375,-0.015457621106546533
149.0,2.5,0.0,0.0,0.0,0.0,0.0,0.0,0.0,0.0,0.0,0.0,0.0,0.0,0.23693778386671868,0.24665303245601508,-0.019107968072100783,-0.01549055092339021
149.0,3.0,0.0,0.0,0.0,0.0,0.0,0.0,0.0,0.0,0.0,0.0,0.0,0.0,0.23683858848502953,0.246553091430818,-0.019149802551907742,-0.015523373202170296
149.0,3.5,0.0,0.0,0.0,0.0,0.0,0.0,0.0,0.0,0.0,0.0,0.0,0.0,0.23674000830522016,0.24645372532878163,-0.01919148573752955,-0.015556088847701405
149.0,4.0,0.0,0.0,0.0,0.0,0.0,0.0,0.0,0.0,0.0,0.0,0.0,0.0,0.23664203745810805,0.24635492786148677,-0.019233018423305808,-0.015588698752677781
149.0,4.5,0.0,0.0,0.0,0.0,0.0,0.0,0.0,0.0,0.0,0.0,0.0,0.0,0.236544670100701,0.2462566928411232,-0.019274401419613185,-0.015621203797894102
149,5.0,1.9023229162206543,1.8894617308047372,0.12350626204464822,0.10931063779793139,15.06671551974191,14.604327510464783,False,False,0.04407179134951416,0.03899371613957957,0.0,0.0,0.23644790041913138,0.24615901417838243,-0.019315635551386903,-0.01565360485246116
149,5.5,7.156694144266302,7.24759602340969,0.5046588207684862,0.6391262774314258,29.70984541558533,30.365006608692376,False,False,0.15616797343487274,0.19860591981976095,0.0,0.0,0.23633598388413793,0.24604795612116404,-0.019363454988350355,-0.015690541322559533
149,6.0,10.214888855368754,9.936905178514415,0.8338833116154951,0.6247356793385054,29.001161130295802,25.842885542849984,False,False,0.2031528667268701,0.15288583198772226,0.0,0.0,0.23617608216223904,0.2458699266466584,-0.01943202239568668,-0.015749968514173936
149,6.5,12.054050031041108,11.127732049263996,1.1451981072627182,0.6790758650166853,28.22810441786726,22.692258362433677,False,False,0.21860283760083962,0.1306874026754713,0.0,0.0,0.23597480688941666,0.24569426966661587,-0.019518742889471734,-0.015808866775717308
149,7.0,13.229973621566451,11.600387266354002,1.3949030199327692,0.7122846950642419,27.69170628559407,20.69720121362993,False,False,0.22610239296084989,0.11693393433280838,0.0,0.0,0.2357344347189361,0.24551222091038402,-0.01962291341082067,-0.015870185357521202
149,7.5,13.973419972534039,11.393186899533347,1.6697130472405757,0.7373310551785283,26.959098661190374,18.509961520949574,False,False,0.2231350186531365,0.10028696085079011,0.0,0.0,0.23546281123495677,0.24532646757894194,-0.019741425621064526,-0.015933044047802537
149,8.0,14.367607685691528,10.326032058068513,2.0313742396433,0.7472303008408342,25.983691619426555,15.710889045671571,False,False,0.20908147396414356,0.07826202067790586,0.0,0.0,0.23515673179824367,0.24513804429896083,-0.0198759948014,-0.01599710955121358
149,8.5,14.526823508728748,9.492491369097241,2.3115663022787074,0.768291646504514,25.280735699307193,14.243393875891371,False,True,0.19856070899486294,0.06711407830861141,0.0,0.0,0.23480512341786783,0.24494887585501285,-0.020031932268264267,-0.016061737405538987
149,9.0,14.567459583311326,8.956252567574744,2.4898532564484537,0.776728404332541,24.855220056087724,13.435729797866063,False,True,0.19207148063204055,0.060986123463686356,0.0,0.0,0.2344183627548786,0.24475753445861126,-0.020205146366741616,-0.016127424350376614
149,9.5,14.624618982614209,8.643231676022616,2.5974650963344024,0.779786448245827,24.633686312164855,13.103689429035821,False,True,0.1893887421530675,0.05799774691872927,0.0,0.0,0.23400943082162803,0.24456562360699133,-0.020390234646622304,-0.016193628544552044
149,10.0,14.627326759040635,8.433010516865126,2.6624483183001506,0.7799813664182756,24.499238253556044,12.99221380115937,False,True,0.18741545897556558,0.056157523638297485,0.0,0.0,0.23358732904476004,0.2443738235156404,-0.020583406556576235,-0.016260118312580212
149,10.5,14.51527087984686,8.240911614789331,2.690824024071092,0.780162541136008,24.402681261056948,12.993184638036793,False,True,0.18453856803760366,0.054854430287912204,0.0,0.0,0.23315748494186728,0.24418249391020322,-0.020782366761464915,-0.016326769312354952
149,11.0,14.330559502481998,8.068448595664648,2.68464872062749,0.7773879067165546,24.35429839546725,13.105152692863227,False,True,0.18147124659285765,0.05400264311510595,0.0,0.0,0.2327245588696641,0.24399163148861452,-0.020985073961835174,-0.016393582143874007
149,11.5,14.011637778278729,7.804444795872753,2.6759033041641143,0.7718560141348736,24.26066992054553,13.25222426563235,False,True,0.17614543924557716,0.052378935756976705,0.0,0.0,0.2322929492325819,0.2438016079399404,-0.02118951412903522,-0.016460425192008795
149,12.0,13.795300750564259,7.487224342522191,2.7238797080554322,0.7768456387014561,24.05554389464777,13.140812300298556,False,True,0.17067617671857788,0.050198003012754906,0.0,0.0,0.23186297912308837,0.243612769725366,-0.021395541606750963,-0.016527173229945825
149,12.5,14.291086534251663,7.466930288743992,2.8716289831185944,0.7826120826762945,23.89157815573651,12.439077694909765,False,True,0.17456546282137209,0.048631566257665695,0.0,0.0,0.23142741598869168,0.24342377122730854,-0.021606687310273463,-0.016594301077211833
149,13.0,14.654271465179328,7.114586726092474,3.039206846258514,0.7797244604272332,23.581977832815,11.731836266150253,False,True,0.17498042030326266,0.04513977352127199,0.0,0.0,0.23097354124272093,0.24323450869335075,-0.021829356803765368,-0.016661848494672154
149,13.5,13.103306541905333,6.528748879323601,2.9190074847665994,0.7824606346489776,23.296662547158675,12.292283955936142,False,True,0.1530217184818306,0.042203507363242986,0.0,0.0,0.23049882389516171,0.24304608024491445,-0.022065183359517692,-0.016729423915939984
149,14.0,13.060346091399209,6.3166111711426325,2.9785022225103477,0.7766601364760254,23.15671170658704,12.034344556594743,False,True,0.15091682153223068,0.0405253542287186,0.0,0.0,0.23003993209165668,0.2428577646040397,-0.022296039096699655,-0.01679728538246037
149,14.5,12.904506616444417,6.364176597616927,2.8814086068876716,0.7792916072905876,23.185193041009317,12.105451516469119,False,True,0.14949501959971884,0.0409963929988664,0.0,0.0,0.2295739628697332,0.24267064506792785,-0.02253340610855373,-0.01686504093202886
149,15.0,12.6529897325789,6.599465914156054,2.732107358058857,0.7906782681984363,23.32880634973661,12.033663367505422,False,True,0.1472322593106506,0.04244493332530984,0.0,0.0,0.22912086673255064,0.24248364263838162,-0.02276710828826793,-0.016933079660266238
149,15.5,11.836527113271858,6.206149152594607,2.6187636613561343,0.7806005911331626,23.227854624342843,12.734103012918482,False,False,0.13748214687398852,0.041452398798437595,0.0,0.0,0.22868729270758514,0.24229563719285566,-0.02299344992671066,-0.017001813264325222
149,16.0,10.80508991303455,5.888707723665117,2.4150240807959187,0.7748114507221671,23.18796767836421,13.362417954679966,False,False,0.12509413433282202,0.040704356386495465,0.0,0.0,0.2282686547302014,0.24210935963089117,-0.02321454294438506,-0.017070243264657295
149,16.5,10.299736066747553,5.767039803920781,2.3004658229747927,0.7704201516137844,23.168189349253367,13.440140931580627,False,False,0.1189706257667704,0.04022302613346822,0.0,0.0,0.22787646834270728,0.24192425915364527,-0.02342396777255373,-0.01713856615668203
149,17.0,10.70293470357205,6.161776079121285,2.3059612153779097,0.7709642237489912,23.38607899816673,13.073748352321886,False,False,0.1254849848298026,0.042256910649693925,0.0,0.0,0.22749936509497398,0.24174015339268373,-0.023627464467004602,-0.01720684532835082
149,17.5,10.210948541182539,6.082738161159536,2.193775907340255,0.7694973156749952,23.37750087001693,13.072471495361658,False,False,0.11958370228266232,0.04207415637014554,0.0,0.0,0.22712204241649525,0.24155640924217894,-0.02383319131258615,-0.017275313785840303
149,18.0,8.395962435829688,5.6327865593091815,1.7513382419504104,0.7623289727503196,23.55864627581694,14.405657386545057,False,False,0.09936735444343874,0.0431958808224589,0.0,0.0,0.22675949291108713,0.2413732788480247,-0.024032877009011192,-0.0173438767703928
149,18.5,5.093175032162289,4.103944488059228,0.9639402245530738,0.7195436241555347,24.144360125842542,18.36563616125788,False,False,0.06302475216463607,0.046897542351346,0.0,0.0,0.2264537978037216,0.2411914846987459,-0.024202798893033898,-0.01741226038989714
149,19.0,5.523420075923598,4.7149575927604594,1.0309300856268544,0.7376243937004566,24.20303807004,17.178116196948153,False,False,0.06866215540823431,0.0488052634751811,0.0,0.0,0.22624891262055308,0.24101556156408582,-0.02431748659540716,-0.017478741638063084
149,19.5,2.8057571097183756,2.96498599892233,0.4917059191045101,0.6641206424142332,12.285700980422638,13.552603900167602,False,False,0.035912378982919636,0.04805875114164942,0.0,0.0,0.22603595661565032,0.24083774915601966,-0.02443737902976452,-0.017546244392617812
149.0,20.0,0.0,0.0,0.0,0.0,0.0,0.0,0.0,0.0,0.0,0.0,0.0,0.0,0.2258921776237645,0.24066971445095023,-0.024518723743400948,-0.01761032089041102
149.0,20.5,0.0,0.0,0.0,0.0,0.0,0.0,0.0,0.0,0.0,0.0,0.0,0.0,0.22581151656473106,0.24058671756471905,-0.024564499977474022,-0.017642072853264454
149.0,21.0,0.0,0.0,0.0,0.0,0.0,0.0,0.0,0.0,0.0,0.0,0.0,0.0,0.225731310292968,0.24050412396475596,-0.024610119117360392,-0.01767373826986419
149.0,21.5,0.0,0.0,0.0,0.0,0.0,0.0,0.0,0.0,0.0,0.0,0.0,0.0,0.22565155512378512,0.24042192991465727,-0.024655581809032278,-0.017705317754014002
149.0,22.0,0.0,0.0,0.0,0.0,0.0,0.0,0.0,0.0,0.0,0.0,0.0,0.0,0.2255722473796099,0.2403401317287878,-0.02470088871452985,-0.01773681191255045
149.0,22.5,0.0,0.0,0.0,0.0,0.0,0.0,0.0,0.0,0.0,0.0,0.0,0.0,0.22549338339181482,0.24025872577137516,-0.024746040510809347,-0.01776822134545113
149.0,23.0,0.0,0.0,0.0,0.0,0.0,0.0,0.0,0.0,0.0,0.0,0.0,0.0,0.22541495950241994,0.24017770845562467,-0.024791037888648733,-0.017799546645940384
149.0,23.5,0.0,0.0,0.0,0.0,0.0,0.0,0.0,0.0,0.0,0.0,0.0,0.0,0.22533697206567715,0.24009707624285312,-0.024835881551608412,-0.017830788400593236
149.0,24.0,0.0,0.0,0.0,0.0,0.0,0.0,0.0,0.0,0.0,0.0,0.0,0.0,0.22525941744954286,0.24001682564164212,-0.024880572215044035,-0.01786194718943705
150.0,0.5,0.0,0.0,0.0,0.0,0.0,0.0,0.0,0.0,0.0,0.0,0.0,0.0,0.22518229203704568,0.239936953207009,-0.024925110605169432,-0.01789302358605158
150.0,1.0,0.0,0.0,0.0,0.0,0.0,0.0,0.0,0.0,0.0,0.0,0.0,0.0,0.22510559222755464,0.23985745553959634,-0.024969497458166425,-0.017924018157666678
150.0,1.5,0.0,0.0,0.0,0.0,0.0,0.0,0.0,0.0,0.0,0.0,0.0,0.0,0.22502931443795357,0.23977832928487855,-0.02501373351934038,-0.01795493146525851
150.0,2.0,0.0,0.0,0.0,0.0,0.0,0.0,0.0,0.0,0.0,0.0,0.0,0.0,0.22495345510372733,0.23969957113238582,-0.025057819542318283,-0.017985764063643626
150.0,2.5,0.0,0.0,0.0,0.0,0.0,0.0,0.0,0.0,0.0,0.0,0.0,0.0,0.2248780106799644,0.23962117781494433,-0.025101756288287896,-0.018016516501571503
150.0,3.0,0.0,0.0,0.0,0.0,0.0,0.0,0.0,0.0,0.0,0.0,0.0,0.0,0.224802977642281,0.23954314610793268,-0.025145544525275853,-0.01804718932181516
150.0,3.5,0.0,0.0,0.0,0.0,0.0,0.0,0.0,0.0,0.0,0.0,0.0,0.0,0.22472835248767103,0.23946547282855446,-0.025189185027462736,-0.018077783061260063
150.0,4.0,0.0,0.0,0.0,0.0,0.0,0.0,0.0,0.0,0.0,0.0,0.0,0.0,0.22465413173528612,0.2393881548351255,-0.025232678574533665,-0.01810829825099156
150.0,4.5,0.0,0.0,0.0,0.0,0.0,0.0,0.0,0.0,0.0,0.0,0.0,0.0,0.22458031192714958,0.2393111890263769,-0.02527602595106234,-0.018138735416380367
150,5.0,1.869124162786645,1.854973985390992,0.11640470377997197,0.10240363838008433,15.170589075781669,14.712870094188357,False,False,0.04465365429118634,0.039260397077520395,0.0,0.0,0.2245068896288088,0.23923457234077197,-0.025319227945927062,-0.018169095077166762
150,5.5,6.826026724461075,6.899684222303771,0.43846169117671213,0.5931648798668923,30.171766190063778,31.098012901733348,False,False,0.15902882701334203,0.2166671751922325,0.0,0.0,0.2244190276540875,0.23914525217478375,-0.025371041999018556,-0.018204565009824928
150,6.0,9.98292189816653,9.845687191794777,0.7305904330270917,0.6501466515987664,29.577696035378132,27.856821282508285,False,False,0.2139612840734716,0.19258283899732076,0.0,0.0,0.22429051577361966,0.23899373605257013,-0.025447055877391135,-0.018264922447226887
150,6.5,11.993516660811155,11.210432645935507,1.0768851775691288,0.670816183654558,28.559128781386484,23.754118864500576,False,False,0.2260349143104773,0.14234563471867726,0.0,0.0,0.2241251644674227,0.23883529875467852,-0.02554525958425003,-0.01832829217803164
150,7.0,13.32356678883336,11.63501382216549,1.39440235442848,0.7153550802076458,27.76680562406714,20.97246926766589,False,False,0.22955395732231454,0.11971426602684751,0.0,0.0,0.22391606787960605,0.23867456474186324,-0.025670091349900285,-0.018392848383860915
150,7.5,14.1455755315081,11.490921405580881,1.6610614922959377,0.7320463734442634,27.08999571798572,18.87237978395008,False,False,0.22902386246079606,0.10298003998043351,0.0,0.0,0.22366688991525696,0.2385084894018481,-0.025819802357806364,-0.0184598346259784
150,8.0,14.620817157410817,10.95844736351495,1.9383612815101403,0.7568573447681473,26.41673951468742,17.154701266046434,False,False,0.22221933005914354,0.08925229783986588,0.0,0.0,0.22338410828824026,0.23834061859563166,-0.025990965184593234,-0.01852784068264609
150,8.5,14.83748734955559,10.06607273785655,2.207864255533508,0.7612517123786047,25.748119757071883,15.529675786396668,False,True,0.21223879911466742,0.07545218187303102,0.0,0.0,0.22306636379728367,0.23816991480862915,-0.026184906060250635,-0.01859730073484305
150,9.0,14.93191953388993,9.534592943829024,2.3590418162882485,0.7586481356550083,25.407326708272613,14.701601433590438,False,True,0.20687099359449346,0.06854516088669106,0.0,0.0,0.2227146468141998,0.23799897701893535,-0.026401596885647527,-0.01866716712816494
150,9.5,14.75047033865049,8.922247643890909,2.5186601071542456,0.7757855018559422,24.952478992407883,14.19646381781357,False,True,0.19636805594115775,0.06228888616129344,0.0,0.0,0.22234403271416636,0.23782869426166814,-0.02663224608415946,-0.018737076950876085
150,10.0,14.491959377492911,8.340359074535947,2.6311928339805144,0.7842579486498616,24.58323253277308,13.833973229687835,False,True,0.18703221451390514,0.05740284733873976,0.0,0.0,0.22195344274581924,0.23765654819464946,-0.02687793044351292,-0.01880806907783331
150,10.5,14.196376154348105,7.74943911434908,2.731176595147509,0.7762289650621276,24.233293722340274,13.354523706394911,False,True,0.17818730305843516,0.052201741609837565,0.0,0.0,0.22154887406421958,0.23748364034699868,-0.027135260111686505,-0.0188796982069792
150,11.0,14.107725438643087,7.354412064843851,2.864659023318408,0.7898228971462283,23.88093563560153,12.982039668664878,False,True,0.17235347882807067,0.04887040256385439,0.0,0.0,0.2211319227649514,0.23731207090882603,-0.027403543452997694,-0.018951094376401453
150,11.5,13.273667045893491,6.871417911612457,2.7863126315872555,0.7734568150073705,23.7318179775673,13.313258328996726,False,True,0.1603743579604024,0.0462123330358167,0.0,0.0,0.2206983170001861,0.23713908181059884,-0.027685902154117596,-0.01902340725201415
150,12.0,14.173469709799683,6.816836726884619,3.0401291315227343,0.7845230784485856,23.456620396806684,12.342398997214616,False,True,0.1679306129748775,0.0440754035036395,0.0,0.0,0.22027504772146317,0.23696848837083206,-0.027964879527016904,-0.019095040885681796
150,12.5,13.846268574375031,6.5208947631059875,3.0673920052515258,0.7842355074002324,23.21756847899936,12.236018739881,False,True,0.16181217826441463,0.04202168885770266,0.0,0.0,0.21981978353356008,0.23679679227068853,-0.02826869203118524,-0.01916746228389002
150,13.0,11.688648998505833,5.615128350338752,2.8665716212249674,0.7842855203758785,22.75167705705509,13.013292419223017,False,True,0.13147454004227976,0.03729079265768975,0.0,0.0,0.219361391876276,0.23662543785288748,-0.028578573244375585,-0.01924006608304874
150,13.5,11.985970910674292,5.631265116455888,2.9736607755254334,0.7840791881508277,22.703462778534373,12.574307766446367,False,True,0.13422857072591798,0.036791267765210335,0.0,0.0,0.21892893514623094,0.23645437962014598,-0.028874639023797697,-0.01931287144474551
150,14.0,11.589349927225095,5.5529453520532055,2.8849264268715946,0.7919733916702377,22.651454500977557,12.803183250167473,False,True,0.12919517377992873,0.03665179029116096,0.0,0.0,0.21848317271481613,0.23628364779080904,-0.02918364704275977,-0.019385865429915182
150,14.5,12.249326535662817,5.6016130309253445,2.9986767718439338,0.7919426227668286,22.59083622740011,11.918592373308597,False,True,0.13523518192930406,0.03571693912966131,0.0,0.0,0.21804905608822153,0.2361122076716986,-0.02948837635879093,-0.019459493232975845
150,15.0,12.093382820392087,5.625839937064987,2.932987033944502,0.783720774745303,22.65091970993773,11.909382500166934,False,True,0.13407258725406176,0.03584264835058416,0.0,0.0,0.21760077927784108,0.23594106677346086,-0.029807032715993706,-0.019533325082015426
150,15.5,11.381439752120412,5.5877962139494795,2.7458287644054082,0.7858169718712423,22.663078356860773,12.467622348854423,False,True,0.12700172008323224,0.0364911994510433,0.0,0.0,0.21716120606183037,0.23577126654566657,-0.030123494077184676,-0.0196069086402955
150,16.0,10.219329188853912,5.249507567980855,2.5367301512482388,0.7819671734030417,22.588994248084326,13.169296607205585,False,False,0.11337331427146909,0.035655758669126236,0.0,0.0,0.2167458127695811,0.23560148979636286,-0.03042623305088314,-0.01968081246361389
150,16.5,9.792198268355945,5.20685228461104,2.395782015081276,0.7849736120051372,22.589068595268685,13.069126284648863,False,False,0.10809469989274513,0.03538066792736849,0.0,0.0,0.21635739260301248,0.2354324919329791,-0.030712598934348165,-0.01975470709345818
150,17.0,8.251436072252957,4.717641280944534,2.0260885037307985,0.7669955781093066,22.560609250560255,14.248637526172056,False,False,0.09127253609839277,0.03470177933097795,0.0,0.0,0.21598725826588855,0.23526339696567358,-0.030988476291337358,-0.01982897527756664
150,17.5,7.25711603854677,4.520532145587342,1.7351146201442411,0.76517778561007,22.73171179350093,15.096197757070586,False,False,0.08091116284725111,0.03567978658458107,0.0,0.0,0.21566455675350288,0.23509687675032795,-0.031231412000594993,-0.019902437944710024
150,18.0,5.909887179025544,4.189196519683324,1.3227928768021653,0.7500974426548976,23.117449481757873,16.651709581782754,False,False,0.06772143828175459,0.03825981338914873,0.0,0.0,0.2153792539640082,0.23493086971450497,-0.031448085236038745,-0.019975997222932945
150,18.5,3.9980547104651927,3.2643911993394568,0.8438653170356759,0.738213610736831,23.47152588965507,19.20239921975488,False,False,0.04701280396102084,0.04096506182343719,0.0,0.0,0.2151468109776537,0.23476706373984332,-0.031625939079743925,-0.020048898924665878
150,19.0,3.055995377652968,2.7882333471644243,0.5904222056198074,0.6968643892086457,24.02852608737437,20.434660670264353,False,False,0.0374782748980048,0.0440847890318984,0.0,0.0,0.2149757129676453,0.2346050493092154,-0.03175762084042981,-0.02012131532561368
150,19.5,1.7194837979358732,1.986093732921934,0.2964908312813644,0.6354751281464669,12.357358963562234,15.148761879261546,False,False,0.022265332745122275,0.04740432260271347,0.0,0.0,0.21483722325429647,0.2344485791274583,-0.03186468494024814,-0.02019154960867866
150.0,20.0,0.0,0.0,0.0,0.0,0.0,0.0,0.0,0.0,0.0,0.0,0.0,0.0,0.21473649882502363,0.23430020482533465,-0.03194282351983587,-0.02025841989439966
150.0,20.5,0.0,0.0,0.0,0.0,0.0,0.0,0.0,0.0,0.0,0.0,0.0,0.0,0.21467386331674318,0.2342330816618131,-0.03199152914290085,-0.02028875806209754
150.0,21.0,0.0,0.0,0.0,0.0,0.0,0.0,0.0,0.0,0.0,0.0,0.0,0.0,0.21461153157734777,0.23416622719082658,-0.03204008642149859,-0.02031902860978253
150.0,21.5,0.0,0.0,0.0,0.0,0.0,0.0,0.0,0.0,0.0,0.0,0.0,0.0,0.21454950113018434,0.23409963935652892,-0.03208849619137358,-0.02034923193332634
150.0,22.0,0.0,0.0,0.0,0.0,0.0,0.0,0.0,0.0,0.0,0.0,0.0,0.0,0.21448776952102358,0.23403331612619607,-0.032136759285924334,-0.020379368424874165
150.0,22.5,0.0,0.0,0.0,0.0,0.0,0.0,0.0,0.0,0.0,0.0,0.0,0.0,0.2144263343180153,0.23396725548988415,-0.03218487653603025,-0.020409438472892765
150.0,23.0,0.0,0.0,0.0,0.0,0.0,0.0,0.0,0.0,0.0,0.0,0.0,0.0,0.21436519311163246,0.23390145546009367,-0.03223284876988894,-0.02043944246221774
150.0,23.5,0.0,0.0,0.0,0.0,0.0,0.0,0.0,0.0,0.0,0.0,0.0,0.0,0.2143043435146054,0.2338359140714401,-0.03228067681286243,-0.020469380774099995
150.0,24.0,0.0,0.0,0.0,0.0,0.0,0.0,0.0,0.0,0.0,0.0,0.0,0.0,0.21424378316184628,0.23377062938032972,-0.03232836148733284,-0.020499253786251694
151.0,0.5,0.0,0.0,0.0,0.0,0.0,0.0,0.0,0.0,0.0,0.0,0.0,0.0,0.2141835097103649,0.23370559946464228,-0.03237590361256636,-0.020529061872891077
151.0,1.0,0.0,0.0,0.0,0.0,0.0,0.0,0.0,0.0,0.0,0.0,0.0,0.0,0.21412352083917593,0.2336408224234186,-0.032423304004585714,-0.020558805404787016
151.0,1.5,0.0,0.0,0.0,0.0,0.0,0.0,0.0,0.0,0.0,0.0,0.0,0.0,0.21406381424919887,0.23357629637655428,-0.03247056347605013,-0.020588484749302378
151.0,2.0,0.0,0.0,0.0,0.0,0.0,0.0,0.0,0.0,0.0,0.0,0.0,0.0,0.21400438766315025,0.2335120194644986,-0.03251768283614339,-0.020618100270437114
151.0,2.5,0.0,0.0,0.0,0.0,0.0,0.0,0.0,0.0,0.0,0.0,0.0,0.0,0.2139452388254299,0.2334479898479589,-0.03256466289046809,-0.020647652328870406
151.0,3.0,0.0,0.0,0.0,0.0,0.0,0.0,0.0,0.0,0.0,0.0,0.0,0.0,0.2138863655020004,0.2333842057076104,-0.03261150444094768,-0.020677141282002168
151.0,3.5,0.0,0.0,0.0,0.0,0.0,0.0,0.0,0.0,0.0,0.0,0.0,0.0,0.2138277654802612,0.2333206652438108,-0.03265820828573446,-0.02070656748399403
151.0,4.0,0.0,0.0,0.0,0.0,0.0,0.0,0.0,0.0,0.0,0.0,0.0,0.0,0.21376943656891728,0.23325736667632008,-0.03270477521912379,-0.02073593128580957
151.0,4.5,0.0,0.0,0.0,0.0,0.0,0.0,0.0,0.0,0.0,0.0,0.0,0.0,0.2137113765978433,0.2331943082440255,-0.03275120603147426,-0.020765233035253863
151.0,5.0,0.0,0.0,0.0,0.0,0.0,0.0,0.0,0.0,0.0,0.0,0.0,0.0,0.21365358341794255,0.23313148820467103,-0.032797501509133846,-0.020794473077012515
151,5.5,6.498760601856888,6.5804609241205565,0.3401782024694655,0.5225834870730872,15.5176722263996,16.474318344674646,False,False,0.17332508872436087,0.2696564901973202,0.0,0.0,0.21359605490100267,0.23306890483459153,-0.032843662434370646,-0.020823651752690076
151,6.0,9.309124927205344,9.319596568282394,0.5592554996748708,0.5905776775051854,30.519131972561524,30.476859606479845,False,False,0.22850301732102932,0.24507080830473604,0.0,0.0,0.2134954390830754,0.23293996215817103,-0.03292458286963857,-0.02088392352712537
151,6.5,11.613322216522906,11.40809462489311,0.80187257393536,0.6531941416731826,29.911434299189956,27.955119772436987,False,False,0.26062397630405354,0.21667821573095764,0.0,0.0,0.21336716610315304,0.23280258806923163,-0.03302809135796032,-0.020948365233292354
151,7.0,13.232798545715774,12.563686705543915,1.0357368830847666,0.651466644739673,29.337907775592505,25.32655045281795,False,False,0.2747391725219839,0.1775817864827599,0.0,0.0,0.21320823415557735,0.23265746619697958,-0.03315687807401316,-0.02101669891251763
151,7.5,14.26181905727001,12.790374075175961,1.325338660027814,0.6943016495288504,28.464005274491175,22.44782527841547,False,False,0.265789024993641,0.14353354415188763,0.0,0.0,0.2130197565839347,0.23251279441984848,-0.03331038273777664,-0.02108508516931529
151,8.0,14.895505673641457,12.7169196065732,1.5421553108385697,0.7224911017105612,27.808264106636486,20.65834688696568,False,False,0.2597225335995409,0.1251744302150262,0.0,0.0,0.21279462858223452,0.2323628923795048,-0.033494848351470215,-0.02115622363725143
151,8.5,15.22638130251453,12.032192437149753,1.7879426021509297,0.7358584573093466,27.102681723175227,18.62702882431587,False,False,0.2466406023686164,0.10488107045305502,0.0,0.0,0.21254212335731965,0.23220962478209156,-0.0337031964693267,-0.021229255157412356
151,9.0,15.373801989161057,11.503772055543587,1.9741863829330768,0.7623885053710118,26.5758842725819,17.556990742708155,False,False,0.2364551901909102,0.09461740549790931,0.0,0.0,0.21225854711549516,0.2320548788480982,-0.033939025706801164,-0.021303296042848113
151,9.5,15.322143521109693,10.830431522175063,2.120311452394949,0.768805263446823,26.11806854675168,16.63816627357744,False,True,0.22566911686417046,0.08491626346601885,0.0,0.0,0.21195148568832464,0.23189697563497275,-0.034196606485352575,-0.02137916496081779
151,10.0,15.081572464578153,9.765384689742493,2.3226089905384626,0.7633843365513497,25.447141187736854,15.233234587717508,False,True,0.20930889749366555,0.07146379732751185,0.0,0.0,0.21162604957122663,0.2317384766677492,-0.03447214770715408,-0.02145564410448258
151,10.5,14.765169524366561,8.972415094111838,2.478148504166024,0.7747233759033119,24.87145201862372,14.388705841203144,False,True,0.1950922209671727,0.06316942280945184,0.0,0.0,0.21127507862615416,0.23158088890422293,-0.03477227905042209,-0.02153200695651888
151,11.0,14.260090787924236,8.159214748508251,2.5923971777470145,0.7747968842335818,24.354387683355988,13.867627801878715,False,True,0.18080545453872693,0.05615540613198104,0.0,0.0,0.21090452945446594,0.23142207504839782,-0.03509253780850537,-0.021609291778808257
151,11.5,14.025573812978307,7.963824453125169,2.6022574011278476,0.780622220189005,24.184815426803468,13.87056236450795,False,True,0.17540750051280363,0.05465769462409472,0.0,0.0,0.21051966197854463,0.23126346921414467,-0.03542889952365476,-0.021686805459069217
151,12.0,13.635131192401275,7.548225998554163,2.6239199125447126,0.7798343288605067,23.930297750124392,13.796514018239185,False,True,0.16720290426371204,0.051713938189887294,0.0,0.0,0.21013377684445395,0.23110433698676344,-0.03577001435161221,-0.021764909562698286
151,12.5,13.85900419073048,7.376462842618662,2.7389310419418145,0.7853930920097337,23.65521872527117,13.097919955005565,False,True,0.1663363752703219,0.04910354213026587,0.0,0.0,0.2097453682077578,0.2309455197037533,-0.036117318938210276,-0.021843193470012696
151,13.0,14.167131500660233,7.56801519656818,2.7435255157335705,0.7829319208253779,23.71200209375981,12.941952483390171,False,True,0.17091096270804623,0.050095618409215434,0.0,0.0,0.20934253856676158,0.23078620722575469,-0.036481771309731494,-0.02192205875640382
151,13.5,14.183938392089473,7.796212596372553,2.666964906923492,0.790996030205463,23.82544490079337,13.242224787323366,False,True,0.17245233585699626,0.05229343136409438,0.0,0.0,0.20893935681510378,0.2306274202229323,-0.03685093826879726,-0.022001001734073027
151,14.0,12.871545080029822,7.1227806759145755,2.5339124423807995,0.7767445023349664,23.594246604300686,13.804116785025297,False,True,0.15360325284297582,0.048842867417357716,0.0,0.0,0.20854616298098416,0.23046781613046396,-0.037215254697787144,-0.022080692506424183
151,14.5,12.070460998732417,6.806694109317212,2.392322591648743,0.7762953994564928,23.472497503261327,14.281978867460676,False,False,0.14279878612440863,0.047839719925122745,0.0,0.0,0.20817015420698035,0.2303102374248524,-0.03756766909538259,-0.022159709625268063
151,15.0,12.292898402598494,6.9085295385853485,2.441825797505651,0.778182479227029,23.414684167530538,13.768573254789509,False,False,0.1446799729841584,0.04754848905878316,0.0,0.0,0.2078124166818254,0.23015292398749304,-0.03790665575958577,-0.022238930015194655
151,15.5,11.35067043336445,6.5906888466643165,2.215414006325245,0.7671963268669635,23.418677082471678,14.435750566556358,False,False,0.13361372931880702,0.04725111417799073,0.0,0.0,0.20744859714814534,0.22999557690326217,-0.0382551503118641,-0.022318505126191733
151,16.0,11.73154044446939,7.281586834798115,2.1506246394988895,0.7847042167251781,23.672812168238575,13.955172314583464,False,False,0.14003376933205602,0.051068389229897176,0.0,0.0,0.207113854503848,0.2298398354619431,-0.03857916945960962,-0.022397602517209254
151,16.5,10.405070060813202,6.427010368855278,1.986867683642101,0.756541951644433,23.439086817613074,14.725108176262891,False,False,0.12265333861956641,0.04745805108650842,0.0,0.0,0.20678759105092787,0.2296820674317082,-0.038898132554395545,-0.022478069947803367
151,17.0,9.831520514357884,6.543154051310088,1.8036649591566762,0.7683564852873289,23.591394761998856,15.064058171391359,False,False,0.1166415651333706,0.049693105505755356,0.0,0.0,0.2064824168200434,0.22952809155493978,-0.0391993260743294,-0.022556935585163914
151,17.5,7.505910309546946,5.942465199473053,1.324206647445086,0.7583105593965775,23.76809136829032,16.805776424935672,False,False,0.0902395927635494,0.05145337356092714,0.0,0.0,0.20620080817139144,0.22937281236706852,-0.03947972953297478,-0.02263680288401097
151,18.0,8.418708242133485,6.080997132517362,1.5172473193742824,0.7596874010492812,23.64585169524483,15.688914615307542,False,False,0.10028720202570734,0.05031697172950366,0.0,0.0,0.2059805161284134,0.2292190145188826,-0.03970074585368247,-0.02271624060638962
151,18.5,7.254994524198128,5.6401115116564595,1.2826180188659149,0.7396007496877107,23.707854321688103,16.321795935124438,False,False,0.0868276892957282,0.04997460727350147,0.0,0.0,0.20573584063586092,0.2290652413071598,-0.03994795613887626,-0.02279599788779052
151,19.0,5.37511998476816,4.729197095274836,0.8848539014029954,0.7028584246198091,24.102435504655567,18.211169664406086,False,False,0.0662974297382998,0.0524310904320696,0.0,0.0,0.2055212792510378,0.2289142268356243,-0.04016625097557121,-0.022874649229696446
151,19.5,2.519805468786516,2.7622959457173772,0.38281220158077334,0.6467593131901541,12.27514960429645,14.402048161458081,False,False,0.032197662511070764,0.05398231562217654,0.0,0.0,0.2053576190950605,0.22876809255234382,-0.04033371481409442,-0.022951066879509575
151.0,20.0,0.0,0.0,0.0,0.0,0.0,0.0,0.0,0.0,0.0,0.0,0.0,0.0,0.20525814696338668,0.22862930413250107,-0.040435905296094164,-0.023023924952337186
151.0,20.5,0.0,0.0,0.0,0.0,0.0,0.0,0.0,0.0,0.0,0.0,0.0,0.0,0.20520766753683997,0.22857313005301239,-0.04048788219796155,-0.023053492297228008
151.0,21.0,0.0,0.0,0.0,0.0,0.0,0.0,0.0,0.0,0.0,0.0,0.0,0.0,0.20515739643311295,0.22851715098644773,-0.04053972372868802,-0.0230830020129652
151.0,21.5,0.0,0.0,0.0,0.0,0.0,0.0,0.0,0.0,0.0,0.0,0.0,0.0,0.20510733211092327,0.22846136594717353,-0.04059143063860518,-0.02311245422982487
151.0,22.0,0.0,0.0,0.0,0.0,0.0,0.0,0.0,0.0,0.0,0.0,0.0,0.0,0.20505747304405153,0.22840577394971556,-0.04064300367298783,-0.02314184908129497
151.0,22.5,0.0,0.0,0.0,0.0,0.0,0.0,0.0,0.0,0.0,0.0,0.0,0.0,0.20500781772118562,0.22835037400901168,-0.040694443572064934,-0.02317118670393627
151.0,23.0,0.0,0.0,0.0,0.0,0.0,0.0,0.0,0.0,0.0,0.0,0.0,0.0,0.20495836464576594,0.2282951651406534,-0.040745751071032586,-0.023200467237248126
151.0,23.5,0.0,0.0,0.0,0.0,0.0,0.0,0.0,0.0,0.0,0.0,0.0,0.0,0.20490911233583156,0.22824014636111722,-0.04079692690006727,-0.023229690823538266
151.0,24.0,0.0,0.0,0.0,0.0,0.0,0.0,0.0,0.0,0.0,0.0,0.0,0.0,0.20486005932386725,0.22818531668798547,-0.040847971784341255,-0.023258857607797227
152.0,0.5,0.0,0.0,0.0,0.0,0.0,0.0,0.0,0.0,0.0,0.0,0.0,0.0,0.20481120415665144,0.22813067514015767,-0.040898886444038246,-0.023287967737576586
152.0,1.0,0.0,0.0,0.0,0.0,0.0,0.0,0.0,0.0,0.0,0.0,0.0,0.0,0.20476254539510538,0.22807622073805228,-0.04094967159437071,-0.023317021362871317
152.0,1.5,0.0,0.0,0.0,0.0,0.0,0.0,0.0,0.0,0.0,0.0,0.0,0.0,0.2047140816141431,0.22802195250379959,-0.04100032794559775,-0.023346018636005973
152.0,2.0,0.0,0.0,0.0,0.0,0.0,0.0,0.0,0.0,0.0,0.0,0.0,0.0,0.20466581140252244,0.22796786946142572,-0.041050856203044314,-0.02337495971152444
152.0,2.5,0.0,0.0,0.0,0.0,0.0,0.0,0.0,0.0,0.0,0.0,0.0,0.0,0.2046177333626974,0.22791397063702823,-0.041101257067120756,-0.02340384474608357
152.0,3.0,0.0,0.0,0.0,0.0,0.0,0.0,0.0,0.0,0.0,0.0,0.0,0.0,0.20456984611067147,0.22786025505894353,-0.04115153123334381,-0.023432673898350194
152.0,3.5,0.0,0.0,0.0,0.0,0.0,0.0,0.0,0.0,0.0,0.0,0.0,0.0,0.20452214827585194,0.2278067217579067,-0.04120167939235785,-0.023461447328901437
152.0,4.0,0.0,0.0,0.0,0.0,0.0,0.0,0.0,0.0,0.0,0.0,0.0,0.0,0.20447463850090578,0.22775336976720373,-0.04125170222995712,-0.023490165200128376
152.0,4.5,0.0,0.0,0.0,0.0,0.0,0.0,0.0,0.0,0.0,0.0,0.0,0.0,0.20442731544161616,0.22770019812281617,-0.04130160042710872,-0.02351882767614301
152.0,5.0,0.0,0.0,0.0,0.0,0.0,0.0,0.0,0.0,0.0,0.0,0.0,0.0,0.20438017776674072,0.22764720586355947,-0.041351374659975966,-0.023547434922688043
152,5.5,6.393517611607383,6.486517642482454,0.4552749080316954,0.6004833990242103,28.835315246525788,30.07310571305561,False,False,0.1245709273080591,0.16468464319805806,0.0,0.0,0.2043332241578707,0.22759439203121387,-0.041401025599942506,-0.02357598710704997
152,6.0,9.599289431230222,9.487331552106518,0.7233133968777611,0.6739450468478568,28.552564105502988,27.090074909028182,False,False,0.1807716985247952,0.1697675189557506,0.0,0.0,0.2042284363588373,0.227465234397469,-0.041512089499212354,-0.023645986202039948
152,6.5,11.802956114782898,11.219363518518218,0.9767163786526308,0.6848150243884201,28.073296245832754,24.315174748175956,False,False,0.21033712257072779,0.14916404129257319,0.0,0.0,0.20408967313523618,0.22732689186105204,-0.0416597105274608,-0.02372123805644944
152,7.0,13.283746768315186,11.923304781620578,1.2307491297692172,0.7009360152882766,27.476389129567437,21.79862498309234,False,False,0.22188870972798413,0.12862166768321556,0.0,0.0,0.20391879824980969,0.22718733971441848,-0.04184235327197843,-0.02379743715385207
152,7.5,14.136328348259992,11.839318539677933,1.4676804587423078,0.7183808836818331,26.850728445298365,19.682838344020993,False,False,0.22157359817794497,0.11116625806490511,0.0,0.0,0.20371573018090078,0.22704590788181775,-0.04206064840640167,-0.023874960355557116
152,8.0,14.71094884328789,11.898696694085498,1.622665061098432,0.7487623312280057,26.435459133675785,18.908140986370036,False,False,0.22337710504591618,0.10606129123273403,0.0,0.0,0.2034826469541992,0.22690242674701594,-0.04231288424693485,-0.02395391450994303
152,8.5,15.076468004610803,11.519325590012839,1.7868311705380857,0.7493183723275094,26.015646970038564,17.683353671814004,False,False,0.22038872933316606,0.09570630126436915,0.0,0.0,0.20322999002534908,0.22675524686816537,-0.0425883406425887,-0.02403522743616279
152,9.0,15.250110710861057,11.125457387111638,1.9393004829445903,0.7696565234482392,25.584747905955133,16.872680215115537,False,True,0.21450694106759732,0.08844009174692946,0.0,0.0,0.20295658813712975,0.22660816809544929,-0.042888824505786724,-0.024116813249889887
152,9.5,15.136599612866965,10.182652290823352,2.118471809380397,0.7642111780788059,24.982960169094323,15.583891559102302,False,True,0.20220358864136942,0.07588572268896787,0.0,0.0,0.2026639306246189,0.22645866866786646,-0.04321327493113276,-0.02420008020257726
152,10.0,14.835817639624228,9.520845342514328,2.237002650813107,0.7785277114293694,24.50565769211037,15.07338203463869,False,True,0.19047024256857942,0.069081672702999,0.0,0.0,0.2023486135670608,0.22631003338899328,-0.043566124957134196,-0.02428320564423631
152,10.5,14.48390607330569,8.735093529423956,2.3528625359010125,0.7758355265911139,24.006081194810232,14.372035292718007,False,True,0.17878582532888332,0.06145135884493867,0.0,0.0,0.20201836335334214,0.2261597431003776,-0.04393937258264291,-0.024367602800111507
152,11.0,14.443355452797412,8.055944035692338,2.5386598038133723,0.7894578020028573,23.381189111784924,13.348625717711503,False,True,0.16990705327430183,0.05422534663147177,0.0,0.0,0.2016735191651668,0.2260099644346808,-0.04433318795930614,-0.024452060584217856
152,11.5,13.502903514802295,7.082324102412282,2.6227740659288825,0.7815020502241854,22.73468731744937,12.798380514241508,False,True,0.15157025908442914,0.046533545515610134,0.0,0.0,0.2013051675125013,0.2258586175701994,-0.04475850364377222,-0.024537757167105344
152,12.0,12.032428664081213,6.051587343019055,2.640368150894606,0.7867777769026912,21.971859803349815,12.797214827831919,False,True,0.12818773970603164,0.039670166272022495,0.0,0.0,0.20092626498093208,0.22570845144112445,-0.04520108428070992,-0.024623139087828316
152,12.5,11.801669328109817,5.83708786211437,2.649268270443215,0.7867336089661718,21.771360486318184,12.654069763241658,False,True,0.12398120018650016,0.03815918182405743,0.0,0.0,0.20054528726982457,0.22555777911962427,-0.045651356123079224,-0.024709164833347137
152,13.0,11.680134896196863,5.959313417780155,2.5627283677818444,0.7894961340839306,21.868750583204566,12.985186122561231,False,True,0.12351058586845867,0.03945965212052853,0.0,0.0,0.20016334113412215,0.2254072777407884,-0.046108147452615676,-0.024795450703207052
152,13.5,11.28865345860639,5.907150810813416,2.4509257068173276,0.7893588175716562,21.872109073340877,13.391649970463206,False,True,0.11939359868944605,0.039789092086880196,0.0,0.0,0.19979258763134258,0.22525658885536315,-0.04655677096278285,-0.024882203995943004
152,14.0,10.802169818488615,5.593037342954123,2.4373870530462343,0.7893387946415007,21.585844524326127,13.279153603837884,False,True,0.11209998418138875,0.037589388330611095,0.0,0.0,0.19943624494532547,0.2251060812226722,-0.04699286671449546,-0.024969214174241233
152,14.5,10.334209410730043,5.278107116446927,2.441106568232419,0.7880773083632999,21.259164515533257,13.015976884353911,False,True,0.10501190288473652,0.035132453173891645,0.0,0.0,0.19908178991042624,0.22495573912868289,-0.047431489328042684,-0.025056490818987382
152,15.0,11.45633378230419,5.707400860687454,2.537899336448046,0.7862051068766572,21.432955200252657,12.206597314582474,False,True,0.1177119992335249,0.03672371174006325,0.0,0.0,0.19872702217115193,0.22480572001775906,-0.047875392022256866,-0.02514394251150598
152,15.5,9.5859919380146,4.975348404553638,2.3100423884667225,0.7817615650154005,20.98158592993095,12.9851259533227,False,False,0.09561738863399893,0.033213330222145926,0.0,0.0,0.1983600800548274,0.2246561009641266,-0.04833974556532175,-0.025231523446524413
152,16.0,9.386917544955608,4.975538093707151,2.255097327525413,0.7934348479817508,20.91515963660683,12.95866542730149,False,False,0.09314258719208117,0.03337435367649975,0.0,0.0,0.1980223335011791,0.22450720889744413,-0.0487719029508865,-0.025319039896529623
152,16.5,8.52980514059919,4.879418798945585,1.9617251516237484,0.7800711846003816,21.091841102716558,13.774485943846754,False,False,0.08557315817911725,0.03432709034692376,0.0,0.0,0.19769174679810717,0.2243569892695548,-0.04919936422352353,-0.02540770344254033
152,17.0,7.840680140742621,4.76796015642775,1.7834310577610064,0.7869163212323089,21.111917823927755,14.291642145579768,False,False,0.07873321525099286,0.03499000460469155,0.0,0.0,0.19739870231894588,0.22420863187888326,-0.04958201874408887,-0.02549563116911552
152,17.5,7.973091473134092,4.9380950506825805,1.7936294034510074,0.7905306605020588,21.134444631011654,13.777437727858125,False,False,0.08011249625206454,0.035471595886074264,0.0,0.0,0.1971285342943299,0.22405956073892777,-0.04993794679487151,-0.02558434733409197
152,18.0,7.115595756454679,4.7041328762298456,1.5691418559706762,0.7664241059603414,21.221234924927053,14.146983270430445,False,False,0.07173886516971237,0.03507679988765761,0.0,0.0,0.19685722156841545,0.22391018684265335,-0.050298450818841614,-0.025673612855474835
152,18.5,6.020565086417342,4.556044917800861,1.265264383802775,0.7843222083750692,21.470587461358086,15.368578699486726,False,False,0.06167348195122532,0.038168952064366574,0.0,0.0,0.1966146697893703,0.2237640420303207,-0.050623366892340184,-0.025761308052251696
152,19.0,4.217217149897178,3.721496663159013,0.8440018119372599,0.7425118392225125,21.735065508864984,17.18462806280251,False,False,0.0439488225678739,0.038524734019491816,0.0,0.0,0.1964109948167642,0.22361577282675146,-0.05089813770999607,-0.02585064297254008
152,19.5,1.40769387909343,1.8176317581458645,0.25780316684518234,0.6863244393687801,11.121026014061506,14.885978623198229,False,False,0.01517394366453055,0.04011502969640827,0.0,0.0,0.19626115435061017,0.22347298734962803,-0.05110141720121971,-0.02593702294499776
152.0,20.0,0.0,0.0,0.0,0.0,0.0,0.0,0.0,0.0,0.0,0.0,0.0,0.0,0.1961861656532982,0.22333751701011242,-0.051203512957871886,-0.02601929563403631
152.0,20.5,0.0,0.0,0.0,0.0,0.0,0.0,0.0,0.0,0.0,0.0,0.0,0.0,0.19614417938180326,0.22328966123832217,-0.051260782637150476,-0.026048433288921355
152.0,21.0,0.0,0.0,0.0,0.0,0.0,0.0,0.0,0.0,0.0,0.0,0.0,0.0,0.19610234197717386,0.22324195911316,-0.05131792519039393,-0.026077516092509093
152.0,21.5,0.0,0.0,0.0,0.0,0.0,0.0,0.0,0.0,0.0,0.0,0.0,0.0,0.19606065246552618,0.22319440994885845,-0.05137494125756453,-0.02610654414977012
152.0,22.0,0.0,0.0,0.0,0.0,0.0,0.0,0.0,0.0,0.0,0.0,0.0,0.0,0.1960191098818558,0.22314701305895376,-0.051431831474089786,-0.026135517568475094
152.0,22.5,0.0,0.0,0.0,0.0,0.0,0.0,0.0,0.0,0.0,0.0,0.0,0.0,0.19597771326994012,0.22309976775645743,-0.05148859647089599,-0.026164436459089307
152.0,23.0,0.0,0.0,0.0,0.0,0.0,0.0,0.0,0.0,0.0,0.0,0.0,0.0,0.19593646168224146,0.22305267335402118,-0.051545236874442284,-0.026193300934670226
152.0,23.5,0.0,0.0,0.0,0.0,0.0,0.0,0.0,0.0,0.0,0.0,0.0,0.0,0.19589535417981188,0.22300572916409594,-0.05160175330675399,-0.026222111110768002
152.0,24.0,0.0,0.0,0.0,0.0,0.0,0.0,0.0,0.0,0.0,0.0,0.0,0.0,0.19585438983219863,0.22295893449908488,-0.051658146385456336,-0.026250867105328802
153.0,0.5,0.0,0.0,0.0,0.0,0.0,0.0,0.0,0.0,0.0,0.0,0.0,0.0,0.19581356771735092,0.22291228867149004,-0.05171441672380797,-0.026279569038601177
153.0,1.0,0.0,0.0,0.0,0.0,0.0,0.0,0.0,0.0,0.0,0.0,0.0,0.0,0.19577288692152792,0.22286579099405415,-0.05177056493073401,-0.02630821703304482
153.0,1.5,0.0,0.0,0.0,0.0,0.0,0.0,0.0,0.0,0.0,0.0,0.0,0.0,0.19573234653920732,0.2228194407798962,-0.051826591610859694,-0.026336811213242342
153.0,2.0,0.0,0.0,0.0,0.0,0.0,0.0,0.0,0.0,0.0,0.0,0.0,0.0,0.19569194567299567,0.2227732373426425,-0.0518824973645432,-0.026365351705813264
153.0,2.5,0.0,0.0,0.0,0.0,0.0,0.0,0.0,0.0,0.0,0.0,0.0,0.0,0.1956516834335391,0.2227271799965518,-0.05193828278790891,-0.026393838639330827
153.0,3.0,0.0,0.0,0.0,0.0,0.0,0.0,0.0,0.0,0.0,0.0,0.0,0.0,0.19561155893943558,0.22268126805663638,-0.05199394847287996,-0.02642227214424095
153.0,3.5,0.0,0.0,0.0,0.0,0.0,0.0,0.0,0.0,0.0,0.0,0.0,0.0,0.19557157131714809,0.22263550083877737,-0.052049495007211226,-0.02645065235278392
153.0,4.0,0.0,0.0,0.0,0.0,0.0,0.0,0.0,0.0,0.0,0.0,0.0,0.0,0.1955317197009185,0.22258987765983648,-0.052104922974521906,-0.026478979398917888
153.0,4.5,0.0,0.0,0.0,0.0,0.0,0.0,0.0,0.0,0.0,0.0,0.0,0.0,0.19549200323268306,0.22254439783776236,-0.05216023295432778,-0.02650725341824513
153,5.0,1.8735541068943413,1.7823048446685696,0.1667192267136521,0.12016422111109891,13.322513940891328,11.68435289119683,False,False,0.02878283362665659,0.020704886720650982,0.0,0.0,0.19545242106198832,0.22249906069169317,-0.052215425522073686,-0.026535474547940054
153,5.5,5.8120048655164815,5.8983505623717924,0.536177661373041,0.6356569368654733,26.401429691754835,26.85649162885884,False,False,0.08723583681212871,0.1034023457515985,0.0,0.0,0.19539172685017536,0.22243855268044185,-0.05230019150173601,-0.0265731949171589
153,6.0,9.057775105363485,8.573236946103286,0.9108082009360167,0.7107651294854036,25.898130338557316,22.443729988790256,False,False,0.12979012871771942,0.10149079708404751,0.0,0.0,0.195284084139429,0.22231249531390032,-0.05245092970044279,-0.026651983792075735
153,6.5,11.281682556638255,9.557396151352336,1.2759521422164886,0.7278633933231071,25.19831666559547,18.85819971826148,False,False,0.15207092025748392,0.08715749370641274,0.0,0.0,0.19512883300589132,0.22217700734331952,-0.05266924939668771,-0.026736977577832884
153,7.0,12.522670217148164,9.656659159391033,1.5710216301929965,0.7636003844709327,24.563637216641716,17.013608142899184,False,False,0.16018425210917245,0.07847278367529104,0.0,0.0,0.1949271815323941,0.22203948046516886,-0.05295443759774053,-0.02682358088338862
153,7.5,13.16813408790588,9.190831902148735,1.8162926575124276,0.7636658412354467,23.971429575627766,15.427446362986444,False,False,0.1607843344101153,0.06837389297103424,0.0,0.0,0.19468805868821165,0.22189753882986754,-0.05329500823202047,-0.026913314971861394
153,8.0,13.39255323007325,8.707995572284421,2.005426842680463,0.7729823753089596,23.39959577889373,14.538714078263672,False,False,0.15749697716876782,0.06163557544571684,0.0,0.0,0.19441780962349453,0.22175572750161113,-0.053683056856906844,-0.02700332408681025
153,8.5,13.397085620508207,8.175433333358624,2.1583755715771913,0.7813933947582765,22.92107409347387,13.869103023362264,False,True,0.1522741032168431,0.05619917662443285,0.0,0.0,0.19412358721306847,0.22161286693677065,-0.05410936273160746,-0.027094362055131598
153,9.0,13.26076734223041,7.7487153646217966,2.2482240540145133,0.7817165909901695,22.58228685504764,13.53853796283692,False,True,0.14715288714585853,0.052348858025667244,0.0,0.0,0.19381000187802802,0.2214690718801455,-0.05456817231449669,-0.027186365055564703
153,9.5,12.960832774128459,7.391010602688511,2.306736104184091,0.790399525656634,22.26982110974984,13.45805326075841,False,True,0.1408518708826833,0.04972619571524464,0.0,0.0,0.19348509387310095,0.22132537234362573,-0.055048446189705585,-0.02727867903855023
153,10.0,12.493358124032278,6.834653951149356,2.350345115556926,0.7822046280285792,21.892700601409825,13.166287081692106,False,True,0.13231549526751882,0.04542956240531067,0.0,0.0,0.19315285570847093,0.22118070238584198,-0.05554477279561371,-0.027371993950738072
153,10.5,11.886455345015179,6.345340126902322,2.369885700077481,0.7851421005562073,21.489968312153344,13.092814580297295,False,True,0.12258128252535347,0.04196207791262562,0.0,0.0,0.19281518574794446,0.22103721216460542,-0.056054686974093465,-0.027464923843352695
153,11.0,11.607754237206015,6.14388532029008,2.3609645433181536,0.7905742366087359,21.293439629640773,13.101246761771382,False,True,0.11809847127975245,0.04070559516937414,0.0,0.0,0.19247515033295554,0.22089348242464707,-0.05657381948060592,-0.027558385959016544
153,11.5,11.460518515056314,6.229062898720092,2.284195715301369,0.7876753864012638,21.397076344562354,13.472362895079948,False,True,0.11735513583689308,0.041792699602254374,0.0,0.0,0.19213637566385058,0.22074919464262321,-0.05709673373830616,-0.027652592354405026
153,12.0,12.039458604146885,6.312228730826588,2.389009105791203,0.7902915615059559,21.32043730026087,12.954155040757213,False,True,0.12269196171226476,0.041548581773975156,0.0,0.0,0.1918075070063467,0.2206054098426803,-0.05760987532152378,-0.02774685229232696
153,12.5,12.58523884512443,6.714781981093631,2.3477728438278973,0.7849220046459082,21.611607587026896,13.062908849197175,False,True,0.13072996840978351,0.04441247711934572,0.0,0.0,0.1914654040865758,0.22046142461777135,-0.058149508517220505,-0.027841627499971492
153,13.0,12.565662847656972,6.996840008636804,2.2434291994319944,0.7875367364029012,21.8508834675977,13.357246412391305,False,True,0.13195150601069283,0.04682119425066985,0.0,0.0,0.19112867767954728,0.22031825600448424,-0.058686552326263186,-0.027936247870652697
153,13.5,12.198303474186963,6.597758359770234,2.2972306660227226,0.790217028916407,21.439301492632396,13.061766755414485,False,True,0.12530720008372775,0.043650506292734814,0.0,0.0,0.19080536900195866,0.22017488593956494,-0.0592077661957239,-0.028031385581493654
153,14.0,11.976265015028975,6.537437371897336,2.248228299831242,0.7844770962583782,21.40014124613743,13.066846220125193,False,True,0.12265436687588241,0.043232189092471236,0.0,0.0,0.19047532445486762,0.22003130546956975,-0.05974553825479816,-0.02812705004649467
153,14.5,10.57362114094146,6.197416682317282,2.010610926901481,0.7872180736406162,21.39317143324899,14.333994287466272,False,False,0.10810926056281309,0.04353646592463396,0.0,0.0,0.19015164389673794,0.21988858701255248,-0.06027860272906789,-0.028222525915376516
153,15.0,12.705895608813579,7.472425305661569,2.1362349425705283,0.7821436113279044,22.022749962183713,13.1051314461608,False,True,0.13495514862328964,0.049822310992202676,0.0,0.0,0.18985836234922965,0.21974564923184775,-0.06076650349869881,-0.028318535792252606
153,15.5,12.657091415259377,8.533310470817915,1.8199523390058292,0.7747456753115277,22.968051854673455,15.06229047056716,False,False,0.14411642533223648,0.062272783156866775,0.0,0.0,0.18954919024149747,0.21960348748397776,-0.061285943181873484,-0.028414410652617024
153,16.0,11.209881771646547,8.035228164811215,1.5599408439166853,0.7671489210718645,23.19461570817993,16.87614700781435,False,False,0.12965761231758913,0.06529309646464238,0.0,0.0,0.18928044026340962,0.2194623972727639,-0.06174177262057747,-0.028509945485941886
153,16.5,11.148377247026492,8.50980041686333,1.408136696149543,0.7603713402256501,23.758070104215456,17.76127815359725,False,False,0.13392961703055598,0.07356110056850423,0.0,0.0,0.18904494093442767,0.21932240335497802,-0.06214452937961385,-0.028605116497144437
153,17.0,2.217581214332589,2.1793097788989155,0.2270979765592345,0.20723945956747558,12.448293647843247,11.980331452080803,False,False,0.029146602180982067,0.026519922343341346,0.0,0.0,0.18882890240021588,0.2191834007654892,-0.06251675956366473,-0.028699988331997845
153.0,17.5,0.0,0.0,0.0,0.0,0.0,0.0,0.0,0.0,0.0,0.0,0.0,0.0,0.21006300545883858,0.2404041534288784,-0.0358329987510462,-0.017712156434260856
153.0,18.0,0.0,0.0,0.0,0.0,0.0,0.0,0.0,0.0,0.0,0.0,0.0,0.0,0.22847967598636076,0.25878402674741624,-0.023102782345209235,-0.012055018221968685
153.0,18.5,0.0,0.0,0.0,0.0,0.0,0.0,0.0,0.0,0.0,0.0,0.0,0.0,0.2282012327908626,0.25847104314512304,-0.02325038650398499,-0.01213145189890026
153.0,19.0,0.0,0.0,0.0,0.0,0.0,0.0,0.0,0.0,0.0,0.0,0.0,0.0,0.23056828234600968,0.26080140504253907,-0.02203048941606351,-0.011575891594730554
153.0,19.5,0.0,0.0,0.0,0.0,0.0,0.0,0.0,0.0,0.0,0.0,0.006553653151485489,0.006553653151485489,0.23027517349511267,0.26047386390714367,-0.022177338069461795,-0.011652118107545859
153.0,20.0,0.0,0.0,0.0,0.0,0.0,0.0,0.0,0.0,0.0,0.0,0.0,0.0,0.22999232943882195,0.2601585369634003,-0.02232015103560251,-0.01172606775827645
153.0,20.5,0.0,0.0,0.0,0.0,0.0,0.0,0.0,0.0,0.0,0.0,0.0,0.0,0.22972050500328536,0.25985592596858176,-0.02245843369579197,-0.011797561684571616
153.0,21.0,0.0,0.0,0.0,0.0,0.0,0.0,0.0,0.0,0.0,0.0,0.0,0.0,0.22945806047915304,0.25956418011377563,-0.02259291418535829,-0.011866980896335548
153.0,21.5,0.0,0.0,0.0,0.0,0.0,0.0,0.0,0.0,0.0,0.0,0.0,0.0,0.2292042849592592,0.2592824110311212,-0.022723865946927872,-0.011934488679579516
153.0,22.0,0.0,0.0,0.0,0.0,0.0,0.0,0.0,0.0,0.0,0.0,0.0,0.0,0.2289585471601671,0.2590098371940847,-0.022851532848708854,-0.012000229261259383
153.0,22.5,0.0,0.0,0.0,0.0,0.0,0.0,0.0,0.0,0.0,0.0,0.0,0.0,0.228720283927437,0.25874576741840344,-0.022976133335971982,-0.012064330681048214
153.0,23.0,0.0,0.0,0.0,0.0,0.0,0.0,0.0,0.0,0.0,0.0,0.0,0.0,0.22848899074406004,0.2584895874309663,-0.023097863875347128,-0.012126907139637492
153.0,23.5,0.0,0.0,0.0,0.0,0.0,0.0,0.0,0.0,0.0,0.0,0.0,0.0,0.22826421383701448,0.258240748846118,-0.023216901832273408,-0.012188060934443709
153.0,24.0,0.0,0.0,0.0,0.0,0.0,0.0,0.0,0.0,0.0,0.0,0.0,0.0,0.22804554356940407,0.257998760049178,-0.023333407890390217,-0.012247884067051308
154.0,0.5,0.0,0.0,0.0,0.0,0.0,0.0,0.0,0.0,0.0,0.0,0.0,0.0,0.2278326088747422,0.2577631786042512,-0.023447528097979186,-0.012306459587219884
154.0,1.0,0.0,0.0,0.0,0.0,0.0,0.0,0.0,0.0,0.0,0.0,0.0,0.0,0.2276250725421112,0.257533604890261,-0.02355939560861872,-0.012363862723781191
154.0,1.5,0.0,0.0,0.0,0.0,0.0,0.0,0.0,0.0,0.0,0.0,0.0,0.0,0.22742262720068657,0.25730967673416566,-0.023669132169471852,-0.01242016184185141
154.0,2.0,0.0,0.0,0.0,0.0,0.0,0.0,0.0,0.0,0.0,0.0,0.0,0.0,0.22722499188269846,0.2570910648595068,-0.023776849400018358,-0.012475419257507213
154.0,2.5,0.0,0.0,0.0,0.0,0.0,0.0,0.0,0.0,0.0,0.0,0.0,0.0,0.22703190906762252,0.25687746900600844,-0.02388264989577952,-0.012529691934729461
154.0,3.0,0.0,0.0,0.0,0.0,0.0,0.0,0.0,0.0,0.0,0.0,0.0,0.0,0.22684314212893908,0.25666861460489127,-0.023986628185097766,-0.01258303208451226
154.0,3.5,0.0,0.0,0.0,0.0,0.0,0.0,0.0,0.0,0.0,0.0,0.0,0.0,0.22665847311940598,0.2564642499170564,-0.02408887156190827,-0.012635487682209963
154.0,4.0,0.0,0.0,0.0,0.0,0.0,0.0,0.0,0.0,0.0,0.0,0.0,0.0,0.22647770084237792,0.25626414355890875,-0.024189460813356246,-0.012687102916188814
154.0,4.5,0.0,0.0,0.0,0.0,0.0,0.0,0.0,0.0,0.0,0.0,0.0,0.0,0.22630063916595328,0.2560680823544776,-0.024288470857845676,-0.012737918578472023
154.0,5.0,0.0,0.0,0.0,0.0,0.0,0.0,0.0,0.0,0.0,0.0,0.007412260533238952,0.007412260533238952,0.2261271155441644,0.2558758694635329,-0.024385971306466945,-0.012787972406170758
154,5.5,7.854091617853276,7.956925952104919,0.23242519098620731,0.6247030857479315,33.29879533885686,35.395945039065566,False,False,0.33757410337363997,1.030484407628827,0.051541658615989486,0.051541658615989486,0.22595602515041135,0.2556863781791953,-0.02448256146877258,-0.012837547065086571
154,6.0,10.251812361402656,10.359100513680794,0.3238806491322965,0.5984182347321807,33.313529832008726,34.82665882584216,False,False,0.44239090157951555,1.008796938673843,0.08451907262714364,0.08212872180162699,0.22575292130124863,0.2554151529981925,-0.02459781743767684,-0.012908903961668036
154,6.5,12.243102100367118,12.360743439304354,0.43197083408506426,0.6234975098556299,33.14859129930653,34.43960616934376,False,False,0.5056943789037922,0.9236183848002459,0.12294434707701542,0.11687632571684739,0.22553705028214288,0.25514671997982674,-0.024721027879482074,-0.012979992054109386
154,7.0,14.003872067662828,14.027174314319083,0.6448934470893656,0.6164857540574138,32.22730226433866,32.49646320176148,False,False,0.47492621516396816,0.562675864674183,0.18362643833509834,0.17153525723067542,0.2253054682520987,0.2548738574527964,-0.024854024005075182,-0.013052731760989892
154,7.5,14.751260125150303,14.202486730468637,1.0508437161689668,0.6965695669121025,30.0445253709741,27.49012143008344,False,False,0.34212233824968286,0.25026337710620755,0.22356691133309256,0.2085856241874775,0.22504185848757885,0.2545979813886317,-0.025006452390918598,-0.013126769118759839
154,8.0,15.183397431658221,13.88438114465383,1.3179380641935425,0.7111758605688366,28.99988363811293,24.24217183123502,False,False,0.3051502920141306,0.17696655148327403,0.2566891759658156,0.24623244619072554,0.2247241524013889,0.25431010974841817,-0.025191643902974105,-0.013204559860890003
154,8.5,15.518485509922094,13.438466448228386,1.5520057963977645,0.7400626104442037,28.212114811823724,21.926828309330354,False,False,0.28371890808625794,0.14381650236119042,0.3950528681033178,0.39988726124972995,0.22702114044593544,0.2566664781036247,-0.023888567101284303,-0.01258357913041071
154,9.0,15.957346970565721,13.175116109780175,1.7310296909929932,0.749384658282968,27.681103160096793,20.048386548067448,False,False,0.27510848426071827,0.12449304885140841,0.3305314414928588,0.35650466473152126,0.22660174604729283,0.25633094432776254,-0.024120383125138044,-0.012669844507353627
154,9.5,15.967606097518775,11.93470852126649,2.0364560487071435,0.7640625158461427,26.757902246045997,17.54120701660274,False,True,0.2504565523647313,0.09803528791286828,0.3244916224878265,0.3846518487154085,0.22617099530958654,0.2560032482616846,-0.02436127190813785,-0.012754775780083365
154,10.0,16.15732760095232,11.631140048984957,2.136330666468943,0.7670645381370534,26.461603684693173,16.54917712408657,False,True,0.24625807479891876,0.09084058382065772,0.21881980773242987,0.3039489267332282,0.22570518931858152,0.2556734355840044,-0.02462499780034888,-0.012840941449724586
154,10.5,15.419070827248463,10.53158001044568,2.2708859302953117,0.7760238746207881,25.96592402482771,16.151441017301963,False,True,0.2242086707714159,0.08043577645823038,0.23442756419290892,0.41538260591538856,0.22524308902885679,0.25535671953223443,-0.02488999363513638,-0.012924339094822861
154,11.0,16.07324715453611,10.37120857518604,2.4278243256548766,0.7726177942566393,25.712452634157906,15.006625008922558,False,True,0.2285033423505343,0.07505842993498871,0.11282126216007062,0.31293598451528276,0.2247646988989761,0.25502772059561135,-0.025167918523658326,-0.013011655373642596
154,11.5,16.03245391387963,10.231818747011861,2.4588467110999863,0.7755672308713882,25.62603944105448,14.897200754336788,False,True,0.2261479598721457,0.07366408707054883,0.025149561529479062,0.28358358182058463,0.22428453870722065,0.25471514303457954,-0.025450597869182513,-0.013095265270700464
154,12.0,16.037728875576903,10.118812251199904,2.4903024160849685,0.7843608259234427,25.495483829828864,14.700627332664602,False,True,0.22399183584137197,0.07235060779355626,0.0,0.2073307287716385,0.22381422346448765,0.25440874369182526,-0.025731156162637416,-0.013177844587636876
154,12.5,15.218505562758931,9.406129147793097,2.5216140869142984,0.7842446855801661,25.214475707790204,14.748958839290005,False,True,0.20714445857865948,0.06706095389618617,0.0,0.23911100841570634,0.22334563058177132,0.2541136433351181,-0.02601435942358716,-0.013257965858982531
154,13.0,14.467561838918181,8.742429989419893,2.518120901538883,0.7840527230823693,24.925033479259625,14.716752794314633,False,True,0.19208685756313404,0.06231639764292249,0.0,0.2051949153791778,0.22287547945657685,0.25381710612316055,-0.02630224474211772,-0.013339062588879262
154,13.5,14.03129075939328,8.044322730710492,2.598609659337091,0.7781762011950454,24.505410944737676,14.055174083318025,False,True,0.17995356471789453,0.055775704549598015,0.0,0.15613906647294173,0.22240811674617425,0.2535274156363924,-0.026592192663596595,-0.013418858237389236
154,14.0,14.907163211382947,8.67545089745752,2.6172104587582994,0.7895678232303933,24.687831607532104,13.644478487942303,False,True,0.19409896548040897,0.05925651346709169,0.0,0.07535952332277997,0.2219327568105972,0.25324713343232436,-0.02689101719549893,-0.013496604270297103
154,14.5,14.49550608703199,8.522694408701717,2.556019347456243,0.7829789596957158,24.661801913203,13.783795230228556,False,True,0.18847856783111122,0.05850865841024196,0.0,0.051390082361964136,0.22145720727329246,0.2529780148331876,-0.027193972882586355,-0.013571759247718708
154,15.0,12.64254003785871,7.456891775186433,2.406980089130177,0.782431224443465,24.30807863883705,14.675745581183111,False,False,0.15963927269449046,0.05353879175637296,0.0,0.03983772954146777,0.22099156161852715,0.25271502982560523,-0.02749456771528898,-0.013645683531635757
154,15.5,12.680644456505249,7.867800282020541,2.2888579116181385,0.7817727657916211,24.492614405552693,14.086952931516668,False,False,0.1612839099888877,0.055048548228769055,0.0,0.005861725227823742,0.22054694395595228,0.25245574894878464,-0.02778528979166781,-0.013719036738093722
154,16.0,10.718177450220951,7.463900043721393,1.8916659196110726,0.7604592562317295,24.603448990341718,15.021365383895727,False,False,0.13754231389325733,0.055029613394010635,0.0,0.0,0.22011934752252596,0.25220297077159076,-0.028068343544786833,-0.013791002990162771
154,16.5,4.182994078547965,2.8644545830657213,0.7078917468786889,0.26295005139860705,12.423247153626024,7.23787152843816,False,False,0.05475224531165566,0.020180014441084353,0.0,0.0,0.21974427150026868,0.2519556756160378,-0.0283194630925956,-0.013861843903044393
154,17.0,3.0952109837108512,2.42106758852821,0.49260213516057205,0.22773746356544108,12.602033548844219,8.41775997341356,False,False,0.04174209220374143,0.019111180803031588,0.0,0.0,0.21952189199978178,0.2517737339643161,-0.028469613896140434,-0.013914240390910656
154,17.5,5.3021675109417306,5.148555163790777,0.7995352177273607,0.7091717565405289,12.730651418168877,12.042150246109934,False,False,0.07309925056563214,0.06399904181652784,0.0,0.0,0.2193287350807973,0.2515981719690711,-0.02860080388260797,-0.013965023490028447
154,18.0,5.64103890634204,5.27681051789768,0.8672809022598148,0.7247170163535881,25.439226791134672,21.60833173258722,False,False,0.07762264888622547,0.06460479652786533,0.0,0.0,0.2190981979928462,0.2513630929293123,-0.02875832613301732,-0.01403336875905502
154,18.5,2.514588622827615,2.6949632437122117,0.37981509477098985,0.5806521265363309,12.76549358606676,14.439770336035938,False,False,0.03487844811294089,0.05305316193966626,0.0,0.0,0.21886070920904666,0.2511278103722758,-0.02892168050012025,-0.014102172617836143
154,19.0,1.7853380602551614,2.0139031202826896,0.25860900701923234,0.6075100860350572,12.890294356738586,15.775454426032434,False,False,0.025314341380531298,0.059191374411485496,0.0,0.0,0.21868697147881072,0.25091261059576714,-0.029041884819789025,-0.01416545584712873
154,19.5,1.6376491223794114,1.8720393376996167,0.2275467300440143,0.6371244425626318,13.005275938301034,16.218025945589243,False,False,0.023706159915181872,0.06597201117502696,0.0,0.0,0.21853026419715912,0.2506956617188545,-0.029150817142289752,-0.014229596222946008
154.0,20.0,0.0,0.0,0.0,0.0,0.0,0.0,0.0,0.0,0.0,0.0,0.0,0.0,0.2183790551267304,0.25047656417765285,-0.02925638928607489,-0.014294723347100313
154.0,20.5,0.0,0.0,0.0,0.0,0.0,0.0,0.0,0.0,0.0,0.0,0.0,0.0,0.21825833988481577,0.2503402362923427,-0.0293409981708789,-0.014335426305048554
154.0,21.0,0.0,0.0,0.0,0.0,0.0,0.0,0.0,0.0,0.0,0.0,0.0,0.0,0.2181390805076651,0.25020544356120494,-0.029424873084052294,-0.01437580675468522
154.0,21.5,0.0,0.0,0.0,0.0,0.0,0.0,0.0,0.0,0.0,0.0,0.0,0.0,0.21802123772746418,0.25007214400169947,-0.02950803246180983,-0.014415873238431675
154.0,22.0,0.0,0.0,0.0,0.0,0.0,0.0,0.0,0.0,0.0,0.0,0.0,0.0,0.21790477395406302,0.24994029748744573,-0.029590493971203346,-0.014455633923551503
154.0,22.5,0.0,0.0,0.0,0.0,0.0,0.0,0.0,0.0,0.0,0.0,0.0,0.0,0.21778965317829366,0.2498098656376327,-0.029672274553663492,-0.01449509662423249
154.0,23.0,0.0,0.0,0.0,0.0,0.0,0.0,0.0,0.0,0.0,0.0,0.0,0.0,0.2570926703697935,0.2890229023633402,-0.012475012374411584,-0.006768687522751619
154.0,23.5,0.0,0.0,0.0,0.0,0.0,0.0,0.0,0.0,0.0,0.0,0.0,0.0,0.2615409777226134,0.2933742798815173,-0.011405950026373827,-0.006260516462111595
154.0,24.0,0.0,0.0,0.0,0.0,0.0,0.0,0.0,0.0,0.0,0.0,0.0,0.0,0.2607427934254464,0.29249275093550453,-0.011589488146699108,-0.006359689168189473
155.0,0.5,0.0,0.0,0.0,0.0,0.0,0.0,0.0,0.0,0.0,0.0,0.0,0.0,0.2626013624907355,0.294267584295841,-0.011167447803891808,-0.006161892913402754
155.0,1.0,0.0,0.0,0.0,0.0,0.0,0.0,0.0,0.0,0.0,0.0,0.0,0.0,0.2618657338502808,0.2934554171125963,-0.011332266597350121,-0.006251481392271789
155.0,1.5,0.0,0.0,0.0,0.0,0.0,0.0,0.0,0.0,0.0,0.0,0.0,0.0,0.26119266148438275,0.29271020563565353,-0.01148561435171378,-0.00633505247272512
155.0,2.0,0.0,0.0,0.0,0.0,0.0,0.0,0.0,0.0,0.0,0.0,0.0,0.0,0.2605709304211248,0.29201902495522475,-0.011629466261695138,-0.006413756674130804
155.0,2.5,0.0,0.0,0.0,0.0,0.0,0.0,0.0,0.0,0.0,0.0,0.0,0.0,0.2599921755242271,0.2913724255979541,-0.011765307700055908,-0.006488441274639936
155.0,3.0,0.0,0.0,0.0,0.0,0.0,0.0,0.0,0.0,0.0,0.0,0.0,0.0,0.2594499840856279,0.29076329031952053,-0.0118942856345301,-0.00655974831758246
155.0,3.5,0.0,0.0,0.0,0.0,0.0,0.0,0.0,0.0,0.0,0.0,0.0,0.0,0.25893932728646546,0.2901861262782561,-0.012017305341609757,-0.006628175783419326
155.0,4.0,0.0,0.0,0.0,0.0,0.0,0.0,0.0,0.0,0.0,0.0,0.0,0.0,0.2584561853407896,0.2896366071141073,-0.012135094654412898,-0.006694117462639057
155.0,4.5,0.0,0.0,0.0,0.0,0.0,0.0,0.0,0.0,0.0,0.0,0.0,0.0,0.25799729197409255,0.2891112657728023,-0.012248248062733284,-0.00675788989161792
155,5.0,1.8812435380142367,1.9012776725368157,0.07133584233057721,0.10323747871201605,16.208595059578247,16.89128735808643,False,False,0.06530244391677037,0.0957559137967006,0.0622244019359562,0.06983658424568165,0.2575599552601923,0.28860728208322334,-0.012357257834144543,-0.006819751103449748
155,5.5,9.074928355574158,9.190683010645985,0.3575698169504483,0.6205923299584962,32.41171956923354,33.7216151917362,False,False,0.3146367964908857,0.600817202934374,0.3842948236891677,0.4322140781661864,0.25712490895900164,0.28810027668918203,-0.012466845521747738,-0.006882665202322268
155,6.0,10.506986942342753,10.595982130253539,0.43756137869188183,0.5761373209011333,32.25695748545088,33.0898670729236,False,False,0.3524012464759886,0.5062438663367734,0.4896305888163083,0.5569314355526609,0.2566297600216794,0.2874982608199834,-0.012592985134770257,-0.00695826947534976
155,6.5,11.012379807637362,11.0670112104983,0.5134445032977988,0.5676123651395232,31.801129540638872,32.271227231583055,False,False,0.3369678337077881,0.3989079279203612,0.5248870825521476,0.6056042235900904,0.25612679514439035,0.2869014815650031,-0.012722675846886715,-0.0070341947561943265
155,7.0,13.98884721242016,13.789294482062576,0.8140217925770659,0.6441602941917811,31.04026955292145,29.8841800896846,False,False,0.373397641608281,0.3255247051025362,0.9368791942970007,1.0985983954983431,0.25562408082638144,0.2863136640188148,-0.01285389527376366,-0.007109946791958366
155,7.5,14.93226358064366,14.218527200086815,1.0815063610815652,0.6743241398753074,30.004666404301297,27.051288223706287,False,False,0.34415555347819826,0.23756606507871086,1.1845308708137277,1.4282098249811588,0.2550437734083387,0.28566615746154084,-0.013007378680619491,-0.007194518880202743
155,8.0,15.105038015927084,13.896222468669396,1.257176989507391,0.7050528306356498,29.14740519293099,24.668719325708715,False,False,0.3097850790475857,0.18445737780660695,1.0993773660241835,1.375757916855524,0.25440998392865577,0.2849846667529339,-0.013177509076290953,-0.007284827634751329
155,8.5,15.184335078901114,13.746887028223824,1.330059160832898,0.7043344407448706,28.831682237143227,23.642491011155368,False,False,0.2992872148698935,0.1661951774601404,1.0379308491996628,1.352125398213169,0.2537759022052737,0.28431691492392863,-0.013350377708487992,-0.0073746288382622585
155,9.0,15.575624121694599,12.602023470916201,1.7552370881863144,0.7517112547329047,27.742235006764126,21.064355112928315,False,False,0.27053111980070477,0.12707043596509993,1.928096861597329,2.6196340888936835,0.25315079267082513,0.28366245594651907,-0.013523451599465401,-0.007463925088507797
155,9.5,15.963567270410454,11.740074320542938,2.0204854740387432,0.7548943940689867,26.835162925944356,18.015371487619657,False,False,0.2523285161374805,0.09868494332117878,1.5510064364793135,2.184014393229895,0.2523677724998627,0.28284993984730455,-0.01374403286002099,-0.007576586233348544
155,10.0,15.71364484157294,10.544057258315677,2.290284828939718,0.7837239061132827,25.96488502422563,16.329810845667723,False,True,0.22847668748060249,0.08105595281409697,1.5828716630712705,2.2972454515684912,0.25160806739973957,0.2821014243976925,-0.013962155269283414,-0.007682170450365214
155,10.5,15.508182216721444,9.679060086381172,2.448932051621628,0.7808871947802506,25.468072989105806,15.305173852345586,False,True,0.21556030263528572,0.07095266896645566,1.561772112179706,2.3560852166845883,0.25081840506485126,0.2813431586093298,-0.014193265065567756,-0.007790922468370372
155,11.0,15.03244687258385,8.853295368386814,2.5947523342449412,0.7867982495343437,24.947086890300266,14.603264630837263,False,True,0.19990948001625264,0.06276939806197523,1.5894913418620595,2.5129965040234556,0.25001917883802705,0.2805856252147727,-0.014431830156945304,-0.007901406066420211
155,11.5,14.324776425474143,8.044314723141635,2.6633735419509406,0.7865764049957251,24.49857338918149,14.20560314458013,False,True,0.1834756938898454,0.05610567563946381,1.5732198559958996,2.63218776337971,0.2492053315333853,0.2798147774502132,-0.01467968566017398,-0.008015753223093634
155,12.0,13.288168000649396,7.411853206191455,2.5985246432932536,0.7838332911385337,24.245929801034087,14.6502120165681,False,True,0.1667740031009375,0.05251423866488146,1.5438643400520942,2.7616630985258297,0.24839187958383613,0.2790358117419822,-0.014932505511597303,-0.008133313197502812
155,12.5,12.806406124302246,6.7199642183728105,2.741116635178943,0.7948011867768107,23.63974195011656,13.872012925662123,False,True,0.15345437192711842,0.04614738699293845,1.277690481246922,2.464681677981395,0.24759710982865873,0.2782473839556006,-0.015184545118933891,-0.008254399081548996
155,13.0,12.197783951568416,6.294560653683276,2.7189196397620408,0.7919797076860648,23.3687013826668,13.840462478073311,False,True,0.14314721673420802,0.04309252949986028,1.0796204320082454,2.2887483088855247,0.24682441055644713,0.27750176876399424,-0.015434459786170834,-0.00837089082500032
155,13.5,13.048937609603543,6.466327332056302,2.879680732531428,0.7974362751636234,23.317401587113782,13.0646342849777,False,True,0.1525288711021806,0.042872974508590414,0.6651797757083704,1.577820290346523,0.24608577697973177,0.27678500344028634,-0.01567795094663567,-0.00848472629236277
155,14.0,13.17742870471356,6.729566477455224,2.789237517024432,0.7945352674667847,23.575153341550067,13.140406842508078,False,True,0.15614842130917023,0.04476292115431284,0.40152625108919227,1.10217899107113,0.24538516767840224,0.2761639392909477,-0.0159131480024103,-0.008584856788874001
155,14.5,9.761338693329144,6.413704965547907,1.9738548893922327,0.7748282580815915,11.869677082392663,7.289240585049708,False,False,0.1171010973767782,0.04553175702926099,0.1303075599372024,0.42655334311744353,0.2447351033282036,0.27560941032191866,-0.016135145834390463,-0.008675451962748895
155,15.0,3.886369535753215,2.9193465067044375,0.7287326336393636,0.3430774519114086,12.115157033890496,8.272600195847058,False,False,0.048415021390458064,0.02259805104767157,0.027140766717313948,0.10302853137328645,0.2442286742830924,0.27514881432520094,-0.016310652302062092,-0.00875156805142875
155,15.5,12.935874189574164,8.235012456624064,2.2212034552213593,0.784152608765977,24.884444384871884,15.216306619934816,False,False,0.16985123332468455,0.06049823409814079,0.19070153300137643,0.7695543607433653,0.24389899225118006,0.27478957881135585,-0.016426128617337516,-0.008811486488550839
155,16.0,12.106673974261449,8.037304007411585,2.0139304096890673,0.7757547655615539,25.092012704893154,16.49779430293534,False,False,0.16257238361155374,0.0637149645352273,0.4164458152783291,1.1392475685201513,0.24863978983387877,0.27955242402777136,-0.014854909550138887,-0.008055119576706987
155,16.5,11.442264984973495,7.9402158196903185,1.8233940629849612,0.7562213121019274,25.41339320279848,17.428087189590105,False,False,0.15773980410062283,0.06714244364039298,0.5540676816917823,1.4004963341587326,0.25067469375589163,0.2815561888399396,-0.014235813666489417,-0.0077601849998917005
155,17.0,7.921500676657064,6.499455396768988,1.3296402043133497,0.748375556074845,24.951094409837857,18.43798908817413,False,False,0.10458661663873345,0.05871452032832926,0.1282523602056152,0.3506811824277099,0.25005433789677606,0.28086905828201986,-0.014421235371797996,-0.00785985113969548
155,17.5,10.027559853736433,8.497887878563212,1.1690176054196142,0.7080080837563111,27.20195033475369,21.605479826622393,False,False,0.16280655371081976,0.100206261681725,0.23437374609850697,0.6802209984752391,0.2495607465042581,0.2803279779381645,-0.01457082595095836,-0.007939407772753586
155,18.0,11.007351676135311,8.572498470930832,1.603510597199279,0.7700140778095196,25.8637892614587,17.580119703623694,False,False,0.15723950090481426,0.07618355879215147,0.2717550484305709,0.8349438929010521,0.2490830376353677,0.2797604931749029,-0.01471736683396428,-0.008023879783140129
155,18.5,9.258258101977601,7.40821627990103,1.440243569741051,0.7630849713786617,25.41794498346537,17.257932421324533,False,False,0.1271627502269519,0.06742205957350036,0.15542596754525617,0.5240120055256147,0.2485535569548743,0.2791751119202756,-0.01488184584576098,-0.008112140228188408
155,19.0,7.2449980406357986,6.333155541980204,1.07628806372885,0.7225730809376044,25.664981148945195,18.628858514663367,False,False,0.10167923508175496,0.0680951651544484,0.07805249573676519,0.28911571566006145,0.2480675474572598,0.27863931906763845,-0.015034752002164482,-0.008193939615671587
155,19.5,4.49866109253725,4.555113446869062,0.6123675210144234,0.6725927910481723,13.07365792093248,13.442433946707622,False,False,0.0659420382897476,0.07200555393035252,0.03149650697114794,0.12588863913247889,0.24764515042645094,0.2781471368617847,-0.015169167138316075,-0.00826994835019761
155.0,20.0,0.0,0.0,0.0,0.0,0.0,0.0,0.0,0.0,0.0,0.0,0.0,0.0,0.24729475249382515,0.2776901319970628,-0.015281758347309101,-0.008341277838234877
155.0,20.5,0.0,0.0,0.0,0.0,0.0,0.0,0.0,0.0,0.0,0.0,0.0,0.0,0.24703296489133408,0.2773424330141248,-0.015366527151620223,-0.008396038174315053
155.0,21.0,0.0,0.0,0.0,0.0,0.0,0.0,0.0,0.0,0.0,0.0,0.0,0.0,0.24677738524550227,0.27700187775104584,-0.015449826793919845,-0.008450089141661158
155.0,21.5,0.0,0.0,0.0,0.0,0.0,0.0,0.0,0.0,0.0,0.0,0.0,0.0,0.2465276903678674,0.2766680958614527,-0.015531728531785456,-0.008503467851368036
155.0,22.0,0.0,0.0,0.0,0.0,0.0,0.0,0.0,0.0,0.0,0.0,0.0,0.0,0.24628358350302884,0.27634075104627215,-0.015612297909775044,-0.008556207793690809
155.0,22.5,0.0,0.0,0.0,0.0,0.0,0.0,0.0,0.0,0.0,0.0,0.0,0.0,0.24604479143143432,0.27601953678501834,-0.015691595378133364,-0.008608339298335864
155.0,23.0,0.0,0.0,0.0,0.0,0.0,0.0,0.0,0.0,0.0,0.0,0.0,0.0,0.24581106196324826,0.27570417271225195,-0.015769676828963866,-0.008659889925890406
155.0,23.5,0.0,0.0,0.0,0.0,0.0,0.0,0.0,0.0,0.0,0.0,0.0,0.0,0.24558216176135333,0.2753944015271432,-0.015846594062785265,-0.008710884802162044
155.0,24.0,0.0,0.0,0.0,0.0,0.0,0.0,0.0,0.0,0.0,0.0,0.0,0.0,0.24535787444270912,0.27508998634595355,-0.015922395196087926,-0.008761346904935415
156.0,0.5,0.0,0.0,0.0,0.0,0.0,0.0,0.0,0.0,0.0,0.0,0.0,0.0,0.24513799891621502,0.27479070842440845,-0.015997125018660956,-0.008811297310871023
156.0,1.0,0.0,0.0,0.0,0.0,0.0,0.0,0.0,0.0,0.0,0.0,0.0,0.0,0.2449223479224001,0.2744963651904637,-0.016070825307973248,-0.008860755408861824
156.0,1.5,0.0,0.0,0.0,0.0,0.0,0.0,0.0,0.0,0.0,0.0,0.0,0.0,0.24471074674606358,0.27420676853872744,-0.016143535106687264,-0.008909739085038783
156.0,2.0,0.0,0.0,0.0,0.0,0.0,0.0,0.0,0.0,0.0,0.0,0.0,0.0,0.2445030320777072,0.27392174334639796,-0.016215290968401443,-0.00895826488371454
156.0,2.5,0.0,0.0,0.0,0.0,0.0,0.0,0.0,0.0,0.0,0.0,0.0,0.0,0.24429905100345803,0.2736411261774987,-0.016286127175912008,-0.009006348147826814
156.0,3.0,0.0,0.0,0.0,0.0,0.0,0.0,0.0,0.0,0.0,0.0,0.0,0.0,0.24409866010634507,0.27336476414778604,-0.016356075935623417,-0.009054003141852195
156.0,3.5,0.0,0.0,0.0,0.0,0.0,0.0,0.0,0.0,0.0,0.0,0.0,0.0,0.2439017246644121,0.27309251392726364,-0.016425167551187152,-0.009101243159678793
156.0,4.0,0.0,0.0,0.0,0.0,0.0,0.0,0.0,0.0,0.0,0.0,0.0,0.0,0.24370811793331257,0.2728242408609544,-0.016493430578994366,-0.0091480806195312
156.0,4.5,0.0,0.0,0.0,0.0,0.0,0.0,0.0,0.0,0.0,0.0,0.0,0.0,0.2435177205028416,0.27255981819164044,-0.01656089196776731,-0.009194527147715527
156,5.0,2.055525998871424,2.065281521667919,0.0909842390352455,0.10471873450785475,15.909701655121273,16.22386508438247,False,False,0.06311890335370102,0.0733317078783133,0.010477295789598929,0.04362416787627433,0.24333041971836686,0.2722991263708042,-0.016627577184176442,-0.00924059365268219
156,5.5,7.497774696768268,7.607539228354918,0.38169979731627574,0.6245506649386081,31.229779572532486,32.772310597443465,False,False,0.20670750239270314,0.349119988331815,0.038459614181143326,0.16114305665166975,0.24313317963321776,0.2720231486965877,-0.01669814726787563,-0.00928966128315195
156,6.0,10.377687682982415,10.371482797206346,0.6159102259977813,0.6388379723619656,30.621680291668294,30.35277274777759,False,False,0.2588275918770653,0.27700518224308024,0.06726904174201855,0.2884164998387051,0.2428982165575052,0.27166946262507213,-0.016782680489026435,-0.009352999764496798
156,6.5,11.212616667719375,11.065216061887265,0.7569075482662901,0.6532792406947113,30.0300650742859,28.63956219557138,False,False,0.25591427461461386,0.22717238033739462,0.07432147773278078,0.33465311753037935,0.2426325303759231,0.27130114672677746,-0.016878882065475526,-0.00941950586165214
156,7.0,3.5027049135652666,3.4917686654866555,0.2562442644871787,0.2491463315356973,14.769252461519423,14.622156461228995,False,False,0.07467821877162727,0.07254165951152267,0.012965075290747701,0.0625977008656283,0.24235068167782375,0.2709284119162092,-0.016981654989075817,-0.009487384308409244
156,7.5,4.751931783875066,4.663468044071546,0.33349618123307434,0.2661221743962096,14.883824535024297,14.02167809922327,False,False,0.10452182039896526,0.08390806111116668,0.02401763585761912,0.11885494070168845,0.24214307081931444,0.2706450676273567,-0.017057835004348054,-0.009539374050366034
156,8.0,5.0304306781781865,4.958213621646821,0.3493813798072621,0.29113602702450425,14.909955390396105,14.213950502196349,False,False,0.11145295473934763,0.09332186800017488,0.04018785719178243,0.13951748748384443,0.24457469152523678,0.2729944447997469,-0.016190493071419752,-0.009118331718957186
156,8.5,6.853288789584443,6.701408719625559,0.41086073244785537,0.29451135628436137,15.318037589432409,14.234960113055182,False,False,0.17131297349987587,0.12721143938154147,0.14470217975891292,0.3462650147997772,0.2496201940922047,0.27793587900179095,-0.01455271183493421,-0.008302830853082173
156,9.0,13.744513641173596,13.472681053537247,0.8545286753961,0.6349992907275751,30.489093037983714,28.576518996458635,False,False,0.33581813698772944,0.25972157431607396,0.25740825689144414,0.6237520987184304,0.24930588873320111,0.2775142439014127,-0.014648788087109316,-0.008368925712838251
156,9.5,14.550356363521294,13.75106528079463,1.1464701354463716,0.6859670418085582,29.29618902144243,24.96650136668983,False,False,0.3004583459631248,0.18432436191477683,0.3595230280763262,0.790122524094273,0.2515655756541111,0.2796490002602083,-0.013974476597683567,-0.008040601498204248
156,10.0,8.148088518134097,7.343576480073344,0.7221948814916139,0.3649392454627783,14.33617306604712,11.133139547086138,False,False,0.15565007462045014,0.08027320692798774,0.24659675295026817,0.5598011648471529,0.25110991664683974,0.2790938535841084,-0.014107421720883516,-0.008124483119409269
156,10.5,15.262903474841128,13.908237849280754,1.3524920940154606,0.7104015073105181,28.694640407401575,22.78395190115296,False,False,0.2923445334155933,0.15750528962738425,0.38480904465831917,0.8936799350941634,0.2507294637669449,0.27861834430012783,-0.014219580012792615,-0.008197161767966827
156,11.0,15.489005285828409,13.667348174125983,1.4792998069395886,0.718844430821148,28.283210094976642,21.351373912155665,False,False,0.2826722719189426,0.1403711711531101,0.3809756777239439,0.9257913837214382,0.25025743911670856,0.27806500410557483,-0.01436021418240553,-0.008282713929573289
156,11.5,14.538228051835265,13.000842849174841,1.4238503901291213,0.7277410239150792,28.09411174087803,21.46653754092773,False,False,0.25968717078331094,0.13437225855969406,0.28053487135746447,0.7206845090948194,0.249775752132788,0.27751466849442563,-0.014505438974484888,-0.008368858839648958
156,12.0,15.880330067744193,13.422823595210303,1.655439609887788,0.7443064648979745,27.813722574782357,19.95057310412271,False,False,0.2750022378150391,0.1264289770695096,0.3698979455820702,1.0073207662610844,0.24931961690359913,0.2769970030231939,-0.014644575933087206,-0.008450865834960063
156,12.5,15.892377883707788,12.678248059630455,1.8684439477505137,0.7592419281011906,27.25976861256076,18.922896279190127,False,True,0.2617228419826318,0.11205784044421356,0.6257846832541163,1.8430496377474666,0.24882797266727644,0.2764479125360604,-0.014796328900948081,-0.008538899743936167
156,13.0,16.17165965198417,12.438489540199008,1.9655191828200549,0.7562194359954685,26.966168918627385,17.627951767441417,False,True,0.2586322792279497,0.10301571888958114,0.43355193686424637,1.4191305598009365,0.24828169578526146,0.2757972238831894,-0.014967148031959109,-0.008644641262348294
156,13.5,15.310096557308393,11.108375797152519,2.0845552756334182,0.75873047627912,26.34581117049815,16.60197193517218,False,True,0.2303778428286784,0.08725086184598446,0.4334081740900658,1.6227458274887683,0.24775241456091435,0.2752073767787724,-0.015134898392555269,-0.008741846249410571
156,14.0,14.571855446726099,10.47873018501242,2.0563024565286407,0.764136221572513,26.157222202134385,16.859512699634838,False,False,0.21546901303115157,0.0836530669428577,0.3476523537952154,1.5585079368065842,0.24721262120146084,0.2745973627385586,-0.015308292963587848,-0.008843747740116065
156,14.5,15.01363011394749,10.316841138633352,2.220050260433644,0.7746705025452268,25.755925277802852,15.275631419478614,False,True,0.21392105723681226,0.0763346471379725,0.20547455606602982,1.1646792939950559,0.2466917812960191,0.2740006413239029,-0.015477847414783695,-0.008944800980409612
156,15.0,13.207320000666094,8.81158906680189,2.1471706411185436,0.7674348751133223,25.236989794244614,15.499213473513935,False,False,0.1798616973442168,0.06631323447370771,0.15094988651565905,1.234363026358475,0.24617241952968102,0.27345828126364813,-0.01564915341716032,-0.009037843790837179
156,15.5,13.078685015870231,8.48451281851086,2.2282716200017196,0.7718252113760155,24.925271659190308,14.653659493887211,False,False,0.17334692112089226,0.06161382679938644,0.07558734864315485,1.1451017221254993,0.2456733359385581,0.27291322530639467,-0.01581590339824164,-0.00913251317411438
156,16.0,13.285007521270469,8.989937828905365,2.1317593365985448,0.771692908617268,25.22678023259641,14.655738034009392,False,False,0.17950758793039853,0.0654957600583455,0.001993994849734105,0.660608928986556,0.24517739225311214,0.2723840123819502,-0.015983705597444414,-0.009225563428641486
156,16.5,11.905523441758394,8.58855876738551,1.8325945941349577,0.7532056647267893,25.46210202399297,16.20630929662933,False,False,0.16501029898466246,0.0686849400005374,0.0,0.623235472671626,0.24470683673824295,0.2719213683301896,-0.016144882336370913,-0.00930783570468074
156,17.0,11.861551259303877,8.532064803510755,1.8824311441018575,0.7623339422860148,25.274815506473256,15.505345554501895,False,False,0.16162714255484348,0.06622119376686748,0.0,0.6234093085862902,0.24427822026854107,0.27147045499150646,-0.01629338176279078,-0.009388864457377917
156,17.5,11.96181885249863,8.324048556575766,2.0308609067766556,0.7799590806868877,24.832904343088835,14.140770908379855,False,False,0.15691632223906604,0.060622667017622714,0.0,0.5700513078473152,0.24384667447798816,0.2710227836713921,-0.016444543170864655,-0.009470143395267796
156,18.0,10.976664861203366,8.089722058183693,1.82663889393264,0.7790080243014963,24.95172774355609,14.734815005254454,False,False,0.1449311993653663,0.06186092094554051,0.0,0.4023182872764578,0.24339950400974328,0.2705839216857059,-0.01660294373879633,-0.009550637970614383
156,18.5,9.894444439258585,7.81616893930672,1.5622263573662545,0.7524414637540184,25.236499058949377,15.621698891852969,False,False,0.13380460931182386,0.0642532772829999,0.0,0.27502931941619474,0.2429815248906345,0.2701706516449493,-0.01675265023807535,-0.009627184874429142
156,19.0,8.045956933932185,6.961541393746621,1.2126157884218227,0.7350318833810531,25.487009647095558,17.284021247785166,False,False,0.11117465941100146,0.06695587895499966,0.0,0.15506122564554786,0.24260029131637043,0.26978093490067684,-0.016890600063087683,-0.009700039743620967
156,19.5,5.138377347199854,5.086089574423748,0.7115275730577729,0.6778771826352423,12.977715699517896,12.616496285061842,False,False,0.07401052637405492,0.06978292953086512,0.0,0.061860507660619166,0.24226655099171573,0.2694125323396595,-0.017012476664385014,-0.009769514828352876
156.0,20.0,0.0,0.0,0.0,0.0,0.0,0.0,0.0,0.0,0.0,0.0,0.0,0.0,0.24199950402000658,0.26906696727001117,-0.017110753107442134,-0.009835222632381365
156.0,20.5,0.0,0.0,0.0,0.0,0.0,0.0,0.0,0.0,0.0,0.0,0.0,0.0,0.2418258698844296,0.2688192238516668,-0.017175015470904286,-0.009882654246095022
156.0,21.0,0.0,0.0,0.0,0.0,0.0,0.0,0.0,0.0,0.0,0.0,0.0,0.0,0.24165488454509415,0.2685749200929748,-0.017238578716870682,-0.009929694452893966
156.0,21.5,0.0,0.0,0.0,0.0,0.0,0.0,0.0,0.0,0.0,0.0,0.0,0.0,0.24148646080507316,0.2683339475182442,-0.017301463900852035,-0.00997635482264539
156.0,22.0,0.0,0.0,0.0,0.0,0.0,0.0,0.0,0.0,0.0,0.0,0.0,0.0,0.24132051601338053,0.2680962037703921,-0.017363691007925296,-0.010022646221694876
156.0,22.5,0.0,0.0,0.0,0.0,0.0,0.0,0.0,0.0,0.0,0.0,0.0,0.0,0.24115697174190512,0.26786159210839405,-0.017425279028020633,-0.010068578873643024
156.0,23.0,0.0,0.0,0.0,0.0,0.0,0.0,0.0,0.0,0.0,0.0,0.0,0.0,0.2409957534910649,0.2676300209566276,-0.017486246024575557,-0.010114162413777824
156.0,23.5,0.0,0.0,0.0,0.0,0.0,0.0,0.0,0.0,0.0,0.0,0.0,0.0,0.24083679042114856,0.2674014034998524,-0.017546609197249496,-0.010159405937920718
156.0,24.0,0.0,0.0,0.0,0.0,0.0,0.0,0.0,0.0,0.0,0.0,0.0,0.0,0.24068001510667916,0.26717565731841975,-0.017606384939309473,-0.010204318046343482
157.0,0.5,0.0,0.0,0.0,0.0,0.0,0.0,0.0,0.0,0.0,0.0,0.0,0.0,0.2405253633114527,0.26695270405902854,-0.017665588890225153,-0.010248906883326048
157.0,1.0,0.0,0.0,0.0,0.0,0.0,0.0,0.0,0.0,0.0,0.0,0.0,0.0,0.24037277378218025,0.2667324691369637,-0.017724235983948566,-0.010293180172850965
157.0,1.5,0.0,0.0,0.0,0.0,0.0,0.0,0.0,0.0,0.0,0.0,0.0,0.0,0.2402221880589017,0.26651488146627483,-0.017782340493300075,-0.010337145250867744
157.0,2.0,0.0,0.0,0.0,0.0,0.0,0.0,0.0,0.0,0.0,0.0,0.0,0.0,0.24007355030054486,0.26629987321480714,-0.017839916070834752,-0.01038080909450516
157.0,2.5,0.0,0.0,0.0,0.0,0.0,0.0,0.0,0.0,0.0,0.0,0.0,0.0,0.23992680712418857,0.26608737958138035,-0.017896975786521475,-0.010424178348563412
157.0,3.0,0.0,0.0,0.0,0.0,0.0,0.0,0.0,0.0,0.0,0.0,0.0,0.0,0.2397819074567434,0.2658773385927478,-0.017953532162531337,-0.010467259349577047
157.0,3.5,0.0,0.0,0.0,0.0,0.0,0.0,0.0,0.0,0.0,0.0,0.0,0.0,0.23963880239790608,0.265669690918251,-0.018009597205399797,-0.010510058147705625
157.0,4.0,0.0,0.0,0.0,0.0,0.0,0.0,0.0,0.0,0.0,0.0,0.0,0.0,0.23949744509336168,0.2654643797003377,-0.018065182435799756,-0.01055258052667752
157.0,4.5,0.0,0.0,0.0,0.0,0.0,0.0,0.0,0.0,0.0,0.0,0.0,0.0,0.23935779061731946,0.26526135039932647,-0.018120298916137006,-0.010594832021986782
157,5.0,2.007792565401483,2.021184720235095,0.07502504975353441,0.10109928864820356,16.222341870182863,16.779351230355584,False,False,0.07011590812511952,0.09596574238193702,0.0,0.02323514152972635,0.239219795863559,0.26506055065098444,-0.018174957276158876,-0.01063681793752022
157,5.5,7.909264970231558,7.997571617585304,0.303140684208242,0.5981927396981402,32.33430866836001,34.228451380684795,False,False,0.26967232561377186,0.5561597788855066,0.0,0.0800314364863466,0.23907385879305215,0.2648460858526779,-0.018232975375334054,-0.010681880257216395
157,6.0,11.14343237116137,11.122552628925195,0.571876286182714,0.5732925264792128,31.283299630552335,30.989080682003348,False,False,0.3100914644205112,0.3243336200185968,0.0,0.1880799349851855,0.23890043088238858,0.26456316817774256,-0.01830220980101094,-0.010741674010577306
157,6.5,12.5489454195958,12.205361951825317,0.857895182523542,0.6360404834160409,30.007233623988757,27.511791816562464,False,False,0.28547920033954427,0.2192256477033313,0.0,0.2668018859342005,0.23869429758913355,0.2642717389401243,-0.01838490843466578,-0.010803684105218737
157,7.0,13.573881665326972,12.639862850308809,1.1637669594309727,0.6987061654285085,28.896113916023133,24.253857814989846,False,False,0.26645691241426894,0.1656304939080358,0.0,0.344288140823344,0.23845321968331815,0.263964321181093,-0.018482192022555112,-0.010869559062851487
157,7.5,14.293771897195857,12.537633279695086,1.4449382217648346,0.7316281407854824,27.986574817535036,21.274019117078865,False,False,0.25227443884457157,0.13118342088284107,0.0,0.3852193700968632,0.23817463186449453,0.26364103959743307,-0.01859537718210802,-0.010939350334521588
157,8.0,14.80847006466771,12.297955164048474,1.6720285180466863,0.7512004280154478,27.350540650181024,19.18402929871942,False,False,0.24413130372206293,0.11198432954941205,0.0,0.41533714112836734,0.23786164770351706,0.2633103010936213,-0.018723523559151623,-0.011011304684748027
157,8.5,15.087201944416524,11.564876485012434,1.9631560963729362,0.777547767333625,26.49186473799778,16.9700112219881,False,True,0.23009786524953713,0.09306985442623975,0.0,0.4754650671068579,0.2375211260456104,0.2629751445658419,-0.018864141755948444,-0.011084796208236635
157,9.0,15.090751211957718,11.012763110626693,2.080699192949989,0.7672358809665156,26.200933017269403,16.15893264343762,False,True,0.22399712207797612,0.08503440686403918,0.0,0.5543189076301331,0.2371448747778242,0.26263084346310317,-0.0190209803621898,-0.011160902287680496
157,9.5,15.716068249419251,10.981508513013843,2.2368790507563823,0.779249229350198,25.957735355967806,15.267895372210003,False,True,0.22832115486953747,0.08122009006050102,0.0,0.45985789386003495,0.23675498371204073,0.26227964546889293,-0.019185146647443217,-0.011239175186776956
157,10.0,15.542237745100852,10.138021742969606,2.4163644196278704,0.7793027879356789,25.469541370747542,14.3122257023577,False,True,0.21616444885139552,0.07160988154144254,0.0,0.5302165688153814,0.2363464997822696,0.261940755238811,-0.019358955780325454,-0.011315325832557083
157,10.5,15.295274146963013,9.422649545305855,2.563942843829716,0.7850099257508041,25.01221283491476,13.54113895857489,False,True,0.20453639501141013,0.0643396322728482,0.0,0.5365688048417833,0.2359164246418754,0.2615946582124509,-0.01954398340500736,-0.011393731249700625
157,11.0,15.26141122979586,9.003831121590384,2.682459037125683,0.7909038296976204,24.71885221396836,13.023508670844542,False,True,0.19924105909416773,0.06033383475059803,0.0,0.5036497012634432,0.23546879678867846,0.2612487563781276,-0.019738804886733363,-0.011472740062276904
157,11.5,14.597095606949612,8.620828345354985,2.643413333601435,0.7879764090184268,24.589022948019256,13.285564875493197,False,True,0.18849587478069674,0.05810715459213574,0.0,0.5267104178233689,0.23500729313284127,0.26090799737787373,-0.019942093122413174,-0.011551213294070144
157,12.0,14.388830355151102,8.109377202389627,2.7535214468189264,0.7908874527015335,24.237037367618417,12.765656466579198,False,True,0.18076606728981554,0.05363439728159755,0.0,0.4628725388422344,0.23455196653473928,0.2605663396745626,-0.020145109752581263,-0.011630536394727768
157,12.5,14.291356206061625,7.885622986512383,2.8005624861640723,0.7933176051354112,24.09718259376441,12.690205889390004,False,True,0.177604207267611,0.05203923145976607,0.0,0.41447243881475754,0.23408378505611985,0.26023408195704084,-0.02035643110788851,-0.011708300330684391
157,13.0,14.043374742794201,7.649423365382337,2.8107795374604567,0.7935121829921999,23.96304449361351,12.653267077879688,False,True,0.17269824196483996,0.05040015375875215,0.0,0.3546673850819687,0.2336107614602246,0.25990928812325087,-0.020572625872552517,-0.01178491687244115
157,13.5,13.87550505446448,7.718691559919249,2.716176347777109,0.7876345354146704,24.104161805321805,13.06183208751077,False,True,0.17241500136310167,0.05167803508615297,0.0,0.2948342325800052,0.23313756504708052,0.2595936672040836,-0.020791642424473983,-0.011859942548272995
157,14.0,13.47620780586525,7.521370345600723,2.6740021739009867,0.7899693135239629,24.024110984203716,13.243592496898813,False,True,0.16644962818118236,0.05083245749608997,0.0,0.2345593880694759,0.23267753080154724,0.2592879682073012,-0.021007235268063914,-0.011933152844661453
157,14.5,13.01224387005876,7.3705890076410965,2.5813327735702187,0.7894152650909942,24.00447517898577,13.540286769684604,False,False,0.1604302514491762,0.05053974093661059,0.0,0.17371689695210166,0.2322239556985353,0.258991173323046,-0.02122241380532244,-0.01200474646012467
157,15.0,12.76628255404616,7.272279017236798,2.5241644449486333,0.7837759309184122,24.0083014970052,13.58234630974901,False,False,0.1572928700818829,0.05012442301271903,0.0,0.1299564195017629,0.23178325330719476,0.2587036962316337,-0.02143400542841759,-0.012074580856663674
157,15.5,12.155713136271926,6.7930479429673305,2.511937687568613,0.7832812199330913,23.714500057024587,13.392451826046116,False,False,0.14649140850952594,0.04678174476559682,0.0,0.08804338524199751,0.23135087909158256,0.258423982112739,-0.021644045692748123,-0.012142994540935668
157,16.0,11.782129938038901,6.709422667671417,2.4477019837103624,0.7869740162269102,23.651212991808173,13.395743010418824,False,False,0.1412014479814923,0.04624062534361188,0.0,0.053200992896964006,0.23092108610266054,0.2581511146175924,-0.021855266988980153,-0.012210179130639199
157,16.5,11.068104491226487,6.537418504119978,2.250095704998353,0.7745034460136698,23.72208894241455,13.691196449462158,False,False,0.13332436837043954,0.046232434327661394,0.0,0.019449093233762954,0.23050048265677972,0.25788363444361656,-0.02206435406287563,-0.012276467566103628
157,17.0,10.527421327233636,6.4607460213612775,2.116413279122183,0.7684692251383182,23.803314763841776,13.954143847610132,False,False,0.12745176627571825,0.046654582943750585,0.0,0.004378970280338442,0.23010604577601837,0.25762343838189844,-0.022262602318958814,-0.012341362638268029
157,17.5,9.923739422929026,6.433436861208992,1.9729369939386894,0.7831312137468391,23.845612348252935,14.318111856913795,False,False,0.12049101864185233,0.04804615720512738,0.0,0.0,0.2297296112475012,0.25736730220486004,-0.02245378466675086,-0.012405644741170877
157,18.0,8.048516821532306,5.6499375203899636,1.5698202999390414,0.7479765928684986,23.964345819822675,15.5060048404922,False,False,0.09821985227978622,0.046764425440679304,0.0,0.0,0.22937240943410242,0.2571112033869729,-0.0226370105690203,-0.012470316712249975
157,18.5,6.772473366507015,5.25875928298905,1.2765330811143343,0.7601473724799027,24.142747402270828,16.718873217140857,False,False,0.08379447367004206,0.04969692509265383,0.0,0.0,0.22906750984255497,0.256860910012115,-0.022794818848118095,-0.012533911155608899
157,19.0,4.023415034086445,3.55626466911154,0.7240695899862978,0.7028043149732384,24.414212986758404,19.53972661862604,False,False,0.050854652591332414,0.04910493668649901,0.0,0.0,0.22880089988468974,0.25661036967509027,-0.02293388457486064,-0.01259795570454494
157.0,19.5,0.0,0.0,0.0,0.0,0.0,0.0,0.0,0.0,0.0,0.0,0.0,0.0,0.22860559086686183,0.2563684196633851,-0.02303640096542873,-0.012660174761086522
157.0,20.0,0.0,0.0,0.0,0.0,0.0,0.0,0.0,0.0,0.0,0.0,0.0,0.0,0.22850343523016456,0.2562172923728981,-0.023090239223074883,-0.01269922393465545
157.0,20.5,0.0,0.0,0.0,0.0,0.0,0.0,0.0,0.0,0.0,0.0,0.0,0.0,0.22840214739550466,0.2560674074645446,-0.023143768207049435,-0.012738093916596601
157.0,21.0,0.0,0.0,0.0,0.0,0.0,0.0,0.0,0.0,0.0,0.0,0.0,0.0,0.2283017124029963,0.25591874539893456,-0.023196992533080284,-0.012776786880382147
157.0,21.5,0.0,0.0,0.0,0.0,0.0,0.0,0.0,0.0,0.0,0.0,0.0,0.0,0.22820211569079477,0.255771287106804,-0.023249916701540304,-0.012815304952166219
157.0,22.0,0.0,0.0,0.0,0.0,0.0,0.0,0.0,0.0,0.0,0.0,0.0,0.0,0.22810334308059224,0.25562501397292814,-0.023302545101549943,-0.01285365021245957
157.0,22.5,0.0,0.0,0.0,0.0,0.0,0.0,0.0,0.0,0.0,0.0,0.0,0.0,0.22800538076378743,0.25547990782078106,-0.02335488201489067,-0.012891824697718606
157.0,23.0,0.0,0.0,0.0,0.0,0.0,0.0,0.0,0.0,0.0,0.0,0.0,0.0,0.22790821528829,0.2553359508979004,-0.023406931619740272,-0.012929830401853875
157.0,23.5,0.0,0.0,0.0,0.0,0.0,0.0,0.0,0.0,0.0,0.0,0.0,0.0,0.22781183354592538,0.25519312586191306,-0.02345869799423954,-0.01296766927766334
157.0,24.0,0.0,0.0,0.0,0.0,0.0,0.0,0.0,0.0,0.0,0.0,0.0,0.0,0.2277162227604061,0.2550514157671848,-0.023510185119899912,-0.013005343238195407
158.0,0.5,0.0,0.0,0.0,0.0,0.0,0.0,0.0,0.0,0.0,0.0,0.0,0.0,0.22762137047583914,0.2549108040520572,-0.023561396884860742,-0.013042854158046093
158.0,1.0,0.0,0.0,0.0,0.0,0.0,0.0,0.0,0.0,0.0,0.0,0.0,0.0,0.22752726454574027,0.25477127452663845,-0.023612337087003915,-0.01308020387459434
158.0,1.5,0.0,0.0,0.0,0.0,0.0,0.0,0.0,0.0,0.0,0.0,0.0,0.0,0.22743389312252807,0.25463281136111876,-0.023663009436934015,-0.013117394189179316
158.0,2.0,0.0,0.0,0.0,0.0,0.0,0.0,0.0,0.0,0.0,0.0,0.0,0.0,0.22734124464747263,0.25449539907457863,-0.023713417560830476,-0.013154426868223424
158.0,2.5,0.0,0.0,0.0,0.0,0.0,0.0,0.0,0.0,0.0,0.0,0.0,0.0,0.2272493078410741,0.2543590225242654,-0.023763565003179325,-0.013191303644304115
158.0,3.0,0.0,0.0,0.0,0.0,0.0,0.0,0.0,0.0,0.0,0.0,0.0,0.0,0.22715807169385038,0.25422366689531173,-0.02381345522938944,-0.013228026217177538
158.0,3.5,0.0,0.0,0.0,0.0,0.0,0.0,0.0,0.0,0.0,0.0,0.0,0.0,0.22706752545751102,0.25408931769087323,-0.02386309162830079,-0.013264596254756952
158.0,4.0,0.0,0.0,0.0,0.0,0.0,0.0,0.0,0.0,0.0,0.0,0.0,0.0,0.22697765863649896,0.2539559607226623,-0.023912477514588963,-0.013301015394048588
158.0,4.5,0.0,0.0,0.0,0.0,0.0,0.0,0.0,0.0,0.0,0.0,0.0,0.0,0.22688846097988094,0.25382358210185896,-0.02396161613107167,-0.013337285242047064
158,5.0,2.254691327966662,2.149863599651054,0.1882159709943058,0.11774813102139503,14.446960945353947,12.270586119466675,False,False,0.044247889407941006,0.027644691146895287,0.0,0.0,0.22679992247356945,0.25369216823037777,-0.024010510650922197,-0.013373407376593306
158,5.5,6.4766224675866795,6.578107341856006,0.488902780003124,0.6249141740291778,14.639696849962982,15.32116792179998,False,False,0.13344841961980744,0.1703064601773892,0.0,0.0,0.2266880484470875,0.2535467008199559,-0.024072462090482936,-0.013413528467493585
158,6.0,11.016097831704975,10.605580578791184,0.9175299452402437,0.6761874473990643,28.918098582715174,25.399127478916178,False,False,0.2168355540284706,0.16257626020806057,0.0,0.0,0.22653849686558597,0.253337542219225,-0.024155575610413052,-0.013471467747624186
158,6.5,12.634483933420627,11.375508258599107,1.242971949357176,0.7032389586073124,28.107580597508992,22.190383671000518,False,False,0.22602362132273585,0.1309667077777847,0.0,0.0,0.22633495458573297,0.2531227753394955,-0.024269244560109794,-0.013531271143224827
158,7.0,12.935641281404695,11.388239763447437,1.3896397796206863,0.7287984088150474,27.56354787567102,20.71423311421698,False,False,0.21806977802042493,0.11568210169029429,0.0,0.0,0.22609056164649274,0.2529054743114898,-0.024406569844385953,-0.013592102408303549
158,7.5,14.385959217935042,11.935640706428844,1.6317462483344776,0.7436071238798236,27.285498611820508,19.544166714849744,False,False,0.23827671171452208,0.11159032191642138,0.0,0.0,0.22582809081660987,0.2526858170085931,-0.02455508556053493,-0.013653924736341042
158,8.0,14.68313894061454,11.258703979895607,1.8879698426157652,0.7671377581028541,26.512949006492857,17.440110694667386,False,False,0.22543535557421474,0.09327186129351087,0.0,0.0,0.22553537136915716,0.2524651614077428,-0.02472198901295295,-0.01371636565192689
158,8.5,14.987124375405916,11.284123218794168,1.9739518001686847,0.7784584442837388,26.36233964315307,16.96523826311671,False,False,0.22683279232148806,0.09086050116952797,0.0,0.0,0.22521059580573793,0.2522423842694842,-0.024908754717174835,-0.013779752373691511
158,9.0,15.028312961254876,9.945898440164246,2.3065482825858883,0.7795611772776635,25.590424184352724,15.339763550633394,False,True,0.211256955540166,0.07366618879167675,0.0,0.0,0.22487545017542374,0.25201902999231873,-0.025103249065099566,-0.013843653990742336
158,9.5,15.158238142582194,9.46740494293691,2.4731202657105364,0.7852424252019053,25.214045988622047,14.565710792236992,False,True,0.20626228420763115,0.06746161638303637,0.0,0.0,0.22449849957636828,0.2517963893548569,-0.02532417028783434,-0.013907703129065462
158,10.0,15.67139931779035,9.622572409563706,2.5372927294992773,0.7938820026519336,25.172819143218142,14.195314538952893,False,True,0.2125690542568739,0.06756733928826504,0.0,0.0,0.22410089303293868,0.25157386780010876,-0.025559712594658123,-0.013972071107624738
158,10.5,15.592217354248497,9.331493064012857,2.6172524516908293,0.7965081368300172,25.03080423273765,14.154721237741096,False,True,0.20905835421976945,0.06540886179255287,0.0,0.0,0.22369567184176475,0.2513510774496128,-0.025802456569628745,-0.01403687274987848
158,11.0,14.941870429928763,8.69780134743327,2.6421498018148446,0.791305687464453,24.76028348799906,14.09079367812599,False,True,0.19564823995762493,0.06058448071866819,0.0,0.0,0.22328081660401405,0.2511287739311219,-0.026053822723759945,-0.014101890025030702
158,11.5,15.45306986571916,8.674779510225648,2.7265179692486026,0.7827166298898728,24.708729133917437,13.570986312188113,False,True,0.20157807978461242,0.05924336309279128,0.0,0.0,0.22286333665551786,0.2509079443835784,-0.026309730225539084,-0.014166831771316297
158,12.0,15.339059838014286,8.44990927065404,2.782594699599944,0.7912963555223118,24.516382258327177,13.355093062818792,False,True,0.19685725318821268,0.057059990058180646,0.0,0.0,0.22243564621145537,0.2506890100902204,-0.026575008401826184,-0.014231568220771384
158,12.5,15.21385106041027,8.225470738031401,2.80790024584759,0.791016997299222,24.369916957714523,13.131811246488397,False,True,0.19303243028125522,0.055101559471663966,0.0,0.0,0.2220013434326799,0.2504697730960218,-0.026847655667230883,-0.014296747675980905
158,13.0,14.735167444386189,7.697101144808456,2.8706326369646105,0.7881915611540734,24.06378290881584,12.841879492435528,False,True,0.1823742317168261,0.05091738573161951,0.0,0.0,0.22156434263276922,0.25025135243728386,-0.027125367361196605,-0.014362038431089576
158,13.5,13.821485061827758,7.302194196347017,2.818541562448084,0.8021215910840955,23.81389981981136,13.102004759513584,False,True,0.16776139048323763,0.04879854923297475,0.0,0.0,0.22111986760681002,0.25003406284933904,-0.027411347119247354,-0.01442734389668325
158,14.0,13.341200257872316,6.9377154076966026,2.8034640002802376,0.7962297927141764,23.617753758339983,12.989156404737907,False,True,0.15957152440562852,0.04627387147957468,0.0,0.0,0.22068254397263387,0.2498157595963871,-0.027696238525960364,-0.014493310615544552
158,14.5,12.003731216132778,6.423800834287791,2.6044341598684606,0.7958857386325053,23.460691607987542,13.806546605885991,False,False,0.1418161321175688,0.04452080924857772,0.0,0.0,0.2202476484754029,0.24959895926320155,-0.027983053554574717,-0.014559179161104704
158,15.0,12.766096857279221,6.87757964927623,2.6625507790360183,0.7992755652621563,23.629030177873044,13.282936758146212,False,True,0.15279772051381427,0.046586291114414556,0.0,0.0,0.2198386162786638,0.249382945688947,-0.028256046600202058,-0.014625163714060552
158,15.5,11.519233776270564,6.464165557279834,2.44778534731943,0.7992601801383009,23.584909751712907,14.208991391407515,False,False,0.1373324999855538,0.04600022628851253,0.0,0.0,0.21942267223181192,0.24916723402408045,-0.02853691307214866,-0.014691411917943018
158,16.0,11.009678267881391,6.274802964912704,2.3357956530935113,0.7852704499102617,23.558216109127514,14.249157161764126,False,False,0.13092770596808234,0.04487193390547487,0.0,0.0,0.2190345843174608,0.24895224933510635,-0.028801974151834497,-0.014757792902910382
158,16.5,10.770760322326787,6.131820557067658,2.3370589864608613,0.7862911372537642,23.392607436534696,13.806405862985144,False,False,0.12645528102828407,0.04319115320857573,0.0,0.0,0.21866124951841825,0.2487397637003675,-0.029059731676196986,-0.014823753702646051
158,17.0,10.409310015735134,6.07698809272471,2.2504886713308525,0.7850109439743339,23.38359599242705,13.697738463890124,False,False,0.12205594533878045,0.04299043383686675,0.0,0.0,0.2182882297823647,0.24852785574307198,-0.029320021321423178,-0.014889885307660366
158,17.5,9.688093125508782,5.896320202652647,2.0962614718173427,0.7835769626896864,23.348179194172857,13.87811495387744,False,False,0.11327553880542714,0.042574680501186644,0.0,0.0,0.2179267122041723,0.24831681026372,-0.02957493975073678,-0.014956097420332172
158,18.0,7.88520688539821,5.601553341727916,1.528848461840222,0.7660067805552392,24.034831804652207,16.214018548427717,False,False,0.09675004781020104,0.04852744577995736,0.0,0.0,0.2175853128058568,0.24810663859959564,-0.02981810003509868,-0.015022384311925567
158,18.5,7.85268078263783,6.242998664317376,1.3148903074499072,0.7583190268760136,24.92426332744108,17.358400528230398,False,False,0.10344763340602404,0.05963627731606982,0.0,0.0,0.21731667942880134,0.24789938891475088,-0.030011108879276657,-0.015088092686216073
158,19.0,4.479229808283972,4.078836086340764,0.7072311014763117,0.7252977911427544,25.263747094547817,20.808804239167824,False,False,0.06071417871021935,0.062125346045959574,0.0,0.0,0.21707576485975683,0.24769379388681662,-0.030185469442723982,-0.015153615081862339
158,19.5,2.27151699298331,2.4963103312404367,0.339427889196844,0.6478437266618917,12.774058814902654,15.142984553650956,False,False,0.031554067839119584,0.059763416018631506,0.0,0.0,0.21691273414394038,0.2474930739918557,-0.030304146927795768,-0.015217911106161316
158.0,20.0,0.0,0.0,0.0,0.0,0.0,0.0,0.0,0.0,0.0,0.0,0.0,0.0,0.21679701648249983,0.24730288372258616,-0.030388720499863017,-0.015279134328135945
158.0,20.5,0.0,0.0,0.0,0.0,0.0,0.0,0.0,0.0,0.0,0.0,0.0,0.0,0.2167249907408562,0.24719590184756954,-0.030441503336456528,-0.015313701301696705
158.0,21.0,0.0,0.0,0.0,0.0,0.0,0.0,0.0,0.0,0.0,0.0,0.0,0.0,0.21665339757935778,0.2470895643868998,-0.030494077451127585,-0.015348152434140368
158.0,21.5,0.0,0.0,0.0,0.0,0.0,0.0,0.0,0.0,0.0,0.0,0.0,0.0,0.21658223198822665,0.24698386401721986,-0.030546444832746465,-0.015382488717301733
158.0,22.0,0.0,0.0,0.0,0.0,0.0,0.0,0.0,0.0,0.0,0.0,0.0,0.0,0.21651148904358955,0.2468787935372058,-0.030598607440050097,-0.01541671112928009
158.0,22.5,0.0,0.0,0.0,0.0,0.0,0.0,0.0,0.0,0.0,0.0,0.0,0.0,0.21644116390552579,0.2467743458648614,-0.030650567202269857,-0.015450820634711983
158.0,23.0,0.0,0.0,0.0,0.0,0.0,0.0,0.0,0.0,0.0,0.0,0.0,0.0,0.21637125181617112,0.2466705140348899,-0.030702326019742467,-0.015484818185036069
158.0,23.5,0.0,0.0,0.0,0.0,0.0,0.0,0.0,0.0,0.0,0.0,0.0,0.0,0.2163017480978741,0.24656729119613852,-0.030753885764505145,-0.01551870471875122
158.0,24.0,0.0,0.0,0.0,0.0,0.0,0.0,0.0,0.0,0.0,0.0,0.0,0.0,0.21623264815140483,0.24646467060911434,-0.030805248280874775,-0.015552481161667438
159.0,0.5,0.0,0.0,0.0,0.0,0.0,0.0,0.0,0.0,0.0,0.0,0.0,0.0,0.2161639474542128,0.2463626456435688,-0.030856415386012255,-0.015586148427150304
159.0,1.0,0.0,0.0,0.0,0.0,0.0,0.0,0.0,0.0,0.0,0.0,0.0,0.0,0.21609564155873343,0.24626120977614824,-0.030907388870472046,-0.015619707416358746
159.0,1.5,0.0,0.0,0.0,0.0,0.0,0.0,0.0,0.0,0.0,0.0,0.0,0.0,0.21602772609074128,0.24616035658810842,-0.030958170498737364,-0.015653159018476897
159.0,2.0,0.0,0.0,0.0,0.0,0.0,0.0,0.0,0.0,0.0,0.0,0.0,0.0,0.2159601967477477,0.2460600797630911,-0.031008762009742084,-0.015686504110939657
159.0,2.5,0.0,0.0,0.0,0.0,0.0,0.0,0.0,0.0,0.0,0.0,0.0,0.0,0.21589304929744274,0.2459603730849602,-0.031059165117378953,-0.015719743559652707
159.0,3.0,0.0,0.0,0.0,0.0,0.0,0.0,0.0,0.0,0.0,0.0,0.0,0.0,0.21582627957617884,0.24586123043569533,-0.031109381510995057,-0.0157528782192069
159.0,3.5,0.0,0.0,0.0,0.0,0.0,0.0,0.0,0.0,0.0,0.0,0.0,0.0,0.21575988348749545,0.24576264579334223,-0.03115941285587477,-0.015785908933087074
159.0,4.0,0.0,0.0,0.0,0.0,0.0,0.0,0.0,0.0,0.0,0.0,0.0,0.0,0.21569385700068291,0.24566461323001615,-0.031209260793710707,-0.015818836533875863
159.0,4.5,0.0,0.0,0.0,0.0,0.0,0.0,0.0,0.0,0.0,0.0,0.0,0.0,0.2156281961493851,0.24556712690995813,-0.03125892694306263,-0.015851661843452356
159,5.0,2.079445651001385,2.0073105188325244,0.16498454672883395,0.1130158902702649,14.592717604032847,12.978449738909868,False,False,0.04233104859405103,0.02895623207681514,0.0,0.0,0.21556289703023843,0.245470181087642,-0.03130841289980531,-0.01588438567318582
159,5.5,6.9275672702042685,6.912914025564927,0.6711496004266891,0.6701687183712826,28.107580728609907,26.969785859320716,False,False,0.12393017788614255,0.12366908851983512,0.0,0.0,0.21547693136091897,0.2453593681760392,-0.03137370309567447,-0.01592188894022023
159,6.0,9.885325523633588,9.1194311101308,1.1050631541560747,0.7039602447995795,27.327691040449004,21.93534095798125,False,False,0.16258372547501068,0.10352332424930513,0.0,0.0,0.21532681777718107,0.24517808499673516,-0.031488102492493175,-0.015983469732936222
159,6.5,11.673230606011535,10.052066152254426,1.3995102393900538,0.7365499596199068,26.946226358056393,19.78653949321251,False,False,0.18470481613522952,0.09737939373390758,0.0,0.0,0.21512175976699363,0.24499301945338722,-0.031645178474868044,-0.016046628321025217
159,7.0,13.327098265452985,11.13775533452668,1.5381254681325927,0.7497206736318658,27.226222489493892,19.884090460941316,False,False,0.21691491257184592,0.10695749059133988,0.0,0.0,0.21487952626758652,0.2448043192936266,-0.03183193562660153,-0.016111333736005873
159,7.5,14.172189772145616,10.970223579983958,1.804235027775036,0.7716132776431942,26.703587242753656,18.329426770682964,False,False,0.21896125516257647,0.09528916958603377,0.0,0.0,0.21461997176080305,0.2446144538137492,-0.03203350626537447,-0.016176752743182022
159,8.0,13.82281210957536,10.45016140874981,1.8681848972187396,0.7707842993893553,26.294729809960955,17.319571072310893,False,False,0.20540690093747088,0.08544399811008255,0.0,0.0,0.2143268457393473,0.24442230631775175,-0.03226298012166471,-0.016243280505887078
159,8.5,14.788837860479253,9.938837022999186,2.218653594306222,0.7783209295994173,25.692298923640628,15.879598430841538,False,False,0.20996314685139297,0.07523484097932376,0.0,0.0,0.21402590648208478,0.2442307671172079,-0.032500611154228844,-0.016309922349341924
159,9.0,14.513242830815365,8.688669830361857,2.488429684429842,0.7826728307734911,24.908203790614373,14.600551363480449,False,True,0.1923961552174558,0.06183868577582142,0.0,0.0,0.2136806386567455,0.24403876507305866,-0.0327758190924828,-0.016377052433732765
159,9.5,13.80376190697741,7.845722066067177,2.612187062623816,0.7997792901065781,24.34127675919507,14.279177132764605,False,True,0.1745570809925177,0.05494298344096021,0.0,0.0,0.2133013217608924,0.24384670101316797,-0.03308137430995136,-0.016444533824909558
159,10.0,14.450607916688796,7.8607699513413465,2.7312079246511485,0.7942810104876069,24.223390818197032,13.650820812585032,False,True,0.1810925298868941,0.05346150655825211,0.0,0.0,0.21290656003198657,0.24365294465136364,-0.03340298212806866,-0.016512945761387305
159,10.5,13.601120544730811,7.687079154853043,2.565456832126645,0.79451592887916,24.154386823839886,13.616209835511466,False,True,0.1684364605400886,0.052254502047975326,0.0,0.0,0.21249695377473493,0.2434603717075816,-0.033740629604312164,-0.01658127611577765
159,11.0,2.054781098558849,2.1387776103921388,0.26887541375561974,0.35859216473433947,13.205391272862515,14.344195936910287,False,False,0.030868671429804373,0.0409423680340707,0.0,0.0,0.3168739304762844,0.34806302434432607,-0.004186340502509635,-0.002563875982110064
159.0,11.5,0.0,0.0,0.0,0.0,0.0,0.0,0.0,0.0,0.0,0.0,0.0,0.0,0.31732362594399827,0.3485012869564078,-0.0041554483583335295,-0.002547081339047806
159.0,12.0,0.0,0.0,0.0,0.0,0.0,0.0,0.0,0.0,0.0,0.0,0.0,0.0,0.3391860343919914,0.37036369540440095,-0.002934239525880389,-0.0018536917483649126
159,12.5,2.7887479718374113,2.8563220937475244,0.10757120121910045,0.32272708521380145,16.12761037294951,17.65617402067327,False,False,0.09349954831823093,0.2838681739569221,0.07875364606191229,0.07875364606191229,0.3388337715733475,0.3715157309603914,-0.0029502066174967308,-0.0018238667928832113
159.0,13.0,0.0,0.0,0.0,0.0,0.0,0.0,0.0,0.0,0.0,0.0,0.007587500210462644,0.007587500210462644,0.37001249648732276,0.38365781364558305,-0.0018628992427666751,-0.0015418715967538627
159,13.5,5.685478420918556,5.741075570636131,0.22056656320866588,0.29628439762423764,16.233424797445142,16.844409426842883,False,False,0.19951848950683287,0.29002440202672986,0.2998374207025788,0.2998374207025788,0.37206273124627176,0.37974291507469987,-0.001809905897401111,-0.001626717458409545
159,14.0,16.35239795698152,16.35988213811215,0.7538068281389838,0.6145749397367053,32.40601433927018,32.477627264731424,False,False,0.5762042991574541,0.5994640270842582,1.4288131426884088,1.4288131426884088,0.3661622872475791,0.36973504645033756,-0.001967501337579,-0.001870211786115848
159,14.5,15.588826883399589,15.466534441833002,0.9354248110026392,0.6407587074807228,31.995916398017332,31.87256684901981,False,False,0.4997986789837036,0.5006040080349303,2.625747680278603,2.625747680278603,0.3600399974144504,0.36054468063948775,-0.0021486234103649617,-0.0021329619084061243
159,15.0,14.695693671101932,13.490953225129676,1.2482022136256885,0.7170461671859789,29.43855853336884,26.181847528520912,False,False,0.3116968667045516,0.20374188404238494,2.4732101099011623,2.4732101099011623,0.35472553393019285,0.35513123755635395,-0.0023221496071722954,-0.002308327968703235
159,15.5,11.540290258279851,10.925643887832518,1.0282922751086196,0.6819140931376217,28.648780250268494,25.022748922600133,False,False,0.2198280357283721,0.14792494970883113,0.7079325079094364,0.7079325079094364,0.3493906506374983,0.3498640409590737,-0.002513401206728235,-0.0024956904122362456
159,16.0,6.097944423694148,5.585101872493558,0.5076079099589683,0.27175412079496325,14.531115061006048,11.836494778355334,False,False,0.12220844471559328,0.06689403724511121,0.4856643676759091,0.4856643676759091,0.3443087453261243,0.3448262755848394,-0.0027132834876714387,-0.0026920827373791622
159,16.5,3.1321256400668283,3.1072453507174775,0.24810773652217524,0.22787112574431417,14.594280232004044,14.26226059859466,False,False,0.06378585091752645,0.058476965458120526,0.10534136862892235,0.10534136862892235,0.3473384350620779,0.3478860208265082,-0.0025919332802335337,-0.0025706963108404683
159.0,17.0,0.0,0.0,0.0,0.0,0.0,0.0,0.0,0.0,0.0,0.0,0.025625398502651185,0.025625398502651185,0.3557942716074166,0.3558285390340759,-0.002285949904705763,-0.0022848003862607595
159,17.5,3.443656964718303,3.4262254678113186,0.1722168056871927,0.15463454764408793,15.70315091740319,15.439506007705708,False,False,0.09793481629820718,0.08988394286790626,0.201774744025044,0.201774744025044,0.350930352743324,0.3509646201699833,-0.002456338595282872,-0.002455086279993942
159,18.0,8.930187098921987,8.87655173939529,0.5226310959199421,0.5984117384283829,30.772665704560296,30.241063802769744,False,False,0.22812592181779373,0.27171361021700635,0.587817066476493,0.587817066476493,0.34602204060963093,0.3460585485924373,-0.002643848127833761,-0.0026423917473497867
159,18.5,8.792684730544838,8.710379484616372,0.578532591567805,0.6492508569228403,30.18660744812823,28.95830442691858,False,False,0.20529309742416696,0.23657002712838143,0.6156547408110083,0.6156547408110083,0.3410198797571618,0.34104673080148057,-0.0028527606585763577,-0.002851587822650136
159,19.0,7.94623454232255,7.575578483507008,0.8100511788292071,0.6663832456719648,27.853574975952114,23.24557050347855,False,False,0.13820579415627912,0.11379247710405756,0.4489016730002965,0.4489016730002965,0.3360070477888674,0.33602488700752886,-0.0030821535765761196,-0.003081299086927189
159,19.5,5.730969564624792,5.535111742060823,0.7487011135833103,0.6725629889933753,26.403953423992004,20.777633174794246,False,False,0.08604001208314901,0.07688057208991474,0.18295342715947194,0.18295342715947194,0.3309859625699176,0.3310221097937267,-0.003334299928925381,-0.00333239876613687
159.0,20.0,0.0,0.0,0.0,0.0,0.0,0.0,0.0,0.0,0.0,0.0,0.0,0.0,0.3270863358767118,0.3270438481292079,-0.003547210119906336,-0.00354961758827663
159.0,20.5,0.0,0.0,0.0,0.0,0.0,0.0,0.0,0.0,0.0,0.0,0.0,0.0,0.32434311761581136,0.3242804212812075,-0.003706723052645033,-0.003710467482267328
159.0,21.0,0.0,0.0,0.0,0.0,0.0,0.0,0.0,0.0,0.0,0.0,0.0,0.0,0.3220583330579538,0.32199002147357253,-0.0038461361663570726,-0.0038503996830067085
159.0,21.5,0.0,0.0,0.0,0.0,0.0,0.0,0.0,0.0,0.0,0.0,0.0,0.0,0.32005536575644467,0.3199867820222973,-0.003973518533501884,-0.003977968509735886
159.0,22.0,0.0,0.0,0.0,0.0,0.0,0.0,0.0,0.0,0.0,0.0,0.0,0.0,0.3182526178575736,0.3181860382894645,-0.0040924864048189295,-0.004096960815020298
159.0,22.5,0.0,0.0,0.0,0.0,0.0,0.0,0.0,0.0,0.0,0.0,0.0,0.0,0.3166041626307635,0.3165405736497575,-0.004205003708748938,-0.004209417379113456
159.0,23.0,0.0,0.0,0.0,0.0,0.0,0.0,0.0,0.0,0.0,0.0,0.0,0.0,0.3150807516916641,0.31502053058228535,-0.004312277155734658,-0.004316584292631649
159.0,23.5,0.0,0.0,0.0,0.0,0.0,0.0,0.0,0.0,0.0,0.0,0.0,0.0,0.31366210705689107,0.31360532690422044,-0.004415117286513054,-0.004419293841624706
159.0,24.0,0.0,0.0,0.0,0.0,0.0,0.0,0.0,0.0,0.0,0.0,0.0,0.0,0.3123332885492011,0.3122798682424618,-0.00451410651141368,-0.004518140994301271
160.0,0.5,0.0,0.0,0.0,0.0,0.0,0.0,0.0,0.0,0.0,0.0,0.0,0.0,0.3110827874503716,0.3110325698524401,-0.004609685621763558,-0.004613573979795086
160.0,1.0,0.0,0.0,0.0,0.0,0.0,0.0,0.0,0.0,0.0,0.0,0.0,0.0,0.30990143893690614,0.3098542330184307,-0.00470220192110662,-0.004705944550432695
160.0,1.5,0.0,0.0,0.0,0.0,0.0,0.0,0.0,0.0,0.0,0.0,0.0,0.0,0.3087817581582353,0.30873736204728863,-0.0047919377514166524,-0.004795537694132856
160.0,2.0,0.0,0.0,0.0,0.0,0.0,0.0,0.0,0.0,0.0,0.0,0.0,0.0,0.307717511527797,0.30767572506690954,-0.004879128329824881,-0.004882590161594672
160.0,2.5,0.0,0.0,0.0,0.0,0.0,0.0,0.0,0.0,0.0,0.0,0.0,0.0,0.3067034265748765,0.3066640579641038,-0.004963973430786479,-0.004967302564218004
160.0,3.0,0.0,0.0,0.0,0.0,0.0,0.0,0.0,0.0,0.0,0.0,0.0,0.0,0.30573498766942525,0.30569785672824995,-0.005046645354400635,-0.005049847599371983
160.0,3.5,0.0,0.0,0.0,0.0,0.0,0.0,0.0,0.0,0.0,0.0,0.0,0.0,0.304808287356931,0.30477322684554475,-0.005127294559031107,-0.0051303758450402595
160.0,4.0,0.0,0.0,0.0,0.0,0.0,0.0,0.0,0.0,0.0,0.0,0.0,0.0,0.3039199151074477,0.30388677094340283,-0.005206053769641542,-0.00520901997189726
160.0,4.5,0.0,0.0,0.0,0.0,0.0,0.0,0.0,0.0,0.0,0.0,0.0,0.0,0.30306687208671784,0.3030355029486921,-0.005283041057701433,-0.005285897890377277
160,5.0,4.171209594685905,4.246084351333225,0.17967956410098343,0.4699846918103362,15.93275607592284,17.46884404229164,False,False,0.12923529604597048,0.34554497951739466,0.132983149811503,0.132983149811503,0.3022465045558134,0.30221678116579015,-0.005358362206034747,-0.0053611151593162005
160,5.5,5.508025046279774,5.55458306104431,0.25182913578449245,0.5888776758522914,31.68608954702642,33.48343579681883,False,False,0.16489137185223368,0.396062990041888,0.17962623604185826,0.17962623604185826,0.3014166074634638,0.3013514173283469,-0.005435863820468488,-0.005442008120275327
160,6.0,10.661235058241672,10.686732704781656,0.5302536996763189,0.594494963951566,31.381909106062523,31.568820723993387,False,False,0.3018804700860236,0.3480863732665168,0.47615891926269344,0.47615891926269344,0.30059977414044536,0.3004930527773289,-0.005513453148217917,-0.005523687565119806
160,6.5,12.307199368562106,12.194820878246311,0.7308823657979663,0.6474070593304613,30.643848234742492,29.604039956159866,False,False,0.30802164657235914,0.28079240014317386,0.7075406873343181,0.7075406873343181,0.2997359768619042,0.29962239038071925,-0.005596943470596704,-0.005608033884275205
160,7.0,13.386438814024768,13.072944857450747,0.879800926466441,0.6534558021534911,30.212460936147217,28.00754874966323,False,False,0.3137393380011063,0.2409586561754021,0.9237835248917021,0.9237835248917021,0.2988417207829972,0.29874000359343533,-0.005684969773415174,-0.0056950864570480455
160,7.5,13.938647091098797,13.403892947523882,0.9719856700861301,0.6315556944781123,29.916223743388443,26.532530269329342,False,False,0.31301997157907246,0.2093385768657168,0.9830219987759946,0.9830219987759946,0.2979239765381412,0.29785225420866135,-0.0057770287187542116,-0.005784297735170757
160,8.0,11.944082825605792,11.70600843034507,0.8932327655106695,0.687171299120549,14.733094987040415,13.66241410760819,False,False,0.25220541316609274,0.1971721684676455,0.5654475352962459,0.5654475352962459,0.29700857667667024,0.29698131495822166,-0.005870627343570992,-0.005873442416266541
160,8.5,14.856225569187645,13.529535325335289,1.3289052925471723,0.7033594690442626,28.632908971327144,22.69406655593547,False,False,0.28245564012582725,0.1526259687278625,1.2124149486142646,1.2124149486142646,0.2961767880451354,0.29617679914941725,-0.005957247430950854,-0.005957246264458569
160,9.0,15.192059560702127,13.067098166152036,1.5912443358747714,0.7420120342833691,27.756570185106078,20.043277459576775,False,False,0.2614566944980831,0.12377082876285239,1.3551600702105417,1.3551600702105417,0.2952262331642469,0.29530691490958855,-0.006058107031566803,-0.00604946760507108
160,9.5,15.61633239877132,12.711227891092012,1.799601910557776,0.7572233069272738,27.239138654691764,18.602351578861636,False,True,0.256256666623705,0.1107725074480292,2.0547967804867344,2.0547967804867344,0.2942421894694565,0.2944319941513456,-0.00616467090172512,-0.006143943849561507
160,10.0,15.825514248915724,12.501341619003721,1.9064128544615695,0.7633668160940479,26.98887825718093,17.822283810622025,False,True,0.2533743988973778,0.1043695966418009,2.151567182720517,2.151567182720517,0.2931595928342238,0.29348308555739017,-0.006284498176921072,-0.006248403914003395
160,10.5,15.960849321635965,12.246581287811118,1.9947724942226635,0.7665103612630808,26.747213752429943,17.013168599023377,False,True,0.2494596794789818,0.09804911005677794,2.0644095959256097,2.0644095959256097,0.2920673107017834,0.2925372754492065,-0.006408220704349326,-0.00635463544875287
160,11.0,16.055509096025474,12.10655648944779,2.0532332349233084,0.7696289441733682,26.637824289048005,16.712815542382238,False,True,0.24845615990336778,0.09573774762728578,2.2579664624247004,2.2579664624247004,0.2909903056551757,0.2916175602797404,-0.0065330646617069756,-0.006460005994502201
160,11.5,16.079888255640313,11.663875583221472,2.178250598791145,0.7804137583228634,26.319804245121862,16.08059062662971,False,True,0.24157031918880179,0.08932471051944961,2.395956888031774,2.4680682078531073,0.2898958517976868,0.290687409418427,-0.006662911468302772,-0.006568696392735933
160,12.0,15.174547709538349,10.772969838208294,2.1750980999652705,0.7721589059441106,26.044272886968912,15.98113190162498,False,True,0.2219544496235967,0.08194512127142065,2.766226234205246,3.0411475895091207,0.28878184171830906,0.28974303234768206,-0.00679824879776059,-0.006681285740005303
160,12.5,15.0763827999,10.541638821007654,2.2058639640352764,0.7720595454772351,25.91658318433427,15.722222176385198,False,True,0.2179896371915678,0.07928155869396564,2.541644506065532,2.8916264858552845,0.28763435266766296,0.28873994557761207,-0.006941092148380543,-0.006803402200451955
160,13.0,15.365601858107542,10.61655582548179,2.277098784546655,0.7835300422113508,25.79658611746278,15.204879690449078,False,True,0.219764795910956,0.07800388511093159,2.1486971494566465,2.5079266617352376,0.28652425597490677,0.28776858405907535,-0.007082696596468887,-0.006924199115232624
160,13.5,15.138592715723542,10.127944376220512,2.3326121345070576,0.7803036817044343,25.55809755485634,14.794336622637724,False,True,0.21211746851317154,0.0732036291047151,1.9320385207062274,2.3216367621239415,0.2854672814506656,0.28685674807579437,-0.007220734701235655,-0.00703992564407119
160,14.0,14.394631674236644,9.711360137016857,2.266756706760313,0.7883758943895388,25.42115220015927,15.09998116013298,False,True,0.1990347350842082,0.07121250682278091,1.7876234200251133,2.220370068198565,0.2844424366842637,0.28598062414996783,-0.0073576480836743475,-0.007153296947217012
160,14.5,13.91097961643326,9.164838393420581,2.280967791408005,0.7759566123277837,25.185823112629052,14.694815295006132,False,False,0.18846382683161203,0.06604357382891382,1.6961491852547894,2.1816131305094437,0.28345548505055995,0.28512744201578316,-0.007492432517635807,-0.007265796227399507
160,15.0,13.979697702767517,8.980406988104829,2.3775063375997934,0.7782208480370152,24.97879054825723,14.02246986229701,False,True,0.18622548268728883,0.06302707273819602,1.597288655469378,2.1366951538660377,0.28248901130163706,0.28429138255770586,-0.00762728082885305,-0.007378088604173332
160,15.5,13.359660865576556,8.712075591329238,2.282911642864082,0.7839642974752821,24.903535891973874,14.284692053522154,False,False,0.17674716058626777,0.062255530835313766,1.2237342921456724,1.714537885982071,0.28153302809760056,0.2834709235424722,-0.00776351978197297,-0.007490301602849347
160,16.0,13.12196905784156,8.734213796368477,2.214015931670261,0.7845505590273112,24.968842107063256,14.464584339148141,False,False,0.17455136054229753,0.06336321076338355,1.0084300125263221,1.4836902689746867,0.28064648570509176,0.282713284112881,-0.007892461110627578,-0.007595732992526211
160,16.5,12.437654667110333,8.851794892313375,1.9523571584672743,0.7689757637262424,25.304456925019117,15.384206766356392,False,False,0.17021620945061472,0.06758895521307166,0.5203238493827022,0.8068465312557538,0.2798055555077618,0.28199435612623763,-0.008017133090830833,-0.007697416217891354
160,17.0,11.27687169278878,8.361539516489144,1.7480660813050073,0.7626805708935379,25.416900970503278,16.27025440428275,False,False,0.15487457449136266,0.06802344859172506,0.3971812806306009,0.6471724646625094,0.27906920029906174,0.281372669386921,-0.008128232300870796,-0.007786655805977373
160,17.5,11.204153120990341,8.298237900932076,1.7673983244006264,0.7599106432246321,25.275038516604084,15.677454171574123,False,False,0.1527269344298502,0.06619913023096269,0.41541149003220484,0.7095337344028385,0.2783832561317829,0.2807807931743374,-0.008233379591706143,-0.007872763958501925
160,18.0,11.353321404229451,8.38079937214123,1.848189262998947,0.7753006816998991,25.05917072229765,14.791688942651982,False,False,0.15178088024309846,0.06381851750767906,0.3611274720250008,0.6503253522975805,0.277700884285185,0.2801896586794403,-0.008339591217089489,-0.007959899008722798
160,18.5,9.176816112890354,7.335062537379744,1.4618514098341227,0.7484007749677944,25.168538376731,16.11667994697335,False,False,0.12338713538746203,0.06288505522081873,0.18780146171238626,0.35986194343509204,0.2770231848276308,0.2796121361505106,-0.008446695270598187,-0.008046139511429492
160,19.0,7.13161964668798,6.173240089123984,1.1122626482696247,0.7390412545705424,25.189426148699653,17.483612601926858,False,False,0.09605797296272259,0.0629486697476643,0.09367122001114489,0.18888011626162274,0.2764245626156552,0.27908279286463167,-0.008542667519024605,-0.008126164938296309
160,19.5,2.88905682235212,-0.8319069121713808,0.3813390638115525,0.005798356932525627,12.076475279045246,-140.0234306294233,False,0.0,0.040453533312826744,0.0009356329153441314,0.006416812330960386,0.01343956028394716,0.27588996508049635,0.2785838914979103,-0.00862947521659603,-0.008202457698541528
160.0,20.0,0.0,0.0,0.0,0.0,0.0,0.0,0.0,0.0,0.0,0.0,0.0,0.0,0.2754668472896192,0.27820798454531404,-0.008698926718288522,-0.008260506142827372
160.0,20.5,0.0,0.0,0.0,0.0,0.0,0.0,0.0,0.0,0.0,0.0,0.0,0.0,0.275100109241475,0.27784147844017143,-0.00875966326990505,-0.008317574742432901
160.0,21.0,0.0,0.0,0.0,0.0,0.0,0.0,0.0,0.0,0.0,0.0,0.0,0.0,0.27474010033071883,0.2774816848679063,-0.0088197774604785,-0.00837405564136251
160.0,21.5,0.0,0.0,0.0,0.0,0.0,0.0,0.0,0.0,0.0,0.0,0.0,0.0,0.2743865942970988,0.27712837853868566,-0.008879284696459813,-0.008429963404900237
160.0,22.0,0.0,0.0,0.0,0.0,0.0,0.0,0.0,0.0,0.0,0.0,0.0,0.0,0.274039375690851,0.27678134492327705,-0.008938199803160593,-0.00848531204607124
160.0,22.5,0.0,0.0,0.0,0.0,0.0,0.0,0.0,0.0,0.0,0.0,0.0,0.0,0.27369823920658093,0.27644037958750745,-0.008996537054498308,-0.008540115054431028
160.0,23.0,0.0,0.0,0.0,0.0,0.0,0.0,0.0,0.0,0.0,0.0,0.0,0.0,0.2733629890681149,0.2761052875782264,-0.009054310200658377,-0.00859438542275777
160.0,23.5,0.0,0.0,0.0,0.0,0.0,0.0,0.0,0.0,0.0,0.0,0.0,0.0,0.2730334384595,0.27577588285579896,-0.009111532493885174,-0.00864813567187106
160.0,24.0,0.0,0.0,0.0,0.0,0.0,0.0,0.0,0.0,0.0,0.0,0.0,0.0,0.2727094089979032,0.2754519877687584,-0.009168216712581927,-0.008701377873766744
161.0,0.5,0.0,0.0,0.0,0.0,0.0,0.0,0.0,0.0,0.0,0.0,0.0,0.0,0.27239073024464194,0.2751334325667582,-0.00922437518387568,-0.00875412367323112
161.0,1.0,0.0,0.0,0.0,0.0,0.0,0.0,0.0,0.0,0.0,0.0,0.0,0.0,0.2720772392509958,0.2748200549484023,-0.009280019804782793,-0.008806384308075135
161.0,1.5,0.0,0.0,0.0,0.0,0.0,0.0,0.0,0.0,0.0,0.0,0.0,0.0,0.2717687801358071,0.2745116996409082,-0.009335162062093432,-0.008858170628111178
161.0,2.0,0.0,0.0,0.0,0.0,0.0,0.0,0.0,0.0,0.0,0.0,0.0,0.0,0.2714652036921932,0.2742082180088847,-0.009389813051079115,-0.008909493112979403
161.0,2.5,0.0,0.0,0.0,0.0,0.0,0.0,0.0,0.0,0.0,0.0,0.0,0.0,0.27116636702096264,0.27390946768978636,-0.009443983493116028,-0.008960361888917912
161.0,3.0,0.0,0.0,0.0,0.0,0.0,0.0,0.0,0.0,0.0,0.0,0.0,0.0,0.27087213318856834,0.2736153122538568,-0.009497683752306038,-0.0090107867445605
161.0,3.5,0.0,0.0,0.0,0.0,0.0,0.0,0.0,0.0,0.0,0.0,0.0,0.0,0.27058237090764,0.2733256208865865,-0.009550923851169225,-0.009060777145836005
161.0,4.0,0.0,0.0,0.0,0.0,0.0,0.0,0.0,0.0,0.0,0.0,0.0,0.0,0.27029695423832395,0.2730402680919038,-0.009603713485474176,-0.00911034225003595
161.0,4.5,0.0,0.0,0.0,0.0,0.0,0.0,0.0,0.0,0.0,0.0,0.0,0.0,0.27001576230882324,0.27275913341448405,-0.009656062038265929,-0.00915949091911021
161,5.0,2.247039875502032,2.178125198260919,0.17614431072752323,0.12212787684007546,14.61904238793545,13.05012507960348,False,False,0.04605302208906258,0.03191554916534314,0.018461035619642668,0.039426472510242304,0.26973867905367654,0.27248210117971255,-0.009707978593145913,-0.00920823173224479
161,5.5,2.9713516187286566,2.852508342307663,0.2402561334496435,0.1556953307696127,14.537197474021003,12.601236287236963,False,False,0.05964003291875193,0.03862588295993312,0.026520355187742078,0.05699800763215113,0.2694407938667656,0.2721884729289539,-0.009764164186036652,-0.009260230179310554
161,6.0,8.068580852390008,8.033193597406287,0.6808397047004054,0.6518262385253281,14.39033964260289,14.152844384303547,False,False,0.15616276464738832,0.14923361094317444,0.06534629282204608,0.1417205992251911,0.26913760170642637,0.2718922123700836,-0.009821749068766606,-0.009313049745682964
161,6.5,9.366449239269656,9.13506095294059,0.8431851475831295,0.6735012892210408,28.499898601632047,25.95852118352471,False,False,0.17529403352065578,0.14012575135505623,0.08797768234299358,0.19490598364040185,0.26877710399391175,0.271525713771204,-0.009890745368076425,-0.009378889441137935
161,7.0,12.248261652735769,11.411519755604457,1.173942042309257,0.7062825726702748,28.191111429768114,22.954493915339675,False,False,0.2211920928454703,0.1336936804671804,0.14844127367966212,0.33944528407766605,0.26839672195908315,0.2711533583955236,-0.009964174469027101,-0.009446350025532997
161,7.5,14.415340194595482,12.120167512249754,1.5879043278093192,0.7344968973366228,27.518542935088348,19.726161942462824,False,False,0.24186112724070397,0.11415412011373581,0.26773748315108203,0.6465920138123847,0.26797007797269473,0.270761994320146,-0.010047308229867376,-0.009517878593003742
161,8.0,14.909534367666197,11.384829913601605,1.9240995157604723,0.7635850329216954,26.575227301723544,17.295685496978855,False,False,0.22930690388736957,0.09293135937992306,0.3031892910460546,0.8015200497923011,0.26747897985135016,0.27033139039135246,-0.01014402655564813,-0.009597325890558455
161,8.5,15.241362658244903,10.669175730025737,2.1995803258919904,0.7859693170755078,25.914232894776283,15.743920510677178,False,True,0.22052662890049957,0.08044726798756358,0.2863453889599661,0.8662134311130195,0.2669439336873532,0.269880744649993,-0.01025066562657112,-0.00968131860359109
161,9.0,15.27313221304298,10.273348606867096,2.2969075933092276,0.7888986014692282,25.659490884787765,14.892916126599506,False,True,0.21424555385211225,0.07425179734616084,0.17780053423884218,0.6557857802655025,0.26637925537304213,0.2694223251792656,-0.010364662636099633,-0.009767660393609885
161,9.5,15.63334835686637,10.143973748003056,2.4056564045009554,0.7863498579409741,25.475995087879042,14.59224673546479,False,True,0.21790137797520454,0.07217952142608139,0.1482070995548485,0.7253279089993242,0.26581925098398645,0.26899358861265027,-0.010479210982771185,-0.009849242986724842
161,10.0,15.595849030096524,9.794513269305376,2.477227011282616,0.7920022492350142,25.3368139645902,14.23248726660032,False,True,0.2127198794161207,0.06866120097264355,0.08529934716967738,0.662911877751294,0.2652523247282412,0.2685594765987486,-0.010596714987676673,-0.009932677022094548
161,10.5,15.442046069805066,9.896844679166229,2.4228813954923925,0.7924012298276238,25.40404028461876,14.45158230712808,False,True,0.2118431396726737,0.06981403053557061,0.025956865710361893,0.5833646368595424,0.26468738313903817,0.2681356835138335,-0.010715372593361699,-0.010014941376356667
161,11.0,15.93517620266086,9.743554893230463,2.560021268615152,0.7895603019732377,25.241288378302986,14.165157579634474,False,True,0.21726305785346783,0.06789923287277272,0.0,0.7112280284282015,0.26413994387551837,0.26772498821665747,-0.010831867369651391,-0.01009543893724046
161,11.5,15.371492778251753,9.547850391226598,2.4860144319725705,0.7952616313281113,25.22176052626951,14.27051537413728,False,True,0.20761174733555926,0.06691564538246221,0.0,0.5417232141896842,0.26358127966480466,0.2673013015189431,-0.010952309940253356,-0.010179292061377175
161,12.0,14.297379683969151,9.724067356323854,2.2040190636552213,0.7865781493856926,25.475371956179643,15.126201379314676,False,False,0.19735393539748675,0.07057170946157174,0.0,0.3888385427092564,0.2630349208731767,0.2669013605922219,-0.011071646024210454,-0.010259208020468931
161,12.5,14.707675310169172,10.031131175121493,2.2146472172718323,0.7894571670198608,25.632135897473376,15.349721430583948,False,False,0.2058170830343754,0.07367793711044934,0.0,0.4018160655156838,0.2625273054900329,0.2665248141714674,-0.011183910503826985,-0.010335133412117385
161,13.0,6.632051413827855,4.930344325302118,0.9754443445149644,0.3933006004035181,12.854191069760896,8.006578901666996,False,False,0.09343465149177352,0.0374715120052528,0.0,0.14312155710970909,0.2620210793372559,0.26614898833600803,-0.011297221087088851,-0.010411582019066123
161,13.5,7.610644927409526,6.521554497611795,0.7862069261343269,0.3704739357756469,13.91694724711156,10.210450283948331,False,False,0.13208480776713472,0.06291737268255215,0.0,0.2743210639531257,0.26695424243932253,0.27113808031239023,-0.010248598425374192,-0.00944913032054529
161,14.0,7.326857733385356,6.413220468295318,0.7309637339219273,0.3624554173453804,14.01790030948997,10.645409532641569,False,False,0.13002369722958232,0.06539204264343285,0.0,0.25168047479610267,0.2665722577434203,0.2707740962426025,-0.01032553029674024,-0.00951565710866491
161,14.5,14.05619457087412,12.233236953352971,1.473440226091638,0.7480048338550382,27.785058085772214,21.310886143207227,False,False,0.24265621408963572,0.12521815680558968,0.0,0.4449595445707598,0.2662024163746089,0.2704191199584728,-0.010400672973572228,-0.00958107571028582
161,15.0,11.807303351376042,10.32945144692033,1.375253177634852,0.7531283374406097,27.130371821650336,21.104198486632598,False,False,0.1903120061330963,0.10474773722123062,0.0,0.319894532083902,0.26574283589735426,0.2699952561670232,-0.010494958301892477,-0.009659892881135338
161,15.5,12.390056304339478,10.273368258368144,1.544943285619208,0.7581025860422446,26.752420238582644,19.51522124195661,False,False,0.192339388303533,0.09493763668390694,0.0,0.3535851294914571,0.2653004347697653,0.2695913416233125,-0.010586682709433021,-0.009735720347802908
161,16.0,12.658769757259481,9.933155632148775,1.6522569917655476,0.753534555586882,26.501329011023365,18.639123108823064,False,False,0.19181096614793408,0.08812751720122641,0.0,0.3875104785536928,0.2648408824038829,0.26918697059499574,-0.010682976404233331,-0.009812344978105748
161,16.5,9.446075768650548,8.021690664452082,1.3235567557551602,0.7365468151788955,26.03577883765684,19.57518435770035,False,False,0.13705342479857888,0.07618949445910372,0.0,0.20916069255386274,0.26437194718267176,0.2687831489105888,-0.010782313874171433,-0.009889583669367348
161,17.0,9.47629628245111,7.672666457686308,1.448259482423918,0.7604864654235449,25.51462646919338,18.177463346019117,False,False,0.13125315791431602,0.06881288174872227,0.0,0.20276895358947986,0.26394902364695433,0.2684083422780459,-0.010872849573249401,-0.009961921680162527
161,17.5,2.3525845188298753,2.0127946981509997,0.34317334507489233,0.18824041236090328,12.89123187689287,9.726365195271388,False,False,0.033362915685840835,0.018225812349170065,0.0,0.01581822624691635,0.26351417675529565,0.2680352656127486,-0.010966883760803348,-0.010034552748116465
161,18.0,3.300476531721523,3.422663569475054,0.4532842788946575,0.5760314992660128,13.061958251737034,14.036388022440352,False,False,0.04827478705453132,0.06120712320193277,0.0,0.06236153836518838,0.26322397553320315,0.26776275538737454,-0.01103017809103731,-0.010088004347940079
161,18.5,2.8598887971633933,3.034128223510331,0.3598985599220042,0.5705728184218364,13.309935014198828,14.993518636617997,False,False,0.04382910520675462,0.06929144247504734,0.0,0.04429269319734316,0.2629234269441906,0.26743857963048245,-0.011096188580479824,-0.010152032367964093
161,19.0,4.356977750243426,4.249782685127586,0.4609233345459688,0.6615866645925585,27.632159544093554,25.494626321162773,False,False,0.0739881385772144,0.1066292381043141,0.0,0.06792761927161604,0.2626383345312286,0.2671209564727462,-0.011159239810818877,-0.010215236337349973
161,19.5,2.262927373672831,2.4532396134787753,0.22535319056638162,0.6024450096045596,13.963919834703628,16.627512405936198,False,False,0.039680409628017596,0.10583090883127523,0.0,0.029009741004440318,0.2623438031693626,0.26679215697421205,-0.011224827397110677,-0.010281158800697323
161.0,20.0,0.0,0.0,0.0,0.0,0.0,0.0,0.0,0.0,0.0,0.0,0.0,0.0,0.2620826123259503,0.2664791734838087,-0.011283375130379103,-0.010344381647390988
161.0,20.5,0.0,0.0,0.0,0.0,0.0,0.0,0.0,0.0,0.0,0.0,0.0,0.0,0.26185335277058047,0.2662498708768747,-0.011335065303778603,-0.010390995035169878
161.0,21.0,0.0,0.0,0.0,0.0,0.0,0.0,0.0,0.0,0.0,0.0,0.0,0.0,0.26162720584192584,0.26602367992429926,-0.011386330338642218,-0.01043722127434995
161.0,21.5,0.0,0.0,0.0,0.0,0.0,0.0,0.0,0.0,0.0,0.0,0.0,0.0,0.26140407577021557,0.2658005049367965,-0.011437182458620748,-0.01048307148657428
161.0,22.0,0.0,0.0,0.0,0.0,0.0,0.0,0.0,0.0,0.0,0.0,0.0,0.0,0.2611838718659922,0.2655802553003682,-0.011487633208811288,-0.010528556177022039
161.0,22.5,0.0,0.0,0.0,0.0,0.0,0.0,0.0,0.0,0.0,0.0,0.0,0.0,0.26096650813550093,0.265362845092032,-0.011537693508938414,-0.010573685282701197
161.0,23.0,0.0,0.0,0.0,0.0,0.0,0.0,0.0,0.0,0.0,0.0,0.0,0.0,0.26075190293278655,0.2651481927322302,-0.011587373701415115,-0.010618468216091238
161.0,23.5,0.0,0.0,0.0,0.0,0.0,0.0,0.0,0.0,0.0,0.0,0.0,0.0,0.26053997864436695,0.26493622066979133,-0.011636683594856187,-0.010662913904656185
161.0,24.0,0.0,0.0,0.0,0.0,0.0,0.0,0.0,0.0,0.0,0.0,0.0,0.0,0.26033066140288125,0.2647268550958418,-0.011685632503544638,-0.010707030826682873
162.0,0.5,0.0,0.0,0.0,0.0,0.0,0.0,0.0,0.0,0.0,0.0,0.0,0.0,0.26012388082656324,0.26452002568352534,-0.011734229283289127,-0.010750827043841784
162.0,1.0,0.0,0.0,0.0,0.0,0.0,0.0,0.0,0.0,0.0,0.0,0.0,0.0,0.25991956978178266,0.2643156653507704,-0.011782482364056882,-0.010794310230820007
162.0,1.5,0.0,0.0,0.0,0.0,0.0,0.0,0.0,0.0,0.0,0.0,0.0,0.0,0.2597176641662327,0.2641137100436869,-0.011830399779719725,-0.010837487702333016
162.0,2.0,0.0,0.0,0.0,0.0,0.0,0.0,0.0,0.0,0.0,0.0,0.0,0.0,0.25951810271063097,0.26391409853846326,-0.011877989195211441,-0.010880366437785411
162.0,2.5,0.0,0.0,0.0,0.0,0.0,0.0,0.0,0.0,0.0,0.0,0.0,0.0,0.2593208267970545,0.26371677225988216,-0.011925257931359061,-0.010922953103820124
162.0,3.0,0.0,0.0,0.0,0.0,0.0,0.0,0.0,0.0,0.0,0.0,0.0,0.0,0.25912578029224764,0.26352167511479696,-0.011972212987620924,-0.010965254074966674
162.0,3.5,0.0,0.0,0.0,0.0,0.0,0.0,0.0,0.0,0.0,0.0,0.0,0.0,0.2589329093944292,0.2633287533390961,-0.012018861062937931,-0.011007275452576433
162.0,4.0,0.0,0.0,0.0,0.0,0.0,0.0,0.0,0.0,0.0,0.0,0.0,0.0,0.25874216249229426,0.2631379553568514,-0.012065208574881015,-0.01104902308221088
162.0,4.5,0.0,0.0,0.0,0.0,0.0,0.0,0.0,0.0,0.0,0.0,0.0,0.0,0.25855349003504746,0.2629492316504885,-0.012111261677258298,-0.011090502569631287
162,5.0,4.959340656626564,5.0881309614849615,0.3548405949636276,0.6226331384682243,14.800004705342646,16.278101862853855,False,False,0.10661272205672648,0.18713163362478125,0.0,0.03441890155467038,0.25836684441243557,0.2627625346409468,-0.012157026276326718,-0.011131719295521512
162,5.5,8.244384353199441,8.20597828557011,0.648442864857064,0.6462182111299556,29.192470295125393,28.252518754671712,False,False,0.1679812625245783,0.16805698638362807,0.0,0.08605796878424521,0.2581369615178399,0.26249408860413653,-0.012213675928357353,-0.011191303933241557
162,6.0,11.03146836865319,10.508710085150177,0.9733652419561516,0.6814886702322464,28.623275702536027,24.700047952454742,False,False,0.209495819254907,0.1476225236193484,0.0,0.15274691242135932,0.25787160106810386,0.2622179934649047,-0.012279459809992586,-0.011252983211861176
162,6.5,12.577412471494814,11.327305383124411,1.254494465755559,0.7052962602630538,27.985380788899832,21.892663955529365,False,False,0.22195256902800764,0.12582241084071716,0.0,0.21032037892720754,0.2575667294329405,0.26193079987825546,-0.01235556052354957,-0.011317572139844918
162,7.0,13.640164591065677,11.894066529838353,1.4420204097579221,0.7367836489355765,27.696749946888943,20.82293452120935,False,False,0.23323900281226,0.12072616797935704,0.0,0.27445171626291864,0.25722788641778516,0.26163508934625923,-0.012440801356653134,-0.011384538593243829
162,7.5,14.35018979004182,12.139779848453564,1.5776545251330643,0.7444506689073422,27.516924080292227,19.97050762237529,False,False,0.24072692979200683,0.11579941134749806,0.0,0.32946580037755924,0.25686696073286935,0.26132900812912724,-0.012532369239655634,-0.011454351435808356
162,8.0,14.806481248713137,12.202632524128463,1.6804665252285291,0.7509695225974868,27.318472787810766,19.342581811684404,False,False,0.2447729882812628,0.11206952281110269,0.0,0.3726131914214385,0.25649052706717534,0.26101671554976474,-0.012628728380585959,-0.011526107363361768
162,8.5,15.092592833063929,12.166595378980954,1.7693732196505945,0.7536475349306804,27.171351717213653,18.861404772013216,False,False,0.24585434669339826,0.10798943087143573,0.0,0.4099370180120324,0.2561027313171071,0.2606998334307403,-0.012728920552050616,-0.011599465966350739
162,9.0,15.61645324342366,12.172919378971095,1.9047887416057594,0.7635894105049246,26.932214065841322,17.93626479788805,False,False,0.24844577285570205,0.10251138417511887,0.0,0.3881185738573293,0.2557053100051523,0.2603795578836046,-0.012832583842612006,-0.011674176119218964
162,9.5,14.855414519352173,11.148299491428354,1.982065929843302,0.7751022192827766,26.480706861998915,17.61030648854559,False,False,0.226085430373555,0.09197058745445724,0.0,0.4650200154486506,0.2552923020983921,0.26006246565260555,-0.012941380376097437,-0.01174870919623868
162,10.0,14.779003869964182,10.56145250417674,2.098365855616238,0.7757492494287657,26.122909609679134,16.8368256017011,False,False,0.21750844412608933,0.08373295453495594,0.0,0.4599706177097221,0.2548710831714694,0.25973574326037924,-0.013053473819507782,-0.011826099691459521
162,10.5,15.245881186163157,10.41138606867533,2.278209969331129,0.7846029532288293,25.822794908419542,15.766805013515313,False,True,0.21829193746521947,0.07836916380131327,0.0,0.46352269824989983,0.25443664836693625,0.2594111865214545,-0.013170298220191399,-0.011903579322554675
162,11.0,16.186121847953963,10.84125120943241,2.377252542068899,0.7902459032415107,25.80600492066874,14.952295818625778,False,True,0.23149979710551646,0.07868420392931444,0.0,0.29316833042660734,0.25398086901391637,0.25908662248275477,-0.013294204021635047,-0.011981666283410195
162,11.5,16.08044678184419,11.362694439330717,2.205637081907426,0.7813125715612158,26.181814178117456,15.507346865758077,False,True,0.2364612240221018,0.08456519381771174,0.0,0.16961029515768059,0.25351401179591,0.2587845916144785,-0.01342256409010791,-0.012054880795453752
162,12.0,15.12449240039643,10.34262211209805,2.236504544284654,0.7705121005015375,25.84413194346424,15.657390910464422,False,True,0.21699567828358635,0.07739632197597623,0.0,0.281097003244734,0.2530705382695763,0.25850095888757857,-0.013545864725612596,-0.012124121271977506
162,12.5,15.087473072435781,9.73491119392272,2.396158442482221,0.7790489031782076,25.37242493249522,14.553123151736887,False,True,0.20757538567127293,0.06933386553344824,0.0,0.229725046893431,0.25262461721024637,0.25820598158043345,-0.013671208996380652,-0.01219663445410042
162,13.0,16.085692729474196,10.692360131254691,2.3615177724810934,0.7812645472419936,25.794481881445964,14.622375101723613,False,True,0.22836213014212603,0.07645875630449006,0.0,0.1198005472216185,0.2521598095919101,0.2579179216234083,-0.013803335942947092,-0.012267946408586083
162,13.5,15.065648470644946,9.717974861814719,2.4191976820133556,0.7926330292303984,25.284501040126727,14.474287105912309,False,True,0.20581392431412196,0.06910413704193383,0.0,0.13546347672760542,0.25170084831425743,0.2576450194648298,-0.013935296552575279,-0.012335964616696489
162,14.0,14.13822921967363,9.124979526433908,2.332718250222991,0.7834031745358292,25.15951804813222,14.883182735940848,False,False,0.19103068809132806,0.06613907084998744,0.0,0.11136217545373837,0.251235942887817,0.25737007896585534,-0.01407050154811973,-0.012404945725812532
162,14.5,13.661830162410368,8.802316869679132,2.26984129304868,0.7773500926272713,25.09543431791967,15.032785834805505,False,False,0.18354807637890808,0.06455978253373301,0.0,0.06828333587174132,0.2507834388635671,0.25710076723000447,-0.014203603543110305,-0.012472960634991625
162,15.0,14.752013912901564,9.568010119539707,2.369170055720974,0.7913086347435354,25.23683401593207,14.180196548683035,False,True,0.19950020505935534,0.06727133301955629,0.0,0.024289543042989217,0.2503403041506562,0.2568390734395071,-0.014335406010496182,-0.01253947768847458
162,15.5,12.792493565866764,8.375167108274724,2.151681036347421,0.7714635978238465,24.97920709055653,15.141297433913739,False,False,0.17019419965141358,0.06234595257392764,0.0,0.006145442950815245,0.24988584474498934,0.25658254038303796,-0.014472093243375088,-0.012605093620254323
162,16.0,12.933450770662542,8.553751988609806,2.175020115724338,0.786359843204628,24.98324556606979,14.957505110710283,False,False,0.17200127821960412,0.06346780116472803,0.0,0.0,0.2494604105992954,0.2563321586334614,-0.01460146001019,-0.012669531042606857
162,16.5,12.552575491091403,8.581945497382128,2.0419325490802236,0.7700997959597223,25.163352800088198,15.254185799261244,False,False,0.16939408485406235,0.06494062889549493,0.0,0.0,0.24903328992808457,0.25608194960707975,-0.014732728056455341,-0.012734316467406628
162,17.0,11.182444365017536,8.235956969063892,1.7225309141150367,0.7637336320291995,25.46341055908936,16.731280588850122,False,False,0.15419687247145225,0.06881641784270737,0.0,0.0,0.24862439483097626,0.25583507872850647,-0.014859714176862566,-0.012798624774046185
162,17.5,10.058936447238768,7.904785043577536,1.473067389973977,0.7448972394709026,25.7291154894288,17.727220425321573,False,False,0.14197449090795053,0.07188295207781581,0.0,0.0,0.2482574466273428,0.2555902639967023,-0.014974784979784285,-0.012862779947580252
162,18.0,8.555734304581296,7.0162903652985324,1.2265056419625695,0.740329759019724,25.85921416111485,19.059320277823957,False,False,0.12216807124242655,0.07393497586106572,0.0,0.0,0.247923512267057,0.2553490738912042,-0.015080426808407868,-0.012926360308564361
162,18.5,7.487339634201689,6.436638427586091,1.057900415407042,0.7091391548006828,25.922503239990558,19.4328938001298,False,False,0.1075231931864579,0.07201964438962552,0.0,0.0,0.24762220186568437,0.255109669986619,-0.015176510745106937,-0.012989840453110848
162,19.0,5.724523121278097,5.304095498084946,0.7647493319981818,0.6971130167415871,26.233411511486985,21.210669485377856,False,False,0.08458190158111001,0.07689290761461473,0.0,0.0,0.2473435616220104,0.25487542536186564,-0.0152660152692112,-0.013052312402434764
162,19.5,6.206829322315467,5.896071191491672,0.8467003511170214,0.7135167134914101,26.07466524959805,19.7632033510557,False,False,0.09037561700009483,0.07561487950491295,0.0,0.0,0.24710344367678788,0.2546438787547772,-0.015343650596005844,-0.013114416929882786
162.0,20.0,0.0,0.0,0.0,0.0,0.0,0.0,0.0,0.0,0.0,0.0,0.0,0.0,0.24685402912002422,0.2544113886723959,-0.015424790330810484,-0.013177129074499342
162.0,20.5,0.0,0.0,0.0,0.0,0.0,0.0,0.0,0.0,0.0,0.0,0.0,0.0,0.24671364044455235,0.25427095277081907,-0.01547068653762597,-0.013215183526112943
162.0,21.0,0.0,0.0,0.0,0.0,0.0,0.0,0.0,0.0,0.0,0.0,0.0,0.0,0.24657436257272106,0.25413162793761485,-0.01551638047299813,-0.013253066368077717
162.0,21.5,0.0,0.0,0.0,0.0,0.0,0.0,0.0,0.0,0.0,0.0,0.0,0.0,0.24643617824437763,0.25399339691540146,-0.015561874642561983,-0.013290779737123592
162.0,22.0,0.0,0.0,0.0,0.0,0.0,0.0,0.0,0.0,0.0,0.0,0.0,0.0,0.24629907061627937,0.2538562428634222,-0.015607171495494355,-0.01332832572188066
162.0,22.5,0.0,0.0,0.0,0.0,0.0,0.0,0.0,0.0,0.0,0.0,0.0,0.0,0.24616302324782546,0.25372014934329284,-0.015652273426499472,-0.013365706364565015
162.0,23.0,0.0,0.0,0.0,0.0,0.0,0.0,0.0,0.0,0.0,0.0,0.0,0.0,0.24602802008743893,0.2535851003053984,-0.015697182777698004,-0.013402923662583244
162.0,23.5,0.0,0.0,0.0,0.0,0.0,0.0,0.0,0.0,0.0,0.0,0.0,0.0,0.24589404545956012,0.25345108007590067,-0.01574190184042604,-0.013439979570060158
162.0,24.0,0.0,0.0,0.0,0.0,0.0,0.0,0.0,0.0,0.0,0.0,0.0,0.0,0.24576108405221797,0.2533180733443228,-0.015786432856949032,-0.01347687599929495
163.0,0.5,0.0,0.0,0.0,0.0,0.0,0.0,0.0,0.0,0.0,0.0,0.0,0.0,0.24562912090514727,0.25318606515167924,-0.015830778022095503,-0.013513614822149215
163.0,1.0,0.0,0.0,0.0,0.0,0.0,0.0,0.0,0.0,0.0,0.0,0.0,0.0,0.24549814139842074,0.2530550408791197,-0.015874939484815744,-0.013550197871371416
163.0,1.5,0.0,0.0,0.0,0.0,0.0,0.0,0.0,0.0,0.0,0.0,0.0,0.0,0.2453681312415683,0.25292498623705983,-0.015918919349669658,-0.013586626941861326
163.0,2.0,0.0,0.0,0.0,0.0,0.0,0.0,0.0,0.0,0.0,0.0,0.0,0.0,0.245239076463158,0.25279588725477314,-0.015962719678247347,-0.013622903791877597
163.0,2.5,0.0,0.0,0.0,0.0,0.0,0.0,0.0,0.0,0.0,0.0,0.0,0.0,0.24511096340081273,0.25266773027041767,-0.016006342490526966,-0.013659030144192104
163.0,3.0,0.0,0.0,0.0,0.0,0.0,0.0,0.0,0.0,0.0,0.0,0.0,0.0,0.2449837786916411,0.25254050192147665,-0.016049789766172762,-0.01369500768719358
163.0,3.5,0.0,0.0,0.0,0.0,0.0,0.0,0.0,0.0,0.0,0.0,0.0,0.0,0.24485750926305927,0.25241418913558955,-0.01609306344577717,-0.013730838075943861
163.0,4.0,0.0,0.0,0.0,0.0,0.0,0.0,0.0,0.0,0.0,0.0,0.0,0.0,0.24473214232398546,0.2522887791217556,-0.016136165432049387,-0.013766522933188738
163.0,4.5,0.0,0.0,0.0,0.0,0.0,0.0,0.0,0.0,0.0,0.0,0.0,0.0,0.2446076653563868,0.2521642593618884,-0.01617909759095383,-0.013802063850326474
163,5.0,2.3216564043650263,2.3076595138116307,0.1231341216103075,0.1080718465268968,15.533736534123188,15.11590140360893,False,False,0.06225503506854072,0.055037379855921796,0.0,0.0,0.24448406610716109,0.25204061760270596,-0.01622186175280105,-0.013837462388335754
163,5.5,8.253916299572705,8.33832770365916,0.470087825835649,0.5954708631766933,30.715641755038998,31.297322179973378,False,False,0.20893701394882053,0.2690679169504444,0.0,0.0,0.24434564125602576,0.2519040699513218,-0.016269915411699778,-0.013876681646984747
163,6.0,10.662953704053798,10.56062163566097,0.7129638443424093,0.6340931347753049,30.01673115203483,28.434881378961606,False,False,0.24290419791703077,0.22009080066062203,0.0,0.0,0.24416385710340988,0.251706265942454,-0.016333278955762084,-0.013933730131653277
163,6.5,12.550633567366745,12.147985586271655,0.9438218625964202,0.6922756688422333,29.50640009749136,26.576599366336602,False,False,0.2664350817201079,0.20085937226826373,0.0,0.0,0.2439519650549721,0.2515043829431073,-0.016407508535964153,-0.013992243414100077
163,7.0,13.734455990609888,12.390032850217885,1.3052593150441918,0.7144299242591728,28.301728515375,22.420155990852308,False,False,0.25118561431489544,0.1404963826334606,0.0,0.0,0.2437114853295561,0.2512959170654787,-0.01649224039698841,-0.014052972172972676
163,7.5,14.478631428054657,12.053205911498392,1.6245135554252483,0.7450338180639606,27.34517004885018,19.609313354230544,False,False,0.2406288501305403,0.11300986019005288,0.0,0.0,0.24342576678630626,0.25108544845321557,-0.016593590606302826,-0.01411460320487475
163,8.0,14.947062814832725,11.433608567994305,1.905528216304529,0.7656643966837204,26.62094833384758,17.51061663835358,False,False,0.2310506402767606,0.09506205356446608,0.0,0.0,0.24310017413228477,0.2508718895273305,-0.016709991056990888,-0.0141774686232434
163,8.5,15.188038668030433,10.854512446884002,2.138301153482836,0.786221917973352,26.059800344167293,16.217264084948535,False,False,0.2228351992955645,0.08420950161372306,0.0,0.0,0.24273956974266295,0.2506565006132752,-0.016840045651764193,-0.01424121094000424
163,9.0,15.241989892738307,10.016455063479945,2.338845187082386,0.7757419437383365,25.55619676408098,14.896415722914673,False,True,0.21365683561243165,0.07285141416463997,0.0,0.0,0.24235009108641195,0.2504392806292075,-0.01698187112303749,-0.014305841275739145
163,9.5,15.28830194621242,9.932176276258659,2.4025630581288775,0.790472783651513,25.445871470251035,14.899513483467182,False,True,0.212201122924132,0.07205167426887137,0.0,0.0,0.2419358356855363,0.2502241745823632,-0.01713428357448612,-0.014370187320341177
163,10.0,15.253112340605973,9.53643770800852,2.4938938180750236,0.7877917842561669,25.227900446988507,14.528264290242586,False,True,0.20786760071284305,0.06802474905530095,0.0,0.0,0.2415142307766072,0.2500079597999813,-0.017291076498540815,-0.0144352128389122
163,10.5,14.782112687213068,9.222611697534482,2.4810267176601024,0.7908086151605301,25.126688744466026,14.85958274781347,False,True,0.19977949541384404,0.06660432961506636,0.0,0.0,0.24108174923445416,0.24979284532636375,-0.017453693929146828,-0.014500255652688296
163,11.0,14.525830926965966,8.658231377922217,2.5711652031881154,0.7879272577920166,24.80601221957987,14.385967771636263,False,True,0.19099805071035153,0.0611849805333567,0.0,0.0,0.24065166145287423,0.24957809546458667,-0.017617221593703925,-0.01456553682092468
163,11.5,15.662713887535139,9.004853017265704,2.7299561103861643,0.7936408929773019,24.786001469170326,13.496152358225483,False,True,0.20568768225090048,0.06140068758052322,0.0,0.0,0.24021083377236133,0.24936445241410135,-0.01778673081505752,-0.01463082930018485
163,12.0,15.927059540055113,9.262925471319308,2.6950382308751424,0.7963387029158147,24.89166066565631,13.501324840503402,False,True,0.21086527238151026,0.06316064772765645,0.0,0.0,0.23975051065086317,0.24915081164653627,-0.017965814831240542,-0.014696470100822881
163,12.5,15.694268456794148,9.946168630396535,2.470861556938428,0.7907973396931245,25.448480581079636,14.869738585383597,False,True,0.2176941509070924,0.07193831971289558,0.0,0.0,0.23929537032439865,0.24893754840635923,-0.018144998684384118,-0.014762345159703379
163,13.0,15.784529589544979,9.75074131556193,2.5324991538739448,0.7877519506986851,25.295258209206203,14.45359416807683,False,True,0.2163340942525519,0.06916355452260263,0.0,0.0,0.23886952428312994,0.24872570373330471,-0.01831458093395555,-0.014828130641558251
163,13.5,15.543693246055923,9.790770934798138,2.475652198758533,0.7932845652271343,25.346433479767057,14.74912339407934,False,True,0.2139275363148456,0.07052613054120138,0.0,0.0,0.23843654440960682,0.2485149508225063,-0.01848894374505864,-0.014893923979896187
163,14.0,14.470914095500728,9.13820136062737,2.394684306946518,0.7846615924070994,25.200194067749415,15.2188490194546,False,True,0.1969186528462511,0.06744584183907018,0.0,0.0,0.23801152372433146,0.24830418798011666,-0.018662028364777893,-0.014960068564128608
163,14.5,14.6751881345866,9.063701830094796,2.460388870190601,0.7872044680212472,25.018797964075116,14.548418049898745,False,True,0.19674809097540186,0.0647791750735881,0.0,0.0,0.23759753041650775,0.24809521067404905,-0.01883248143622039,-0.015025998634859235
163,15.0,13.26769241723921,8.921362872105828,2.0957017551011536,0.7830571118119414,25.45428308667038,16.685291486353606,False,False,0.18390412399479605,0.07112148230604326,0.0,0.0,0.23717586815090802,0.24788658774407596,-0.019008002348002075,-0.015092162506020499
163,15.5,13.201775103409407,9.110413757492452,2.032234741463621,0.775498627861171,25.596640179121827,16.65193017622266,False,False,0.1851503589684786,0.07292622907270739,0.0,0.0,0.23680137760598483,0.24767916362925027,-0.019165523941195087,-0.01515829059994668
163,16.0,13.528452384887649,9.666524106313677,1.9965183185539281,0.7799050436353846,25.768977979455627,16.206725189562228,False,False,0.1916218800095714,0.0757442455436534,0.0,0.0,0.23643566824038312,0.24747336504878858,-0.01932085523395939,-0.015224241923267346
163,16.5,12.531026023444946,9.32476169614862,1.792042841282929,0.7590837796108932,25.974380824826106,17.243598177930078,False,False,0.18164386836019314,0.07860828891073404,0.0,0.0,0.23607519855881584,0.24726765945385612,-0.019475431107863747,-0.015290505385932072
163,17.0,11.40283423805748,8.924511551704025,1.5575130733576719,0.7452806095931989,26.210001523374935,18.238494432726732,False,False,0.16811547222054146,0.08132950494020391,0.0,0.0,0.23574146888718983,0.24706525398823262,-0.019619855606287068,-0.015356041463340235
163,17.5,6.573509324132102,6.4747726020680965,0.7623256182400768,0.6704775244328771,13.51286377485878,12.8029279243691,False,False,0.10484128003390497,0.09153996792830175,0.0,0.0,0.2354383040557553,0.24686524676207977,-0.019752160248874228,-0.015421130036119227
163,18.0,1.8930975978066278,1.8398114325035766,0.18197719612899413,0.13974479522260103,14.066702251197452,12.831728001157764,False,False,0.033965057437895935,0.025992135072096346,0.0,0.0,0.23523714518478087,0.24667540374202548,-0.0198405351301975,-0.01548321515462644
163.0,18.5,0.0,0.0,0.0,0.0,0.0,0.0,0.0,0.0,0.0,0.0,0.0,0.0,0.23776757695466172,0.24921072625267615,-0.01876224479090697,-0.01467802608911161
163,19.0,2.533612442160964,2.640596534445412,0.14502552986480458,0.476709334568907,15.27741514399525,17.42241969151004,False,False,0.06253484525871576,0.20626111720668916,0.0,0.0066821438891076996,0.2535388527748312,0.2649808549985641,-0.013415697096266145,-0.010653536713147288
163,19.5,4.063929527146691,4.19497166972953,0.19335610901671624,0.5622714704476168,15.682196444278945,17.443742208746585,False,False,0.1147153986355247,0.3425677317729295,0.0,0.02277829878281978,0.2532644157155466,0.26466198618667675,-0.013491794927727499,-0.010720743927020706
163.0,20.0,0.0,0.0,0.0,0.0,0.0,0.0,0.0,0.0,0.0,0.0,0.0,0.0,0.25299003519381724,0.26433619225773825,-0.013568391779637694,-0.010789933121426063
163.0,20.5,0.0,0.0,0.0,0.0,0.0,0.0,0.0,0.0,0.0,0.0,0.0,0.0,0.252746155759145,0.2640906120053798,-0.013636909139793325,-0.01084243909965343
163.0,21.0,0.0,0.0,0.0,0.0,0.0,0.0,0.0,0.0,0.0,0.0,0.0,0.0,0.2525078145070935,0.26385035529297796,-0.013704269234578164,-0.010894101744539572
163.0,21.5,0.0,0.0,0.0,0.0,0.0,0.0,0.0,0.0,0.0,0.0,0.0,0.0,0.25227471607494545,0.26361511703957474,-0.013770531396386681,-0.010944969684314694
163.0,22.0,0.0,0.0,0.0,0.0,0.0,0.0,0.0,0.0,0.0,0.0,0.0,0.0,0.2520465896186708,0.26338461912371564,-0.013835750120542596,-0.01099508730617308
163.0,22.5,0.0,0.0,0.0,0.0,0.0,0.0,0.0,0.0,0.0,0.0,0.0,0.0,0.2518231861262557,0.26315860731513036,-0.013899975586227725,-0.011044495228290617
163.0,23.0,0.0,0.0,0.0,0.0,0.0,0.0,0.0,0.0,0.0,0.0,0.0,0.0,0.2516042760906261,0.26293684862833605,-0.013963254108836951,-0.011093230708249907
163.0,23.5,0.0,0.0,0.0,0.0,0.0,0.0,0.0,0.0,0.0,0.0,0.0,0.0,0.25138964748587267,0.26271912903051997,-0.014025628534333184,-0.011141327997896678
163.0,24.0,0.0,0.0,0.0,0.0,0.0,0.0,0.0,0.0,0.0,0.0,0.0,0.0,0.25117910400050425,0.26250525144838494,-0.01408713858431972,-0.011188818652850152
164.0,0.5,0.0,0.0,0.0,0.0,0.0,0.0,0.0,0.0,0.0,0.0,0.0,0.0,0.25097246348949265,0.26229503402845916,-0.014147821159052837,-0.011235731803451221
164.0,1.0,0.0,0.0,0.0,0.0,0.0,0.0,0.0,0.0,0.0,0.0,0.0,0.0,0.2507695566133487,0.2620883086132491,-0.014207710604410787,-0.011282094392774623
164.0,1.5,0.0,0.0,0.0,0.0,0.0,0.0,0.0,0.0,0.0,0.0,0.0,0.0,0.25057022563772147,0.2618849194019694,-0.014266838947853373,-0.011327931386394298
164.0,2.0,0.0,0.0,0.0,0.0,0.0,0.0,0.0,0.0,0.0,0.0,0.0,0.0,0.2503743233712966,0.2616847217697409,-0.014325236107603218,-0.011373265957828848
164.0,2.5,0.0,0.0,0.0,0.0,0.0,0.0,0.0,0.0,0.0,0.0,0.0,0.0,0.2501817122232791,0.2614875812233542,-0.014382930078620813,-0.011418119652970496
164.0,3.0,0.0,0.0,0.0,0.0,0.0,0.0,0.0,0.0,0.0,0.0,0.0,0.0,0.24999226336463512,0.2612933724751466,-0.014439947098400836,-0.01146251253628796
164.0,3.5,0.0,0.0,0.0,0.0,0.0,0.0,0.0,0.0,0.0,0.0,0.0,0.0,0.24980585597965888,0.2611019786193819,-0.014496311795165837,-0.011506463321170354
164.0,4.0,0.0,0.0,0.0,0.0,0.0,0.0,0.0,0.0,0.0,0.0,0.0,0.0,0.2522686593997472,0.2635588935522766,-0.013772258190367,-0.010957169326750227
164.0,4.5,0.0,0.0,0.0,0.0,0.0,0.0,0.0,0.0,0.0,0.0,0.0,0.0,0.25206302111772605,0.2633471216352437,-0.013831040262572092,-0.011003266296154937
164,5.0,1.6617787632797165,1.6789340184446602,0.04080561142173356,0.10416806607094327,16.890172953299118,17.849425439709485,False,False,0.0821070116874553,0.22068999285363447,0.0,0.009701240612089775,0.2518610789373728,0.2631388049934527,-0.013889056943058978,-0.01104883675938543
164,5.5,7.01626820036652,7.086762662992343,0.17247701243947625,0.6113764161835256,33.78034588176587,35.95008798275791,False,False,0.34666757564818285,1.4903083364409286,0.0,0.039616399441639624,0.25165747609292904,0.26291928088165806,-0.013947844506169404,-0.011097102480163967
164,6.0,9.901645082542824,9.989815689255863,0.26398442583951515,0.5647754617073701,33.78034586972909,35.45673123086095,False,False,0.4892314828436232,1.354522866025813,0.0,0.07227893379406904,0.25144048703149924,0.26263447162629056,-0.01401082381395184,-0.011160097060271323
164,6.5,12.545862271260344,12.663824583495169,0.4336773968649268,0.5887554598707628,33.659319730209106,35.11840797929705,False,False,0.6182632788651392,1.5397973907696691,0.0,0.1351682610830158,0.2512150932684632,0.2623544692153874,-0.014076601619389064,-0.011222444231596868
164,7.0,14.028227919792167,14.157823450494053,0.571765861661686,0.5985314393629401,33.65791752267668,34.91293003435222,False,False,0.6865125125428895,1.4277947856973117,0.0,0.2043661520778904,0.2509712034468387,0.2620663050127453,-0.014148192140631385,-0.011287042579847362
164,7.5,14.854902814880496,14.980504305600695,0.6218880356476497,0.5923160393533864,33.60775252472861,34.718520362492356,False,False,0.712635082251777,1.2798880628221836,0.0,0.22995450813934215,0.25071272505538195,0.2617708708818053,-0.014224538971179798,-0.011353731123125557
164,8.0,15.520604927968709,15.56516561870341,0.7393381530960237,0.5922721505494483,32.73025892622519,33.1468505610995,False,False,0.5891495978545667,0.7083298159837272,0.0,0.2532466994544009,0.25045075524481325,0.26147565509322485,-0.014302418456080275,-0.011420839857272038
164,8.5,15.551867478796108,13.524095265645009,1.5499689552295561,0.7268677634902392,28.213239185500356,21.671872503493102,False,False,0.2853705647213657,0.14404194082593258,0.0,0.2754946187103877,0.25017660831129873,0.2611800637609806,-0.014384462645297035,-0.011488508010572164
164,9.0,15.496868409255605,12.368290173382075,1.8569376486940403,0.766140315745164,27.15041941493112,18.960941822577276,False,False,0.25326788524931304,0.11112492698798185,0.0,0.3009914984927675,0.24980185057498416,0.2608669786626043,-0.014497525798276215,-0.011560702536827257
164,9.5,15.43046457938564,10.87115428347984,2.227391290789612,0.792483890275172,25.952392475035463,15.848082978708637,False,True,0.22433056473461177,0.08295538075518524,0.0,0.28900474971605156,0.24939057106617954,0.26054804496472045,-0.014622828370234917,-0.011634802176783856
164,10.0,15.342635767238242,9.93171761463525,2.44854463021935,0.7926807778349935,25.334369432594414,14.41606716588192,False,True,0.21109943138220888,0.07068076894187537,0.0,0.2729814598076772,0.2489345909434655,0.2602296040497344,-0.014763261163199533,-0.011709352595034778
164,10.5,14.918420732704195,9.458513324496934,2.4603373416379015,0.7841420598073255,25.18141897523523,14.41710462994443,False,True,0.2026303813955811,0.06729091748978203,0.0,0.26241437870219386,0.24845285204468187,0.2599154242538338,-0.014913376425578752,-0.011783463877030153
164,11.0,15.88047552794067,9.31692931754147,2.7059729911083865,0.7897000367442264,24.86814969612241,13.091016559875747,False,True,0.21002515026926852,0.06265563531126901,0.0,0.18349901381199712,0.24797195436416078,0.2596058499465517,-0.015065046972509336,-0.011857036070741112
164,11.5,14.994283636444319,9.288157192899359,2.497693665993238,0.7956561687651308,24.924263113599814,13.196577609603551,False,True,0.19752785064666695,0.06288035548389148,0.0,0.073907405095775,0.24746202340559653,0.25930772514868733,-0.015227886456788466,-0.011928405110187414
164,12.0,15.504782121019367,8.733511404251175,2.8281372508795246,0.8015435124475435,24.467033308234864,12.682239509105518,False,True,0.1985633649308616,0.05771725970025546,0.0,0.1317479749353559,0.2469808314581066,0.2590248426846618,-0.01538347518011259,-0.011996598965321658
164,12.5,15.260207458964908,8.429415967230048,2.856023829218527,0.8038017715164769,24.30295724859395,12.578249379012156,False,True,0.19271164571349061,0.05550527345059475,0.0,0.09783330853695406,0.24645965980522083,0.25873581290687764,-0.015554132654580756,-0.012066755050178459
164,13.0,15.602153485285726,8.44555219465687,2.9018916069019527,0.8067254050016665,24.245686498646705,12.278024900257336,False,True,0.19625986868238832,0.055051517586266585,0.0,0.04536663659279672,0.24593699973420816,0.2584527321174952,-0.01572754772629672,-0.012135941483526366
164,13.5,15.346767584928116,8.157891257171318,2.9210517930687616,0.7981880157794379,24.119120381834826,12.099209504988679,False,True,0.19097339095936666,0.052726924179921295,0.0,0.023840991664819167,0.2454104985881965,0.2581778239153418,-0.015904571387068266,-0.012203583329797027
164,14.0,13.819461935603956,7.779180517785218,2.719767778845218,0.8094357352704247,24.048865796175274,13.137366808482549,False,True,0.17091111859409863,0.05247816004472021,0.0,0.0002699847016204603,0.2448835014529403,0.2579085529948767,-0.016084144334788428,-0.01227027402965498
164,14.5,14.883917535380597,8.36960202193371,2.755011439885568,0.8096887670187483,24.3225228192899,12.551998890898847,False,True,0.1867672290493252,0.05519639711241444,0.0,0.0,0.24438404454541915,0.25764260845161385,-0.01625656687666105,-0.012336567537717079
164,15.0,13.37449949707689,7.6997388468289625,2.5853211140724075,0.7996729348105224,24.07041449541426,13.110498330885848,False,True,0.16543734179063102,0.05195294867619374,0.0,0.0,0.2438819334431874,0.2573783742325017,-0.016432130192300724,-0.01240285777415606
164,15.5,12.974803094323569,7.259911601383914,2.638035043002713,0.8000143970071207,23.78382576160977,12.741264496166888,False,False,0.15693712590963094,0.04852298410113181,0.0,0.0,0.2434032328132785,0.25711707899279346,-0.016601615393339094,-0.012468828465021306
164,16.0,12.741138671600257,7.165600264068721,2.6110477048217895,0.7982704206889167,23.712687339083047,12.558864716230628,False,False,0.15319163142981712,0.04755891234949579,0.0,0.0,0.24291955267072676,0.2568573594860465,-0.016774983330170797,-0.012534816047726596
164,16.5,12.343385459519514,7.122310110047048,2.505086547040153,0.7954336306806259,23.752078154039083,12.668419698155644,False,False,0.14881632320078136,0.047829005329227334,0.0,0.0,0.2424410032936067,0.2565994400817761,-0.016948639262740497,-0.012600758453877946
164,17.0,12.106514505559442,7.164452572636376,2.438877893601097,0.7963700581100628,23.777667305226124,12.666128264286986,False,False,0.14619562297080727,0.048167958011366564,0.0,0.0,0.2419776042472905,0.256343420532885,-0.017118842452732267,-0.012666624300168646
164,17.5,11.201811864615644,7.131294538582919,2.170464779301687,0.7895181106038314,23.99115045921517,13.296593463466657,False,False,0.13740460002100177,0.05017843446450036,0.0,0.0,0.24152424771045491,0.256088782259146,-0.017287331472028336,-0.012732542086927817
164,18.0,10.35622421827108,7.225413483616569,1.8863503448719472,0.7847870400947529,24.378571992767508,14.292094325521774,False,False,0.1305296591691786,0.054341543360729744,0.0,0.0,0.24110666131365385,0.25583648165652206,-0.017444277414074984,-0.012798258228439345
164,18.5,9.262624333330281,7.16738312622063,1.5374940841246338,0.761359494746103,24.924892937890018,15.768052443921036,False,False,0.1220279491308447,0.06029627038823139,0.0,0.0,0.24072680808170202,0.25558621390732356,-0.01758851821314624,-0.01286384451551106
164,19.0,7.427756221412821,6.386893222924762,1.155377853875703,0.7427817460524802,25.294879379054898,17.618242650370636,False,False,0.10094806401421824,0.06457585629177122,0.0,0.0,0.24039290221502818,0.25534032846414717,-0.01771648644447439,-0.012928672725270674
164,19.5,4.050803552001353,4.091633995499857,0.5994429748707613,0.6373505468296302,12.774237451453619,12.915310780740048,False,False,0.05627222735679968,0.05920423746480427,0.0,0.0,0.24010914772403702,0.25509817558372533,-0.01782610702886137,-0.012992897633203502
164.0,20.0,0.0,0.0,0.0,0.0,0.0,0.0,0.0,0.0,0.0,0.0,0.0,0.0,0.23989766187245512,0.25487079281457964,-0.017908334513829352,-0.013053551486419967
164.0,20.5,0.0,0.0,0.0,0.0,0.0,0.0,0.0,0.0,0.0,0.0,0.0,0.0,0.23976395741172238,0.25472593491036216,-0.01796055313099707,-0.01309236795345501
164.0,21.0,0.0,0.0,0.0,0.0,0.0,0.0,0.0,0.0,0.0,0.0,0.0,0.0,0.23963161522321633,0.25458235445176053,-0.0180124184608657,-0.013130977901589475
164.0,21.5,0.0,0.0,0.0,0.0,0.0,0.0,0.0,0.0,0.0,0.0,0.0,0.0,0.23950060591902328,0.2544400244607007,-0.018063937287721703,-0.013169385559512864
164.0,22.0,0.0,0.0,0.0,0.0,0.0,0.0,0.0,0.0,0.0,0.0,0.0,0.0,0.23937090110389364,0.254298918984215,-0.01811511617619681,-0.013207594984189771
164.0,22.5,0.0,0.0,0.0,0.0,0.0,0.0,0.0,0.0,0.0,0.0,0.0,0.0,0.23924247332915913,0.2541590130389475,-0.01816596148133138,-0.013245610070425896
164.0,23.0,0.0,0.0,0.0,0.0,0.0,0.0,0.0,0.0,0.0,0.0,0.0,0.0,0.2391152960493709,0.25402028255939274,-0.018216479358045618,-0.013283434559792593
164.0,23.5,0.0,0.0,0.0,0.0,0.0,0.0,0.0,0.0,0.0,0.0,0.0,0.0,0.2389893435814637,0.2538827043495753,-0.018266675770060956,-0.013321072048959605
164.0,24.0,0.0,0.0,0.0,0.0,0.0,0.0,0.0,0.0,0.0,0.0,0.0,0.0,0.23886459106626848,0.25374625603790185,-0.018316556498310207,-0.013358525997481342
165.0,0.5,0.0,0.0,0.0,0.0,0.0,0.0,0.0,0.0,0.0,0.0,0.0,0.0,0.23874101443221069,0.2536109160349407,-0.018366127148871758,-0.013395799735078406
165.0,1.0,0.0,0.0,0.0,0.0,0.0,0.0,0.0,0.0,0.0,0.0,0.0,0.0,0.23861859036104385,0.2534766634939084,-0.018415393160460748,-0.013432896468451725
165.0,1.5,0.0,0.0,0.0,0.0,0.0,0.0,0.0,0.0,0.0,0.0,0.0,0.0,0.23849729625548063,0.2533434782736584,-0.018464359811506823,-0.01346981928766432
165.0,2.0,0.0,0.0,0.0,0.0,0.0,0.0,0.0,0.0,0.0,0.0,0.0,0.0,0.2383771102085942,0.2532113409039861,-0.01851303222684661,-0.013506571172122268
165.0,2.5,0.0,0.0,0.0,0.0,0.0,0.0,0.0,0.0,0.0,0.0,0.0,0.0,0.2382580109748728,0.2530802325530812,-0.018561415384055823,-0.013543154996183793
165.0,3.0,0.0,0.0,0.0,0.0,0.0,0.0,0.0,0.0,0.0,0.0,0.0,0.0,0.23813997794281982,0.2529501349969695,-0.01860951411944506,-0.013579573534423536
165.0,3.5,0.0,0.0,0.0,0.0,0.0,0.0,0.0,0.0,0.0,0.0,0.0,0.0,0.2380229911089987,0.25282103059080324,-0.0186573331337405,-0.013615829466576006
165.0,4.0,0.0,0.0,0.0,0.0,0.0,0.0,0.0,0.0,0.0,0.0,0.0,0.0,0.23790703105343122,0.25269290224186675,-0.018704876997470043,-0.01365192538218126
165.0,4.5,0.0,0.0,0.0,0.0,0.0,0.0,0.0,0.0,0.0,0.0,0.0,0.0,0.2377920789162632,0.2525657333841782,-0.018752150156073264,-0.013687863784953102
165.0,5.0,0.0,0.0,0.0,0.0,0.0,0.0,0.0,0.0,0.0,0.0,0.0,0.0,0.2376781163756189,0.25243950795457476,-0.018799156934752245,-0.01372364709688942
165,5.5,2.0620049374463667,2.036755986929345,0.17806800770055906,0.15216089734191016,14.336868355750523,13.60481455833932,False,False,0.039396333823881746,0.03351701818932443,0.0,0.0,0.23756512562657017,0.2523142103701812,-0.01884590154307963,-0.013759277662141528
165,6.0,3.59832602559146,3.4356933072291267,0.30884568187231914,0.1964131047003098,14.35922566021699,12.19283270893207,False,False,0.06912023501888892,0.04389938685883621,0.0,0.0,0.23743039765862808,0.2521704352199202,-0.01890182004222099,-0.0138002985380655
165,6.5,4.884773588669397,4.481401142304334,0.4363995336886662,0.23482623590881832,14.27009886729983,11.228836030594994,False,False,0.09185450990393754,0.04965535090539192,0.0,0.0,0.23727994198080077,0.25202191892408243,-0.01896450010705025,-0.013842825216927318
165,7.0,5.557554052771123,4.9911955515907005,0.5257619076222866,0.2664160750755337,14.116256757698944,10.671439945328425,False,False,0.10083814517305238,0.051335743737931906,0.0,0.0,0.23711415305885897,0.251869391307661,-0.019033855045748053,-0.013886663137828586
165,7.5,12.980506814446283,11.884008979191432,1.3066194329731713,0.7278766876565567,27.878585543866865,21.65495385980236,False,False,0.22638399462983136,0.12665495991320241,0.0,0.0,0.23693788185169504,0.2517137080192245,-0.019107926801960554,-0.013931578715677198
165,8.0,13.713104809177137,12.140224751689331,1.4524708274122602,0.7376458836167129,27.606792147424436,20.331523616907198,False,False,0.23224058777315715,0.11852064513572222,0.0,0.0,0.2366629937760529,0.25150007595074886,-0.01922412543536383,-0.01399349492853072
165,8.5,15.182806101441848,12.553403658346308,1.7119793790705917,0.7565192109153409,27.321995882517832,18.81990142846996,False,False,0.24956432463688316,0.11196939003854144,0.0,0.0,0.236370394451023,0.2512860422904609,-0.019348737119274078,-0.014055856602211926
165,9.0,15.3467552567439,11.829650138075085,1.9542287797580737,0.7698429898585781,26.64569898929061,17.196617636278063,False,True,0.23744888288412042,0.09607348087783872,0.0,0.0,0.2360455857328934,0.25107043411979457,-0.0194881949937329,-0.01411901211064859
165,9.5,15.78656330953287,11.067838887598885,2.223453317780875,0.7732564732449222,25.991301480533018,15.093182555566427,False,True,0.22976930697909048,0.08120959207320733,0.0,0.0,0.2356907529792091,0.2508539462192975,-0.01964191490008236,-0.014182765778293385
165,10.0,13.410015033337618,10.652291474345937,1.7914718319336047,0.7589286813618288,26.237530053437386,16.530728463560024,False,False,0.19821365551928544,0.08378195846563771,0.0,0.0,0.23530244511171536,0.2506378293979816,-0.019811795445677755,-0.01424675257630777
165,10.5,7.297198897187243,6.019331273949534,0.9070974658066824,0.4011135999651619,13.322012150733649,8.669635330590863,False,False,0.11209375561023809,0.04935527226379971,0.0,0.0,0.23497000565824233,0.25042433270185327,-0.019958626577549776,-0.014310301630631286
165,11.0,7.561798195522275,6.245872566878252,0.9019494636497437,0.3933652563703689,13.446033217707035,8.77878802080929,False,False,0.11900876913342555,0.05176636371564669,0.0,0.0,0.2347510716334606,0.25025721620063446,-0.020056033167792833,-0.014360280988077555
165,11.5,15.654612820627927,11.945767319755163,1.9927821328191466,0.7738858108851191,26.586966634373574,16.495718528512185,False,True,0.2391560270577735,0.0936184274341771,0.0,0.0,0.2345335884881182,0.2500918587309257,-0.02015335554916376,-0.01440993911247748
165,12.0,16.206080484199106,11.535450461294552,2.2106059064639805,0.7849300118962701,26.227239696981755,15.536846372205364,False,True,0.23931353058886917,0.08616715690355076,0.0,0.0,0.23417788038846596,0.24987877120018254,-0.020313748373219722,-0.01447423298769684
165,12.5,15.970612675692326,10.833916326932675,2.3483537189566457,0.7882391754208994,25.793073017135995,14.838200523921145,False,True,0.22827098062831325,0.07848506096116314,0.0,0.0,0.23379518563685722,0.249665026373389,-0.02048801122749596,-0.014539068855404737
165,13.0,15.521477261003692,10.255741094353725,2.3704199695502375,0.776406502469842,25.59307722818818,14.579740631179412,False,True,0.21796586755448877,0.07338578213020144,0.0,0.0,0.23339569722850567,0.2494515995696139,-0.020671824769493977,-0.014604153813417859
165,13.5,15.301748809046114,10.161156395168828,2.369221630285751,0.7934671861845564,25.501279269569586,14.728562492992957,False,True,0.21310179331097184,0.07323484239475127,0.0,0.0,0.23299414581592223,0.24924041022572055,-0.02085857113222296,-0.014668898441900639
165,14.0,14.215080257712032,9.374076669649789,2.2900314007965563,0.7812769579014487,25.30711169885504,15.064089596869849,False,False,0.19460354561015225,0.06860080297600923,0.0,0.0,0.2325934854210877,0.2490277664909295,-0.02104690994146234,-0.014734434775286697
165,14.5,13.905977928926676,9.127296012665209,2.2575629417863023,0.7782862405699792,25.245727002367648,15.103061133286024,False,False,0.18929884779022416,0.06724377191394723,0.0,0.0,0.23220364442148764,0.24881738623185354,-0.02123211086371023,-0.014799617105645403
165,15.0,14.529474345556544,9.606954794690495,2.3022774167463123,0.7873924118097545,25.3044431287163,14.580969120667366,False,True,0.19883869395757775,0.06912790235268133,0.0,0.0,0.23181865887020753,0.24860808769355228,-0.02141691380823538,-0.014864805491148377
165,15.5,13.359670097578388,8.98873681016335,2.1577445548608845,0.7784603833052768,25.255772704314268,15.32262269576671,False,False,0.181956927563989,0.06742023805073989,0.0,0.0,0.2314286833353144,0.24839832011540414,-0.021606069353326162,-0.014930483522572998
165,16.0,12.765539698133125,8.687686896526024,2.0640127113523654,0.7713461737270054,25.214473114731774,15.43462897899257,False,False,0.1731924556252386,0.06608882478022832,0.0,0.0,0.23105782458718208,0.24819037314288214,-0.021787801700073745,-0.014995933070546086
165,16.5,11.87890394666362,8.426522421448107,1.8724940974482553,0.767808354292847,25.332333740792265,16.20985591935071,False,False,0.16275956267947758,0.06776598571122094,0.0,0.0,0.23069959960340788,0.2479840063143715,-0.021965074920189943,-0.015061223513754177
165,17.0,11.570846483604825,8.427282989586635,1.790025336933123,0.758100283338923,25.425392141147334,16.211369178959956,False,False,0.15969341367101042,0.06840600457492642,0.0,0.0,0.23036646053972146,0.24777875526257573,-0.022131478203215278,-0.015126497176958529
165,17.5,10.32879419676783,7.94348913911934,1.5548762938878287,0.754301618329081,25.590126150230745,17.281583848859746,False,False,0.14400747547447226,0.07032088658182611,0.0,0.0,0.23004450199347298,0.24757539784940077,-0.022293725959786206,-0.01519150130127937
165,18.0,8.996422347058726,7.2483462419303075,1.3211600822774159,0.7333086302288411,25.70653495569841,18.095952348269243,False,False,0.12672400150948931,0.07049178660384296,0.0,0.0,0.22975317175805113,0.24737317277365128,-0.022441761592455183,-0.015256473795531014
165,18.5,8.346202299944332,7.068288567482199,1.1935275083709154,0.7271256998293355,25.839817774246477,18.500823485735705,False,False,0.11896901712101472,0.07241215159702603,0.0,0.0,0.22949227874869377,0.24717426308213275,-0.022575325947811142,-0.015320704340029086
165,19.0,8.240286490605031,7.177396876144232,1.173669811217635,0.7266725902502905,25.83829987374829,18.02156127833396,False,False,0.11744328986222702,0.07239071979450304,0.0,0.0,0.22924829611039874,0.24697677358397777,-0.022701090882182653,-0.015384795286115097
165,19.5,5.1807048625052605,4.993243990085524,0.7295244953847203,0.7121651198085659,25.892482647096905,20.437063252309507,False,False,0.07419729581867529,0.07199412915639575,0.0,0.0,0.22900748163218249,0.2467799663725849,-0.022826042166115168,-0.015448982856317633
165.0,20.0,0.0,0.0,0.0,0.0,0.0,0.0,0.0,0.0,0.0,0.0,0.0,0.0,0.22882389546578277,0.2465856248539694,-0.022921850150714115,-0.015512679601717212
165.0,20.5,0.0,0.0,0.0,0.0,0.0,0.0,0.0,0.0,0.0,0.0,0.0,0.0,0.2287338964244676,0.24648264606076395,-0.022968992871393697,-0.015546558415742675
165.0,21.0,0.0,0.0,0.0,0.0,0.0,0.0,0.0,0.0,0.0,0.0,0.0,0.0,0.22864451145724166,0.24638026953023395,-0.023015928317963202,-0.015580326512844576
165.0,21.5,0.0,0.0,0.0,0.0,0.0,0.0,0.0,0.0,0.0,0.0,0.0,0.0,0.22855573297799664,0.24627848813074169,-0.023062658457858858,-0.015613984975759962
165.0,22.0,0.0,0.0,0.0,0.0,0.0,0.0,0.0,0.0,0.0,0.0,0.0,0.0,0.22846755352367476,0.24617729487125226,-0.023109185235949795,-0.01564753486549089
165.0,22.5,0.0,0.0,0.0,0.0,0.0,0.0,0.0,0.0,0.0,0.0,0.0,0.0,0.2283799657521934,0.24607668289715068,-0.023155510574630177,-0.015680977222013916
165.0,23.0,0.0,0.0,0.0,0.0,0.0,0.0,0.0,0.0,0.0,0.0,0.0,0.0,0.22829296244038552,0.24597664548622813,-0.023201636373927022,-0.01571431306495869
165.0,23.5,0.0,0.0,0.0,0.0,0.0,0.0,0.0,0.0,0.0,0.0,0.0,0.0,0.22820653648195713,0.2458771760448277,-0.02324756451162251,-0.015747543394257858
165.0,24.0,0.0,0.0,0.0,0.0,0.0,0.0,0.0,0.0,0.0,0.0,0.0,0.0,0.2281206808854645,0.2457782681041428,-0.02329329684338921,-0.015780669190769047
166.0,0.5,0.0,0.0,0.0,0.0,0.0,0.0,0.0,0.0,0.0,0.0,0.0,0.0,0.22803538877231158,0.24567991531666034,-0.02333883520293744,-0.01581369141687087
166.0,1.0,0.0,0.0,0.0,0.0,0.0,0.0,0.0,0.0,0.0,0.0,0.0,0.0,0.22795065337476975,0.24558211145274114,-0.023384181402173066,-0.015846611017034176
166.0,1.5,0.0,0.0,0.0,0.0,0.0,0.0,0.0,0.0,0.0,0.0,0.0,0.0,0.22786646803402102,0.24548485039733245,-0.023429337231364936,-0.01587942891836933
166.0,2.0,0.0,0.0,0.0,0.0,0.0,0.0,0.0,0.0,0.0,0.0,0.0,0.0,0.22778282619822507,0.24538812614680458,-0.0234743044593212,-0.015912146031151316
166.0,2.5,0.0,0.0,0.0,0.0,0.0,0.0,0.0,0.0,0.0,0.0,0.0,0.0,0.22769972142061157,0.2452919328059069,-0.02351908483357317,-0.01594476324932342
166.0,3.0,0.0,0.0,0.0,0.0,0.0,0.0,0.0,0.0,0.0,0.0,0.0,0.0,0.22761714735759853,0.2451962645848374,-0.02356368008056622,-0.015977281450980433
166.0,3.5,0.0,0.0,0.0,0.0,0.0,0.0,0.0,0.0,0.0,0.0,0.0,0.0,0.22753509776693695,0.24510111579642047,-0.023608091905856683,-0.016009701498832605
166.0,4.0,0.0,0.0,0.0,0.0,0.0,0.0,0.0,0.0,0.0,0.0,0.0,0.0,0.22745356650588242,0.24500648085338736,-0.023652321994314357,-0.01604202424065133
166.0,4.5,0.0,0.0,0.0,0.0,0.0,0.0,0.0,0.0,0.0,0.0,0.0,0.0,0.22737254752939443,0.2449123542657561,-0.023696372010329356,-0.016074250509696946
166,5.0,2.2812592993266096,2.298401310647112,0.07781479059478864,0.10835613932340694,16.39122297114464,16.9655832936004,False,False,0.08604591388190691,0.12264157267591559,0.0,0.0,0.22729203488836297,0.24481873063830464,-0.02374024359802372,-0.016106381125130104
166,5.5,8.753194978432433,8.874472119118003,0.33126424224222306,0.5874442371057097,32.408077736316756,34.07840460522792,False,False,0.30324128967029357,0.5641283178711722,0.0,0.0,0.22720210657221582,0.2447117965432942,-0.02378936028265597,-0.01614317341206434
166,6.0,11.050825681692974,11.109498258427163,0.5208252035332662,0.5988140107793753,31.624886237465176,31.918081620689993,False,False,0.3270569093877226,0.39348275965589036,0.0,0.0,0.22708037520411717,0.24454430336104302,-0.023856040045526355,-0.016201003435495465
166,6.5,12.643833359950728,12.500070947900575,0.7783961002026601,0.6557785851137804,30.499795286035905,29.14082615949766,False,False,0.30943397021290336,0.2710632232660155,0.0,0.0,0.22693497660174952,0.24437584861597433,-0.02393597587389653,-0.016259414590478055
166,7.0,13.708349070898056,13.125317384865827,1.010083127599514,0.66031680979966,29.686066681330544,26.216832896582346,False,False,0.2981607132965808,0.20321162563596723,0.0,0.0,0.22675723849188492,0.2442006169958499,-0.024034124924634838,-0.016320442070751392
166,7.5,14.389999315802497,13.261886384854648,1.2531101232415662,0.7041062691699551,28.833692775760973,23.677783567353643,False,False,0.28031821501456305,0.16335604827675065,0.0,0.0,0.2265504538439315,0.2440252843802133,-0.024148917939441926,-0.016381778073439168
166,8.0,14.732023127658488,12.715496456848797,1.5318230481726038,0.7320708538785868,27.822906278378156,20.692555817833124,False,False,0.2573536463216328,0.1271788996119476,0.0,0.0,0.226313172184206,0.24384484399987036,-0.02428144673562143,-0.016445187898798883
166,8.5,15.040434313727385,12.084458939478669,1.8133578707405988,0.7646271301794691,26.987483979142507,18.400662391695594,False,False,0.24097979754204413,0.10504491143662115,0.0,0.0,0.2260408406598392,0.2436613076671259,-0.024434621473963334,-0.016509985934892165
166,9.0,15.430149712796114,11.622050232850917,2.0384039786570374,0.7798753925702568,26.42537823079514,16.631092531684484,False,True,0.23409711893737173,0.09203005727207095,0.0,0.0,0.22573309446759843,0.24347408553181232,-0.024609103230322282,-0.016576398933744216
166,9.5,15.203692970774332,10.742752088276944,2.215138981625296,0.7860102071736125,25.885241683458975,15.524993948284642,False,True,0.21949813151707473,0.08053728389108382,0.0,0.0,0.22539712701535553,0.24328537855989585,-0.02480128325806876,-0.016643661000496874
166,10.0,15.427030284895952,10.2129031628473,2.423735694720774,0.7977659017559117,25.409260813340765,14.343551069559123,False,True,0.21362323781892012,0.07243376039803838,0.0,0.0,0.22503908970942885,0.24309634353478013,-0.02500805929660776,-0.016711366287781765
166,10.5,15.355783679128411,9.685113158327416,2.5274666331457825,0.7894109695376947,25.129229552792495,13.68495690076913,False,True,0.20749946820139242,0.0667102650562813,0.0,0.0,0.22465491740354382,0.24290625967552473,-0.02523221770260854,-0.01677977838132802
166,11.0,14.850299997606893,9.202030674631004,2.5690751919163914,0.8008309289498198,24.858519826849257,13.682407865956067,False,True,0.19631103056834343,0.06337933145046638,0.0,0.0,0.2242579686065491,0.24271768530925367,-0.025466350343204235,-0.01684797717594269
166,11.5,14.772282888318008,8.686334525858431,2.701313088575576,0.8008554112793471,24.51435730955201,13.091361871917847,False,True,0.1899175366730088,0.058229925258132996,0.0,0.0,0.2238561550060321,0.24252809610912862,-0.02570599352533615,-0.016916876179223352
166,12.0,14.601148171509184,8.224998978762173,2.8267975133113414,0.803777156914075,24.198224940674834,12.746438242560146,False,True,0.18339529662189563,0.054375697555576294,0.0,0.0,0.22343792279831093,0.24233893994252415,-0.02595828828117925,-0.01698595263220299
166,12.5,14.415056910071819,7.985444626612003,2.8192344590550236,0.7977979924985987,24.107763022464816,12.683687874896453,False,True,0.17950025502409245,0.05261816910290422,0.0,0.0,0.22300412802522981,0.24214984337880258,-0.026223094413306967,-0.017055343488088175
166,13.0,14.110329347128017,7.676679893218726,2.8425876908012424,0.8034861705986118,23.907189753957603,12.645044519582344,False,True,0.17303401426554985,0.050544960155310396,0.0,0.0,0.2225717208060967,0.2419619365257005,-0.026490262889803665,-0.017124632597078204
166,13.5,13.802522927427262,7.484412524293003,2.8112599841811168,0.800398076823424,23.845271859037318,12.759001799524242,False,True,0.16835839951764875,0.04950216782258415,0.0,0.0,0.22213675697825988,0.2417737284840363,-0.026762289474185647,-0.017194369228571534
166,14.0,13.997431665442864,7.4821497288522725,2.8707160785896937,0.8058330233176679,23.7469401742096,12.31727574338884,False,True,0.1693870625049103,0.04865964572646424,0.0,0.0,0.22170620034643784,0.2415863336028402,-0.027034843958333752,-0.017264140993953615
166,14.5,13.640230279750387,7.570070457855942,2.7178652729083987,0.7998032227047258,23.92712250306326,12.87622349759408,False,True,0.16718818860300882,0.05029307310582643,0.0,0.0,0.2212684778099371,0.2413986617916887,-0.027315331819582466,-0.01733435421042645
166,15.0,13.088122065310936,7.427715492882226,2.601331204000831,0.7987088449490037,23.942381476580266,13.31698009918673,False,False,0.16061139172907168,0.05042264458651221,0.0,0.0,0.2208506400298756,0.24121217011842055,-0.027586318057165785,-0.017404463193636747
166,15.5,12.382912162216659,7.005991576172207,2.534331240958258,0.795552870841432,23.760029778860385,13.356350398567614,False,False,0.14977584365926938,0.0480549145798841,0.0,0.0,0.22044805493116876,0.24102622578905114,-0.027850447366478535,-0.017474703032711644
166,16.0,12.382862949439836,7.504839166588098,2.3579607743939057,0.7969630761615429,24.20723656996787,14.029435772348076,False,False,0.15477821473956302,0.0533000999957811,0.0,0.0,0.22005440617659028,0.2408410877155752,-0.028111632333515678,-0.017544974120289623
166,16.5,12.122538763569214,7.507830087278535,2.2891466337592483,0.7939038173082404,24.2397976173684,13.990046506983107,False,False,0.15187359397537165,0.05351443530468685,0.0,0.0,0.21968362714788373,0.24065617026917732,-0.028360316439566075,-0.0176154978106605
166,17.0,12.039560507452233,7.716610411521132,2.1925950363507622,0.7848150610793496,24.444576260562506,14.02978294030763,False,False,0.15316046779186754,0.05548039797798897,0.0,0.0,0.21932200769603638,0.24047203931226463,-0.02860538601092334,-0.01768605740848954
166,17.5,11.533906924199657,7.733536698894042,2.05841851429484,0.7888682473643026,24.540242579169533,14.289209445945678,False,False,0.14775584935871924,0.05702352555837341,0.0,0.0,0.21897307859351509,0.2402894595594761,-0.028844250887858282,-0.017756355330992984
166,18.0,10.787579445004287,7.583834768621735,1.8702449446403808,0.7661413096831189,24.71833904255474,14.588323407043273,False,False,0.1397279081423126,0.05736261959350156,0.0,0.0,0.21864163065642553,0.24010675270719425,-0.02907335275983078,-0.01782703571011737
166,18.5,9.432835656752331,7.300072083024387,1.5341850536052601,0.7518837382635575,25.081637747525804,15.92085109525646,False,False,0.12590469890185946,0.061614927579445415,0.0,0.0,0.21833454110063286,0.23992732788270552,-0.029287555132738372,-0.01789677291029849
166,19.0,7.701958285403977,6.628405428807781,1.1651413720987729,0.7401171227064623,25.496905465128048,17.917525792200244,False,False,0.10651302530338752,0.06738785789122809,0.0,0.0,0.21807065176684592,0.2397501023221839,-0.029473127880171326,-0.017965974638458088
166,19.5,5.460975803796073,5.15823727191964,0.7871521965082648,0.6957475526386421,25.767482709025565,19.735000070952847,False,False,0.07734092881599733,0.06793290051125228,0.0,0.0,0.21785416219754064,0.2395747551559758,-0.029626414904877257,-0.0180347568986626
166.0,20.0,0.0,0.0,0.0,0.0,0.0,0.0,0.0,0.0,0.0,0.0,0.0,0.0,0.21768620871803693,0.2394054376769372,-0.029745990208315795,-0.01810147188743155
166.0,20.5,0.0,0.0,0.0,0.0,0.0,0.0,0.0,0.0,0.0,0.0,0.0,0.0,0.21761892853704173,0.23932515345112587,-0.029794051919751357,-0.01813320847277975
166.0,21.0,0.0,0.0,0.0,0.0,0.0,0.0,0.0,0.0,0.0,0.0,0.0,0.0,0.21755200912789247,0.23924523812882498,-0.029841947722184806,-0.018164865091536534
166.0,21.5,0.0,0.0,0.0,0.0,0.0,0.0,0.0,0.0,0.0,0.0,0.0,0.0,0.21748544700748657,0.23916568845504294,-0.02988967883680046,-0.018196442284714506
166.0,22.0,0.0,0.0,0.0,0.0,0.0,0.0,0.0,0.0,0.0,0.0,0.0,0.0,0.21741923873734362,0.23908650121884914,-0.02993724647360922,-0.018227940586715667
166.0,22.5,0.0,0.0,0.0,0.0,0.0,0.0,0.0,0.0,0.0,0.0,0.0,0.0,0.21735338092299147,0.23900767325252423,-0.0299846518314992,-0.018259360525463047
166.0,23.0,0.0,0.0,0.0,0.0,0.0,0.0,0.0,0.0,0.0,0.0,0.0,0.0,0.21728787021335788,0.2389292014307327,-0.030031896098290656,-0.018290702622528642
166.0,23.5,0.0,0.0,0.0,0.0,0.0,0.0,0.0,0.0,0.0,0.0,0.0,0.0,0.217222703300167,0.23885108266971722,-0.03007898045079425,-0.018321967393257463
166.0,24.0,0.0,0.0,0.0,0.0,0.0,0.0,0.0,0.0,0.0,0.0,0.0,0.0,0.21715787691734198,0.23877331392651344,-0.03012590605487248,-0.01835315534688839
167.0,0.5,0.0,0.0,0.0,0.0,0.0,0.0,0.0,0.0,0.0,0.0,0.0,0.0,0.21709338784041288,0.23869589219818538,-0.030172674065504633,-0.018384266986671217
167.0,1.0,0.0,0.0,0.0,0.0,0.0,0.0,0.0,0.0,0.0,0.0,0.0,0.0,0.21702923288593068,0.23861881452107983,-0.03021928562685401,-0.018415302809980775
167.0,1.5,0.0,0.0,0.0,0.0,0.0,0.0,0.0,0.0,0.0,0.0,0.0,0.0,0.2169654089108876,0.23854207797009988,-0.030265741872337864,-0.01844626330842764
167.0,2.0,0.0,0.0,0.0,0.0,0.0,0.0,0.0,0.0,0.0,0.0,0.0,0.0,0.2169019128121434,0.23846567965799653,-0.03031204392469992,-0.018477148967965915
167.0,2.5,0.0,0.0,0.0,0.0,0.0,0.0,0.0,0.0,0.0,0.0,0.0,0.0,0.2168387415258581,0.23838961673467796,-0.03035819289608467,-0.018507960268998085
167.0,3.0,0.0,0.0,0.0,0.0,0.0,0.0,0.0,0.0,0.0,0.0,0.0,0.0,0.21677589202693104,0.2383138863865357,-0.030404189888114084,-0.018538697686476934
167.0,3.5,0.0,0.0,0.0,0.0,0.0,0.0,0.0,0.0,0.0,0.0,0.0,0.0,0.21671336132844699,0.2382384858357876,-0.030450035991965493,-0.01856936169000485
167.0,4.0,0.0,0.0,0.0,0.0,0.0,0.0,0.0,0.0,0.0,0.0,0.0,0.0,0.2166511464811281,0.23816341233983657,-0.030495732288451708,-0.01859995274393038
167.0,4.5,0.0,0.0,0.0,0.0,0.0,0.0,0.0,0.0,0.0,0.0,0.0,0.0,0.2165892445727932,0.23808866319064476,-0.030541279848102076,-0.018630471307442293
167,5.0,1.9906724217891985,2.002602781377647,0.07018017486151233,0.09479367241312063,16.321070151301655,16.854664396623996,False,False,0.07266793376472949,0.0992911963028348,0.0,0.0,0.2165276527278236,0.2380142357141231,-0.030586679731245126,-0.018660917834661145
167,5.5,7.768641925489499,7.844952000226242,0.26739377977586937,0.5318089876043249,32.72354070823425,34.47407955519155,False,False,0.2889861448166602,0.6113538948304305,0.0,0.0,0.21645742485134953,0.2379280474476542,-0.030638543456822924,-0.018696249531527747
167,6.0,11.036520185890902,11.081704647782868,0.5224855593402986,0.6269545180187365,31.69786809911738,32.17438506281084,False,False,0.3311295165754498,0.44395838971204643,0.0,0.0,0.21636236991524738,0.2377864855255063,-0.030708909112003767,-0.018754454023368623
167,6.5,12.495156053740185,12.214134645707029,0.8615163551236821,0.6631208938264267,29.970400204835208,27.747443380257344,False,False,0.28276610119271484,0.22746120269922793,0.0,0.0,0.21623510957342307,0.2376331127914346,-0.030803416932478664,-0.018817758479078316
167,7.0,10.767409252001086,10.495569391423118,0.8657510180664029,0.6674782968496464,29.038001957954606,26.48096084251558,False,False,0.2151321969322446,0.16815057263976144,0.0,0.0,0.2160649445089194,0.23747544257937722,-0.030930329310601624,-0.018883102292210376
167,7.5,14.24448466861806,12.58225425486508,1.4573727742903066,0.7350615626507441,27.78876388957314,21.10616288774702,False,False,0.2511206071218522,0.13137502369961768,0.0,0.0,0.21589453602650055,0.2373175258823796,-0.031058048072896048,-0.018948819421031823
167,8.0,14.796505916830903,12.563882981230982,1.6117585101061314,0.746033327622609,27.462695787361938,19.683724662341668,False,False,0.24998974693748413,0.11830076091276284,0.0,0.0,0.21564902908660044,0.23715130317008884,-0.03124315862734674,-0.019018287700928803
167,8.5,15.270300607981156,11.837256884951366,1.9524437761552347,0.7782017855707671,26.64912031629697,17.49009739832168,False,False,0.23731637444063874,0.09795337331234688,0.0,0.0,0.21538413926270567,0.23698398615145902,-0.03144436005280512,-0.01908851997933454
167,9.0,15.341204737706217,10.897681692761548,2.208058658642616,0.7840162098619089,25.9570058635275,15.617210955942799,False,True,0.223363473069993,0.08203582843908815,0.0,0.0,0.21507612328914089,0.23681287124999478,-0.03168026326325092,-0.019160666299731857
167,9.5,15.574105088560316,10.873763680447293,2.2601656432146497,0.7758445748161621,25.958151665611645,15.536562395453277,False,True,0.2270266660876762,0.08130264519956745,0.0,0.0,0.21473581935817676,0.23664131443988304,-0.03194335140177962,-0.01923332532956882
167,10.0,15.44153798756673,10.185163620261243,2.435528198266629,0.7963283632524348,25.456266065740373,14.698327040298299,False,True,0.2150765524341779,0.07318197031031715,0.0,0.0,0.2143891585178053,0.23647109563844443,-0.032214035036288766,-0.01930574236239538
167,10.5,15.515893340104691,9.918141620011784,2.527517681263373,0.7964660014341686,25.276881360183364,14.322351367427228,False,True,0.21302851843487247,0.07012850276473458,0.0,0.0,0.21402043146921798,0.23629856086809517,-0.03250495367315644,-0.01937947646737163
167,11.0,16.276414005336957,10.098285368000802,2.577739534384175,0.7876018146627488,25.338077866044213,13.933152937083662,False,True,0.2241272535908992,0.07002452766687259,0.0,0.0,0.2136402602095191,0.23612630058600534,-0.032808185179858236,-0.01945342824319585
167,11.5,16.13671788042275,10.032085513351346,2.5919921913144752,0.7935863566861773,25.27634480150617,13.970128450401422,False,True,0.22102844564175173,0.0696311990318741,0.0,0.0,0.21325396486991202,0.23595545963753872,-0.033119760062966234,-0.019527103021007693
167,12.0,16.030007304097815,9.732093576949271,2.656601007167963,0.799301539605179,25.036736828240578,13.634940729038043,False,True,0.2152490592802062,0.06660499210402748,0.0,0.0,0.21286612670199995,0.23578414355226265,-0.03343613256011879,-0.019601316781499796
167,12.5,16.025648861576403,9.456704840595851,2.731102320437738,0.8104750259821408,24.775820762789472,13.264262184375749,False,True,0.2106211310865801,0.06376641433737543,0.0,0.0,0.21247032630714122,0.2356123844261319,-0.033762719644409335,-0.019676060076478097
167,13.0,15.842619781388283,9.088732263365277,2.757610141853937,0.7991372231480351,24.58017802126384,12.89531331413281,False,True,0.20492049039353621,0.06038768808542259,0.0,0.0,0.2120653007136138,0.23543948448898386,-0.03410086113292142,-0.019751643036439875
167,13.5,15.104731383482907,8.539490436402833,2.754494839123097,0.7961441667720078,24.308452595918972,12.89850258989619,False,True,0.19107620554165072,0.05667376179534236,0.0,0.0,0.21165716355184355,0.2352683102392776,-0.03444568995279609,-0.019826812631427847
167,14.0,14.932723419605045,8.80000193140598,2.6281584077447486,0.8015729701160537,24.474435042307967,13.386257575468345,False,True,0.19116148087655493,0.05966569059159173,0.0,0.0,0.21124968749375808,0.23509779612991272,-0.03479411269269928,-0.019902031458500058
167,14.5,15.150668015257722,9.296932928996702,2.504593070116758,0.7928433766167138,24.748404946868686,13.609264004788766,False,True,0.19821331407213294,0.06350857324013057,0.0,0.0,0.21085857269398844,0.23492686681170055,-0.03513250186818279,-0.019977774942601844
167,15.0,14.58393308806719,8.889039019165637,2.477930962484356,0.7951007881688222,24.530361795346835,13.53851857586199,False,True,0.1873378754601468,0.06073791817274347,0.0,0.0,0.2104834637946906,0.2347573244247619,-0.03546073277388062,-0.020053243373222448
167,15.5,12.885463122331908,7.859618313553682,2.3545114319393643,0.7969807298120682,24.158076302447885,14.24186132342301,False,False,0.1606291560199698,0.05598069550254438,0.0,0.0,0.21011200994457632,0.23458776678447024,-0.03578937218004273,-0.020129058562995152
167,16.0,12.808078514804935,7.736650372075603,2.3785476448108374,0.7940345865264931,23.992139564255694,13.69426414298908,False,False,0.15743657820526002,0.05377851695825946,0.0,0.0,0.20975653903564598,0.2344182399364452,-0.03610727432196385,-0.02020520165481548
167,16.5,12.82636510092538,7.809982856587862,2.3792569426488686,0.797289364963897,23.94453347703246,13.43269799650896,False,False,0.15703048691747956,0.05373972284487534,0.0,0.0,0.20939825822151759,0.23424935684888004,-0.0364310997700956,-0.020281397073186224
167,17.0,11.969003704258046,7.612043724330481,2.181340953923452,0.7908686867041068,23.96368308075592,13.766033667054543,False,False,0.146687977849072,0.053898061203265527,0.0,0.0,0.20904013799157217,0.2340803253105814,-0.036758243965388175,-0.02035800252422712
167,17.5,11.109672391795531,7.438953878961829,1.987259912662691,0.7902889979310818,24.00447634797746,14.211561729611265,False,False,0.13648381433161694,0.054666990599143615,0.0,0.0,0.20870748762044336,0.2339123763039624,-0.03706526144323873,-0.020434459058656054
167,18.0,10.24218107074661,7.215993422028007,1.7936010335131323,0.7768824590122629,24.106376836705213,14.581390146481034,False,False,0.12636701587492172,0.054863150098847305,0.0,0.0,0.2083998163356302,0.23374476352956403,-0.037351947985880145,-0.02051110386467233
167,18.5,8.832972996001981,6.7544772630175745,1.5043029685010383,0.7707848266634992,24.207773336292234,15.575448719172961,False,False,0.10984416893324864,0.05615952818113579,0.0,0.0,0.2081170682897286,0.23357911960453695,-0.03761774359257794,-0.02058718511232034
167,19.0,7.168643341885266,6.067966191108345,1.1343131985142705,0.7356071871999348,24.607791081691616,17.242390441590594,False,False,0.09202471734055802,0.05937435222358871,0.0,0.0,0.20787142902458405,0.23341451121187765,-0.03785048632641842,-0.02066312406065939
167,19.5,4.824248470130912,4.661616452524825,0.6677962910087115,0.708764101306726,25.38049654372643,20.61255065512396,False,False,0.0660477950713117,0.06967177380347186,0.0,0.0,0.2076731793064398,0.23325464223537973,-0.03803957948517748,-0.020737196249860354
167.0,20.0,0.0,0.0,0.0,0.0,0.0,0.0,0.0,0.0,0.0,0.0,0.0,0.0,0.20753461787800395,0.23309844877362845,-0.03817240960075947,-0.02080987120383208
167.0,20.5,0.0,0.0,0.0,0.0,0.0,0.0,0.0,0.0,0.0,0.0,0.0,0.0,0.20748139237542848,0.23303282816799342,-0.03822358040548205,-0.020840494191280066
167.0,21.0,0.0,0.0,0.0,0.0,0.0,0.0,0.0,0.0,0.0,0.0,0.0,0.0,0.2074284017218067,0.23296745892712012,-0.03827460663718467,-0.020871053273774875
167.0,21.5,0.0,0.0,0.0,0.0,0.0,0.0,0.0,0.0,0.0,0.0,0.0,0.0,0.2073756440048551,0.23290233935813717,-0.038325489212928436,-0.020901548737439962
167.0,22.0,0.0,0.0,0.0,0.0,0.0,0.0,0.0,0.0,0.0,0.0,0.0,0.0,0.20732311733399292,0.23283746778173517,-0.038376229041570356,-0.0209319808676668
167.0,22.5,0.0,0.0,0.0,0.0,0.0,0.0,0.0,0.0,0.0,0.0,0.0,0.0,0.20727081984004525,0.23277284253211047,-0.03842682702384149,-0.020962349949076156
167.0,23.0,0.0,0.0,0.0,0.0,0.0,0.0,0.0,0.0,0.0,0.0,0.0,0.0,0.20721874967494924,0.23270846195690525,-0.03847728405242554,-0.020992656265481434
167.0,23.5,0.0,0.0,0.0,0.0,0.0,0.0,0.0,0.0,0.0,0.0,0.0,0.0,0.20716690501146537,0.23264432441714508,-0.0385276010120367,-0.021022900099853883
167.0,24.0,0.0,0.0,0.0,0.0,0.0,0.0,0.0,0.0,0.0,0.0,0.0,0.0,0.20711528404289242,0.2325804282871738,-0.03857777877949747,-0.021053081734289367
168.0,0.5,0.0,0.0,0.0,0.0,0.0,0.0,0.0,0.0,0.0,0.0,0.0,0.0,0.20706388498278708,0.23251677195458528,-0.03862781822381551,-0.021083201449977197
168.0,1.0,0.0,0.0,0.0,0.0,0.0,0.0,0.0,0.0,0.0,0.0,0.0,0.0,0.20701270606468697,0.23245335382015353,-0.038677720206260986,-0.021113259527170344
168.0,1.5,0.0,0.0,0.0,0.0,0.0,0.0,0.0,0.0,0.0,0.0,0.0,0.0,0.2069617455418386,0.23239017229776016,-0.038727485580442624,-0.021143256245157185
168.0,2.0,0.0,0.0,0.0,0.0,0.0,0.0,0.0,0.0,0.0,0.0,0.0,0.0,0.2069110016869284,0.23232722581431972,-0.03877711519238399,-0.02117319188223507
168.0,2.5,0.0,0.0,0.0,0.0,0.0,0.0,0.0,0.0,0.0,0.0,0.0,0.0,0.20686047279181857,0.23226451280970348,-0.038826609880598516,-0.021203066715684973
168.0,3.0,0.0,0.0,0.0,0.0,0.0,0.0,0.0,0.0,0.0,0.0,0.0,0.0,0.2068101571672862,0.23220203173666099,-0.03887597047616506,-0.021232881021747863
168.0,3.5,0.0,0.0,0.0,0.0,0.0,0.0,0.0,0.0,0.0,0.0,0.0,0.0,0.20676005314276655,0.23213978106074035,-0.03892519780280225,-0.02126263507560215
168.0,4.0,0.0,0.0,0.0,0.0,0.0,0.0,0.0,0.0,0.0,0.0,0.0,0.0,0.2067101590661001,0.23207775926020674,-0.038974292676942336,-0.02129232915134262
168.0,4.5,0.0,0.0,0.0,0.0,0.0,0.0,0.0,0.0,0.0,0.0,0.0,0.0,0.20666047330328335,0.2320159648259599,-0.039023255907804845,-0.021321963521960422
168,5.0,5.244680808387992,5.353158774978827,0.2710594007685153,0.550537824119396,15.273818330887424,16.83234543412597,False,False,0.1293053537674955,0.26427981338174433,0.0,0.0,0.20661099423822324,0.23195439626144948,-0.039072088297469554,-0.021351538459324543
168,5.5,7.705070012052304,7.790458947555244,0.44826553998766483,0.6150041878404914,30.06126523976548,31.17558801499395,False,False,0.17664955952940398,0.24468357855077355,0.0,0.0,0.20652717841756987,0.23182289551322652,-0.039154974906640466,-0.021414869706517035
168,6.0,10.344203211656398,10.282669473334991,0.6565382702114648,0.6296379588266677,29.66358759051186,28.723647442141527,False,False,0.22430015068126608,0.21777595114709264,0.0,0.0,0.20642098424303246,0.2316834025505416,-0.03926029284759154,-0.021482294826356576
168,6.5,11.765683756940021,11.543637722386439,0.824257789098956,0.6892025180642697,29.17636083253624,27.191200150652094,False,False,0.23923494536978976,0.20329263934824132,0.0,0.0,0.2062884512485617,0.23154226624050633,-0.039392206143783415,-0.02155077185566151
168,7.0,12.582540488673377,12.023154008020214,1.0154178071174023,0.6977226711786237,28.421018480442854,24.707993110333007,False,False,0.23331833219063983,0.1624464292401895,0.0,0.0,0.20613474569614532,0.23139375952195906,-0.039545854962112444,-0.021623105877842583
168,7.5,13.996313036661753,12.881378362935127,1.2460892192873514,0.7341462096637364,27.912949015728366,22.742603030070207,False,False,0.24502305018886475,0.1471913733943967,0.0,0.0,0.2059568789676847,0.2312443857526746,-0.03972454819809729,-0.021696154219621174
168,8.0,14.853363024541023,12.204087469398225,1.628941006906335,0.7442328190412291,26.65757575824866,18.67192406626824,False,False,0.2307944150738625,0.10768084563783277,0.0,0.0,0.20574981450272276,0.23109058778621025,-0.03993378821342408,-0.02177167356020437
168,8.5,15.315888391019673,11.602989697157987,1.9185902879954773,0.7824583355728956,25.91799810550539,17.021615889501174,False,False,0.22191449968544452,0.09330978078765137,0.0,0.0,0.20549415803486612,0.2309357205021029,-0.04019394517557768,-0.021848034652444125
168,9.0,15.141370284980617,10.368007198979056,2.1862273472779994,0.7975303008221981,25.047130101558977,15.300208279814019,False,True,0.20316135977124983,0.07645995857268678,0.0,0.0,0.2052017851384644,0.23077619680334865,-0.040493944275278665,-0.02192702558679995
168,9.5,15.009475928698341,9.301336593126962,2.4274529880001485,0.7977938209074338,24.294515894149015,13.793952144829456,False,True,0.18934427899829392,0.0639500162502966,0.0,0.0,0.20487549942744435,0.23061496596369088,-0.040831896509629005,-0.022007207840442536
168,10.0,14.992319412950156,8.870564623307498,2.5518143863648515,0.8037334876877877,23.936953738739028,13.313513625328149,False,True,0.18396867542564027,0.05957818167825964,0.0,0.0,0.20451866513341088,0.2304539138461433,-0.041205344322042904,-0.022087650225822354
168,10.5,15.279502527226828,8.835972907557299,2.6025025299362516,0.7980038745466136,23.88894820924187,13.087675041736023,False,True,0.18691143221882095,0.058932447544021674,0.0,0.0,0.20414617315897987,0.23029231593334415,-0.04159952851801343,-0.02216871759571905
168,11.0,14.484376367739467,8.40125906213512,2.539646405499535,0.7952358082736193,23.7195253577545,13.501243807759355,False,True,0.17477630414813305,0.0567163867835529,0.0,0.0,0.20376741047420158,0.23013165811071357,-0.04200496440019856,-0.02224966502324065
168,11.5,14.102018887695085,7.990545784154821,2.5709909749216613,0.7982297185155549,23.44103494592106,13.389753518219017,False,True,0.16668146598906208,0.05373674532004283,0.0,0.0,0.20339684493861213,0.2299715618420593,-0.0424061902421189,-0.02233068007786283
168,12.0,14.010791495773141,7.79436364717873,2.6261693733964995,0.8094508714987004,23.205409360023175,13.168205642311236,False,True,0.16275351736189786,0.051966561983171164,0.0,0.0,0.20302247090716866,0.2298112917485035,-0.04281618528896293,-0.022412135386197907
168,12.5,14.52688397360642,7.597751796263618,2.774692826225195,0.7979474028040358,22.969816502827953,12.245963956316825,False,True,0.16586572081585715,0.048867613870119356,0.0,0.0,0.20264124979524847,0.22964979831790602,-0.04323854158401846,-0.022494570772874298
168,13.0,12.993012792534195,6.742364639409308,2.7175617336572526,0.8093479809533412,22.42461717226329,12.682011204898703,False,True,0.14289834388848546,0.04418714308971879,0.0,0.0,0.2022412850235581,0.22948997634179846,-0.04368701145776449,-0.02257650887608245
168,13.5,13.87853311972772,6.947496528830695,2.858816549931167,0.8149840831645223,22.35741543088464,11.912540474798657,False,True,0.15178440845769733,0.044046108646620834,0.0,0.0,0.2018487823794665,0.22932890604372283,-0.04413251250280995,-0.02265944701944775
168,14.0,13.977801457536666,7.004622207940953,2.8437252602263676,0.8150458132949203,22.31311254446659,11.777916935170008,False,True,0.15281894406270452,0.04429562713354444,0.0,0.0,0.20143845966324597,0.22916732097598422,-0.04460403944798425,-0.022743015252270484
168,14.5,13.34241371881415,6.937982528881737,2.6797175500822035,0.8147363368162671,22.35650740258955,11.980160475422004,False,True,0.14494591724182093,0.044109237409309145,0.0,0.0,0.2010302391784266,0.2290059304836295,-0.0450791191691438,-0.022826849661995118
168,15.0,11.826198671417758,6.7239288828134764,2.3495862435766455,0.8050087128133423,22.322757773783202,12.37735054148985,False,False,0.12817902487897936,0.04364944132381794,0.0,0.0,0.200643096456729,0.22884478087513563,-0.04553524897807129,-0.02291092657583865
168,15.5,11.311931823956872,6.80593150862555,2.199718691283686,0.8110772006040853,22.41870356483017,12.867632039460204,False,False,0.12341185888956244,0.0452575640745367,0.0,0.0,0.20029819980179853,0.22868507135220562,-0.04594624294065644,-0.022994616441099035
168,16.0,9.922846724135134,6.520165706131983,1.9090766317314205,0.7978653957718789,22.42813790008738,13.598533830098155,False,False,0.10832719126418536,0.044917339909765694,0.0,0.0,0.19997257642511146,0.22852478800859924,-0.04633833235639034,-0.02307897345879449
168,16.5,9.18415203703887,6.289957265515036,1.769945168440039,0.7969766669546657,22.370213230103566,14.037573489615681,False,False,0.09986592284393456,0.044578669314582195,0.0,0.0,0.1996841643517544,0.2283663868363805,-0.04668894814162792,-0.02316270239159705
168,17.0,6.381469785591579,5.3590182629774,1.1825518083463415,0.7768578137785841,22.574031872033437,17.367558041095368,False,False,0.07037071993336128,0.04582698112900863,0.0,0.0,0.19941365491441698,0.22820829653590066,-0.0470206763035805,-0.023246628110845803
168,17.5,3.0564559159998543,1.9966608347445982,0.5212583070955351,0.20109428043780808,11.555595634276655,6.687214057534637,False,False,0.03500816803934445,0.013415282684209297,0.0,0.0,0.19921817013905568,0.22805296673238856,-0.04726214980249045,-0.023329441472921732
168,18.0,2.434586849426868,1.60603957046828,0.40944184018609947,0.15902519825181924,11.598578265578974,6.72893391024405,False,False,0.028059049163564647,0.010840855261721167,0.0,0.0,0.1991071261023448,0.22797120386487685,-0.047399975479529434,-0.023373174159782826
168,18.5,1.494949130410835,1.1611024796633553,0.23308411584931432,0.11438381154745574,11.833842765907114,7.952938920409358,False,False,0.01783762761900066,0.008716045876548477,0.0,0.0,0.1990105002025083,0.22789499686158932,-0.04752029545000042,-0.023414023142061622
168,19.0,1.65925477438229,1.9117753092672145,0.2164173684306773,0.593782982471725,12.354589636369198,15.883828558296168,False,False,0.0214757542180893,0.05861355814092787,0.0,0.0,0.19893651591236372,0.2278246726182582,-0.04761266779692287,-0.023451794293675332
168.0,19.5,0.0,0.0,0.0,0.0,0.0,0.0,0.0,0.0,0.0,0.0,0.0,0.0,0.19886482217828338,0.227693450285458,-0.047702384468683655,-0.023522468114980852
168.0,20.0,0.0,0.0,0.0,0.0,0.0,0.0,0.0,0.0,0.0,0.0,0.0,0.0,0.20947553164316435,0.23828472225949748,-0.036360965917265765,-0.018550551035148754
168.0,20.5,0.0,0.0,0.0,0.0,0.0,0.0,0.0,0.0,0.0,0.0,0.0,0.0,0.20939766663569237,0.23818760696012875,-0.03643163731855324,-0.018590087333118975
168.0,21.0,0.0,0.0,0.0,0.0,0.0,0.0,0.0,0.0,0.0,0.0,0.0,0.0,0.20932043972305425,0.2380913119092568,-0.03650189128588071,-0.018629388870159934
168.0,21.5,0.0,0.0,0.0,0.0,0.0,0.0,0.0,0.0,0.0,0.0,0.0,0.0,0.20924383911405203,0.23799582047948847,-0.036571735014982724,-0.01866846021977604
168.0,22.0,0.0,0.0,0.0,0.0,0.0,0.0,0.0,0.0,0.0,0.0,0.0,0.0,0.2091678533631527,0.23790111658711233,-0.03664117549594189,-0.018707305807579254
168.0,22.5,0.0,0.0,0.0,0.0,0.0,0.0,0.0,0.0,0.0,0.0,0.0,0.0,0.20909247135680203,0.23780718466804154,-0.03671021952116717,-0.01874592991774417
168.0,23.0,0.0,0.0,0.0,0.0,0.0,0.0,0.0,0.0,0.0,0.0,0.0,0.0,0.20901768230041295,0.23771400965508185,-0.03677887369298722,-0.018784336699112638
168.0,23.5,0.0,0.0,0.0,0.0,0.0,0.0,0.0,0.0,0.0,0.0,0.0,0.0,0.20894347570598934,0.23762157695643504,-0.03684714443087976,-0.018822530170972233
168.0,24.0,0.0,0.0,0.0,0.0,0.0,0.0,0.0,0.0,0.0,0.0,0.0,0.0,0.2088698413803475,0.23752987243536072,-0.03691503797835867,-0.01886051422852787
169.0,0.5,0.0,0.0,0.0,0.0,0.0,0.0,0.0,0.0,0.0,0.0,0.0,0.0,0.20879676941390202,0.23743888239092087,-0.03698256040953748,-0.018898292648086616
169.0,1.0,0.0,0.0,0.0,0.0,0.0,0.0,0.0,0.0,0.0,0.0,0.0,0.0,0.20872425016998303,0.23734859353973894,-0.0370497176353878,-0.018935869091973468
169.0,1.5,0.0,0.0,0.0,0.0,0.0,0.0,0.0,0.0,0.0,0.0,0.0,0.0,0.20865227427465532,0.23725899299871023,-0.03711651540970909,-0.018973247113194543
169.0,2.0,0.0,0.0,0.0,0.0,0.0,0.0,0.0,0.0,0.0,0.0,0.0,0.0,0.2085808326070111,0.2371700682686042,-0.037182959334826286,-0.019010430159863128
169.0,2.5,0.0,0.0,0.0,0.0,0.0,0.0,0.0,0.0,0.0,0.0,0.0,0.0,0.2085099162899101,0.23708180721850478,-0.03724905486702931,-0.019047421579403007
169.0,3.0,0.0,0.0,0.0,0.0,0.0,0.0,0.0,0.0,0.0,0.0,0.0,0.0,0.2084395166811429,0.2369941980710367,-0.037314807321768846,-0.01908422462254227
169.0,3.5,0.0,0.0,0.0,0.0,0.0,0.0,0.0,0.0,0.0,0.0,0.0,0.0,0.20836962536499368,0.2369072293883312,-0.037380221878621694,-0.019120842447110212
169.0,4.0,0.0,0.0,0.0,0.0,0.0,0.0,0.0,0.0,0.0,0.0,0.0,0.0,0.20830023414418167,0.23682089005868756,-0.03744530358603681,-0.019157278121648514
169.0,4.5,0.0,0.0,0.0,0.0,0.0,0.0,0.0,0.0,0.0,0.0,0.0,0.0,0.2082313350321606,0.2367351692838884,-0.037510057365874955,-0.019193534628847816
169.0,5.0,0.0,0.0,0.0,0.0,0.0,0.0,0.0,0.0,0.0,0.0,0.0,0.0,0.2081629202457577,0.23665005656713137,-0.0375744880177512,-0.019229614868819755
169.0,5.5,0.0,0.0,0.0,0.0,0.0,0.0,0.0,0.0,0.0,0.0,0.0,0.0,0.20809498219813308,0.23656554170154132,-0.03763860022319218,-0.019265521662213323
169,6.0,3.7349184302636864,3.7367727388158887,0.1769699202197333,0.1779406305268899,15.592361146052797,15.620454728986765,False,False,0.10217082975106473,0.10501594279283354,0.0,0.0,0.20802751349204507,0.23648161475922977,-0.037702398549615566,-0.019301257753185183
169,6.5,9.390972686888526,9.512269645191692,0.48647094232102106,0.6495540463908406,15.396144668078033,16.15219721869831,False,False,0.24065526794179684,0.33983121287351536,0.0,0.0,0.2079379551432266,0.2363755906103737,-0.037787283959000426,-0.01934651580950032
169,7.0,5.797348537445868,5.667142440701749,0.3313234973332234,0.24039009728745048,15.20887049067712,14.16709991072414,False,False,0.14011050644379613,0.10556677003668358,0.0,0.0,0.2078094113068689,0.23621003631272403,-0.037909519007874364,-0.01941743836586019
169,7.5,5.055899331357519,5.023327444301861,0.29614904711555873,0.26844772810113693,15.088432415630974,14.759838602691746,False,False,0.11787744184620354,0.10852054879795348,0.0,0.0,0.2077010865661391,0.23609718262921262,-0.038012893222586636,-0.01946596185255087
169,8.0,6.517532944538912,6.296619124540725,0.41330645206395145,0.27823414424633663,14.932657873701782,13.459650434644036,False,False,0.1453197818673344,0.10066736748444774,0.0,0.0,0.20759768572728932,0.2359813042838581,-0.038111882015540006,-0.019515936260150028
169,8.5,13.13334820097337,12.81254111985465,0.9084372456256393,0.7004091159409517,29.39694587051855,27.371538002056653,False,False,0.2747917160784644,0.2169251919958769,0.0,0.0,0.20747979017677487,0.23586472094849895,-0.03822512202015231,-0.0195663690440667
169,9.0,14.871168573485349,13.91366783693367,1.1777889016583205,0.7086907511468364,28.715367252904436,24.301115494609025,False,False,0.2855538997624304,0.17647259308158963,0.0,0.0,0.20729922732631142,0.2356948723433696,-0.03839933284087477,-0.01964012204710333
169,9.5,16.5643471201125,14.581686301697161,1.4952352206611834,0.7570008599812573,28.04933349949135,22.122999394473005,False,False,0.29702859779922475,0.15745095346821417,0.0,0.0,0.2070847626045469,0.23552449380854354,-0.03860748353915444,-0.01971443818658063
169,10.0,16.56036612711486,13.31887019767775,1.7955791808135901,0.7749325940446063,27.04651055684099,19.46696176831479,False,False,0.2669576427425096,0.12148826027701615,0.0,0.0,0.20683026108338115,0.2353484763705098,-0.038856239184100506,-0.01979156605610099
169,10.5,16.47401045164108,11.945578604924219,2.072839826492175,0.7839464179426444,26.058353336036106,16.85217885699703,False,True,0.24146995486556774,0.09483232731770043,0.0,0.0,0.20653789621329835,0.2351706833973185,-0.03914436425833882,-0.019869837192397093
169,11.0,15.900770035535368,10.356056119585041,2.3526077257171734,0.8043107783426,25.014086206898146,14.945835269971205,False,True,0.21244342538310718,0.07486678383562145,0.0,0.0,0.20621060375058944,0.23499224368395202,-0.039469935838225965,-0.019948764159552344
169,11.5,16.006090924027916,9.795422433307976,2.496251558681743,0.8013686597814275,24.596657452362813,13.984290425171256,False,True,0.20669974288973317,0.06785856728444892,0.0,0.0,0.20584805850585675,0.23481170334790563,-0.03983434870088625,-0.020029000730377205
169,12.0,14.941603698312994,9.323687548549028,2.389698763372594,0.8043119917879495,24.476997886914205,14.65591555818109,False,True,0.19095092390489388,0.06650531203502114,0.0,0.0,0.20546760159281516,0.23463202512760648,-0.04022108471762023,-0.020109236210754534
169,12.5,14.537184822503114,8.956315575059847,2.3828939511891973,0.8042019805211604,24.282372699837644,14.65563641035181,False,True,0.1829399682956359,0.06397227165608763,0.0,0.0,0.20510111083341934,0.2344524519273569,-0.04059786152088046,-0.020189807715136017
169,13.0,15.131348095500798,9.346573283556314,2.3982826040630183,0.8011054824824038,24.391084653268248,14.291050670647266,False,True,0.1919238513241054,0.06578293123849883,0.0,0.0,0.2047358697523981,0.23427336591590364,-0.040977544848616286,-0.02027054399107352
169,13.5,14.672111348831455,9.93358951944504,2.14392434279068,0.7980403297205342,24.74342810505655,14.659258333757974,False,False,0.19043196774435978,0.07110109621905161,0.0,0.0,0.20436904497920746,0.2340951409057695,-0.04136314057027599,-0.020351274296825903
169,14.0,15.28731933561538,9.4137803847738,2.405537301667417,0.8008539679845088,24.273439905103142,13.47644091288272,False,True,0.19108938513885293,0.06407528624521285,0.0,0.0,0.20403500603235655,0.23391776629689778,-0.0417180389361242,-0.02043200002863443
169,14.5,13.595713649481834,8.282723459696278,2.293949664962496,0.7851101967074708,23.886238800768474,14.184492102064272,False,False,0.16568651245779048,0.05834413585822272,0.0,0.0,0.2036679962880803,0.23374048648599294,-0.04211215843139831,-0.020513064118766668
169,15.0,13.368041791379028,8.327783272309084,2.242759777359175,0.8024228574828643,23.814655970429246,14.258979636779486,False,False,0.16200673375490743,0.05904739839287462,0.0,0.0,0.2033155688717005,0.23356565999108378,-0.04249480063949964,-0.020593381951612654
169,15.5,13.54265351286887,8.539183263515024,2.2071979032657105,0.7867673438294296,23.907493088610714,13.85403796295396,False,False,0.16523186369671594,0.05955908073183342,0.0,0.0,0.202970022366201,0.23338906817799188,-0.0428740006518231,-0.020674891478044594
169,16.0,12.980620050395043,9.137464103761015,1.9535592333065872,0.7966188518471442,24.320548441920835,14.628073914205714,False,False,0.1628587983442184,0.06641516518153052,0.0,0.0,0.20262936058697384,0.23321490625113894,-0.04325179330326442,-0.02075565621035514
169,16.5,11.630978941626985,9.072850605139903,1.6437644976018402,0.7866757261664131,24.65522642730248,16.138962900546566,False,False,0.14988197141322968,0.07161755632559681,0.0,0.0,0.2023213691019664,0.23303991789237333,-0.04359677321308833,-0.020837183063229205
169,17.0,10.38763132687064,8.532443956338973,1.433992902690855,0.7675950306469175,24.760266275600387,17.065826215597248,False,False,0.13500840680989337,0.07210479519054261,0.0,0.0,0.20205319956372111,0.23286661983023582,-0.0438998215562916,-0.020918298722213267
169,17.5,9.527718708541325,7.9304809589583565,1.3167309623431869,0.7584939605027574,24.722599475113494,17.547948578832496,False,False,0.1234521780107101,0.0709644897214277,0.0,0.0,0.2018121013650341,0.23269617086040503,-0.0441744223692356,-0.020998448072013384
169,18.0,7.896056531187321,6.967532711718878,1.0641449561937502,0.7497849469844282,24.84196166066169,19.10134901632903,False,False,0.1033149075616861,0.07262701739619942,0.0,0.0,0.2015862814524352,0.2325272937437354,-0.04443347986992697,-0.021078219406073503
169,18.5,6.429568125508455,5.548843358466225,0.8770745483818636,0.7059987346005728,24.750088120878026,19.803326559316705,False,False,0.08349588767514357,0.06719108386510712,0.0,0.0,0.20139298034519038,0.23235993313063824,-0.04465667118495763,-0.021157630873134103
169,19.0,2.086672031096648,2.2871032497762784,0.28893932998960664,0.5958386123606466,12.301037557724927,15.153242711960408,False,False,0.026774503963490917,0.05495421955265651,0.0,0.0,0.20122384508872274,0.23219855373300433,-0.04485305632198427,-0.021234542099689325
169.0,19.5,0.0,0.0,0.0,0.0,0.0,0.0,0.0,0.0,0.0,0.0,0.0,0.0,0.2011299804524005,0.23205160860180715,-0.04496248773098845,-0.021304864065851765
169.0,20.0,0.0,0.0,0.0,0.0,0.0,0.0,0.0,0.0,0.0,0.0,0.0,0.0,0.20107325511273977,0.23198098404803122,-0.04502877477311672,-0.02133876081769067
169.0,20.5,0.0,0.0,0.0,0.0,0.0,0.0,0.0,0.0,0.0,0.0,0.0,0.0,0.20101684484566593,0.23191074574944007,-0.045094809134297364,-0.021372535933679906
169.0,21.0,0.0,0.0,0.0,0.0,0.0,0.0,0.0,0.0,0.0,0.0,0.0,0.0,0.20096074584673462,0.2318408888613219,-0.04516059358143187,-0.021406190839257908
169.0,21.5,0.0,0.0,0.0,0.0,0.0,0.0,0.0,0.0,0.0,0.0,0.0,0.0,0.2009049543849729,0.2317714086384773,-0.04522613082946453,-0.021439726930780976
169.0,22.0,0.0,0.0,0.0,0.0,0.0,0.0,0.0,0.0,0.0,0.0,0.0,0.0,0.2008494668009287,0.2317023004323841,-0.045291423542742716,-0.021473145576349897
169.0,22.5,0.0,0.0,0.0,0.0,0.0,0.0,0.0,0.0,0.0,0.0,0.0,0.0,0.2007942795047854,0.2316335596884638,-0.04535647433633239,-0.02150644811660747
169.0,23.0,0.0,0.0,0.0,0.0,0.0,0.0,0.0,0.0,0.0,0.0,0.0,0.0,0.20073938897453986,0.2315651819434466,-0.04542128577729008,-0.02153963586550702
169.0,23.5,0.0,0.0,0.0,0.0,0.0,0.0,0.0,0.0,0.0,0.0,0.0,0.0,0.20068479175423967,0.23149716282282948,-0.04548586038589372,-0.021572710111054286
169.0,24.0,0.0,0.0,0.0,0.0,0.0,0.0,0.0,0.0,0.0,0.0,0.0,0.0,0.20063048445227896,0.2314294980384239,-0.0455502006368334,-0.021605672116023187
170.0,0.5,0.0,0.0,0.0,0.0,0.0,0.0,0.0,0.0,0.0,0.0,0.0,0.0,0.2005764637397496,0.2313621833859894,-0.04561430896036372,-0.021638523118646558
170.0,1.0,0.0,0.0,0.0,0.0,0.0,0.0,0.0,0.0,0.0,0.0,0.0,0.0,0.2005227263488454,0.23129521474294965,-0.04567818774341971,-0.021671264333283105
170.0,1.5,0.0,0.0,0.0,0.0,0.0,0.0,0.0,0.0,0.0,0.0,0.0,0.0,0.20046926907131793,0.23122858806618662,-0.045741839330697184,-0.021703896951061598
170.0,2.0,0.0,0.0,0.0,0.0,0.0,0.0,0.0,0.0,0.0,0.0,0.0,0.0,0.20041608875698175,0.23116229938991087,-0.04580526602569846,-0.02173642214050294
170.0,2.5,0.0,0.0,0.0,0.0,0.0,0.0,0.0,0.0,0.0,0.0,0.0,0.0,0.20036318231226677,0.23109634482360408,-0.04586847009174617,-0.021768841048121268
170.0,3.0,0.0,0.0,0.0,0.0,0.0,0.0,0.0,0.0,0.0,0.0,0.0,0.0,0.20031054669881643,0.2310307205500307,-0.04593145375296488,-0.021801154799004983
170.0,3.5,0.0,0.0,0.0,0.0,0.0,0.0,0.0,0.0,0.0,0.0,0.0,0.0,0.20025817893212985,0.23096542282331686,-0.04599421919523246,-0.021833364497378067
170.0,4.0,0.0,0.0,0.0,0.0,0.0,0.0,0.0,0.0,0.0,0.0,0.0,0.0,0.20020607608024588,0.23090044796709272,-0.04605676856710255,-0.021865471227143187
170.0,4.5,0.0,0.0,0.0,0.0,0.0,0.0,0.0,0.0,0.0,0.0,0.0,0.0,0.20015423526246814,0.23083579237269616,-0.04611910398069837,-0.021897476052406738
170.0,5.0,0.0,0.0,0.0,0.0,0.0,0.0,0.0,0.0,0.0,0.0,0.0,0.0,0.20010265364812918,0.23077145249743605,-0.04618122751257969,-0.021929380017986572
170.0,5.5,0.0,0.0,0.0,0.0,0.0,0.0,0.0,0.0,0.0,0.0,0.0,0.0,0.20005132845539222,0.23070742486291126,-0.04624314120458348,-0.02196118414990367
170.0,6.0,0.0,0.0,0.0,0.0,0.0,0.0,0.0,0.0,0.0,0.0,0.0,0.0,0.20000025695008924,0.230643706053385,-0.0463048470646396,-0.02199288945585738
170,6.5,2.841317853492157,2.866750847845537,0.18210108942226366,0.20944406121380205,14.449104075173958,14.894423694880498,False,False,0.05578982405842678,0.06409257027054696,0.0,0.0,0.19994943644459426,0.23058029271421077,-0.04636634706756189,-0.022024496925685852
170,7.0,3.8162069011230146,3.794079445993977,0.2542996676690439,0.24030548985527198,14.347077007183511,14.07502403453299,False,False,0.07309106574344691,0.06912585827861116,0.0,0.0,0.19987565864736043,0.2304904915098341,-0.04645580192972674,-0.022069349691254705
170,7.5,4.0741073532755,4.054453858903603,0.27585023385747603,0.2636214462592817,14.298122901041017,14.072842706852606,False,False,0.07712148499015137,0.07374359942144715,0.0,0.0,0.19979292614391359,0.2303970564858737,-0.04655635898592804,-0.022116133007132856
170,8.0,4.866877250297426,4.7793987798036675,0.3363268766483679,0.2808593680211247,14.245191419594734,13.442924401649039,False,False,0.09098224066779839,0.07614580849036215,0.0,0.0,0.1997076905971669,0.23030094600256146,-0.04666022970926255,-0.022164379275614935
170,8.5,4.007168047115055,4.022543534806903,0.28443905568896044,0.30275540835567283,14.153841017790297,14.333011982884178,False,False,0.07333616692430081,0.07794412835595999,0.0,0.0,0.19961498903662106,0.2302029314757454,-0.046773512367808766,-0.02221371055912695
170,9.0,5.288565927443747,5.194219427212612,0.3821468640541946,0.32218725588617386,14.113157551274996,13.330521411138786,False,False,0.09588974143914426,0.08097719952260747,0.0,0.0,0.19952913790839805,0.2301024162372836,-0.046878716071536194,-0.02226443639557952
170,9.5,6.35803705608319,6.135562293462579,0.4721805878857476,0.34807325940788236,14.044466302400437,12.62411182308977,False,False,0.11350358669741124,0.08414215165002589,0.0,0.0,0.19943107139428712,0.22999971128766222,-0.04699923391414916,-0.02231640990919496
170,10.0,7.666250709600715,7.1519342111099355,0.5963789306854054,0.3690426422372504,13.933948776714457,11.619901470014849,False,False,0.13354526766092983,0.08385060501794725,0.0,0.0,0.1993217650335869,0.22989399118870188,-0.047134000172194504,-0.022370060285749695
170,10.5,8.007973175956183,7.309048250476658,0.6674642558358117,0.38784196223961465,13.737108867763455,11.027146349496372,False,False,0.13373288670614797,0.07888762962676922,0.0,0.0,0.19919686278164728,0.22978587956214544,-0.04728855901664634,-0.022425083310869006
170,11.0,13.797239976013357,12.641086636294226,1.228089780827222,0.7296651448999547,13.540366405812737,10.85706459614857,False,False,0.22127323801049176,0.13372882182776022,0.0,0.0,0.19906313066409612,0.2296756500771848,-0.04745471417211445,-0.022481350315625523
170,11.5,8.099352778555904,7.092637175049651,0.738662331978877,0.3878527153964294,13.45156980922103,10.07052044313853,False,False,0.12760868238561474,0.06771427799716993,0.0,0.0,0.1988581829315455,0.22952213608254438,-0.04771070292750236,-0.022559992563471024
170,12.0,15.925028006580217,13.544967736559204,1.534759359008549,0.774471141012943,26.628443070179493,19.70559885477038,False,False,0.24426008764303836,0.12560573031271388,0.0,0.0,0.19871582851995578,0.22941245240238786,-0.047889478425915295,-0.022616382188882667
170,12.5,14.413494962317204,12.630107161936262,1.3902493528445141,0.7539058199981226,26.54096184035581,20.147953071902087,False,False,0.21922688438413013,0.12015929896472592,0.0,0.0,0.19847224725659174,0.22925377035867137,-0.04819723434069858,-0.022698259948724795
170,13.0,5.200443180313996,5.006211708358685,0.4635633140107214,0.3577222377005838,13.444230390321543,12.112734723090577,False,False,0.08181620696849817,0.06298681000028952,0.0,0.0,0.19824730114607444,0.22909797586008104,-0.048483540448375016,-0.022778991597887956
170,13.5,7.663743247210705,6.830849764832344,0.6746014324515497,0.3709860909221412,13.511550662915775,10.406296776234559,False,False,0.12219730963952431,0.06785850899906232,0.0,0.0,0.19814066292288554,0.228992932397881,-0.048619974866964115,-0.022833617534550824
170,14.0,4.38738130819514,4.415504493241447,0.3143227765670722,0.34300541277553537,14.044603233334147,14.333418491216607,False,False,0.07832587511736053,0.0854516933993422,0.0,0.0,0.19800734712233414,0.2288864604111256,-0.048791184917634976,-0.02288914570305664
170,14.5,6.642492336365454,6.431499956374235,0.4242996417943997,0.3104651538197409,14.388194370018832,13.066075176115984,False,False,0.12849456223891761,0.09547522251103867,0.0,0.0,0.1979201561613956,0.22878381331916742,-0.048903547984509715,-0.02294283147134501
170,15.0,6.6944524791077855,6.517260726632578,0.38960910387355896,0.29005174737228917,14.646030516989644,13.506620747323936,False,False,0.13816341396831408,0.1055152247243947,0.0,0.0,0.19781916202810587,0.22868556972164097,-0.04903408483394926,-0.02299435472307293
170,15.5,6.804070363411839,6.4690248935366315,0.4535660539874644,0.29961289477304537,14.302595097735253,12.545640714764371,False,False,0.1289360005666677,0.0875615836522574,0.0,0.0,0.1977227980836501,0.22859018186336744,-0.04915902429241729,-0.023044512261364697
170,16.0,10.67688000584739,10.400004934900476,0.813823757671899,0.6696889645269597,27.755749233045808,25.73766018049752,False,False,0.18373373403955012,0.1523157506693588,0.0,0.0,0.19761849142484395,0.22849382764885007,-0.049294689512607195,-0.02309531033750009
170,16.5,11.676842113193665,11.042189790441922,1.0029457964953525,0.73175734103356,27.07083360257205,23.479081956318026,False,False,0.18708065282457742,0.1376236837454948,0.0,0.0,0.19746848167172076,0.2283505633426379,-0.04949058086150749,-0.02317108636488093
170,17.0,10.499102233452003,9.966853313736474,0.9494551218017426,0.7259010655301567,26.74197905020875,23.338634652391157,False,False,0.16281890860979514,0.12511509430753814,0.0,0.0,0.19729457519905266,0.22819963694907971,-0.04971884003781305,-0.023251235700685487
170,17.5,7.99470609317322,7.822900806071545,0.7426159881567119,0.6785107406587784,26.54429162849263,24.641777302799834,False,False,0.12163688617710021,0.11130983336879949,0.0,0.0,0.1971276869296588,0.22804970206731648,-0.04993906792023363,-0.02333118578190783
170,18.0,6.225128077587969,6.309291427576051,0.5705930425072513,0.6898272144021478,26.601250907389556,26.754935915221843,False,False,0.09523211732866764,0.11526978446808665,0.0,0.0,0.19698735662153893,0.2279060493139622,-0.0501251495983722,-0.023408093462829842
170,18.5,3.6213856517340544,3.8190095400906094,0.3259079476827296,0.5668995033510118,13.338915361619472,15.329960436466832,False,False,0.05581103189003213,0.09714497446619147,0.0,0.0,0.19686914571465028,0.22776119537880998,-0.05028254172171103,-0.023485950274189007
170,19.0,1.8984213123336013,2.0966073668551095,0.16083827140636128,0.6087195340185625,13.490233378460223,17.002144751042774,False,False,0.030141256478545417,0.11369574741787258,0.0,0.0,0.19678231193982007,0.22763224527471196,-0.05039853192147835,-0.023555518723461195
170.0,19.5,0.0,0.0,0.0,0.0,0.0,0.0,0.0,0.0,0.0,0.0,0.0,0.0,0.19671670789926196,0.22749820268026696,-0.0504863754664607,-0.023628094991199597
170.0,20.0,0.0,0.0,0.0,0.0,0.0,0.0,0.0,0.0,0.0,0.0,0.0,0.0,0.19667179261589401,0.2274419656447081,-0.05054662206030567,-0.02365862339373277
170.0,20.5,0.0,0.0,0.0,0.0,0.0,0.0,0.0,0.0,0.0,0.0,0.0,0.0,0.1966270682883628,0.22738596135699576,-0.05060669765077306,-0.023689072164880393
170.0,21.0,0.0,0.0,0.0,0.0,0.0,0.0,0.0,0.0,0.0,0.0,0.0,0.0,0.19658253320924016,0.22733018785824388,-0.05066660358684822,-0.023719441873349907
170.0,21.5,0.0,0.0,0.0,0.0,0.0,0.0,0.0,0.0,0.0,0.0,0.0,0.0,0.25712136819686154,0.28768684437678776,-0.012467742175177439,-0.006934480221538294
170.0,22.0,0.0,0.0,0.0,0.0,0.0,0.0,0.0,0.0,0.0,0.0,0.0,0.0,0.26143752221435634,0.29182506279440557,-0.011429542683037506,-0.006436051967619037
170.0,22.5,0.0,0.0,0.0,0.0,0.0,0.0,0.0,0.0,0.0,0.0,0.0,0.0,0.2605451855743838,0.29079305913135783,-0.011635469069978355,-0.006556241868001519
170.0,23.0,0.0,0.0,0.0,0.0,0.0,0.0,0.0,0.0,0.0,0.0,0.0,0.0,0.25975389692711404,0.2898845662200022,-0.011821783739869227,-0.00666426633094498
170.0,23.5,0.0,0.0,0.0,0.0,0.0,0.0,0.0,0.0,0.0,0.0,0.0,0.0,0.25904080776156885,0.28906834398275894,-0.011992737952147104,-0.0067631321857125936
170.0,24.0,0.0,0.0,0.0,0.0,0.0,0.0,0.0,0.0,0.0,0.0,0.0,0.0,0.2583901641204871,0.2883237796447189,-0.01215129714789474,-0.006854845947954603
171.0,0.5,0.0,0.0,0.0,0.0,0.0,0.0,0.0,0.0,0.0,0.0,0.0,0.0,0.2577906255990288,0.28763654007743916,-0.012299617950540192,-0.006940816469335447
171.0,1.0,0.0,0.0,0.0,0.0,0.0,0.0,0.0,0.0,0.0,0.0,0.0,0.0,0.2572337472579391,0.2869962510797369,-0.012439321034554442,-0.007022072014225474
171.0,1.5,0.0,0.0,0.0,0.0,0.0,0.0,0.0,0.0,0.0,0.0,0.0,0.0,0.2567130652617051,0.2863951619485013,-0.012571657027871552,-0.007099386324434659
171.0,2.0,0.0,0.0,0.0,0.0,0.0,0.0,0.0,0.0,0.0,0.0,0.0,0.0,0.2562235184004924,0.2858273308916041,-0.01269761238468247,-0.007173356172745232
171.0,2.5,0.0,0.0,0.0,0.0,0.0,0.0,0.0,0.0,0.0,0.0,0.0,0.0,0.2557610671197639,0.28528810439415486,-0.012817979672145574,-0.007244451324448685
171.0,3.0,0.0,0.0,0.0,0.0,0.0,0.0,0.0,0.0,0.0,0.0,0.0,0.0,0.2553224340852579,0.2847737714660295,-0.012933405792636916,-0.007313047963697704
171.0,3.5,0.0,0.0,0.0,0.0,0.0,0.0,0.0,0.0,0.0,0.0,0.0,0.0,0.25490492243034424,0.28428132655249344,-0.013044426002215535,-0.007379451775005432
171.0,4.0,0.0,0.0,0.0,0.0,0.0,0.0,0.0,0.0,0.0,0.0,0.0,0.0,0.25450628528591923,0.2838083024732638,-0.013151488489404934,-0.0074439143146372
171.0,4.5,0.0,0.0,0.0,0.0,0.0,0.0,0.0,0.0,0.0,0.0,0.0,0.0,0.2541246301199093,0.2833526499187554,-0.013254972505968451,-0.007506644893417515
171,5.0,5.277532038312194,5.378618324898291,0.2714285311169704,0.6017104078281158,15.539951653340092,17.084412449774923,False,False,0.14181374904471186,0.3181323109450267,0.08449802647407045,0.08442563604625727,0.2537583472844338,0.2829126487424455,-0.013355201986775707,-0.007567819376094061
171,5.5,9.131441082846262,9.154093807988218,0.530533406010512,0.6065170021435206,30.64607197303087,30.63191428464746,False,False,0.22861950939550585,0.26602282054113185,0.2648078083164919,0.2631315378452999,0.2533606990470284,0.2823994052553643,-0.013465038387512923,-0.007639929096692668
171,6.0,8.344493055185742,8.402467133462515,0.5089358760959017,0.6328882427585055,30.41287737669431,31.124530364902053,False,False,0.20152107303880523,0.253331122836452,0.21626104349332492,0.21459876124087343,0.2529198520906042,0.28187572479265954,-0.013588067439082068,-0.00771435060364606
171,6.5,12.532337083281629,12.360670654260911,0.7871850305262319,0.6601385776536599,30.38258616107338,28.89017263597976,False,False,0.30127287551106896,0.2601906030312462,0.553656475554556,0.5481938857499894,0.25249970092128304,0.2813667445860596,-0.013706569267956492,-0.007787512189109833
171,7.0,13.090692031306817,12.662635907642855,0.9677718493446662,0.6782012051574337,29.569145509373303,26.458474816790464,False,False,0.28024644282279393,0.19982521432963846,0.5687881788305965,0.5643377103074926,0.252011941937607,0.28082272705761424,-0.013845687655171997,-0.007866626056321551
171,7.5,13.696182806512272,12.740207706460243,1.2534729525836512,0.7355304759063694,28.446723259189994,23.181067855453392,False,False,0.2547318676695562,0.15085396244199087,0.6222382260451188,0.6204751124608064,0.25150928368058384,0.2802844850965058,-0.013990819532987302,-0.007945844216044596
171,8.0,14.932656891592192,13.247872186669031,1.4802166368872884,0.7553645708327503,28.091056542551904,21.51754291444132,False,False,0.26664113162329667,0.13903425006243905,1.0110707296552746,1.0177269278759447,0.2509727355195873,0.2797412057216837,-0.014147741069512337,-0.008026769550653744
171,8.5,15.156599169767206,12.546662059096352,1.7518640205370566,0.7757729529359243,27.249601396417937,18.98006406264873,False,False,0.24728379360930614,0.11194185216217178,1.2798501881864508,1.3063080385832002,0.25036643691168736,0.2791535686945822,-0.014327592965908032,-0.008115410400123509
171,9.0,15.498279845039544,12.73130720603012,1.771761431685429,0.7624873075285459,27.25163959113405,18.422416752903487,False,False,0.2529112691582197,0.11015779554331848,0.8994544257579559,0.9365915186138964,0.24969939600828125,0.27853479062945335,-0.01452862009829599,-0.008210012311056412
171,9.5,15.866508489379735,12.40010315911184,1.9847144038485314,0.7951698636257148,26.762522935156532,17.20647377024249,False,True,0.2465498179468129,0.10037222058217407,1.1066272619043835,1.1781166442226367,0.24908590929957516,0.2779725559420274,-0.014716480696976496,-0.00829711089024111
171,10.0,15.942471420666944,12.018707808621759,2.0924346827686118,0.7923382375125195,26.465478311934156,16.430111189207437,False,True,0.2422425116735146,0.09364075644285408,1.2406189390632896,1.358491905984286,0.24842603854023124,0.2773826683775332,-0.014921785113627462,-0.008389679496353717
171,10.5,15.804405341722084,11.77883021546311,2.1254552679151892,0.7954663513356638,26.37567152576406,16.464506270432164,False,True,0.2382144332514894,0.09187192539165885,1.379047879267327,1.5617577056218501,0.24774210175689285,0.27677704465123804,-0.015138189116514024,-0.008486000610769906
171,11.0,16.29781323709628,11.927351064786144,2.1818071671662485,0.7954267376259915,26.358106191057914,15.841993876121833,False,True,0.2436277056321289,0.09008400623442724,0.9218595750915297,1.0847171902252746,0.24704267292691237,0.2761516456027461,-0.015363373629351426,-0.008586852994431701
171,11.5,16.273897039217594,11.904666203610418,2.210642625411765,0.8133016703807319,26.26065976522997,15.76907376071905,False,True,0.24106281397687904,0.089781530280036,0.9410320710315049,1.127865302530025,0.24903844175657933,0.2782222567489995,-0.014731136375439352,-0.008258293274294051
171,12.0,15.725470879562305,11.891827111054328,2.0812921717144244,0.8011980353318012,26.364447871021717,16.099907904953817,False,True,0.23521221806615905,0.09104478788352993,0.6192733433938401,0.7742803868605943,0.24836342543301906,0.277621077463363,-0.014941442527904213,-0.008352119534989426
171,12.5,15.543066281818554,11.132392227121148,2.2174545199403237,0.7954354629968928,26.01042361091315,15.659426787291686,False,True,0.22630645259576243,0.08339031664960755,1.2027195434580367,1.5698679823147792,0.24775307034129807,0.27707428779670523,-0.015134689167695673,-0.008438562014631636
171,13.0,16.114168014702237,11.496165847385047,2.2682022757705345,0.8071323940662268,26.022877839539426,15.290036226491718,False,True,0.23485429502196545,0.08488117716180037,0.831576422623578,1.1449085065364535,0.24705776869418297,0.27643418666835096,-0.015358471507886272,-0.008541114328803678
171,13.5,15.975956829011498,11.601178936219624,2.204072216836806,0.8007499990931044,26.14138129176635,15.584165811156343,False,True,0.23539996858214784,0.08687476881854578,0.7137471008577616,1.045666994455436,0.24640966939408038,0.27585368132088955,-0.015570620261121212,-0.008635404952049007
171,14.0,15.785194279796112,11.684933074618542,2.134408702647921,0.801111346604317,26.295563993106953,15.99089642892718,False,True,0.2345861677007876,0.08933658574093988,0.5863983484601258,0.9201521277268876,0.24579078311152985,0.2752932021282298,-0.015776473136751606,-0.008727621840909243
171,14.5,13.675900820233682,11.49177025939293,1.707631633108576,0.7851853508760688,26.667850499350838,17.91470939317902,False,False,0.21056273815725213,0.09679447628536736,0.2151486671130118,0.36421520186119927,0.24520270974191832,0.27475490554459886,-0.0159750882226306,-0.008817295617654973
171,15.0,15.126482343076812,12.061324829560613,1.8790019821772366,0.7878347629043906,26.759306110783122,17.46700822074572,False,False,0.23497671040509613,0.09949672705044918,0.34822971763434685,0.6287600732919633,0.24472174623641438,0.27429541457328294,-0.01613974584800199,-0.008894710910112753
171,15.5,14.622953155421012,11.813777736893009,1.8106339514326995,0.7801787396414657,26.768042565885064,17.690118128050734,False,False,0.22734877742635584,0.09877597471196298,0.28033973531938133,0.5505739887215296,0.2442071321635009,0.2738075295966286,-0.016318168169852133,-0.008977798210780069
171,16.0,12.752724833347692,10.101271981628493,1.7078930904493856,0.771604223430097,26.337456339869725,18.065361889079213,False,False,0.19108616544974927,0.08791387682228585,0.3314331563594831,0.7149979773048225,0.24371478070433936,0.273335985904591,-0.016491075769518426,-0.009058982822305404
171,16.5,13.090479378830786,10.517931461117282,1.7338110760713363,0.7658578096322755,26.3374490244302,17.104289156931102,False,False,0.19530379782695,0.08644815605425277,0.14994833766465557,0.35894159222979327,0.24323368079011168,0.2728497513818481,-0.01666214469054189,-0.009143614433161152
171,17.0,11.811969025057046,9.83045849930508,1.518820065689817,0.7635357013946225,26.534523844581077,18.694420204208704,False,False,0.1795475835092943,0.09083822312626966,0.13889872926112626,0.3775481427399584,0.2427768630902893,0.27241457736439173,-0.016826539758585862,-0.00922015861591801
171,17.5,11.93526505026079,9.816781559545856,1.5933848206984695,0.7699075120121557,26.318974763318963,17.697757589723523,False,False,0.17776054938357494,0.08651147671559464,0.13829753339394282,0.42894142236404703,0.24235311138346474,0.2719820847747881,-0.016980765843833668,-0.009296988773808145
171,18.0,10.897592927085078,9.224450911584864,1.433374915194788,0.7436549616300798,26.377156007326697,18.141050351033957,False,False,0.16319469366528414,0.08491807330035434,0.08143534743163056,0.3008134035034424,0.241924012124399,0.2715468037049601,-0.01713865755572424,-0.009375085729833836
171,18.5,9.171792152743306,8.129819169231547,1.1798693347042224,0.7294018003790457,26.48394964601482,19.402739293131397,False,False,0.1387451467838739,0.08573016521303804,0.039784667515270405,0.17970861188212273,0.24152645656283525,0.2711355975132784,-0.017286505779447323,-0.009449582230702658
171,19.0,6.788050027958949,6.365151755045272,0.8397116796608384,0.7028032667242801,26.688174036622627,21.435779552628766,False,False,0.10471905330925628,0.08741228047864275,0.014636865955176744,0.08174006026933538,0.24117026121221735,0.27074588279501216,-0.01742026473213817,-0.009520837057386138
171,19.5,3.1919055912743373,3.312213600823931,0.38004690248270884,0.636488419004516,13.439664621938206,15.29570654528914,False,False,0.05017148920552173,0.08356024071758299,0.0016183493677674864,0.010905153426182864,0.24086421620664814,0.2703761356517028,-0.017536177081122498,-0.009589033609707477
171.0,20.0,0.0,0.0,0.0,0.0,0.0,0.0,0.0,0.0,0.0,0.0,0.0,0.0,0.24062186521580162,0.27002782024690203,-0.017628618162643533,-0.009653810286737001
171.0,20.5,0.0,0.0,0.0,0.0,0.0,0.0,0.0,0.0,0.0,0.0,0.0,0.0,0.24043147835589265,0.26976582771301694,-0.01770164573189279,-0.009702877129345009
171.0,21.0,0.0,0.0,0.0,0.0,0.0,0.0,0.0,0.0,0.0,0.0,0.0,0.0,0.24024429563043187,0.26950753606226524,-0.017773795940782246,-0.009751542005216897
171.0,21.5,0.0,0.0,0.0,0.0,0.0,0.0,0.0,0.0,0.0,0.0,0.0,0.0,0.24006020094012298,0.2692528296194586,-0.017845097874059607,-0.009799816440889036
171.0,22.0,0.0,0.0,0.0,0.0,0.0,0.0,0.0,0.0,0.0,0.0,0.0,0.0,0.23987908484011325,0.2690015992381806,-0.017915578990031947,-0.009847711250650626
171.0,22.5,0.0,0.0,0.0,0.0,0.0,0.0,0.0,0.0,0.0,0.0,0.0,0.0,0.239700844021249,0.26875374175152533,-0.017985265246038995,-0.009895236600830904
171.0,23.0,0.0,0.0,0.0,0.0,0.0,0.0,0.0,0.0,0.0,0.0,0.0,0.0,0.23952538084180094,0.26850915948153187,-0.01805418121183135,-0.009942402067076589
171.0,23.5,0.0,0.0,0.0,0.0,0.0,0.0,0.0,0.0,0.0,0.0,0.0,0.0,0.23935260290383786,0.26826775979999434,-0.018122350172234607,-0.009989216685487932
171.0,24.0,0.0,0.0,0.0,0.0,0.0,0.0,0.0,0.0,0.0,0.0,0.0,0.0,0.23918242266919598,0.26802945473435275,-0.018189794220300325,-0.0100356889983624
172.0,0.5,0.0,0.0,0.0,0.0,0.0,0.0,0.0,0.0,0.0,0.0,0.0,0.0,0.2390147571106512,0.26779416061324013,-0.018256534341988883,-0.01008182709519251
172.0,1.0,0.0,0.0,0.0,0.0,0.0,0.0,0.0,0.0,0.0,0.0,0.0,0.0,0.23884952739445736,0.2675617977469935,-0.018322590493299085,-0.010127638649478856
172.0,1.5,0.0,0.0,0.0,0.0,0.0,0.0,0.0,0.0,0.0,0.0,0.0,0.0,0.23868665859089871,0.2673322901390647,-0.01838798167064407,-0.010173130951844939
172.0,2.0,0.0,0.0,0.0,0.0,0.0,0.0,0.0,0.0,0.0,0.0,0.0,0.0,0.23852607940991302,0.26710556522479806,-0.018452725975177466,-0.010218310939877606
172.0,2.5,0.0,0.0,0.0,0.0,0.0,0.0,0.0,0.0,0.0,0.0,0.0,0.0,0.2383677219592002,0.2668815536344986,-0.018516840671688,-0.010263185225063275
172.0,3.0,0.0,0.0,0.0,0.0,0.0,0.0,0.0,0.0,0.0,0.0,0.0,0.0,0.2382115215225372,0.2666601889781043,-0.018580342242608974,-0.010307760117143
172.0,3.5,0.0,0.0,0.0,0.0,0.0,0.0,0.0,0.0,0.0,0.0,0.0,0.0,0.23805741635628627,0.2664414076491138,-0.018643246437625365,-0.010352041646170006
172.0,4.0,0.0,0.0,0.0,0.0,0.0,0.0,0.0,0.0,0.0,0.0,0.0,0.0,0.23790534750231507,0.26622514864570795,-0.018705568319306278,-0.010396035582518427
172.0,4.5,0.0,0.0,0.0,0.0,0.0,0.0,0.0,0.0,0.0,0.0,0.0,0.0,0.2377552586157476,0.26601135340725524,-0.01876732230514306,-0.01043974745506214
172,5.0,1.981924484479587,1.9980019300453356,0.08164329568485647,0.1111146836748671,16.047940628469515,16.66909989499989,False,False,0.06428984526051913,0.08885755575639324,0.003209134274838205,0.023633025242247908,0.23760709580614198,0.2657999656646077,-0.018828522206330807,-0.010483182567716557
172,5.5,7.012576680483892,7.1003951357218895,0.3047522089630481,0.5977510718901826,15.895256890579045,17.10595755762825,False,False,0.21414058824723264,0.43430939940132685,0.006640256672108617,0.04998985627462061,0.23744999450919593,0.2655737600266694,-0.01889367414565744,-0.010529901109140422
172,6.0,9.238365798530962,9.315791072695344,0.4336755863609092,0.6340530760885685,31.566138666428884,32.81634632930198,False,False,0.270459887044844,0.40713451208343593,0.010724411665532242,0.08753333061186414,0.23726584966794959,0.26528448352682676,-0.018970383660866962,-0.010590007731556453
172,6.5,12.511553921630819,12.397159486461051,0.7505453825964632,0.6688950429997687,30.620575268821373,29.61460291654409,False,False,0.31199382230933614,0.28977897633025756,0.02164480450036166,0.2048379807779045,0.23706653302619796,0.2649880478104969,-0.019053831905243766,-0.01065202650029152
172,7.0,13.690444752976925,13.157574235699746,1.0118816940185567,0.6901962665073507,29.662421734579553,26.46848034849884,False,False,0.2968117372013974,0.21073690508587462,0.019432929115876952,0.2695297351791346,0.23682717745362838,0.2646744263749747,-0.019154622015120838,-0.010718112486099787
172,7.5,14.507609886666769,13.459608200283839,1.2436799791129933,0.7247570754410756,28.90489458411176,24.094695045476335,False,False,0.28509501297938356,0.17156121586416773,0.007502188055950252,0.33746456555807275,0.2365564896073591,0.26435200269840214,-0.01926937224872034,-0.010786563181899677
172,8.0,15.026804692731831,13.404167526951952,1.4459483696191766,0.7441712651277754,28.255967275992703,22.102239358179197,False,False,0.27528937810270354,0.1463506914223815,0.0,0.38683086967931885,0.23625943021333343,0.26401862875062393,-0.01939624591280889,-0.010857887045186955
172,8.5,15.499089344089994,13.255543731472105,1.6403179292590395,0.7639204928990109,27.716979681431113,20.036128433820117,False,False,0.26560310064476456,0.12614896598092373,0.0,0.3239644322520496,0.2359391577448435,0.2636785574263364,-0.019534150535941226,-0.010931223512058908
172,9.0,15.112112540013763,12.793243368886419,1.6820567520874674,0.7680966359253042,27.37036414785298,19.080236598612423,False,False,0.24965000221539613,0.11494261629860773,0.0,0.23363109501168022,0.2355956840282015,0.2633460060926681,-0.01968334557802054,-0.011003509730442385
172,9.5,16.015561228693773,12.353844811880958,2.0169464420926726,0.7888917945130063,26.715862148613773,16.902225409096182,False,True,0.24773680499845555,0.09847254315732176,0.0,0.3359000207997864,0.23524842196518814,0.26302641876385596,-0.019835568467600734,-0.011073515268107273
172,10.0,15.652841685667322,12.205018472388346,1.9825740751774246,0.7952306280755363,26.62656715993048,16.796740161141713,False,True,0.24004184300427445,0.09693412208377859,0.0,0.23497277857400636,0.23485997865022443,0.26269309440848726,-0.020007508394668132,-0.011147096024875895
172,10.5,16.17418645621874,12.131242657135484,2.0994302362933883,0.7895051439711464,26.51615097000723,16.205962837071606,False,True,0.2454245178602229,0.093386858404794,0.0,0.2755580406039412,0.2344773756171015,0.26237373095653327,-0.020178601913407555,-0.011218142016133885
172,11.0,15.841944886689603,12.264793517786613,2.017826021067805,0.8012323840619392,26.597169164920444,16.72222766257146,False,True,0.24225526315215856,0.09689533147861067,0.0,0.20634667023807973,0.2340813080817608,0.26205179551876834,-0.020357556134885314,-0.011290306901058925
172,11.5,16.364244086495294,11.868506648447013,2.2380751289084526,0.8046998439873866,26.23073575369299,15.759537789852706,False,True,0.24344846457156516,0.08964984936492347,0.0,0.3344336185748757,0.2336970342780463,0.2617390199234221,-0.020532991787958824,-0.011360948860040892
172,12.0,16.0970601952013,11.30713061959041,2.304978073615911,0.7983394122760679,25.972379728816634,15.209687319133185,False,True,0.23375923654817912,0.08304831424202333,0.0,0.3296805610530209,0.23328605719880807,0.2614112797302983,-0.020722615792060577,-0.011435536429247101
172,12.5,16.331189363001464,11.413016908567805,2.323133402612192,0.8011694337573295,25.964277535715713,15.023373139279146,False,True,0.23702821598130944,0.08322143970440334,0.0,0.24264489085316968,0.2328678882499074,0.26108672180752335,-0.020917703647417497,-0.011509975456744068
172,13.0,15.353364262634631,10.689375889130226,2.2774509453883205,0.7952306946101156,25.791639358455036,15.321754559863406,False,True,0.21933473039270007,0.07893317222881804,0.0,0.2762225371633934,0.23244871057547434,0.26077462778031674,-0.02111546227538113,-0.011582100946596742
172,13.5,16.116491758166287,11.357495197429747,2.301088678014901,0.8097240815377015,25.91677437534196,15.059837381568922,False,True,0.2328816203820457,0.08308332081419377,0.0,0.15978516598941472,0.23203663127683846,0.2604607132175309,-0.021312047175268033,-0.011655191049122425
172,14.0,15.716737029499058,11.095751657295075,2.2549099040014426,0.7944806818744523,25.923845363824025,15.172143371137658,False,True,0.22718193355649943,0.08160403951981511,0.0,0.15451466485195361,0.23162278969289338,0.26016146036520865,-0.021511671385575973,-0.011725379606125786
172,14.5,14.221145495655602,10.225469638735742,2.0849384199755066,0.7847683481071748,25.871199295737043,16.247538736703376,False,False,0.20448458039147105,0.07941437143995432,0.0,0.15479628038462764,0.23121605662667877,0.259866462364887,-0.021710041177517233,-0.011795063676899344
172,15.0,14.200325307251063,10.025033106662246,2.151351797600094,0.7906608282810602,25.669551854597536,15.655934753760913,False,False,0.20049551727161455,0.07595647964200146,0.0,0.12312431210387859,0.23083218206638256,0.25957427769125513,-0.021899264815895273,-0.011864570119889575
172,15.5,13.30156234597349,9.65579029831999,1.9863864377540228,0.782969793369979,25.724320359641062,16.388732140572916,False,False,0.18884928137980236,0.07637284728035668,0.0,0.07063499361475155,0.23044101837776482,0.2592869613471794,-0.022094106396310067,-0.011933394860646809
172,16.0,13.331411570202853,9.78986088691672,1.9882806120793979,0.7899867770211576,25.72197911521144,16.135189457387003,False,False,0.1890106101032441,0.07681334339024676,0.0,0.04806466209509059,0.23007202711957866,0.2590088695307634,-0.022279799674686608,-0.012000463414104191
172,16.5,13.079284894029133,9.779093092405901,1.9346529461393225,0.7904196769903864,25.756303357386074,16.23879131133696,False,False,0.186034510213263,0.07763934102035165,0.0,0.022697318234399067,0.22970392197790657,0.2587342884347894,-0.022466902807146357,-0.01206712637862111
172,17.0,13.011036684476204,9.809668494068784,1.9212271669091692,0.7901174952921434,25.74067143073919,15.981511334060148,False,False,0.18465469475686852,0.0771912955162734,0.0,0.0027480682468143617,0.2293437560256934,0.258464387363199,-0.022651785308445024,-0.012133083566130201
172,17.5,11.89161965803642,9.328631214100723,1.714399344579063,0.7771129176072837,25.87448171033996,16.687800489966236,False,False,0.17003448683931244,0.07775604934282167,0.0,0.0,0.22898638467306157,0.25819854407289894,-0.022837027724161695,-0.01219846945751547
172,18.0,11.091293028103067,9.056118788887071,1.5659864956296463,0.7788107125242129,25.969055317518198,17.272559761628898,False,False,0.15995054653306345,0.07990766357873533,0.0,0.0,0.2286564327801182,0.2579361604533834,-0.023009661911770993,-0.012263416508717703
172,18.5,10.13380858293407,8.587983343931999,1.3990018665395416,0.7561677912571035,26.065510184806087,17.752892561987224,False,False,0.14743154810589765,0.07964509865950468,0.0,0.0,0.22834643608594932,0.25767498856065985,-0.02317327375898896,-0.012328473187665345
172,19.0,8.778169481519713,7.913045691349227,1.1502935019543297,0.7550202304548975,26.340394884273593,19.121143312696155,False,False,0.13100235231637522,0.0856374139847683,0.0,0.0,0.22805874156399897,0.2574181066235112,-0.023326356363652892,-0.012392862777155428
172,19.5,5.182181922900112,5.089295361893427,0.6405965307964988,0.7173228615830105,26.65165408184652,22.273435161133932,False,False,0.07966323684492743,0.08866214000797831,0.0,0.0,0.22780374439104215,0.25716275243914904,-0.023463048858993498,-0.012457266934250425
172.0,20.0,0.0,0.0,0.0,0.0,0.0,0.0,0.0,0.0,0.0,0.0,0.0,0.0,0.22761468451676406,0.2569135612291528,-0.023565011717813406,-0.012520501522170675
172.0,20.5,0.0,0.0,0.0,0.0,0.0,0.0,0.0,0.0,0.0,0.0,0.0,0.0,0.22750822481003635,0.2567571176890369,-0.023622659384050344,-0.012560395965103765
172.0,21.0,0.0,0.0,0.0,0.0,0.0,0.0,0.0,0.0,0.0,0.0,0.0,0.0,0.22740271475101864,0.2566019900203546,-0.02367995867993245,-0.012600104489488508
172.0,21.5,0.0,0.0,0.0,0.0,0.0,0.0,0.0,0.0,0.0,0.0,0.0,0.0,0.22729813730999293,0.25644815738667864,-0.023736914981895313,-0.012639629310608835
172.0,22.0,0.0,0.0,0.0,0.0,0.0,0.0,0.0,0.0,0.0,0.0,0.0,0.0,0.22719447592734687,0.25629559944500974,-0.02379353352746006,-0.012678972598359211
172.0,22.5,0.0,0.0,0.0,0.0,0.0,0.0,0.0,0.0,0.0,0.0,0.0,0.0,0.22709171449582763,0.25614429632949876,-0.02384981942034091,-0.012718136478738823
172.0,23.0,0.0,0.0,0.0,0.0,0.0,0.0,0.0,0.0,0.0,0.0,0.0,0.0,0.2269898373436483,0.2559942286358972,-0.02390577763530984,-0.012757123035271377
172.0,23.5,0.0,0.0,0.0,0.0,0.0,0.0,0.0,0.0,0.0,0.0,0.0,0.0,0.2268888292183974,0.2558453774066901,-0.023961413022831803,-0.012795934310356092
172.0,24.0,0.0,0.0,0.0,0.0,0.0,0.0,0.0,0.0,0.0,0.0,0.0,0.0,0.22678867527170557,0.25569772411687375,-0.024016730313483826,-0.012834572306554125
173.0,0.5,0.0,0.0,0.0,0.0,0.0,0.0,0.0,0.0,0.0,0.0,0.0,0.0,0.22668936104462567,0.2555512506603423,-0.02407173412217067,-0.012873038987814328
173.0,1.0,0.0,0.0,0.0,0.0,0.0,0.0,0.0,0.0,0.0,0.0,0.0,0.0,0.22659087245368623,0.25540593933684747,-0.024126428952148043,-0.01291133628064277
173.0,1.5,0.0,0.0,0.0,0.0,0.0,0.0,0.0,0.0,0.0,0.0,0.0,0.0,0.22649319577758092,0.2552617728395024,-0.024180819198864188,-0.012949466075218753
173.0,2.0,0.0,0.0,0.0,0.0,0.0,0.0,0.0,0.0,0.0,0.0,0.0,0.0,0.2263963176444586,0.25511873424279796,-0.02423490915363003,-0.01298743022646135
173.0,2.5,0.0,0.0,0.0,0.0,0.0,0.0,0.0,0.0,0.0,0.0,0.0,0.0,0.22630022501978098,0.2549768069911054,-0.024288703007127196,-0.013025230555048917
173.0,3.0,0.0,0.0,0.0,0.0,0.0,0.0,0.0,0.0,0.0,0.0,0.0,0.0,0.2262049051947169,0.2548359748876395,-0.02434220485276267,-0.013062868848394754
173.0,3.5,0.0,0.0,0.0,0.0,0.0,0.0,0.0,0.0,0.0,0.0,0.0,0.0,0.2261103457750457,0.25469622208385834,-0.02439541868987793,-0.01310034686158112
173.0,4.0,0.0,0.0,0.0,0.0,0.0,0.0,0.0,0.0,0.0,0.0,0.0,0.0,0.2260165346705408,0.2545575330692768,-0.024448348426820917,-0.013137666318254557
173.0,4.5,0.0,0.0,0.0,0.0,0.0,0.0,0.0,0.0,0.0,0.0,0.0,0.0,0.22592346008480949,0.25441989266167425,-0.024500997883887564,-0.013174828911484084
173.0,5.0,0.0,0.0,0.0,0.0,0.0,0.0,0.0,0.0,0.0,0.0,0.0,0.0,0.2258311105055647,0.2542832859976747,-0.02455337079613994,-0.013211836304584997
173,5.5,2.6209213302650354,2.6095602976048498,0.1627216070590207,0.14887734269786138,15.17729447848406,14.854668554974465,False,False,0.06274055999164303,0.057437508752604276,0.0,0.0,0.2257394746953067,0.25414769852368313,-0.024605470816106784,-0.013248690131909631
173,6.0,3.9900548175605195,3.887411896254945,0.26804754708351153,0.18788181439476775,15.015032551934315,13.66033790179289,False,False,0.09106812571665647,0.06454736535364548,0.0,0.0,0.2256278056144745,0.2539941441324347,-0.024669139028333602,-0.013290575531523137
173,6.5,9.475378337616007,9.483004988985384,0.691781080718085,0.6803037582999656,14.75952201875312,14.611295456186753,False,False,0.20149103279480465,0.19964950398781414,0.0,0.0,0.22550340663854407,0.25383661027022486,-0.024740296475475623,-0.013333710486851766
173,7.0,13.71159521311359,12.813756472788903,1.2132516533267756,0.737956133792945,28.705829751194443,23.957808631906968,False,False,0.26298519368706047,0.16394704135614008,0.0,0.0,0.22532569173515077,0.25361730300948715,-0.02484237586770518,-0.013394037926639157
173,7.5,14.532322952256163,12.70820613702979,1.512746268740963,0.7496125148058809,27.83331693497353,20.760171413111024,False,False,0.2521965169510065,0.1276232650078632,0.0,0.0,0.22508219577696134,0.25339161284950784,-0.024983055931008486,-0.013456461045133872
173,8.0,15.145049886304879,12.732599590578683,1.7121719206497124,0.7808299459784052,27.376118275499493,19.352645355496648,False,False,0.2503437139475599,0.11659511223312578,0.0,0.0,0.2248011957884853,0.2531653880586938,-0.025146585496174365,-0.01351938020835329
173,8.5,15.580263065165717,12.491767554120255,1.8905939555275384,0.7949845647463138,26.951485109830337,17.95917885404432,False,False,0.24665456940948347,0.10540034135702736,0.0,0.0,0.2244954340726434,0.25293612305049584,-0.02532597637583895,-0.013583502890319028
173,9.0,15.628983978596203,11.978984017224004,2.0440092089988253,0.8066939790898989,26.4761496014473,16.59780149007362,False,False,0.2362502841366031,0.09405413788959863,0.0,0.0,0.22416757763430656,0.2527059795742012,-0.025520027010020648,-0.0136482360571127
173,9.5,16.101488530482836,11.291684070615641,2.3154084705222795,0.8074685032481684,25.938606337058587,15.274294136239451,False,True,0.23330354762617306,0.08298022146454395,0.0,0.0,0.22382080382545907,0.25247525686475975,-0.02572720542276892,-0.01371350143190367
173,10.0,15.800589746399996,10.247343225712953,2.5396642136539733,0.8192142702354949,25.290380969969757,14.062572586454973,False,True,0.21613097120001895,0.07125833100819051,0.0,0.0,0.22344006848952716,0.2522453362630971,-0.025956986403324785,-0.013778910164888155
173,10.5,15.771624694741057,9.218157876735168,2.8314059690246074,0.8222661348432614,24.60907720872712,12.801762190151297,False,True,0.20404617463140923,0.06051977036020366,0.0,0.0,0.22303137033095713,0.25201480778589946,-0.026206370162450577,-0.0138448653593832
173,11.0,16.219019815366444,9.063837512722985,2.9559441081605526,0.831065174673746,24.42186500099112,12.284480212305219,False,True,0.20673168941559394,0.05854682643826694,0.0,0.0,0.22258610068774984,0.2517847676633655,-0.026481326108578174,-0.013911056136000494
173,11.5,16.045378185168428,8.860631935370069,2.9755004933372824,0.8367341573081082,24.349627392338284,12.170414895261327,False,True,0.20177292905457606,0.056934442406162855,0.0,0.0,0.2221255582397829,0.25155447208227905,-0.026769337003483537,-0.013977698434315523
173,12.0,15.80387974012212,8.553196412877753,3.032213363353342,0.8223528923720226,24.183821658932942,12.127167383509839,False,True,0.19796300028852265,0.05486724256609177,0.0,0.0,0.22166311274448985,0.25132430869754685,-0.027062301258448763,-0.014044682883843066
173,12.5,15.95896860846781,8.383357422119136,3.096069488502591,0.8221706164393398,24.07605677470211,11.97798834355902,False,True,0.19824463264150263,0.05342332410991513,0.0,0.0,0.22119402106494943,0.2510968215632344,-0.027363387267463436,-0.014111264623296293
173,13.0,15.682262580325842,8.434131619775368,3.0108688719392447,0.836685392725797,24.135228652189564,12.127477016903235,False,True,0.19392013627159377,0.054031933522180546,0.0,0.0,0.22071736490621638,0.2508701904645372,-0.027673425816732156,-0.014177970113040233
173,13.5,15.072553587290296,8.248654211807352,2.921833831755794,0.8366689845616074,24.053534622390035,12.201752535389357,False,True,0.18520464725064462,0.05295547658559439,0.0,0.0,0.22025213114919256,0.25064253191870917,-0.027980079216817916,-0.014245356621194062
173,14.0,15.146254561364731,8.18507274980697,2.9618764909692334,0.8366525425144841,24.027212616197716,12.244483390863895,False,True,0.18573263029765602,0.05254705561871673,0.0,0.0,0.21979880076107286,0.25041568727530983,-0.028282789061366543,-0.014312882120537645
173,14.5,14.75091459411804,7.7800304382596455,2.9856654333266195,0.8271787689563899,23.79834521626229,12.209089368685015,False,True,0.17900613450319464,0.050001657261089495,0.0,0.0,0.2193409175116504,0.25018964633068397,-0.028592508461507207,-0.014380548067093792
173,15.0,14.163622044876323,7.669682585578662,2.863816366136547,0.8267701394598982,23.81342582582927,12.544718099935592,False,True,0.17196089834016978,0.05008331465491737,0.0,0.0,0.21888054531726978,0.2499656042380856,-0.028907994184264395,-0.014447992095389866
173,15.5,13.77951830213522,7.726771631202189,2.7181987467567135,0.8204216837310667,23.990334474598242,12.844739560734022,False,True,0.16849389195508258,0.05106604509762144,0.0,0.0,0.21843623604927337,0.24974239596265232,-0.02921641285746939,-0.014515560222788899
173,16.0,13.101867602329852,7.743387823857707,2.521267296972808,0.81617081643706,24.12825774922672,13.290347229290418,False,False,0.16192433741203244,0.05246442944821279,0.0,0.0,0.21801101156341113,0.24952076877287546,-0.029515262064245314,-0.014583022567089205
173,16.5,11.53383863229342,7.038683883613203,2.2856421477351923,0.8152765548053356,23.949685214997693,14.289199765718276,False,False,0.14124492246054732,0.050784165694124375,0.0,0.0,0.21761140403111567,0.2493004458809932,-0.02979943281379285,-0.014650458493060948
173,17.0,7.227621180385737,6.010263500096814,1.363115622687197,0.7905241634194068,24.19950276801382,17.54758768152839,False,False,0.08982242818206343,0.05177502084725949,0.0,0.0,0.217242337544812,0.24908099022893052,-0.030064785078237163,-0.014717998660641905
173,17.5,6.969424203879004,5.921546488313515,1.285998601854866,0.7938499005219705,24.320294003648897,17.907643815855593,False,False,0.08743875474244145,0.05359290023019128,0.0,0.0,0.21699133924279818,0.24886543297394567,-0.030246857426255904,-0.014784700512528516
173,18.0,9.260919419728635,6.518817284537105,1.767203642279727,0.8071262665201604,24.178075101880353,15.427712356914974,False,False,0.11489923299114618,0.05257382760937784,0.0,0.0,0.216750669747941,0.24865018705300795,-0.030422672393497427,-0.01485166572897549
173,18.5,8.953589107616082,6.354155285225362,1.741951518269982,0.7893700181513389,24.0295763522466,14.764793640458855,False,False,0.10981438892420156,0.04964440390093132,0.0,0.0,0.21644917416223067,0.24843397559895936,-0.03064464351791651,-0.01491929547154001
173,19.0,5.498227258486484,4.60711156876571,1.0345092426604778,0.7597542931876858,24.219112517790176,17.8808375521144,False,False,0.06843494419384247,0.05004505370162618,0.0,0.0,0.21615138549474158,0.2482207445079661,-0.03086578226593625,-0.014986352654631288
173.0,19.5,0.0,0.0,0.0,0.0,0.0,0.0,0.0,0.0,0.0,0.0,0.0,0.0,0.21594423101874852,0.24801199654065828,-0.03102073757979701,-0.015052348126418471
173.0,20.0,0.0,0.0,0.0,0.0,0.0,0.0,0.0,0.0,0.0,0.0,0.0,0.0,0.21586938378694356,0.2479007669116633,-0.031076952496177927,-0.01508765466368875
173.0,20.5,0.0,0.0,0.0,0.0,0.0,0.0,0.0,0.0,0.0,0.0,0.0,0.0,0.21579500751360975,0.24779022977974643,-0.031132933967892098,-0.015122839183057233
173.0,21.0,0.0,0.0,0.0,0.0,0.0,0.0,0.0,0.0,0.0,0.0,0.0,0.0,0.21572109641834802,0.247680377051586,-0.03118868437807955,-0.015157902750704381
173.0,21.5,0.0,0.0,0.0,0.0,0.0,0.0,0.0,0.0,0.0,0.0,0.0,0.0,0.21564764482722454,0.2475712007714683,-0.031244206070350822,-0.015192846418017216
173.0,22.0,0.0,0.0,0.0,0.0,0.0,0.0,0.0,0.0,0.0,0.0,0.0,0.0,0.21557464717013644,0.24746269311820987,-0.031299501349706875,-0.015227671221875964
173.0,22.5,0.0,0.0,0.0,0.0,0.0,0.0,0.0,0.0,0.0,0.0,0.0,0.0,0.2155020979782606,0.2473548464021656,-0.03135457248343111,-0.015262378184933163
173.0,23.0,0.0,0.0,0.0,0.0,0.0,0.0,0.0,0.0,0.0,0.0,0.0,0.0,0.21542999188158093,0.24724765306232055,-0.031409421701954335,-0.015296968315885652
173.0,23.5,0.0,0.0,0.0,0.0,0.0,0.0,0.0,0.0,0.0,0.0,0.0,0.0,0.21535832360649237,0.24714110566346198,-0.03146405119969435,-0.015331442609739562
173.0,24.0,0.0,0.0,0.0,0.0,0.0,0.0,0.0,0.0,0.0,0.0,0.0,0.0,0.21528708797347765,0.2470351968934297,-0.031518463135870756,-0.01536580204806854
174.0,0.5,0.0,0.0,0.0,0.0,0.0,0.0,0.0,0.0,0.0,0.0,0.0,0.0,0.2152162798948548,0.24692991956044144,-0.03157265963529563,-0.015400047599265386
174.0,1.0,0.0,0.0,0.0,0.0,0.0,0.0,0.0,0.0,0.0,0.0,0.0,0.0,0.2151458943725927,0.24682526659049062,-0.03162664278914161,-0.01543418021878769
174.0,1.5,0.0,0.0,0.0,0.0,0.0,0.0,0.0,0.0,0.0,0.0,0.0,0.0,0.21507592649619228,0.2467212310248147,-0.031680414655687134,-0.015468200849397115
174.0,2.0,0.0,0.0,0.0,0.0,0.0,0.0,0.0,0.0,0.0,0.0,0.0,0.0,0.21500637144063023,0.24661780601743152,-0.03173397726104116,-0.0155021104213929
174.0,2.5,0.0,0.0,0.0,0.0,0.0,0.0,0.0,0.0,0.0,0.0,0.0,0.0,0.2149372244643644,0.24651498483274142,-0.031787332599846424,-0.015535909852839654
174.0,3.0,0.0,0.0,0.0,0.0,0.0,0.0,0.0,0.0,0.0,0.0,0.0,0.0,0.21486848090739707,0.2464127608431927,-0.03184048263596332,-0.015569600049789672
174.0,3.5,0.0,0.0,0.0,0.0,0.0,0.0,0.0,0.0,0.0,0.0,0.0,0.0,0.21480013618939553,0.24631112752700862,-0.03189342930313427,-0.015603181906499968
174.0,4.0,0.0,0.0,0.0,0.0,0.0,0.0,0.0,0.0,0.0,0.0,0.0,0.0,0.2147321858078665,0.24621007846597465,-0.03194617450562972,-0.015636656305643974
174.0,4.5,0.0,0.0,0.0,0.0,0.0,0.0,0.0,0.0,0.0,0.0,0.0,0.0,0.21466462533638397,0.2461096073432823,-0.03199872011887581,-0.015670024118518422
174.0,5.0,0.0,0.0,0.0,0.0,0.0,0.0,0.0,0.0,0.0,0.0,0.0,0.0,0.2145974504228671,0.24600970794142998,-0.032051067990065595,-0.015703286205245238
174.0,5.5,0.0,0.0,0.0,0.0,0.0,0.0,0.0,0.0,0.0,0.0,0.0,0.0,0.2145306567879079,0.245910374140177,-0.03210321993875252,-0.01573644341496886
174,6.0,2.6304288658637693,2.6332320343520204,0.17611744829565212,0.17758534860375752,15.01503258440704,15.034260545943386,False,False,0.060036324711864805,0.060409607345943674,0.0,0.0,0.21446424022314572,0.24581159991455045,-0.03215517775742839,-0.01576949658604885
174,6.5,9.178102396941775,9.129782660205999,0.697008670224703,0.6479498020835813,29.462023244328478,28.459862666331198,False,False,0.19369319474284658,0.18147564477941897,0.0,0.0,0.21437575345238424,0.2456907491369718,-0.03222455689739804,-0.015810049898741418
174,7.0,9.917302842946992,9.469964373515314,1.004126118361498,0.7171772103752032,27.942600865397658,24.50529373504263,False,False,0.17418322454115237,0.12461448858323193,0.0,0.0,0.2142212569217499,0.24551050630986948,-0.032346119856782665,-0.01587076422359483
174,7.5,13.005407625689521,10.855978542093965,1.6305728093612553,0.7832680852345928,26.751961523681672,19.03152705630911,False,False,0.20188287443932393,0.09727271090904092,0.0,0.0,0.21402798841465423,0.24532198369431635,-0.03249896004606789,-0.015934565051620428
174,8.0,6.385473537664528,4.588664341244206,0.9225098948073959,0.3414555130433734,12.942790067033199,7.781304037390655,False,False,0.09139502754460763,0.03370497380872941,0.0,0.0,0.21375525097668419,0.24512557532466878,-0.03271611225515598,-0.016001359924682698
174,8.5,14.679595541055821,10.846527988712978,2.0668248126666,0.8131760954839463,26.105437990119672,16.691442505782756,False,False,0.21434856153084975,0.08516234197957652,0.0,0.0,0.21357310101156324,0.2449859991759845,-0.03286210225482955,-0.016049030027360942
174,9.0,15.092025343362138,9.36298847406266,2.5522875835371277,0.819455238712087,25.056030443989364,14.820349964952259,False,True,0.20261269639139193,0.06685464922751969,0.0,0.0,0.21324548103753463,0.24478683567972132,-0.03312664234920164,-0.016117344600830676
174,9.5,14.67848230607341,8.2069233854195,2.7845921615985345,0.8199537820214987,24.289477422953837,13.689842571383569,False,True,0.18487216098809015,0.055654780159309365,0.0,0.0,0.21285634666959957,0.2445873919259058,-0.03344415688835335,-0.016186102787125782
174,10.0,15.339864073927888,8.481646988913322,2.8518461521053333,0.8228508941342326,24.323240151323407,13.431367218293534,False,True,0.1937365458803733,0.05669428906444478,0.0,0.0,0.21243795487197203,0.24438839922369157,-0.03378959806943723,-0.01625505406518582
174,10.5,14.766504019727304,8.313996826531127,2.7751321190149225,0.8258959364931792,24.29285056466785,13.952806846763949,False,True,0.1859416517520059,0.05683729151649615,0.0,0.0,0.21201133487051335,0.24418954666740336,-0.03414621929645922,-0.016324306663655946
174,11.0,15.157421052726686,8.396358017040999,2.8135892495724297,0.8201735086725357,24.289965174481605,13.733602169695628,False,True,0.1907637517992821,0.056854568712502024,0.0,0.0,0.2115948293392539,0.24399081023439884,-0.03449872015340008,-0.01639387033321673
174,11.5,15.51150639381352,8.710635958946309,2.757276424874091,0.8171772964445336,24.47559509223144,13.695580352946074,False,True,0.19702127925841026,0.05895830725560661,0.0,0.0,0.2111737581800443,0.2437933020927374,-0.03485950125937657,-0.016463354272344025
174,12.0,15.778146689580081,9.683259178025764,2.581777509158465,0.8346898034585227,24.929068102483715,14.511689718368798,False,True,0.2079368440035981,0.06779646893504573,0.0,0.0,0.21076019473202443,0.24359666981296682,-0.035218233906639564,-0.016532878919990415
174,12.5,16.077332363844423,9.809100664551373,2.598282854424529,0.8200894792088828,24.981729268943262,14.583982479805062,False,True,0.21399836195595867,0.06889271520133204,0.0,0.0,0.21036932380468004,0.24339829496509335,-0.03556133265478835,-0.01660337447491002
174,13.0,15.486387796684937,9.216780977926245,2.636762686362057,0.8258213422586446,24.62468309563775,14.29394230509287,False,True,0.2000384479480216,0.06392341726986496,0.0,0.0,0.2099766744064817,0.24320226490202343,-0.03591000978716372,-0.016673388873466657
174,13.5,15.679642367524291,9.455596892260203,2.5791097423253415,0.819742278019793,24.755259153522864,14.147195969131257,False,True,0.2037055272920375,0.06534141905431223,0.0,0.0,0.2095794429656016,0.2430059838324579,-0.03626690877069328,-0.0167438456558983
174,14.0,15.42603223373166,9.309982791523229,2.586762553857374,0.834621532227725,24.59602703014106,14.147306894623878,False,True,0.19783798566491817,0.06452949410698297,0.0,0.0,0.2091898766984132,0.24281095212111944,-0.03662103305427536,-0.016814205606734925
174,14.5,15.237737106914576,10.233831649163493,2.2796158173923353,0.8191353755447057,25.209782084734876,15.18366742475664,False,False,0.20559611452101606,0.07430811984246875,0.0,0.0,0.20879965030871606,0.24261449432444657,-0.0369798955226197,-0.016885436472311305
174,15.0,15.567696689751187,12.685783108790428,1.7313713723758926,0.7880916245640074,26.9620410054229,19.204925671962208,False,False,0.24671480052285816,0.11380152653692735,0.0,0.0,0.20844887642694557,0.2424204753915095,-0.03730605745676958,-0.016956136212117973
174,15.5,14.563727113502306,12.173437929937279,1.553147277834939,0.7740746504370593,27.253080444519405,20.974382946633227,False,False,0.238875412077023,0.12323736662421887,0.0,0.0,0.20816827570008548,0.24223087333554452,-0.03756943968372003,-0.017025567466135767
174,16.0,14.220798261149689,11.651003239012265,1.6074643757575742,0.7862891114940728,26.837021966920013,19.832107424842132,False,False,0.22259696959678898,0.11100352075158765,0.0,0.0,0.20791069234391027,0.24204351391684067,-0.037813169447394705,-0.0170945104858405
174,16.5,12.829404633317655,10.005744593712016,1.6421916563415242,0.7711611228674486,26.06499995939781,18.54557552514342,False,False,0.18731137141890966,0.08989152699367775,0.0,0.0,0.20764648997179336,0.24185504998351584,-0.0380651219935825,-0.01716419577799939
174,17.0,11.98318485692295,9.678385523878779,1.5313446932817945,0.7685741536005181,25.956161815354776,18.321110963012078,False,False,0.17261100510935368,0.08698418798233204,0.0,0.0,0.20737816199880163,0.24166896151508618,-0.03832305888397695,-0.017233335073099303
174,17.5,9.96773676708461,8.628999527702137,1.2699342487356076,0.7612038777969974,25.912155913569897,19.28700619431364,False,False,0.14300976900600829,0.08565429126672763,0.0,0.0,0.2071242564300929,0.24148364609023856,-0.038569051651048104,-0.017302517164372193
174,18.0,8.490476463387308,7.692943746306005,1.0306940017562285,0.752764577747945,26.162921331090047,21.022831734908422,False,False,0.12463387269594309,0.0909895387180947,0.0,0.0,0.20690395710595869,0.2412997090344753,-0.038784011075815486,-0.01737151214993537
174,18.5,6.482469919534772,6.185957150642078,0.7464247269182325,0.7314132391192748,26.445137283187933,23.024922334804664,False,False,0.09770216128880259,0.0956818519299213,0.0,0.0,0.20671443597433206,0.24111728241054786,-0.03897008138623682,-0.01744026458695177
174,19.0,5.128398070597131,4.917426072687014,0.5728342174525198,0.6829576410202935,26.59564413152468,23.65663667082082,False,False,0.07841204403488548,0.09347011817005944,0.0,0.0,0.20656142840869704,0.24093800752706426,-0.03912107933427699,-0.017508145287619944
174,19.5,5.170087989496742,5.131384938855648,0.5420506215061157,0.6867348654033909,26.916757944717936,23.615659448782328,False,False,0.08156690331400925,0.10311886647784259,0.0,0.0,0.20643082754461142,0.24076533430338948,-0.03925051658461468,-0.017573824152927877
174.0,20.0,0.0,0.0,0.0,0.0,0.0,0.0,0.0,0.0,0.0,0.0,0.0,0.0,0.20630443237752333,0.2405926025688876,-0.03937627177012495,-0.017639819192659455
174.0,20.5,0.0,0.0,0.0,0.0,0.0,0.0,0.0,0.0,0.0,0.0,0.0,0.0,0.20624739240653842,0.24050780226172586,-0.03943318010048793,-0.01767232661398453
174.0,21.0,0.0,0.0,0.0,0.0,0.0,0.0,0.0,0.0,0.0,0.0,0.0,0.0,0.2061906299650936,0.24042341695547903,-0.0394899088486412,-0.017704745826478976
174.0,21.5,0.0,0.0,0.0,0.0,0.0,0.0,0.0,0.0,0.0,0.0,0.0,0.0,0.2061341424452145,0.24033944281422337,-0.03954645939564328,-0.017737077443611925
174.0,22.0,0.0,0.0,0.0,0.0,0.0,0.0,0.0,0.0,0.0,0.0,0.0,0.0,0.20607792727534294,0.24025587605367044,-0.039602833105520235,-0.0177693220720988
174.0,22.5,0.0,0.0,0.0,0.0,0.0,0.0,0.0,0.0,0.0,0.0,0.0,0.0,0.20602198191966087,0.24017271294025827,-0.0396590313255561,-0.017801480312002533
174.0,23.0,0.0,0.0,0.0,0.0,0.0,0.0,0.0,0.0,0.0,0.0,0.0,0.0,0.20596630387742926,0.24008994979026285,-0.03971505538657777,-0.017833552756832776
174.0,23.5,0.0,0.0,0.0,0.0,0.0,0.0,0.0,0.0,0.0,0.0,0.0,0.0,0.20591089068234306,0.24000758296892824,-0.03977090660323317,-0.01786553999364329
174.0,24.0,0.0,0.0,0.0,0.0,0.0,0.0,0.0,0.0,0.0,0.0,0.0,0.0,0.2058557399019005,0.23992560888961587,-0.039826586274263415,-0.017897442603127447
175.0,0.5,0.0,0.0,0.0,0.0,0.0,0.0,0.0,0.0,0.0,0.0,0.0,0.0,0.20580084913678698,0.23984402401297186,-0.03988209568276935,-0.01792926115971194
175.0,1.0,0.0,0.0,0.0,0.0,0.0,0.0,0.0,0.0,0.0,0.0,0.0,0.0,0.20574621602027302,0.23976282484611205,-0.0399374360964722,-0.017960996231648797
175.0,1.5,0.0,0.0,0.0,0.0,0.0,0.0,0.0,0.0,0.0,0.0,0.0,0.0,0.20569183821762582,0.23968200794182462,-0.03999260876796851,-0.017992648381105595
175.0,2.0,0.0,0.0,0.0,0.0,0.0,0.0,0.0,0.0,0.0,0.0,0.0,0.0,0.2056377134255343,0.2396015698977892,-0.04004761493497989,-0.018024218164254133
175.0,2.5,0.0,0.0,0.0,0.0,0.0,0.0,0.0,0.0,0.0,0.0,0.0,0.0,0.2055838393715466,0.23952150735581293,-0.0401024558205975,-0.01805570613135719
175.0,3.0,0.0,0.0,0.0,0.0,0.0,0.0,0.0,0.0,0.0,0.0,0.0,0.0,0.20553021381352066,0.23944181700108205,-0.04015713263352104,-0.018087112826854143
175.0,3.5,0.0,0.0,0.0,0.0,0.0,0.0,0.0,0.0,0.0,0.0,0.0,0.0,0.2054768345390869,0.23936249556142966,-0.040211646568293215,-0.018118438789444486
175.0,4.0,0.0,0.0,0.0,0.0,0.0,0.0,0.0,0.0,0.0,0.0,0.0,0.0,0.2054236993651225,0.239283539806618,-0.0402659988055288,-0.018149684552170333
175.0,4.5,0.0,0.0,0.0,0.0,0.0,0.0,0.0,0.0,0.0,0.0,0.0,0.0,0.20537080613723768,0.2392049465476366,-0.040320190512139475,-0.01818085064249694
175,5.0,2.19554103737939,2.1980534429366037,0.0977309347849133,0.10077433599183194,15.593811946538539,15.6691076084717,False,False,0.06009026287240139,0.06255051282388688,0.0,0.0,0.20531815272927306,0.23912671263601404,-0.04037422284155346,-0.018211937582392215
175,5.5,7.9308227214597835,8.05633548956544,0.42028098618856036,0.6827718407944989,30.37671964936289,32.07905675666637,False,False,0.19048525364743857,0.3165697013667518,0.0,0.0,0.2052532829173967,0.2390359930086347,-0.04044091017169313,-0.01824806516842363
175,6.0,8.93490521901185,8.984828054462962,0.551777060284265,0.630914579985171,29.641034233473807,30.0704258349936,False,False,0.19314764824247266,0.22383868255441822,0.0,0.0,0.2051475453038085,0.238871460986451,-0.04054989186448454,-0.018313805427871824
175,6.5,12.572704574936633,12.166119153199997,0.9143940042302542,0.6984312632513693,28.875029856979694,26.10690090241546,False,False,0.24616323831746345,0.19229844591093637,0.0,0.0,0.20502528438496542,0.2387138874180574,-0.0406763403299046,-0.018377030071310432
175,7.0,13.712863328799774,12.612083169589962,1.2368037929286466,0.7578020742043732,27.688353683416025,22.65714126864374,False,False,0.2342706782570314,0.14562369185370774,0.0,0.0,0.20485704576623545,0.23854805715613023,-0.040851110192387144,-0.01844384869045668
175,7.5,13.445171854389667,12.24125799530751,1.2829068010712037,0.7443611088931844,27.309186081511108,21.474247034987634,False,False,0.22071017854339742,0.1289604882788182,0.0,0.0,0.20464795116536794,0.23837500529627167,-0.041069570731615185,-0.0185138860261088
175,8.0,15.211152510050972,13.01826759256943,1.5543038183936526,0.778518895710702,26.972818270556267,19.887590323128595,False,False,0.2413234325950711,0.12329988748327311,0.0,0.0,0.20443320915889893,0.2382040075271555,-0.04129538207765099,-0.018583403510387043
175,8.5,15.163815578546025,13.104163502196068,1.5386803864620002,0.7761679640404606,26.938959538602397,19.778763466334667,False,False,0.23976283090130057,0.12241547638485309,0.0,0.0,0.20418410796175554,0.23802899532432062,-0.041559179704299815,-0.01865487531609757
175,9.0,15.927992945457659,12.703518793380837,1.8182719129883647,0.7962593563719559,26.234536186892548,17.7505981870146,False,False,0.23688825778336414,0.10592680324783432,0.0,0.0,0.20393722147284707,0.23785461824822507,-0.04182261545103958,-0.018726413717193868
175,9.5,16.03008985978607,12.05556373793028,2.00275129402909,0.8120364701344905,25.67810355314741,16.424875376597043,False,True,0.22663871408868436,0.09398164609355182,0.0,0.0,0.20365492773453067,0.23767801359862187,-0.04212627391518492,-0.018799199391088203
175,10.0,16.291807072642236,11.842271965330912,2.089896745229389,0.8060093589404566,25.459545480673498,15.650322474364653,False,True,0.22599082536221468,0.08878805418433738,0.0,0.0,0.2033493452837451,0.23749972837808897,-0.04245794948890498,-0.018873019851377553
175,10.5,16.288088693115395,11.829918249283583,2.1059322520396364,0.815106956479599,25.414688782116208,15.796600356096423,False,True,0.22510658181215062,0.08937444683784494,0.0,0.0,0.20303287580903204,0.23732253841565462,-0.042804726745183826,-0.01894672926888793
175,11.0,16.143167598577577,11.260502760817687,2.1910565871343284,0.8063171987407929,25.095202293323943,15.06001649099614,False,True,0.21708794069614296,0.08210065806245267,0.0,0.0,0.20271457922641747,0.2371445136166959,-0.0431569153985854,-0.019021131655261165
175,11.5,16.489825992884107,11.547034205752443,2.2047978530649783,0.8211651089145096,25.099226039565462,15.097657412612179,False,True,0.22179655709917606,0.0843185754448004,0.0,0.0,0.20238564955422392,0.2369679307386842,-0.043524503031403414,-0.019095275566613456
175,12.0,15.960011979786383,12.009889356103708,1.977969503319904,0.8150542380763787,25.490067427425657,16.05311332305244,False,True,0.22058536352736385,0.09169428102737018,0.0,0.0,0.20205518155845725,0.23678977492189834,-0.04389757258924819,-0.019170429155387494
175,12.5,16.483960204791924,12.190229586176297,2.0315213369489755,0.8150365534019935,25.536708432074114,16.05435870521432,False,True,0.22875388454829326,0.0932860961889429,0.0,0.0,0.20175382994019952,0.23661271438814263,-0.044241097886686336,-0.0192454701411084
175,13.0,16.34245960262577,11.639547908945872,2.1062924628966067,0.8060141314109278,25.22033794509176,15.244013877928312,False,True,0.22069924517036488,0.08572140010734361,0.0,0.0,0.20144586333720982,0.23643597008288939,-0.044595478413451455,-0.019320726412311036
175,13.5,15.934255672247549,11.490404907895634,2.0673177384856904,0.814865935630742,25.106915392889643,15.278635873587628,False,True,0.2131343906011138,0.08484236101228457,0.0,0.0,0.20112857600309525,0.2362606869528355,-0.044964127511989783,-0.01939570706833404
175,14.0,15.758400244448548,11.451428821235567,2.035122275252282,0.81119435630772,25.095756668432937,15.31662243206052,False,True,0.21058459114106687,0.08476516002471139,0.0,0.0,0.20081646119659557,0.23608458471371552,-0.04533031479120756,-0.019471387513923157
175,14.5,15.559072632875248,11.08609754539549,2.076614178695083,0.81390364705197,24.832425788676005,15.095760039516184,False,True,0.20462804403881485,0.08137327351722852,0.0,0.0,0.20050865334605764,0.2359092567632042,-0.04569493422988205,-0.01954708498820566
175,15.0,14.304184835301106,10.954030293575093,1.8349987241116668,0.8013587077520261,25.00343210472014,15.764840360758575,False,False,0.18968035551271006,0.08301710596182586,0.0,0.0,0.20019576061361988,0.2357338875065948,-0.04606916428087725,-0.019623151311842547
175,15.5,11.986779218120077,10.274238910157006,1.4669277180628364,0.7971097350736361,25.229737280780228,17.984556987246723,False,False,0.1620065621266371,0.0879190644833602,0.0,0.0,0.19991385852746532,0.23556041839918174,-0.04640945930006268,-0.019698740671774583
175,16.0,13.074328906607708,10.551924807369833,1.6318847235648146,0.7923459160308753,25.093464291255216,16.72595441091267,False,False,0.17468284021010044,0.0848759326314585,0.0,0.0,0.19967906005896716,0.23538778985750977,-0.046695181719797745,-0.019774308413269315
175,16.5,12.80528783172732,10.379791872618178,1.5830878062518037,0.7970166153994885,25.128110926505336,17.168528863815403,False,False,0.17158754944783866,0.08659072588266875,0.0,0.0,0.19942343837017573,0.2352160651125943,-0.047008629916925025,-0.019849823457240148
175,17.0,11.973371012880687,9.732603050539772,1.4844920906162107,0.7851494033470129,25.09268561689619,17.61253962902829,False,False,0.15996275539917068,0.08501292985012057,0.0,0.0,0.19917423114532612,0.23504403954775505,-0.04731662885449774,-0.019925815538466927
175,17.5,12.55539703022231,10.085896655780491,1.5654045384794804,0.77854643317173,25.055283897710776,16.91190486445042,False,False,0.16770330906964082,0.08453390099414715,0.0,0.0,0.19893778282876198,0.23487381831260315,-0.04761108420168532,-0.020001351996628478
175,18.0,8.88609324501068,7.906232006566151,0.9943792598021894,0.7366227574094085,25.633973110653574,20.7954567142682,False,False,0.12437080375584156,0.09253767344721238,0.0,0.0,0.19869121665786543,0.23470472827434688,-0.0479204680508597,-0.02007672450662956
175,18.5,10.076270964320983,9.0350177106001,1.110341835360652,0.752475662457201,25.701738809724954,19.717793568936308,False,False,0.14187454459758955,0.09661408161607263,0.0,0.0,0.19851760935516896,0.23454126817952117,-0.048139742856645414,-0.02014990936352099
175,19.0,7.551546446823139,7.150016534964193,0.7926709167683348,0.714426675322464,25.92670840437246,21.602339582069163,False,False,0.10848642783561083,0.09784632490251197,0.0,0.0,0.19832941464237822,0.23437607315393713,-0.048378794091331424,-0.020224194156600397
175,19.5,6.315422299900058,6.26611880071369,0.6036658843509137,0.6903364874241111,26.441277560150446,23.16354300860352,False,False,0.0951496631585815,0.10865652501251138,0.0,0.0,0.19818189016042412,0.23421600984805482,-0.048567173997346995,-0.020296482772589875
175.0,20.0,0.0,0.0,0.0,0.0,0.0,0.0,0.0,0.0,0.0,0.0,0.0,0.0,0.19805863819016636,0.23405929726047722,-0.04872522977216318,-0.020367556573490115
175.0,20.5,0.0,0.0,0.0,0.0,0.0,0.0,0.0,0.0,0.0,0.0,0.0,0.0,0.198012498669955,0.23399083484619668,-0.04878455574314264,-0.020398699355763904
175.0,21.0,0.0,0.0,0.0,0.0,0.0,0.0,0.0,0.0,0.0,0.0,0.0,0.0,0.19796654334055136,0.23392264895909903,-0.0488437304511254,-0.020429772758091054
175.0,21.5,0.0,0.0,0.0,0.0,0.0,0.0,0.0,0.0,0.0,0.0,0.0,0.0,0.19792077078526935,0.23385473747982657,-0.048902754839859494,-0.0204607771819167
175.0,22.0,0.0,0.0,0.0,0.0,0.0,0.0,0.0,0.0,0.0,0.0,0.0,0.0,0.1978751796035708,0.2337870983127529,-0.048961629843673964,-0.020491713024989
175.0,22.5,0.0,0.0,0.0,0.0,0.0,0.0,0.0,0.0,0.0,0.0,0.0,0.0,0.19782976841082156,0.23371972938563598,-0.049020356387608384,-0.02052258068140512
175.0,23.0,0.0,0.0,0.0,0.0,0.0,0.0,0.0,0.0,0.0,0.0,0.0,0.0,0.19778453583805175,0.23365262864927586,-0.04907893538754056,-0.020553380541657073
175.0,23.5,0.0,0.0,0.0,0.0,0.0,0.0,0.0,0.0,0.0,0.0,0.0,0.0,0.19773948053172086,0.23358579407717966,-0.04913736775031142,-0.020584112992676498
175.0,24.0,0.0,0.0,0.0,0.0,0.0,0.0,0.0,0.0,0.0,0.0,0.0,0.0,0.19769460115348714,0.23351922366523195,-0.04919565437384802,-0.02061477841787893
176.0,0.5,0.0,0.0,0.0,0.0,0.0,0.0,0.0,0.0,0.0,0.0,0.0,0.0,0.1976498963799812,0.23345291543137164,-0.049253796147284375,-0.020645377197207007
176.0,1.0,0.0,0.0,0.0,0.0,0.0,0.0,0.0,0.0,0.0,0.0,0.0,0.0,0.19760536490258399,0.2333868674152738,-0.04931179395108025,-0.020675909707173517
176.0,1.5,0.0,0.0,0.0,0.0,0.0,0.0,0.0,0.0,0.0,0.0,0.0,0.0,0.19756100542720864,0.23332107767803797,-0.049369648657137735,-0.020706376320903448
176.0,2.0,0.0,0.0,0.0,0.0,0.0,0.0,0.0,0.0,0.0,0.0,0.0,0.0,0.19751681667408666,0.23325554430188122,-0.049427361128915936,-0.020736777408175505
176.0,2.5,0.0,0.0,0.0,0.0,0.0,0.0,0.0,0.0,0.0,0.0,0.0,0.0,0.19747279737755766,0.23319026538983728,-0.049484932221543834,-0.02076711333546286
176.0,3.0,0.0,0.0,0.0,0.0,0.0,0.0,0.0,0.0,0.0,0.0,0.0,0.0,0.19742894628586338,0.23312523906546062,-0.04954236278193064,-0.020797384465973408
176.0,3.5,0.0,0.0,0.0,0.0,0.0,0.0,0.0,0.0,0.0,0.0,0.0,0.0,0.19738526216094485,0.23306046347253556,-0.04959965364887546,-0.020827591159689476
176.0,4.0,0.0,0.0,0.0,0.0,0.0,0.0,0.0,0.0,0.0,0.0,0.0,0.0,0.19734174377824412,0.23299593677479108,-0.04965680565317336,-0.020857733773406547
176.0,4.5,0.0,0.0,0.0,0.0,0.0,0.0,0.0,0.0,0.0,0.0,0.0,0.0,0.19729838992650858,0.23293165715561961,-0.04971381961772149,-0.02088781266077202
176.0,5.0,0.0,0.0,0.0,0.0,0.0,0.0,0.0,0.0,0.0,0.0,0.0,0.0,0.19725519940759947,0.23286762281780193,-0.04977069635762222,-0.020917828172322604
176,5.5,2.652473214629768,2.6829670633999516,0.06228252162141194,0.113867377220233,16.564166532771367,17.4655142332046,False,False,0.10898563938591167,0.22031959410061056,0.0,0.0,0.19721217103630376,0.2328038319832356,-0.04982743668028483,-0.02094778065552193
176,6.0,9.861493479919393,9.978345375084388,0.2373176896668539,0.5723006664622242,33.11699064053374,35.35436532432559,False,False,0.40400851241161884,1.2113953407761324,0.0,0.0,0.19716136680482768,0.2327257724554232,-0.049894530067530855,-0.020984502445642157
176,6.5,12.672731023931075,12.826376131095163,0.3606635725516797,0.6114901829049012,32.90725688421367,34.73664203590043,False,False,0.49257457641577057,1.1193608013949439,0.0,0.0,0.19708841716926456,0.23258953349917302,-0.04999105759626612,-0.021048777692284
176,7.0,13.837033626619833,13.731515179616082,0.7768637570473867,0.7125241300442028,29.49388382887804,28.870550851270576,False,False,0.29325402054784955,0.2849218211290073,0.0,0.0,0.19699990789175692,0.2324485387946208,-0.05010847268227679,-0.021115543773208945
176,7.5,14.125464208782759,13.445078762517936,1.0554466788201047,0.7382266737223175,27.832812936782283,24.337650074700946,False,False,0.24512234063309962,0.17562249364288995,0.0,0.0,0.1968585185970939,0.23229490563119637,-0.05029672004325723,-0.02118858210360283
176,8.0,14.385038476134824,13.365735068079088,1.1877021824862186,0.7518501762367716,27.22665537478524,22.528939041437667,False,False,0.23414456107610426,0.15093881742679036,0.0,0.0,0.19668178511333623,0.23213823204023987,-0.050533211334521586,-0.02126337609661525
176,8.5,15.433301043807518,13.657751777426252,1.413792740296931,0.7835811068963724,26.68276883751448,20.678403939547618,False,False,0.2379643645752427,0.13590861397633214,0.0,0.0,0.19648835323979014,0.23198005567332056,-0.050793567372943264,-0.021339206825378414
176,9.0,15.507800017588483,13.586461488513656,1.4459392250348833,0.7821341020120364,26.51064846557542,20.091722906831475,False,False,0.2351894360965876,0.13013278843231885,0.0,0.0,0.19626626421425553,0.23181806747986367,-0.05109446904534283,-0.02141719916160312
176,9.5,15.786723080160804,13.245473667046294,1.6062631186882501,0.791226637076495,26.03331116212376,18.990610717952613,False,False,0.23075741961459167,0.11855782199729321,0.0,0.0,0.19604023178234034,0.23165649388816678,-0.05140289685256036,-0.02149533044481772
176,10.0,15.55694489574006,12.728006419608835,1.66380290238378,0.7917528763870565,25.748459010579566,18.480062563556835,False,False,0.22154525700497746,0.11063280684762791,0.0,0.0,0.19579392086277947,0.2314939903277895,-0.051741524525217804,-0.021574254210726822
176,10.5,16.175404959640524,12.923771430974659,1.7497702770823969,0.7951832285192109,25.58767204403514,17.5920133527135,False,True,0.22717393913022865,0.10730629416139643,0.0,0.0,0.195540428455607,0.2313316469769676,-0.05209280432456347,-0.021653445165417243
176,11.0,15.00728624063795,11.945339479478621,1.7056007536712465,0.7984299790141753,25.357575009759408,18.228570593230753,False,False,0.20645298063799195,0.10201094916098583,0.0,0.0,0.19527613089916313,0.23116909234483407,-0.052462087596300576,-0.02173308644110779
176,11.5,15.094215441334814,11.781649270615375,1.7626220328958477,0.8015194454543905,25.15558082062768,17.711521866934394,False,False,0.20411032602919038,0.09790490139209346,0.0,0.0,0.19501761085749506,0.23100634845164597,-0.05282631980179678,-0.021813170305280835
176,12.0,15.211289822608368,11.594818687664873,1.8381062204916132,0.7984784020362715,24.938566048343358,17.040712474125947,False,False,0.20211057312536826,0.09310106185806524,0.0,0.0,0.1947519722717619,0.23084343399722976,-0.05320372442567934,-0.021893690504894998
176,12.5,15.195567309882613,11.48971086703045,1.879891404900406,0.8194079804050532,24.749625330008868,16.857455762033773,False,False,0.19872964168732046,0.09170341221184189,0.0,0.0,0.19447686133988182,0.23068112889782294,-0.05359797827801375,-0.021974261933672964
176,13.0,15.093983361881882,10.945023943827122,1.962527048757576,0.804105793443315,24.41901047577244,15.965941880383696,False,True,0.1923160035072999,0.08366843432537553,0.0,0.0,0.19419657140801844,0.23051637722854199,-0.05400323915047538,-0.022056409466013695
176,13.5,14.618783794372465,10.84045464417741,1.849255265076782,0.8035681919957173,24.490940563412344,16.566566744414967,False,False,0.18714731761634418,0.0854173679242291,0.0,0.0,0.19390589578686038,0.23035379485074917,-0.05442737875853737,-0.022137834308957785
176,14.0,14.194406634572653,10.187257572821443,1.8949035204811642,0.8033211186573251,24.111339624708997,16.04378306878561,False,False,0.176467144670023,0.07856031731044491,0.0,0.0,0.19362979851470635,0.2301914990460063,-0.05483392662515999,-0.022219473082968923
176,14.5,14.015772289984088,9.816672683536828,1.9542475488175237,0.8087993979091377,23.80105994652423,15.487270284454702,False,False,0.1701363623211528,0.07395033456413218,0.0,0.0,0.1933480269868746,0.23002945159074145,-0.05525256580499082,-0.02230134506825582
176,15.0,13.6650795253835,9.546462848888394,1.9305725613439169,0.8098240848511294,23.638477842173273,15.310934519865695,False,False,0.16367700739130292,0.07146277875150805,0.0,0.0,0.19305883494159878,0.22986692171053605,-0.055686196006757865,-0.02238382208969335
176,15.5,13.247489419026376,9.345872477440095,1.8850922888903632,0.8228991986994242,23.520036660637295,15.460615525854823,False,False,0.1571997460568958,0.0710243919643112,0.0,0.0,0.19277280076198453,0.22970447578495412,-0.056119085608131995,-0.022466619911122965
176,16.0,13.048607381943786,9.179945609666989,1.8663883758955162,0.8107612776969408,23.41718870654985,15.058704178241472,False,False,0.15354179305063004,0.0686221850367136,0.0,0.0,0.19249270220445786,0.22954057706194922,-0.056546883184420624,-0.022550528304279605
176,16.5,12.669180665905333,8.830902399585932,1.857439452111777,0.8071736612277672,23.18535053073182,14.61857953916293,False,False,0.1464738525703584,0.06505493939370029,0.0,0.0,0.1922151261406128,0.22937843739665872,-0.05697466680057027,-0.022633903794326896
176,17.0,12.171198767601457,8.760734863234125,1.760675169816928,0.8099002242125927,23.2026114817086,14.870721977786845,False,False,0.14089332016055958,0.06601830314993884,0.0,0.0,0.19193882853209246,0.229216966107353,-0.05740431490671102,-0.022717300865303377
176,17.5,11.783158968239796,8.803572925614247,1.6695642094436323,0.8190219651015869,23.262917742987984,15.129190482741555,False,False,0.13691144686703458,0.06805637925809306,0.0,0.0,0.19167499901116683,0.22905535748615435,-0.05781818252423671,-0.022801135714105754
176,18.0,10.860117172206575,8.5093552336999,1.5008606778945708,0.8092273686365237,23.38256037855036,15.686763419359274,False,False,0.12686893840369234,0.06889156714604369,0.0,0.0,0.19142291624479674,0.2288927955204382,-0.05821694845225472,-0.022885837264899282
176,18.5,9.931992699876202,8.291994361352447,1.3013680717141025,0.8009282794410778,23.650371890208127,16.647199389545616,False,False,0.11835414570335809,0.07306558644288828,0.0,0.0,0.19119246716514976,0.22873168973073996,-0.05858436246363508,-0.022970150217747672
176,19.0,8.116938544827331,7.266544526380925,1.013821805899298,0.7636822057053286,23.886619238093626,17.98083878930619,False,False,0.09846770840222592,0.07410053208434203,0.0,0.0,0.19098757441329184,0.22857184851485762,-0.058913353259958195,-0.02305416736518196
176,19.5,4.983153618679817,4.921421679657764,0.5739565741233204,0.6776443673711056,24.35106082315061,20.95494950526912,False,False,0.06267096692800274,0.0737378589546299,0.0,0.0,0.19081945802475633,0.22841695965661662,-0.05918493829296448,-0.02313593094356013
176.0,20.0,0.0,0.0,0.0,0.0,0.0,0.0,0.0,0.0,0.0,0.0,0.0,0.0,0.19070752755086023,0.22827323982895967,-0.05936658466053233,-0.023212107757828573
176.0,20.5,0.0,0.0,0.0,0.0,0.0,0.0,0.0,0.0,0.0,0.0,0.0,0.0,0.1906688697546081,0.22821607811520517,-0.05942947473412351,-0.02324248861893099
176.0,21.0,0.0,0.0,0.0,0.0,0.0,0.0,0.0,0.0,0.0,0.0,0.0,0.0,0.1906303428880234,0.228159119429139,-0.05949223079808991,-0.023272808709675595
176.0,21.5,0.0,0.0,0.0,0.0,0.0,0.0,0.0,0.0,0.0,0.0,0.0,0.0,0.19059194609742647,0.22810236279196788,-0.059554853556226105,-0.023303068133601244
176.0,22.0,0.0,0.0,0.0,0.0,0.0,0.0,0.0,0.0,0.0,0.0,0.0,0.0,0.19055367853737828,0.22804580722227083,-0.059617343706412425,-0.023333266999035453
176.0,22.5,0.0,0.0,0.0,0.0,0.0,0.0,0.0,0.0,0.0,0.0,0.0,0.0,0.1905155393705753,0.22798945173637278,-0.0596797019406836,-0.02336340541890124
176.0,23.0,0.0,0.0,0.0,0.0,0.0,0.0,0.0,0.0,0.0,0.0,0.0,0.0,0.19047752776774565,0.22793329534870177,-0.05974192894529612,-0.02339348351053081
176.0,23.5,0.0,0.0,0.0,0.0,0.0,0.0,0.0,0.0,0.0,0.0,0.0,0.0,0.19043964290754709,0.2278773370721319,-0.05980402540079462,-0.023423501395485068
176.0,24.0,0.0,0.0,0.0,0.0,0.0,0.0,0.0,0.0,0.0,0.0,0.0,0.0,0.19040188397646654,0.2278215759183122,-0.059865991982077454,-0.02345345919937873
177.0,0.5,0.0,0.0,0.0,0.0,0.0,0.0,0.0,0.0,0.0,0.0,0.0,0.0,0.19036425016872127,0.2277660108979811,-0.05992782935846125,-0.02348335705171166
177.0,1.0,0.0,0.0,0.0,0.0,0.0,0.0,0.0,0.0,0.0,0.0,0.0,0.0,0.19032674068616148,0.2277106410212686,-0.05998953819374453,-0.023513195085704985
177.0,1.5,0.0,0.0,0.0,0.0,0.0,0.0,0.0,0.0,0.0,0.0,0.0,0.0,0.19028935473817477,0.22765546529798458,-0.06005111914626993,-0.023542973438143273
177.0,2.0,0.0,0.0,0.0,0.0,0.0,0.0,0.0,0.0,0.0,0.0,0.0,0.0,0.19025209154159148,0.22760048273789618,-0.060112572868986684,-0.023572692249221098
177.0,2.5,0.0,0.0,0.0,0.0,0.0,0.0,0.0,0.0,0.0,0.0,0.0,0.0,0.19021495032059219,0.2275456923509919,-0.06017390000951101,-0.023602351662395337
177.0,3.0,0.0,0.0,0.0,0.0,0.0,0.0,0.0,0.0,0.0,0.0,0.0,0.0,0.19017793030661612,0.22749109314773527,-0.060235101210186215,-0.023631951824241642
177.0,3.5,0.0,0.0,0.0,0.0,0.0,0.0,0.0,0.0,0.0,0.0,0.0,0.0,0.19014103073827146,0.22743668413930726,-0.060296177108141634,-0.02366149288431608
177.0,4.0,0.0,0.0,0.0,0.0,0.0,0.0,0.0,0.0,0.0,0.0,0.0,0.0,0.19010425086124638,0.22738246433783782,-0.06035712833535138,-0.023690974995021038
177.0,4.5,0.0,0.0,0.0,0.0,0.0,0.0,0.0,0.0,0.0,0.0,0.0,0.0,0.19006758992822229,0.2273284327566277,-0.06041795551869116,-0.02372039831147547
177,5.0,2.1066765456421166,2.1263678568365436,0.08144173460859583,0.10394403825431692,15.184552930429,15.858798349628396,False,False,0.05054078899026696,0.06508393132018003,0.0,0.0,0.19003104719878755,0.22727458841035997,-0.06047865927999552,-0.023749762991389686
177,5.5,8.418056450936025,8.561294659767993,0.36241385890286953,0.6332078511810938,29.832693769503223,32.24038730878494,False,False,0.1868409770292668,0.3334145807418134,0.0,0.0,0.18998424359212093,0.2272076844367989,-0.0605565142989944,-0.023786310267272223
177,6.0,10.90918957906996,10.972472756551186,0.5518735092737596,0.6539516215161875,29.061928782076897,29.645864233480783,False,False,0.2186219463038086,0.2646174826305811,0.0,0.0,0.18990175166769213,0.22707352016966945,-0.06069402562818896,-0.02385980158836227
177,6.5,11.162475048986632,11.181227640762366,0.6259786157526132,0.6778180519114217,28.491829185132755,28.539430684080532,False,False,0.20870870281137463,0.2293309593255693,0.0,0.0,0.18979523239492066,0.2269368967569567,-0.060872140545122355,-0.02393491815216143
177,7.0,13.42741216716602,13.123288479273388,0.8595564032521938,0.7160376750474362,27.860976542642554,26.117997519979383,False,False,0.23372694762044072,0.20091258234244808,0.0,0.0,0.1896793850112305,0.22679741530280423,-0.06106656081226498,-0.024011896941188136
177,7.5,14.127334478694976,13.514197904866919,0.9932459142117356,0.7412876881308932,27.351557084891013,24.57764434059842,False,False,0.23292668999871116,0.17986595541416944,0.0,0.0,0.18953388676128505,0.2266532457849284,-0.061311791665774,-0.024091773263695517
177,8.0,14.581430572857208,13.649504166434834,1.0921076695635659,0.738366176722343,27.01655293105594,23.362040200274272,False,False,0.232346360434349,0.16341835427237744,0.0,0.0,0.18937146598586876,0.22650604001351124,-0.06158693204980243,-0.02417365868274973
177,8.5,14.900637125845833,13.545273942481268,1.2409842462686331,0.7701281274445465,26.36108359158726,21.879705845007305,False,False,0.22413935025540432,0.14545115679940207,0.0,0.0,0.18919656018859157,0.2263593870326983,-0.06188486879597532,-0.024255566561117898
177,9.0,15.591965292437948,13.906853101545744,1.3534416626160748,0.7953374702893393,26.03210550551735,20.581407722957174,False,False,0.22614857441257874,0.13654076124781345,0.0,0.0,0.18900279515327728,0.22620886611200858,-0.06221693796828586,-0.024339978844179967
177,9.5,15.90614865439706,13.718284663169385,1.435325716951072,0.7747792206518732,25.764477074525615,19.553150215958567,False,False,0.2266651530933795,0.12649257915980924,0.0,0.0,0.18879481119313538,0.2260553113592796,-0.06257574043541564,-0.02442645342087505
177,10.0,16.06497025461712,13.523239025806905,1.520505481061765,0.7840845661863589,25.46440173378525,18.77666870285009,False,True,0.22302063202846062,0.1192455825428182,0.0,0.0,0.1885765036811162,0.22590455416807587,-0.06295500779292706,-0.024511708885713093
177,10.5,16.161613789957777,13.149760462956355,1.6525999837786902,0.8117604608374288,24.95325933075412,17.74126549299304,False,True,0.21489196627915602,0.10931113013085066,0.0,0.0,0.18834745196599822,0.22575278804971127,-0.06335588932464009,-0.024597893266278446
177,11.0,16.046384239749422,12.672002942519624,1.7219972001256665,0.8057846642345098,24.647688457019367,16.967535254115404,False,True,0.20806658255747296,0.10120767392188598,0.0,0.0,0.1881016769081157,0.2255976711164602,-0.0637894272378291,-0.024686353854890417
177,11.5,14.947072033439323,11.142195413622199,1.8117252373831436,0.8088789934344514,23.948501605352334,16.345291070526994,False,True,0.18335726302079197,0.08618564133291799,0.0,0.0,0.18784716753955416,0.22544349082943513,-0.06424210278749352,-0.02477465615877458
177,12.0,14.804005607977833,10.353212028283533,1.9724350476220727,0.8240009107122445,23.284043312527537,15.09276842780184,False,True,0.1727451866206852,0.07552647705095325,0.0,0.0,0.18758133239510869,0.22528909049918394,-0.06471901546481554,-0.024863461882924633
177,12.5,14.589205972567997,9.478888507425324,2.1371513264079693,0.8238522865716322,22.619321062661395,13.76432734427819,False,True,0.16235074457977133,0.06523743485164629,0.0,0.0,0.18729512542334395,0.2251329365677643,-0.06523719911086595,-0.02495366225393251
177,13.0,14.27186745848984,8.930731371880803,2.227479740855526,0.8356869819312309,22.153019601980628,13.211034594535967,False,True,0.1538052312673324,0.059960565670393394,0.0,0.0,0.1869880354282364,0.22497697416277088,-0.06579869933678559,-0.025044141431543043
177,13.5,13.887611059554121,8.515201636057384,2.2508143042805604,0.8413924780703609,21.850970001632987,12.992326009030936,False,True,0.14661743615549283,0.05673145834266332,0.0,0.0,0.18666954122772975,0.22481967538493441,-0.0663871455189122,-0.02513579208690761
177,14.0,13.373818131091236,8.500705494737495,2.0921925739201344,0.8350514053934639,21.99779724335256,13.732319678040296,False,False,0.14256260853924113,0.05863152258725801,0.0,0.0,0.18634817940560747,0.224661820471952,-0.06698725612756572,-0.02522816880328507
177,14.5,12.999671927782305,8.339149900164458,2.0276822780968096,0.8291808589634699,21.980591939136513,14.02665124661001,False,False,0.13840130574594267,0.058412658042059695,0.0,0.0,0.18604713653565286,0.22450494373641033,-0.06755529510233307,-0.02532037411357366
177,15.0,12.998327263478313,8.166845763585023,2.091245831383608,0.8245834451223774,21.75028611410925,13.320078814149955,False,False,0.13630919348226161,0.05559490906863476,0.0,0.0,0.18575441911702092,0.2243489844102874,-0.06811313636654716,-0.025412438492311683
177,15.5,12.742868257109038,8.0404696954411,2.0624290902994535,0.8285455911612666,21.649336178978587,13.322488043796504,False,False,0.13266542266895504,0.054945632679238056,0.0,0.0,0.18545370572909264,0.2241937794545141,-0.06869194078201069,-0.02550445378012932
177,16.0,12.099615465895074,7.4925130988489155,2.0709212228002825,0.8348002695940778,21.211947802094052,12.920144594271601,False,False,0.12239431964545622,0.050478234952714224,0.0,0.0,0.18515676804250528,0.22403823730724212,-0.06926923726335289,-0.025597067518114722
177,16.5,11.709684031755668,7.323768944891789,2.021228570252883,0.8336715986224011,21.077676269884577,12.77615794467426,False,False,0.1173763608902745,0.049230300653218165,0.0,0.0,0.18485885108101,0.22388206503803817,-0.06985425631315383,-0.025690459867087543
177,17.0,11.348345512484222,7.390355954001437,1.9056513934374117,0.8306454081593235,21.186640310613875,13.069146460200065,False,False,0.11451137030152118,0.05060938858522747,0.0,0.0,0.18456736889662428,0.22372620274745772,-0.07043234564278864,-0.025784071910322198
177,17.5,10.794623469946082,7.445886194145466,1.7414126009454287,0.8294922986927866,21.372172741612417,13.626828801697272,False,False,0.11014431812586709,0.05294819448170152,0.0,0.0,0.18429071674572636,0.22357089146766115,-0.07098630271543564,-0.025877757559541047
177,18.0,9.995768375008893,7.210846471678065,1.592068572613657,0.8196591855594418,21.410958658707383,13.919627187747514,False,False,0.1020030189331955,0.05279511109122961,0.0,0.0,0.1840350951265227,0.22341589173862664,-0.07150276900278389,-0.025971659919581364
177,18.5,8.853397745923171,6.8415488133243585,1.3923964876985986,0.8165695544136361,21.422348222099384,14.514484203032508,False,False,0.09041161581871349,0.05307469347414516,0.0,0.0,0.1837986053756109,0.22326230891501858,-0.07198457216892613,-0.02606510459330539
177,19.0,7.167101801799271,6.153590573028937,1.0797000151199299,0.7979983579861644,21.6449617838128,15.959235540890592,False,False,0.07425212900093742,0.054779528611161234,0.0,0.0,0.18358766036038118,0.22310928289920756,-0.07241759983902273,-0.02615860916719064
177,19.5,4.733490001593118,4.671550627457166,0.6765360820766703,0.777536260523937,21.928585225259127,18.476045701674465,False,False,0.04996244172718451,0.05720175746589448,0.0,0.0,0.18341666252134076,0.22295878579848083,-0.0727709031195777,-0.02625095854385831
177.0,20.0,0.0,0.0,0.0,0.0,0.0,0.0,0.0,0.0,0.0,0.0,0.0,0.0,0.18329713981174175,0.2228110578288932,-0.07301907196363644,-0.026341986741727903
177.0,20.5,0.0,0.0,0.0,0.0,0.0,0.0,0.0,0.0,0.0,0.0,0.0,0.0,0.18326392824387838,0.22276257431909066,-0.07308820914903881,-0.026371943633395904
177.0,21.0,0.0,0.0,0.0,0.0,0.0,0.0,0.0,0.0,0.0,0.0,0.0,0.0,0.18323081438134878,0.22271425091864744,-0.07315722060511226,-0.026401841995781515
177.0,21.5,0.0,0.0,0.0,0.0,0.0,0.0,0.0,0.0,0.0,0.0,0.0,0.0,0.18319779767099056,0.22266608688922687,-0.07322610690099667,-0.026431681948668705
177.0,22.0,0.0,0.0,0.0,0.0,0.0,0.0,0.0,0.0,0.0,0.0,0.0,0.0,0.18316487756427594,0.22261808149197615,-0.07329486860170298,-0.026461463614808355
177.0,22.5,0.0,0.0,0.0,0.0,0.0,0.0,0.0,0.0,0.0,0.0,0.0,0.0,0.1831320535172604,0.22257023398771048,-0.07336350626815444,-0.026491187119802022
177.0,23.0,0.0,0.0,0.0,0.0,0.0,0.0,0.0,0.0,0.0,0.0,0.0,0.0,0.1830993249905318,0.22252254363708932,-0.07343202045722742,-0.026520852591989663
177.0,23.5,0.0,0.0,0.0,0.0,0.0,0.0,0.0,0.0,0.0,0.0,0.0,0.0,0.18306669144916057,0.2224750097007864,-0.0735004117217916,-0.026550460162340188
177.0,24.0,0.0,0.0,0.0,0.0,0.0,0.0,0.0,0.0,0.0,0.0,0.0,0.0,0.18303415236265036,0.22242763143965277,-0.07356868061074946,-0.026580009964345643
178.0,0.5,0.0,0.0,0.0,0.0,0.0,0.0,0.0,0.0,0.0,0.0,0.0,0.0,0.1830017072048892,0.2223804081148735,-0.07363682766907607,-0.026609502133918512
178.0,1.0,0.0,0.0,0.0,0.0,0.0,0.0,0.0,0.0,0.0,0.0,0.0,0.0,0.18296935545410176,0.2223333389881182,-0.07370485343785708,-0.026638936809291722
178.0,1.5,0.0,0.0,0.0,0.0,0.0,0.0,0.0,0.0,0.0,0.0,0.0,0.0,0.18293709659280188,0.22228642332168555,-0.07377275845432757,-0.02666831413092214
178.0,2.0,0.0,0.0,0.0,0.0,0.0,0.0,0.0,0.0,0.0,0.0,0.0,0.0,0.18290493010774594,0.22223966037864204,-0.07384054325190938,-0.026697634241396564
178.0,2.5,0.0,0.0,0.0,0.0,0.0,0.0,0.0,0.0,0.0,0.0,0.0,0.0,0.1828728554898868,0.2221930494229549,-0.07390820836024861,-0.02672689728534083
178.0,3.0,0.0,0.0,0.0,0.0,0.0,0.0,0.0,0.0,0.0,0.0,0.0,0.0,0.1828408722343284,0.2221465897196201,-0.07397575430525223,-0.0267561034093312
178.0,3.5,0.0,0.0,0.0,0.0,0.0,0.0,0.0,0.0,0.0,0.0,0.0,0.0,0.18280897984028086,0.22210028053478445,-0.07404318160912476,-0.026785252761809066
178.0,4.0,0.0,0.0,0.0,0.0,0.0,0.0,0.0,0.0,0.0,0.0,0.0,0.0,0.18277717781101627,0.22205412113586323,-0.07411049079040394,-0.026814345492997535
178.0,4.5,0.0,0.0,0.0,0.0,0.0,0.0,0.0,0.0,0.0,0.0,0.0,0.0,0.1827454656538252,0.22200811079165259,-0.07417768236399616,-0.026843381754820966
178,5.0,2.0964847496274186,2.094937307562063,0.11427442202492284,0.11348507620909193,13.864460671832699,13.8267125645364,False,False,0.03597308535788454,0.035807775253062245,0.0,0.0,0.18271384287997358,0.22196224877243728,-0.07424475684121158,-0.026872361700826835
178,5.5,7.5073317010064855,7.666497324397636,0.4436733385404563,0.6291109634223802,27.243590952873596,28.918970442540445,False,False,0.12240857911425326,0.1748608690571796,0.0,0.0,0.18266774669656047,0.22190207263053152,-0.07434266009072903,-0.02691044322372021
178,6.0,10.53152736057909,10.41896069712319,0.7026819512506942,0.6771169838859887,26.56872167818289,25.42873857650565,False,False,0.1606090758686449,0.15646361168581502,0.0,0.0,0.1825797627087566,0.22177633571512578,-0.0745299557895218,-0.026990221592176556
178,6.5,12.418263294520214,11.827041243198842,0.9472192103991393,0.7544909133569824,25.80044398941643,22.98292621311814,False,False,0.17639095630681087,0.14276508521254788,0.0,0.0,0.18245886047210416,0.22164462740516377,-0.07478824405272691,-0.027074091107473088
178,7.0,13.542057813519028,12.229274561336009,1.1611504128462369,0.7802748215495636,25.10116492986156,20.700357279633348,False,False,0.1810491442381848,0.12392824315836802,0.0,0.0,0.18230688363826975,0.22150320454748296,-0.07511443274409835,-0.02716449263303216
178,7.5,14.08347994500285,11.65408502272494,1.4295861409851534,0.8037080479775157,24.000322581604607,17.89224550652713,False,False,0.17324118426504576,0.09941493756792778,0.0,0.0,0.18212773195287957,0.22135864068910793,-0.07550112637774047,-0.027257273947675475
178,8.0,14.346858622410394,11.096867721072565,1.6169402597809288,0.8170590465187172,23.33211548315147,16.34874136835067,False,False,0.16779464139937136,0.08668074058832272,0.0,0.0,0.18191445928655775,0.22121123467655485,-0.07596456612021628,-0.027352268410321293
178,8.5,14.555994018520046,10.255510327562579,1.8431413946767137,0.8228788009771526,22.546657820342077,14.54027783798181,False,True,0.16101033716085153,0.07331700777029052,0.0,0.0,0.1816773976327055,0.22106227061455194,-0.07648368259345781,-0.02744866794925407
178,9.0,14.343250673113111,9.279491874114221,2.0507700212353965,0.8397243099068225,21.74166387518213,13.327435703701287,False,True,0.1502203192648739,0.06267874786448346,0.0,0.0,0.18141159614937463,0.22091270753454958,-0.07707076830789929,-0.027545862654564227
178,9.5,14.243412803896678,8.860844861901805,2.1373072007125726,0.8432839008039184,21.403096731452088,12.921270024774522,False,True,0.14594513368133558,0.058809594321621084,0.0,0.0,0.18111942112826626,0.22076113970355307,-0.07772231240369157,-0.027644778797044935
178,10.0,14.12735030383805,8.329250218385098,2.2587858815107724,0.8464008420594072,20.95395778371388,12.363932304292726,False,True,0.14074966106538558,0.05390585592854493,0.0,0.0,0.1808163031387572,0.2206092594982262,-0.07840520731867244,-0.02774432361926059
178,10.5,13.641479307071265,7.901469465541296,2.26618765055108,0.8467175569149573,20.691799292936718,12.399316672459474,False,True,0.13374110081942386,0.05133281926292509,0.0,0.0,0.18049778904025865,0.2204571226471394,-0.07913050560734539,-0.02784446510957097
178,11.0,12.885716696402657,7.568310093452058,2.185560998877559,0.8437047579721593,20.543680515150033,12.847390667732688,False,True,0.12514099230980474,0.04985652957368421,0.0,0.0,0.18017841552739952,0.22030508531669704,-0.0798658017472155,-0.02794497162953321
178,11.5,13.58076478883424,7.591637219303793,2.343691366998293,0.8526575669819708,20.32777843136617,11.998924989141658,False,True,0.13015432456187137,0.04843214961640975,0.0,0.0,0.1798693998664587,0.22015357112699596,-0.08058501264582545,-0.028045562634156522
178,12.0,12.736781010070224,6.975535411482118,2.340071837604256,0.8437049342456375,19.930492887692985,11.925679516453489,False,True,0.11920289480079219,0.04429631298587386,0.0,0.0,0.17954031614765711,0.2200010546031231,-0.08135943213708738,-0.028147255106847173
178,12.5,13.783655263258655,7.291456036515225,2.4674130970918786,0.8555967472301101,19.936939587841408,11.404498033376541,False,True,0.129101284946032,0.04544274437323965,0.0,0.0,0.17921177617735876,0.21984981682612326,-0.08214143341546547,-0.028248529079174484
178,13.0,13.613647765984467,7.228389024282729,2.4374088347393497,0.8525815225745949,19.87464184507131,11.44023589951769,False,True,0.1270488829358529,0.04508712724009746,0.0,0.0,0.1788670908266876,0.21969720087562608,-0.08297151075549282,-0.02835116633923447
178,13.5,12.396048941538151,6.903024378304715,2.2568999470163784,0.846361110801267,19.774323760461815,12.03413978118779,False,True,0.1149702790573611,0.044136111785188684,0.0,0.0,0.17852631064682326,0.2195451057470215,-0.08380202733768179,-0.028453895691430645
178,14.0,11.435244724995016,6.5489579970185305,2.144205272410869,0.8553308910888685,19.5596499746955,12.585180853056773,False,True,0.10476559279017857,0.042950417601194356,0.0,0.0,0.17820861443773173,0.2193939392407911,-0.0845852214490237,-0.028556437581049744
178,14.5,12.285571306816859,6.794618464032431,2.2641033336249445,0.8578774083094073,19.535393650825085,11.808066885971446,False,True,0.11238566980706854,0.04320822074021458,0.0,0.0,0.1779053600245583,0.21924176498737225,-0.08534096157782595,-0.028660108083433278
178,15.0,12.265908508796253,6.8965454866905365,2.2036027157987004,0.8490623743767569,19.607450520019114,11.80800405652256,False,True,0.1126667799500217,0.043778367699544005,0.0,0.0,0.17758690704926008,0.21908940088429743,-0.08614325471908515,-0.028764357501084276
178,15.5,10.08386301375257,6.0980466427495585,1.8861835864563086,0.8380587077445639,19.39176461331639,13.180203330633967,False,False,0.0914353610423898,0.0415062262227451,0.0,0.0,0.17727624380405377,0.21893829413311167,-0.08693459701229779,-0.028868193157375804
178,16.0,10.562188711985996,6.179206207752317,2.0552168644117947,0.8552609000119611,19.12196148411848,12.214701689616287,False,False,0.09428712242301084,0.04022084777345844,0.0,0.0,0.17700610971984013,0.21878872300890345,-0.0876297494102605,-0.028971413695679852
178,16.5,9.90035124058758,5.8353567036609055,1.965811799318685,0.8403890413378614,18.912344227273287,12.139095327259577,False,False,0.08734415203783405,0.038076407345396204,0.0,0.0,0.1767145144025694,0.2186370925359711,-0.08838757596892328,-0.02907650459249741
178,17.0,8.984837893130738,5.733633433848948,1.7541821079356648,0.8541147778219709,18.926483089070317,12.845159733705549,False,False,0.07929423745059408,0.0390868345833771,0.0,0.0,0.176434390965733,0.21848748937940343,-0.08912295312199713,-0.02918063583996786
178,17.5,8.753613252514006,5.681561862261217,1.7009996652226356,0.8447476155703562,18.892430735968837,12.659559672344093,False,False,0.07707585694034995,0.0386189095241766,0.0,0.0,0.17618131443231075,0.2183362686511648,-0.08979360264686044,-0.029286344875842647
178,18.0,7.903089998954465,5.537454543480732,1.4939668842475626,0.8340636636164276,18.993565942433218,13.21423906881197,False,False,0.0699511529402302,0.03922601847513965,0.0,0.0,0.17593509302901295,0.2181863725306446,-0.09045186475849457,-0.029391578549694805
178,18.5,5.46740399052147,4.544900240240498,0.9868691800280552,0.8114846424242922,19.235973261905137,15.774005620880885,False,False,0.0489616430583531,0.04026562701109046,0.0,0.0,0.17571533193747885,0.21803796821064786,-0.09104424739998809,-0.0294962090429112
178,19.0,4.403302499862566,4.080566530822588,0.7688955106640603,0.8030160167359067,19.394978779099212,16.808382034674413,False,False,0.039788557520972344,0.041471036960112936,0.0,0.0,0.17556026887440884,0.21789257090721095,-0.09146501410415839,-0.029599150150646666
178,19.5,1.604388388945443,2.156097089852393,0.26384606455967313,0.7125871713913784,9.852567452256398,14.141123794912005,False,False,0.014757355871590293,0.03958519418469663,0.0,0.0,0.17543305956835303,0.21774838189101023,-0.09181192998684277,-0.029701658798929317
178.0,20.0,0.0,0.0,0.0,0.0,0.0,0.0,0.0,0.0,0.0,0.0,0.0,0.0,0.17537028649872843,0.21761584498235365,-0.09198369769433792,-0.029796256878814105
178.0,20.5,0.0,0.0,0.0,0.0,0.0,0.0,0.0,0.0,0.0,0.0,0.0,0.0,0.17534121206229933,0.21757424295516883,-0.09206338461363243,-0.029826024277076462
178.0,21.0,0.0,0.0,0.0,0.0,0.0,0.0,0.0,0.0,0.0,0.0,0.0,0.0,0.17531221323848206,0.2175327682475442,-0.09214294623961806,-0.029855735851529563
178.0,21.5,0.0,0.0,0.0,0.0,0.0,0.0,0.0,0.0,0.0,0.0,0.0,0.0,0.17528328964890985,0.217491420268318,-0.09222238306926706,-0.029885391750349585
178.0,22.0,0.0,0.0,0.0,0.0,0.0,0.0,0.0,0.0,0.0,0.0,0.0,0.0,0.17525444091801726,0.21745019842779761,-0.09230169559638407,-0.029914992122841055
178.0,22.5,0.0,0.0,0.0,0.0,0.0,0.0,0.0,0.0,0.0,0.0,0.0,0.0,0.17522566667301273,0.21740910213781964,-0.09238088431163363,-0.0299445371193833
178.0,23.0,0.0,0.0,0.0,0.0,0.0,0.0,0.0,0.0,0.0,0.0,0.0,0.0,0.17519696654385145,0.2173681308118082,-0.09245994970256834,-0.02997402689137815
178.0,23.5,0.0,0.0,0.0,0.0,0.0,0.0,0.0,0.0,0.0,0.0,0.0,0.0,0.17516834016320865,0.21732728386483047,-0.09253889225365519,-0.030003461591199477
178.0,24.0,0.0,0.0,0.0,0.0,0.0,0.0,0.0,0.0,0.0,0.0,0.0,0.0,0.17513978716645293,0.2172865607136496,-0.09261771244630353,-0.030032841372144025
179.0,0.5,0.0,0.0,0.0,0.0,0.0,0.0,0.0,0.0,0.0,0.0,0.0,0.0,0.17511130719162038,0.21724596077677588,-0.09269641075889068,-0.030062166388383584
179.0,1.0,0.0,0.0,0.0,0.0,0.0,0.0,0.0,0.0,0.0,0.0,0.0,0.0,0.1750828998793886,0.21720548347451504,-0.09277498766678886,-0.030091436794918703
179.0,1.5,0.0,0.0,0.0,0.0,0.0,0.0,0.0,0.0,0.0,0.0,0.0,0.0,0.17505456487305118,0.21716512822901513,-0.09285344364239101,-0.030120652747533436
179.0,2.0,0.0,0.0,0.0,0.0,0.0,0.0,0.0,0.0,0.0,0.0,0.0,0.0,0.17502630181849252,0.21712489446431027,-0.0929317791551366,-0.030149814402751905
179.0,2.5,0.0,0.0,0.0,0.0,0.0,0.0,0.0,0.0,0.0,0.0,0.0,0.0,0.17499811036416288,0.21708478160636366,-0.09300999467153713,-0.030178921917795434
179.0,3.0,0.0,0.0,0.0,0.0,0.0,0.0,0.0,0.0,0.0,0.0,0.0,0.0,0.17496999016105388,0.2170447890831074,-0.09308809065520114,-0.03020797545054173
179.0,3.5,0.0,0.0,0.0,0.0,0.0,0.0,0.0,0.0,0.0,0.0,0.0,0.0,0.17494194086267406,0.2170049163244814,-0.0931660675668592,-0.030236975159484286
179.0,4.0,0.0,0.0,0.0,0.0,0.0,0.0,0.0,0.0,0.0,0.0,0.0,0.0,0.17491396212502489,0.21696516276246977,-0.09324392586438868,-0.030265921203693893
179.0,4.5,0.0,0.0,0.0,0.0,0.0,0.0,0.0,0.0,0.0,0.0,0.0,0.0,0.17488605360657702,0.21692552783113572,-0.09332166600283794,-0.030294813742780733
179.0,5.0,0.0,0.0,0.0,0.0,0.0,0.0,0.0,0.0,0.0,0.0,0.0,0.0,0.17485821496824697,0.21688601096665494,-0.09339928843445017,-0.030323652936857584
179.0,5.5,0.0,0.0,0.0,0.0,0.0,0.0,0.0,0.0,0.0,0.0,0.0,0.0,0.17483044587337365,0.21684661160734675,-0.0934767936086878,-0.030352438946504388
179.0,6.0,0.0,0.0,0.0,0.0,0.0,0.0,0.0,0.0,0.0,0.0,0.0,0.0,0.17480274598769566,0.21680732919370413,-0.093554181972256,-0.03038117193273377
179,6.5,3.210890310627025,3.3114842010628522,0.11620943577634998,0.20619004879842648,14.412621243406491,16.118072234288704,False,False,0.06248371524345098,0.11383774482197988,0.0,0.0,0.17477511497932866,0.21676816316842232,-0.09363145396912526,-0.03040985205695709
179,7.0,10.131950106962714,10.44861721084536,0.40426940409895934,0.6515542058730186,14.256615802565321,15.879109355165637,False,False,0.1899183608903857,0.3339811158295629,0.0,0.0,0.17473274362644778,0.2167028376038223,-0.09375009611230044,-0.03045775984574643
179,7.5,13.181720318750827,13.264296474941858,0.6570915910228284,0.7156644558576831,27.19966044637016,27.737651583429688,False,False,0.2139672122618084,0.24225766948487343,0.0,0.0,0.17465373220951858,0.21658087332384832,-0.09397181125214325,-0.030547445651279488
179,8.0,14.838191913381152,14.364236605020425,0.9072924290221703,0.7580432231237553,26.03289859436945,24.40716477166363,False,False,0.21523127749511176,0.18750944353176727,0.0,0.0,0.1745425708523514,0.21645085402636233,-0.09428480155651527,-0.0306434014105513
179,8.5,14.574038989233987,14.054633487349486,0.9402706711135433,0.7665058460873373,25.629722567033376,23.710071351780677,False,False,0.20390370815227,0.1715316026800712,0.0,0.0,0.1743995932781484,0.21631554846820242,-0.09468920302895413,-0.030743640071764007
179,9.0,14.387198345848706,13.748703277589179,0.9744167678516655,0.7625310719197678,25.27099657736022,22.871340883789184,False,False,0.19513329405249175,0.15634913816336057,0.0,0.0,0.17425248044741026,0.21617927813522703,-0.09510745983882499,-0.03084498858520849
179,9.5,15.9936700540919,14.322720416917917,1.224264655253521,0.795895598525237,24.54034503905355,20.45854659948816,False,False,0.20562170275900898,0.13906461567877446,0.0,0.0,0.17410108321908116,0.2160436274203362,-0.0955401980533351,-0.030946271878511553
179,10.0,14.09754898176157,13.05341565076736,1.0853135096028474,0.783942369119417,24.389628814528667,20.99568482071767,False,False,0.17784104405291795,0.13057840634400483,0.0,0.0,0.17391791379692415,0.21590383753669554,-0.09606689083872516,-0.03105106052842365
179,10.5,16.110048554291133,14.07935334793172,1.3000797396742032,0.8025017200938528,24.114474752763734,19.394805036692876,False,False,0.20021786691697263,0.12776872936977465,0.0,0.0,0.17375251761171367,0.2157656829201466,-0.09654545239952701,-0.031155038998846876
179,11.0,16.07133853200793,12.918912205963002,1.5276162347552398,0.8181698220780271,23.183280581080595,17.39823965914908,False,True,0.18626739709080536,0.1050602732300382,0.0,0.0,0.17355981916092736,0.21562527473896592,-0.09710659826665125,-0.03126113889773533
179,11.5,14.037774073468306,12.297015120844652,1.2577167869805292,0.8089561425495952,23.315384123558616,18.557446825472134,False,False,0.16318562295165306,0.10631563180860995,0.0,0.0,0.17333819078479934,0.21548298090798496,-0.09775680147008946,-0.03136910321303974
179,12.0,7.258259814781045,6.627616058165653,0.5766831949066281,0.39755330650303966,12.002763794105082,9.927163692002033,False,False,0.08885668686494065,0.061785927496816516,0.0,0.0,0.17315102182480274,0.21534197166033758,-0.0983099525751816,-0.03147653140869329
179,12.5,7.135336879906048,6.618199063607662,0.549302273683396,0.39458107235069556,12.092211902516667,10.256869718570572,False,False,0.08857121504645332,0.06422009500196432,0.0,0.0,0.17305070394580868,0.21525349856299256,-0.09860796258299905,-0.03154415863800419
179,13.0,6.342953712449044,6.024282744179111,0.4885327842446017,0.382864279848517,12.068377376662832,10.703245272319792,False,False,0.07844355162126052,0.06178503974897077,0.0,0.0,0.17295394006320908,0.21516551365113237,-0.0988964352417318,-0.03161158446371653
179,13.5,13.358970133471331,12.657874761766431,1.030247528817949,0.7902133953936857,12.094599311348219,10.672449177734645,False,False,0.16588722487500726,0.1300545041320821,0.0,0.0,0.1728649846744697,0.21507913075605475,-0.09916251666620032,-0.031677949731990854
179,14.0,14.191046084418174,13.129499401349872,1.093305698584629,0.7926837925451514,24.16625268181796,20.734769119016043,False,False,0.17590459463397995,0.12968192817862784,0.0,0.0,0.17270706123565702,0.2149409466316478,-0.09963699822765665,-0.03178445777252497
179,14.5,15.19749894282624,13.006738400680984,1.3339163678962538,0.8211960846653744,23.454625228619427,18.884217193540934,False,False,0.17944943482793715,0.11546767555180723,0.0,0.0,0.17254116599146518,0.21480255559468714,-0.10013834741753073,-0.03189155319917852
179,15.0,14.74351269129794,12.196584470236326,1.3728377552170645,0.8059852082620305,22.97731988369403,17.738733705052674,False,False,0.1681638087888337,0.10207329108714466,0.0,0.0,0.17234467263731468,0.21466063855036702,-0.10073606042214285,-0.03200182408500556
179,15.5,14.156075956542189,12.035594879859485,1.2841690307267384,0.8049672555954288,23.06894867953191,18.111072503620704,False,False,0.1616498287862979,0.10338720815954033,0.0,0.0,0.1721432827078657,0.21452076676355078,-0.10135308465500908,-0.03211095058348039
179,16.0,12.669280100718371,11.079986295982085,1.1902080341920922,0.802093681116068,22.751300449277366,18.188328473991955,False,False,0.14144674713980954,0.09628426864337691,0.0,0.0,0.17195325507598966,0.21438113109321794,-0.1019394300349269,-0.03222033540497439
179,16.5,12.34914189292477,10.30756552141999,1.2580677712202852,0.8104579940980224,22.25309218859427,17.453022825074413,False,False,0.13321467526846117,0.0872675309764917,0.0,0.0,0.17177526386194839,0.21424196751234717,-0.10249230524815359,-0.03232979240866092
179,17.0,11.141274859636603,9.617605455422405,1.1364109265141893,0.8069813555015432,22.14908191194519,17.866501007035296,False,False,0.11934324426745634,0.08539660144528223,0.0,0.0,0.17158868751188622,0.21410184345460323,-0.10307568733917451,-0.032440452791739974
179,17.5,9.932879132730665,8.584643121904831,1.0455016737212959,0.7940486232844788,21.969788002262415,18.311333391642073,False,False,0.10512991098235891,0.08111452801681408,0.0,0.0,0.17141767636720887,0.2139622673574565,-0.10361387863583235,-0.032551129380256144
179,18.0,10.17509985281171,8.868145933689295,1.0664622401163577,0.7832066590751038,21.942302858179467,17.498709138739393,False,False,0.10749700715647367,0.07992179028329804,0.0,0.0,0.1712583118936855,0.2138244437522734,-0.10411843291721233,-0.032660858067702137
179,18.5,9.011690609169392,8.13384873283935,0.973759897823447,0.7940827736834147,21.674403169845462,17.68043685170729,False,False,0.09354167102218347,0.07680991319589012,0.0,0.0,0.17109633792746876,0.21368810572461075,-0.1046342515545415,-0.03276983789574689
179,19.0,6.954432152897029,6.70966044557813,0.730999535565378,0.7767072460330476,21.779388162057106,19.160346270440716,False,False,0.07268516873283606,0.0774216941671685,0.0,0.0,0.17094623857070845,0.21355048520000397,-0.10511497480029398,-0.032880282548416455
179,19.5,1.8973543865780806,2.2254148206489432,0.1742646281535955,0.6380197774109281,11.276201795116686,16.14266525054471,False,False,0.0208914741917996,0.07618245659831364,0.0,0.0,0.1708271358578952,0.2134151818876729,-0.10549829837464723,-0.03298930020218162
179.0,20.0,0.0,0.0,0.0,0.0,0.0,0.0,0.0,0.0,0.0,0.0,0.0,0.0,0.17077904016504092,0.21329765443290855,-0.10565356286296268,-0.03308434501687127
179.0,20.5,0.0,0.0,0.0,0.0,0.0,0.0,0.0,0.0,0.0,0.0,0.0,0.0,0.17075321196491894,0.21326153367285872,-0.10573705487617631,-0.033113621508193386
179.0,21.0,0.0,0.0,0.0,0.0,0.0,0.0,0.0,0.0,0.0,0.0,0.0,0.0,0.17072744395854741,0.21322551450096838,-0.10582043065685642,-0.03314284640298391
179.0,21.5,0.0,0.0,0.0,0.0,0.0,0.0,0.0,0.0,0.0,0.0,0.0,0.0,0.17070173587601978,0.21318959645119304,-0.10590369061617463,-0.03317201985753988
179.0,22.0,0.0,0.0,0.0,0.0,0.0,0.0,0.0,0.0,0.0,0.0,0.0,0.0,0.17067608744921992,0.21315377905951205,-0.10598683516296238,-0.033201142028249274
179.0,22.5,0.0,0.0,0.0,0.0,0.0,0.0,0.0,0.0,0.0,0.0,0.0,0.0,0.17065049841180652,0.21311806186393914,-0.10606986470372835,-0.033230213071570244
179.0,23.0,0.0,0.0,0.0,0.0,0.0,0.0,0.0,0.0,0.0,0.0,0.0,0.0,0.17062496849919728,0.21308244440453245,-0.10615277964267796,-0.03325923314401133
179.0,23.5,0.0,0.0,0.0,0.0,0.0,0.0,0.0,0.0,0.0,0.0,0.0,0.0,0.1705994974485539,0.2130469262234033,-0.10623558038172995,-0.033288202402112214
179.0,24.0,0.0,0.0,0.0,0.0,0.0,0.0,0.0,0.0,0.0,0.0,0.0,0.0,0.17057408499876658,0.2130115068647248,-0.10631826732053537,-0.033317121002424885
180.0,0.5,0.0,0.0,0.0,0.0,0.0,0.0,0.0,0.0,0.0,0.0,0.0,0.0,0.17054873089043907,0.21297618587473963,-0.10640084085649443,-0.03334598910149538
180.0,1.0,0.0,0.0,0.0,0.0,0.0,0.0,0.0,0.0,0.0,0.0,0.0,0.0,0.17052343486587385,0.21294096280176658,-0.10648330138477426,-0.033374806855846345
180.0,1.5,0.0,0.0,0.0,0.0,0.0,0.0,0.0,0.0,0.0,0.0,0.0,0.0,0.17049819666905727,0.21290583719620748,-0.1065656492983266,-0.0334035744219596
180.0,2.0,0.0,0.0,0.0,0.0,0.0,0.0,0.0,0.0,0.0,0.0,0.0,0.0,0.17047301604564513,0.21287080861055266,-0.10664788498790415,-0.03343229195625969
180.0,2.5,0.0,0.0,0.0,0.0,0.0,0.0,0.0,0.0,0.0,0.0,0.0,0.0,0.1704478927429481,0.21283587659938585,-0.10673000884207846,-0.03346095961509791
180.0,3.0,0.0,0.0,0.0,0.0,0.0,0.0,0.0,0.0,0.0,0.0,0.0,0.0,0.1704228265099177,0.21280104071938918,-0.10681202124725578,-0.033489577554736256
180.0,3.5,0.0,0.0,0.0,0.0,0.0,0.0,0.0,0.0,0.0,0.0,0.0,0.0,0.17039781709713198,0.212766300529347,-0.10689392258769438,-0.03351814593133255
180.0,4.0,0.0,0.0,0.0,0.0,0.0,0.0,0.0,0.0,0.0,0.0,0.0,0.0,0.17037286425678172,0.21273165559014903,-0.10697571324552058,-0.03354666490092582
180.0,4.5,0.0,0.0,0.0,0.0,0.0,0.0,0.0,0.0,0.0,0.0,0.0,0.0,0.17034796774265648,0.21269710546479362,-0.10705739360074575,-0.0335751346194217
180.0,5.0,0.0,0.0,0.0,0.0,0.0,0.0,0.0,0.0,0.0,0.0,0.0,0.0,0.17032312731013113,0.2126626497183899,-0.10713896403128147,-0.033603555242578964
180,5.5,7.1582378909922575,7.307449947319249,0.12092348353186494,0.6235457291216074,15.919624315760993,17.98774187551753,False,False,0.22065280497191775,1.4181153655379266,0.0,0.0,0.1702983427161522,0.21262828791815994,-0.10722042491295619,-0.03363192692599583
180,6.0,9.64172621881663,9.839315643087097,0.17938065122761615,0.6029789091768489,31.803792678992394,35.44095091397321,False,False,0.2951784070218776,1.3384183397841545,0.0,0.0,0.1702582041026852,0.21251455946325673,-0.1073525072796604,-0.03372603345258817
180,6.5,11.044075437012552,0.0,0.10050500491407875,0.0,30.27673259808691,0.0,False,0.0,0.3556968286281936,0.0,0.0,0.0,0.17021067148651056,0.21240354498250325,-0.10750917157109958,-0.03381819700820079
180,7.0,12.29186395759142,12.557838009285623,0.2889629708381592,0.6405522719443943,31.650135181953903,35.041380378134065,False,False,0.3655032119471934,1.4666342463873117,0.0,0.0,0.17017324533246805,0.21236946244579066,-0.10763271735432932,-0.033846552310312035
180,7.5,14.199518581527428,14.521530159821232,0.3330210868913979,0.6354684210516105,31.45883661753999,34.56010941160172,False,False,0.4076513888709976,1.115000239405319,0.0,0.0,0.17011185833634998,0.2122538447854664,-0.10783572566648965,-0.03394295282571571
180,8.0,14.84340993323039,15.19178731226745,0.4268510470828602,0.6217506008901644,30.147520417639022,32.87089241451861,False,False,0.3445896209921926,0.6212877627745116,0.0,0.0,0.17004491153809823,0.21213896679092215,-0.10805764067220248,-0.03403906079434399
180,8.5,14.682537655470583,14.632765790271263,0.7551688394760272,0.732123392142775,26.28136605493306,26.176722015176367,False,False,0.21791039234787055,0.22056401131128503,0.0,0.0,0.16996606213899315,0.2120259282942884,-0.10831970859835473,-0.03413394647094532
180,9.0,14.87947531151735,14.17228658956508,1.0000995037281988,0.7815128690601839,24.573635284846038,22.11726878078547,False,False,0.19048455999209138,0.15321032013812272,0.0,0.0,0.1698454284686045,0.21189891566701938,-0.10872211999156153,-0.03424093842604394
180,9.5,15.639258195860108,14.47491422654657,1.124736466083028,0.7936358901957927,24.13982415724284,20.84399599567604,False,False,0.1950747259717822,0.1436310714788792,0.0,0.0,0.16969363655013522,0.21176569976928777,-0.10923100313365369,-0.034353585459422936
180,10.0,15.759787476747835,13.711223286903042,1.334232969739853,0.8132259898984768,23.27431600342978,18.8427382010627,False,False,0.1842640321141663,0.12066687881853069,0.0,0.0,0.16952601551580282,0.21163102915846382,-0.1097962544399967,-0.03446791169113301
180,10.5,15.747083564480803,13.36413912899199,1.3821875247127986,0.8261963474090304,22.79558813656818,17.700813563735757,False,False,0.17798756673084837,0.110572840645974,0.0,0.0,0.1693317512496934,0.21149395187554712,-0.1104557180870321,-0.03458474687644903
180,11.0,15.35351169609088,13.421391075098153,1.271987892636202,0.8106004576056343,23.116319409210476,18.358111097824953,False,False,0.17592168165275515,0.11477478580476344,0.0,0.0,0.16913142926595448,0.21135531108693725,-0.11114069415714264,-0.03470339497267969
180,11.5,15.937194200454949,13.28034789488152,1.4136496486951782,0.8169352648044156,22.683490049488945,17.298353811333982,False,True,0.17868431926812894,0.10768554505702171,0.0,0.0,0.16894520336824626,0.2112187466659006,-0.11178201433685082,-0.03482074055990047
180,12.0,15.702226263461046,12.376914322097734,1.5529103647485527,0.8322656279056151,22.008794935076338,16.03162632660366,False,True,0.16772815719829065,0.09395357989289146,0.0,0.0,0.16874097793411322,0.21108146352187415,-0.1124903968407776,-0.03493918053955893
180,12.5,15.21215545634266,11.905462597374052,1.5513433247724133,0.8291217237267025,21.826244378962272,16.032552211461976,False,True,0.16051061445741852,0.09040096670778008,0.0,0.0,0.1685190587123844,0.2109423149278655,-0.11326622531598525,-0.03505972008041954
180,13.0,14.841786106939193,10.65253609376391,1.7553540550917461,0.8474577481383918,20.782926926157558,14.164405448550035,False,True,0.14680829773192677,0.07425368646310701,0.0,0.0,0.16829739155551438,0.21080365471547563,-0.11404754538782741,-0.03518032975513861
180,13.5,13.849620061468823,9.52293760862357,1.8058704724325,0.8501409060026174,20.09910865774423,13.4513235889603,False,True,0.1311583275899431,0.06414594512276728,0.0,0.0,0.16804977889562472,0.21066274524420994,-0.1149279225882746,-0.03530340268022237
180,14.0,13.08586267609095,9.454944525510193,1.6521220362235254,0.8398707602326762,20.368178743347585,14.675972943449208,False,False,0.12582183476468245,0.0675575362915477,0.0,0.0,0.1677957807225622,0.2105215808115661,-0.11583942957033028,-0.035427213022307565
180,14.5,12.841371116160113,9.250324998585082,1.648794027827551,0.845898286814467,20.182813989836255,14.497091890140233,False,False,0.12202700982639968,0.06571186615617854,0.0,0.0,0.16756142685901554,0.21038181170461082,-0.11668808970103127,-0.035550309608159046
180,15.0,12.271672157394194,8.761958597214388,1.6033619696850079,0.8257789970335763,19.98600382680013,14.27664237664008,False,False,0.11525417804673525,0.06190392581077102,0.0,0.0,0.1673275485950454,0.21024136067938268,-0.1175424232303936,-0.035674520460811106
180,15.5,11.443036959012797,8.037418890042382,1.6313105898767255,0.8480426888726953,19.374538868646795,13.898069758674126,False,False,0.10377879342423704,0.056158050161393115,0.0,0.0,0.1670995111528135,0.21010355931375374,-0.11838260610648214,-0.03579689089303257
180,16.0,11.46043914740677,8.278565344686566,1.5430817246752362,0.8427869056182892,19.559433387842734,13.985516663971293,False,False,0.10493271465492596,0.058369702652003363,0.0,0.0,0.16686796321502645,0.20996300624474992,-0.11924305500119127,-0.035922220453617495
180,16.5,11.158911291238919,7.916914334442302,1.5933027798907156,0.8423066906149119,19.211682064435088,13.385044711201958,False,False,0.10016525817682465,0.05450612502196582,0.0,0.0,0.16664770939083126,0.20982320797656462,-0.12006845786247318,-0.036047395918010226
180,17.0,10.918833263311713,7.950128961718169,1.522842450817049,0.8417635058301077,19.27216216744597,13.470135627666966,False,False,0.09824233069443121,0.05537365414734871,0.0,0.0,0.1664211064106625,0.20968355556827237,-0.12092476890885145,-0.03617296001898632
180,17.5,10.424681054896908,7.941902608698377,1.4138123773447662,0.841162301904041,19.36445417605575,13.807500017021102,False,False,0.09423248335434266,0.056775218850275505,0.0,0.0,0.16620353283064024,0.2095440566695744,-0.12175381445607697,-0.036298906707312145
180,18.0,9.162283683510802,7.507800024789647,1.1974896960102317,0.8267158192446017,19.542584539737838,14.804894365163936,False,False,0.0834910713445219,0.05806178803759622,0.0,0.0,0.16599990349303123,0.209404718301514,-0.12253586847266539,-0.03642523038975121
180,18.5,8.078345362062144,7.017542338883116,1.0344925038874948,0.8095514469073803,19.603768379394644,15.466844564046806,False,False,0.07387261577053617,0.05801898292030827,0.0,0.0,0.16582389078740098,0.20926730443624506,-0.12321668531253265,-0.03655032264624301
180,19.0,7.048542365462574,6.596426849370308,0.8687263037242101,0.8109731135433964,19.786682510156268,16.432480033524357,False,False,0.06514048219814808,0.060831717104332717,0.0,0.0,0.16566869909279222,0.20913216105389126,-0.12382070812272546,-0.03667384755773733
180,19.5,2.8652587173327904,3.345179712033242,0.32672121476321014,0.6912520614159643,10.104813884368719,13.847209461496524,False,False,0.027146869677766982,0.05717884739445851,0.0,0.0,0.16553468106762237,0.2089969193177149,-0.12434516128601579,-0.036797960628437425
180.0,20.0,0.0,0.0,0.0,0.0,0.0,0.0,0.0,0.0,0.0,0.0,0.0,0.0,0.16546978167936943,0.20887701641814027,-0.12460008325755056,-0.03690841577999591
180.0,20.5,0.0,0.0,0.0,0.0,0.0,0.0,0.0,0.0,0.0,0.0,0.0,0.0,0.16544656650238035,0.20884528378285527,-0.12469142263864755,-0.03693771412060892
180.0,21.0,0.0,0.0,0.0,0.0,0.0,0.0,0.0,0.0,0.0,0.0,0.0,0.0,0.16542340034131606,0.20881363287530785,-0.12478264870442034,-0.036966964610731075
180.0,21.5,0.0,0.0,0.0,0.0,0.0,0.0,0.0,0.0,0.0,0.0,0.0,0.0,0.1654002829970651,0.20878206333754226,-0.12487376181579377,-0.036996167398134196
180.0,22.0,0.0,0.0,0.0,0.0,0.0,0.0,0.0,0.0,0.0,0.0,0.0,0.0,0.1653772142717124,0.20875057481338072,-0.12496476233183956,-0.037025322630310054
180.0,22.5,0.0,0.0,0.0,0.0,0.0,0.0,0.0,0.0,0.0,0.0,0.0,0.0,0.16535419396852988,0.2087191669484204,-0.12505565060978882,-0.03705443045446287
180.0,23.0,0.0,0.0,0.0,0.0,0.0,0.0,0.0,0.0,0.0,0.0,0.0,0.0,0.16533122189196717,0.20868783939003,-0.12514642700504428,-0.0370834910175023
180.0,23.5,0.0,0.0,0.0,0.0,0.0,0.0,0.0,0.0,0.0,0.0,0.0,0.0,0.16530829784764206,0.2086565917873465,-0.12523709187119442,-0.037112504466036145
180.0,24.0,0.0,0.0,0.0,0.0,0.0,0.0,0.0,0.0,0.0,0.0,0.0,0.0,0.16528542164233148,0.20862542379127144,-0.12532764556002532,-0.03714147094636389
181.0,0.5,0.0,0.0,0.0,0.0,0.0,0.0,0.0,0.0,0.0,0.0,0.0,0.0,0.16526259308396218,0.2085943350544671,-0.12541808842153385,-0.03717039060447008
181.0,1.0,0.0,0.0,0.0,0.0,0.0,0.0,0.0,0.0,0.0,0.0,0.0,0.0,0.16523981198160168,0.2085633252313523,-0.12550842080394034,-0.03719926358601814
181.0,1.5,0.0,0.0,0.0,0.0,0.0,0.0,0.0,0.0,0.0,0.0,0.0,0.0,0.16521707814544945,0.20853239397809842,-0.12559864305370033,-0.03722809003634413
181.0,2.0,0.0,0.0,0.0,0.0,0.0,0.0,0.0,0.0,0.0,0.0,0.0,0.0,0.16519439138682795,0.2085015409526249,-0.1256887555155175,-0.03725687010045096
181.0,2.5,0.0,0.0,0.0,0.0,0.0,0.0,0.0,0.0,0.0,0.0,0.0,0.0,0.1651717515181737,0.20847076581459487,-0.12577875853235607,-0.0372856039230027
181.0,3.0,0.0,0.0,0.0,0.0,0.0,0.0,0.0,0.0,0.0,0.0,0.0,0.0,0.16514915835302885,0.2084400682254101,-0.12586865244545206,-0.03731429164831916
181.0,3.5,0.0,0.0,0.0,0.0,0.0,0.0,0.0,0.0,0.0,0.0,0.0,0.0,0.16512661170603227,0.2084094478482064,-0.12595843759432643,-0.03734293342037067
181.0,4.0,0.0,0.0,0.0,0.0,0.0,0.0,0.0,0.0,0.0,0.0,0.0,0.0,0.16510411139291123,0.20837890434784873,-0.12604811431679594,-0.037371529382772654
181.0,4.5,0.0,0.0,0.0,0.0,0.0,0.0,0.0,0.0,0.0,0.0,0.0,0.0,0.16508165723047286,0.20834843739092565,-0.1261376829489857,-0.03740007967878128
181,5.0,1.9698885905651216,2.0006406080055914,0.0875836720179211,0.10250415019047875,13.040311801729505,13.792494167306929,False,False,0.028698557620627094,0.03367464901925417,0.0,0.0,0.1650592490365957,0.2083180466457445,-0.1262271438253403,-0.03742858445128821
181,5.5,1.9489562585796592,2.0229301977583387,0.08760857323424949,0.1433770469033544,12.992138443487253,15.010050936856285,False,False,0.02814526368983554,0.046082406983072095,0.0,0.0,0.16502572559878667,0.20827466939277156,-0.12636112159710675,-0.03746931467486381
181,6.0,3.3994692113460796,3.4437225356772747,0.15673334025110777,0.17602339659947958,12.932719763177763,13.521660108439198,False,False,0.04856845460932507,0.05497607589070167,0.0,0.0,0.164992244595246,0.20822615914614165,-0.1264950989236242,-0.037514927229089695
181,6.5,4.2060683015191875,4.244741444991624,0.20093139964247364,0.21491533521476308,12.833722277651573,13.222201989373742,False,False,0.05904249777623458,0.06386241007357857,0.0,0.0,0.164950000258526,0.20817356391113287,-0.12666438511585762,-0.037564455529718904
181,7.0,11.141522854993637,11.398779093239636,0.5857951021714445,0.7325977003250541,25.08560043515589,26.941428635712782,False,False,0.1487608497615137,0.1892080738247258,0.0,0.0,0.16490216889053647,0.20811608747014604,-0.12685638623113457,-0.03761866952089304
181,7.5,14.08014601128281,13.517007884626924,0.9246513043986014,0.7811745095131346,23.804859322832648,22.12558844237641,False,False,0.16974984679017738,0.14802913442188576,0.0,0.0,0.16480533834199615,0.20799271590161608,-0.1272461388438436,-0.0377353534695579
181,8.0,14.24129589065353,12.321220600223063,1.2363491193054703,0.8153921666173769,21.948542525513883,17.73362446942401,False,False,0.15131140799104842,0.10252170551816198,0.0,0.0,0.16466537130103487,0.20786322831270287,-0.1278120449402643,-0.037858286034561775
181,8.5,12.959393407355652,11.56543961818835,1.1494894485975762,0.81454498653098,21.71587009478148,17.817047299010028,False,False,0.13488392924004425,0.09651477900033906,0.0,0.0,0.16448572846179468,0.2077294542107722,-0.1285427662381499,-0.03798578957570105
181,9.0,14.705952152216659,12.35261714598759,1.3365393636731309,0.8336250373521904,21.55839057492707,16.802736460289474,False,False,0.15246869400714685,0.09741549389318413,0.0,0.0,0.16431719894166907,0.20759586168824742,-0.12923281201984627,-0.03811363097892027
181,9.5,14.207224305618686,11.766744983718219,1.363520406069911,0.8429827637635947,21.186365915467455,16.17922695538035,False,False,0.14292026328671895,0.08982013771091743,0.0,0.0,0.16412487750587018,0.20745991104692843,-0.13002567365803808,-0.038244255622936325
181,10.0,7.493878107420263,5.953715835669207,0.7123284608254681,0.40873160994637137,10.59606093091678,7.738179171478757,False,True,0.07541353551926548,0.04387884689052561,0.0,0.0,0.16392916200513094,0.20732284091595446,-0.13083848493266664,-0.038376496268102495
181,10.5,7.517100212792374,6.133912546132457,0.7091166589629142,0.42571718585319696,10.602994064792517,7.929402421069667,False,True,0.07571364182043769,0.04594374316887416,0.0,0.0,0.16381647374257718,0.20724118129943753,-0.1313092283066672,-0.03845553768844901
181,11.0,6.633942640460823,5.891791130891152,0.584474968492611,0.40329997223318276,10.785686090692218,8.669823169948687,False,False,0.0684007186252473,0.0474111096595532,0.0,0.0,0.1637042386326255,0.20715742953317465,-0.13178008587432122,-0.038536805748592286
181,11.5,6.590883076238455,5.9099609360417835,0.5750391184672239,0.4055141249304857,10.806099987618094,8.815611874414124,False,False,0.0681370502799607,0.048276684020379566,0.0,0.0,0.16360793065550702,0.20707660651610332,-0.13218572916062224,-0.03861542600442137
181,12.0,5.960006851275976,5.604190621002848,0.5064214641857546,0.4051095743110981,10.870936986082357,9.590611703875968,False,False,0.06213865023137652,0.04983721802268103,0.0,0.0,0.1635128686419203,0.20699557309791425,-0.13258758433607515,-0.038694442856435876
181,12.5,5.764129462539814,5.634270096233461,0.42231222028159177,0.3802016727657179,11.328158465986029,10.754687969935333,False,False,0.06392773246974694,0.05792844960491812,0.0,0.0,0.16342659412712948,0.20691466268231218,-0.13295355270697218,-0.03877353205043773
181,13.0,6.440830915922692,6.154824654630551,0.4795372529846456,0.3905154641099466,11.555701784009251,10.4289079212282,False,False,0.0737733993515207,0.060628825825282506,0.0,0.0,0.166019741340987,0.2095045095112319,-0.12245941709485311,-0.036334706900274856
181,13.5,5.893812712123271,5.825847537507467,0.39969513978316784,0.36769727237855393,12.569959632247755,12.167919317378999,False,False,0.07905419889646527,0.07322556955280364,0.0,0.0,0.1739356827926683,0.21741870659223633,-0.09601564588748959,-0.029937629160943842
181,14.0,4.2056858279377884,4.2934694837174385,0.23214123441047124,0.3068053287862787,13.956990915390199,14.987827214844366,False,False,0.07363418455960245,0.09760185014291417,0.0,0.0,0.1845027642459917,0.22796770920878698,-0.07056124506224852,-0.023375045529881514
181,14.5,6.5580794784764675,6.566288336434593,0.34173659535040257,0.3409063983625477,14.334620097948152,14.396466421693281,False,False,0.12522998318567166,0.1274914826355556,0.0,0.0,0.18706412981712403,0.23049477660246023,-0.06565902929807942,-0.022067206956363286
181,15.0,14.940918235872882,14.608989928258495,0.8903293867994718,0.7064849108585692,28.0298096307634,26.253325433047493,False,False,0.2649670612464172,0.21827716381652296,0.0,0.0,0.18694008086112707,0.23034657353738563,-0.06588690102645953,-0.022141459201527998
181,15.5,13.895901078205702,13.397951631309805,1.005175633369589,0.7770449676648887,26.814812456587113,24.25989088010413,False,False,0.21703708222288465,0.1712765610349212,0.0,0.0,0.18674696035130525,0.23015312397392726,-0.06624353197624908,-0.02223882909139788
181,16.0,12.868368127499808,12.39374399940634,0.9831936347165443,0.7609052687963046,26.432992198866145,23.716460881290175,False,False,0.19372590847081436,0.15185589482339676,0.0,0.0,0.18654002203002115,0.22995198368406441,-0.06662823575018977,-0.022340611501646932
181,16.5,13.488123780735748,12.419327824728107,1.1202836967257637,0.7820598095957302,26.026968175552362,22.314884408833564,False,False,0.19554249952108932,0.14075804158644428,0.0,0.0,0.1863366832282546,0.2297541635674413,-0.06700884354460547,-0.022441255634256495
181,17.0,4.164802684498266,3.929877239314438,0.3232474117696438,0.2228880339218563,13.123882397026748,11.226819798822211,False,False,0.061618614464233626,0.042625496560639776,0.0,0.0,0.1861166545572398,0.22955487527932722,-0.0674236132606241,-0.022543193444634648
181.0,17.5,0.0,0.0,0.0,0.0,0.0,0.0,0.0,0.0,0.0,0.0,0.0,0.0,0.18599895659703247,0.22942803714331672,-0.06764673789448543,-0.02260835966956999
181.0,18.0,0.0,0.0,0.0,0.0,0.0,0.0,0.0,0.0,0.0,0.0,0.0,0.0,0.18592319598565663,0.22933076277834089,-0.06779082569930982,-0.02265848888549855
181.0,18.5,0.0,0.0,0.0,0.0,0.0,0.0,0.0,0.0,0.0,0.0,0.0,0.0,0.1858481638691818,0.2292346175209175,-0.06793388854990777,-0.022708166418787094
181.0,19.0,0.0,0.0,0.0,0.0,0.0,0.0,0.0,0.0,0.0,0.0,0.0,0.0,0.18577384427543694,0.2291395712599469,-0.0680759475955427,-0.02275740371389696
181.0,19.5,0.0,0.0,0.0,0.0,0.0,0.0,0.0,0.0,0.0,0.0,0.0,0.0,0.18570022177000203,0.22904559512117073,-0.06821702330028348,-0.022806211759351235
181.0,20.0,0.0,0.0,0.0,0.0,0.0,0.0,0.0,0.0,0.0,0.0,0.0,0.0,0.18562728143223595,0.22895266139991927,-0.0683571354725459,-0.022854601111879518
181.0,20.5,0.0,0.0,0.0,0.0,0.0,0.0,0.0,0.0,0.0,0.0,0.0,0.0,0.18555500883262452,0.22886074349836813,-0.06849630329305352,-0.022902581918981094
181.0,21.0,0.0,0.0,0.0,0.0,0.0,0.0,0.0,0.0,0.0,0.0,0.0,0.0,0.18548339001136138,0.22876981586694436,-0.06863454534132062,-0.022950163940029928
181.0,21.5,0.0,0.0,0.0,0.0,0.0,0.0,0.0,0.0,0.0,0.0,0.0,0.0,0.18807386416446098,0.23133866008747073,-0.06383871016731826,-0.021650017025814556
181.0,22.0,0.0,0.0,0.0,0.0,0.0,0.0,0.0,0.0,0.0,0.0,0.0,0.0,0.1906529362095211,0.23389360214868155,-0.05945541917206375,-0.020443026983276005
181.0,22.5,0.0,0.0,0.0,0.0,0.0,0.0,0.0,0.0,0.0,0.0,0.0,0.0,0.19056082558026888,0.23377791284368893,-0.05960566679944108,-0.020495918441173235
181.0,23.0,0.0,0.0,0.0,0.0,0.0,0.0,0.0,0.0,0.0,0.0,0.0,0.0,0.19046980777385442,0.23366384365379128,-0.05975457642659001,-0.020548228919343898
181.0,23.5,0.0,0.0,0.0,0.0,0.0,0.0,0.0,0.0,0.0,0.0,0.0,0.0,0.19569561310117295,0.23886054404283327,-0.051877419500812136,-0.018318177365735364
181.0,24.0,0.0,0.0,0.0,0.0,0.0,0.0,0.0,0.0,0.0,0.0,0.0,0.0,0.19557867089024436,0.23871535981558442,-0.05203962787822612,-0.01837643808561614
182.0,0.5,0.0,0.0,0.0,0.0,0.0,0.0,0.0,0.0,0.0,0.0,0.0,0.0,0.19811888977293304,0.2412244668141783,-0.04864788794353731,-0.01739983002839824
182.0,1.0,0.0,0.0,0.0,0.0,0.0,0.0,0.0,0.0,0.0,0.0,0.0,0.0,0.19798911922876145,0.24106460616475053,-0.04881464976705442,-0.0174601773547346
182.0,1.5,0.0,0.0,0.0,0.0,0.0,0.0,0.0,0.0,0.0,0.0,0.0,0.0,0.19786157463842172,0.24090792965350108,-0.04897921522195302,-0.01751956479805951
182.0,2.0,0.0,0.0,0.0,0.0,0.0,0.0,0.0,0.0,0.0,0.0,0.0,0.0,0.19773617055244658,0.24075429362481943,-0.04914166373988523,-0.017578033617688876
182.0,2.5,0.0,0.0,0.0,0.0,0.0,0.0,0.0,0.0,0.0,0.0,0.0,0.0,0.19761282645829648,0.24060356418555176,-0.049302070347115354,-0.017635622359213787
182.0,3.0,0.0,0.0,0.0,0.0,0.0,0.0,0.0,0.0,0.0,0.0,0.0,0.0,0.1974914664068042,0.24045561633787388,-0.04946050598674552,-0.017692367089071587
182.0,3.5,0.0,0.0,0.0,0.0,0.0,0.0,0.0,0.0,0.0,0.0,0.0,0.0,0.19737201867325646,0.24031033320629205,-0.04961703781189868,-0.01774830160422837
182.0,4.0,0.0,0.0,0.0,0.0,0.0,0.0,0.0,0.0,0.0,0.0,0.0,0.0,0.19725441544933237,0.24016760534677795,-0.049771729452952475,-0.01780345762008357
182.0,4.5,0.0,0.0,0.0,0.0,0.0,0.0,0.0,0.0,0.0,0.0,0.0,0.0,0.1971385925625904,0.24002733012778715,-0.04992464126154133,-0.017857864939262894
182,5.0,4.687661004000631,4.808610889935585,0.17019199792509554,0.5833378883244218,15.682400455781265,17.648607245611213,False,False,0.1323314871256775,0.4736774884550946,0.0,0.0,0.19702448922060134,0.23988941117437487,-0.05007583053371647,-0.017911551603590765
182,5.5,6.691464915293131,6.858709356046413,0.2720808363863944,0.7007917800039579,15.424717424768335,17.26585128873595,False,False,0.17307025873991458,0.4620827751828951,0.0,0.0,0.19689035973652874,0.23967942149488278,-0.050254252968190354,-0.01799366246676266
182,6.0,9.747928191766189,9.895862774347975,0.43795196132876885,0.6957185897959279,30.47082087178007,32.19365985389917,False,False,0.23750349027217132,0.38987803657756925,0.0,0.0,0.19674485345848092,0.23945664467171882,-0.05044866635102189,-0.018081264180901047
182,6.5,12.999586953628569,12.963893053140552,0.6921851767664579,0.6882182079172205,29.74379561662672,29.44081881185154,False,False,0.2849943869363716,0.2955202637318298,0.0,0.0,0.19657976496773782,0.23923661425559983,-0.05067033004883406,-0.018168285175537056
182,7.0,14.334345069121115,14.098721804294065,0.8675864612387619,0.7420537519681536,29.125058443099157,27.889463170475068,False,False,0.2895654725508488,0.2592878581340901,0.0,0.0,0.19638378461548786,0.23901956366093496,-0.05093498044797773,-0.018254617012437108
182,7.5,14.871593329118008,14.477112504864014,0.9558927270591834,0.7279931719859245,28.75804603996914,26.666339187608685,False,False,0.2870407637670599,0.2270374284073104,0.0,0.0,0.19616691114393245,0.23879760498246788,-0.05122976682540025,-0.018343407005716628
182,8.0,15.841349329589324,14.924918704683098,1.1800117097658283,0.778548455311804,27.96791642886701,24.641098067521703,False,False,0.28086566013538383,0.19453083667619153,0.0,0.0,0.19594019852216255,0.2385793226025447,-0.05154010295761305,-0.018431228670405066
182,8.5,7.065990004977335,6.76418108168506,0.487302297069058,0.33017610422354643,14.122214536542867,12.466642405948962,False,False,0.12838219832584707,0.08885691039481323,0.0,0.0,0.19568629706349902,0.23835641814128328,-0.051890319499487796,-0.018521427426278294
182,9.0,15.67246629778121,14.925850410946286,1.129793389906633,0.769139017857659,28.026697240265534,24.711110435201814,False,False,0.27784416688569025,0.19466546386897526,0.0,0.0,0.1955220000408022,0.23819241049376477,-0.05211845231464228,-0.018588129423314743
182,9.5,16.178582078352214,15.156801625424873,1.228711390803714,0.7736248501686859,27.722697983081748,23.638904217573405,False,False,0.27741824603980214,0.17999272246989104,0.0,0.0,0.19527712025635294,0.23797416633500443,-0.05246069943638012,-0.018677333822435787
182,10.0,16.701099750548444,15.002722132618977,1.4349778889046074,0.809944619968721,26.988431758324655,21.581081720214176,False,False,0.26537451767639064,0.1537392044310183,0.0,0.0,0.1950208896066897,0.23775699748443788,-0.05282168150184775,-0.01876660545906645
182,10.5,17.293407449527052,14.60143329576554,1.6761188212849294,0.825988829491988,26.275473135309642,19.62472507834576,False,False,0.2583032997438063,0.13221200114430687,0.0,0.0,0.19473959287173706,0.2375367951675624,-0.053221390599145234,-0.01885764364445209
182,11.0,17.243464074431404,13.601824253114295,1.8809752226364667,0.8389330209851715,25.494436627315384,17.63691441037439,False,True,0.23995474171158537,0.11036354409090841,0.0,0.0,0.19442875194384124,0.23731609360901246,-0.05366727960371119,-0.018949416708279987
182,11.5,17.028390481565655,12.954523913989677,1.9667752409215826,0.8450881519074284,25.07690951996133,16.49661176522278,False,True,0.22719617733281783,0.09938332383807486,0.0,0.0,0.19409295815290056,0.23709524068290866,-0.0541539733083825,-0.019041785900252742
182,12.0,16.550303977575133,13.143029501763431,1.8325077786797375,0.8421225021021396,25.258783009869866,17.23671142519288,False,False,0.22423795258275242,0.1043554368456052,0.0,0.0,0.19374735204680893,0.23687505659416627,-0.05466039056307553,-0.019134409884966133
182,12.5,17.416031556396092,15.12724818498134,1.555670032565659,0.8066599149556389,26.65226747973209,20.773148219326956,False,False,0.2694749940002082,0.14655980871505875,0.0,0.0,0.19341994759297068,0.2366566607720284,-0.055145349607602125,-0.019226812381666847
182,13.0,16.753485974924168,13.930824653252214,1.7002064859415478,0.8266641539515345,26.071870588735788,18.788033686751245,False,False,0.24387968003657495,0.12055348286162243,0.0,0.0,0.19578729604349623,0.23910025272503688,-0.05175066895440139,-0.018222465992592148
182,13.5,16.620413871042402,13.213051830754095,1.8355118087164763,0.8353947238357001,25.611342004237976,18.15645331894092,False,False,0.23355630397496757,0.11045339637689944,0.0,0.0,0.1954653190617426,0.23887079140752993,-0.05219743317610702,-0.018314073540158803
182,14.0,16.679919097378004,13.225203026616397,1.850812862055338,0.8436687079080587,25.448976148581277,17.676104837797098,False,False,0.231089848586466,0.10786694393828584,0.0,0.0,0.1951274574337699,0.238641960032957,-0.05267118860917643,-0.018405976566707845
182,14.5,7.2219521141184035,6.003450124505605,0.7506083658541167,0.3618928162755821,12.86062650378796,8.932528144758212,False,False,0.1018614861621616,0.04930179667511401,0.0,0.0,0.19478896380330188,0.23841376022023084,-0.05315097682703772,-0.01849817368385
182,15.0,4.412851205224044,4.399534852630503,0.30618741279444184,0.29019902015052434,14.94423856871286,14.77413396269036,False,False,0.0987126773623701,0.09345237578150091,0.09564370135666785,0.11279785618060555,0.23407095163525451,0.27763954222531845,-0.02036226077365585,-0.008349218887599314
182,15.5,15.20387438704246,15.130400058426757,0.790042964420769,0.6816813568736056,31.5378272273463,31.01763701914105,False,False,0.4427974402184208,0.42114776299308554,0.6756109874091978,0.7974130364166546,0.23337982085906114,0.27686043968250973,-0.020679170346466796,-0.008472659163113785
182,16.0,6.014572992053345,5.97757412639477,0.2959658275996992,0.24529161203474706,15.832785432037063,15.479611389483994,False,False,0.17936310384735812,0.15944228776576014,0.2574139829588658,0.3049048502861563,0.23260740801400842,0.27601120360679027,-0.021040331441620725,-0.008609696760852667
182,16.5,13.474827791054249,13.500153657338664,0.6541550484433486,0.6741982960518751,31.778421200098748,31.937071534185467,False,False,0.41052314625093095,0.4678907603069427,0.504525534466658,0.598434480027013,0.23199615397899337,0.27533460604470267,-0.021331474486919924,-0.008720769554888853
182,17.0,10.196014269037468,10.268028188679907,0.5571991028258735,0.6651459538701205,31.067472994101255,31.719302755518797,False,False,0.27340532590647254,0.33841003936129666,0.2920933493015514,0.3469412551317395,0.23134556191026626,0.2746108462917928,-0.021646643917052188,-0.008841480096418832
182,17.5,9.943962245813308,9.99684113714602,0.5923537743220065,0.7007192180976242,30.66502462635635,30.915465361139148,False,False,0.24970704468065463,0.30406674221985613,0.27865477516187603,0.33090295660458363,0.2307666741355792,0.2739580905327121,-0.021931751654405425,-0.008952059255728536
182,18.0,2.8371262145463785,2.792190898025175,0.17217094400270921,0.1323512886377228,15.286127571115097,14.44869018275449,False,False,0.0702160318432413,0.054343354564872826,0.10029693157831186,0.11737269563146188,0.23282664845568132,0.27594294486903237,-0.020937061494389377,-0.008620825615326011
182,18.5,4.543264250526566,4.6723313577759065,0.24594538912591798,0.6371700902199203,15.4720816572944,17.27142921969266,False,False,0.11934661399550635,0.31288110742805036,0.0736138805642232,0.08621381665856027,0.23232201317508183,0.2753911955835617,-0.021175673135181445,-0.008711414435842706
182,19.0,8.261260966422398,8.309968544593737,0.5077474906141624,0.6979396662842561,30.501939241760468,30.15608706424114,False,False,0.2022454820727962,0.28645281415806184,0.29855266124881213,0.3477513493537923,0.2318386135945608,0.27481002317788816,-0.021407288054341948,-0.008808063394123452
182,19.5,3.742148121209728,3.8648011102582345,0.2326036150326192,0.5944606436845457,15.166473702376226,17.12743935491038,False,False,0.08929010829258532,0.22951055794353753,0.09171411765477863,0.10663184785845675,0.23131703881433935,0.2742146312537436,-0.021660587985471793,-0.00890840489580599
182.0,20.0,0.0,0.0,0.0,0.0,0.0,0.0,0.0,0.0,0.0,0.0,0.0,0.0,0.23087795881281395,0.27368669841700377,-0.021876597139513402,-0.00899851854820499
182.0,20.5,0.0,0.0,0.0,0.0,0.0,0.0,0.0,0.0,0.0,0.0,0.0,0.0,0.23049897476726247,0.2732689372701069,-0.022065107929587418,-0.00907059733289445
182.0,21.0,0.0,0.0,0.0,0.0,0.0,0.0,0.0,0.0,0.0,0.0,0.0,0.0,0.23013681986864457,0.272869746488969,-0.022247058802101816,-0.009140115659189926
182.0,21.5,0.0,0.0,0.0,0.0,0.0,0.0,0.0,0.0,0.0,0.0,0.0,0.0,0.22978984996146637,0.2724872265335649,-0.022423059740113938,-0.009207327180272947
182.0,22.0,0.0,0.0,0.0,0.0,0.0,0.0,0.0,0.0,0.0,0.0,0.0,0.0,0.22945665792802775,0.272119764622891,-0.022593635446809084,-0.009272448155885824
182.0,22.5,0.0,0.0,0.0,0.0,0.0,0.0,0.0,0.0,0.0,0.0,0.0,0.0,0.2291360299454984,0.2717659794737299,-0.022759240695550634,-0.00933566451314452
182.0,23.0,0.0,0.0,0.0,0.0,0.0,0.0,0.0,0.0,0.0,0.0,0.0,0.0,0.22882691140705322,0.2714246787617833,-0.0229202723571095,-0.00939713730888583
182.0,23.5,0.0,0.0,0.0,0.0,0.0,0.0,0.0,0.0,0.0,0.0,0.0,0.0,0.2285283800500148,0.2710948259403295,-0.02307707893486374,-0.0094570070105187
182.0,24.0,0.0,0.0,0.0,0.0,0.0,0.0,0.0,0.0,0.0,0.0,0.0,0.0,0.2282396245340371,0.2707755140473643,-0.023229968205312056,-0.009515396890355665
183.0,0.5,0.0,0.0,0.0,0.0,0.0,0.0,0.0,0.0,0.0,0.0,0.0,0.0,0.22795992719313268,0.2704659448044239,-0.023379213400077356,-0.00957241574566644
183.0,1.0,0.0,0.0,0.0,0.0,0.0,0.0,0.0,0.0,0.0,0.0,0.0,0.0,0.22768865002125785,0.27016541177277137,-0.023525058252395762,-0.009628160099523782
183.0,1.5,0.0,0.0,0.0,0.0,0.0,0.0,0.0,0.0,0.0,0.0,0.0,0.0,0.23006121876437502,0.27250565359300544,-0.02228526690512431,-0.009204075941113693
183.0,2.0,0.0,0.0,0.0,0.0,0.0,0.0,0.0,0.0,0.0,0.0,0.0,0.0,0.23503149288464023,0.27743599612930614,-0.01993137156177991,-0.00838126057581768
183.0,2.5,0.0,0.0,0.0,0.0,0.0,0.0,0.0,0.0,0.0,0.0,0.0,0.0,0.24513050269368764,0.2874740971329814,-0.015999680142302936,-0.0069613246752253865
183.0,3.0,0.0,0.0,0.0,0.0,0.0,0.0,0.0,0.0,0.0,0.0,0.0,0.0,0.2600373144871632,0.3022714967530776,-0.011754645253905432,-0.005356048754945124
183.0,3.5,0.0,0.0,0.0,0.0,0.0,0.0,0.0,0.0,0.0,0.0,0.0,0.0,0.26414562705490946,0.30626603197266655,-0.010830650263742195,-0.005001110740863888
183.0,4.0,0.0,0.0,0.0,0.0,0.0,0.0,0.0,0.0,0.0,0.0,0.0,0.0,0.2630834089355306,0.30510717891547845,-0.011060992792147962,-0.0051011158598937715
183.0,4.5,0.0,0.0,0.0,0.0,0.0,0.0,0.0,0.0,0.0,0.0,0.0,0.0,0.2621463839842928,0.30408227433342194,-0.011269046765615971,-0.005191552642584871
183.0,5.0,0.0,0.0,0.0,0.0,0.0,0.0,0.0,0.0,0.0,0.0,0.0,0.0,0.2613042575677025,0.303156816417493,-0.011460018951769752,-0.0052748598914538255
183.0,5.5,0.0,0.0,0.0,0.0,0.0,0.0,0.0,0.0,0.0,0.0,0.002254675172986573,0.002254675172986573,0.2605368723665121,0.30230831855640655,-0.011637408211140659,-0.005352642441429756
183,6.0,2.8632015843125935,2.888573366612354,0.11111502346742547,0.15692431727669848,16.183244234994152,16.851825883194596,False,False,0.09830099994268014,0.1403396491373557,0.06807881743628867,0.06807881743628867,0.2598298085960982,0.30152098162225344,-0.011803756405728762,-0.005426043550313486
183,6.5,3.692531338247945,3.720740471115442,0.1476841935943908,0.19295154487763777,16.13893647229326,16.697057432813676,False,False,0.12439495892859984,0.16571868042298107,0.11330123029108911,0.11330123029108911,0.2591504901228954,0.3007555359536433,-0.0119662522286043,-0.005498556348044743
183,7.0,10.79246953968419,10.91123452144351,0.4736405896376537,0.6820827725092533,16.004635570061033,16.799506154897237,False,False,0.3440116249430001,0.5326863507660382,0.3870589221426514,0.3870589221426514,0.258503266865292,0.30002168986008043,-0.012123555938783497,-0.005569162213902817
183,7.5,4.033468443996605,4.057761522480878,0.20348583946194396,0.23743295655509758,15.668136592873015,16.070333662133073,False,False,0.11329027346912397,0.1329348238827285,0.10894829449879037,0.10894829449879037,0.2630021950395863,0.3043918048951516,-0.011078843073241345,-0.005164040003314124
183,8.0,3.8010186797038994,3.850476997565598,0.16464763346335481,0.2674217612527289,15.966346212177983,16.920599262602895,False,False,0.11932707555393633,0.1955316818231176,0.08915912101952378,0.08915912101952378,0.27509153271238823,0.31630132294750035,-0.008761089689077866,-0.004226073145556598
183,8.5,7.467964731248627,7.458283727765154,0.3289313156885352,0.2928219422208575,16.0940913400933,16.011497300270857,False,False,0.24689334823421544,0.2410657643965987,0.5226830297428797,0.5226830297428797,0.2739836374476894,0.3150163272034045,-0.00894770064472198,-0.004316885118210951
183,9.0,14.785416154650436,14.845354067610739,0.636370390942041,0.6947193386933485,32.2206725101679,32.79667447603783,False,False,0.49213360845679677,0.5849207753048518,0.750457862658797,0.750457862658797,0.2754681053847006,0.31632552059834046,-0.008698719226720284,-0.004224385028075862
183,9.5,16.869792779038537,16.776962401739212,0.8505188456132843,0.704180859429662,31.7037721460501,31.165516152045043,False,False,0.5067098528771004,0.46316369298285354,1.1543710176389523,1.1543710176389523,0.2743267636329131,0.31499704088631186,-0.00888940352971558,-0.004318265713187022
183,10.0,5.9207286099989975,5.907999788880813,0.32671767739533797,0.30914118010355046,15.48836855444344,15.357789532357133,False,False,0.1563722180417473,0.14966310495413768,0.24130361135005496,0.24130361135005496,0.2835684615018891,0.3382297542304068,-0.007476855498677743,-0.0029778266650645623
183,10.5,8.436829510851334,8.390324663744451,0.39569665682711735,0.3249694354874656,15.958475793955017,15.637528595767092,False,False,0.2640409516656288,0.23575208109193177,0.6009442693599859,0.6009442693599859,0.2932286711433779,0.3495738422279414,-0.006276769828662925,-0.0025065298145947722
183,11.0,16.65120622991701,16.598454465947242,0.8185449524421541,0.7123984956795729,31.779930346780226,31.494449026860345,False,False,0.5074411281546374,0.4862451429313004,1.0469160594049463,1.0469160594049463,0.2914052631183291,0.34630868956017724,-0.006484623530314797,-0.0026324387667896825
183,11.5,17.58110642848508,17.264468638566075,1.0311931776745356,0.7249121930549237,31.053846882547838,29.38568616588517,False,False,0.4703556623188534,0.3618120638907167,1.323867092485491,1.323867092485491,0.28973993921786173,0.34337303035383643,-0.006681658265880944,-0.0027521225088135357
183,12.0,15.315582189626342,14.871402360246577,1.064321392420104,0.7388125498000052,30.01483001613272,27.484050632071458,False,False,0.34879704110286225,0.2490901310692034,0.83993982483124,0.83993982483124,0.2881948800434871,0.34059354563880384,-0.006870873602106397,-0.002871459885395872
183,12.5,15.679726784298552,15.280158170585942,1.0773268348777512,0.7614650876223068,30.09448303421687,27.806915085081812,False,False,0.3612089938851751,0.26441922540384355,0.892400093110017,0.892400093110017,0.28937699865912536,0.3403530580865657,-0.006725541907731261,-0.0028820722078030095
183,13.0,7.519313721204083,7.33788231808913,0.5045436412002041,0.35852648920203856,15.063294075059723,13.869982113689126,False,False,0.17402918989619678,0.1260450854520046,0.4256261441436523,0.4256261441436523,0.3033480709614013,0.35933240370537955,-0.005257513858495745,-0.0021708130591204574
183,13.5,7.169740434219636,7.16454261514633,0.34282469987766934,0.32584000395186974,15.83717499662986,15.790366686157226,False,False,0.21416429752029761,0.2125797651704568,0.37647586871922123,0.37647586871922123,0.30113052219847347,0.35437182360161484,-0.005462889539732179,-0.0023342804461507845
183,14.0,14.930366709038994,14.917254465045183,0.7375592980857547,0.7071472857651627,31.61334706769404,31.579715529732557,False,False,0.4409280645992006,0.44959766554212893,0.7733604146442602,0.7733604146442602,0.30074208505516015,0.35209397836396833,-0.005499840876135807,-0.0024142359369485064
183,14.5,14.721041600551722,14.604701393881186,0.8209758171804934,0.6958596512074199,31.069955632025582,30.239468778849023,False,False,0.3949088429282549,0.351954358716043,0.7578291532258618,0.7578291532258618,0.2989781825242633,0.34704465979315535,-0.005671431044919604,-0.002603412879507121
183,15.0,7.156054332522196,6.780091531276837,0.5364436794771784,0.313235642571552,14.798714385033463,12.623498061583193,False,False,0.1537826338499685,0.0913066712398172,0.4537114032093025,0.4537114032093025,0.29740167085271574,0.3419987588290052,-0.005830214204778641,-0.002810372720434623
183,15.5,6.7582440685482466,6.487134404303444,0.48272649501750287,0.30352874044325534,14.925883887784185,13.174720324054537,False,False,0.150401261657117,0.09664913545089542,0.4321152346595311,0.4321152346595311,0.29604603893692844,0.3370403712812186,-0.005971001364509591,-0.003033119908366741
183,16.0,14.59977476732979,13.56553498499749,1.308140478352553,0.7672437866646916,28.663320910606586,23.624530965066537,False,False,0.2785924430483727,0.16550071098473734,0.8537161592051525,0.8537161592051525,0.2948141225375854,0.3326316620117926,-0.006102465966170807,-0.0032490385740286854
183,16.5,13.821647243333446,12.8950095814007,1.2748674014380137,0.7934939762806024,28.49922995502338,23.809703658192777,False,False,0.25865316448294506,0.16283290181033652,0.7889866491922409,0.7889866491922409,0.2935157744271896,0.32914829977994897,-0.006244770354638767,-0.003432677391721277
183,17.0,11.945381868010372,11.399435963283668,1.0975233559990107,0.7753645163517177,28.482547442148118,24.5576517680688,False,False,0.22310359743790983,0.15839220133096893,0.5335347405212703,0.5335347405212703,0.29230682964449617,0.32617756894987177,-0.006380843831261296,-0.0035991303994174456
183,17.5,10.878410286891242,10.425645903454337,1.0150392972363262,0.7667677599561532,28.392863439654953,24.779299864147802,False,False,0.2010587595392782,0.15255598236871928,0.47049271545647164,0.47049271545647164,0.29121829276895966,0.32358204658330436,-0.006506396837422983,-0.0037524828951273122
183,18.0,9.385242836089947,9.032540520305956,0.8891752893475935,0.7575238970473774,28.2998093648171,25.046614075759763,False,False,0.17160621075786806,0.1467226739538805,0.386935050323626,0.386935050323626,0.29020454146393965,0.3212514093443271,-0.006625979418210333,-0.0038968600195331596
183,18.5,6.91553549154237,6.885161587744472,0.6148798092360976,0.7203271509904755,28.617094024227544,27.1971137273651,False,False,0.13123433421031241,0.15404248481040433,0.20094425953966616,0.20094425953966616,0.28926656938242,0.3191360118673337,-0.0067389621435296,-0.0040336664556241
183,19.0,5.401770446907778,5.383645042147535,0.44699296507004427,0.655018545640348,28.986212833143256,27.792560056957086,False,False,0.10722957144515578,0.15768458868615973,0.16366103994658393,0.16366103994658393,0.2884305577787757,0.3172163618158385,-0.00684160265073951,-0.00416279220676489
183,19.5,2.7043348711393853,2.82189627656187,0.21783645059125342,0.5936838331008046,14.541770342575091,16.961317512926325,False,False,0.05434326608319678,0.14774096069053744,0.043610985460187865,0.043610985460187865,0.2876592308276691,0.31545052325209877,-0.006937957525669684,-0.0042859423016218465
183.0,20.0,0.0,0.0,0.0,0.0,0.0,0.0,0.0,0.0,0.0,0.0,0.0,0.0,0.28696696212357786,0.3138281539229759,-0.007025815943938324,-0.004402930401971335
183.0,20.5,0.0,0.0,0.0,0.0,0.0,0.0,0.0,0.0,0.0,0.0,0.0,0.0,0.28633920104100785,0.31239124820839925,-0.007106635703036787,-0.004509734055225314
183.0,21.0,0.0,0.0,0.0,0.0,0.0,0.0,0.0,0.0,0.0,0.0,0.0,0.0,0.2857397524849032,0.311045590947154,-0.007184846347706976,-0.004612565378833561
183.0,21.5,0.0,0.0,0.0,0.0,0.0,0.0,0.0,0.0,0.0,0.0,0.0,0.0,0.28516613362030335,0.3097805016358707,-0.007260648987381515,-0.0047117973031743435
183.0,22.0,0.0,0.0,0.0,0.0,0.0,0.0,0.0,0.0,0.0,0.0,0.0,0.0,0.2846161851796639,0.30858708136269525,-0.007334219958524311,-0.004807747425679513
183.0,22.5,0.0,0.0,0.0,0.0,0.0,0.0,0.0,0.0,0.0,0.0,0.0,0.0,0.284088015758355,0.30745782855945675,-0.007405715001238967,-0.0049006894569628475
183.0,23.0,0.0,0.0,0.0,0.0,0.0,0.0,0.0,0.0,0.0,0.0,0.0,0.0,0.28357995792713026,0.30638635688645216,-0.007475272553311524,-0.0049908615559488235
183.0,23.5,0.0,0.0,0.0,0.0,0.0,0.0,0.0,0.0,0.0,0.0,0.0,0.0,0.2830905332135389,0.3053671828082107,-0.007543016382571482,-0.005078472609032558
183.0,24.0,0.0,0.0,0.0,0.0,0.0,0.0,0.0,0.0,0.0,0.0,0.0,0.0,0.28261842384093927,0.3043955624089357,-0.007609057715432433,-0.005163707085242255
184.0,0.5,0.0,0.0,0.0,0.0,0.0,0.0,0.0,0.0,0.0,0.0,0.0,0.0,0.28216244968677506,0.30346736396520546,-0.007673496976415218,-0.005246728867590512
184.0,1.0,0.0,0.0,0.0,0.0,0.0,0.0,0.0,0.0,0.0,0.0,0.0,0.0,0.2817215493217226,0.30257896706436366,-0.007736425223471846,-0.005327684326158097
184.0,1.5,0.0,0.0,0.0,0.0,0.0,0.0,0.0,0.0,0.0,0.0,0.0,0.0,0.28129476427533395,0.30172718179111335,-0.0077979253426822175,-0.005406704816079145
184.0,2.0,0.0,0.0,0.0,0.0,0.0,0.0,0.0,0.0,0.0,0.0,0.0,0.0,0.28088122587866954,0.3009091833189236,-0.007858073050601912,-0.005483908730872629
184.0,2.5,0.0,0.0,0.0,0.0,0.0,0.0,0.0,0.0,0.0,0.0,0.0,0.0,0.2804801441843373,0.3001224584825677,-0.007916937741368067,-0.005559403206485823
184.0,3.0,0.0,0.0,0.0,0.0,0.0,0.0,0.0,0.0,0.0,0.0,0.0,0.0,0.2800907985755153,0.29936476177632443,-0.007974583207401393,-0.005633285547295705
184.0,3.5,0.0,0.0,0.0,0.0,0.0,0.0,0.0,0.0,0.0,0.0,0.0,0.0,0.28233416194289856,0.3012134414916581,-0.0076491541869046515,-0.005455039929953229
184.0,4.0,0.0,0.0,0.0,0.0,0.0,0.0,0.0,0.0,0.0,0.0,0.0,0.0,0.28689658923982997,0.3106413171117785,-0.007034821249999614,-0.004644002961356719
184.0,4.5,0.0,0.0,0.0,0.0,0.0,0.0,0.0,0.0,0.0,0.0,0.0,0.0,0.29598892281478045,0.32196264506759437,-0.005977021471288683,-0.003852109901323376
184.0,5.0,0.0,0.0,0.0,0.0,0.0,0.0,0.0,0.0,0.0,0.0,0.0,0.0,0.2970198809959578,0.32270325645502373,-0.005869460519615769,-0.003806160675552928
184.0,5.5,0.0,0.0,0.0,0.0,0.0,0.0,0.0,0.0,0.0,0.0,0.0,0.0,0.3054792788360189,0.33315292097838384,-0.005068747333087652,-0.003222576312078753
184,6.0,2.4756643239997325,2.5052991574367462,0.08457074759422475,0.1614763180894523,16.391222969014322,17.374419974045747,False,False,0.09337859983136092,0.17987916085611302,0.03771708252770294,0.03771708252770294,0.3041906018677785,0.33084573243769516,-0.005181904124523817,-0.0033416875728082816
184.0,6.5,0.0,0.0,0.0,0.0,0.0,0.0,0.0,0.0,0.0,0.0,0.0,0.0,0.31725165589264004,0.34744135096688217,-0.004160374088832639,-0.002587925997121795
184,7.0,2.804472190954723,2.847695291368628,0.09442913960112592,0.23473270286357964,16.40564771554583,17.629831279492098,False,False,0.10650933322822084,0.2681115979019675,0.04171777301484247,0.04171777301484247,0.31678559861292954,0.34640885119124315,-0.004192440631523987,-0.0026284659148209763
184,7.5,3.768849248870139,3.810288305221929,0.13490050147868757,0.22048935159685626,16.315202622176418,17.1443815160442,False,False,0.13720939983075536,0.22782765487184847,0.09427534713963981,0.09427534713963981,0.32177394808314075,0.3522472862512427,-0.003863922550538339,-0.0024087532392681227
184,8.0,3.9913628995888235,4.039152252210772,0.14566048570780935,0.2492185497906725,16.280452669434002,17.180521706493725,False,False,0.14303524692990066,0.24878868385180775,0.10377999776927165,0.10377999776927165,0.3261951590139886,0.3580357462786971,-0.0035981168734680134,-0.0022121881682053506
184,8.5,6.884830570041407,6.912086843702268,0.2668620114747934,0.28770958946753467,16.274734961961723,16.53485232611138,False,False,0.2460921604322698,0.28590049248871274,0.37607325407110326,0.37607325407110326,0.32846191355005366,0.3611470278806189,-0.0034703069903114676,-0.002114447344164462
184,9.0,15.178150556435517,15.204322671843787,0.6641994410012474,0.6699737339546256,32.11580349764783,32.36377785369243,False,False,0.494358482283744,0.537258324466659,0.7870883524200256,0.7870883524200256,0.32609485826843665,0.3562017868346591,-0.0036039006877783015,-0.002272324096883451
184,9.5,16.341883783378357,16.163804385616185,0.9150473639400372,0.7326195691787019,31.081148447818723,29.998099036846103,False,False,0.4392188107349311,0.37163263269402036,0.9829630186648172,0.9829630186648172,0.32400044167037884,0.3511554560037893,-0.0037272438771924145,-0.0024481260149432733
184,10.0,17.227156367556915,16.567731484684636,1.1648114298617647,0.7373150987656052,30.23145901829405,27.147643998424037,False,False,0.404887896607654,0.2698629427052875,1.219710206490382,1.219710206490382,0.3220934276373612,0.3460761811848795,-0.0038439480029451014,-0.002641688688350912
184,10.5,6.80915146035011,6.784527013901364,0.37526404012232295,0.34499751969638626,15.4932212468453,15.279673144976632,False,False,0.1801265733614143,0.16900349615041185,0.3241769432453165,0.3241769432453165,0.3478617506638392,0.3561319188972153,-0.002571633177070706,-0.0022746533356874767
184,11.0,7.767524836839486,7.800237852691535,0.33178904554545413,0.35586250118531176,16.100911866447234,16.370180651571186,False,False,0.2575269679110334,0.30028834857355546,0.4426451330435298,0.4426451330435298,0.35082072955533905,0.35850696962242995,-0.002460349928744841,-0.0021970440891434947
184,11.5,8.140831324428794,8.149665639312467,0.3491215744943928,0.3350667268584248,16.12067898805539,16.18419826528156,False,False,0.2721460173969472,0.2872423400540074,0.502745058947004,0.502745058947004,0.36825940492579545,0.374672126290963,-0.0019096837915042843,-0.0017450340805820412
184,12.0,8.734842182009285,8.6867313484156,0.39490757446342095,0.31841476016596026,16.059567801169067,15.740682227851154,False,False,0.28469155407890373,0.25617391220648544,0.6345419670058287,0.6345419670058287,0.3793442189306668,0.3792652753961204,-0.0016356665976994004,-0.0016374455158236424
184,12.5,6.908059562968277,6.93695417355028,0.295642967424591,0.325777481974479,16.037215418923026,16.31075846391128,False,False,0.2231083959054367,0.2571671298709153,0.3343708761324402,0.3343708761324402,0.37561874523122757,0.374895376917904,-0.001722187673174585,-0.0017396136061318577
184,13.0,8.70888418106846,8.690494553839846,0.3931768132667051,0.33707928847974084,16.08814623021305,15.96075674709239,False,False,0.28720884383812795,0.27930062969067027,0.6626517906996553,0.6626517906996553,0.3673462113141479,0.3632718737579597,-0.0019346082172555924,-0.002050646481527463
184,13.5,17.925146258693687,17.7883907887445,0.8912309873091762,0.6834359616849991,31.946920932577733,31.26586198579367,False,False,0.5643166660892543,0.5048596476815351,1.4525196450959326,1.4525196450959326,0.35852583873116944,0.35752112695366156,-0.002196440254165722,-0.002228869210219975
184,14.0,17.08681428950785,16.740938161498335,1.0534491267624098,0.7643416799564262,30.695315878174682,28.91419665971046,False,False,0.43113574244039876,0.33395760781037687,1.1785806130814955,1.1785806130814955,0.35333601905424683,0.3523882828293021,-0.0023702411304516295,-0.0024037239181522916
184,14.5,6.168855873095418,6.133180123909205,0.34268179199571436,0.30439363121584245,15.468481033180558,15.135582905934521,False,False,0.16185666919610206,0.14623646249718117,0.27367379165255085,0.27367379165255085,0.37077993101831275,0.37139980281164126,-0.0018428492836847332,-0.001826842042390998
184,15.0,5.804728076539359,5.816228180446625,0.26533478625954654,0.275162419264954,15.89072023477563,16.01644227567058,False,False,0.17694874996652493,0.18961884467905155,0.2461711648821951,0.2461711648821951,0.3818578976368624,0.37354646930047825,-0.0015802085840388599,-0.0017726732825600856
184,15.5,14.432729760852531,14.444118221304137,0.677560032895426,0.6741541978351023,31.81482580247349,31.904467637795364,False,False,0.4427936565050443,0.47315495702713506,0.7168593766734755,0.7168593766734755,0.36989005630490285,0.36926056982781413,-0.0018661220997465396,-0.0018827966277149585
184,16.0,5.957021507005798,5.935705984206351,0.2855998772256674,0.25581355804802186,15.826221400390642,15.613462771941174,False,False,0.17721072017148126,0.1658560262375503,0.325350521797825,0.325350521797825,0.35926673277384985,0.36906824912674707,-0.002172886267883083,-0.001887926392046219
184,16.5,11.80774959173622,11.887681510377483,0.5376597134302938,0.6585357575805949,31.84084452146703,32.61783544167077,False,False,0.36408667045622434,0.47042834224680197,0.48650908282571403,0.48650908282571403,0.35394929512647644,0.36246234570602576,-0.0023488705851171386,-0.002074679296630513
184,17.0,4.509012235196106,4.480232079469818,0.22792330946002326,0.1964660086015052,15.690279296441316,15.32335981579074,False,False,0.1276452111613497,0.11305118470788612,0.2253179081097748,0.2253179081097748,0.3489581290941088,0.35737263166337496,-0.002529714048591288,-0.002233710419030397
184,17.5,8.336621571540817,8.4474193854677,0.42472359027314827,0.636309398724223,31.27673131500783,32.76027806052795,False,False,0.23171930183680012,0.3544775551305246,0.2714997461300545,0.2714997461300545,0.35093944726512794,0.3584709181192801,-0.002456006158572139,-0.0021981983321867496
184,18.0,6.299329724964842,6.4462394222081185,0.330044030354896,0.7209783929740936,15.544314491961279,17.086007463574465,False,False,0.16952056223788306,0.37807625578565096,0.16468510805411787,0.16468510805411787,0.34866237841635883,0.35568303289405345,-0.002540941126337731,-0.00228968621657017
184,18.5,3.7251196890662763,3.8364176985473466,0.20290782785998823,0.5896320539809998,15.460106267917569,17.395883820060316,False,False,0.09746935487363914,0.28753464026087794,0.10413576325075401,0.10413576325075401,0.3437386803552233,0.35070951697749303,-0.002736867011155561,-0.0024644273993291973
184,19.0,2.467472534631953,2.5645157671764087,0.13909296123876125,0.6481855508520536,15.365193922266759,17.772011476949885,False,False,0.06260772247488652,0.2950189985031636,0.027120187862855815,0.027120187862855815,0.33883889958648944,0.34576045486276263,-0.0029499734375231716,-0.002654311358938889
184.0,19.5,0.0,0.0,0.0,0.0,0.0,0.0,0.0,0.0,0.0,0.0,0.0,0.0,0.3339570652334976,0.34081374542215437,-0.0031822549205628675,-0.00286178363876329
184.0,20.0,0.0,0.0,0.0,0.0,0.0,0.0,0.0,0.0,0.0,0.0,0.0,0.0,0.3290964118853583,0.3359530920740151,-0.0034355049872874834,-0.003084739747214487
184.0,20.5,0.0,0.0,0.0,0.0,0.0,0.0,0.0,0.0,0.0,0.0,0.0,0.0,0.3246069106053374,0.3310924387258758,-0.0036910177141776146,-0.003328703516539392
184.0,21.0,0.0,0.0,0.0,0.0,0.0,0.0,0.0,0.0,0.0,0.0,0.0,0.0,0.3217543101239297,0.32678090307535373,-0.0038651543873683275,-0.0035645601331917675
184.0,21.5,0.0,0.0,0.0,0.0,0.0,0.0,0.0,0.0,0.0,0.0,0.0,0.0,0.31946965769537145,0.3239240167971469,-0.004011713385244816,-0.0037318389516787934
184.0,22.0,0.0,0.0,0.0,0.0,0.0,0.0,0.0,0.0,0.0,0.0,0.0,0.0,0.3175073717993893,0.3216056440992419,-0.0041429040185958985,-0.0038744950054362126
184.0,22.5,0.0,0.0,0.0,0.0,0.0,0.0,0.0,0.0,0.0,0.0,0.0,0.0,0.315763057691624,0.3195990393018752,-0.0042638331463911395,-0.004003238719150535
184.0,23.0,0.0,0.0,0.0,0.0,0.0,0.0,0.0,0.0,0.0,0.0,0.0,0.0,0.31418082088335236,0.31780614272536956,-0.004377179378354426,-0.004122603098192463
184.0,23.5,0.0,0.0,0.0,0.0,0.0,0.0,0.0,0.0,0.0,0.0,0.0,0.0,0.31272642417135155,0.3161739333225324,-0.004484547238179593,-0.004234973581620989
184.0,24.0,0.0,0.0,0.0,0.0,0.0,0.0,0.0,0.0,0.0,0.0,0.0,0.0,0.3113769173356521,0.31466966464176127,-0.004586989339419894,-0.004341781118627603
185.0,0.5,0.0,0.0,0.0,0.0,0.0,0.0,0.0,0.0,0.0,0.0,0.0,0.0,0.3101158903050557,0.3132712065248668,-0.004685244148028016,-0.0044439661729631765
185.0,1.0,0.0,0.0,0.0,0.0,0.0,0.0,0.0,0.0,0.0,0.0,0.0,0.0,0.30893103271862554,0.31196260475785764,-0.004779857132238189,-0.004542190530667485
185.0,1.5,0.0,0.0,0.0,0.0,0.0,0.0,0.0,0.0,0.0,0.0,0.0,0.0,0.3078127657733911,0.3107317932989758,-0.0048712478433512564,-0.004636945135726183
185.0,2.0,0.0,0.0,0.0,0.0,0.0,0.0,0.0,0.0,0.0,0.0,0.0,0.0,0.306753421223913,0.30956930986072156,-0.004959749556936741,-0.004728609640317682
185.0,2.5,0.0,0.0,0.0,0.0,0.0,0.0,0.0,0.0,0.0,0.0,0.0,0.0,0.30574672071624237,0.30846752389589593,-0.005045633976591444,-0.004817487474353628
185.0,3.0,0.0,0.0,0.0,0.0,0.0,0.0,0.0,0.0,0.0,0.0,0.0,0.0,0.3047874300792731,0.3074201458686917,-0.005129127330915851,-0.004903827623516212
185.0,3.5,0.0,0.0,0.0,0.0,0.0,0.0,0.0,0.0,0.0,0.0,0.0,0.0,0.3038711207382532,0.30642190039123063,-0.005210421270476452,-0.00498783877668102
185.0,4.0,0.0,0.0,0.0,0.0,0.0,0.0,0.0,0.0,0.0,0.0,0.0,0.0,0.3029939995608469,0.30546829973511963,-0.005289680492995724,-0.005069698881863835
185.0,4.5,0.0,0.0,0.0,0.0,0.0,0.0,0.0,0.0,0.0,0.0,0.0,0.0,0.30215278405235246,0.30455548153749623,-0.005367048236016153,-0.005149561825034225
185.0,5.0,0.0,0.0,0.0,0.0,0.0,0.0,0.0,0.0,0.0,0.0,0.0,0.0,0.3013446085784063,0.30368008913010064,-0.005442650335635456,-0.0052275622406136564
185.0,5.5,0.0,0.0,0.0,0.0,0.0,0.0,0.0,0.0,0.0,0.0,0.007856181902969684,0.007856181902969684,0.30056695241888587,0.30283918111099767,-0.005516598293956996,-0.005303819069629734
185,6.0,2.215278047291797,2.241758658572534,0.09132396342496812,0.1510236108652919,16.033929009020696,16.96614564699146,False,False,0.07145110160880362,0.11831140711949661,0.018065594608585697,0.018065594608585697,0.2998165824301589,0.3020291604285959,-0.005589089113899091,-0.005378531364917733
185,6.5,3.2803206040177897,3.3141432420465398,0.13245160898358668,0.20190987170520505,16.084758479614642,16.883533008931767,False,False,0.10802940614230808,0.166856610306996,0.07390777542536518,0.07390777542536518,0.29907957316962175,0.30122817658405826,-0.0056613966829195984,-0.005453646429300252
185,7.0,4.405870943961856,4.439651570322584,0.17722434723037697,0.23431611957881768,16.11463786933377,16.686669441708613,False,False,0.14691418021213323,0.20052016235723882,0.14627048628288658,0.14627048628288658,0.2983547265156245,0.30044111688408676,-0.005733600713763298,-0.0055286763259026145
185,7.5,3.5612349239272447,3.5919456380418486,0.1619941627340375,0.21781250885988263,15.839373888844586,16.47283116171225,False,False,0.1064640633558522,0.14379982093687116,0.07079784225611944,0.07079784225611944,0.297637872056556,0.2996663841760875,-0.005806090301208026,-0.005603735292123972
185,8.0,3.956153981741126,4.007161103515403,0.16385315540238068,0.2834626302103582,16.02410818067686,17.023512082039893,False,False,0.12709480112212726,0.22333649191782928,0.09073135786798583,0.09073135786798583,0.2995424198680151,0.3015100901065063,-0.0056158577935676995,-0.0054270673139460894
185,8.5,5.615256169417273,5.655241890052705,0.22067023668814736,0.2849093878833456,16.17517939261406,16.706415441696578,False,False,0.19211726385040354,0.26162181927257433,0.20953371549450095,0.20953371549450095,0.2988002936969007,0.3007023606487717,-0.005689087480825821,-0.005503636548029585
185,9.0,4.250093634764346,4.309998636409185,0.17220070721523772,0.316903269017961,16.062904734192138,17.129789193919088,False,False,0.13871143238436726,0.26054620324666644,0.10988154413426748,0.10988154413426748,0.29806169929526855,0.29990816854528857,-0.005763101089304525,-0.005580180724640372
185,9.5,6.971711062015639,6.962290175425128,0.3279533283689517,0.3107073730605172,15.843044741853236,15.753479778282717,False,False,0.20870910925679192,0.20606342005853637,0.34158256815488114,0.34158256815488114,0.2973657600568521,0.2991489923699677,-0.00583389232687167,-0.005654538648006783
185,10.0,7.205199097224791,7.130160762296249,0.4349178554611883,0.3605182973068283,15.281222071406713,14.685853066273229,False,False,0.17804969607263552,0.15063880807824412,0.3642014672626719,0.3642014672626719,0.2966423870714646,0.29838536123979265,-0.005908575099586573,-0.00573052697756635
185,10.5,6.111153425775762,6.080071602257736,0.3932804256537142,0.36142899757690267,15.101746560442841,14.79998007168606,False,False,0.14303874351064827,0.1323290083336278,0.2378167969878234,0.2378167969878234,0.29592284003675945,0.29763495442857485,-0.005983995700456673,-0.005806387560598292
185,11.0,5.6688518637939165,5.68071923044753,0.3348387161049374,0.35305449623311097,15.292687271644532,15.425253254626963,False,False,0.14058534950233675,0.1493686790728231,0.20247718847213853,0.20247718847213853,0.29524363729912917,0.2969213952951065,-0.0060562421484860835,-0.005879635435891843
185,11.5,7.204532751184012,7.0793429454248615,0.46455673327136077,0.35510818749886947,15.117233329150515,14.16817573417353,False,False,0.16940258851868206,0.13130718591804472,0.3541282358522599,0.3541282358522599,0.2945940740073994,0.2962328595822966,-0.006126310102123793,-0.005951360646497788
185,12.0,7.6472573580525305,7.495531718503925,0.4889921445653711,0.36133594495630955,15.147040036467505,14.095396156723801,False,False,0.18141099436018984,0.13655704810653602,0.41642213583904203,0.41642213583904203,0.2939252358203304,0.2955429431256382,-0.0061994689124105044,-0.006024277787575458
185,12.5,4.580560771139783,4.620612546697484,0.2541266677664346,0.3196481168284273,15.41818849833522,15.986344992403383,False,False,0.11822214671829509,0.14911180552925102,0.13194011568988032,0.13194011568988032,0.2932609336796755,0.29486138797417255,-0.0062731642377861245,-0.006097358788386972
185,13.0,7.302978027720526,7.287955482170966,0.37063689486448487,0.3470700450264678,15.686907124422206,15.558290590683887,False,False,0.20649150474971947,0.2020916515389574,0.37394467166071255,0.37394467166071255,0.2926775074769872,0.29423749082167516,-0.006338749762031107,-0.0061651850593116685
185,13.5,5.083960528806042,5.12871397750389,0.25044537272025186,0.32384297691838354,15.686907133917124,16.280962819028385,False,False,0.14374884542943242,0.18815688044118728,0.166342556430259,0.166342556430259,0.2920622792812528,0.2935944500004205,-0.006408797291859981,-0.006236035420092959
185,14.0,6.357803148322495,6.346459315249637,0.34013575764692106,0.32623996630010543,15.538706974760393,15.427935502687514,False,False,0.17077014948066235,0.167031590187008,0.27377661742905396,0.27377661742905396,0.2915019711746339,0.2929951947565083,-0.006473395629984852,-0.006302936362023027
185,14.5,5.684610999618976,5.696292137197578,0.2801437137282314,0.295818679238624,15.703830871812855,15.841989569724184,False,False,0.1617050487421496,0.17336894646152104,0.21066658598503774,0.21066658598503774,0.2909290190890978,0.2923955663643664,-0.006540255593885938,-0.00637073666864647
185,15.0,13.668034560656242,13.641448653340877,0.7391413083810078,0.7136255651403344,31.08239415782647,30.85743981596699,False,False,0.36743142322999306,0.3660772318150483,0.6028494281774309,0.6028494281774309,0.29038361404634755,0.29182079557259627,-0.006604666719599386,-0.0064365435074973465
185,15.5,15.395514904820809,14.908813417254553,1.063028351907923,0.738272338503793,29.985471700187954,27.16389139145324,False,False,0.34914996901803896,0.24931372907982635,0.8875637488656319,0.8875637488656319,0.289741033424193,0.2911551153214219,-0.006681526480619715,-0.006513773739098093
185,16.0,2.5785321962558627,2.616230541409267,0.15879751900829595,0.227114021355766,15.18921316031316,16.11737190438504,False,False,0.061948043764041345,0.08827529123442045,0.01588119729519599,0.01588119729519599,0.29164319458075805,0.29307019171692666,-0.0064570410348760605,-0.006294517040126108
185,16.5,3.952261796370428,3.9646834312533916,0.19666679643339707,0.2146048471177596,15.67481831690454,15.888484510612091,False,False,0.11127192096125467,0.12227195057850185,0.11154840891638353,0.11154840891638353,0.2911139983036762,0.29250513567605724,-0.006518580112684891,-0.006358282967490217
185.0,17.0,0.0,0.0,0.0,0.0,0.0,0.0,0.0,0.0,0.0,0.0,0.0,0.0,0.2905814637726157,0.2919443583185118,-0.006581214121667006,-0.00642232844050269
185.0,17.5,0.0,0.0,0.0,0.0,0.0,0.0,0.0,0.0,0.0,0.0,0.0,0.0,0.2901010332338419,0.29143906749198895,-0.006638336038094251,-0.006480696173494901
185.0,18.0,0.0,0.0,0.0,0.0,0.0,0.0,0.0,0.0,0.0,0.0,0.0,0.0,0.28963267039317325,0.2909468548211601,-0.006694592677156457,-0.006538161902777515
185.0,18.5,0.0,0.0,0.0,0.0,0.0,0.0,0.0,0.0,0.0,0.0,0.0,0.0,0.2891756936343509,0.29046696400351596,-0.0067500300178018665,-0.006594774511367365
185.0,19.0,0.0,0.0,0.0,0.0,0.0,0.0,0.0,0.0,0.0,0.0,0.0,0.0,0.29134279161388094,0.292609338080823,-0.006491888869611021,-0.00634646617252178
185.0,19.5,0.0,0.0,0.0,0.0,0.0,0.0,0.0,0.0,0.0,0.0,0.0,0.0,0.2908520122235222,0.29209499962492175,-0.006549304408635323,-0.0064050487326137075
185.0,20.0,0.0,0.0,0.0,0.0,0.0,0.0,0.0,0.0,0.0,0.0,0.0,0.0,0.292984170244967,0.29420192786627647,-0.006304175128522673,-0.006169078253937873
185.0,20.5,0.0,0.0,0.0,0.0,0.0,0.0,0.0,0.0,0.0,0.0,0.0,0.0,0.29246149907073227,0.2936553767033334,-0.006363239246512985,-0.006229281049685457
185.0,21.0,0.0,0.0,0.0,0.0,0.0,0.0,0.0,0.0,0.0,0.0,0.0,0.0,0.2919548556116174,0.29312604439062306,-0.0064211225219128745,-0.006288255602142995
185.0,21.5,0.0,0.0,0.0,0.0,0.0,0.0,0.0,0.0,0.0,0.0,0.0,0.0,0.2966707511709106,0.297814805137909,-0.00590562534295307,-0.005788097507107679
185.0,22.0,0.0,0.0,0.0,0.0,0.0,0.0,0.0,0.0,0.0,0.0,0.0,0.0,0.29606800064865957,0.29718677007177235,-0.005968688497321526,-0.005852266456020154
185.0,22.5,0.0,0.0,0.0,0.0,0.0,0.0,0.0,0.0,0.0,0.0,0.0,0.0,0.29548835578775784,0.2965833953787444,-0.006030092426538999,-0.005914715631570283
185.0,23.0,0.0,0.0,0.0,0.0,0.0,0.0,0.0,0.0,0.0,0.0,0.0,0.0,0.29492944865110604,0.29600208460298433,-0.0060900135634644895,-0.0059756335622689625
185.0,23.5,0.0,0.0,0.0,0.0,0.0,0.0,0.0,0.0,0.0,0.0,0.0,0.0,0.294389296292645,0.2954406753475501,-0.006148599293899433,-0.006035176815289789
185.0,24.0,0.0,0.0,0.0,0.0,0.0,0.0,0.0,0.0,0.0,0.0,0.0,0.0,0.293866220905095,0.29489734691823966,-0.006205973916556265,-0.006093476723127143
186.0,0.5,0.0,0.0,0.0,0.0,0.0,0.0,0.0,0.0,0.0,0.0,0.0,0.0,0.29335878958758754,0.2943705512021522,-0.006262243158417181,-0.006150644441173485
186.0,1.0,0.0,0.0,0.0,0.0,0.0,0.0,0.0,0.0,0.0,0.0,0.0,0.0,0.2928657682196628,0.29385896010264784,-0.006317497646964032,-0.006206774810688595
186.0,1.5,0.0,0.0,0.0,0.0,0.0,0.0,0.0,0.0,0.0,0.0,0.0,0.0,0.2949953227899716,0.295968502701894,-0.006082914351437932,-0.005979175530067378
186.0,2.0,0.0,0.0,0.0,0.0,0.0,0.0,0.0,0.0,0.0,0.0,0.0,0.0,0.29446991619112173,0.29542402789886785,-0.00613981264466404,-0.006036953213657803
186.0,2.5,0.0,0.0,0.0,0.0,0.0,0.0,0.0,0.0,0.0,0.0,0.0,0.0,0.293960352873581,0.2948962278044333,-0.006195601939957307,-0.006093597496306385
186.0,3.0,0.0,0.0,0.0,0.0,0.0,0.0,0.0,0.0,0.0,0.0,0.0,0.0,0.2934653433400982,0.29438372173132693,-0.006250377120023818,-0.006149207411098107
186.0,3.5,0.0,0.0,0.0,0.0,0.0,0.0,0.0,0.0,0.0,0.0,0.0,0.0,0.29298377186586266,0.2938853191931848,-0.006304219897722002,-0.006203867890538798
186.0,4.0,0.0,0.0,0.0,0.0,0.0,0.0,0.0,0.0,0.0,0.0,0.0,0.0,0.2925146663048127,0.29339998617466667,-0.006357201083462642,-0.006257652244465027
186.0,4.5,0.0,0.0,0.0,0.0,0.0,0.0,0.0,0.0,0.0,0.0,0.0,0.0,0.29205717412176224,0.2929268184805101,-0.006409382392839938,-0.006310624126995617
186.0,5.0,0.0,0.0,0.0,0.0,0.0,0.0,0.0,0.0,0.0,0.0,0.0,0.0,0.29161054317581614,0.2924650204598499,-0.006460817901900516,-0.006362839113738935
186.0,5.5,0.0,0.0,0.0,0.0,0.0,0.0,0.0,0.0,0.0,0.0,0.0,0.0,0.2911741061731579,0.2920138878627929,-0.006511555229140412,-0.006414345978024182
186.0,6.0,0.0,0.0,0.0,0.0,0.0,0.0,0.0,0.0,0.0,0.0,0.0,0.0,0.29074726798446615,0.29157279390937885,-0.006561636503267524,-0.006465187732094241
186,6.5,2.325819654808753,2.3607535320171493,0.11533322874611605,0.19755007367058394,15.656170428612457,16.77930405451458,False,False,0.0650517117826417,0.1112930849151676,0.010001176432433095,0.010001176432433095,0.29032949522088214,0.29114117788134164,-0.006611099161350786,-0.006515402482877046
186,7.0,3.287645492967593,3.3241931413082044,0.15307602424768094,0.22738563807657317,15.792330752178177,16.625141687613684,False,False,0.09657742704971266,0.14418256313677327,0.05845319447567245,0.05845319447567245,0.2899043358942488,0.2906920868792946,-0.006661893146772237,-0.006568144393833776
186,7.5,4.221816519293041,4.252235054566372,0.18725936529786494,0.239663860244502,15.90056477706612,16.433190177162246,False,False,0.12918337286471993,0.16754932387815155,0.11196155934244909,0.11196155934244909,0.289476343323764,0.29024153811077663,-0.006713495962202354,-0.0066215694767591685
186,8.0,5.673473923000838,5.6850939716809945,0.25449374464671054,0.2676237793923106,15.91428808293077,16.05490301043308,False,False,0.17452401331548575,0.18952128997070197,0.2264748268853913,0.2264748268853913,0.2890449323151372,0.289790711711708,-0.006765993634400666,-0.0066755465315598735
186,8.5,5.605173009117761,5.635424062202526,0.23128830297990854,0.2766085751358875,16.06792260656035,16.46247887015576,False,False,0.183314955042394,0.22651096360553133,0.20541386691932667,0.20541386691932667,0.2885977574952813,0.28932945932198484,-0.006820926674431126,-0.006731315355477958
186,9.0,6.581309407668135,6.624897318557407,0.2584264782076676,0.320145439856761,16.200403108544126,16.67672287522223,False,False,0.22763910116822839,0.30042339555613085,0.29820676584785855,0.29820676584785855,0.28816329153806103,0.2888771320019364,-0.006874808194283915,-0.006786544998382991
186,9.5,7.2799887480623084,7.30197615759668,0.2888291461181768,0.30497958199336844,16.212249425573063,16.415564764095464,False,False,0.2531094158583985,0.2885446570848574,0.38068535905304196,0.38068535905304196,0.2903427085762881,0.29103544907072487,-0.00660952796319708,-0.0065277738771646375
186,10.0,7.559993890670377,7.574047600028684,0.3283358099176581,0.3327656520334833,16.035571434681586,16.15373867170692,False,False,0.24400092733841658,0.26505734366808276,0.4109224333161826,0.4109224333161826,0.28984480183625033,0.29052268935317194,-0.006669042764166567,-0.006588170715458764
186,10.5,7.772499613768301,7.742662987194812,0.3895609563162385,0.3492291616993663,15.72503699410973,15.490674862592606,False,False,0.22278696519213423,0.20969314656997803,0.436609980369906,0.436609980369906,0.28934682864283817,0.2900117650279019,-0.0067292052419073425,-0.006649014765417101
186,11.0,7.591584348870634,7.5097445662073055,0.4331824726556606,0.3537327128074092,15.41177517031205,14.792251884677677,False,False,0.19552836876497848,0.16421982166239857,0.4025830848079293,0.4025830848079293,0.2888461114942117,0.2895041817593917,-0.006790352380025876,-0.006710125050548394
186,11.5,15.405155753861802,15.007684833294226,1.0480971434813344,0.7237519027949678,15.039021084418678,13.718791513672667,False,False,0.3540408765510594,0.25630917607051673,0.7466450805989383,0.7466450805989383,0.28835206247432116,0.2890086087792976,-0.006851335161761083,-0.006770436068508854
186,12.0,17.815097467107563,16.518060978589894,1.4465152502684544,0.7974640479749644,29.269825484214035,24.40736453968954,False,False,0.36661916618893564,0.21156261933216913,1.3886265198644667,1.3886265198644667,0.28774330090275135,0.28842986759234374,-0.0069273772551488345,-0.006841688154074575
186,12.5,17.73217636020772,15.577313615528466,1.7343306526608242,0.8431166619037391,28.204869910963424,21.39563468430077,False,False,0.3207273790515033,0.16004655754630165,1.4094824757545916,1.4094824757545916,0.28700908967613525,0.28776737346783193,-0.007020431639825426,-0.006924351249205661
186,13.0,17.813283225312276,14.661298661190639,1.9517035950213868,0.8365792395210871,27.573911817670925,19.185193658746194,False,False,0.30062752073537535,0.13196491765661955,1.5807667401173762,1.5807667401173762,0.28624234632997025,0.28710350921523015,-0.0071192034669484636,-0.007008381767072758
186,13.5,15.842624605420799,14.030236553782874,1.628191198806131,0.8230577088983901,27.83678338374441,20.919364388361743,False,False,0.27503973335562526,0.140292289543675,0.9035022804302121,0.9035022804302121,0.28543257819850926,0.28642544188921054,-0.007225320936559544,-0.007095467424921392
186,14.0,16.806406682641967,14.358850458122918,1.8033220993232826,0.8411249607022535,27.629395236789975,19.92056049617593,False,False,0.2853142796929371,0.1349649764819414,1.1466352058723348,1.1466352058723348,0.2847565705203451,0.2858419072555636,-0.0073153553972744026,-0.007171445898306046
186,14.5,16.29084766030376,14.264586324903238,1.6687884100729562,0.8259334332800508,27.874504730811843,20.775256883428497,False,False,0.28399029470571513,0.14226587140885938,1.0286364046592293,1.0286364046592293,0.28403323958109045,0.2852313278193897,-0.0074131771381023195,-0.007251985865686222
186,15.0,13.736534017998787,12.615950016684547,1.4032284184069934,0.8149346529687757,27.832161807933247,22.18591699219523,False,False,0.23835621786837316,0.13889320071121158,0.6467510294110983,0.6467510294110983,0.2833478357183247,0.2846437198353667,-0.007507311028865687,-0.007330515368944006
186,15.5,13.011944726461675,12.152792000324215,1.280204281590452,0.7895580776768203,28.033990331285665,23.071023586555285,False,False,0.23086562125222754,0.14283613693045746,0.5779496231625363,0.5779496231625363,0.28275047065565156,0.2841119535525628,-0.0075905171029456734,-0.007402456775379056
186,16.0,11.298843491904904,10.878007216353655,1.0444725826987564,0.7607165040060587,28.362928865939473,25.110156409386647,False,False,0.20810559418367952,0.15189646088397568,0.43847849531910754,0.43847849531910754,0.2821828863348321,0.2835977574073579,-0.0076705949407972086,-0.007472822526507869
186,16.5,5.398933353751886,5.0182800159272025,0.45790070889805656,0.25712210937004326,14.425511973337873,11.745181399193305,False,False,0.10539528520411687,0.059541122097438934,0.28804357789724866,0.28804357789724866,0.2816682680734996,0.2831103867933392,-0.007744071448581204,-0.00754025414774087
186,17.0,4.580047361264924,4.276886741891352,0.3863214803055298,0.2200564406715019,14.43493833862618,11.822323989169078,False,False,0.08961673002178631,0.051239132433003806,0.22433404162211987,0.22433404162211987,0.28125255122100995,0.2827115593009216,-0.007804039883247305,-0.007595975023138379
186,17.5,8.256656554821006,8.24280746720995,0.691147749476574,0.7152135578198358,28.86697092146703,28.21903905616854,False,False,0.1614983726204401,0.1674850565155665,0.24455223070501012,0.24639812177433676,0.2808588980875386,0.28233060533417187,-0.00786133624808599,-0.007649657455607133
186,18.0,7.065054474020625,7.103473339241804,0.5952575388875525,0.6953623896922487,28.822176216226463,28.633773961057145,False,False,0.13743394710331303,0.1607703475245767,0.18229229069981592,0.18608076548238306,0.28042849810064535,0.2818886155137407,-0.00792455569243745,-0.007712508330837387
186,18.5,4.162792354177867,4.292541873075823,0.33795499201031337,0.6226680787568922,14.495719356308754,16.211731997285252,False,False,0.08268876419978824,0.15268361708283407,0.11440810074874999,0.11807927164847704,0.2800227860777802,0.28146156991215027,-0.007984704194808356,-0.0077738194011613745
186,19.0,3.0485785356906687,3.1710156573925024,0.23996198851254963,0.583903806518564,14.566322919208783,16.772035573780613,False,False,0.06164316659976433,0.14991804673294407,0.05066113302967878,0.05263348425382549,0.27966291603536,0.28105704318283176,-0.008038512143095953,-0.007832433734767424
186.0,19.5,0.0,0.0,0.0,0.0,0.0,0.0,0.0,0.0,0.0,0.0,0.0,0.0,0.27932793488415375,0.2806702549836332,-0.008088987357023226,-0.007888970903240712
186.0,20.0,0.0,0.0,0.0,0.0,0.0,0.0,0.0,0.0,0.0,0.0,0.0,0.0,0.2790341485702214,0.28036891732660196,-0.008133566389243485,-0.007933354886288253
186.0,20.5,0.0,0.0,0.0,0.0,0.0,0.0,0.0,0.0,0.0,0.0,0.0,0.0,0.2787444101989624,0.28007179686324174,-0.008177818177486633,-0.007977409326054759
186.0,21.0,0.0,0.0,0.0,0.0,0.0,0.0,0.0,0.0,0.0,0.0,0.0,0.0,0.2784586132701187,0.27977878171647297,-0.00822174930127173,-0.008021140823709855
186.0,21.5,0.0,0.0,0.0,0.0,0.0,0.0,0.0,0.0,0.0,0.0,0.0,0.0,0.27817665629292676,0.2794897652629115,-0.008265365985817383,-0.008064555628394055
186.0,22.0,0.0,0.0,0.0,0.0,0.0,0.0,0.0,0.0,0.0,0.0,0.0,0.0,0.27789844237218403,0.27920464569695763,-0.008308674139477735,-0.00810765967508822
186.0,22.5,0.0,0.0,0.0,0.0,0.0,0.0,0.0,0.0,0.0,0.0,0.0,0.0,0.27762387884291034,0.27892332564689987,-0.008351679386302211,-0.008150458617419315
186.0,23.0,0.0,0.0,0.0,0.0,0.0,0.0,0.0,0.0,0.0,0.0,0.0,0.0,0.277352876946882,0.27864571183569353,-0.008394387094400869,-0.008192957856127402
186.0,23.5,0.0,0.0,0.0,0.0,0.0,0.0,0.0,0.0,0.0,0.0,0.0,0.0,0.2770853515453374,0.27837171478020034,-0.008436802400695987,-0.008235162563809803
186.0,24.0,0.0,0.0,0.0,0.0,0.0,0.0,0.0,0.0,0.0,0.0,0.0,0.0,0.2768212208629984,0.27810124852362395,-0.008478930232556471,-0.008277077706466417
187.0,0.5,0.0,0.0,0.0,0.0,0.0,0.0,0.0,0.0,0.0,0.0,0.0,0.0,0.2765604062592673,0.27783423039666494,-0.008520775326739595,-0.008318708062293219
187.0,1.0,0.0,0.0,0.0,0.0,0.0,0.0,0.0,0.0,0.0,0.0,0.0,0.0,0.2763028320230655,0.2775705808035862,-0.008562342246003836,-0.008360058238105072
187.0,1.5,0.0,0.0,0.0,0.0,0.0,0.0,0.0,0.0,0.0,0.0,0.0,0.0,0.27604842518828243,0.27731022302993674,-0.008603635393705145,-0.008401132683714336
187.0,2.0,0.0,0.0,0.0,0.0,0.0,0.0,0.0,0.0,0.0,0.0,0.0,0.0,0.27579711536723994,0.2770530830691552,-0.008644659026644972,-0.008441935704544235
187.0,2.5,0.0,0.0,0.0,0.0,0.0,0.0,0.0,0.0,0.0,0.0,0.0,0.0,0.27554883459993806,0.27679908946567294,-0.00868541726640102,-0.00848247147271657
187.0,3.0,0.0,0.0,0.0,0.0,0.0,0.0,0.0,0.0,0.0,0.0,0.0,0.0,0.2753035172171605,0.27654817317247277,-0.008725914109339629,-0.008522744036819277
187.0,3.5,0.0,0.0,0.0,0.0,0.0,0.0,0.0,0.0,0.0,0.0,0.0,0.0,0.27506109971578185,0.27630026742134794,-0.008766153435481424,-0.008562757330530217
187.0,4.0,0.0,0.0,0.0,0.0,0.0,0.0,0.0,0.0,0.0,0.0,0.0,0.0,0.27482152064484294,0.27605530760434754,-0.00880613901636853,-0.008602515180249319
187.0,4.5,0.0,0.0,0.0,0.0,0.0,0.0,0.0,0.0,0.0,0.0,0.0,0.0,0.2745847205011538,0.2758132311651013,-0.008845874522061462,-0.008642021311869955
187.0,5.0,0.0,0.0,0.0,0.0,0.0,0.0,0.0,0.0,0.0,0.0,0.0,0.0,0.2743506416333477,0.27557397749889617,-0.0088853635273765,-0.008681279356801961
187.0,5.5,0.0,0.0,0.0,0.0,0.0,0.0,0.0,0.0,0.0,0.0,0.0,0.0,0.2741192281534516,0.27533748786052364,-0.008924609517459749,-0.008720292857344098
187.0,6.0,0.0,0.0,0.0,0.0,0.0,0.0,0.0,0.0,0.0,0.0,0.0,0.0,0.2738904258551573,0.2751037052790501,-0.00896361589278107,-0.008759065271489515
187,6.5,2.801978699255458,2.807742634629046,0.1757164691449173,0.18732055852181273,15.122757516088535,15.25403756014872,False,False,0.06599162831647343,0.07006367867192581,0.030212592013977847,0.031772022846634704,0.27366418213808463,0.2748725744787691,-0.00900238597362028,-0.008797599977237242
187,7.0,3.2970603802306298,3.30221302486042,0.2106571554643281,0.22254691297152052,15.075539695247718,15.173479529780504,False,False,0.0765809984971478,0.08063807709571169,0.04947432836416462,0.052196142391185335,0.2734142038231945,0.27461612222740356,-0.009045455895929559,-0.00884059298608223
187,7.5,4.320168918154506,4.27703675135249,0.29823085328466864,0.25887222478527866,14.902262409373682,14.322010411072855,False,False,0.09551190478531581,0.08285180135833844,0.1033475601506893,0.10946946608484866,0.2731597762641191,0.2743551243074336,-0.009089544746405566,-0.008884605331997218
187,8.0,5.429747404397894,5.277732849343792,0.40187695389544853,0.2859624802521861,14.737685684121416,13.280824197182488,False,False,0.11479178644041896,0.08188334997549754,0.17854672439449842,0.1902616933709019,0.272889733464211,0.2740846942672046,-0.009136619902192217,-0.008930483900392907
187,8.5,6.395420700693583,6.13930925828575,0.49130063554643133,0.3187541207220374,14.656927341249636,12.75423138049495,False,False,0.1323661042217007,0.0866034800041693,0.26428439077574695,0.28405100157696683,0.27259926281574326,0.27380296269515864,-0.009187580797277276,-0.0089785803164946
187,9.0,6.945591390947667,6.649450556836923,0.5382213873071954,0.34382259178032937,14.6432917183596,12.680879536591382,False,False,0.143244746868278,0.09253951066518513,0.3147269542968895,0.3420635529651791,0.27228878823628117,0.27350749898826093,-0.009242426152471908,-0.009029352984301334
187,9.5,7.31591566157497,6.965628245851046,0.5776040123046523,0.3572793918205736,14.598583355331261,12.461071179173075,False,False,0.14915321619432184,0.09331814347565547,0.34650531967269815,0.3780032468218488,0.2719681794617374,0.2732037999822481,-0.009299471613568899,-0.009081897744725023
187,10.0,6.900464553718576,6.618261314502999,0.5454532930707146,0.3551571320053743,14.575214583538262,12.639096883541317,False,False,0.13984555813740876,0.09157453164012189,0.27747605599719777,0.3037734597385451,0.27164073244693393,0.2728961129854624,-0.009358167355787412,-0.009135504448135691
187,10.5,8.146811293195794,7.612143229042251,0.6775094638563741,0.384887674353036,14.483427725075556,11.893355335604817,False,False,0.16133118942696745,0.09348803013751593,0.45088340164455026,0.4951773479522047,0.27132836716229064,0.27260041851066946,-0.009414571479013187,-0.009187377369244859
187,11.0,8.412895210943372,7.820471166246786,0.7057978234065759,0.3931277885701183,14.466408137451829,11.789945351934055,False,False,0.1658974813038886,0.09429142662537279,0.48901597657448376,0.5396624340708674,0.27097922309228284,0.2722787642403433,-0.00947809689801787,-0.009244203382671633
187,11.5,15.923512054306748,14.921377732330289,1.3880758984411725,0.8220679745574804,28.726885467994443,23.91397366566802,False,False,0.3061865326902443,0.18503758411140891,0.734316201749517,0.8146677910339325,0.2706237223782489,0.27195256939211765,-0.00954330433852389,-0.009302259784570886
187,12.0,15.854711382673104,14.793594635884782,1.3910611998439204,0.8088902630096698,28.689753973971555,23.654221029431937,False,False,0.3035014146421171,0.1799698991916318,0.701542658637955,0.7863310020809778,0.27015208665791113,0.27153880660955454,-0.009630640649564606,-0.009376527843363871
187,12.5,8.242144079585461,7.5959644311657755,0.7282921969387611,0.39861671579905383,14.312669146900673,11.421448768116212,False,False,0.1565630199784175,0.08689071931755084,0.41297383347269645,0.4680046719514798,0.2696862781456501,0.2711324324800242,-0.009717834208979573,-0.00945015835600075
187,13.0,8.087821877256467,7.457869448718349,0.7044066025248387,0.38333314641965016,14.352214632953283,11.447676607156446,False,False,0.15509634657350252,0.08580297542985493,0.3880696578332741,0.4425500417425948,0.2693436957739003,0.2708209657779764,-0.009782562005258646,-0.009507059349324084
187,13.5,7.6858770457368735,7.120790903247838,0.6802790311114865,0.38108392594861756,14.296226076633243,11.493897548768084,False,False,0.14542542622237395,0.08228200180925373,0.331934629107666,0.38091091768366053,0.2690092895691177,0.2705167129431854,-0.009846241026100681,-0.009563037028606386
187,14.0,7.901489534421709,7.2168169375716,0.6990848003147013,0.3694987338038897,14.318177079159637,11.271915538365832,False,False,0.15028983073376165,0.08080399444916955,0.3812545997372634,0.4401520953591479,0.26868703535280003,0.2702225876019841,-0.009908073834418565,-0.00961752511315234
187,14.5,7.6728825078336715,6.906374233237565,0.6995055718684935,0.3541459079015029,14.241273704874141,10.93502601531121,False,False,0.14330623408535953,0.07388956186710272,0.36774706869546303,0.4274129304188662,0.2683579896155519,0.2699243398236973,-0.009971687751892605,-0.009673155043235147
187,15.0,7.288377173500246,6.536798430929021,0.6768862397299897,0.341964785450816,14.185684242171414,10.830605026314224,False,False,0.13437088462096053,0.06890274365774156,0.33376215031082684,0.3906890709987296,0.26803246837275535,0.26963158776199986,-0.010035099696998515,-0.009728133148365728
187,15.5,6.861268528650746,6.118012715718304,0.6456923289451915,0.3222719706543611,14.15054434342816,10.717891536012777,False,False,0.12547458646712362,0.06358275010129658,0.3070371450105993,0.3619603090654719,0.26771598488151466,0.26934694992560876,-0.010097212236299415,-0.009781944751005406
187,16.0,5.5014846453400805,5.067021217124372,0.5100526139926276,0.28415178262318924,14.152144381308826,11.206033388880558,False,False,0.10064473342437527,0.05612428746765356,0.16504228733794712,0.19592832749145075,0.26740867517000155,0.269070331808433,-0.010157963162006949,-0.00983458034523122
187,16.5,10.377321648067422,10.146294924305115,0.9081036336923574,0.7416499934055681,14.25496962728761,13.237065433746924,False,False,0.19444229651612813,0.15945952278137426,0.24545204208191831,0.2928832202080911,0.26713850748231566,0.2688215465060094,-0.010211731639282011,-0.00988220829933517
187,17.0,9.98467687678345,9.745547330656297,0.9090530699959659,0.766221779337896,28.364875101944634,25.890432832956176,False,False,0.18394231514474443,0.1558040579863609,0.2364632077761416,0.28373134240503384,0.26680910049080286,0.2685038915358097,-0.010277749356578233,-0.009943420885630752
187,17.5,8.20199954261781,8.139644977924194,0.7522421183019251,0.761301443879907,28.28767304164913,26.9938224121011,False,False,0.1497620685953409,0.15213084045471117,0.16534392449430804,0.19946518866091686,0.2664824209986117,0.2681860268661497,-0.010343723273255738,-0.010005126629675029
187,18.0,7.011719485240728,7.010999229192322,0.6473544456503492,0.7143550992621064,28.242607928731974,27.384493163938885,False,False,0.12736966061872618,0.14067938482352027,0.12286348267799875,0.14857774068365942,0.2661864617357918,0.2678812529869755,-0.010403929197334079,-0.010064720020031564
187,18.5,7.14893959455666,6.944734745438538,0.6620429588867887,0.7429009812106009,28.15441667463356,25.532471232486593,False,False,0.12856756032821784,0.14729643927515618,0.161189233771114,0.19514307542105266,0.2659109285504793,0.2675906427695363,-0.01046035556466399,-0.010121938238856225
187,19.0,9.216561348747733,8.866575242839884,0.8744458410647082,0.76886101220558,28.14513470366873,23.878331852881757,False,False,0.16557822070247352,0.14694279659900517,0.28395311187150185,0.3441004991159685,0.26563025891633124,0.26729212896430093,-0.010518209118647705,-0.010181116587163084
187,19.5,4.517734254291584,4.6657033474473435,0.40120494925953304,0.6842241947507376,14.17822379037309,15.750404268969131,False,False,0.08314663303043023,0.14134191040237323,0.0915268156672342,0.11148948251997214,0.26530847074796116,0.2669729652713936,-0.010585008088240056,-0.010244845229298362
187.0,20.0,0.0,0.0,0.0,0.0,0.0,0.0,0.0,0.0,0.0,0.0,0.0,0.0,0.26507307711402084,0.26669584262389434,-0.010634192945052306,-0.010300565192572855
187.0,20.5,0.0,0.0,0.0,0.0,0.0,0.0,0.0,0.0,0.0,0.0,0.0,0.0,0.2649020149776959,0.26652170682779014,-0.010670106808451407,-0.010335762744831245
187.0,21.0,0.0,0.0,0.0,0.0,0.0,0.0,0.0,0.0,0.0,0.0,0.0,0.0,0.2647324693422377,0.26634913205374716,-0.010705844974133644,-0.010370786242115307
187.0,21.5,0.0,0.0,0.0,0.0,0.0,0.0,0.0,0.0,0.0,0.0,0.0,0.0,0.2645644159550582,0.266178093077885,-0.010741409422588683,-0.010405637664155084
187.0,22.0,0.0,0.0,0.0,0.0,0.0,0.0,0.0,0.0,0.0,0.0,0.0,0.0,0.26439783110901033,0.26600856525198785,-0.010776802101515158,-0.01044031895707529
187.0,22.5,0.0,0.0,0.0,0.0,0.0,0.0,0.0,0.0,0.0,0.0,0.0,0.0,0.2642326916264405,0.2658405244861428,-0.010812024926584618,-0.0104748320342524
187.0,23.0,0.0,0.0,0.0,0.0,0.0,0.0,0.0,0.0,0.0,0.0,0.0,0.0,0.2640689748438499,0.2656739472320844,-0.0108470797821748,-0.010509178777131452
187.0,23.5,0.0,0.0,0.0,0.0,0.0,0.0,0.0,0.0,0.0,0.0,0.0,0.0,0.26390665859713497,0.2655088104672061,-0.010881968522074173,-0.010543361036005382
187.0,24.0,0.0,0.0,0.0,0.0,0.0,0.0,0.0,0.0,0.0,0.0,0.0,0.0,0.2637457212073746,0.26534509167920023,-0.010916692970160074,-0.010577380630760403
188.0,0.5,0.0,0.0,0.0,0.0,0.0,0.0,0.0,0.0,0.0,0.0,0.0,0.0,0.2635861414671388,0.26518276885129255,-0.010951254921052207,-0.010611239351589485
188.0,1.0,0.0,0.0,0.0,0.0,0.0,0.0,0.0,0.0,0.0,0.0,0.0,0.0,0.2634278986272919,0.265021820448039,-0.010985656140743044,-0.010644938959676753
188.0,1.5,0.0,0.0,0.0,0.0,0.0,0.0,0.0,0.0,0.0,0.0,0.0,0.0,0.2632709723842656,0.2648622254016548,-0.011019898367207034,-0.010678481187854865
188.0,2.0,0.0,0.0,0.0,0.0,0.0,0.0,0.0,0.0,0.0,0.0,0.0,0.0,0.26311534286778243,0.2647039630988496,-0.011053983310989385,-0.010711867741237151
188.0,2.5,0.0,0.0,0.0,0.0,0.0,0.0,0.0,0.0,0.0,0.0,0.0,0.0,0.26296099062900413,0.2645470133681418,-0.011087912655776341,-0.010745100297826398
188.0,3.0,0.0,0.0,0.0,0.0,0.0,0.0,0.0,0.0,0.0,0.0,0.0,0.0,0.26280789662909043,0.26439135646762957,-0.01112168805894751,-0.010778180509101839
188.0,3.5,0.0,0.0,0.0,0.0,0.0,0.0,0.0,0.0,0.0,0.0,0.0,0.0,0.262656042228146,0.2642369730731955,-0.01115531115211154,-0.010811110000585829
188.0,4.0,0.0,0.0,0.0,0.0,0.0,0.0,0.0,0.0,0.0,0.0,0.0,0.0,0.2625054091745401,0.2640838442671247,-0.0111887835416261,-0.010843890372391333
188.0,4.5,0.0,0.0,0.0,0.0,0.0,0.0,0.0,0.0,0.0,0.0,0.0,0.0,0.26235597959458284,0.2639319515271173,-0.011222106809102881,-0.010876523199751728
188.0,5.0,0.0,0.0,0.0,0.0,0.0,0.0,0.0,0.0,0.0,0.0,0.0,0.0,0.262207735982542,0.2637812767156766,-0.011255282511898449,-0.010909010033533565
188.0,5.5,0.0,0.0,0.0,0.0,0.0,0.0,0.0,0.0,0.0,0.0,0.0,0.0,0.2620606611909867,0.26363180206985687,-0.011288312183591654,-0.010941352400733685
188,6.0,3.8358264079611533,3.8573940733055405,0.1465379100100975,0.1749410368716513,16.24458515753386,16.641783112260608,False,False,0.1352753838421855,0.17265572216222622,0.10859252966370045,0.13167101147422663,0.26191473842144436,0.26348351019135435,-0.011321197334448231,-0.010973551804961252
188,6.5,12.055490066804214,12.167815040475466,0.4767577426386822,0.7320659481507754,32.41536584466823,33.67313879838839,False,False,0.41830826489434336,0.7308625938783515,0.2700633545526647,0.32745895497018923,0.2617374392323407,0.26329731160902875,-0.011361307202378698,-0.011014142122464621
188,7.0,11.388861355448926,11.506177161285652,0.4837424907886356,0.7237099597101194,32.08266481611315,33.48595781732237,False,False,0.36843998389072463,0.6065992407964184,0.23894927960875043,0.288888438220404,0.261498601968388,0.2630163162697575,-0.011415606642169656,-0.011075736855846358
188,7.5,15.539938151010915,15.411903707905921,0.8827867382050986,0.7375501321677074,31.068113339394472,30.28303379269461,False,False,0.4245650977017116,0.40588117986566263,0.5280229826751331,0.6366679820640123,0.2612639432031446,0.26274243357184174,-0.01146925750561598,-0.011136167842308012
188,8.0,16.499729899595813,15.46911645500588,1.377657961572346,0.8213250158577518,29.14008181848557,25.171448997209144,False,False,0.33928879449624927,0.2202805947649701,0.7325351962045479,0.8889157587274005,0.2609426837906965,0.2624235852991968,-0.011543196203211085,-0.011207015897385694
188,8.5,16.922731304531844,14.34063285037459,1.7995831324635119,0.8306156940371303,27.69544246554485,20.305834573671753,False,False,0.29305719374689687,0.14130293041264066,0.7617657497971029,0.940552979504681,0.26053337295507295,0.2620630176436411,-0.011638224599974758,-0.011287782068005356
188,9.0,17.26366306179952,14.373582245863439,1.8876401972762413,0.8428788328093065,27.487540736547558,19.546699229660803,False,False,0.2921082703483546,0.13458202176794642,0.6829189030200696,0.8685556135505648,0.26006762816079265,0.26169577129703797,-0.01174749120760634,-0.011370758172835876
188,9.5,14.776962575538011,13.215672857057672,1.569394598528371,0.8462013252471302,27.588131706822594,21.11420200373322,False,False,0.24976155621292942,0.13557948849432466,0.3465617684522777,0.456239757607593,0.25960175316229855,0.2613372074744459,-0.011858013359515437,-0.011452474642301714
188,10.0,8.268597661022905,7.116386174658522,0.8493794436891252,0.396066709918235,13.897678515868543,9.944401126383047,False,False,0.14290294296467057,0.06730600146258688,0.24086833271883598,0.3260065197280805,0.25922032518525434,0.26103181844192047,-0.011949425006632361,-0.011522624847477717
188,10.5,17.86106575599412,14.687651804177449,1.9920438216695828,0.8593109887830293,27.36329033975035,19.035963491771682,False,False,0.2983598691854812,0.1323614006438385,0.6002661155547387,0.8266173106239052,0.25894513469443786,0.2608014284187586,-0.012015897810707148,-0.011575886175776033
188,11.0,18.111580641673715,13.752826150050073,2.2946214070644313,0.8870196835185492,26.644002075707732,17.123840654940732,False,True,0.28133798211189565,0.11185148746671852,0.660535807396153,0.9521110558692011,0.25847953361419895,0.2604492385467421,-0.012129370836943069,-0.011657873141696634
188,11.5,17.85403009062953,13.012431369680133,2.417628514723806,0.880187897810415,26.371477406001638,16.60918252572354,False,True,0.2701607091297503,0.10308157208407931,0.8121061096281077,1.2452695330082928,0.25796868177535176,0.2600785385982061,-0.01225534427152786,-0.011744917607093175
188,12.0,17.98598671403849,12.897252701610153,2.4853292758882874,0.9063690269913236,26.091864492345586,15.909593097658595,False,True,0.26515943124159436,0.0986566631121795,0.5010910412120984,0.82971852175609,0.25742381441365786,0.25967235049569654,-0.01239142772590318,-0.011841185764231535
188,12.5,17.42280689588886,12.734182397098195,2.3732524244048925,0.8969284585395862,26.201814487756234,16.025492560522977,False,False,0.2566750164428908,0.09809339725982558,0.34777728328288726,0.631378655287422,0.2569109149259038,0.2593167667158805,-0.012521175095761021,-0.011926233107534835
188,13.0,17.452016024016622,11.824994912359646,2.6306273101013793,0.8995300528143102,25.673194749105164,15.211477205008002,False,True,0.24764481069073918,0.0877494120182817,0.5170603177506098,1.040213571386871,0.2564327838138482,0.25898863364413127,-0.012643587416411856,-0.012005361292770383
188,13.5,16.19347678754518,10.905621646488447,2.571849256895171,0.902216148579088,25.438745204974232,15.688982292288788,False,False,0.22519132849541576,0.08299149416746192,0.4760566368753583,1.1046823666799956,0.25590121890089124,0.2586090298235135,-0.012781357805142831,-0.01209768323896174
188,14.0,15.241764849795612,10.09584774623508,2.4882855869884786,0.8842103283398806,25.26655103479559,15.8517383220275,False,False,0.20847917674115213,0.07754668495839763,0.3746632982625121,1.0391428142011465,0.2553832935894203,0.2582218153480847,-0.012917316863395745,-0.012192728996334152
188,14.5,15.018697530352622,9.897338553831336,2.488924132730537,0.8804454242429179,25.1801849285591,15.626974415875846,False,False,0.2039330458788275,0.07560811297615763,0.27608717547845424,0.9654542809218523,0.2548898499600685,0.2578461819378329,-0.013048455101010577,-0.012285783440206362
188,15.0,14.75138401864732,9.697007014580736,2.4945023430674853,0.8938392442511984,25.02500519063442,15.41170589092373,False,False,0.19747817810704182,0.07368157324379476,0.178033304809348,0.8733863607172484,0.25440978706479345,0.25748134107772047,-0.013177562331616852,-0.012376975433592879
188,15.5,13.95995607342978,9.293281799607687,2.370524655322421,0.8913129160477318,24.95265051455216,15.672606587656794,False,False,0.18567883073135838,0.07212701597610818,0.07866937159953265,0.6957562293738219,0.25394239727435547,0.25712743634385155,-0.013304726176547172,-0.012466205540351681
188,16.0,13.519574061817167,9.126242184426998,2.2974227940893996,0.8877927035391103,24.937391465315613,15.74095743930609,False,False,0.1795905409354029,0.07155629599957015,0.01068690950261035,0.5921509534616874,0.2535043458131708,0.25679738816076086,-0.013425237268130491,-0.012550112192205644
188,16.5,13.167012569759866,8.889240547405665,2.269688809578415,0.8911502699067395,24.807225060684882,15.37957996663624,False,False,0.17279239101802865,0.0693629635728866,0.0,0.5026371138025437,0.25308513922217135,0.25648187844865167,-0.013541783738662288,-0.012630952598961413
188,17.0,11.295463760437798,8.126737117743495,1.8667443098929875,0.8633958892476095,25.004181538623108,16.851003005548538,False,False,0.15073162286086383,0.07071108636358986,0.0,0.30409183675563783,0.25267168383455785,0.2561782237130865,-0.013657913963369505,-0.012709342062263143
188,17.5,10.231320190948775,7.669138601326306,1.6638044226415052,0.85551687042541,25.111960267111456,17.37771262238168,False,False,0.13691079224396413,0.07092563658210779,0.0,0.2175817067265279,0.2523104211273474,0.25590427169298585,-0.013760356915680682,-0.01278056149440262
188,18.0,10.962985178217615,8.354720824093622,1.7714560467436418,0.8632760598989867,25.130309549445883,16.309232646365018,False,False,0.1469283795419993,0.0718984737616681,0.0,0.22207399376553869,0.25197585336656636,0.2556432017423498,-0.013856047504668385,-0.01284887488389395
188,18.5,6.885819637256167,5.849447988270377,1.07245784069344,0.833117468379677,25.31290499912498,19.683978618708412,False,False,0.09372712996163665,0.07274851278100353,0.0,0.0750162867806548,0.25162839061033715,0.2553814136231592,-0.013956266725506107,-0.012917813497635378
188,19.0,5.5097233204200355,5.044425633271086,0.7931267804445289,0.7836726785906346,25.76449148148923,20.979394125421614,False,False,0.078010543143172,0.0768688014743445,0.0,0.04133612441779219,0.25137081627940666,0.25514304120792486,-0.014031117002391708,-0.012980969524491239
188,19.5,5.824468455230273,5.5938763985440545,0.8103203806003857,0.7902801472847509,25.934100082636675,20.387620518318187,False,False,0.08373090543032063,0.08112276712801839,0.0,0.039390524344330484,0.2511496409846997,0.2549160838273649,-0.014095771784689157,-0.013041443347572042
188.0,20.0,0.0,0.0,0.0,0.0,0.0,0.0,0.0,0.0,0.0,0.0,0.0,0.0,0.250927067903569,0.25468934439855395,-0.014161193837113827,-0.01310219458050789
188.0,20.5,0.0,0.0,0.0,0.0,0.0,0.0,0.0,0.0,0.0,0.0,0.0,0.0,0.2508085397626239,0.2545691342577675,-0.014196181037115344,-0.013134539734956298
188.0,21.0,0.0,0.0,0.0,0.0,0.0,0.0,0.0,0.0,0.0,0.0,0.0,0.0,0.25069078565939035,0.25444971634903957,-0.014231041788729918,-0.013166765966378733
188.0,21.5,0.0,0.0,0.0,0.0,0.0,0.0,0.0,0.0,0.0,0.0,0.0,0.0,0.2505737962407298,0.25433108103347274,-0.01426577720967895,-0.013198874333533143
188.0,22.0,0.0,0.0,0.0,0.0,0.0,0.0,0.0,0.0,0.0,0.0,0.0,0.0,0.25045756231460203,0.2542132188393048,-0.014300388402787665,-0.013230865880956668
188.0,22.5,0.0,0.0,0.0,0.0,0.0,0.0,0.0,0.0,0.0,0.0,0.0,0.0,0.25034207484651805,0.25409612045818925,-0.014334876456239728,-0.01326274163921476
188.0,23.0,0.0,0.0,0.0,0.0,0.0,0.0,0.0,0.0,0.0,0.0,0.0,0.0,0.2502273249560867,0.25397977674157757,-0.014369242443826664,-0.013294502625144483
188.0,23.5,0.0,0.0,0.0,0.0,0.0,0.0,0.0,0.0,0.0,0.0,0.0,0.0,0.25011330391365305,0.2538641786971987,-0.01440348742519227,-0.013326149842092884
188.0,24.0,0.0,0.0,0.0,0.0,0.0,0.0,0.0,0.0,0.0,0.0,0.0,0.0,0.2500000031370252,0.25374931748563384,-0.014437612446072152,-0.013357684280149768
189.0,0.5,0.0,0.0,0.0,0.0,0.0,0.0,0.0,0.0,0.0,0.0,0.0,0.0,0.24988741418828764,0.2536351844169819,-0.014471618538528104,-0.013389106916375907
189.0,1.0,0.0,0.0,0.0,0.0,0.0,0.0,0.0,0.0,0.0,0.0,0.0,0.0,0.24977552877069642,0.25352177094761474,-0.014505506721178337,-0.013420418715025946
189.0,1.5,0.0,0.0,0.0,0.0,0.0,0.0,0.0,0.0,0.0,0.0,0.0,0.0,0.24966433872565677,0.2534090686770174,-0.014539277999422458,-0.013451620627766819
189.0,2.0,0.0,0.0,0.0,0.0,0.0,0.0,0.0,0.0,0.0,0.0,0.0,0.0,0.2495538360297774,0.25329706934471197,-0.014572933365662486,-0.01348271359389143
189.0,2.5,0.0,0.0,0.0,0.0,0.0,0.0,0.0,0.0,0.0,0.0,0.0,0.0,0.2494440127920016,0.2531857648272614,-0.014606473799519246,-0.013513698540528023
189.0,3.0,0.0,0.0,0.0,0.0,0.0,0.0,0.0,0.0,0.0,0.0,0.0,0.0,0.24933486125081117,0.2530751471353523,-0.014639900268044506,-0.013544576382844922
189.0,3.5,0.0,0.0,0.0,0.0,0.0,0.0,0.0,0.0,0.0,0.0,0.0,0.0,0.24922637377150275,0.2529652084109518,-0.014673213725928839,-0.0135753480242513
189.0,4.0,0.0,0.0,0.0,0.0,0.0,0.0,0.0,0.0,0.0,0.0,0.0,0.0,0.24911854284353205,0.25285594092453967,-0.014706415115705687,-0.01360601435659355
189.0,4.5,0.0,0.0,0.0,0.0,0.0,0.0,0.0,0.0,0.0,0.0,0.0,0.0,0.24901136107792624,0.2527473370724093,-0.014739505367951057,-0.013636576260347895
189.0,5.0,0.0,0.0,0.0,0.0,0.0,0.0,0.0,0.0,0.0,0.0,0.0,0.0,0.24890482120476118,0.2526393893740395,-0.014772485401479548,-0.013667034604808769
189,5.5,8.020246059684874,8.123438138313084,0.38282856103408924,0.6753488328505489,31.455582828189712,33.2584790626442,False,False,0.23011665386912727,0.4185443090936169,0.0,0.03912811133970759,0.24879891607070173,0.25253209046953146,-0.0148053561235365,-0.013697390248273749
189,6.0,10.17092362792048,10.231438228580116,0.5592539795689564,0.6926803549230928,30.888115291445637,31.458575484987286,False,False,0.26472898777940584,0.337665178144805,0.0,0.059956703471973745,0.24864485372606718,0.2523343853287526,-0.014853329564500545,-0.013753533120736612
189,6.5,12.637042261657275,12.508087128180641,0.8067664647725111,0.7135442941964992,30.268712851282274,28.95765552039711,False,False,0.2986507299611789,0.27324479931805257,0.0,0.0938011600683161,0.24846892977129278,0.2521324517642673,-0.014908337174202828,-0.013811160022203442
189,7.0,14.469600038024915,14.010967513093437,1.067200301838812,0.7717930156668017,29.667664698522145,26.895311325425862,False,False,0.31392830171910757,0.2385902315899307,0.0,0.13490561638891554,0.24826207856562213,0.2519241739696536,-0.014973325854140953,-0.013870899058257672
189,7.5,15.479881881339885,14.068817494472361,1.4814827807514515,0.8399564956932184,28.281298711317895,22.70614532525596,False,False,0.28244383787329497,0.16531916028933066,0.0,0.15734003406371613,0.24802264679480115,0.251703855834155,-0.015048972686833051,-0.013934426950182821
189,8.0,15.922162481596967,13.72563943545888,1.730014628149803,0.8552040647403726,27.528266253470463,20.21109608777659,False,False,0.26741688767954636,0.1346460518376446,0.0,0.14566172436452882,0.2477310224924036,0.2514726062744971,-0.015141725361108006,-0.014001480133030993
189,8.5,16.73350152412992,13.6511671591786,1.9679466788459576,0.8686636349487473,27.03203609021012,18.702561060938322,False,False,0.26995233781618455,0.12177157863154159,0.0,0.16484885042920028,0.24740832122124257,0.2512415089061536,-0.015245157283966115,-0.014068873604612122
189,9.0,17.227589831312635,13.127193443932605,2.23810775078097,0.8894331094522722,26.478724511862353,17.118918551663846,False,False,0.2633296916576364,0.10724640143948366,0.0,0.17902423422085986,0.2470558873418163,0.25100685172821724,-0.01535908234686418,-0.014137701051670426
189,9.5,17.301092920892852,12.432798730771307,2.428263889125464,0.8864094780594391,26.109400992206297,16.23037340539842,False,False,0.2556551787217104,0.09704288386209461,0.0,0.20679199189859204,0.24666960751796232,0.2507683353997222,-0.015485115397201505,-0.014208071967956256
189,10.0,17.328146125277982,11.963120008574807,2.587027429447786,0.9109106875876659,25.743242069189908,15.61480483029629,False,True,0.2474395061415941,0.0904193001880981,0.0,0.19609991232145618,0.24625967079620928,0.2505272534488648,-0.015620217234300592,-0.014279624349215212
189,10.5,17.11341195488648,11.18681909656852,2.7115057910641425,0.894049302239598,25.39927745918375,14.77316230272626,False,True,0.23700016374429486,0.08117413159809843,0.0,0.18087253129291198,0.24583007151276837,0.2502849930714557,-0.01576330908590096,-0.014351959394355417
189,11.0,17.2687611252507,10.787721148660554,2.876634017420454,0.9081864924517166,25.062118800460496,14.07423383951569,False,True,0.23234382908605894,0.07575552856954887,0.0,0.1457533270819055,0.24538517270669002,0.2500473969794177,-0.015913146299370805,-0.014423326204481024
189,11.5,17.236525349707637,10.383455411523315,2.9879810281182406,0.9150527210793596,24.794874705288866,13.527671198645848,False,True,0.22664223683155926,0.07124346326026584,0.0,0.11163919282849204,0.2449197883269746,0.24981304371782764,-0.01607170249467535,-0.014494133558308175
189,12.0,16.99186031811098,9.930521885683753,3.062564826060981,0.91474391678642,24.551129310150145,13.199645493585518,False,True,0.21893176684877014,0.0670186514345894,0.0,0.08092208124231455,0.24444076602799855,0.2495827257687739,-0.016236875012784938,-0.01456412557952062
189,12.5,17.14707922598279,10.085159443216234,3.035509969255574,0.9115570620760517,24.648225629215652,13.310345550096123,False,True,0.2226453845375363,0.0683668121144981,0.0,0.04590920634720134,0.24395278490045977,0.24935691866744297,-0.0164072205557741,-0.014633138082900154
189,13.0,17.311335421541337,10.35114354536486,2.9666449020642705,0.9114480883980753,24.75837105201405,13.309142620649165,False,True,0.22682709315853844,0.07027153296591039,0.0,0.011528037915868847,0.2434687913796091,0.24913653077471148,-0.01657828154251711,-0.014700870374935305
189,13.5,16.5963308277845,9.92954835326745,2.9109360305854546,0.9112939913115425,24.639269738065728,13.160501219735037,False,True,0.21359162151849168,0.06700779609176293,0.0,0.0,0.2429941078797799,0.2489210836365683,-0.016748120000853347,-0.014767445589955113
189,14.0,14.527238328713338,9.8299060583477,2.469394135303286,0.9074397631494925,24.787355159064298,14.127343921540966,False,False,0.18922982676861688,0.06923439069974281,0.0,0.0,0.2425270523758522,0.2487076651197402,-0.016917256412642145,-0.014833748408531569
189,14.5,6.448469702126522,4.52025401087307,1.0383037977759242,0.3864366856016845,12.547002378715145,7.122299497872733,False,False,0.08616030270131378,0.03179655356317328,0.0,0.0,0.24211678723228539,0.24849527213081685,-0.017067508423588056,-0.014900085057303347
189,15.0,12.29306749883059,9.768922446761936,1.8702345249736068,0.8788988602015785,25.456037406607287,16.861877490451313,False,False,0.16940320098000738,0.07924151705659405,0.0,0.0,0.24188940803170336,0.2483498009099546,-0.01715146656145134,-0.014945724039764656
189,15.5,6.460446336901315,4.779864183271668,0.8869843228036045,0.3398218231509615,13.045712917925027,7.863271505263148,False,False,0.0942129912033064,0.03599676959179451,0.0,0.0,0.24155652643725625,0.24814209735704448,-0.01727527001217429,-0.015011176322066618
189,16.0,12.188812969766783,10.65401581547317,1.5304470204775247,0.8415808034227148,26.618531766909893,19.752687681740927,False,False,0.18677506288257367,0.10261512532175789,0.0,0.0,0.24134945083554923,0.2480036080697768,-0.017352821661100307,-0.015055007362515796
189,16.5,13.793847012925184,11.199876827676993,1.7678202447010714,0.8685382391898823,26.54022517792528,18.70075979614274,False,False,0.2097873650963735,0.10379363827814549,0.0,0.0,0.2410608795647308,0.2478016911721012,-0.0174615871164017,-0.015119186425373918
189,17.0,12.436755530320069,9.970946568899386,1.6769011174480004,0.861436305714852,26.251559619036613,18.70785659689993,False,False,0.18406783461640397,0.09527244326147638,0.0,0.0,0.24074255670901587,0.24759684678305746,-0.01758250985333958,-0.015184629371962475
189,17.5,8.471538548910061,7.845350279169016,1.126927899762439,0.8107759707724962,26.259831939247327,21.379021579386396,False,False,0.12547796518608267,0.08998401778905325,0.0,0.0,0.24043631252104802,0.24739341009270652,-0.017699787014084346,-0.01524995689883386
189,18.0,6.561445115834715,6.365159914578859,0.8803688455629377,0.808605762886329,26.20263272652678,23.15959850023826,False,False,0.09667137033304035,0.08849690971704152,0.0,0.0,0.24020064065748592,0.24719692685269734,-0.017790673250837937,-0.015313369669897853
189,18.5,6.635550340625645,6.001690848257226,0.878940844002327,0.8190650877871251,26.305583276299156,21.987063330126393,False,False,0.09870430523796331,0.09203065821070808,0.0,0.0,0.23999687139011966,0.24700121288620525,-0.017869704867060448,-0.015376846742941616
189,19.0,2.549039985705582,2.7450372321609673,0.2993866310452185,0.6916295045123335,13.483888332272807,16.110119539124963,False,False,0.04041994370688322,0.09310421136669145,0.0,0.0,0.23979376223855908,0.24680465390261827,-0.01794889708415374,-0.015440913678374097
189,19.5,1.7878061047335785,1.963808973443766,0.19857087865939058,0.6935536900143175,13.631944781333976,16.92463505093771,False,False,0.029211318900608522,0.10162491724196826,0.0,0.0,0.23966498075742007,0.2466248174298021,-0.017999325595541453,-0.015499808818908705
189.0,20.0,0.0,0.0,0.0,0.0,0.0,0.0,0.0,0.0,0.0,0.0,0.0,0.0,0.2395495153565891,0.24644521405541217,-0.018044683357237863,-0.015558894947161749
189.0,20.5,0.0,0.0,0.0,0.0,0.0,0.0,0.0,0.0,0.0,0.0,0.0,0.0,0.23945981869536923,0.24635446579397768,-0.018080012507645318,-0.01558885145772895
189.0,21.0,0.0,0.0,0.0,0.0,0.0,0.0,0.0,0.0,0.0,0.0,0.0,0.0,0.23937058184803545,0.2462641865618685,-0.01811524236106328,-0.015618721352702205
189.0,21.5,0.0,0.0,0.0,0.0,0.0,0.0,0.0,0.0,0.0,0.0,0.0,0.0,0.23928180039191563,0.2461743718197133,-0.018150373626453536,-0.01564850525764497
189.0,22.0,0.0,0.0,0.0,0.0,0.0,0.0,0.0,0.0,0.0,0.0,0.0,0.0,0.23919346996574828,0.2460850170914707,-0.018185407004922088,-0.015678203791142053
189.0,22.5,0.0,0.0,0.0,0.0,0.0,0.0,0.0,0.0,0.0,0.0,0.0,0.0,0.23910558626858117,0.24599611796328824,-0.018220343189833628,-0.015707817564902214
189.0,23.0,0.0,0.0,0.0,0.0,0.0,0.0,0.0,0.0,0.0,0.0,0.0,0.0,0.23901814505869334,0.24590767008238712,-0.01825518286692454,-0.015737347183858674
189.0,23.5,0.0,0.0,0.0,0.0,0.0,0.0,0.0,0.0,0.0,0.0,0.0,0.0,0.2389311421525415,0.245819669155971,-0.01828992671441323,-0.01576679324626792
189.0,24.0,0.0,0.0,0.0,0.0,0.0,0.0,0.0,0.0,0.0,0.0,0.0,0.0,0.2388445734237283,0.2457321109501581,-0.018324575403108976,-0.015796156343806943
190.0,0.5,0.0,0.0,0.0,0.0,0.0,0.0,0.0,0.0,0.0,0.0,0.0,0.0,0.2387584348019934,0.24564499128893727,-0.018359129596518777,-0.015825437061668397
190.0,1.0,0.0,0.0,0.0,0.0,0.0,0.0,0.0,0.0,0.0,0.0,0.0,0.0,0.23867272227222594,0.2455583060531456,-0.018393589950952176,-0.01585463597865445
190.0,1.5,0.0,0.0,0.0,0.0,0.0,0.0,0.0,0.0,0.0,0.0,0.0,0.0,0.23858743187349796,0.2454720511794686,-0.018427957115624533,-0.015883753667268793
190.0,2.0,0.0,0.0,0.0,0.0,0.0,0.0,0.0,0.0,0.0,0.0,0.0,0.0,0.2385025596981191,0.24538622265946175,-0.018462231732758235,-0.015912790693806984
190.0,2.5,0.0,0.0,0.0,0.0,0.0,0.0,0.0,0.0,0.0,0.0,0.0,0.0,0.23841810189071047,0.2453008165385924,-0.018496414437682348,-0.015941747618445426
190.0,3.0,0.0,0.0,0.0,0.0,0.0,0.0,0.0,0.0,0.0,0.0,0.0,0.0,0.2383340546472987,0.24521582891530275,-0.01853050585893043,-0.015970624995328555
190.0,3.5,0.0,0.0,0.0,0.0,0.0,0.0,0.0,0.0,0.0,0.0,0.0,0.0,0.2382504142144288,0.24513125594009189,-0.01856450661833679,-0.015999423372654777
190.0,4.0,0.0,0.0,0.0,0.0,0.0,0.0,0.0,0.0,0.0,0.0,0.0,0.0,0.23816717688829597,0.24504709381461784,-0.018598417331130875,-0.01602814329276066
190.0,4.5,0.0,0.0,0.0,0.0,0.0,0.0,0.0,0.0,0.0,0.0,0.0,0.0,0.23808433901389506,0.24496333879081805,-0.018632238606030287,-0.016056785292203783
190.0,5.0,0.0,0.0,0.0,0.0,0.0,0.0,0.0,0.0,0.0,0.0,0.0,0.0,0.23800189698418828,0.24487998717004836,-0.018665971045332047,-0.016085349901844268
190,5.5,4.676457778799336,4.796153394652168,0.18607799116101637,0.5311612066184752,16.06206987887614,17.589297574561147,False,False,0.1525745259255619,0.5732777139359506,0.0,0.0,0.23791984723928972,0.24479703530223998,-0.01869961524500238,-0.016113837646924725
190,6.0,10.716805357853637,10.850161237936987,0.4881162705877869,0.7098924275508466,31.899719849199005,32.92645697498784,False,False,0.33426243420653445,0.571798303644074,0.0,0.0,0.23781447382862458,0.24464679223208388,-0.018742929270483787,-0.016165588064809028
190,6.5,12.697181216230387,12.688248620642442,0.6986774914238852,0.7025926450898861,31.026740917672782,30.598394981871984,False,False,0.3381522072267096,0.35885000655988186,0.0,0.0,0.23767099614149892,0.244474165539557,-0.018802098515384988,-0.01622529307719335
190,7.0,13.421652304513799,13.086251770494592,1.0098726044870239,0.8024099258551235,29.477878621763196,27.035617031837763,False,False,0.2838454304295669,0.23032649691836238,0.0,0.0,0.2375010679312953,0.2443028581646917,-0.018872463911979352,-0.016284801696213914
190,7.5,15.702612679361692,14.189272374886354,1.479801355475633,0.8397943677559606,28.362684780343915,23.108645819998618,False,False,0.29168476195701853,0.1717518019647462,0.0,0.0,0.23729186176154576,0.24411921641771492,-0.01895952528457082,-0.016348884063582377
190,8.0,14.039673841654903,13.117178234149009,1.3295046759440463,0.8273549029982674,28.245766459492124,23.45061126583166,False,False,0.25512625260285154,0.1602682842027312,0.0,0.0,0.23702314642657515,0.24393119287005383,-0.01907205456883292,-0.01641480701541703
190,8.5,16.839577353898278,14.66765905310028,1.708133441063591,0.8594939904375838,27.962752569294366,21.190033575966623,False,False,0.29642257430678803,0.15294422636476318,0.0,0.0,0.2367739556884844,0.24374513334563175,-0.01917711939124914,-0.016480353365551245
190,9.0,15.668347252045344,12.346083845114201,1.9760909377754265,0.8701056496366913,26.89362580300063,19.576448580635276,False,False,0.24879838302255533,0.1164990566298908,0.0,0.0,0.23647688385238017,0.24355535374306678,-0.019303274523703787,-0.016547531772703013
190,9.5,17.462140929993566,13.47862665665468,2.2090565735140486,0.8938808899790535,26.609424305356924,17.389950017366417,False,False,0.269964790309998,0.11111318099468505,0.0,0.0,0.23614603085637662,0.24336459407273836,-0.019444940958944446,-0.016615386166528988
190,10.0,15.12901811538002,12.86872186865719,1.7917252178140364,0.8678461301236927,26.977866747652563,19.17950015908479,False,False,0.240141284547704,0.11669489900814123,0.0,0.0,0.23578585264129479,0.24317117361473836,-0.019600574749950302,-0.016684525779569522
190,10.5,18.176008330749106,13.97148960372569,2.2450431254152328,0.8898140247973342,26.793113676902927,17.581310228019312,False,False,0.28592638007202514,0.11600534874662635,0.0,0.0,0.2354792153679282,0.24298143658918714,-0.019734244170722372,-0.016752682034289076
190,11.0,17.43034092198193,12.839579133945305,2.355686282761726,0.8996808149188327,26.409145243014798,17.33408996832213,False,False,0.2639245272155547,0.10542032970909179,0.0,0.0,0.2351151669691047,0.24278926271736304,-0.0198943531308162,-0.016822052057111833
190,11.5,18.174193444306688,12.588469124157953,2.5962317240655826,0.9098093258139676,25.917843178823773,15.414538476005342,False,True,0.2630241081006546,0.09380466485456393,0.0,0.0,0.23473737278354306,0.2425961909497933,-0.020062146770958356,-0.01689209112648961
190,12.0,17.263145995038837,11.483672696274454,2.682368065982769,0.9097865228181324,25.50684303249296,15.087759282599947,False,True,0.24075737321984594,0.0842976569922625,0.0,0.0,0.23432927650140628,0.24240218484678153,-0.020245296923852768,-0.016962819390019028
190,12.5,17.614362724387618,11.300211400821695,2.8080669064495636,0.9097202512248294,25.29935370173567,14.310202223214883,False,True,0.2413520672006776,0.08005872883952621,0.0,0.0,0.23391055255432994,0.2422085349690937,-0.020435291172071105,-0.017033769941962238
190,13.0,17.52096054712869,11.337655359020511,2.7473776607038456,0.895406000098312,25.39200885684148,14.352103442278615,False,True,0.24183245287197236,0.08052438387852895,0.0,0.0,0.23347615717831743,0.24201524384440945,-0.020634645841246645,-0.01710494193882687
190,13.5,16.657064859928752,10.962063892484974,2.6648232922737063,0.9088477922541811,25.31392479263836,14.939843435790337,False,False,0.2284363017420642,0.08021393838118202,0.0,0.0,0.23304984025459266,0.24182412415803126,-0.020832550055116427,-0.017175663026616
190,14.0,17.35058743907276,11.867003492602098,2.5837981649486537,0.9084568677391635,25.691785113181307,14.945349059636847,False,True,0.24408235793968655,0.0867569323314949,0.0,0.0,0.23263438616606255,0.24163163594216966,-0.021027591091732443,-0.01724724293890257
190,14.5,15.022067547876212,9.694617919962662,2.610469593791705,0.9145560034713048,24.82154652770013,14.874013619190965,False,False,0.19746559235749905,0.07127973337873507,0.0,0.0,0.23222959818946554,0.2414395390366539,-0.021219720890453184,-0.017319031962969435
190,15.0,14.919293937693997,9.571473982431101,2.6203621884108688,0.9073594918509187,24.744116697551625,14.470076542441687,False,False,0.19475866562964111,0.06931070332963488,0.0,0.0,0.23182175049035614,0.24124700352865777,-0.02141542213590255,-0.01739134242950271
190,15.5,14.472079869681785,9.368080959415174,2.545295005071068,0.8948596998919915,24.721215121746745,14.467239158219188,False,False,0.18857361698631636,0.06800551437828707,0.0,0.0,0.23141297955113185,0.24105572088810837,-0.02161372798918607,-0.01746353885219112
190,16.0,14.143162908370844,9.494991335875156,2.409697281283647,0.9014320267524774,24.901974631552683,15.021042351047967,False,False,0.18695341253753311,0.0715697471847728,0.0,0.0,0.23101411040354194,0.24086636412966525,-0.021809342787237694,-0.017535360374407095
190,16.5,13.357419593366007,9.452521415724432,2.15802244666856,0.8816839437104124,25.198438903628425,15.907354803474137,False,False,0.18094140099948858,0.07531543386097722,0.0,0.0,0.23063285504622108,0.24067650007673166,-0.02199829415015312,-0.01760772793850703
190,17.0,11.953664634642859,8.933157117800697,1.8474709350604681,0.8658142128433897,25.426911022794773,17.126234202424836,False,False,0.16507597256919948,0.07833604519927562,0.0,0.0,0.23028400397438184,0.24048948008242854,-0.0221728969589011,-0.017679359627644824
190,17.5,11.542118139364176,8.895391779883477,1.7675411518407467,0.8721031609296976,25.48912784343598,17.056455913522324,False,False,0.1595120663847026,0.07929793305429042,0.0,0.0,0.22997505850431188,0.2403048072202027,-0.022328906877623213,-0.017750433284377976
190,18.0,9.013391167093559,7.515700341501691,1.3024644969006285,0.8400600273736822,25.799373012042267,19.315483261762466,False,False,0.12801537692376802,0.08276474016643368,0.0,0.0,0.22967662838378716,0.2401196550827461,-0.022480850196464553,-0.01782203342250893
190,18.5,7.227743994256141,6.37868051791279,1.0115425458771112,0.8120296746589637,25.96632758652997,20.57690005174591,False,False,0.10420748797563295,0.08360988183694654,0.0,0.0,0.2294377924788196,0.23993890580070684,-0.022603339664599074,-0.01789226311216116
190,19.0,5.528865792347163,5.109297112148759,0.78680874786726,0.7850041126267061,25.844374894496212,21.024367580867725,False,False,0.07884213587897879,0.07841989556280951,0.0,0.0,0.22923635630202047,0.2397620454121299,-0.022707266852120475,-0.01796130118199478
190,19.5,3.4742606751690253,3.621875377308276,0.46079383160413695,0.7046494853272522,13.109716946952652,14.731157951871008,False,False,0.05126690328276544,0.07777925181682395,0.0,0.0,0.22906388383858284,0.2395889433023938,-0.022796703447923665,-0.018029179756592222
190.0,20.0,0.0,0.0,0.0,0.0,0.0,0.0,0.0,0.0,0.0,0.0,0.0,0.0,0.22893328013786898,0.23942639280186884,-0.02286470808761836,-0.018093199160395274
190.0,20.5,0.0,0.0,0.0,0.0,0.0,0.0,0.0,0.0,0.0,0.0,0.0,0.0,0.22886171895132124,0.23935394703309698,-0.022902072106415455,-0.018121818668113493
190.0,21.0,0.0,0.0,0.0,0.0,0.0,0.0,0.0,0.0,0.0,0.0,0.0,0.0,0.2287904785146964,0.2392818080663395,-0.022939340935710702,-0.01815037058613935
190.0,21.5,0.0,0.0,0.0,0.0,0.0,0.0,0.0,0.0,0.0,0.0,0.0,0.0,0.2287195572785805,0.2392099734486692,-0.022976514575545528,-0.018178855321336885
190.0,22.0,0.0,0.0,0.0,0.0,0.0,0.0,0.0,0.0,0.0,0.0,0.0,0.0,0.2286489536681316,0.2391384407556467,-0.02301359304601751,-0.01820727327672602
190.0,22.5,0.0,0.0,0.0,0.0,0.0,0.0,0.0,0.0,0.0,0.0,0.0,0.0,0.22857866608499683,0.23906720759089042,-0.023050576386394572,-0.01823562485153108
190.0,23.0,0.0,0.0,0.0,0.0,0.0,0.0,0.0,0.0,0.0,0.0,0.0,0.0,0.22850869290914116,0.2389962715856543,-0.023087464654263444,-0.0182639104412287
190.0,23.5,0.0,0.0,0.0,0.0,0.0,0.0,0.0,0.0,0.0,0.0,0.0,0.0,0.2284390325005916,0.2389256303984135,-0.023124257924710272,-0.018292130437594797
190.0,24.0,0.0,0.0,0.0,0.0,0.0,0.0,0.0,0.0,0.0,0.0,0.0,0.0,0.2283696832010999,0.23885528171445752,-0.023160956289533224,-0.01832028522875091
191.0,0.5,0.0,0.0,0.0,0.0,0.0,0.0,0.0,0.0,0.0,0.0,0.0,0.0,0.22830064333572736,0.2387852232454909,-0.02319755985648508,-0.018348375199209916
191.0,1.0,0.0,0.0,0.0,0.0,0.0,0.0,0.0,0.0,0.0,0.0,0.0,0.0,0.22823191121435568,0.23871545272924116,-0.02323406874854512,-0.018376400729920816
191.0,1.5,0.0,0.0,0.0,0.0,0.0,0.0,0.0,0.0,0.0,0.0,0.0,0.0,0.22816348513312595,0.2386459679290737,-0.02327048310321903,-0.018404362198313068
191.0,2.0,0.0,0.0,0.0,0.0,0.0,0.0,0.0,0.0,0.0,0.0,0.0,0.0,0.22809536337580955,0.23857676663361396,-0.023306803071866028,-0.018432259978340006
191.0,2.5,0.0,0.0,0.0,0.0,0.0,0.0,0.0,0.0,0.0,0.0,0.0,0.0,0.2280275442151137,0.23850784665637606,-0.023343028819051845,-0.018460094440521945
191.0,3.0,0.0,0.0,0.0,0.0,0.0,0.0,0.0,0.0,0.0,0.0,0.0,0.0,0.22796002591392425,0.23843920583539846,-0.023379160521926994,-0.018487865951988168
191.0,3.5,0.0,0.0,0.0,0.0,0.0,0.0,0.0,0.0,0.0,0.0,0.0,0.0,0.22789280672648848,0.23837084203288575,-0.023415198369628992,-0.01851557487651872
191.0,4.0,0.0,0.0,0.0,0.0,0.0,0.0,0.0,0.0,0.0,0.0,0.0,0.0,0.22782588489954111,0.23830275313485721,-0.023451142562707836,-0.01854322157458522
191.0,4.5,0.0,0.0,0.0,0.0,0.0,0.0,0.0,0.0,0.0,0.0,0.0,0.0,0.2277592586733744,0.2382349370508016,-0.023486993312574096,-0.018570806403391298
191.0,5.0,0.0,0.0,0.0,0.0,0.0,0.0,0.0,0.0,0.0,0.0,0.0,0.0,0.22769292628285684,0.23816739171333765,-0.02352275084096808,-0.018598329716912266
191,5.5,9.967856575831076,10.065560900311045,0.34341585305152345,0.6736339647878749,32.84042250410354,34.32752667163761,False,False,0.3812139821682595,0.8620597945822912,0.0,0.0,0.2276268859584006,0.23810011507788095,-0.02355841537945016,-0.018625791865934403
191,6.0,11.271164463793818,11.36477524312906,0.4617033859058329,0.6715434483732867,32.22927573165363,33.37426038106912,False,False,0.3758380370863475,0.6082607852528604,0.0,0.0,0.22751737348757264,0.2379472620686589,-0.02361769880359867,-0.01868836586242532
191,6.5,12.777933967920356,12.746866287762092,0.724633911542876,0.7171407298147638,30.852763773304353,30.43032502831111,False,False,0.3306716767160751,0.34395671407454004,0.0,0.0,0.22739307582389748,0.23779494013969596,-0.023685201537935737,-0.01875097177426598
191,7.0,14.641120317810149,14.135415983709574,1.0534758096523378,0.7666723999790205,29.80452477018538,26.970141436546097,False,False,0.32369134546303946,0.24699520633853694,0.0,0.0,0.22723555893511804,0.23763707032386316,-0.023771075276611632,-0.01881612181429204
191,7.5,15.583932920523445,14.471025457402433,1.3675954839247355,0.8165828597052547,28.74704193731594,24.161796702560462,False,False,0.3034047500003696,0.18930131821653956,0.0,0.0,0.22703642178419783,0.23747314929442678,-0.023880170741024925,-0.018884054699117404
191,8.0,16.213611965241913,14.171535043838215,1.6647305792390228,0.8363410901974074,27.913696999813595,21.39275536427889,False,False,0.2868850713681505,0.15056820540422575,0.0,0.0,0.22679753870740987,0.2373031268457807,-0.02401182870483163,-0.01895482513434265
191,8.5,16.517042527203998,13.279068747067319,2.028283813675197,0.8731719329825556,26.88426296885634,18.48143161531513,False,False,0.2625613419251914,0.11742165717018166,0.0,0.0,0.22652107235303728,0.23713084344605578,-0.02416528153203398,-0.019026859245341456
191,9.0,16.71333421697753,12.458519499510139,2.3143377818771858,0.89432094083811,26.178812714739443,16.643645412198993,False,False,0.24830279855100812,0.09943213709700549,0.0,0.0,0.22619855714588263,0.23695412159082624,-0.024345772918944776,-0.019101088278628744
191,9.5,16.80678888373773,11.86670172089882,2.4922738214923412,0.900948694903445,25.776111449487647,15.660071743091924,False,False,0.24047420467983427,0.08992117073187499,0.0,0.0,0.22583986732684802,0.23677495778650054,-0.024548398943241786,-0.01917669550361039
191,10.0,16.586252975447454,10.70599738363622,2.7604265798764347,0.9066739694288396,25.075488785642705,14.22055971073292,False,True,0.2234784632332883,0.07590414060971545,0.0,0.0,0.2254587789811104,0.23659520066344636,-0.02476588352263767,-0.019252911732427117
191,10.5,16.519230157323268,10.483178687544125,2.81004409282447,0.9171135018836784,24.952277873656445,14.23016067594136,False,True,0.22005641672271392,0.07424583579764846,0.0,0.0,0.22504379388087314,0.23641496339343962,-0.02500532922681385,-0.01932969418120053
191,11.0,16.43476627172756,10.258568090495697,2.8448968108377497,0.9137063859691805,24.88165855661748,14.29563895310167,False,True,0.21789543299910796,0.07287302494404173,0.0,0.0,0.22462275894511535,0.2362336434112399,-0.025251090009546017,-0.019407306300236838
191,11.5,16.166279906110347,10.034389656245398,2.823289363966675,0.910625233242824,24.852206575891415,14.521569299328434,False,False,0.2137124756460378,0.07193334311905372,0.0,0.0,0.22419755407986516,0.23605300343885238,-0.025502211239101822,-0.019484996837234984
191,12.0,15.98167118515278,9.643745138294168,2.885969488679641,0.906715615701949,24.644481133528778,14.192606409378168,False,False,0.20762496886903375,0.06799314733405207,0.0,0.0,0.22377537256970392,0.2358730001618484,-0.0257544963351255,-0.01956278242110363
191,12.5,15.775336149198171,8.978943912687823,3.0381102238021658,0.9030021599250502,24.25170152354677,13.525243872179628,False,True,0.19865191439574834,0.061599836649332246,0.0,0.0,0.22334547184211997,0.23569373739647437,-0.026014455988395843,-0.019640615985652792
191,13.0,15.833476981298382,9.012081731709898,3.0869561101141905,0.9200350111927118,24.1758444585479,13.455521102291822,False,True,0.19803715359424162,0.06152205862010642,0.0,0.0,0.22289645012680795,0.23551518840639668,-0.02628932325405372,-0.019718506680652847
191,13.5,14.982625662360803,8.433904444075264,3.0360607124007464,0.922711321232761,23.92018428336852,13.630922366014143,False,False,0.18394809563952214,0.058234695573284936,0.0,0.0,0.22244146903434772,0.23533470771118023,-0.02657137541301753,-0.01979761439762926
191,14.0,14.820707484815749,8.442023806893731,2.9657676565355735,0.9193441844206399,23.98908122538277,13.788261530565727,False,False,0.18264924437580554,0.05877633562875449,0.0,0.0,0.22199323734924328,0.23515412310212241,-0.026852776115737186,-0.019877146414953643
191,14.5,14.386335055889424,8.220948081038788,2.9074974982957418,0.9216107038564184,23.911987014244744,13.903793818947172,False,False,0.1760923438192264,0.05774220723529179,0.0,0.0,0.22155422545694956,0.23497420302743088,-0.027131837201890368,-0.019956764627250517
191,15.0,13.871158498487599,7.91085488388443,2.858448864684334,0.9182405940039212,23.78011683999245,13.905608449835725,False,False,0.16799360173717715,0.05565123337014789,0.0,0.0,0.22112289974527513,0.2347942279069752,-0.027409384075669056,-0.020036787639075324
191,15.5,13.281114643666402,7.60600178326534,2.7914155707626525,0.9199606762615843,23.635397535669327,13.90395149631048,False,False,0.15906952332848834,0.053887400383531334,0.0,0.0,0.2206980835985683,0.23461491438174348,-0.0276860550732325,-0.02011689698387721
191,16.0,12.87328880949159,7.437653851849321,2.726643912520886,0.9166679355478968,23.56208203837859,13.793396778247999,False,False,0.15326432778721244,0.05274399078188858,0.0,0.0,0.22028206736965147,0.23443561216096384,-0.027960225630076076,-0.020197383146245296
191,16.5,12.276074337185722,7.336431336649254,2.575998313147118,0.9202979819011221,23.58576265632272,14.015762422760677,False,False,0.14633470034399632,0.05321545134305931,0.0,0.0,0.2198745613768921,0.23425695842599523,-0.028231929615375292,-0.020277960099994004
191,17.0,11.619808824540867,7.146797435089269,2.436869582235422,0.9145916939649599,23.555025826014557,14.093092560146413,False,False,0.13807577651000685,0.05242496830499539,0.0,0.0,0.21948650730742394,0.2340780693866787,-0.028493593048529643,-0.02035902724265475
191,17.5,10.793751010023392,6.991656209153472,2.2119320558212596,0.9052843400040049,23.6731097460453,14.461675588428074,False,False,0.1293285109380103,0.05327748244106116,0.0,0.0,0.2191164360719034,0.23390013321432154,-0.028745826759474413,-0.020440045928171047
191,18.0,9.841036829922032,6.794162411131571,1.98440340180827,0.906581114191575,23.776400144732992,14.94603070020537,False,False,0.11838792559195775,0.054174458026552255,0.0,0.0,0.21877528106663144,0.23372360723510913,-0.028980711633309668,-0.020520802394007265
191,18.5,7.611665166780196,5.854212015559858,1.4889585752636492,0.8873091386166088,23.920475004274287,16.561034578858255,False,False,0.09257718103546321,0.05501900185767845,0.0,0.0,0.218463371032973,0.23354713858362527,-0.029197464971584503,-0.020601912887045555
191,19.0,6.547391465212246,5.434578589776416,1.2527973618166628,0.8654772131940024,24.008609291031043,16.99422823314424,False,False,0.08017314239485943,0.05495743155173181,0.0,0.0,0.21821484582605924,0.23337334685684444,-0.029371554425419322,-0.020682166588990532
191,19.5,2.502564369199624,2.7838555118545845,0.4397730463120746,0.7891645043239746,12.255843679026354,14.53334925685842,False,False,0.03187848970184139,0.05663056052940727,0.0,0.0,0.21799666276625845,0.23320255675564183,-0.029525409807616917,-0.020761397345387057
191.0,20.0,0.0,0.0,0.0,0.0,0.0,0.0,0.0,0.0,0.0,0.0,0.0,0.0,0.21788233168278345,0.23304170941269453,-0.029606415628904866,-0.020836346465144862
191.0,20.5,0.0,0.0,0.0,0.0,0.0,0.0,0.0,0.0,0.0,0.0,0.0,0.0,0.21782428668467074,0.23298164402878843,-0.029647642987048313,-0.020864417430633702
191.0,21.0,0.0,0.0,0.0,0.0,0.0,0.0,0.0,0.0,0.0,0.0,0.0,0.0,0.21776648482663669,0.2329217936961378,-0.0296887656419283,-0.020892432722294886
191.0,21.5,0.0,0.0,0.0,0.0,0.0,0.0,0.0,0.0,0.0,0.0,0.0,0.0,0.21770892466921057,0.2328621569539438,-0.02972978389334196,-0.02092039262586009
191.0,22.0,0.0,0.0,0.0,0.0,0.0,0.0,0.0,0.0,0.0,0.0,0.0,0.0,0.21765160477417655,0.23280273235589072,-0.029770698047539314,-0.020948297424735817
191.0,22.5,0.0,0.0,0.0,0.0,0.0,0.0,0.0,0.0,0.0,0.0,0.0,0.0,0.2175945237050017,0.23274351846995844,-0.02981150841689399,-0.02097614740002896
191.0,23.0,0.0,0.0,0.0,0.0,0.0,0.0,0.0,0.0,0.0,0.0,0.0,0.0,0.21753768002724322,0.23268451387823796,-0.029852215319585828,-0.02100394283057189
191.0,23.5,0.0,0.0,0.0,0.0,0.0,0.0,0.0,0.0,0.0,0.0,0.0,0.0,0.2174810723089351,0.23262571717674982,-0.02989281907929525,-0.021031683992947445
191.0,24.0,0.0,0.0,0.0,0.0,0.0,0.0,0.0,0.0,0.0,0.0,0.0,0.0,0.21742469912095516,0.23256712697526516,-0.029933320024908935,-0.02105937116151338
192.0,0.5,0.0,0.0,0.0,0.0,0.0,0.0,0.0,0.0,0.0,0.0,0.0,0.0,0.21736855903737332,0.2325087418971298,-0.029973718490236407,-0.021087004608426666
192.0,1.0,0.0,0.0,0.0,0.0,0.0,0.0,0.0,0.0,0.0,0.0,0.0,0.0,0.21731265063578192,0.2324505605790914,-0.03001401481373693,-0.021114584603667157
192.0,1.5,0.0,0.0,0.0,0.0,0.0,0.0,0.0,0.0,0.0,0.0,0.0,0.0,0.2172569724976084,0.23239258167112833,-0.030054209338257032,-0.021142111415061372
192.0,2.0,0.0,0.0,0.0,0.0,0.0,0.0,0.0,0.0,0.0,0.0,0.0,0.0,0.21720152320841232,0.23233480383628258,-0.030094302410776954,-0.021169585308305486
192.0,2.5,0.0,0.0,0.0,0.0,0.0,0.0,0.0,0.0,0.0,0.0,0.0,0.0,0.21714630135816557,0.2322772257504942,-0.03013429438216745,-0.02119700654698837
192.0,3.0,0.0,0.0,0.0,0.0,0.0,0.0,0.0,0.0,0.0,0.0,0.0,0.0,0.21709130554151773,0.2322198461024385,-0.030174185606955103,-0.021224375392614292
192.0,3.5,0.0,0.0,0.0,0.0,0.0,0.0,0.0,0.0,0.0,0.0,0.0,0.0,0.21703653435804732,0.23216266359336651,-0.030213976443096542,-0.021251692104624974
192.0,4.0,0.0,0.0,0.0,0.0,0.0,0.0,0.0,0.0,0.0,0.0,0.0,0.0,0.21698198641249836,0.2321056769369467,-0.03025366725176111,-0.021278956940421773
192.0,4.5,0.0,0.0,0.0,0.0,0.0,0.0,0.0,0.0,0.0,0.0,0.0,0.0,0.21692766031500407,0.23204888485911032,-0.030293258397121926,-0.021306170155387383
192.0,5.0,0.0,0.0,0.0,0.0,0.0,0.0,0.0,0.0,0.0,0.0,0.0,0.0,0.21687355468129763,0.2319922860978982,-0.030332750246154384,-0.021333332002907164
192,5.5,2.509994577985645,2.3940092725119726,0.22506144190703323,0.14905972881572185,14.258658611130363,12.344858729937211,False,False,0.04707125826997097,0.03109610678852929,0.0,0.0,0.21681966813291062,0.23193587940331054,-0.030372143168442656,-0.021360442734390403
192,6.0,9.40753655548866,9.21968778778363,0.8800726661361458,0.791489551869273,28.278114690619926,26.015338178280636,False,False,0.17158597990218913,0.15485152925920836,0.0,0.0,0.21673731909053554,0.2318606684404623,-0.030432460971911657,-0.0213966552407066
192,6.5,12.123324734235265,11.218532109315682,1.2424481530932527,0.8145358440651828,27.8096989983379,22.752048566281914,False,False,0.20984965562355873,0.13839535262514271,0.0,0.0,0.2165717164887503,0.23170378045662018,-0.030554191772662234,-0.021472429231166632
192,7.0,14.197348015604085,12.240334682687259,1.5910499962347264,0.8488973560386158,27.35939863876502,20.650093132491385,False,False,0.23427144817099524,0.1264484702073088,0.0,0.0,0.2163601503555139,0.23154414400643958,-0.0307105544691614,-0.02154985908878113
192,7.5,15.43294493180449,12.64716300920136,1.8131971865787424,0.8607397227551952,27.145796816140823,19.6110277347643,False,False,0.24914005349225848,0.12076045507779726,0.0,0.0,0.2161043745527207,0.2313803159563046,-0.03090086625628774,-0.02162966818025557
192,8.0,16.16530569637729,12.67281603622799,2.007738219496823,0.8755805026383422,26.78304768688026,18.614447537931557,False,False,0.2537134000245237,0.11319087377858841,0.0,0.0,0.2158205022055831,0.23121516479127796,-0.031113731120583275,-0.021710478527791035
192,8.5,16.620604275429653,12.378748992527816,2.2139976723746018,0.8916696580187019,26.356898495770245,17.429359681760626,False,False,0.2505841632404172,0.10296168570531303,0.0,0.0,0.21551204990876613,0.23104830723393413,-0.03134701127615429,-0.02179248941733372
192,9.0,16.940271383318578,11.947972230252581,2.4391739415111346,0.9191613724559871,25.9319442644891,16.624925635681212,False,False,0.24543535858194226,0.09466091126168968,0.0,0.0,0.2151775230253574,0.23087958302999353,-0.03160237115998664,-0.021875793375208643
192,9.5,17.047249436764275,11.395395719283268,2.5972567379103806,0.9168022846607413,25.60966938673413,15.863088684080026,False,False,0.23969214864925348,0.08660900975048624,0.0,0.0,0.21481450961577797,0.23070753796009882,-0.031882285501120634,-0.02196112792326116
192,10.0,17.36808590949533,11.331428303673327,2.6971808223469558,0.9207862010196569,25.46824371760679,15.415915898554559,False,True,0.2413437203867296,0.08403226279669745,0.0,0.0,0.21443155828041843,0.23053597484640512,-0.03218078168906171,-0.022046618663925523
192,10.5,17.51077303538655,11.724880238163802,2.6217990249076872,0.9240245103400512,25.71429652148101,15.712957010181995,False,False,0.24682715820942547,0.08827240525116095,0.0,0.0,0.21403607904737565,0.23036408424401603,-0.03249254459599878,-0.022132670549548848
192,11.0,17.810336426295198,11.79135373963485,2.6501461872702685,0.9108527309674826,25.737801976108145,15.782469702629811,False,True,0.2535188504835462,0.08916732755784806,0.0,0.0,0.21365041034424465,0.2301919600399635,-0.032800045570794675,-0.022219240684197696
192,11.5,17.548292189582078,11.280051125827214,2.7439785536430423,0.9211000882196944,25.458130283071405,15.556410641754027,False,True,0.24381387570715737,0.08423949158606689,0.0,0.0,0.21326133242004677,0.23002169230015754,-0.03311378471347562,-0.022305274339748705
192,12.0,7.1977788547690125,5.393283043503431,1.0441699293007576,0.4321035212350341,12.859790421052965,8.190984430536504,False,False,0.1015054871903021,0.04184557339999569,0.0,0.0,0.21286049904097348,0.22985029555151346,-0.033440749667357245,-0.02239227963363121
192,12.5,16.892587143541775,10.999077484773922,2.6500429422241925,0.9253027750991193,25.307236882172177,15.164895864619858,False,False,0.22982394522540323,0.08088133175422457,0.0,0.0,0.21267647761453373,0.22974138874357286,-0.03359214594032054,-0.022447773578569318
192,13.0,16.149046858831444,10.49526132522874,2.5975979779738263,0.9146743760989968,25.088971724747005,14.945835282653778,False,False,0.21568199787689835,0.07627269254328392,0.0,0.0,0.2122880146616869,0.22956980686466907,-0.03391442840819604,-0.022535536706820212
192,13.5,16.934452573977993,10.563742581760902,2.777298510379694,0.9272259765484867,24.96162170487065,14.801298496173093,False,True,0.22505487110310396,0.07638930224852776,0.0,0.0,0.21190643301723522,0.22939975303624546,-0.03423459490187969,-0.022622921918926703
192,14.0,16.469769484774275,10.496796301016866,2.6676643595442875,0.920285979504417,25.010284877734094,15.173760895675949,False,False,0.21967228204787417,0.07723151240809871,0.0,0.0,0.21150214849485752,0.22922827235752474,-0.03457774739489518,-0.022711449479431774
192,14.5,16.015993102980552,10.84061500488615,2.4232250420313517,0.9031817942839923,25.404947383527187,16.209846451051312,False,False,0.2208302044016115,0.08418810323859015,0.0,0.0,0.21111203058924424,0.2290578477180445,-0.03491276754959221,-0.02279984110710316
192,15.0,15.96698558601412,11.081900349430246,2.3512427614617026,0.9101249581420207,25.48944028332391,16.35174378015768,False,False,0.22186438399133174,0.08738186273439802,0.0,0.0,0.2107532566763142,0.22888977341803732,-0.03522428951910923,-0.022887415452130147
192,15.5,14.670672890628412,10.50595172320256,2.149829485588774,0.900198423551214,25.505835329107352,17.1666964258467,False,False,0.20407758721715039,0.08739865002581176,0.0,0.0,0.21040384886107677,0.22872098411293024,-0.03553086737935337,-0.022975765987650578
192,16.0,13.481573813586085,9.714558055291466,2.020491399571432,0.8915252655045262,25.315187305553163,17.245535642778826,False,False,0.18437591669832493,0.0829260118000642,0.0,0.0,0.21008029968983097,0.22855362865645168,-0.035817595215236364,-0.023063767475915164
192,16.5,13.6689029380182,10.290400516469486,1.9471085608943295,0.8785663798254236,25.545132652113455,16.911921362618543,False,False,0.18982781697231754,0.08622303241156554,0.0,0.0,0.20977342322192988,0.22838754645204976,-0.03609209866859369,-0.023151496757010677
192,17.0,12.58880068987181,10.454693409094503,1.5575249159016595,0.851440688282449,26.344388809747663,19.351777601346075,False,False,0.1879413102579373,0.10349312315934979,0.0,0.0,0.20947608773369317,0.22822328278882104,-0.036360461789232905,-0.023238656800961818
192,17.5,11.952341338306631,9.90719027535436,1.5432796289648405,0.858473337388709,26.07857373681245,18.872912248163686,False,False,0.17409643834517569,0.09780483361207104,0.0,0.0,0.20922858639231956,0.2280626421499693,-0.03658566130908761,-0.02332427281448892
192,18.0,10.59372748305228,9.162768736305743,1.35356364005666,0.865419732588671,26.07762960932759,19.652383850300286,False,False,0.15429368536727744,0.09911357187937736,0.0,0.0,0.20898308760953122,0.22790127082995953,-0.036810682351649755,-0.02341065691657019
192,18.5,10.931968311871675,9.601074996608167,1.3692167260808115,0.846677296551252,26.1493554538444,19.020068251825677,False,False,0.16027252579436613,0.09931022696846127,0.0,0.0,0.20876195093833097,0.22773917902518287,-0.0370147863160197,-0.023497810726455466
192,19.0,9.179200236955111,8.457227966656127,1.1260927997336239,0.8295302273328369,26.21190821293203,19.91068781451413,False,False,0.13535567189217196,0.09953886072054195,0.0,0.0,0.2085390044650556,0.22757963955677557,-0.03722192714271265,-0.02358396995058554
192,19.5,5.79478917110008,5.758827289801456,0.6940804186217611,0.8261647396095202,26.31151937205567,22.35972294950743,False,False,0.08624578698554759,0.10230694834232885,0.0,0.0,0.2083472237131237,0.22742244836061937,-0.03740121754285709,-0.023669229379568682
192.0,20.0,0.0,0.0,0.0,0.0,0.0,0.0,0.0,0.0,0.0,0.0,0.0,0.0,0.20821067811980062,0.22726584846422979,-0.03752949744084329,-0.023754533513868675
192.0,20.5,0.0,0.0,0.0,0.0,0.0,0.0,0.0,0.0,0.0,0.0,0.0,0.0,0.20816276260803435,0.22721469073623418,-0.03757463662763801,-0.02378247983385415
192.0,21.0,0.0,0.0,0.0,0.0,0.0,0.0,0.0,0.0,0.0,0.0,0.0,0.0,0.20811502744549099,0.2271636939809202,-0.037619670252125724,-0.0238103772150388
192.0,21.5,0.0,0.0,0.0,0.0,0.0,0.0,0.0,0.0,0.0,0.0,0.0,0.0,0.20806747150940796,0.22711285747730642,-0.037664598753803916,-0.02383822574682982
192.0,22.0,0.0,0.0,0.0,0.0,0.0,0.0,0.0,0.0,0.0,0.0,0.0,0.0,0.2080200936843501,0.22706218050390317,-0.03770942257180117,-0.023866025521198004
192.0,22.5,0.0,0.0,0.0,0.0,0.0,0.0,0.0,0.0,0.0,0.0,0.0,0.0,0.20797289286221918,0.2270116623388871,-0.037754142144802674,-0.023893776632581482
192.0,23.0,0.0,0.0,0.0,0.0,0.0,0.0,0.0,0.0,0.0,0.0,0.0,0.0,0.20792586794226137,0.22696130226026928,-0.03779875791097772,-0.02392147917779172
192.0,23.5,0.0,0.0,0.0,0.0,0.0,0.0,0.0,0.0,0.0,0.0,0.0,0.0,0.207879017831071,0.226911099546057,-0.03784327030791109,-0.02394913325592246
192.0,24.0,0.0,0.0,0.0,0.0,0.0,0.0,0.0,0.0,0.0,0.0,0.0,0.0,0.20783234144259186,0.2268610534744087,-0.037887679772536625,-0.023976738968261545
193.0,0.5,0.0,0.0,0.0,0.0,0.0,0.0,0.0,0.0,0.0,0.0,0.0,0.0,0.20778583769811573,0.22681116332378376,-0.037931986741074133,-0.02400429641820483
193.0,1.0,0.0,0.0,0.0,0.0,0.0,0.0,0.0,0.0,0.0,0.0,0.0,0.0,0.20773950552627857,0.2267614283730856,-0.037976191648968406,-0.02403180571117317
193.0,1.5,0.0,0.0,0.0,0.0,0.0,0.0,0.0,0.0,0.0,0.0,0.0,0.0,0.2076933438630539,0.22671184790179968,-0.038020294930831165,-0.024059266954531443
193.0,2.0,0.0,0.0,0.0,0.0,0.0,0.0,0.0,0.0,0.0,0.0,0.0,0.0,0.20764735165174417,0.22666242119012575,-0.038064297020385475,-0.024086680257510255
193.0,2.5,0.0,0.0,0.0,0.0,0.0,0.0,0.0,0.0,0.0,0.0,0.0,0.0,0.20760152784296998,0.22661314751910494,-0.03810819835041222,-0.024114045731129668
193.0,3.0,0.0,0.0,0.0,0.0,0.0,0.0,0.0,0.0,0.0,0.0,0.0,0.0,0.20755587139465695,0.22656402617074164,-0.038151999352699424,-0.024141363488125425
193.0,3.5,0.0,0.0,0.0,0.0,0.0,0.0,0.0,0.0,0.0,0.0,0.0,0.0,0.20751038127202087,0.22651505642812048,-0.03819570045799331,-0.02416863364287731
193.0,4.0,0.0,0.0,0.0,0.0,0.0,0.0,0.0,0.0,0.0,0.0,0.0,0.0,0.20746505644755092,0.22646623757551868,-0.03823930209595161,-0.02419585631133932
193.0,4.5,0.0,0.0,0.0,0.0,0.0,0.0,0.0,0.0,0.0,0.0,0.0,0.0,0.20741989590099078,0.2264175688985135,-0.038282804695099495,-0.02422303161097243
193,5.0,4.4439471855543795,4.522826627882161,0.15448344392018953,0.6658803708544194,16.100698902586924,17.90054382644025,False,False,0.14732294803004725,0.6809754934342014,0.0,0.0,0.2073748986193187,0.22636904968408522,-0.0383262086827864,-0.024250159660679064
193,5.5,5.1108981800596585,5.174252629426059,0.18151215624316802,0.6785998868085147,32.18927820319513,34.542954318512116,False,False,0.16900643598908294,0.6750876878527488,0.0,0.0,0.20731037734089666,0.22623582422914376,-0.03838854770598853,-0.024324835006731233
193,6.0,8.972617457030863,9.083561563358929,0.32946179442650375,0.6625637190183605,32.08515385446519,34.24010356726155,False,False,0.2904193068174904,0.621168857711154,0.0,0.0,0.20724257297878834,0.22610112593197124,-0.038454189005817464,-0.024400614619950856
193,6.5,12.697423071912034,12.730918725646054,0.5937943376904837,0.6686755124499077,31.22582269522466,31.46994680998712,False,False,0.3498176642739651,0.4213942098400616,0.0,0.0,0.20715607525095214,0.22596861851031436,-0.03853812154906454,-0.02447543628512927
193,7.0,14.246253051655398,14.055455208696713,0.8571795056677733,0.7479744867211684,30.099706175067915,28.7165225143492,False,False,0.3284349236383679,0.3041179272799077,0.0,0.0,0.2070360521751462,0.22583547889901917,-0.03865494706954856,-0.02455089040718571
193,7.5,15.598788691776573,14.7266986602666,1.2288080419297829,0.7974010246353629,28.695068080750772,24.936389932375235,False,False,0.30167687164048457,0.2055639994230919,0.0,0.0,0.20688262350092998,0.22569237997272282,-0.03880490328374613,-0.02463229800650573
193,8.0,16.30905124687759,14.640123064240695,1.508676337746346,0.8462508614498981,27.793053548728402,22.038681292031157,False,False,0.2817924417926345,0.1627866637859456,0.0,0.0,0.20668199450423944,0.22554312778979083,-0.03900203867665998,-0.024717549038660476
193,8.5,16.818713720449573,14.109206195422853,1.79427771673306,0.8608367354095838,26.910333596741204,19.463414659709883,False,False,0.2673127782177327,0.13193889729061672,0.0,0.0,0.2064458574854746,0.22538779518142135,-0.039235594601467264,-0.024806646724295566
193,9.0,15.494177038955726,13.306789000774017,1.7083220012360154,0.8654971084728665,26.607685933640077,19.03267121986383,False,False,0.23717696649949044,0.12076601243509691,0.0,0.0,0.2061734809062483,0.22523074785062228,-0.039507066850675586,-0.024897117256055267
193,9.5,16.54949364741903,13.55030642097718,1.919261933814407,0.8893742193158405,26.30324974746639,17.876984111726422,False,False,0.24612125105286722,0.11504048726210624,0.0,0.0,0.20591221237423776,0.22507324999258443,-0.0397695733748414,-0.024988242418988955
193,10.0,14.981114620696761,12.928851613045229,1.6761223201892326,0.8669765665971986,26.446866612822966,19.066823758190807,False,False,0.22582860836221083,0.11717334081863018,0.0,0.0,0.2056242167081922,0.22491285213567777,-0.04006134547319623,-0.025081454190814225
193,10.5,17.98478612651889,13.434726217822138,2.275031468992851,0.9114228829224156,25.76485304932921,16.369921232740666,False,True,0.25671784792402597,0.1053370344099033,0.0,0.0,0.20536735759603209,0.22475545058225174,-0.04032372672829288,-0.02517332773959022
193,11.0,18.10070412251589,13.518671379433556,2.275850974704183,0.9114406477831902,25.74230799304576,16.332447704340144,False,True,0.25789236801709337,0.10544983812884907,0.0,0.0,0.20503432948983807,0.224592526608478,-0.04066696934428365,-0.02526884730419933
193,11.5,16.758504643413723,12.76799967619247,2.14868714762811,0.9007409116192797,25.55045912378671,16.043544404133335,False,False,0.23284314211553758,0.09809470692436582,0.0,0.0,0.20470134769956988,0.22442974126644608,-0.041013650344338466,-0.02536471719784213
193,12.0,16.85249398462301,11.699945834293812,2.409060307790011,0.9078524814824375,24.999555636098155,15.496485210012622,False,False,0.22495194245161126,0.08783191883221364,0.0,0.0,0.20438472058477036,0.22426845972362502,-0.0413465746370461,-0.025460129143042777
193,12.5,16.07388204566614,10.835557656385078,2.450978339600786,0.9207354757468157,24.56838626496375,15.281759709473112,False,False,0.20695888761005643,0.08054887910132974,0.0,0.0,0.20403506232067195,0.22410641165013234,-0.041717978827899044,-0.025556425545490376
193,13.0,16.727571229175197,10.787906470644447,2.6002575923360483,0.9065434847782418,24.342950987006187,14.022034402055656,False,True,0.2116171396081528,0.07571606778401585,0.0,0.0,0.20368021035363468,0.22394286099927818,-0.042098970983622426,-0.02565405518196464
193,13.5,16.75663996040466,11.102217487686207,2.531428499233969,0.9120786440996959,24.46072128418664,14.316477584662149,False,True,0.21396147307780344,0.07896155263626664,0.0,0.0,0.2033064824513313,0.22378125744108673,-0.0425047207201384,-0.02575095930271352
193,14.0,15.034596384719269,10.025588999545885,2.375087265952024,0.9198145890137942,24.198515819102063,15.315426727784276,False,False,0.18801124067731917,0.07528910052236998,0.0,0.0,0.202941671882211,0.22361908652592163,-0.04290529084010793,-0.02584864237929568
193,14.5,15.558676211749884,10.35925987391191,2.415531490346527,0.9176294367630722,24.19588463907818,14.653532424672935,False,False,0.19440099123149152,0.0754895283883383,0.0,0.0,0.20259692968294343,0.22345606724407338,-0.043287965419957025,-0.025947281762432942
193,15.0,15.164126062573438,10.26506759581679,2.3379192348029876,0.9160507335038663,24.179573011062935,14.79864623776548,False,False,0.18923888899806832,0.07563642657058522,0.0,0.0,0.20224717806156176,0.22329346331726427,-0.04368036363831193,-0.02604611691887418
193,15.5,13.89058151645828,9.461237867202826,2.1877965717465306,0.8984459959441066,24.013044417854736,15.20613915570178,False,False,0.1710802394845348,0.071759647637252,0.0,0.0,0.20190746041830476,0.22313119691852631,-0.04406556841605699,-0.02614519439921123
193,16.0,14.274167231160025,9.751536046098224,2.2415443282309986,0.9170140957021461,23.949747794703867,14.498081425407097,False,False,0.17399955318578914,0.07174619330581314,0.0,0.0,0.20158701609698892,0.2229713097501202,-0.04443263416566662,-0.026243258682850754
193,16.5,12.599927073589766,9.068365381144918,1.9349614020540777,0.8972254441506323,24.062895423578702,15.984655991631417,False,False,0.15560716480918185,0.07334706043096242,0.0,0.0,0.2012598644687995,0.22280919167182575,-0.044811147657626706,-0.02634313904852572
193,17.0,12.395374093709254,9.320799473012247,1.8132006591478111,0.8866766781954235,24.315384811986426,16.348647917268956,False,False,0.1560903963525065,0.07748551728787478,0.0,0.0,0.2009719226303176,0.22264973006143848,-0.04514747801875293,-0.026441824936345715
193,17.5,12.193391626097654,9.351185135340856,1.7857689075182794,0.8993214967462098,24.2478286670823,16.124977180979105,False,False,0.15263110267031862,0.07771323005421624,0.0,0.0,0.20069963733536814,0.22249174692933618,-0.04546829102235721,-0.026540030516999723
193,18.0,10.737828690126118,8.740243611961123,1.4904510419013755,0.8650266631548923,24.538702713972825,17.16503956795672,False,False,0.1370785393616759,0.07996765345675648,0.0,0.0,0.20043098714377328,0.22233228613145362,-0.04578748657016647,-0.02663959565659559
193,18.5,9.445206297280032,8.185209364448925,1.2583515157137029,0.8624985662232331,24.72950572763472,18.237729329383995,False,False,0.12245193219746392,0.08404078179730665,0.0,0.0,0.20020010870204402,0.22217732880155006,-0.046063938859667204,-0.026736775540037828
193,19.0,7.578985715572888,7.143078470834535,0.8727379232272815,0.8003114237789185,25.570964856794696,20.903220778220675,False,False,0.10549157259449699,0.09671677211399979,0.0,0.0,0.19999894509958013,0.22202282630276834,-0.046306433366882095,-0.02683409099991273
193,19.5,5.63032196076034,5.689751471600162,0.578311392801906,0.8011887851927665,26.19480316179279,23.34191339292269,False,False,0.08289279234482984,0.11466334113573567,0.0,0.0,0.19984705824648885,0.22187638064395865,-0.046490534936008174,-0.026926721576963273
193.0,20.0,0.0,0.0,0.0,0.0,0.0,0.0,0.0,0.0,0.0,0.0,0.0,0.0,0.19973282711219997,0.2217299548333029,-0.04662956887857426,-0.02701972075667829
193.0,20.5,0.0,0.0,0.0,0.0,0.0,0.0,0.0,0.0,0.0,0.0,0.0,0.0,0.19969242713293997,0.22168575789179404,-0.046678859385334726,-0.027047866642233888
193.0,21.0,0.0,0.0,0.0,0.0,0.0,0.0,0.0,0.0,0.0,0.0,0.0,0.0,0.19965216167909347,0.22164169159858496,-0.046728047544900224,-0.027075964112061323
193.0,21.5,0.0,0.0,0.0,0.0,0.0,0.0,0.0,0.0,0.0,0.0,0.0,0.0,0.19961202995965807,0.2215977554509998,-0.04677713379662181,-0.02710401322802251
193.0,22.0,0.0,0.0,0.0,0.0,0.0,0.0,0.0,0.0,0.0,0.0,0.0,0.0,0.19957203118957204,0.22155394894474517,-0.04682611857782174,-0.027132014054707568
193.0,22.5,0.0,0.0,0.0,0.0,0.0,0.0,0.0,0.0,0.0,0.0,0.0,0.0,0.19953216458967263,0.22151027157405437,-0.04687500232378673,-0.027159966659347088
193.0,23.0,0.0,0.0,0.0,0.0,0.0,0.0,0.0,0.0,0.0,0.0,0.0,0.0,0.19949242938665407,0.2214667228318274,-0.046923785467762366,-0.027187871111726228
193.0,23.5,0.0,0.0,0.0,0.0,0.0,0.0,0.0,0.0,0.0,0.0,0.0,0.0,0.19945282481302573,0.22142330220976542,-0.04697246844094783,-0.027215727484101723
193.0,24.0,0.0,0.0,0.0,0.0,0.0,0.0,0.0,0.0,0.0,0.0,0.0,0.0,0.19941335010707004,0.2213800091985018,-0.0470210516724915,-0.027243535851120593
194.0,0.5,0.0,0.0,0.0,0.0,0.0,0.0,0.0,0.0,0.0,0.0,0.0,0.0,0.1993740045128005,0.2213368432877279,-0.04706953558948709,-0.027271296289741127
194.0,1.0,0.0,0.0,0.0,0.0,0.0,0.0,0.0,0.0,0.0,0.0,0.0,0.0,0.19933478727991974,0.22129380396631532,-0.04711792061697027,-0.027299008879156057
194.0,1.5,0.0,0.0,0.0,0.0,0.0,0.0,0.0,0.0,0.0,0.0,0.0,0.0,0.1992956976637774,0.22125089072243384,-0.04716620717791604,-0.027326673700717494
194.0,2.0,0.0,0.0,0.0,0.0,0.0,0.0,0.0,0.0,0.0,0.0,0.0,0.0,0.19925673492532817,0.22120810304366514,-0.04721439569323655,-0.02735429083786402
194.0,2.5,0.0,0.0,0.0,0.0,0.0,0.0,0.0,0.0,0.0,0.0,0.0,0.0,0.1992178983310898,0.2211654404171132,-0.0472624865817797,-0.027381860376049727
194.0,3.0,0.0,0.0,0.0,0.0,0.0,0.0,0.0,0.0,0.0,0.0,0.0,0.0,0.19917918715310123,0.22112290232951043,-0.04731048026032767,-0.027409382402674928
194.0,3.5,0.0,0.0,0.0,0.0,0.0,0.0,0.0,0.0,0.0,0.0,0.0,0.0,0.1991406006688809,0.22108048826732055,-0.04735837714359636,-0.027436857007018926
194.0,4.0,0.0,0.0,0.0,0.0,0.0,0.0,0.0,0.0,0.0,0.0,0.0,0.0,0.19910213816138456,0.22103819771683772,-0.047406177644235624,-0.02746428428017439
194.0,4.5,0.0,0.0,0.0,0.0,0.0,0.0,0.0,0.0,0.0,0.0,0.0,0.0,0.19906379891896395,0.22099603016428251,-0.047453882172829344,-0.027491664314983483
194,5.0,1.7746284524435718,1.7927068234169325,0.05348083016697209,0.08549047198323305,16.106925400302792,16.968896764515325,False,False,0.058984440052822024,0.09560199445695973,0.0,0.0,0.19902558223532513,0.2209539850958941,-0.04750149113789598,-0.027518997205975847
194,5.5,7.515960995455621,7.648559326802992,0.2509996432465107,0.7013547946727215,31.792764728038804,34.672596104676714,False,False,0.22961146777959573,0.6811222412372413,0.0,0.0,0.19898067219823923,0.22090116770889945,-0.0475575111949334,-0.027553378924021692
194,6.0,11.53245882061305,11.644827423440825,0.507771470376966,0.708898884551804,30.776772211457672,31.899419352173254,False,False,0.294796602955922,0.44685591435306904,0.0,0.0,0.19891071295037713,0.22076999047180823,-0.047644934134975406,-0.027638990989053702
194,6.5,13.015224243157196,12.812561728338949,0.8517541361267091,0.7910964532835073,28.7937495502931,27.32372647292335,False,False,0.25230342566231,0.24651893332593047,0.0,0.0,0.1988081530245321,0.2206379728145998,-0.047773442116113236,-0.027725471736264596
194,7.0,14.486102117943897,13.983420012171958,1.0202293841923002,0.7974494738792828,28.443647636694116,25.92708455641082,False,False,0.2693265333646138,0.22056793498431884,0.0,0.0,0.19866187821518227,0.2204956009272546,-0.04795744029514111,-0.02781909680674932
194,7.5,15.433656691279323,14.352667203788705,1.270948578758394,0.8455404624473466,27.551952806443985,23.432384504594076,False,False,0.25986215840731763,0.17949921166706034,0.0,0.0,0.19849425324159914,0.22035253938635657,-0.048169333957881914,-0.02791355508373402
194,8.0,16.128827412556575,14.688451940849893,1.4020256750057196,0.8502738818818574,27.16704467841986,22.2641635466474,False,False,0.2629070750526115,0.16510449011416717,0.0,0.0,0.19829479685344026,0.22020346890456002,-0.04842292063908647,-0.028012387686172098
194,8.5,16.521733926795406,14.192691265196606,1.6431989061482377,0.8632421223866162,26.409427732312203,20.036405980614497,False,False,0.2504170651414608,0.1375163186142035,0.0,0.0,0.19807875470682204,0.2200539141597058,-0.04869939096371526,-0.028111960607033682
194,9.0,16.886895560482177,14.23438761153136,1.743235515489076,0.8835156188247437,26.151576484075928,19.348495168239886,False,False,0.24964045583741135,0.1317416546493331,0.0,0.0,0.19783209627952575,0.21990282527134797,-0.04901734390721007,-0.028212983476004087
194,9.5,16.522694271868943,13.15989439815413,1.9126707195856145,0.8911282524313986,25.4933347753487,18.01890041135072,False,False,0.2303916043315372,0.11286150341458565,0.0,0.0,0.19757280634474447,0.21974927081979462,-0.04935424972160968,-0.028316098407431208
194,10.0,16.587299840390134,12.824273878074356,2.03299343635081,0.9075578674537776,25.113795554154535,17.209781699147474,False,False,0.22388976136335725,0.1049631850231954,0.0,0.0,0.19729204059119138,0.21959486372711487,-0.049722176074415,-0.028420239005176453
194,10.5,16.357671745518477,11.77408256572366,2.21415509802667,0.9057422126877489,24.479205441223975,15.914362619902313,False,False,0.20974160380406912,0.09034408039419997,0.0,0.0,0.19699605690999963,0.2194384799373704,-0.05011358879193822,-0.02852617827565046
194,11.0,16.15733243381615,11.505888762161252,2.2132458202100165,0.9127619827051944,24.337529553689166,15.897316394571298,False,False,0.20443740086833398,0.08808933896282298,0.0,0.0,0.19667710177972,0.21928244401616784,-0.05053949621256789,-0.028632351164318982
194,11.5,15.882015305680637,10.974929396051023,2.2932306012588572,0.9195981342865317,23.98343596272387,15.449671594762414,False,False,0.19560281353098957,0.08222469789725992,0.0,0.0,0.19635837636734121,0.21912562956410736,-0.05096941202474679,-0.02873952850078639
194,12.0,15.850377558883835,10.530735670882756,2.3905240736859423,0.9123517748726825,23.651470138735846,14.640753390936453,False,False,0.19028304770133392,0.07587666199667345,0.0,0.0,0.19602957148198588,0.21896805950685688,-0.05141749783694335,-0.028847704082299433
194,12.5,15.642980235719072,9.927269943865463,2.510931926080335,0.9270652931270494,23.182637379011062,13.945445349221034,False,False,0.18127811983415484,0.06950048882233455,0.0,0.0,0.1956884807981371,0.2188115279478617,-0.05188729532016464,-0.02895564740014748
194,13.0,15.466887798466068,9.859596590004802,2.4908647546581273,0.9299481256559713,23.132003598126705,14.087524133368511,False,False,0.17866580465701581,0.06952876277901518,0.0,0.0,0.1953321581599184,0.21865323601159403,-0.052383545040876736,-0.029065294415840562
194,13.5,15.075562052033717,9.433522280323782,2.495984684101324,0.9296389351979452,22.897673945552647,13.944739051012045,False,False,0.1711278257526907,0.066180899716139,0.0,0.0,0.19497850406980605,0.21849469085113896,-0.052881679855856255,-0.029175613088066436
194,14.0,14.701878100739936,9.14286089745623,2.474286378908612,0.9254293667435479,22.746206667748595,13.906423555953477,False,False,0.16509742752362222,0.06412559385792277,0.0,0.0,0.19462430824864094,0.21833629877359528,-0.053386244984195606,-0.029286323773729913
194,14.5,14.299678928661319,8.947384696478737,2.410980713479569,0.9259508103870249,22.669001347458142,14.05810803985521,False,False,0.15961010178063773,0.06343636051257262,0.0,0.0,0.19427298760671366,0.21817855635650804,-0.053892390867135535,-0.029397078195875073
194,15.0,13.909223271232651,8.863939784384272,2.3270495755914187,0.9240230267544627,22.66781117893021,14.276758526675508,False,False,0.15523536085693596,0.06378655052099666,0.0,0.0,0.19392984367837007,0.2180208602580234,-0.054392285503860036,-0.029508299284289056
194,15.5,13.455458834950402,8.586117633241415,2.2826949296652486,0.9249098978579726,22.512791887710712,14.203846386840087,False,False,0.14849144053105437,0.06203805922089765,0.0,0.0,0.19359750422203817,0.21786352213680094,-0.05488171531827775,-0.02961976791461604
194,16.0,13.093121361785684,8.44426965926029,2.2228337209491915,0.9152800019763495,22.43323186133388,14.02385602304901,False,False,0.1435960398301413,0.0605722664310881,0.0,0.0,0.19327092529651022,0.21770618286285953,-0.05536778171475495,-0.029731739430810845
194,16.5,12.658806500231588,8.20618881514191,2.159801419220486,0.9025770405859421,22.32670855373152,13.803155758059138,False,False,0.1377585057388307,0.058681121930337685,0.0,0.0,0.1929520823522152,0.21755018216887645,-0.0558472904810504,-0.029843256605843527
194,17.0,12.116723712837127,8.086187785112074,2.0560715658379047,0.9010344764620581,22.288757659298092,13.912462964504368,False,False,0.13146691229006494,0.058464674386478996,0.0,0.0,0.19264137890069438,0.2173959112182626,-0.05631932568790776,-0.029954027721547098
194,17.5,11.476279935585623,7.95621027246424,1.9175269900326346,0.8965725032596299,22.312301296370826,14.100241002496205,False,False,0.12463085695716962,0.058803909341045145,0.0,0.0,0.1923440005590752,0.21724194736686311,-0.056775575481001046,-0.030065067095446606
194,18.0,10.557520332576573,7.774247799691752,1.7226190480107997,0.894764739686849,22.41821762531719,14.61916212595471,False,False,0.11517747829645153,0.06008658765836849,0.0,0.0,0.19206438328349218,0.21708866220166176,-0.057208598034902455,-0.030176104538184225
194,18.5,9.36357100283811,7.468304303463877,1.46380719619338,0.8846658893278533,22.624652618972274,15.511237072088417,False,False,0.10361900270563304,0.06265754238683882,0.0,0.0,0.19180970903811348,0.21693571704998726,-0.0576064212110148,-0.03028738300606703
194,19.0,7.424201982812587,6.543456942726099,1.120364303792475,0.8686836568626262,22.79075316078025,16.954648482926117,False,False,0.08311797610935383,0.06430148025831056,0.0,0.0,0.19158812070385137,0.21678416803084452,-0.05795524540126882,-0.030398128272652165
194,19.5,4.818548291395577,4.835614029560801,0.695894021928193,0.8448036152848984,23.019521687848126,19.251383031085116,False,False,0.05482900801425378,0.06627574959427553,0.0,0.0,0.19141040248188707,0.21663476444471352,-0.058236829011492075,-0.03050777834697961
194.0,20.0,0.0,0.0,0.0,0.0,0.0,0.0,0.0,0.0,0.0,0.0,0.0,0.0,0.19128687935428262,0.21648851229804766,-0.0584335042884327,-0.030615572268276537
194.0,20.5,0.0,0.0,0.0,0.0,0.0,0.0,0.0,0.0,0.0,0.0,0.0,0.0,0.19125213904487345,0.21645002373836647,-0.05848896081962958,-0.030644015325820347
194.0,21.0,0.0,0.0,0.0,0.0,0.0,0.0,0.0,0.0,0.0,0.0,0.0,0.0,0.19121750128313175,0.21641164265661886,-0.05854431609474829,-0.030672410315196675
194.0,21.5,0.0,0.0,0.0,0.0,0.0,0.0,0.0,0.0,0.0,0.0,0.0,0.0,0.19118296551739197,0.2163733686232361,-0.05859957052438771,-0.03070075733163351
194.0,22.0,0.0,0.0,0.0,0.0,0.0,0.0,0.0,0.0,0.0,0.0,0.0,0.0,0.19114853120003503,0.21633520120889507,-0.05865472451693948,-0.03072905647169807
194.0,22.5,0.0,0.0,0.0,0.0,0.0,0.0,0.0,0.0,0.0,0.0,0.0,0.0,0.1911141977874538,0.21629713998457706,-0.058709778478597666,-0.03075730783324997
194.0,23.0,0.0,0.0,0.0,0.0,0.0,0.0,0.0,0.0,0.0,0.0,0.0,0.0,0.1910799647400197,0.21625918452162482,-0.05876473281336802,-0.030785511515395415
194.0,23.5,0.0,0.0,0.0,0.0,0.0,0.0,0.0,0.0,0.0,0.0,0.0,0.0,0.19104583152204865,0.21622133439179744,-0.05881958792307783,-0.030813667618442685
194.0,24.0,0.0,0.0,0.0,0.0,0.0,0.0,0.0,0.0,0.0,0.0,0.0,0.0,0.19101179760176795,0.21618358916732358,-0.05887434420738555,-0.030841776243858567
195.0,0.5,0.0,0.0,0.0,0.0,0.0,0.0,0.0,0.0,0.0,0.0,0.0,0.0,0.1909778624512832,0.21614594842095267,-0.05892900206379054,-0.030869837494226025
195.0,1.0,0.0,0.0,0.0,0.0,0.0,0.0,0.0,0.0,0.0,0.0,0.0,0.0,0.1909440255465453,0.21610841172600445,-0.058983561887643095,-0.03089785147320293
195.0,1.5,0.0,0.0,0.0,0.0,0.0,0.0,0.0,0.0,0.0,0.0,0.0,0.0,0.19091028636731802,0.21607097865641683,-0.059038024072154305,-0.030925818285481722
195.0,2.0,0.0,0.0,0.0,0.0,0.0,0.0,0.0,0.0,0.0,0.0,0.0,0.0,0.19087664439714558,0.21603364878679193,-0.05909238900840612,-0.030953738036750174
195.0,2.5,0.0,0.0,0.0,0.0,0.0,0.0,0.0,0.0,0.0,0.0,0.0,0.0,0.1908430991233206,0.2159964216924407,-0.05914665708536158,-0.03098161083365307
195.0,3.0,0.0,0.0,0.0,0.0,0.0,0.0,0.0,0.0,0.0,0.0,0.0,0.0,0.1908096500368524,0.21595929694942553,-0.05920082868987466,-0.03100943678375516
195.0,3.5,0.0,0.0,0.0,0.0,0.0,0.0,0.0,0.0,0.0,0.0,0.0,0.0,0.19077629663243523,0.21592227413460202,-0.059254904206701105,-0.031037215995504394
195.0,4.0,0.0,0.0,0.0,0.0,0.0,0.0,0.0,0.0,0.0,0.0,0.0,0.0,0.1907430384084171,0.21588535282565868,-0.059308884018508104,-0.031064948578196815
195.0,4.5,0.0,0.0,0.0,0.0,0.0,0.0,0.0,0.0,0.0,0.0,0.0,0.0,0.1907098748667688,0.21584853260115525,-0.05936276850588496,-0.031092634641941883
195.0,5.0,0.0,0.0,0.0,0.0,0.0,0.0,0.0,0.0,0.0,0.0,0.0,0.0,0.19067680551305288,0.21581181304055994,-0.05941655804735354,-0.031120274297628935
195,5.5,7.52667023752269,7.703295303686664,0.3523354955327744,0.6843310767833796,29.488342541389812,32.17650072272622,False,False,0.15939818352496768,0.3148859334280429,0.0,0.0,0.19064382985639342,0.21577519372428483,-0.05947025301937839,-0.031147867656894233
195,6.0,10.85844849556406,10.937168646065997,0.6072058501862612,0.7377427386932687,28.60887231477563,29.05131480700438,False,False,0.20585608248424653,0.25496002232314274,0.0,0.0,0.19056604831523466,0.2156514680172664,-0.059597135568354664,-0.031241313236232204
195,6.5,12.93795462777262,12.670393897207413,0.877632340947272,0.7974034361125895,27.57907717341294,25.936779497886036,False,False,0.2184683034539179,0.20276985786941507,0.0,0.0,0.1904558806602859,0.21552103532141656,-0.059777400953317274,-0.03134018626918439
195,7.0,14.232379439105832,13.272917752480046,1.1625127957460373,0.8326986510620412,26.514090078529968,22.727263932067892,False,False,0.21591740385981095,0.15779238906942852,0.0,0.0,0.1903113440493932,0.2153830988892918,-0.06001488993048869,-0.03144515332391911
195,7.5,15.080755225111428,13.250701293737261,1.4259023514139,0.8682243753801184,25.63844198136514,20.2192012551696,False,False,0.21115504348961986,0.13128157960159087,0.0,0.0,0.1901305960967037,0.21524076326902525,-0.06031346183231896,-0.03155390751249365
195,8.0,15.590478180163618,12.93971427871092,1.6515062451046072,0.8976204866267505,24.886768005349673,18.414629787398724,False,False,0.2057670325495312,0.11425630518862256,0.0,0.0,0.18991637497387534,0.2150939986752381,-0.06066962194786872,-0.03166651535760885
195,8.5,15.819910381971782,12.100265723684256,1.8873117792056926,0.8996333412103261,24.142633959954416,16.52803277040124,False,False,0.1968266946259583,0.0961607450216376,0.0,0.0,0.18967349534299568,0.2149435858129754,-0.061076464865020656,-0.03178241958042194
195,9.0,15.881022160673165,11.423908180637767,2.062221314443672,0.9110858620015867,23.581459557186008,15.426250773277516,False,False,0.18925909171400576,0.08569471922191366,0.0,0.0,0.18940065671381653,0.21479301380062613,-0.06153737476318138,-0.03189895305262326
195,9.5,15.787254703483798,10.803904042236653,2.195211090850124,0.9164268572484523,23.125758496254228,14.687567995820423,False,False,0.18198863817745914,0.07806291459584212,0.0,0.0,0.18910561876974974,0.21464107931118726,-0.06204045803699999,-0.03201705739330035
195,10.0,15.495611786663737,10.09311084828947,2.3242663054300245,0.9320530565779361,22.610441989120844,14.134880046035505,False,False,0.1722203190813407,0.07103640808371045,0.0,0.0,0.1887937230023489,0.21448856075162234,-0.06257762419555238,-0.0321361401379412
195,10.5,15.000458772378158,9.147571648152134,2.4522719446265357,0.9261584448925251,22.02319569565391,13.433272547259223,False,True,0.16018877340512183,0.062283174682841905,0.0,0.0,0.18846547034691313,0.21433414705016718,-0.0631489574070654,-0.03225724054923578
195,11.0,14.54216120207857,8.60162974149953,2.492748398160427,0.9262126092406286,21.67653176872523,13.251479158027614,False,True,0.15173778794591264,0.05805405492214358,0.0,0.0,0.18812099410012098,0.21418058026640263,-0.06375522471799494,-0.032378216403467906
195,11.5,14.158975867405463,8.241662675939804,2.521433961925107,0.9324758056001349,21.406143988532488,13.174415569224852,False,False,0.14521652473456542,0.05546984595988477,0.0,0.0,0.18777144789963643,0.21402710193603997,-0.06437751733621529,-0.03249966306914343
195,12.0,14.02902634774563,8.009525182186565,2.575602109657303,0.9426695757184927,21.150181018546764,12.919843945247642,False,True,0.14148077437455914,0.0533570515191141,0.0,0.0,0.18741833384417078,0.2138729204317677,-0.06501352400243597,-0.03262221303807171
195,12.5,13.688668064651598,7.664545386840748,2.6202123203950394,0.9496839794093572,20.83844761516541,12.732083086657019,False,True,0.13540021255029744,0.05063535306102551,0.0,0.0,0.18705840417295055,0.2137175344786428,-0.06566952632910432,-0.03274627782578736
195,13.0,13.38360743162362,7.341144938627623,2.633660386325034,0.9429698296396327,20.59566692882826,12.476643299849918,False,True,0.1303715779200116,0.048039737982896874,0.0,0.0,0.18669287643958551,0.21356134884326997,-0.06634381935774727,-0.032871548038068785
195,13.5,12.980336390286137,7.040810003886965,2.6060850569828196,0.9317722385333794,20.408105154325654,12.367154244251338,False,True,0.12497932988578536,0.045932360189360186,0.0,0.0,0.1863257212852083,0.21340611260658734,-0.06702943550174693,-0.03299662296394531
195,14.0,12.606203909340836,6.9156205915508835,2.5640479637900495,0.9464992778746264,20.262503920985296,12.481861754462088,False,False,0.12025819250696484,0.04549665080479859,0.0,0.0,0.18596216600066356,0.2132523967211277,-0.06771666367558137,-0.033121032054134095
195,14.5,12.070587731933593,6.619587687389204,2.5206799968711833,0.9414355664385573,20.042062250810886,12.442171421266519,False,False,0.11365194966854475,0.04351321121317451,0.0,0.0,0.18560405305712663,0.21309689715604327,-0.06840182716622617,-0.0332474538224515
195,15.0,11.591536227148348,6.386517580446046,2.4597417554381265,0.9354077297749601,19.87338630806247,12.407217883547212,False,False,0.10802304434942155,0.04199777956115521,0.0,0.0,0.18525155162287466,0.21294213552084854,-0.06908433623135041,-0.033373846918420526
195,15.5,11.280178422823552,6.425757148382155,2.3692696262286685,0.9488218075208975,19.871924454926617,12.628812244675878,False,False,0.10509037493294188,0.042937876614598205,0.0,0.0,0.18490690030129148,0.21278823429759228,-0.06975950512791892,-0.033500105457674324
195,16.0,10.83341355971715,6.222688272590283,2.308026344540858,0.9419433934687469,19.71718370562182,12.51925618179541,False,False,0.09998837679046219,0.04148580146945315,0.0,0.0,0.18457386225532052,0.2126327155716844,-0.07041940559399536,-0.03362826952123003
195,16.5,10.456473112040241,6.140441744938896,2.2117911710243208,0.9295666422672009,19.692609036905264,12.5195509495234,False,False,0.09634399944620531,0.04103068063256461,0.0,0.0,0.18424871235171683,0.2124781648964985,-0.07107086382827466,-0.03375621499298969
195,17.0,9.962725957152212,6.016117354370934,2.109977972328506,0.9281708389027268,19.61468087982014,12.557222662195253,False,False,0.0913489579585697,0.04056929880397116,0.0,0.0,0.18393590928797102,0.21232528256686767,-0.0717043721446127,-0.03388335036586593
195,17.5,9.525184029786491,6.110221066560681,1.9772119316708459,0.9476665465228475,19.671198142270445,12.819301038553482,False,False,0.08758075850159558,0.04220748245394914,0.0,0.0,0.1836361634734674,0.21217266887819777,-0.07231775855305274,-0.03401083175470149
195,18.0,8.697719055917748,5.933594387805188,1.7975583497040681,0.9473155633360236,19.657147949615283,13.114982008263985,False,False,0.07978129873811778,0.04213863834934246,0.0,0.0,0.18335341890409385,0.21201766119696627,-0.0729020924647018,-0.03414089831617035
195,18.5,7.498720386458771,5.598910717565414,1.5346012589473865,0.9410947929838034,19.655245116349544,13.706139201658917,False,False,0.06877573379415824,0.04214813220482149,0.0,0.0,0.1830936501817418,0.2118627882739819,-0.07344390790642646,-0.034271444111418
195,19.0,5.843377106630324,5.010848563266883,1.1514370157177762,0.909618141712152,19.832518905753425,14.996816352058001,False,False,0.05414689575632654,0.042635639336373314,0.0,0.0,0.1828674724993647,0.21170879774599285,-0.07391957163860916,-0.03440183621908307
195,19.5,3.1526382510447375,3.5265200285341143,0.5892815377554048,0.8105382432654811,10.052723488408708,11.550534809370008,False,False,0.029685452705332394,0.0405485509908406,0.0,0.0,0.1826902037868918,0.2115589076754118,-0.07429494448591163,-0.03452932432531366
195.0,20.0,0.0,0.0,0.0,0.0,0.0,0.0,0.0,0.0,0.0,0.0,0.0,0.0,0.18258465299647678,0.21142173256924374,-0.07451953085654145,-0.03464649138459275
195.0,20.5,0.0,0.0,0.0,0.0,0.0,0.0,0.0,0.0,0.0,0.0,0.0,0.0,0.18255427648051617,0.21138793518575524,-0.07458431451456372,-0.034675431854300054
195.0,21.0,0.0,0.0,0.0,0.0,0.0,0.0,0.0,0.0,0.0,0.0,0.0,0.0,0.1825239800559595,0.21135422601751166,-0.07464899421180791,-0.03470432548062837
195.0,21.5,0.0,0.0,0.0,0.0,0.0,0.0,0.0,0.0,0.0,0.0,0.0,0.0,0.18249376333124542,0.21132060470557373,-0.07471357033580531,-0.03473317237961308
195.0,22.0,0.0,0.0,0.0,0.0,0.0,0.0,0.0,0.0,0.0,0.0,0.0,0.0,0.18246362591750145,0.21128707089207752,-0.07477804327201815,-0.03476197266769834
195.0,22.5,0.0,0.0,0.0,0.0,0.0,0.0,0.0,0.0,0.0,0.0,0.0,0.0,0.18243356742852118,0.21125362422025143,-0.07484241340385174,-0.03479072646171566
195.0,23.0,0.0,0.0,0.0,0.0,0.0,0.0,0.0,0.0,0.0,0.0,0.0,0.0,0.18240358748074204,0.21122026433443297,-0.07490668111266638,-0.034819433878862695
195.0,23.5,0.0,0.0,0.0,0.0,0.0,0.0,0.0,0.0,0.0,0.0,0.0,0.0,0.18237368569322296,0.2111869908800844,-0.07497084677778967,-0.03484809503668288
195.0,24.0,0.0,0.0,0.0,0.0,0.0,0.0,0.0,0.0,0.0,0.0,0.0,0.0,0.18234386168762254,0.211153803503808,-0.07503491077652828,-0.034876710053045566
196.0,0.5,0.0,0.0,0.0,0.0,0.0,0.0,0.0,0.0,0.0,0.0,0.0,0.0,0.18231411508817702,0.21112070185336043,-0.07509887348418029,-0.03490527904612635
196.0,1.0,0.0,0.0,0.0,0.0,0.0,0.0,0.0,0.0,0.0,0.0,0.0,0.0,0.18228444552167897,0.21108768557766702,-0.07516273527404661,-0.03493380213438798
196.0,1.5,0.0,0.0,0.0,0.0,0.0,0.0,0.0,0.0,0.0,0.0,0.0,0.0,0.1822548526174557,0.21105475432683443,-0.07522649651744331,-0.03496227943656234
196.0,2.0,0.0,0.0,0.0,0.0,0.0,0.0,0.0,0.0,0.0,0.0,0.0,0.0,0.18222533600734814,0.21102190775216373,-0.07529015758371319,-0.03499071107163187
196.0,2.5,0.0,0.0,0.0,0.0,0.0,0.0,0.0,0.0,0.0,0.0,0.0,0.0,0.18219589532568983,0.21098914550616232,-0.07535371884023771,-0.03501909715881234
196.0,3.0,0.0,0.0,0.0,0.0,0.0,0.0,0.0,0.0,0.0,0.0,0.0,0.0,0.18216653020928614,0.21095646724255537,-0.07541718065244875,-0.03504743781753556
196.0,3.5,0.0,0.0,0.0,0.0,0.0,0.0,0.0,0.0,0.0,0.0,0.0,0.0,0.18213724029739353,0.21092387261629694,-0.07548054338384035,-0.03507573316743263
196.0,4.0,0.0,0.0,0.0,0.0,0.0,0.0,0.0,0.0,0.0,0.0,0.0,0.0,0.18210802523169933,0.2108913612835801,-0.07554380739598014,-0.03510398332831784
196.0,4.5,0.0,0.0,0.0,0.0,0.0,0.0,0.0,0.0,0.0,0.0,0.0,0.0,0.1820788846563013,0.21085893290184704,-0.07560697304852146,-0.035132188420172746
196.0,5.0,0.0,0.0,0.0,0.0,0.0,0.0,0.0,0.0,0.0,0.0,0.0,0.0,0.1820498182176878,0.21082658712979838,-0.07567004069921415,-0.035160348563130495
196,5.5,6.206024819884038,6.400340789957534,0.5736731028139194,0.7781801965320104,24.47134589491723,25.714805955303554,False,False,0.07879983948389224,0.10692270491579016,0.0,0.0,0.18202082556471758,0.21079432362740205,-0.07573301070391711,-0.03518846387746114
196,6.0,9.670757595870409,9.244536471553367,0.9392301419456289,0.8267712804255858,24.169440969781505,21.160827692648986,False,False,0.11990330970319538,0.10574335520842548,0.0,0.0,0.18191880158619084,0.2106629763845455,-0.07595509659505521,-0.03530320037834634
196,6.5,12.022716070389965,10.645159759090173,1.242154882613513,0.8662043604397369,23.78647030849261,18.93623854340747,False,False,0.1447438104384246,0.10145183186786952,0.0,0.0,0.18177026674569635,0.2105255186378605,-0.07627981622356224,-0.03542375228629462
196,7.0,13.323076376572953,10.92711792579452,1.5112951042508533,0.8973335820412048,23.19824690290902,17.122377951155755,False,False,0.15356297597387164,0.09195924301440475,0.0,0.0,0.18158320210744694,0.21038311708155635,-0.0766911242100821,-0.03554915758933108
196,7.5,14.039142771305162,10.699309521214268,1.7568687763567639,0.92631368793157,22.570468565049524,15.71788321424695,False,False,0.15477635629841097,0.08258743415427967,0.0,0.0,0.1813619125850119,0.21023682956543763,-0.07718110103947017,-0.035678536250107355
196,8.0,14.324252375877876,10.053755889176202,1.9596915803654409,0.9162822504831859,21.94406680901882,14.42325833272055,False,False,0.15208906848784298,0.07221549197747625,0.0,0.0,0.1811094009899021,0.2100869296250279,-0.07774477324377241,-0.035811692191050584
196,8.5,14.321038483932952,9.430355378159417,2.123740495738084,0.926959559005549,21.410724252507862,13.722162545965443,False,False,0.14686166496913358,0.06530591525563717,0.0,0.0,0.1808311148470684,0.20993838827947742,-0.07837167229492302,-0.035944225780316245
196,9.0,14.270919847340066,9.094575524157115,2.2301973034073295,0.9483989222450354,21.051986617367877,13.431986100796689,False,False,0.14299872793848173,0.062042207485211706,0.0,0.0,0.18053199488612098,0.20978856622674696,-0.07905223239033865,-0.036078494468208
196,9.5,13.72205412151271,8.184730558345063,2.3369855855760813,0.933217086721319,20.480101188970266,12.837835871343778,False,True,0.1327709842235012,0.05429531799125957,0.0,0.0,0.18021937989699333,0.20963609170108968,-0.079771035421623,-0.03621575428174611
196,10.0,13.139125112377734,7.649338528830055,2.383288173719539,0.9476238382507233,20.04479849316255,12.765706971499268,False,True,0.12383284556517829,0.05051555783933145,0.0,0.0,0.1798932273082966,0.20948563111850343,-0.08052928223344975,-0.036351811459942256
196,10.5,12.438257387399203,7.01450828257102,2.4102182582653557,0.9477182328735756,19.578831204879066,12.586077338183076,False,True,0.11403113601896028,0.04597731449793015,0.0,0.0,0.17956124465211595,0.20933341359912228,-0.08130991865735303,-0.03649007756915093
196,11.0,11.556645946921464,6.3454707865613775,2.4114020115501136,0.9446845451866542,19.067110815724988,12.476583713317337,False,True,0.10289430217984626,0.04134513821432065,0.0,0.0,0.17922590029425534,0.20918126268438306,-0.08210763102806676,-0.03662890982078566
196,11.5,10.768842950004048,5.867214651604997,2.3618738433871647,0.9411108900961314,18.706595282809715,12.555989507963321,False,True,0.09393788327757116,0.03833728075996091,0.0,0.0,0.17889047483728873,0.20902957667408192,-0.08291488190504522,-0.036767944781428225
196,12.0,10.519167367387354,5.756653032176901,2.3578583228913983,0.9512690726715928,18.522209060099065,12.555601038537556,False,True,0.09083221224218663,0.0375493934146641,0.0,0.0,0.17856143032065933,0.20887842405894563,-0.08371598071625495,-0.03690711676454439
196,12.5,10.193758407212417,5.536706342590817,2.339353468216746,0.9440594754639661,18.31856762423969,12.447140833706111,False,True,0.08703680490162964,0.03594270861067793,0.0,0.0,0.17823296662088584,0.20872605463541172,-0.08452487997727104,-0.03704804482890307
196,13.0,9.77650290090853,5.388493621060057,2.295508320691195,0.9541360614561359,18.131848328811188,12.55593508283718,False,True,0.08264461749034666,0.03519219709714953,0.0,0.0,0.17790692983636258,0.20857468131244056,-0.08533702878569155,-0.037188686935834506
196,13.5,9.148408376678606,5.1221215503967406,2.202513045560035,0.9465786957998624,17.9329253492523,12.701940429431144,False,True,0.07651932065060907,0.03372253212065937,0.0,0.0,0.17758654883546746,0.2084221009494833,-0.08614416223069328,-0.03733109475338784
196,14.0,8.987365094986039,5.09156237800706,2.1538351512132836,0.9442360616537283,17.909967322622116,12.777426306054524,False,True,0.07507080308207513,0.03370753449042752,0.0,0.0,0.17727808664224273,0.20827056037766528,-0.08692987733736764,-0.03747317568124275
196,14.5,8.445807761056898,4.932645390220738,2.0648400398765068,0.949554828672444,17.73602106214429,12.961275020565438,False,False,0.06989947470922497,0.03290337766457193,0.0,0.0,0.17697589545767067,0.20811939475828545,-0.08770791269794696,-0.037615547432710415
196,15.0,7.9388585191935706,4.704934905932726,1.9781296178200758,0.9398265011662255,17.561843313982337,12.999743527558245,False,False,0.06509758384741086,0.03158986590671317,0.0,0.0,0.17668511270744436,0.20796762746824465,-0.08846442051505907,-0.03775913466445822
196,15.5,7.641146008602835,4.671135014151668,1.9089812178881487,0.9485002864422796,17.488308059968794,13.110194679906407,False,False,0.06241215980026425,0.03161284337815963,0.0,0.0,0.17640544693961235,0.20781717569286232,-0.08919935143985507,-0.03790212233314691
196,16.0,7.245306390086133,4.573777572217943,1.8199987388884549,0.9522638251339931,17.391574446668717,13.22309656981998,False,False,0.058871723350791556,0.03129474158454558,0.0,0.0,0.176134659871112,0.20766569409325222,-0.08991789213236638,-0.03804674100174215
196,16.5,6.986093408147209,4.493762637577509,1.7499374777708159,0.9384482150797515,17.354837704677706,13.1858094297054,False,False,0.05665151498705049,0.030779388024902446,0.0,0.0,0.17587527871026185,0.20751380809095177,-0.09061264273776733,-0.03819240633113513
196,17.0,6.594419048506725,4.438842418902277,1.65085246511838,0.9445301396984992,17.297643201261014,13.334001044833212,False,False,0.0533089004720871,0.03079976499317162,0.0,0.0,0.1756248919718342,0.20736375754249575,-0.09128937705510379,-0.03833696432300798
196,17.5,6.163826339503746,4.351450204689855,1.5317632565675898,0.9386304013348707,17.282053680761123,13.482532666990572,False,False,0.049778812256544944,0.03069818699587932,0.0,0.0,0.1753871979336298,0.2072130065476713,-0.09193738480852619,-0.03848285408941192
196,18.0,5.710789391720393,4.341603397612724,1.3867603710940886,0.9487804558930953,17.376611942590824,13.818353714158798,False,False,0.04629545785984401,0.031772345891988484,0.0,0.0,0.17516474548826533,0.2070630816627341,-0.09254881091042828,-0.038628600907890914
196,18.5,4.984174856802499,4.169150505161227,1.1748420297567197,0.9307022176074031,17.503352324258103,14.339701535521897,False,False,0.04066769422925879,0.03223010100735311,0.0,0.0,0.17496083659190917,0.20691193731883536,-0.09311352898195933,-0.03877619941976683
196,19.0,3.779585452582492,3.7041172517452523,0.8672372282768187,0.9041744857143307,17.61736814068789,15.4100501001767,False,False,0.031020416393997982,0.032284841197783715,0.0,0.0,0.17478399817359733,0.2067631704284431,-0.09360660322023108,-0.03892213289615485
196,19.5,1.7543753551180052,2.614827687763617,0.3891794090656293,0.8802766221219928,8.89062434794053,12.14854142150959,False,False,0.014521569883647372,0.03269414734275188,0.0,0.0,0.17464642353351373,0.20661785743794173,-0.0939923517899541,-0.03906531045025228
196.0,20.0,0.0,0.0,0.0,0.0,0.0,0.0,0.0,0.0,0.0,0.0,0.0,0.0,0.17456983368453016,0.20647566292116323,-0.09420792443952543,-0.03920602324097502
196.0,20.5,0.0,0.0,0.0,0.0,0.0,0.0,0.0,0.0,0.0,0.0,0.0,0.0,0.17454290231471942,0.20644571731685113,-0.0942838664333583,-0.039235733732054384
196.0,21.0,0.0,0.0,0.0,0.0,0.0,0.0,0.0,0.0,0.0,0.0,0.0,0.0,0.17451603492071346,0.20641584422964496,-0.09435970071653955,-0.03926539900753375
196.0,21.5,0.0,0.0,0.0,0.0,0.0,0.0,0.0,0.0,0.0,0.0,0.0,0.0,0.17448923121776985,0.20638604336881972,-0.09443542765575597,-0.03929501918988399
196.0,22.0,0.0,0.0,0.0,0.0,0.0,0.0,0.0,0.0,0.0,0.0,0.0,0.0,0.1744624909229553,0.20635631444485972,-0.09451104761583354,-0.03932459440150898
196.0,22.5,0.0,0.0,0.0,0.0,0.0,0.0,0.0,0.0,0.0,0.0,0.0,0.0,0.17443581375513065,0.20632665716946016,-0.09458656095975056,-0.03935412476473694
196.0,23.0,0.0,0.0,0.0,0.0,0.0,0.0,0.0,0.0,0.0,0.0,0.0,0.0,0.17440919943493707,0.20629707125552849,-0.09466196804864768,-0.03938361040181168
196.0,23.5,0.0,0.0,0.0,0.0,0.0,0.0,0.0,0.0,0.0,0.0,0.0,0.0,0.17438264768478157,0.20626755641718522,-0.0947372692418398,-0.03941305143488457
196.0,24.0,0.0,0.0,0.0,0.0,0.0,0.0,0.0,0.0,0.0,0.0,0.0,0.0,0.17435615822882294,0.20623811236976514,-0.09481246489682714,-0.03944244798600608
197.0,0.5,0.0,0.0,0.0,0.0,0.0,0.0,0.0,0.0,0.0,0.0,0.0,0.0,0.17432973079295785,0.20620873882981772,-0.09488755536930667,-0.03947180017711816
197.0,1.0,0.0,0.0,0.0,0.0,0.0,0.0,0.0,0.0,0.0,0.0,0.0,0.0,0.17430336510480715,0.2061794355151077,-0.09496254101318255,-0.039501108130046446
197.0,1.5,0.0,0.0,0.0,0.0,0.0,0.0,0.0,0.0,0.0,0.0,0.0,0.0,0.1742770608937019,0.20615020214461555,-0.09503742218057801,-0.03953037196649245
197.0,2.0,0.0,0.0,0.0,0.0,0.0,0.0,0.0,0.0,0.0,0.0,0.0,0.0,0.1742508178906701,0.20612103843853707,-0.09511219922184568,-0.03955959180802709
197.0,2.5,0.0,0.0,0.0,0.0,0.0,0.0,0.0,0.0,0.0,0.0,0.0,0.0,0.17422463582842304,0.20609194411828377,-0.09518687248557865,-0.03958876777608269
197.0,3.0,0.0,0.0,0.0,0.0,0.0,0.0,0.0,0.0,0.0,0.0,0.0,0.0,0.17419851444134207,0.2060629189064825,-0.09526144231862174,-0.03961789999194665
197.0,3.5,0.0,0.0,0.0,0.0,0.0,0.0,0.0,0.0,0.0,0.0,0.0,0.0,0.17417245346546545,0.2060339625269747,-0.09533590906608141,-0.03964698857675478
197.0,4.0,0.0,0.0,0.0,0.0,0.0,0.0,0.0,0.0,0.0,0.0,0.0,0.0,0.1741464526384752,0.20600507470481622,-0.09541027307133736,-0.03967603365148442
197.0,4.5,0.0,0.0,0.0,0.0,0.0,0.0,0.0,0.0,0.0,0.0,0.0,0.0,0.1741205116996842,0.2059762551662762,-0.09548453467605234,-0.039705035336948434
197.0,5.0,0.0,0.0,0.0,0.0,0.0,0.0,0.0,0.0,0.0,0.0,0.0,0.0,0.17409463039002337,0.20594750363883643,-0.09555869422018341,-0.03973399375378891
197,5.5,3.658928515854341,4.043002635016639,0.37869869118628136,0.6922762441369513,11.238000770692713,14.10754435334313,False,False,0.040075964066184855,0.07328022059651329,0.0,0.0,0.17406880845202885,0.20591881985119,-0.0956327520419921,-0.03976290902247135
197,6.0,8.363549422723326,8.053432571022874,0.9002282860979037,0.8522466065014772,22.23268472353503,20.01828104649855,False,False,0.09009596250698632,0.08538111880253763,0.0,0.0,0.17399478700011817,0.20580198484196588,-0.0958454263060613,-0.03988094624415062
197,6.5,10.911186657319622,9.372660754865276,1.2415043908176855,0.8771332209854223,21.878275731716606,17.31547527302225,False,False,0.11478547177103704,0.08137890323399409,0.0,0.0,0.17385436443984625,0.2056648315644117,-0.09625043108188154,-0.04002004394098373
197,7.0,12.255622695223382,9.669714612220023,1.5004758903123852,0.9028829819546099,21.405195363290737,15.835593018675583,False,False,0.12501775565318857,0.07570901116327669,0.0,0.0,0.1736705107231403,0.205524573849463,-0.09678378633716991,-0.040162888321786994
197,7.5,13.01878930530819,9.616565358283761,1.7017457683998594,0.9226211183619601,20.978499575621996,14.874808482786191,False,False,0.12926580871905052,0.07077691032621981,0.0,0.0,0.1734537139040728,0.20538110143775123,-0.09741723999215575,-0.04030963566406934
197,8.0,13.296247517981975,9.298979301366979,1.8597284539063443,0.9323959638110592,20.492109409488954,14.133012952089185,False,False,0.12862919925978203,0.06536291326839505,0.0,0.0,0.1732113268114592,0.2052351801424884,-0.09813132355849702,-0.04045954356590304
197,8.5,13.308255155895345,8.842211027410585,1.9731173709480552,0.9330574373714412,20.09862675883801,13.582271086945127,False,False,0.12572343220622842,0.060408313904364325,0.0,0.0,0.17294886540480583,0.20508807935008855,-0.09891159155122857,-0.04061133599060914
197,9.0,12.77583974295808,7.949517423785204,2.0850959083020566,0.9280462729302055,19.466466736923458,12.951688381872879,False,True,0.11635460661796496,0.0527876332135004,0.0,0.0,0.17267201214574493,0.20494096014074203,-0.0997426698515099,-0.040763826555064546
197,9.5,12.174987821678714,7.405197355959789,2.142321013140277,0.9492188521212896,18.9591919852514,12.805167177925657,False,True,0.10773599319179286,0.04873567528125566,0.0,0.0,0.17238094651782568,0.20479454513365353,-0.10062539967614856,-0.04091626501423908
197,10.0,11.165597024855806,6.643001394085559,2.146505038408694,0.9514101986254564,18.382581011516493,12.693410157539745,False,True,0.0957220071455038,0.04341614251262854,0.0,0.0,0.17208264565999065,0.20464549740184113,-0.10153974750062318,-0.04107214265778393
197,10.5,10.274449500675084,6.0160291286686824,2.123334752363839,0.9479353212195735,17.89012875174388,12.587602425281123,False,True,0.08576776686365883,0.039162287978316765,0.0,0.0,0.17178386850275826,0.20449623551844032,-0.1024654955129276,-0.041228953857842844
197,11.0,9.304120995599316,5.513974603332444,2.0336311987245352,0.9419297826683338,17.512658557110086,12.77133688833891,False,True,0.07614519589138857,0.03614358434826717,0.0,0.0,0.17148810064164777,0.20434748128920374,-0.10339184100200154,-0.04138594193723839
197,11.5,8.544510667625941,5.222892833044785,1.9453529277492623,0.9556745764431934,17.21712665839911,13.034183265656221,True,True,0.06885483636805653,0.03463862563092565,0.0,0.0,0.17120382035723689,0.20419955694766898,-0.10429162654313842,-0.041542760972764804
197,12.0,7.540215925968365,4.8046876612614255,1.8092611511540748,0.9520942303213062,16.872099668558334,13.367087276410615,True,True,0.059704496344039876,0.032214549552801355,0.0,0.0,0.17093084578408269,0.20404994539955237,-0.10516442189718461,-0.04170208935446251
197,12.5,6.723012460314611,4.453262339509142,1.6828617474128118,0.9489558740291645,16.573806554152863,13.629068748102188,True,True,0.05243894372940179,0.030284495940945563,0.0,0.0,0.1706752696942087,0.20390085418259868,-0.10598948735984379,-0.04186158841703425
197,13.0,5.793210770970601,4.11306574896146,1.5215808225643672,0.948313560066182,16.25937023041372,14.034274537970296,True,True,0.044492013813796485,0.028435340099985273,0.0,0.0,0.17043585672669448,0.2037522267209524,-0.10676937925081342,-0.042021315333726925
197,13.5,5.413568978695741,3.9743126788167755,1.4499083759301619,0.9518207524524661,16.10142123962255,14.18380853937288,True,True,0.04125560533726859,0.02773613334108406,0.0,0.0,0.17021705169757842,0.20360374468637427,-0.10748812700606065,-0.04218161157232436
197,14.0,4.93918362331666,3.7877148988749174,1.3453928642010566,0.9374168365116267,15.979476797476394,14.403405174948187,True,True,0.03741881033222048,0.026728103493780363,0.0,0.0,0.1700074353167181,0.20345487904633922,-0.1081821042611288,-0.04234305385403141
197,14.5,5.348539445977762,3.9312907968393045,1.443551676191973,0.9503356849481462,15.937789309272961,13.848941120216217,True,True,0.04044008142571951,0.0270132044007846,0.0,0.0,0.16981119263682218,0.20330791201517068,-0.10883664865133033,-0.042503159813887845
197,15.0,5.28988555679874,3.954045315163267,1.4135885117411933,0.9498461024016482,15.9474400919053,13.920108569535145,True,True,0.04001735448673257,0.02723720142045267,0.0,0.0,0.16960249607470285,0.20315936152994574,-0.1095379156163721,-0.042665724333802654
197,15.5,4.106234076952344,3.58789873742428,1.1268030844675274,0.9420295349968821,15.80933824884961,15.032196773017443,False,False,0.03084978425420226,0.026336931318269356,0.0,0.0,0.16939767234305775,0.20301093601870737,-0.11023140988006083,-0.04282889251817129
197,16.0,3.8733191910273845,3.533078895869024,1.0690281776551311,0.9508455203361111,15.692545240452052,15.067938247585872,False,False,0.028941196012370277,0.026048531696333914,0.0,0.0,0.1692294487921498,0.2028635689350793,-0.11080489818125214,-0.04299163323049581
197,16.5,3.40622694563592,3.3567946660610803,0.9567527804318853,0.9431247913859369,15.582988216930966,15.40332948569618,False,False,0.025314741531215587,0.025322648839552125,0.0,0.0,0.16906864174792796,0.20271514050323186,-0.11135642921075385,-0.0431562913252896
197,17.0,2.9127248334747127,3.1738666783285714,0.8219276564771448,0.9369957244490981,15.514728150121208,15.884553532264167,False,False,0.021577190051164048,0.02486919537094954,0.0,0.0,0.16892219613598952,0.20256775780067576,-0.11186155172119805,-0.043320533351953225
197,17.5,2.271947199239149,2.901017715769533,0.6294570712197872,0.9340694851413279,15.571187873857259,16.95646841256223,False,False,0.016866164158521612,0.02517105660180221,0.0,0.0,0.1687929853083971,0.2024212177565903,-0.11230949612502833,-0.04348457522880967
197,18.0,0.7749687093183635,2.111808648686701,0.18471238668854012,0.8945061743569224,8.173872863664833,12.698153779855556,False,False,0.0059694299018168565,0.02880503404304529,0.0,0.0,0.16868835496580936,0.20227511198600953,-0.11267379229306093,-0.043648868324072686
197.0,18.5,0.0,0.0,0.0,0.0,0.0,0.0,0.0,0.0,0.0,0.0,0.0,0.0,0.1686404528799952,0.20213410901452256,-0.1128410448873697,-0.04380812517465059
197,19.0,0.7631329067182386,1.3560979577724304,0.09987079298223298,0.7378005796409473,10.000582947081675,16.450431218521153,False,False,0.007141627846940062,0.05268768066423828,0.0,0.0,0.16861614219196197,0.2021071563567185,-0.1129260400543014,-0.043838645817929844
197.0,19.5,0.0,0.0,0.0,0.0,0.0,0.0,0.0,0.0,0.0,0.0,0.0,0.0,0.16857915745671112,0.20198624437721435,-0.11305549264088478,-0.04397587624057501
197.0,20.0,0.0,0.0,0.0,0.0,0.0,0.0,0.0,0.0,0.0,0.0,0.0,0.0,0.16855495208530194,0.2019594128093393,-0.11314031110556536,-0.04400639838919862
197.0,20.5,0.0,0.0,0.0,0.0,0.0,0.0,0.0,0.0,0.0,0.0,0.0,0.0,0.20313704898409216,0.2365267182398379,-0.04269020575659982,-0.019282042883906707
197.0,21.0,0.0,0.0,0.0,0.0,0.0,0.0,0.0,0.0,0.0,0.0,0.0,0.0,0.20298253722727733,0.23635797638506875,-0.04286019675647169,-0.019354046957937483
197.0,21.5,0.0,0.0,0.0,0.0,0.0,0.0,0.0,0.0,0.0,0.0,0.0,0.0,0.20283123666831945,0.23619296732218775,-0.04302743695873597,-0.01942476822962
197.0,22.0,0.0,0.0,0.0,0.0,0.0,0.0,0.0,0.0,0.0,0.0,0.0,0.0,0.20268299941815027,0.2360315071922652,-0.0431920457309465,-0.019494266700580673
197.0,22.5,0.0,0.0,0.0,0.0,0.0,0.0,0.0,0.0,0.0,0.0,0.0,0.0,0.2025376877605876,0.2358734256690451,-0.043354134562009275,-0.01956259810906953
197.0,23.0,0.0,0.0,0.0,0.0,0.0,0.0,0.0,0.0,0.0,0.0,0.0,0.0,0.20239517323973624,0.23571856466116814,-0.04351380774558898,-0.019629814327256235
197.0,23.5,0.0,0.0,0.0,0.0,0.0,0.0,0.0,0.0,0.0,0.0,0.0,0.0,0.20225533584738947,0.2355667771662206,-0.04367116299067731,-0.019695963713134264
197.0,24.0,0.0,0.0,0.0,0.0,0.0,0.0,0.0,0.0,0.0,0.0,0.0,0.0,0.20211806329756948,0.23541792625578808,-0.0438262919684757,-0.019761091423136035
198.0,0.5,0.0,0.0,0.0,0.0,0.0,0.0,0.0,0.0,0.0,0.0,0.0,0.0,0.20463596390603214,0.2379230996758383,-0.041082137066901336,-0.01869828022065653
198.0,1.0,0.0,0.0,0.0,0.0,0.0,0.0,0.0,0.0,0.0,0.0,0.0,0.0,0.2044846952929851,0.23775954026216115,-0.04124110744206913,-0.01876555726139868
198.0,1.5,0.0,0.0,0.0,0.0,0.0,0.0,0.0,0.0,0.0,0.0,0.0,0.0,0.20433642165983446,0.23759938302382363,-0.04139764215889776,-0.018831714542307244
198.0,2.0,0.0,0.0,0.0,0.0,0.0,0.0,0.0,0.0,0.0,0.0,0.0,0.0,0.20419101065921538,0.23744246909285227,-0.041551842763484836,-0.01889680176896788
198.0,2.5,0.0,0.0,0.0,0.0,0.0,0.0,0.0,0.0,0.0,0.0,0.0,0.0,0.204048338721748,0.2372886507501857,-0.04170380432866557,-0.018960865274606123
198.0,3.0,0.0,0.0,0.0,0.0,0.0,0.0,0.0,0.0,0.0,0.0,0.0,0.0,0.20390829029546564,0.23713779040406982,-0.04185361599684893,-0.019023948320617788
198.0,3.5,0.0,0.0,0.0,0.0,0.0,0.0,0.0,0.0,0.0,0.0,0.0,0.0,0.20377075716580603,0.23698975968278152,-0.04200136146689694,-0.019086091364239194
198.0,4.0,0.0,0.0,0.0,0.0,0.0,0.0,0.0,0.0,0.0,0.0,0.0,0.0,0.2036356378461428,0.23684443862667068,-0.042147119431851836,-0.019147332297588287
198.0,4.5,0.0,0.0,0.0,0.0,0.0,0.0,0.0,0.0,0.0,0.0,0.0,0.0,0.203502837030259,0.23670171496675832,-0.04229096397336651,-0.019207706661683602
198.0,5.0,0.0,0.0,0.0,0.0,0.0,0.0,0.0,0.0,0.0,0.0,0.0,0.0,0.2033722650993647,0.23656148347900324,-0.04243296491789222,-0.019267247838527894
198,5.5,7.573907056763586,7.7266549867725764,0.4188585969516799,0.698197843533347,30.02337114281945,31.646660151390616,False,False,0.17269931173827424,0.2937969142491722,0.010883040365189542,0.010882887912243726,0.2032438376772679,0.2364236454049121,-0.04257318815900329,-0.01932598722390699
198,6.0,9.461373414020617,9.574207011923932,0.5541965400248526,0.7235357502279414,29.755531748081673,30.599899286156678,False,False,0.20776095229620442,0.2770608866503691,0.013719642673054085,0.012541597299342302,0.20306271205356613,0.2361977477965549,-0.042771889417831575,-0.019422715038604852
198,6.5,12.85393601300742,12.617457598206471,0.8604485212588581,0.7593082735148059,29.14283614221005,27.46998062047769,False,False,0.260247509974841,0.23720531065472503,0.021427600410399254,0.01785711544408591,0.20286596837562845,0.235970623194694,-0.04298897758120814,-0.019520550342312475
198,7.0,10.284102841627087,10.253024845080965,0.7686603060537993,0.7732218691517104,28.44950309974392,27.977875882219575,False,False,0.19133363157012767,0.19444228162493737,0.009070289551103217,0.007346540610485914,0.2026311349062493,0.2357403936012842,-0.0432498153386874,-0.019620323004195455
198,7.5,6.107871782414344,5.688589542857806,0.47069095069885236,0.2817081702486152,14.156608894390203,11.811581817610294,False,False,0.11185289710714601,0.06785506830878217,0.004630409300266201,0.0030707880978739226,0.20241142492006553,0.23551178370191303,-0.043495564019567244,-0.019719995530446822
198,8.0,3.3506756802400766,3.3892101654170776,0.2456285780769013,0.2844583613951001,14.232814237490198,14.741853417161478,False,False,0.06245642224653514,0.0721744730340731,0.0005178662696554598,0.00037204879831258594,0.20223204021453203,0.23534833368172572,-0.04369744277278685,-0.019791628725604152
198,8.5,6.504742685228723,6.218686527859715,0.48831706721924834,0.33528607867465293,14.198937420861547,12.543197354478652,False,False,0.12029307412891375,0.08361325985852162,0.0012940167753758534,0.00047126211477552515,0.20208358815691507,0.23518678785196895,-0.04386535473403916,-0.01986273223548204
198,9.0,5.774053128800724,5.689409016425683,0.40131144252017004,0.3339259578842894,14.887359845779468,14.212019131154847,False,False,0.1271283278760271,0.10656719662471692,0.06411592052872513,0.06399240174557812,0.2125122027054863,0.24562184296101156,-0.03372798690725231,-0.015833228032831898
198,9.5,4.023813809045618,4.098906016639487,0.19774806792281308,0.32979550800147955,15.644809007003259,16.73200931872126,False,False,0.11209570556923018,0.18875824883366202,0.031108156729834916,0.03115011473039676,0.21225975034973796,0.2453653643675251,-0.03393802092089886,-0.015919856904941042
198,10.0,4.052648836459168,4.110746327285239,0.20586118960708305,0.2960223641700692,15.617483510974203,16.43830545384828,False,False,0.11182874122783135,0.1616586431773935,0.04749523068610887,0.047332244344374705,0.21733006945896371,0.2504033703318791,-0.030001453171570828,-0.014316559443731725
198,10.5,3.8629775564698505,3.9405407347901433,0.189121055785148,0.34165447832923845,15.689604359751682,16.88379328811513,False,False,0.10933041203404764,0.1988858304813186,0.04265784963385796,0.04238330354512105,0.217060477898026,0.2501076171190386,-0.030196573962007322,-0.014405197936533708
198,11.0,5.616438508563842,5.616750153146106,0.3341075480919768,0.33668711269386686,15.283400745929429,15.286825295643522,False,False,0.13888339228513305,0.14104893360162757,0.08337270642013507,0.08240951332295506,0.21680091230682552,0.24981466243576628,-0.030385868621335094,-0.014493643061259888
198,11.5,6.890226934677629,6.75345692855006,0.4715806637587364,0.3654182407145289,14.966946617125423,14.025749620415352,False,False,0.15512064121550356,0.12140563784705868,0.12259838245866446,0.12115454844165263,0.2165244676634171,0.24952466221959804,-0.030589029655638776,-0.014581834199424019
198,12.0,6.702792787141744,6.603048893809577,0.4338928696248986,0.3520377978959091,15.09677591857517,14.357933792150508,False,False,0.15665761587131194,0.12849480426005996,0.11261881326163906,0.11168138148963905,0.21623184935803333,0.2492329830382931,-0.030805842627384554,-0.014671181623845888
198,12.5,8.60939040039414,8.036457610376535,0.6908994448515409,0.3917711608677274,14.598583349323627,12.138116087896268,False,False,0.17552392989380924,0.10134820129340512,0.20632867286628107,0.20517566637679902,0.21595124989058567,0.2489506839946159,-0.031015472187502204,-0.014758277543181311
198,13.0,6.741719424169759,6.397577707373155,0.5890694869916023,0.3794439194475703,14.334783673074355,12.327040361547212,False,False,0.12874174044985748,0.08307521426387096,0.10934545344849515,0.10990200526885063,0.21563154037586793,0.2486574673030503,-0.03125639508084975,-0.014849394871199845
198,13.5,7.416986647750379,6.842158374601625,0.6766213990005315,0.38002342762448976,14.230641911046707,11.476771722080784,False,False,0.13818190609378678,0.07796567643422907,0.13517798566568573,0.1369322162906354,0.21534242001636947,0.2483836529184222,-0.03147618913366632,-0.014935088727495419
198,14.0,7.626086059564106,6.692646041152361,0.7703580531874054,0.3738586357477173,13.953919862094988,10.262402299055145,False,False,0.13342919902279674,0.06499069824142903,0.14656576517961772,0.15018013082012122,0.2150438046822456,0.24811167480016638,-0.031705137462726525,-0.01502079183591175
198,14.5,5.9395640199593895,5.531721091679457,0.5863735359095187,0.35516698143675085,13.997470944761876,11.519092986962399,False,False,0.10492628739056827,0.06341789412928657,0.07643723318502714,0.0795816439067182,0.21473647270817298,0.24784384266253556,-0.031942843809984606,-0.015105761740446684
198,15.0,4.423383428738523,4.294344581063384,0.41655499768759263,0.32217841177445466,14.116887167000977,12.928441474815337,False,False,0.0802709118920508,0.06182633469687843,0.037836079607957915,0.039785922574806044,0.21446595126728737,0.2475921578770087,-0.03215383794720945,-0.015186131313518435
198,15.5,5.336204894904028,5.07745314068842,0.4556171572408845,0.2948416075925162,14.389627511280924,12.408033919489448,False,False,0.10326129789482622,0.0668419018938021,0.06242471897197583,0.0659415611926548,0.2142261863998853,0.24735426067667568,-0.03234223275147871,-0.01526256693883463
198,16.0,5.3641597541581385,5.126915484392829,0.4201248430960196,0.27158280410381963,14.622999020991797,12.7419690868826,False,False,0.11005050906920816,0.07145255775536907,0.08502373212928535,0.08949169007854645,0.216629310043096,0.24976654973826304,-0.030511790342064627,-0.014508230412962416
198,16.5,5.169358358823965,5.083872912108214,0.30666532887396797,0.23770422840114727,15.314712414367111,14.477767055011782,False,False,0.12908454703034372,0.1018421190509352,0.1273520252499847,0.13279282346298285,0.22165193339965247,0.2547941436489368,-0.02706943065262742,-0.013074073470627457
198,17.0,3.4850529460241852,3.5000235111769573,0.1739296992944353,0.1939842962110662,15.66347381920948,15.9248582383076,False,False,0.09772571268372669,0.11004599937413541,0.0760960925541806,0.07851009685126453,0.22924696296578123,0.26237902175643324,-0.022701780363588782,-0.011216960631009723
198,17.5,3.1894067048554904,3.1978243059082376,0.14212432963111568,0.15228853798881925,15.908175492608745,16.071897525124903,False,False,0.09787923652026587,0.10669687204104182,0.10871392996207846,0.11132237025625989,0.23672299562385735,0.26982813759915114,-0.019198690234166888,-0.009691180645260637
198,18.0,8.186694440662725,8.325226921644312,0.3669473912699203,0.7379620839457961,31.781440501255226,33.49109055594854,False,False,0.24955955361423307,0.5262750038205922,0.23028519086471344,0.2357097422830024,0.23621502328491323,0.26929682199385163,-0.01941529745377421,-0.009791458271879097
198,18.5,6.764753066401428,6.862962901122474,0.33199271002071623,0.6194305333052748,31.388668570372637,32.43338757113946,False,False,0.19177954506549916,0.36779040993911777,0.1945971998710032,0.19809422843861943,0.2356914075310712,0.26870538121641163,-0.019641630009287068,-0.009904541309351717
198,19.0,7.995660923238786,8.099952625477613,0.4231731030865178,0.7402475926630132,31.09112571393993,31.274236884549907,False,False,0.21526125748685673,0.39271614057678866,0.30141794490325013,0.3055030862989389,0.23520165878443733,0.2681602110088274,-0.019856174171341296,-0.010010158157801803
198,19.5,4.7915236473211715,4.952387587609626,0.28190431100607505,0.7282587611339327,15.262799349299494,17.16187360429897,False,False,0.11773085017144186,0.30910904660915606,0.14357436331982767,0.14481976712238664,0.23470857619925992,0.26760909463998445,-0.020075005520854543,-0.010118293748438137
198.0,20.0,0.0,0.0,0.0,0.0,0.0,0.0,0.0,0.0,0.0,0.0,0.0,0.0,0.2342730539789108,0.26710045825042716,-0.020270684955001558,-0.010219331368231867
198.0,20.5,0.0,0.0,0.0,0.0,0.0,0.0,0.0,0.0,0.0,0.0,0.0,0.0,0.23653254787665526,0.2693428675166797,-0.019279561020586176,-0.009782719118217103
198.0,21.0,0.0,0.0,0.0,0.0,0.0,0.0,0.0,0.0,0.0,0.0,0.0,0.0,0.23614009539414485,0.2689343236050088,-0.019447493726752533,-0.009860584052214526
198.0,21.5,0.0,0.0,0.0,0.0,0.0,0.0,0.0,0.0,0.0,0.0,0.0,0.0,0.23576581317694817,0.2685447826303187,-0.019609277346471655,-0.009935515827975857
198.0,22.0,0.0,0.0,0.0,0.0,0.0,0.0,0.0,0.0,0.0,0.0,0.0,0.0,0.23540785636981928,0.26817227266884147,-0.01976550662513346,-0.010007806956931934
198.0,22.5,0.0,0.0,0.0,0.0,0.0,0.0,0.0,0.0,0.0,0.0,0.0,0.0,0.2350646556785007,0.26781512252602957,-0.019916690129484174,-0.010077706498450481
198.0,23.0,0.0,0.0,0.0,0.0,0.0,0.0,0.0,0.0,0.0,0.0,0.0,0.0,0.23473486478416375,0.26747190320916636,-0.02006326629610187,-0.010145428337822393
198.0,23.5,0.0,0.0,0.0,0.0,0.0,0.0,0.0,0.0,0.0,0.0,0.0,0.0,0.234417319754182,0.26714138300452894,-0.020205615890755597,-0.010211157573175813
198.0,24.0,0.0,0.0,0.0,0.0,0.0,0.0,0.0,0.0,0.0,0.0,0.0,0.0,0.2341110073038345,0.26682249252736123,-0.020344071804538965,-0.010275055509022427
199.0,0.5,0.0,0.0,0.0,0.0,0.0,0.0,0.0,0.0,0.0,0.0,0.0,0.0,0.23381503968668285,0.26651429719734715,-0.02047892684456038,-0.010337263607264191
199.0,1.0,0.0,0.0,0.0,0.0,0.0,0.0,0.0,0.0,0.0,0.0,0.0,0.0,0.23352863461695456,0.26621597532131175,-0.020610439994312134,-0.010397906647274647
199.0,1.5,0.0,0.0,0.0,0.0,0.0,0.0,0.0,0.0,0.0,0.0,0.0,0.0,0.23325109905913718,0.26592680046454675,-0.02073884149209379,-0.010457095278356003
199.0,2.0,0.0,0.0,0.0,0.0,0.0,0.0,0.0,0.0,0.0,0.0,0.0,0.0,0.23298181602318277,0.26564612714065566,-0.020864336986444507,-0.010514928100017869
199.0,2.5,0.0,0.0,0.0,0.0,0.0,0.0,0.0,0.0,0.0,0.0,0.0,0.0,0.23272023371986775,0.2653733790967709,-0.020987110963486863,-0.010571493371466945
199.0,3.0,0.0,0.0,0.0,0.0,0.0,0.0,0.0,0.0,0.0,0.0,0.0,0.0,0.23246585658711472,0.2651080396485604,-0.021107329594568413,-0.010626870427109742
199.0,3.5,0.0,0.0,0.0,0.0,0.0,0.0,0.0,0.0,0.0,0.0,0.0,0.0,0.2322182378125207,0.26484964364882,-0.021225143118368137,-0.01068113085688505
199.0,4.0,0.0,0.0,0.0,0.0,0.0,0.0,0.0,0.0,0.0,0.0,0.0,0.0,0.23197697306214302,0.26459777076888535,-0.021340687846169763,-0.010734339496925236
199.0,4.5,0.0,0.0,0.0,0.0,0.0,0.0,0.0,0.0,0.0,0.0,0.0,0.0,0.23174169518913879,0.2643520398432996,-0.021454087859844324,-0.010786555266072806
199.0,5.0,0.0,0.0,0.0,0.0,0.0,0.0,0.0,0.0,0.0,0.0,0.0,0.0,0.23151206974395758,0.26411210408185365,-0.021565456457520952,-0.010837831876233953
199,5.5,4.556318303106177,4.685767157384981,0.2674313237544873,0.5964471250281244,15.281766488527216,16.977846139088733,False,False,0.11261150598386026,0.2560725856294342,0.15175115019804472,0.15095151191030748,0.2312877911445425,0.26387764699398736,-0.021674897390757033,-0.010888218438786285
199,6.0,7.393505352831505,7.530743586018566,0.4571017527822312,0.7005828635254359,15.154688864860205,16.22011653459238,False,False,0.17579241839418205,0.2736810446628089,0.19152757096136683,0.18957374589491535,0.2310151618023556,0.2635531358105141,-0.02180882439053547,-0.010958419583553359
199,6.5,4.496664212906392,4.358685695314838,0.30318921080663486,0.20988041875917965,14.999825622190546,13.588790372222812,False,False,0.10218497412138566,0.0715975883533228,0.20036187147468162,0.19755792024385732,0.23071810301640333,0.26321535571419086,-0.021955876226729478,-0.011032064762604378
199,7.0,10.477611751742788,10.443282145411025,0.7682357744030369,0.7773655785012406,29.5555001235327,29.012764219273713,False,False,0.2238942978825933,0.22911160538587647,0.3442793166835295,0.33979220836580687,0.23044410463405043,0.2629437682508418,-0.022092561044475177,-0.011091706128099866
199,7.5,14.014056307914482,13.440749062359892,1.152320770230395,0.8190233986755139,29.015409256724606,25.635827987832194,False,False,0.2792077424738505,0.20158052682958516,0.5830013452539375,0.5750842308628529,0.23009685820819062,0.2625861921068519,-0.02226724532487909,-0.011170817792385138
199,8.0,16.64357011128054,14.627811140787498,1.6218955150915952,0.8534019767559405,28.215530772844456,22.055766066327283,False,False,0.30140275972213026,0.1633176345780882,1.0930125528557464,1.083020291033497,0.2296743972784187,0.26219756769757285,-0.022481990777014106,-0.011257562370105278
199,8.5,17.0397888032445,14.274542524781747,1.8780321741777493,0.8923109794361016,27.48199189262552,20.031897418271114,False,False,0.28479633590010367,0.1377953511171729,1.0334943336825204,1.0357864303182505,0.22913106881936907,0.2617438855484547,-0.022761814471488697,-0.01135984590838329
199,9.0,17.340252718108765,14.444163707164657,1.9299279592145966,0.8976025508264172,27.41554051827348,19.73190935461838,False,False,0.28780879231675116,0.13618716174148288,0.9732515202033153,0.9907145346714854,0.22856647416181325,0.2612951357116918,-0.023056998636514604,-0.011462108565728442
199,9.5,17.165447489731964,14.185584690587351,1.9746944953488297,0.906366012912643,27.198420997429423,19.22028667106804,False,False,0.2785963003998515,0.12937845681828092,0.8548488902101733,0.8854263779391485,0.2280065702611458,0.2608551596795546,-0.023354245679848055,-0.011563438456090149
199,10.0,16.765529907154033,13.896247059006793,1.9658424649731987,0.9068181156960942,27.068680344620454,19.00092436381614,False,False,0.2685508825789627,0.12488519821423771,0.7395171323377158,0.7807752594733645,0.22745952564664768,0.2604310329249388,-0.023649085863258333,-0.011662130037645312
199,10.5,18.291505986042786,14.330496056378735,2.191751723448043,0.9071428545724287,27.00633162938404,18.145920819713584,False,False,0.29116608706226177,0.12270333964729221,0.9854333706881433,1.0617003989531297,0.22693164025765866,0.2600235881026189,-0.023937813838860122,-0.011757886396757955
199,11.0,7.451996411325934,6.230905148489025,0.9067687729541495,0.4244840093987403,13.397174214613175,9.26332513015694,False,False,0.11615774144402054,0.054250510810367816,0.2665176826382434,0.2947734541094865,0.22634683054543492,0.2595835704804485,-0.0242625949026945,-0.011862352000636754
199,11.5,7.801276106611212,6.445221114145075,0.9365247787253633,0.42417645544136356,13.436604199069873,9.144073117138337,False,False,0.12254907443738285,0.055438232873107056,0.2905678327640507,0.324743946469819,0.22602046080284804,0.2593059313941375,-0.02444613049802594,-0.011928836069345486
199,12.0,18.09925064310249,13.534797159547788,2.3353162090510464,0.9105961537417705,26.556929258850843,16.996467082866076,False,False,0.2757075343765801,0.1090688681743591,0.851856964740746,0.9629693028096044,0.22569019543253876,0.2590275331497711,-0.024633543260596597,-0.011995948196289883
199,12.5,16.916567023648756,12.212032040004182,2.400464064637354,0.9178987755577065,25.937583180632565,15.944231073811142,False,False,0.24326435365336546,0.09339822023684288,0.6540047031350499,0.7643706967240655,0.2251130030028241,0.25860872686696634,-0.02496520466954892,-0.012097757256949731
199,13.0,10.403110023051811,8.02343097436094,1.3868708623823107,0.8563671622269677,26.296815525531265,23.459253615032083,False,False,0.15462027071226137,0.09588377232819945,0.3675465591445751,0.4460716726572488,0.22455546977250151,0.25821710094318356,-0.025290633343015546,-0.01219389166606795
199,13.5,17.5416647096421,12.826370968576107,2.377448498013273,0.9212136772872245,26.247016213300526,16.590506643720538,False,False,0.25951237630236546,0.10175918529120738,0.6830098608162958,0.8429270650999501,0.22416625675640267,0.25787658133220254,-0.025520812382708955,-0.012278221301898987
199,14.0,16.38471510487661,11.156442428744636,2.5150903638106676,0.9375133875156324,25.585999057902487,16.45701845650898,False,False,0.22983004832188134,0.08850998283188506,1.0992310035453692,1.416070388185634,0.22361317053945706,0.2574798352737758,-0.025852214191491522,-0.01237735347722374
199,14.5,15.737902297169995,10.656341635655615,2.4503511724976534,0.9179408163781493,25.49831469563499,16.454570373302513,False,False,0.2191018393674552,0.08480260918095382,0.9391789402062994,1.2742910474249305,0.22299197647522856,0.25701049562900846,-0.02623055843982955,-0.01249585817008834
199,15.0,15.900092110762785,11.27296028768963,2.367874534956575,0.9310616597043938,25.651085575448075,16.086056892305212,False,False,0.22287511378533117,0.08815364534155509,0.448011068867023,0.6435964931962531,0.2224018185323889,0.25656415436243357,-0.0265961259539433,-0.012609812081325021
199,15.5,15.144858379266815,10.736068063797312,2.2920614761719733,0.9174712125420525,25.549189873670397,16.119945751880486,False,False,0.21039977049871553,0.08467820047570135,0.38212489101159836,0.5834537798451203,0.22188707426210968,0.2561988696127703,-0.026919944712763773,-0.012703993924256871
199,16.0,12.99943629469206,9.013022894689463,2.106090594140832,0.9046478664791066,25.20956329588926,17.23685755647575,False,False,0.17630918507090415,0.0774948860608717,0.5136729927542328,0.8380522388283118,0.22139262589774086,0.25584526291748144,-0.02723542828232187,-0.01279596421622408
199,16.5,12.685939326790885,8.831146488498074,2.1036172163571956,0.901406840305888,25.05644940116332,16.721669404403038,False,False,0.16971244211263867,0.07422116689499075,0.45233892454481545,0.7898951166297201,0.22090728151409597,0.25546305667236124,-0.02754939649651361,-0.012896266641955392
199,17.0,11.467843651317079,8.418905952984105,1.8794843243472934,0.9135994345041512,25.0608791824172,17.201214613318463,False,False,0.15280081566147563,0.07460567307353484,0.21201894759881934,0.4003753060195055,0.220432170459274,0.2550895428317291,-0.027860930542592074,-0.012995194260295976
199,17.5,9.84640336032901,7.7336215639311225,1.5568991374533943,0.894255993155663,25.255320731726695,18.35048839145858,False,False,0.1333683309977908,0.07671177486006728,0.1325647888690249,0.2704043387701658,0.22001828477271723,0.2547661908448225,-0.028135744668993743,-0.01308156709539262
199,18.0,10.439535680263823,8.11468349891843,1.6719212848673626,0.8892217320165404,25.20040224501066,17.308102011424964,False,False,0.14074411187455338,0.07528568257334374,0.17636518867490214,0.3853461944029957,0.2196576106294442,0.25446388291257416,-0.028377864108290445,-0.013162938042811002
199,18.5,9.228664942198144,7.498130259090088,1.5031021885496396,0.8917208716193813,25.057967136273074,17.456961410665357,False,False,0.12293537434072942,0.07296138460697878,0.11611311911380134,0.2768375575472666,0.21927861837015866,0.2541495270662404,-0.028634960189864875,-0.013248192304346647
199,19.0,7.016539513446238,6.184347894921503,1.114104642893198,0.8416088992895242,25.172178906647297,18.637500356436462,False,False,0.09437011232239251,0.07101347052645954,0.05924805694283469,0.15427960957623266,0.2189306835563959,0.25385058235416746,-0.02887343470141853,-0.013329878002414681
199,19.5,3.7518585128496724,3.983551529875413,0.5762573468670792,0.8407359075501999,12.650157108063631,14.11179294883189,False,False,0.05101389754505333,0.07371423795799009,0.020232385582950704,0.0564461540025783,0.21864138019346305,0.25357549017730113,-0.02907352670170585,-0.013405576758946732
199.0,20.0,0.0,0.0,0.0,0.0,0.0,0.0,0.0,0.0,0.0,0.0,0.0,0.0,0.21842735201953756,0.25331477422904003,-0.029222619603808595,-0.013477792715634627
199.0,20.5,0.0,0.0,0.0,0.0,0.0,0.0,0.0,0.0,0.0,0.0,0.0,0.0,0.21829105231326013,0.2531701377886741,-0.02931804138145937,-0.013518055583655651
199.0,21.0,0.0,0.0,0.0,0.0,0.0,0.0,0.0,0.0,0.0,0.0,0.0,0.0,0.21815642296799864,0.2530272038582902,-0.02941265842815369,-0.013557985386102105
199.0,21.5,0.0,0.0,0.0,0.0,0.0,0.0,0.0,0.0,0.0,0.0,0.0,0.0,0.2180234201624573,0.25288592783244757,-0.029506489816552416,-0.013597590207528683
199.0,22.0,0.0,0.0,0.0,0.0,0.0,0.0,0.0,0.0,0.0,0.0,0.0,0.0,0.21789200189948613,0.2527462669720332,-0.029599553847473717,-0.013636877800966162
199.0,22.5,0.0,0.0,0.0,0.0,0.0,0.0,0.0,0.0,0.0,0.0,0.0,0.0,0.21776212790215288,0.25260818029725524,-0.029691868093384227,-0.013675855606776604
199.0,23.0,0.0,0.0,0.0,0.0,0.0,0.0,0.0,0.0,0.0,0.0,0.0,0.0,0.21763375951725292,0.2524716284883453,-0.029783449438807306,-0.013714530770160549
199.0,23.5,0.0,0.0,0.0,0.0,0.0,0.0,0.0,0.0,0.0,0.0,0.0,0.0,0.21750685962562308,0.252336573793306,-0.02987431411790785,-0.013752910157431054
199.0,24.0,0.0,0.0,0.0,0.0,0.0,0.0,0.0,0.0,0.0,0.0,0.0,0.0,0.2173813925586868,0.2522029799421095,-0.02996447774948895,-0.013791000371157741
200.0,0.5,0.0,0.0,0.0,0.0,0.0,0.0,0.0,0.0,0.0,0.0,0.0,0.0,0.21725732402071316,0.2520708120668066,-0.030053955369613618,-0.013828807764274859
200.0,1.0,0.0,0.0,0.0,0.0,0.0,0.0,0.0,0.0,0.0,0.0,0.0,0.0,0.2171346210163234,0.2519400366270616,-0.030142761462042846,-0.013866338453237466
200.0,1.5,0.0,0.0,0.0,0.0,0.0,0.0,0.0,0.0,0.0,0.0,0.0,0.0,0.21701325178282066,0.2518106213406716,-0.030230909986665243,-0.013903598330302537
200.0,2.0,0.0,0.0,0.0,0.0,0.0,0.0,0.0,0.0,0.0,0.0,0.0,0.0,0.21689318572696017,0.25168253511867195,-0.030318414406076265,-0.013940593075004578
200.0,2.5,0.0,0.0,0.0,0.0,0.0,0.0,0.0,0.0,0.0,0.0,0.0,0.0,0.21677439336581064,0.25155574800466507,-0.030405287710450816,-0.013977328164888824
200.0,3.0,0.0,0.0,0.0,0.0,0.0,0.0,0.0,0.0,0.0,0.0,0.0,0.0,0.21665684627139045,0.25143023111804486,-0.030491542440840513,-0.014013808885559208
200.0,3.5,0.0,0.0,0.0,0.0,0.0,0.0,0.0,0.0,0.0,0.0,0.0,0.0,0.21654051701879,0.2513059566008163,-0.03057719071101457,-0.014050040340093608
200.0,4.0,0.0,0.0,0.0,0.0,0.0,0.0,0.0,0.0,0.0,0.0,0.0,0.0,0.21642537913751722,0.2511828975677375,-0.03066224422795402,-0.014086027457874203
200.0,4.5,0.0,0.0,0.0,0.0,0.0,0.0,0.0,0.0,0.0,0.0,0.0,0.0,0.21631140706582672,0.2510610280595359,-0.03074671431109716,-0.01412177500287605
200.0,5.0,0.0,0.0,0.0,0.0,0.0,0.0,0.0,0.0,0.0,0.0,0.0,0.0,0.216198576107812,0.25094032299897184,-0.030830611910429594,-0.014157287581453798
200,5.5,5.623270431248691,5.7847385620661225,0.4553303679613158,0.7359282409592042,14.47157407391745,15.856366413553262,False,False,0.11102987492318453,0.17965706752088967,0.01823852324841065,0.05221135126784461,0.21608686239306185,0.2508207581495398,-0.030913947623499836,-0.014192569649663258
200,6.0,9.496796736193966,9.322854073135835,0.8412694222214253,0.7737404643208131,28.554388547419403,26.421181915186587,False,False,0.17888021235349238,0.165545430096906,0.044190516180141796,0.1290099702921222,0.2159158946349771,0.2506018752517114,-0.03104200569955208,-0.01425743104378283
200,6.5,12.331691734586617,11.473494710474727,1.2145438710152783,0.8373263626075637,28.022541452315163,23.4498071452833,False,False,0.21851714103279413,0.1522986089314812,0.06964755479185301,0.21617585161012493,0.21569351028202355,0.2503694812820008,-0.031209522806155122,-0.014326683105011727
200,7.0,13.973442950632652,11.865316493473912,1.629827580352419,0.8818086178706278,27.10905865358331,20.379300480236587,False,False,0.22474087044067168,0.12325444062879878,0.08713409156844275,0.30306045243509055,0.21542136468055967,0.250118948761587,-0.031415991842102524,-0.014401789770172334
200,7.5,14.787678376981964,11.073307274740689,2.0937150770416904,0.9164766374942628,25.93333828774619,17.465020506056398,False,False,0.2142247327177716,0.09508111752534824,0.09081635017888691,0.38691813566285427,0.21509509924996617,0.24985272672520142,-0.03166566914122312,-0.01448211468009851
200,8.0,15.110856106997643,10.033309356148774,2.4905692024260295,0.9331499084336845,25.02774341591695,15.51171350844681,False,False,0.20236007894466762,0.07692729592787086,0.07186672479280874,0.4523987457761124,0.21471025912136843,0.2495724309843906,-0.03196321685791537,-0.014567263483941304
200,8.5,14.925542786925092,8.780200193933123,2.883616490467862,0.9581837127045137,24.058871250458694,14.040465018112158,False,False,0.1848374743673038,0.062342597432543154,0.030202844879246613,0.514844395023571,0.21427825094569555,0.2492826765681303,-0.03230121158374186,-0.014655913457699276
200,9.0,14.583129467857592,7.772550183003454,3.1356605426772974,0.9477079261934187,23.406586940146614,13.161151117383287,False,False,0.1718210090867091,0.052773279605269785,0.0,0.5624115419265776,0.21380243533831625,0.24898276550162157,-0.032678420914155855,-0.014748348673175867
200,9.5,14.22199342742189,7.174153623639101,3.310656415399468,0.9625108367355675,22.915073789724737,12.797230747393742,False,True,0.1616217005368883,0.047790884041558734,0.0,0.588654648461615,0.21329930175749068,0.24867910014327932,-0.0330830105677157,-0.01484264958981313
200,10.0,13.805627881139532,6.6685523195186525,3.3825944726478725,0.9550637037427465,22.549959928642746,12.57461868208267,False,True,0.15293202959546087,0.04404064785028207,0.0,0.5974355991491802,0.2127748019211972,0.2483711583644943,-0.033511152182739756,-0.014939013101177644
200,10.5,13.509715660786762,6.415061335836798,3.41639690160863,0.9626181985766872,22.297969021020464,12.540989854321442,False,True,0.14702836293231603,0.04228912501269185,0.0,0.5850303021447526,0.21224205138967986,0.24806398316370018,-0.03395280438186909,-0.01503588027991303
200,11.0,13.682574883753155,6.215278162499388,3.5639865295826283,0.9589999618981572,22.02681854215558,12.094825973778459,False,True,0.1462378212875764,0.040045034909268196,0.0,0.5164979583330738,0.211705893015554,0.2477583455423326,-0.03440430148584245,-0.015133006255214153
200,11.5,12.33097917004405,5.814365176029873,3.3363912508710447,0.9688217371801613,21.793823888283505,12.837074120652762,False,True,0.12969241323126157,0.03872649225541701,0.0,0.5701216364456582,0.2111518101893413,0.24746280507189197,-0.03487842963153219,-0.0152276352421084
200,12.0,12.643368276213168,5.82805998018852,3.4183735747472537,0.965175307351297,21.701455205303255,12.461397607204198,False,True,0.1322512127571216,0.03822085843296112,0.0,0.4553611220547126,0.21062759784769058,0.24716006622035935,-0.03533418095630776,-0.015325300998939013
200,12.5,11.680370000913502,5.447058913736859,3.2978958091614614,0.9686924897778852,21.4119568326407,12.795803901564467,False,True,0.1198324784667788,0.036271231130161896,0.0,0.46149857803216604,0.2100937901816185,0.24687328725070382,-0.035805585051252906,-0.015418507077114042
200,13.0,11.10361345322644,5.239497608881735,3.1616086380080324,0.9618234118481281,21.280263357400422,13.024253028928172,False,True,0.11288823195207334,0.035231654061725515,0.0,0.375964637577535,0.20957617220436733,0.246586133662387,-0.03626986493530934,-0.0155125124282333
200,13.5,12.384090252955657,5.61377449105931,3.3886575329904,0.9586245793708784,21.39051771605682,12.24051804302069,False,True,0.12688027662956924,0.03639664891404945,0.0,0.24820909373335864,0.20907674392769723,0.24631159611277717,-0.03672464415482512,-0.015603026877662813
200,14.0,12.249305484699462,5.584499733714948,3.3474669918435573,0.9622618985900651,21.301466050205036,12.205472784503602,False,True,0.12474836256356822,0.036161643255780224,0.0,0.18173851400853294,0.20854919019876858,0.2460545728803337,-0.03721243346014283,-0.015688337767115885
200,14.5,11.709277243282381,5.452157784646707,3.2279221478447813,0.9675870247909696,21.15343456059948,12.35348646614231,False,True,0.11810198224778436,0.035529039751648755,0.0,0.12416356928700496,0.20802767967586597,0.2458063690633166,-0.037702241248179016,-0.01577124930953415
200,15.0,10.826875773525664,5.299959848003701,2.982593339763049,0.9588381246718435,21.14469365126874,12.797971986993026,False,False,0.1091146622701123,0.03545898729199105,0.0,0.12106574395362928,0.2075221837957597,0.24556562232199755,-0.03818435637203951,-0.015852169099528364
200,15.5,10.504796118621666,5.3976624313492225,2.8183905663109,0.9684410419112425,21.203468041063207,12.806345170354877,False,False,0.10578939417987308,0.036230124963766375,0.0,0.046860073578379666,0.20704871844577238,0.24532717067738516,-0.03864259834706926,-0.015932805561499556
200,16.0,9.079920313812895,4.791179093097668,2.622565745138642,0.9615030468328822,20.78824096941223,13.46837426568101,False,False,0.08937549000921303,0.03333589098414062,0.0,0.0815240454994756,0.2065969327390347,0.24509772402565194,-0.03908597930084304,-0.01601085862300084
200,16.5,8.509153981894586,4.57565751969478,2.4982451420490994,0.9555720564315606,20.601859953117085,13.436000950553716,False,False,0.08275711966447405,0.03202734535559919,0.0,0.04530441542830825,0.206170843922303,0.24486550404407234,-0.03950970599766134,-0.016090319442809937
200,17.0,7.927934323087902,4.463984961500307,2.3379859610144504,0.9609370217387608,20.495967480399656,13.585962170662434,False,False,0.07657809990160555,0.03170094211959,0.0,0.01792670969722317,0.20576132789427778,0.24463940301098328,-0.03992211943080812,-0.01616813834726727
200,17.5,7.274653619976431,4.312244207039974,2.1378203090650594,0.9538748582702272,20.446199622926233,13.767941599416389,False,False,0.0700396224863515,0.03136549653654222,0.0,0.0,0.2053729525967585,0.24441684272161804,-0.040317989668068654,-0.01624517694335437
200,18.0,6.654644188145603,4.300619603096693,1.895527454907122,0.9592069002300998,20.59567068358752,14.180222411813364,False,False,0.06453311100972112,0.03265800419172314,0.0,0.0,0.20501079190857052,0.24419819075595048,-0.04069136031140118,-0.01632128896494128
200,18.5,5.445920231641413,4.007154168629839,1.5143083814072744,0.9486249847801511,20.691419694426145,15.070148644671038,False,False,0.05312162526914312,0.03318870524815779,0.0,0.0,0.20468020298958806,0.24397957184953534,-0.04103578362909859,-0.016397814642803894
200,19.0,4.164697694141855,3.6436134019507875,1.0866931047065607,0.9413557188071748,21.04307308917363,16.51451557581624,False,False,0.04151934050384989,0.03581454485337291,0.0,0.0,0.20439887864546216,0.24376300285778446,-0.04133161923443808,-0.016474044648757215
200,19.5,1.8415850881537748,2.354064468499286,0.4484211073546445,0.87615243519521,10.713238960531662,13.327631160858163,False,False,0.018811402482749078,0.03649559523214746,0.0,0.0,0.2041727205918098,0.24354805080762193,-0.04157128681877408,-0.016550123386890776
200.0,20.0,0.0,0.0,0.0,0.0,0.0,0.0,0.0,0.0,0.0,0.0,0.0,0.0,0.20402856297862157,0.24334208782192737,-0.041724919918581044,-0.016623413623705653
200.0,20.5,0.0,0.0,0.0,0.0,0.0,0.0,0.0,0.0,0.0,0.0,0.0,0.0,0.20394220240498168,0.24324844509457194,-0.04181728100729564,-0.01665686346163625
200.0,21.0,0.0,0.0,0.0,0.0,0.0,0.0,0.0,0.0,0.0,0.0,0.0,0.0,0.20385648538844522,0.2431554620073149,-0.04190919480108379,-0.0166901570519259
200.0,21.5,0.0,0.0,0.0,0.0,0.0,0.0,0.0,0.0,0.0,0.0,0.0,0.0,0.20377140223213874,0.24306312872598707,-0.04200066705295212,-0.016723296461296583
200.0,22.0,0.0,0.0,0.0,0.0,0.0,0.0,0.0,0.0,0.0,0.0,0.0,0.0,0.20368694346565341,0.2429714356459995,-0.0420917033898411,-0.016756283710397404
200.0,22.5,0.0,0.0,0.0,0.0,0.0,0.0,0.0,0.0,0.0,0.0,0.0,0.0,0.20360309983778235,0.24288037338496413,-0.042182309316578244,-0.016789120775262158
200.0,23.0,0.0,0.0,0.0,0.0,0.0,0.0,0.0,0.0,0.0,0.0,0.0,0.0,0.20351986230955474,0.24278993277561783,-0.042272490219671,-0.016821809588707045
200.0,23.5,0.0,0.0,0.0,0.0,0.0,0.0,0.0,0.0,0.0,0.0,0.0,0.0,0.2034372220475525,0.24270010485903298,-0.0423622513709463,-0.016854352041672172
200.0,24.0,0.0,0.0,0.0,0.0,0.0,0.0,0.0,0.0,0.0,0.0,0.0,0.0,0.20335517041749537,0.24261088087810295,-0.042451597931045484,-0.01688674998450889
201.0,0.5,0.0,0.0,0.0,0.0,0.0,0.0,0.0,0.0,0.0,0.0,0.0,0.0,0.20327369897808112,0.2425222522712866,-0.04254053495278098,-0.016919005228216183
201.0,1.0,0.0,0.0,0.0,0.0,0.0,0.0,0.0,0.0,0.0,0.0,0.0,0.0,0.20319279947506894,0.24243421066660084,-0.04262906738436145,-0.016951119545628376
201.0,1.5,0.0,0.0,0.0,0.0,0.0,0.0,0.0,0.0,0.0,0.0,0.0,0.0,0.20311246383559464,0.24234674787584878,-0.042717200072491246,-0.01698309467255633
201.0,2.0,0.0,0.0,0.0,0.0,0.0,0.0,0.0,0.0,0.0,0.0,0.0,0.0,0.2030326841627053,0.24225985588907226,-0.042804937765351686,-0.017014932308884602
201.0,2.5,0.0,0.0,0.0,0.0,0.0,0.0,0.0,0.0,0.0,0.0,0.0,0.0,0.20295345273010482,0.2421735268692181,-0.04289228511546777,-0.017046634119626525
201.0,3.0,0.0,0.0,0.0,0.0,0.0,0.0,0.0,0.0,0.0,0.0,0.0,0.0,0.20287476197709944,0.24208775314700803,-0.04297924668246654,-0.017078201735939248
201.0,3.5,0.0,0.0,0.0,0.0,0.0,0.0,0.0,0.0,0.0,0.0,0.0,0.0,0.20279660450373396,0.24200252721600368,-0.04306582693573273,-0.017109636756100263
201.0,4.0,0.0,0.0,0.0,0.0,0.0,0.0,0.0,0.0,0.0,0.0,0.0,0.0,0.20271897306611042,0.24191784172785574,-0.0431520302569652,-0.017140940746447963
201.0,4.5,0.0,0.0,0.0,0.0,0.0,0.0,0.0,0.0,0.0,0.0,0.0,0.0,0.20264186057188086,0.24183368948773135,-0.04323786094263924,-0.017172115242286727
201.0,5.0,0.0,0.0,0.0,0.0,0.0,0.0,0.0,0.0,0.0,0.0,0.0,0.0,0.2025652600759056,0.24175006344990935,-0.043323323206379265,-0.01720316174875939
201,5.5,3.56608380237413,3.78112071430205,0.4346672818967241,0.6872507228732316,12.781207369013327,14.619071179429119,False,False,0.04959906063336432,0.07824770621928827,0.0,0.0,0.20248916477607065,0.2416669567135376,-0.04340842118124551,-0.01723408174168754
201,6.0,9.529899837993261,8.414153619510204,1.266711226969777,0.8770311380963849,25.053448621780532,19.37685459530838,False,False,0.1269001205278324,0.08776387029744749,0.0,0.0,0.20235817714603763,0.24149678424345128,-0.043555372638806905,-0.017297601534212573
201,6.5,11.655661918796024,8.827942627732334,1.7634407680477509,0.9129940548516535,24.265048456312336,16.821556719423974,False,False,0.14559816479678628,0.07570351489503574,0.0,0.0,0.20212165184205483,0.24130293344424975,-0.04382222827661146,-0.017370299850716347
201,7.0,11.82142697111809,8.477483250094364,1.9898053552596544,0.9309167764163648,23.527104973498076,15.235230950288532,False,False,0.13958065529129604,0.06517279149869087,0.0,0.0,0.20182231251654714,0.24110499921828132,-0.04416275086438513,-0.017444905480903956
201,7.5,13.710454739519243,9.352418049961674,2.2119623283137435,0.9338822287526195,23.798805149988958,15.042766255565486,False,False,0.1652170544310127,0.07010583555067178,0.0,0.0,0.2014946062602307,0.240905274117077,-0.04453916472395695,-0.01752057343809472
201,8.0,11.49586704135376,8.704480118310343,1.8687084483384055,0.9122285187690188,23.64679093340353,15.640371633495938,False,False,0.13695324865195665,0.06659172546793155,0.0,0.0,0.20113906311645682,0.24070565795215518,-0.044951884881883356,-0.017596591183957733
201,8.5,8.193991826553578,5.70396911020107,1.2676417182076727,0.8517045555314244,23.94625751941485,22.22969886008042,False,False,0.09985658818315572,0.0671618972070491,0.0,0.0,0.20082772894235942,0.2405092818994223,-0.045317033280504966,-0.017671758796893967
201,9.0,14.917675585057903,9.934421758711638,2.3912043107985257,0.9531884515171334,23.71328722707768,14.524873547397416,False,False,0.17860757297785934,0.0713943888026165,0.0,0.0,0.20059345164188153,0.24032109331014917,-0.04559413722462059,-0.01774415170889639
201,9.5,15.661117044621388,9.090840668264788,2.7757773152289453,0.9403688683936953,23.037261457667874,13.279144333125252,False,True,0.17947896370857458,0.061352985915711436,0.0,0.0,0.20021645110200603,0.2401204411937991,-0.046044305296296044,-0.017821728699078953
201,10.0,14.617593492494699,7.861842574650448,2.937817462104195,0.9511948857232956,22.248771816864288,12.912048024774354,False,True,0.1584755582112261,0.0522183341567313,0.0,0.0,0.19979089314550266,0.23992188579667406,-0.04655883325266058,-0.01789889316428971
201,10.5,14.528552161514451,7.415131528995019,3.0548748309927998,0.9513111548688536,21.86612704408687,12.507644061367614,False,True,0.15347967288888587,0.048330880052135906,0.0,0.0,0.19934513018306302,0.23972240823928304,-0.04710515410684703,-0.017976817200008616
201,11.0,14.34556871640958,7.472164861319058,2.9790273275686014,0.9586652237875473,21.87965494818956,12.58342803173133,False,True,0.15092887131780305,0.04874065667674877,0.0,0.0,0.1988848890295967,0.2395233677469973,-0.04767725277008328,-0.018054973710732242
201,11.5,14.113122758049967,7.337257542333189,2.979699876898955,0.958140724675167,21.76579348596873,12.840591075887394,False,True,0.14807185533490258,0.04846897171176938,0.0,0.0,0.19843474672775419,0.23932383654338707,-0.04824482392413101,-0.0181337296025937
201,12.0,11.476804317514064,6.012745365734203,2.759541374174856,0.95811625158408,20.95045537162018,13.435727340156568,False,True,0.11420376830248141,0.040713128076408554,0.0,0.0,0.19798494685138415,0.23912481327447854,-0.04882002277816554,-0.018212693097681625
201,12.5,10.616044115821035,5.440980283389948,2.740645620738451,0.9574632108540445,20.434610971356314,13.25111824098872,False,True,0.10231878199207556,0.03663354323991376,0.0,0.0,0.19756362535215283,0.2389262289776862,-0.04936622944091207,-0.018291891096835607
201,13.0,9.602034266961333,5.099957900990718,2.577535851245154,0.9676483722654785,20.147114954570416,13.73117741827362,False,True,0.09093848410337085,0.03505738220367195,0.0,0.0,0.19714512968746714,0.23872815860673094,-0.04991599592104542,-0.01837129321679527
201,13.5,9.357744340093081,4.812693007237201,2.617661266921631,0.9577647619095433,19.79221324348736,13.249844933777354,False,True,0.08677412797818468,0.032379565221317165,0.0,0.0,0.19674783247473038,0.23852921596694315,-0.05044467706157757,-0.018451458740907763
201,14.0,8.695798653702322,4.539536701956173,2.533064046508974,0.9671035531218922,19.460024397876257,13.326324292756407,False,True,0.07907060452667841,0.03065198380911187,0.0,0.0,0.1963458300018054,0.23833195351717257,-0.05098642425675758,-0.018531359082535934
201,14.5,8.082939028148264,4.476541974268642,2.320635670589017,0.9627362650607634,19.534474768266797,13.952045493670237,False,False,0.07382425525540305,0.03125737204424784,0.0,0.0,0.19595501122410983,0.23813391682195567,-0.05151975828509561,-0.018611988046489635
201,15.0,9.654410360218062,5.150173771459986,2.5181181953420175,0.9610837735144404,19.999473554918442,13.25567665632462,False,True,0.09057522641412416,0.03482137644344463,0.0,0.0,0.19559166131049954,0.23793684770113177,-0.05202157930091401,-0.018692638336980837
201,15.5,12.013858896560869,7.459339732655403,2.2609655760120457,0.9435276630996,22.02809384949279,14.620081496922559,False,False,0.12809234372291564,0.05405311262711528,0.0,0.0,0.1952035395448759,0.23774039550164847,-0.05256405951690671,-0.01877345093363632
201,16.0,10.796813377994198,7.511461392902346,1.9245264431079518,0.9334216514048151,22.28209522604956,15.251766666610234,False,False,0.11669865737666726,0.056617653506801674,0.0,0.0,0.1948485768052461,0.23754658225002795,-0.053066103486601006,-0.01885358621541269
201,16.5,10.266424916974968,7.3586343404292975,1.8104300337606303,0.9343650870103379,22.30428042925419,15.58599507650177,False,False,0.11113340790401449,0.057362766794847704,0.0,0.0,0.19453687232749167,0.23735445402447564,-0.05351168216817594,-0.018933427373539938
201,17.0,10.333222498321607,7.829393704122394,1.610223767036624,0.9140837147490841,23.04920690975969,16.733283748304274,False,False,0.11782925639852959,0.06703277570804146,0.0,0.0,0.19424008797121664,0.23716259830723949,-0.05394008135967184,-0.01901355760577599
201,17.5,2.9280188744892692,2.244566142019073,0.40089274291766025,0.19076554759159778,11.903857219683145,7.878009750595808,False,False,0.035307752560277565,0.016761749769511308,0.0,0.0,0.19396919264435897,0.23697371545603804,-0.05433468202848885,-0.01909284122042753
201,18.0,1.7347427888763463,1.6026365713238662,0.1956763815404794,0.13748241549633824,12.48948656869786,10.577167619680315,False,False,0.02295671584692702,0.016081076569945684,0.0,0.0,0.19385277769059162,0.23687739110577133,-0.05450531437524949,-0.01913342502317631
201,18.5,5.994320453890577,5.659063653968708,0.6642939511820768,0.8193378162286644,25.07874079500994,22.86875238485434,False,False,0.07998970088537995,0.09910758581505642,0.0,0.0,0.19376288181574874,0.2367882365946632,-0.054637514016003766,-0.019171079619325914
201,19.0,6.098050219361268,5.942927816359842,0.6949201988781661,0.8079093862266571,24.87653763195832,21.763814240617826,False,False,0.08001668753110806,0.09311805130180718,0.0,0.0,0.19361363239084398,0.23661256701263114,-0.05485784285424243,-0.01924553274674562
201,19.5,5.521900672336518,5.804591001194869,0.6277669656367062,0.8631995872624485,12.418491328960911,13.798963790633026,False,False,0.07222100369660808,0.09912088615234302,0.0,0.0,0.19346083984705525,0.23643872536282282,-0.05508449970534192,-0.019319550549347614
201.0,20.0,0.0,0.0,0.0,0.0,0.0,0.0,0.0,0.0,0.0,0.0,0.0,0.0,0.1933169605401847,0.2362582054850186,-0.05529895515181608,-0.019396771049204342
201.0,20.5,0.0,0.0,0.0,0.0,0.0,0.0,0.0,0.0,0.0,0.0,0.0,0.0,0.19325343115088817,0.23618804914082162,-0.05539396369439765,-0.01942688083502595
201.0,21.0,0.0,0.0,0.0,0.0,0.0,0.0,0.0,0.0,0.0,0.0,0.0,0.0,0.1931902497599576,0.23611825251434573,-0.05548864475865971,-0.019456891514401917
201.0,21.5,0.0,0.0,0.0,0.0,0.0,0.0,0.0,0.0,0.0,0.0,0.0,0.0,0.1931274126055332,0.23604881178299486,-0.055583001270798155,-0.019486803999914492
201.0,22.0,0.0,0.0,0.0,0.0,0.0,0.0,0.0,0.0,0.0,0.0,0.0,0.0,0.1930649159875661,0.23597972318674584,-0.05567703611329946,-0.019516619190194245
201.0,22.5,0.0,0.0,0.0,0.0,0.0,0.0,0.0,0.0,0.0,0.0,0.0,0.0,0.19300275626643912,0.2359109830267526,-0.05577075212587216,-0.01954633797022122
201.0,23.0,0.0,0.0,0.0,0.0,0.0,0.0,0.0,0.0,0.0,0.0,0.0,0.0,0.1929409298616268,0.23584258766398966,-0.0558641521063526,-0.019575961211617404
201.0,23.5,0.0,0.0,0.0,0.0,0.0,0.0,0.0,0.0,0.0,0.0,0.0,0.0,0.19287943325039333,0.23577453351793382,-0.055957238811584806,-0.01960548977293141
201.0,24.0,0.0,0.0,0.0,0.0,0.0,0.0,0.0,0.0,0.0,0.0,0.0,0.0,0.19281826296652652,0.2357068170652829,-0.05605001495827731,-0.01963492449991512
202.0,0.5,0.0,0.0,0.0,0.0,0.0,0.0,0.0,0.0,0.0,0.0,0.0,0.0,0.1927574155991074,0.23563943483871044,-0.05614248322383597,-0.019664266225792624
202.0,1.0,0.0,0.0,0.0,0.0,0.0,0.0,0.0,0.0,0.0,0.0,0.0,0.0,0.19269688779131383,0.2355723834256546,-0.05623464624717409,-0.019693515771521983
202.0,1.5,0.0,0.0,0.0,0.0,0.0,0.0,0.0,0.0,0.0,0.0,0.0,0.0,0.19263667623925695,0.23550565946714025,-0.056326506629501,-0.01972267394604992
202.0,2.0,0.0,0.0,0.0,0.0,0.0,0.0,0.0,0.0,0.0,0.0,0.0,0.0,0.1925767776908492,0.23543925965663404,-0.056418066935089835,-0.019751741546559422
202.0,2.5,0.0,0.0,0.0,0.0,0.0,0.0,0.0,0.0,0.0,0.0,0.0,0.0,0.1925171889447035,0.23537318073892965,-0.05650932969202417,-0.01978071935871104
202.0,3.0,0.0,0.0,0.0,0.0,0.0,0.0,0.0,0.0,0.0,0.0,0.0,0.0,0.192457906849062,0.23530741950906392,-0.05660029739292543,-0.019809608156877438
202.0,3.5,0.0,0.0,0.0,0.0,0.0,0.0,0.0,0.0,0.0,0.0,0.0,0.0,0.19239892830075345,0.2352419728112617,-0.05669097249566114,-0.01983840870437195
202.0,4.0,0.0,0.0,0.0,0.0,0.0,0.0,0.0,0.0,0.0,0.0,0.0,0.0,0.19234025024417847,0.23517683753790888,-0.05678135742403464,-0.019867121753671172
202.0,4.5,0.0,0.0,0.0,0.0,0.0,0.0,0.0,0.0,0.0,0.0,0.0,0.0,0.1922818696703219,0.2351120106285531,-0.056871454568456874,-0.019895748046631526
202.0,5.0,0.0,0.0,0.0,0.0,0.0,0.0,0.0,0.0,0.0,0.0,0.0,0.0,0.1922237836157908,0.23504748906893014,-0.056961266286601274,-0.019924288314700486
202,5.5,2.4806088379485876,2.490300413536104,0.11583180385042315,0.12360029169200099,14.862753344695042,15.07455982920702,False,False,0.05424650846174462,0.058469163505753353,0.0,0.0,0.1921659891618782,0.23498326989001658,-0.057050794904040886,-0.019952743279122043
202,6.0,5.7586896868733035,5.8551820737624976,0.2840799716218021,0.6841117786852813,29.43721357542791,32.13012920807573,False,False,0.12113177852599102,0.300936282373225,0.0,0.0,0.19209372266404426,0.23490359943744263,-0.05716297797528659,-0.01998811189393423
202,6.5,12.17470611949041,12.255986237611049,0.6539110347687687,0.7556897459349479,29.06915533312956,29.376798387856486,False,False,0.24420542181802746,0.29390535653920513,0.0,0.0,0.19200030172689375,0.23475279801856283,-0.05730838994014105,-0.02005526286402099
202,7.0,13.632355717559498,13.445327163120481,0.8921566336883571,0.819544530780816,28.02855150643478,26.729533755216423,False,False,0.2417266876107163,0.23119460308370554,0.0,0.0,0.1918600352901967,0.23459316895578938,-0.05752754659307687,-0.02012663780059474
202,7.5,15.013208682990793,13.293565051921277,1.423313404716604,0.8818692700863163,25.830443358729433,20.818315726907542,False,False,0.21590768817594128,0.13870128007299232,0.0,0.0,0.1916896889075568,0.23442569363872673,-0.0577950453150685,-0.02020184661488958
202,8.0,15.524917369912561,12.450168864835536,1.761993162523929,0.8996212098171928,24.71153846642323,17.865814160778093,False,False,0.20309012525161835,0.10743965857407581,0.0,0.0,0.19145193338342406,0.23425056428914542,-0.05817088015976166,-0.020280851095396006
202,8.5,15.641872155992154,11.340446283093886,2.077890542067198,0.9230858411941676,23.70337129295043,15.674955754840683,False,False,0.18884551668590227,0.08655755794945794,0.0,0.0,0.19117129393111232,0.23407345822697662,-0.05861825816387301,-0.02036112198159271
202,9.0,15.77568956513344,10.94796327342652,2.227500901276009,0.941473224169542,23.29289257981732,15.01884810385416,False,False,0.1846700029837036,0.08070515382353181,0.0,0.0,0.19085067114240925,0.2338936447911088,-0.05913440221677668,-0.02044300751778528
202,9.5,15.745279892161207,10.047450101221035,2.455527047680229,0.9390490335980273,22.612060167744936,13.722219171889337,False,True,0.17572421363282237,0.06947357119836035,0.0,0.0,0.19051125284362275,0.23371176835105048,-0.05968671534746629,-0.020526231993550536
202,10.0,15.622537052428022,9.66587896825113,2.5317936414676776,0.9452618129147019,22.332954189189728,13.473365589832511,False,True,0.1708826685663034,0.06600447459261478,0.0,0.0,0.19014304373753996,0.23353047838295315,-0.060292843304074736,-0.02060959015056609
202,10.5,15.889408625472491,8.868813002550635,2.7701180985929117,0.9401540504908714,21.690971801009518,12.182641073490073,False,True,0.1665114214442906,0.05734069569545999,0.0,0.0,0.18976538044857996,0.23334867169000367,-0.060922168795286155,-0.020693591283211635
202,11.0,15.490832111601865,8.385434410266281,2.852984011149538,0.9463807844073331,21.336637778552628,12.062406548929825,False,True,0.15876699520976695,0.053880652285388554,0.0,0.0,0.1893576090090258,0.233167788353009,-0.06161047377187155,-0.02077757093136857
202,11.5,14.22056021151884,7.594449450596581,2.8156441409737787,0.94952608606363,20.87263837814006,12.164596540673239,False,True,0.14113620170355087,0.048872103802695674,0.0,0.0,0.18893953748713785,0.23298638149372186,-0.06232580660320362,-0.02086220178696486
202,12.0,13.86356028617676,7.224795537992176,2.8639043211410233,0.9567661436840807,20.537917419557317,12.01005911031594,False,True,0.134844539281465,0.0462509629182761,0.0,0.0,0.1885264816279577,0.2328048413307676,-0.06304229680069219,-0.020947306326621732
202,12.5,12.619936661947705,6.761071561230908,2.6964893163913835,0.956694228842052,20.33418145826861,12.645010884659825,False,True,0.12114916212021845,0.04456426694465085,0.0,0.0,0.1881075307994256,0.2326226436353532,-0.06377906018133132,-0.021033135335969556
202,13.0,11.987121447466532,6.405844431519007,2.6595183865587497,0.9588943164344846,20.04318761753635,12.678768430974454,False,True,0.11309114782856838,0.04231106342899145,0.0,0.0,0.18771016674559401,0.23244071780348205,-0.06448735961821613,-0.02111925467563381
202,13.5,11.425622120209024,6.163179870168319,2.5654976712754043,0.9601634235872172,19.869264903492716,12.869757846018864,False,False,0.1066436091937734,0.041126527331134595,0.0,0.0,0.18731776430110156,0.23225877195149308,-0.06519603135049785,-0.021205804018639335
202,14.0,11.037198748839359,6.046825485957637,2.492129952314359,0.9590408146092978,19.788537151188628,13.015631970230405,False,False,0.1025234437335682,0.04072609566711273,0.0,0.0,0.18693759119773523,0.23207692239311206,-0.06589148405023955,-0.02129273015454351
202,14.5,12.308269399573334,6.413624380655435,2.6591296479728315,0.9491891387092616,19.866735310888153,11.840894325006769,False,True,0.11428076070109314,0.0408640180866683,0.0,0.0,0.18656701331658182,0.2318954716194347,-0.06657790757213619,-0.02137988915255726
202,15.0,1.9224395254016853,1.8465316748836678,0.3878755375093282,0.35413218046914346,10.085005142915136,9.608521758354646,False,False,0.01817126090248489,0.016462949721683696,0.0,0.0,0.1861753977487954,0.23171552973899312,-0.06731257956975151,-0.021466743481799947
202,15.5,15.882019626452799,13.972941569208679,1.4727300237390308,0.8655650528457558,26.671186188298712,21.273403332939566,False,False,0.24460849692346126,0.14770804950234045,0.0,0.0,0.19672207751460238,0.24225596527009943,-0.05047917872230439,-0.017016359512701848
202,16.0,13.766887015421585,13.010545764995657,1.1518760105592172,0.8380343435050932,27.22379671330851,23.851831530802244,False,False,0.22401741592053148,0.16913062801035716,0.0,0.0,0.19644220510432087,0.24204301727031222,-0.050855917926163334,-0.01709469367940906
202,16.5,13.17886072388234,12.064101995627267,1.230447727909654,0.8335952382137154,27.21149538050627,22.871898639633123,False,False,0.21417943903281,0.1511189274214256,0.0,0.0,0.2015194827700159,0.24714690795590563,-0.04451045704306779,-0.01532956284822752
202,17.0,13.073745378703999,11.308846127023008,1.4032322734552405,0.8779727242392947,26.49835456549306,21.608295908546445,False,False,0.19940966764075796,0.13311005518054744,0.0,0.0,0.20124376763067744,0.24690857589995305,-0.04482987061179913,-0.01540700153837566
202,17.5,10.879912241529386,8.98433030872201,1.4342316435795788,0.9028795440438553,25.065898303778393,19.552051002226982,False,False,0.1461014730580037,0.09579935471233485,0.0,0.0,0.2009476159039295,0.24666635084832791,-0.04517600690721584,-0.015486183190459624
202,18.0,9.677416159821941,8.22133415691991,1.2634093797901302,0.8714645576427329,25.022123281271256,19.552836071147908,False,False,0.1285274326106871,0.08979622874784592,0.0,0.0,0.20064904774267206,0.24642265545104605,-0.04552819569913352,-0.015566335258537806
202,18.5,7.837670289255869,7.066505420004741,0.9711300364921014,0.8209176880996396,25.252450504611886,20.65846269721167,False,False,0.10613434810426883,0.09035691934564667,0.0,0.0,0.20037373617084747,0.24618461140801007,-0.045855853755394846,-0.015645106242181205
202,19.0,5.929934136045773,5.76412303191231,0.6989577094309669,0.8275260084250484,25.475095677818857,22.180807247622916,False,False,0.08185190334854832,0.09721080830210103,0.0,0.0,0.2001371152497301,0.24595460400719693,-0.0461397118253901,-0.01572166937759092
202,19.5,2.5833597038408804,2.913058634459042,0.29621946512674857,0.7747507069796332,12.786438717689471,15.984035281806989,False,False,0.03596368966136644,0.09374583849856971,0.0,0.0,0.19993658111938742,0.2457252996798628,-0.04638191924958462,-0.01579844326873499
202.0,20.0,0.0,0.0,0.0,0.0,0.0,0.0,0.0,0.0,0.0,0.0,0.0,0.0,0.19978873245732143,0.24550421816959217,-0.046561463096352,-0.01587288737719851
202.0,20.5,0.0,0.0,0.0,0.0,0.0,0.0,0.0,0.0,0.0,0.0,0.0,0.0,0.19967995733146465,0.24538331742729116,-0.046694085860853,-0.015913774681901915
202.0,21.0,0.0,0.0,0.0,0.0,0.0,0.0,0.0,0.0,0.0,0.0,0.0,0.0,0.19957247137343956,0.24526382556851478,-0.04682557917097976,-0.015954308880455025
202.0,21.5,0.0,0.0,0.0,0.0,0.0,0.0,0.0,0.0,0.0,0.0,0.0,0.0,0.1994662398419905,0.2451457013619959,-0.04695597160125287,-0.015994500109236
202.0,22.0,0.0,0.0,0.0,0.0,0.0,0.0,0.0,0.0,0.0,0.0,0.0,0.0,0.19936122946203527,0.24502890546436668,-0.04708529055399806,-0.016034358048960935
202.0,22.5,0.0,0.0,0.0,0.0,0.0,0.0,0.0,0.0,0.0,0.0,0.0,0.0,0.1992574083420479,0.24491340030611355,-0.047213562323778005,-0.01607389195159957
202.0,23.0,0.0,0.0,0.0,0.0,0.0,0.0,0.0,0.0,0.0,0.0,0.0,0.0,0.19915474589719517,0.24479914998599617,-0.047340812157439925,-0.016113110665335214
202.0,23.5,0.0,0.0,0.0,0.0,0.0,0.0,0.0,0.0,0.0,0.0,0.0,0.0,0.19905321277775373,0.24468612017318955,-0.04746706431013234,-0.016152022657736454
202.0,24.0,0.0,0.0,0.0,0.0,0.0,0.0,0.0,0.0,0.0,0.0,0.0,0.0,0.1989527808023772,0.24457427801648132,-0.04759234209761209,-0.016190636037292924
203.0,0.5,0.0,0.0,0.0,0.0,0.0,0.0,0.0,0.0,0.0,0.0,0.0,0.0,0.19885342289582564,0.24446359205992405,-0.047716667945132574,-0.016228958573451586
203.0,1.0,0.0,0.0,0.0,0.0,0.0,0.0,0.0,0.0,0.0,0.0,0.0,0.0,0.270637284270193,0.3159809450371679,-0.009540806971897641,-0.004248499838441317
203.0,1.5,0.0,0.0,0.0,0.0,0.0,0.0,0.0,0.0,0.0,0.0,0.0,0.0,0.26863524153537316,0.31385408861457204,-0.0099180549202052,-0.004401030565705089
203.0,2.0,0.0,0.0,0.0,0.0,0.0,0.0,0.0,0.0,0.0,0.0,0.0,0.0,0.2670886459021193,0.31220566230842484,-0.010221692067576645,-0.004523752409590619
203.0,2.5,0.0,0.0,0.0,0.0,0.0,0.0,0.0,0.0,0.0,0.0,0.0,0.0,0.2658079143076223,0.3108250265892827,-0.010481545420854126,-0.004629685601231644
203.0,3.0,0.0,0.0,0.0,0.0,0.0,0.0,0.0,0.0,0.0,0.0,0.0,0.0,0.2647042019532741,0.3096164435066443,-0.010711817259573866,-0.0047248512860280515
203.0,3.5,0.0,0.0,0.0,0.0,0.0,0.0,0.0,0.0,0.0,0.0,0.0,0.0,0.2637280250696781,0.3085277088947608,-0.010920519205302444,-0.004812581416872637
203.0,4.0,0.0,0.0,0.0,0.0,0.0,0.0,0.0,0.0,0.0,0.0,0.0,0.0,0.2628487608456556,0.30752746256209224,-0.01111266066855163,-0.004894896719604996
203.0,4.5,0.0,0.0,0.0,0.0,0.0,0.0,0.0,0.0,0.0,0.0,0.0,0.0,0.26204603977228885,0.30659546577949587,-0.011291602130686236,-0.004973109292322212
203.0,5.0,0.0,0.0,0.0,0.0,0.0,0.0,0.0,0.0,0.0,0.0,0.0,0.0,0.26130557469738647,0.3057179679054119,-0.011459717264209726,-0.0050481128717040505
203,5.5,2.5195431157815595,2.500453325221888,0.13031022641977125,0.11255020767062257,15.59426865100989,15.148908893459067,False,False,0.06896878817440699,0.0601479632455961,0.0961887194613371,0.0961887194613371,0.26061692719119733,0.3048852544413293,-0.011618750587722278,-0.005120538052060423
203,6.0,8.427071600732402,8.547328662496914,0.38354483640356163,0.6471329196343639,31.709686152927212,33.36225931930124,False,False,0.2534028560114651,0.446099580248436,0.24235970418239214,0.24235970418239214,0.259943355537913,0.3040636455518938,-0.011776852628941188,-0.0051932140273277
203,6.5,12.842841402093754,12.925955394335766,0.5794462393434675,0.740100550401084,31.953263750825187,32.58723187362439,False,False,0.4048244853213814,0.5716558939293055,0.5453365487090724,0.5453365487090724,0.26185069626558866,0.30576332514477184,-0.011335665906172191,-0.0050442031028482045
203,7.0,14.536637479373415,14.507684552599752,0.7468174058824784,0.7448463778075244,31.492987827899185,31.243909449203766,False,False,0.4199177039884475,0.4635943230177273,0.7319948867507424,0.7319948867507424,0.261065353213801,0.3047797461082075,-0.011514896679015101,-0.005129802734004799
203,7.5,15.934549952975182,15.617029081218064,1.0077609252286939,0.8001865134169696,30.5777161888605,29.00213561053341,False,False,0.3946994939975152,0.33984360932836777,0.999397457529408,0.999397457529408,0.26027216237916606,0.3038057396094123,-0.011699356356128838,-0.005216280269692195
203,8.0,16.79167990091295,16.035874598068066,1.2554107152495664,0.853012246623521,29.698706024221252,26.82925951768793,False,False,0.3693504016492899,0.2688909524028927,1.2407450382834437,1.2407450382834437,0.25944419965443194,0.30282033316632007,-0.011895670706459496,-0.005305543404316486
203,8.5,16.822897636820397,15.810141803495846,1.3408831638602057,0.818018261144658,29.29458663068224,25.100821359280072,False,False,0.34731306550898955,0.21993020128484442,0.9927458303357453,0.9927458303357453,0.25858266750164305,0.30182386835205477,-0.012104126070337498,-0.005397665235463506
203,9.0,17.690455404102607,15.912484754178124,1.619044789455313,0.8574952336922923,28.598599868884335,22.881030024355034,False,False,0.3349682194613821,0.1844257421846233,1.2197881252817357,1.2197881252817357,0.25776745780323906,0.30088728133335557,-0.012305392624789116,-0.0054859938623711205
203,9.5,18.057726833742418,15.008636881846282,1.9799242183259391,0.8925560429242922,27.626086842847254,20.376537832104077,False,False,0.30936857706426246,0.14666953677632782,1.8149044221954378,1.8149044221954378,0.2569108681962337,0.2999384422493738,-0.012521186990428892,-0.005577239785954736
203,10.0,18.357681313896574,14.399572187510369,2.200970022796497,0.9032416971261031,27.013517114023088,18.386829263613578,False,False,0.2952190836700773,0.12492866974179245,1.6099332592449906,1.6099332592449906,0.25595325031751437,0.2989292896082789,-0.012767793660303218,-0.005676277418953461
203,10.5,18.43743612132264,13.726006249060912,2.413584500229493,0.9312007941126469,26.50867782231556,17.251232488819518,False,False,0.2819936601963193,0.1120523241569094,1.825007577341278,1.825007577341278,0.25501250334418113,0.29796345978368427,-0.013015711008406922,-0.005773031759843456
203,11.0,18.514600949353714,13.476612053804617,2.491918880649523,0.9308182961061755,26.352863905796927,16.80841158343291,False,False,0.27904886908610627,0.107461139854346,1.9195671615005894,1.9195671615005894,0.2540345585825731,0.2969840217433476,-0.013279536305914257,-0.005873162838982663
203,11.5,16.678452072549273,11.142818760519724,2.6061866604948327,0.9215448605143495,25.56916507924901,16.22840548750668,False,False,0.23391423359210972,0.08660726859332488,2.6283934824846122,2.650269775967519,0.25305048343859743,0.2960089175637091,-0.013551472468148354,-0.005974913178785281
203,12.0,17.188295481318505,11.038289225858431,2.8060044808426245,0.9426028579886344,25.220622938689846,15.090827990760666,False,False,0.2337184094888789,0.08097836511811728,2.2698530669733885,2.4618986759841106,0.25197619554383033,0.2949573249941164,-0.013855949233395913,-0.006087008144384781
203,12.5,16.830770391475543,11.49043380831173,2.611153519626981,0.9424995854169024,25.400916764734397,14.867887526238352,False,False,0.23083230561072143,0.08350426892731294,0.9396564923998237,1.0998428008383276,0.2509357317576812,0.2939417179016651,-0.014158640467658176,-0.00619765360273733
203,13.0,17.7895968662627,11.217714089409295,2.899762316743846,0.9453854466445112,25.11643260898099,14.272577913640305,False,True,0.2399158305589213,0.07929090259500213,1.3885538268158995,1.7205610093091699,0.2501022512126113,0.29311366469509337,-0.014406812150957363,-0.006289642803926792
203,13.5,17.462715293215783,10.915195413511281,2.896154575772329,0.9420851536316167,25.017648900295054,14.201818442605212,False,True,0.23345289229265065,0.0770173243164716,1.321358341705143,1.7620677533115485,0.24918657937675018,0.2922194901474379,-0.014685456103230299,-0.006390810511224342
203,14.0,16.53267535908596,10.856352041788117,2.6589092558313303,0.9241357273627032,25.18610433124067,14.42494116356464,False,False,0.2226210699052941,0.07758195686253355,0.7904846159312809,1.1339250820296767,0.24829095948442528,0.29133322654775545,-0.01496423177891431,-0.006493002127974582
203,14.5,16.65023673132534,10.667964733174077,2.7554777490190343,0.9385881469255628,25.010237800948186,14.45991387205095,False,False,0.22239081583292852,0.07658102353964644,0.9881666022726634,1.475698258267183,0.24750356713471877,0.29054155653310554,-0.015214541826057793,-0.0065859366244641025
203,15.0,15.90433937903001,10.324836195226185,2.6821459059122588,0.9460706449243298,24.908861771679526,14.464077123541442,False,False,0.2092496339520948,0.07415211000651889,0.7322173894330555,1.1449657757612592,0.24668840253068267,0.2897162718766824,-0.01547895462285641,-0.006684509498013935
203,15.5,14.296576972533877,10.043831656145972,2.3349514938759857,0.920183266051409,25.064440819707805,15.098676515175466,False,False,0.1905485087133604,0.07498418402763762,0.44888971504513886,0.7369164405697809,0.2459243625273404,0.28894351325045803,-0.015731769106776806,-0.006778406067337538
203,16.0,14.18185226149324,9.849348500130244,2.3356658158968213,0.9325616604009935,25.030547443663536,15.382780972778834,False,False,0.1884841897745039,0.07540819509791953,0.4833976210782241,0.8298012019079646,0.24524932394776183,0.2882369675063252,-0.015959236506772678,-0.0068656354517379285
203,16.5,12.892483522852132,8.876825356297651,2.2366269888115147,0.9310249875071182,24.7246830245632,15.538179693141284,False,False,0.16707833039962122,0.06982081584185834,0.459482125935123,0.8280262888723243,0.2445779822171098,0.28752752943957244,-0.016189355406346983,-0.006954570959048303
203,17.0,11.2821909046809,8.068593502136354,1.9781256598935142,0.9309642211373748,24.653850076621065,16.392947307972356,False,False,0.14537112572736371,0.06864717402330756,0.3632759606154063,0.6885034998409939,0.24393006634870965,0.28682866340981544,-0.01641520293860062,-0.007043526463931448
203,17.5,9.510171017949137,7.097592236153144,1.6435214777378426,0.8843840032882258,24.741035054146664,17.390337375113567,False,False,0.12341012090826112,0.06666773482265827,0.2830628427080305,0.5622859118754647,0.243334716059504,0.28615738277315617,-0.016626043964819787,-0.007130250056483792
203,18.0,10.435664444351666,7.9113437382196,1.8028095317967745,0.9078639887422555,24.726497593054237,16.131773905172793,False,False,0.13525952182455928,0.06822531303443494,0.30181762716925464,0.6243325602313887,0.24279922890370106,0.2855175854990705,-0.01681844610578344,-0.007214092886803912
203,18.5,8.687289526912945,7.046231279277715,1.5021630251460918,0.8986042057457635,24.685239512843314,16.87118954143735,False,False,0.11222111415816322,0.06694782475904983,0.18060294461949639,0.3925722184829019,0.24224772020697619,0.2848760339493454,-0.017019384537743768,-0.00729934777620841
203,19.0,6.571769118932719,5.849670040485027,1.1011436011406912,0.8623265163432483,24.839991634213867,18.271582298435842,False,False,0.08597351122658034,0.06690015021437545,0.09206671984729803,0.20878305061279887,0.24175632726666732,0.2842740369342909,-0.01720083396552364,-0.007380440127867399
203,19.5,3.641782243589313,3.8289214947917714,0.5792175164343834,0.8051691005463504,12.570741752548544,13.913735797890778,False,False,0.04885397017823248,0.06732085851174947,0.024395466349936265,0.056985544979472766,0.24133338866657847,0.2837086339570068,-0.017358854402895165,-0.007457582339649957
203.0,20.0,0.0,0.0,0.0,0.0,0.0,0.0,0.0,0.0,0.0,0.0,0.0,0.0,0.24099138515973448,0.2831781312894663,-0.017487901505135923,-0.007530837902627541
203.0,20.5,0.0,0.0,0.0,0.0,0.0,0.0,0.0,0.0,0.0,0.0,0.0,0.0,0.24073185313291467,0.28276550214593893,-0.017586593177027057,-0.007588409954839371
203.0,21.0,0.0,0.0,0.0,0.0,0.0,0.0,0.0,0.0,0.0,0.0,0.0,0.0,0.24047763933460045,0.28236062505990617,-0.01768390650183729,-0.007645410830601749
203.0,21.5,0.0,0.0,0.0,0.0,0.0,0.0,0.0,0.0,0.0,0.0,0.0,0.0,0.24022852561762964,0.28196325585733806,-0.01777989053338593,-0.007701851431725343
203.0,22.0,0.0,0.0,0.0,0.0,0.0,0.0,0.0,0.0,0.0,0.0,0.0,0.0,0.23998430754187436,0.28157316032100804,-0.01787459141370703,-0.0077577424574338145
203.0,22.5,0.0,0.0,0.0,0.0,0.0,0.0,0.0,0.0,0.0,0.0,0.0,0.0,0.23974479320610248,0.28119011367774827,-0.017968052616487967,-0.007813094408272287
203.0,23.0,0.0,0.0,0.0,0.0,0.0,0.0,0.0,0.0,0.0,0.0,0.0,0.0,0.23950980220523713,0.28081390012940277,-0.01806031516448204,-0.007867917588254924
203.0,23.5,0.0,0.0,0.0,0.0,0.0,0.0,0.0,0.0,0.0,0.0,0.0,0.0,0.23927916469688545,0.2804443124200145,-0.01815141782424376,-0.007922222105906306
203.0,24.0,0.0,0.0,0.0,0.0,0.0,0.0,0.0,0.0,0.0,0.0,0.0,0.0,0.2390527205634068,0.2800811514335432,-0.018241397281036815,-0.007976017874670883
204.0,0.5,0.0,0.0,0.0,0.0,0.0,0.0,0.0,0.0,0.0,0.0,0.0,0.0,0.23883031865778884,0.2797242258177299,-0.018330288296349993,-0.008029314613029654
204.0,1.0,0.0,0.0,0.0,0.0,0.0,0.0,0.0,0.0,0.0,0.0,0.0,0.0,0.2386118161232681,0.2793733516307143,-0.018418123850109713,-0.00808212184456136
204.0,1.5,0.0,0.0,0.0,0.0,0.0,0.0,0.0,0.0,0.0,0.0,0.0,0.0,0.2383970777780329,0.2790283520077586,-0.01850493526938648,-0.008134448898109261
204.0,2.0,0.0,0.0,0.0,0.0,0.0,0.0,0.0,0.0,0.0,0.0,0.0,0.0,0.23818597555752644,0.27868905684598744,-0.018590752345147784,-0.008186304908158387
204.0,2.5,0.0,0.0,0.0,0.0,0.0,0.0,0.0,0.0,0.0,0.0,0.0,0.0,0.2379783880078677,0.278355302505477,-0.018675603438401776,-0.008237698815486381
204.0,3.0,0.0,0.0,0.0,0.0,0.0,0.0,0.0,0.0,0.0,0.0,0.0,0.0,0.23777419982475323,0.27802693152534025,-0.018759515576901347,-0.008288639368121017
204.0,3.5,0.0,0.0,0.0,0.0,0.0,0.0,0.0,0.0,0.0,0.0,0.0,0.0,0.2375733014329279,0.2777037923536936,-0.018842514543426347,-0.008339135122615627
204.0,4.0,0.0,0.0,0.0,0.0,0.0,0.0,0.0,0.0,0.0,0.0,0.0,0.0,0.23737558860192734,0.2773857390905707,-0.018924624956535345,-0.008389194445638772
204.0,4.5,0.0,0.0,0.0,0.0,0.0,0.0,0.0,0.0,0.0,0.0,0.0,0.0,0.23718096209432596,0.27707263124298465,-0.019005870344567206,-0.008438825515863606
204.0,5.0,0.0,0.0,0.0,0.0,0.0,0.0,0.0,0.0,0.0,0.0,0.0,0.0,0.23698932734317846,0.27676433349144214,-0.01908627321357898,-0.008488036326136362
204,5.5,2.358542146563677,2.351271427681485,0.131540239412951,0.12456191015324365,15.419356830275603,15.224517884403626,False,False,0.06089596297926517,0.05795786647795306,0.02162528103350125,0.05094081791232809,0.2368005941557374,0.27646071546729395,-0.019165855109824475,-0.008536834685898569
204,6.0,8.721533340859363,8.810731828515333,0.520966759901768,0.7149093943944385,30.503011579176444,31.357840671077312,False,False,0.21354873843546832,0.29970170972472227,0.07438000645362973,0.17579205645462415,0.23659515813169954,0.276139286738576,-0.019252929808362414,-0.008588860340508936
204,6.5,12.392691625707794,12.214617950171938,0.8519036244443757,0.7505925144878258,29.933893246120036,28.262104315297098,False,False,0.27899839723577047,0.255743003504577,0.15033933608922573,0.3587324325022693,0.23633610695093868,0.27573115124617276,-0.019363402327237496,-0.008655465550259889
204,7.0,14.312243946139382,13.637644426870505,1.1734393206510436,0.8230231457393684,29.1149345954233,25.614955479383518,False,False,0.28874780407443956,0.2106053796403691,0.2179257719068197,0.5329334747231371,0.23602785846389537,0.2752994722035555,-0.019495840669572242,-0.00872658374078699
204,7.5,15.501042674386714,13.943592604689474,1.4975045654236774,0.8496035226330342,28.197279514712683,22.6923644867771,False,False,0.2826816851764713,0.16561150289230953,0.2774992423959559,0.7067479063166003,0.23567260245124902,0.2748405678573871,-0.019649816798384238,-0.008802952109245088
204,8.0,16.237154422576555,13.762363293993383,1.7898714238149598,0.8797131864724504,27.500236969906638,20.595205033423685,False,False,0.2743429026649036,0.13945669711234052,0.322687419344524,0.8738170117806452,0.2352709656686975,0.274360221690727,-0.019825643923993063,-0.00888374325893084
204,8.5,16.780715397035515,13.939595032027265,1.932855864393122,0.9023292290568895,27.234341089556498,19.461422348256818,False,False,0.2733538407953006,0.12988731054287905,0.24563094143049286,0.7250021200884155,0.23482875169915887,0.2738587387397796,-0.020021407603547075,-0.008969033933478265
204,9.0,17.16198335304896,13.145389027876382,2.217534297671204,0.9105603903084359,26.59597844852406,17.883869397600144,False,False,0.26443672044176575,0.11186877713731286,0.32522565093448175,1.0707108806181231,0.2343805086008038,0.27337722678067655,-0.02022219536926768,-0.009051847666137399
204,9.5,17.045464213472734,11.633028664004566,2.605853730367558,0.9327433681152761,25.57934608738072,15.564998902115946,False,False,0.23915455064528826,0.08777165747798683,0.3023422831492237,1.1625791893151691,0.23388815397277876,0.2728544027618022,-0.02044551415792519,-0.009142800385279828
204,10.0,16.684842611870096,10.863069096284917,2.747371764354224,0.9427951767305073,25.163275017285812,15.083634321412072,False,False,0.22594645400077018,0.0799553433436256,0.2606706052956504,1.2763560681154251,0.233351478724141,0.27232074209046575,-0.02069229123696985,-0.009236763528168327
204,10.5,16.942221368674907,10.946121016619632,2.7784093265155514,0.9348259458003579,25.189303037094657,14.90372644961294,False,False,0.22983906710716379,0.07968693734449861,0.176794294203873,1.2580584937255266,0.2328042692045287,0.27177490775558266,-0.02094757518785666,-0.009334062852611527
204,11.0,17.03018231892417,10.763869371348305,2.834839463779149,0.9295957900108791,25.116053158354646,14.786946039020373,False,False,0.22976921578789025,0.07793439604379199,0.08689029190443322,1.2288553913252862,0.2322659262967424,0.27123593888201397,-0.02120239281444806,-0.009431338947233001
204,11.5,17.368520822800964,10.61457374298131,2.9777733494029706,0.9401482984912674,24.892376001125537,14.16247392211769,False,True,0.22990727289945945,0.07450520293659799,0.0,1.102650675947812,0.23173392823614308,0.270704791141984,-0.02145784362706795,-0.009528387437533184
204,12.0,15.790144268318176,9.351382844602758,2.932459188254951,0.932178829771697,24.4729667280112,14.424383888483138,False,False,0.20196246213085267,0.06663169630276175,0.0,1.2488383564810213,0.2311968155706698,0.2701917323300269,-0.021719479196392243,-0.009623262606462147
204,12.5,15.74276476211519,9.07617410587244,3.029709232475312,0.9431119517829215,24.21306211762616,13.982834434236555,False,False,0.19720848238146135,0.06329575909243823,0.0,1.1044846461209363,0.23066745455521115,0.26966433159189485,-0.021981066267550427,-0.009721965480742379
204,13.0,16.06110042669931,8.987011667122104,3.131855202741508,0.9398489401349595,24.086130462572868,13.393976218128756,False,True,0.19912931260196307,0.061137943481677545,0.0,0.9420043134487271,0.23012762963831201,0.2691571277903675,-0.022251699290377912,-0.009818028336617182
204,13.5,16.801227635897753,9.471637882140417,3.2001890506444037,0.960681558098393,24.15851114261346,13.061055034311723,False,True,0.2094610182288546,0.06353335246189003,0.0,0.6649985388609817,0.2295766704785207,0.26867416558464136,-0.022532018167514066,-0.009910552824551486
204,14.0,16.51266465808198,9.501233080455554,3.0855422813243485,0.9460683717194083,24.268177248296613,13.27826990879825,False,True,0.20771445548913614,0.06430261369544307,0.0,0.576207818350125,0.22901884108059462,0.26822689678417466,-0.022820129709170852,-0.009997167214822179
204,14.5,15.928605500086816,9.142165170940093,3.0604749130401077,0.9524249705849722,24.08594972186038,13.205130990694503,False,True,0.1974858992991838,0.061953478559774386,0.0,0.5125275161579387,0.22847741599756657,0.26779578397400255,-0.023103975874798535,-0.010081507910671514
204,15.0,14.201673149120465,8.323671536129988,2.8342240262102396,0.9435805778357608,23.911291403323283,13.985385319970755,False,False,0.1736147458778904,0.05879423731991468,0.0,0.5713956193063929,0.2279409382152656,0.26737488763970957,-0.023389387180646527,-0.010164669032565634
204,15.5,12.854847172613969,7.516407928885542,2.701275043757073,0.9426303637618749,23.58487788102243,14.20878598338892,False,False,0.15326976706226392,0.05436181869945307,0.0,0.497766009860461,0.22743500489324173,0.2669504629458913,-0.02366240532106774,-0.01024935626481069
204,16.0,13.413584682667981,8.03284772213711,2.709651573095043,0.9415177734134041,23.78864362855824,13.615319393893403,False,False,0.1615153134375889,0.05626548039805537,0.0,0.29838034104013006,0.22694768747037414,0.2665383252595632,-0.02392897509959846,-0.01033239753181046
204,16.5,11.412624791681935,7.770531015330696,2.2434675998653066,0.9383053235545761,23.90252292121916,14.468965122501539,False,False,0.1386162505558814,0.05766280013899425,0.0,0.1436132805393536,0.22646093891791463,0.2661544594761193,-0.024198813178612878,-0.010410464284217763
204,17.0,10.239784767788088,7.389552952100017,1.9699577062014493,0.9320024309170476,24.0240637338384,15.383319565552931,False,False,0.12553602658669502,0.05903218503751129,0.0,0.11315039168534528,0.22603519753359627,0.26579338796158236,-0.024437807644584322,-0.010484537578515843
204,17.5,8.925685844779185,6.758500909358884,1.693830409334335,0.9208012251237322,24.10793635211894,16.417963231061343,False,False,0.11013754925027425,0.059552775531789344,0.0,0.0886523149906525,0.22564587525171378,0.2654396065789855,-0.02465882331120974,-0.010557725179640027
204,18.0,7.170445173645232,5.49294070075166,1.3541521502630511,0.8700085833409542,24.163482159041067,17.78520007253359,False,False,0.08886180708081964,0.05702394870939472,0.0,0.08147717923307662,0.22529327169066368,0.26509292363579945,-0.024861052014999344,-0.010630035572125489
204,18.5,6.321973096885485,5.190024582937375,1.1891784542885697,0.8656113682771946,24.162672515679652,17.933126327375017,False,False,0.07834193055270101,0.05679733525093389,0.0,0.057792932732401214,0.2249854524982603,0.2647561227644055,-0.025039212820115387,-0.010700850568330299
204,19.0,1.219185106997949,1.509428919995956,0.21538879646144565,0.7471111398281107,12.227631127574869,16.193688471328862,False,False,0.015460526630273192,0.05304822271201808,0.0,0.0,0.2247001228055873,0.2644253429822969,-0.02520571715776825,-0.010770947350681764
204,19.5,1.0230196126894808,1.3063690343452532,0.17872516848637945,0.748555852393774,12.261786775366545,16.534103531823767,False,False,0.013043975121077592,0.05396250737665329,0.0,0.0,0.22454032150966874,0.2641194203907981,-0.025299545583238776,-0.010836264022530531
204.0,20.0,0.0,0.0,0.0,0.0,0.0,0.0,0.0,0.0,0.0,0.0,0.0,0.0,0.22438659821521656,0.2638156559278838,-0.025390198234753362,-0.010901587399805193
204.0,20.5,0.0,0.0,0.0,0.0,0.0,0.0,0.0,0.0,0.0,0.0,0.0,0.0,0.22425702732873365,0.26360957627026393,-0.02546690860659177,-0.01094617122795266
204.0,21.0,0.0,0.0,0.0,0.0,0.0,0.0,0.0,0.0,0.0,0.0,0.0,0.0,0.2241288053961594,0.2634057442643,-0.025543092345520806,-0.010990482659246601
204.0,21.5,0.0,0.0,0.0,0.0,0.0,0.0,0.0,0.0,0.0,0.0,0.0,0.0,0.22400190525761188,0.26320411465478966,-0.025618758237332475,-0.011034525738495055
204.0,22.0,0.0,0.0,0.0,0.0,0.0,0.0,0.0,0.0,0.0,0.0,0.0,0.0,0.2238763005668456,0.2630046434777276,-0.025693914832198197,-0.011078304421062704
204.0,22.5,0.0,0.0,0.0,0.0,0.0,0.0,0.0,0.0,0.0,0.0,0.0,0.0,0.22375196575879125,0.2628072880137633,-0.025768570453442156,-0.011121822575317845
204.0,23.0,0.0,0.0,0.0,0.0,0.0,0.0,0.0,0.0,0.0,0.0,0.0,0.0,0.2236288760187161,0.26261200674363966,-0.025842733205894926,-0.011165083985007904
204.0,23.5,0.0,0.0,0.0,0.0,0.0,0.0,0.0,0.0,0.0,0.0,0.0,0.0,0.22350700725290767,0.26241875930551833,-0.025916410983851827,-0.011208092351565021
204.0,24.0,0.0,0.0,0.0,0.0,0.0,0.0,0.0,0.0,0.0,0.0,0.0,0.0,0.22338633606079117,0.2622275064541012,-0.025989611478658692,-0.011250851296343603
205.0,0.5,0.0,0.0,0.0,0.0,0.0,0.0,0.0,0.0,0.0,0.0,0.0,0.0,0.22326683970839517,0.26203821002146344,-0.02606234218594661,-0.011293364362791276
205.0,1.0,0.0,0.0,0.0,0.0,0.0,0.0,0.0,0.0,0.0,0.0,0.0,0.0,0.22314849610308826,0.26185083287951577,-0.0261346104125355,-0.011335635018555331
205.0,1.5,0.0,0.0,0.0,0.0,0.0,0.0,0.0,0.0,0.0,0.0,0.0,0.0,0.22303128376951273,0.2616653389040203,-0.02620642328302514,-0.01137766665752605
205.0,2.0,0.0,0.0,0.0,0.0,0.0,0.0,0.0,0.0,0.0,0.0,0.0,0.0,0.2229151818266476,0.2614816929400867,-0.02627778774609048,-0.011419462601818831
205.0,2.5,0.0,0.0,0.0,0.0,0.0,0.0,0.0,0.0,0.0,0.0,0.0,0.0,0.22280016996593713,0.2612998607690797,-0.026348710580498383,-0.011461026103696766
205.0,3.0,0.0,0.0,0.0,0.0,0.0,0.0,0.0,0.0,0.0,0.0,0.0,0.0,0.22268622843042535,0.26111980907687143,-0.02641919840085978,-0.011502360347435311
205.0,3.5,0.0,0.0,0.0,0.0,0.0,0.0,0.0,0.0,0.0,0.0,0.0,0.0,0.2225733379948413,0.2609415054233784,-0.026489257663132405,-0.011543468451130788
205.0,4.0,0.0,0.0,0.0,0.0,0.0,0.0,0.0,0.0,0.0,0.0,0.0,0.0,0.2224614799465824,0.2607649182133211,-0.02655889466988669,-0.0115843534684544
205.0,4.5,0.0,0.0,0.0,0.0,0.0,0.0,0.0,0.0,0.0,0.0,0.0,0.0,0.22235063606754785,0.2605900166681531,-0.02662811557534777,-0.011625018390353178
205.0,5.0,0.0,0.0,0.0,0.0,0.0,0.0,0.0,0.0,0.0,0.0,0.0,0.0,0.22224078861677615,0.26041677079910447,-0.026696926390224817,-0.011665466146699699
205,5.5,2.18637223911934,2.196639467998308,0.09915817725621298,0.1119465292632473,15.865976197177215,16.147651903978296,False,False,0.06602230281075544,0.07522974641004504,0.0,0.010307432478416168,0.22213192031384424,0.26024515138128856,-0.026765332986338864,-0.01170569960789214
205,6.0,5.915453571032064,5.990096598898047,0.2577508582919582,0.7549537896387517,31.93584925089023,33.89512178984084,False,False,0.18582223613724527,0.5896910547660271,0.0,0.030842860337766426,0.22201137832009035,0.2600595507657409,-0.02684131844378349,-0.011749396970871042
205,6.5,12.732099115112362,12.826505723160512,0.6110935562543205,0.7624937043571698,31.73344174872679,32.266843566991454,False,False,0.3845823774472223,0.5349816351279268,0.0,0.08350426769176919,0.22187157232474297,0.2597909632506098,-0.02692976941446715,-0.011812977216739828
205,7.0,13.344059829972778,13.100654546812894,0.9430114903398775,0.77420508292615,29.86824685010634,27.930951009206623,False,False,0.2976514058382312,0.25525521569252635,0.0,0.084146514245106,0.22168766879895974,0.2595162472291401,-0.027046648999192215,-0.011878432740920545
205,7.5,14.533973524596217,13.51277453761218,1.360060870462078,0.8541980992581137,28.392863399476834,23.65953068759307,False,False,0.26862221693856597,0.1727395618338067,0.0,0.09594853652090055,0.2214623823697127,0.25924147365809,-0.027190654193726394,-0.01194433470449078
205,8.0,15.665494691896084,13.724993860646482,1.660384384704751,0.8741281498306125,27.720359915285634,21.16717828275805,False,False,0.26855252583834016,0.1442131878495387,0.0,0.10659020702351721,0.22118484929679044,0.2589564933368861,-0.02736931382355252,-0.012013145404962858
205,8.5,16.403253025871294,12.793889986179,2.1176446782767813,0.89863584216511,26.575017151261008,17.686837304690677,False,False,0.2503057893259726,0.10748869017821466,0.0,0.11384058279784588,0.22086992945468875,0.2586690829920328,-0.027573737694248965,-0.012083021767560013
205,9.0,9.537707989054546,7.857697915469938,1.1659194226923857,0.8223377817418697,26.858175900124582,24.589379437481924,False,False,0.14960434148354212,0.10628634478615256,0.0,0.04904591551632334,0.2204976094868575,0.2583790669212208,-0.027817773342123982,-0.01215402307921076
205,9.5,6.678357053924858,5.742361219735457,0.7787806255366103,0.37976680545118086,13.530665618682201,9.658302822696996,False,False,0.1068950701344113,0.05190149397037288,0.0,0.02443787490275197,0.2202474262343492,0.25810844805008826,-0.027983201025464498,-0.01222072435744039
205,10.0,7.89135699555687,6.404913582867046,0.929438597044567,0.39538901963970763,13.51870165431188,8.95554697715188,False,False,0.12600721151197783,0.05368296473964581,0.0,0.03430095915254136,0.22004741909614986,0.2578987571018379,-0.028116294539635264,-0.01227270836666838
205,10.5,17.429439952410924,13.571035424561419,2.221070247455266,0.914701365600406,26.6435758670058,17.468886361450657,False,False,0.2677255776567484,0.11147964727560372,0.0,0.0773733163523557,0.2198290416847628,0.2576871896821608,-0.02826247471254352,-0.01232542480398686
205,11.0,18.06033311659795,12.528131686703215,2.5984275524111666,0.9169469678948465,25.892623187218895,15.520867132593471,False,True,0.26085819890050116,0.09327523406187824,0.0,0.08018213197417254,0.21944688341614824,0.2574053049331433,-0.028520473546958334,-0.012396082095291246
205,11.5,17.546996000774048,11.530526757273222,2.7817532812416244,0.940524162327057,25.421185098708868,15.196377883878636,False,True,0.24287148929553481,0.0845879388009565,0.0,0.0940053093061477,0.21901743999859835,0.25712410325691215,-0.028813751090064996,-0.012467049548904527
205,12.0,17.13793720952944,10.631224381504008,2.915405158234145,0.9342732042138507,24.99073169217275,14.492914577448092,False,True,0.2287603551026946,0.07551228078551749,0.0,0.06373364899365641,0.2185654248955608,0.25683944147410775,-0.029126333496891945,-0.012539383845472374
205,12.5,13.752674021443699,10.558563312405889,2.14069363570851,0.9281520722681404,12.660203225431587,8.010686279243028,False,False,0.18731634746183592,0.0805242754962415,0.0,0.05633190706571677,0.2207550268213163,0.2592112039585728,-0.02764877705457855,-0.011951621225307248
205,13.0,16.90725388765607,15.622876190984407,1.4937339878518026,0.8431111396463129,28.775697216863602,23.779886295147882,False,False,0.3270319954087234,0.19083385878322479,0.18002054721345578,0.9576167162597883,0.2572212100577266,0.29550539787705893,-0.01244248791727248,-0.0060282763868655005
205,13.5,16.869190448052997,14.873440969961251,1.6889098366600421,0.8589034939937813,28.055155206753547,21.5525286591947,False,False,0.30001135496573395,0.15585492497106268,0.20799539477469098,0.9985315110120268,0.2563889086097866,0.29438624616947007,-0.01265489172420118,-0.006148932016559853
205.0,14.0,0.0,0.0,0.0,0.0,0.0,0.0,0.0,0.0,0.0,0.0,0.0,0.0,0.27854266529083616,0.31592121274389423,-0.008208800165224534,-0.004252696811728663
205,14.5,3.4017536940364765,3.4664204178101663,0.1607763726442883,0.29078973461363605,15.745797791168059,16.90784539389995,False,False,0.09824112001505846,0.17914026620978252,0.06149072503453077,0.07578378063596004,0.2772043261350669,0.3141629207871895,-0.008417907902244264,-0.004378482076678095
205,15.0,14.309584236154755,14.346064021313612,0.7230092035931922,0.7115236585606401,31.74239147236945,32.02649889106562,False,False,0.43296723394835634,0.5070616887620092,0.5086784384192486,0.6293013535783579,0.276039995403231,0.31264068303946446,-0.008605007700820774,-0.004490974272582007
205,15.5,6.386239874080027,6.370867726263845,0.31308720283075636,0.28034419860353504,15.851147606878822,15.720807398678375,False,False,0.1917669384359888,0.18932263349200065,0.3353263482486142,0.3353263482486142,0.3164515897193858,0.3530383696763609,-0.004215602966695134,-0.002380696647828464
205,16.0,14.50825175880897,14.57930471605701,0.7056852890452384,0.7769128589886706,31.833171561662304,32.309603368603675,False,False,0.4466911042629854,0.567793221285149,0.6823038819044206,0.6823038819044206,0.3149713521858959,0.35077156589407776,-0.004320105434556732,-0.0024621514610800115
205,16.5,14.613697643185905,14.466805147698144,0.8393530385542665,0.7435802587298916,31.064840056703492,30.330831409821748,False,False,0.3955364699509182,0.3909083576729815,0.9591409208895036,0.9591409208895036,0.3122274447408323,0.3462877505454885,-0.004522104372494231,-0.0026332702043920775
205,17.0,12.91038616646513,12.624741180696113,0.8945589142249815,0.795907395267265,30.043442210661,28.383473776258654,False,False,0.29523041416341045,0.27746825514352397,0.7361483110025017,0.7361483110025017,0.3099932573910622,0.3427913615463344,-0.004694932426230636,-0.002776599976272177
205,17.5,10.859063668106133,10.459921920554773,0.8938718907918534,0.8035530642784726,29.06754802951929,26.557992730950176,False,False,0.21777157232221805,0.20086937790587317,0.5655148509065591,0.5655148509065591,0.30810180103188806,0.3396380402005247,-0.004847428299113926,-0.0029139019218481226
205,18.0,7.929030205422374,7.907228866422055,0.650150629642888,0.7984018552797744,28.992185840394747,27.893206101679944,False,False,0.15751515386962398,0.19612102166666412,0.2784087663288666,0.2784087663288666,0.30644763377469064,0.3366419979706967,-0.004985651655464884,-0.003051912793775239
205,18.5,6.8152761877448915,6.7406384246675275,0.5617905978483831,0.7945621634188771,28.97801266314284,27.60824428898342,False,False,0.1351505264806772,0.19466300009330487,0.291426453432754,0.291426453432754,0.3050188133235851,0.33374954897209436,-0.005108838827709504,-0.0031926023716512017
205,19.0,5.159108753283718,5.147950203226394,0.49064040595038927,0.736833557536322,28.173660395927733,26.109982328711837,False,False,0.09298444299237862,0.1401752102984762,0.1714862242727673,0.1714862242727673,0.3037216290966291,0.3309479949876412,-0.0052238292143185665,-0.0033362982251793514
205,19.5,2.2561166771508576,2.4276558177144,0.20813263660323966,0.721863521984462,14.130163397093872,17.094585721950143,False,False,0.04106601961939403,0.1419580004149513,0.025437681318918857,0.025437681318918857,0.30254691888743945,0.328314336310423,-0.005330632431764311,-0.0034784616610492674
205.0,20.0,0.0,0.0,0.0,0.0,0.0,0.0,0.0,0.0,0.0,0.0,0.0,0.0,0.30150794661619285,0.3258715559307795,-0.005427268821492811,-0.0036168171864153107
205.0,20.5,0.0,0.0,0.0,0.0,0.0,0.0,0.0,0.0,0.0,0.0,0.0,0.0,0.3005672443466376,0.32369611144933697,-0.0055165703105216225,-0.003745581977489251
205.0,21.0,0.0,0.0,0.0,0.0,0.0,0.0,0.0,0.0,0.0,0.0,0.0,0.0,0.29968535598072676,0.32168266511025406,-0.005601882786598361,-0.0038696524573479927
205.0,21.5,0.0,0.0,0.0,0.0,0.0,0.0,0.0,0.0,0.0,0.0,0.0,0.0,0.29885463763616604,0.3198166925897311,-0.005683686609678346,-0.003989030213990767
205.0,22.0,0.0,0.0,0.0,0.0,0.0,0.0,0.0,0.0,0.0,0.0,0.0,0.0,0.29806892866935714,0.3180829290400836,-0.005762371102826429,-0.004103901672699389
205.0,22.5,0.0,0.0,0.0,0.0,0.0,0.0,0.0,0.0,0.0,0.0,0.0,0.0,0.2973231744983872,0.31646698472183293,-0.00583825768779686,-0.004214532031295345
205.0,23.0,0.0,0.0,0.0,0.0,0.0,0.0,0.0,0.0,0.0,0.0,0.0,0.0,0.2966131655812537,0.3149559270420967,-0.005911615857585824,-0.004321210570022666
205.0,23.5,0.0,0.0,0.0,0.0,0.0,0.0,0.0,0.0,0.0,0.0,0.0,0.0,0.2959353513578478,0.3135383889038986,-0.0059826745397296615,-0.004424223620960802
205.0,24.0,0.0,0.0,0.0,0.0,0.0,0.0,0.0,0.0,0.0,0.0,0.0,0.0,0.2952867042368073,0.3122044781035468,-0.006051630391421294,-0.004523842025857649
206.0,0.5,0.0,0.0,0.0,0.0,0.0,0.0,0.0,0.0,0.0,0.0,0.0,0.0,0.29466461797901655,0.3109456160412628,-0.006118653991551403,-0.004620316075602403
206.0,1.0,0.0,0.0,0.0,0.0,0.0,0.0,0.0,0.0,0.0,0.0,0.0,0.0,0.29406683032843484,0.3097543630928062,-0.006183894553857402,-0.004713874246982368
206.0,1.5,0.0,0.0,0.0,0.0,0.0,0.0,0.0,0.0,0.0,0.0,0.0,0.0,0.29349136311889373,0.30862425454476433,-0.006247483576432614,-0.004804723802191921
206.0,2.0,0.0,0.0,0.0,0.0,0.0,0.0,0.0,0.0,0.0,0.0,0.0,0.0,0.29293647522533517,0.30754965555002395,-0.006309537710837655,-0.004893052236322733
206.0,2.5,0.0,0.0,0.0,0.0,0.0,0.0,0.0,0.0,0.0,0.0,0.0,0.0,0.2924006251208475,0.3065256366569348,-0.006370161048357169,-0.004979029044174142
206.0,3.0,0.0,0.0,0.0,0.0,0.0,0.0,0.0,0.0,0.0,0.0,0.0,0.0,0.29188244072976516,0.3055478685847015,-0.006429446963948609,-0.005062807536333879
206.0,3.5,0.0,0.0,0.0,0.0,0.0,0.0,0.0,0.0,0.0,0.0,0.0,0.0,0.2913806949001735,0.3046125339027976,-0.006487479619689847,-0.0051445265726009146
206.0,4.0,0.0,0.0,0.0,0.0,0.0,0.0,0.0,0.0,0.0,0.0,0.0,0.0,0.2908942852591556,0.3037162530960875,-0.006544335202677779,-0.005224312154451408
206.0,4.5,0.0,0.0,0.0,0.0,0.0,0.0,0.0,0.0,0.0,0.0,0.0,0.0,0.2904222175253731,0.3028560226721455,-0.006600082953379778,-0.0053022788570444915
206.0,5.0,0.0,0.0,0.0,0.0,0.0,0.0,0.0,0.0,0.0,0.0,0.0,0.0,0.28996359157733537,0.30202916326477675,-0.0066547860268476025,-0.005378531101135488
206,5.5,4.496960126298879,4.595409907584136,0.1894074669341245,0.6129720139857988,15.976631883087618,17.675871490158652,False,False,0.14175052946950878,0.4824957144807957,0.12623635621825433,0.12623635621825433,0.28951758973895814,0.30123327600479094,-0.006708502219307841,-0.005453164274846881
206,6.0,9.580650514055426,9.6999707714284,0.45210223953165496,0.7474942724094278,31.590380348759027,33.01924125215432,False,False,0.2817374155464684,0.49033011510934454,0.2858199075292034,0.2858199075292034,0.2890432434925814,0.30037200633951283,-0.00676620010345442,-0.0055353231445134715
206,6.5,11.941597312276526,12.019255041152709,0.5961529228835113,0.7566334847714471,31.441826470897603,32.062151303218,False,False,0.34177994937481465,0.46425741561036604,0.43834985548445615,0.43834985548445615,0.28852628304900857,0.2995001323115586,-0.006829756106637512,-0.005620000250181338
206,7.0,14.253894597269564,14.166551929320818,0.8241997873608509,0.7904544897329223,30.889299152649336,30.22057052969516,False,False,0.3710725092736632,0.38040811366814425,0.7046377313168785,0.7046377313168785,0.28798210221670983,0.29863277416432027,-0.006897428654538903,-0.0057057746164731376
206,7.5,15.565623257204798,15.198943619300376,1.0214445467833175,0.7714321786570657,30.349425515240377,28.341748879425822,False,False,0.37232621400081356,0.29939950190552245,0.9343243941678943,0.9343243941678943,0.2873849270849543,0.29775069805565163,-0.006972612967473724,-0.00579460904110573
206,8.0,16.463547224200063,15.739132284882416,1.2194698846249605,0.80407732218068,29.756917367086384,26.540675245406824,False,False,0.36158985326745907,0.2516602385847784,1.1071303759687807,1.1071303759687807,0.28674281877473845,0.29686385576873114,-0.007054546476830038,-0.005885589779766256
206,8.5,17.05416495862361,15.943371245640645,1.4123491003664683,0.8467477393295941,29.15818385277864,24.83889619325367,False,False,0.34596332668028373,0.21672613018644554,1.146876534118134,1.146876534118134,0.28606243863358904,0.295971594514093,-0.007142618448786073,-0.005978849324307785
206,9.0,17.576334109883007,15.51774632808514,1.7073676015793449,0.8590102358930248,28.29806639263261,22.22627434584973,False,False,0.3242042994616241,0.1710608145232359,1.572135602955442,1.572135602955442,0.2853609479103093,0.2950883907397818,-0.007234798273028702,-0.00607290127907233
206,9.5,17.606621106546832,14.622637187686918,1.9703896553833733,0.8850553841756502,27.54420677662064,20.23725647017614,False,False,0.2988088324858875,0.14096920900954168,1.9061172401660835,1.9061172401660835,0.2845757869872643,0.29416789259574677,-0.007339659282348413,-0.006172806951295324
206,10.0,17.46644578852075,13.865883220824113,2.14172546262125,0.9026870384518213,27.02851674174267,19.027087145636557,False,False,0.2809353866246046,0.1241844938292466,2.157818159545677,2.157818159545677,0.2837222794555733,0.29321896692111954,-0.00745570930094948,-0.006277854834443316
206,10.5,17.266880309303268,12.700277183272803,2.3874502676747746,0.9161364701099909,26.298044677448786,17.26234750919302,False,False,0.25863358822143295,0.10336146064300897,2.3254351586042543,2.3254351586042543,0.2828222374213938,0.292252244123824,-0.007580462953580462,-0.006387070644055264
206,11.0,16.79521973133411,11.687691833514599,2.546849558159235,0.9255755764988266,25.761276137866723,16.375535988070467,False,False,0.2396211512477905,0.09087780361216964,2.522741444045194,2.522741444045194,0.2818765654792438,0.2912781182146257,-0.007714230441241567,-0.006499420505664491
206,11.5,17.97365592058975,11.436595362746395,2.8867245519450453,0.9188656096721743,25.287184691251078,14.194439830066209,False,True,0.24613358864516116,0.08008454951355609,2.032784616473707,2.032784616473707,0.28089217395995303,0.2902925283909861,-0.007856473582723612,-0.006615497246332028
206,12.0,17.817932273434003,11.0280648487685,3.024002193447645,0.9542832938173345,24.93776983826737,13.83135104473698,False,True,0.2367408143890215,0.07604367894038101,2.0267300251010676,1.9878083658706698,0.27993335897560395,0.2893843828723438,-0.007998035205922528,-0.006724645656325111
206,12.5,17.726957572054513,10.579031948409202,3.1108071031552558,0.9463825907227376,24.699823339025237,13.278937355793452,False,True,0.23093531809751122,0.07111456188622758,1.740443261998932,1.7274118328996468,0.278964007642799,0.2884909315837323,-0.008144252796627765,-0.006834128202117082
206,13.0,16.81939842466334,10.234463599465887,2.9901044384629474,0.9424399135975017,24.69153316269637,13.871177929218199,False,True,0.21891283410805848,0.07062255311113658,2.01296611915208,2.062798017119367,0.278026015191749,0.28764451765698723,-0.008288782044232598,-0.006939811166289042
206,13.5,16.03403451028823,9.536732990035478,2.975176038346069,0.9361371116190726,24.444795015734222,13.870031275981368,False,False,0.20460078087021571,0.06602242272553405,1.8847947077217984,1.9965623931243535,0.2770743831591376,0.2867681290502102,-0.00843854684601756,-0.007051295222198254
206,14.0,16.463770161007027,9.602804425894824,3.0847559587754616,0.9454185182324205,24.308852593112256,13.246642948004226,False,True,0.2076673211423305,0.06442566356003573,1.3866630087866016,1.5232221789550653,0.27614647782559587,0.2859127000972009,-0.008587692284884638,-0.007162176908339948
206,14.5,16.161878311751973,9.548801479289011,3.009210820321964,0.9448877292948408,24.34374677007049,13.166455936953035,False,True,0.20314350210079513,0.06403311586296677,0.9298579251835538,1.065075610905801,0.2752733751538824,0.2851276127413264,-0.008730905446818076,-0.007265773505809642
206,15.0,15.052507699314992,9.267990958772726,2.8026453851691095,0.9390872967079512,24.31111076011654,13.426300473525426,False,False,0.1887128655918056,0.06311895387495148,0.6408841821939427,0.7674172535406669,0.2744732094538795,0.28441170308813185,-0.008864660251822752,-0.00736180145577409
206,15.5,13.500562275145725,8.928038483306796,2.5064616531116966,0.9367213052974318,24.308053212595937,14.057047173350547,False,False,0.16921539453234832,0.062944378535163,0.44689520040452135,0.5593213305543551,0.2737411107379999,0.2837447427562718,-0.008989180786125898,-0.007452627114212438
206,16.0,6.721918159626053,4.647388590373344,1.2132125272082301,0.8609073188548908,24.47878983495962,22.12978557547643,False,False,0.08540103858077246,0.060351957006489855,0.16303957889945694,0.21266133114829597,0.27307622640960305,0.2831144596345644,-0.009104078617831104,-0.007539687641043636
206,16.5,3.391149758535863,2.618796110994259,0.5871581245808678,0.26614527234264557,12.360377559472317,8.018578849266124,False,False,0.04393307060580769,0.01974886601168529,0.027208024394006994,0.035974789605368734,0.27261690798330657,0.28254747471986974,-0.009184475439476482,-0.007619041921743904
206,17.0,2.4320457482558395,2.2466292410382085,0.31939188031571025,0.21008182210083545,13.193035946499895,11.010215542102374,False,False,0.0364512012162119,0.023781292100468452,0.004775317163809196,0.006375131334698229,0.27225911930011143,0.28208788551066116,-0.009247687564069346,-0.007684096304115835
206,17.5,1.8900678083262632,1.7950366914732325,0.23635800908336332,0.17315559651887472,13.343860780745073,11.791723552857384,False,False,0.029156742149301015,0.021227119775073373,0.0,0.0,0.27457711278616226,0.2842653885676244,-0.008847154648617692,-0.007381612909334997
206.0,18.0,0.0,0.0,0.0,0.0,0.0,0.0,0.0,0.0,0.0,0.0,0.0,0.0,0.27423992289084426,0.2837880813859597,-0.008904114884147524,-0.0074466849149620465
206.0,18.5,0.0,0.0,0.0,0.0,0.0,0.0,0.0,0.0,0.0,0.0,0.002439466459530942,0.0031790592302133867,0.2739385224165997,0.2833441300373737,-0.008955399522725269,-0.007507823827704086
206.0,19.0,0.0,0.0,0.0,0.0,0.0,0.0,0.0,0.0,0.0,0.0,0.0,0.0,0.27627411978177413,0.2855253237207024,-0.00856699073274342,-0.007213071829216546
206.0,19.5,0.0,0.0,0.0,0.0,0.0,0.0,0.0,0.0,0.0,0.0,0.0,0.0,0.27857276519404683,0.28765843321068074,-0.008204168854959105,-0.0069380579984199015
206.0,20.0,0.0,0.0,0.0,0.0,0.0,0.0,0.0,0.0,0.0,0.0,0.0,0.0,0.27820869227145933,0.2871375162294845,-0.008260396395059199,-0.007004047810624362
206.0,20.5,0.0,0.0,0.0,0.0,0.0,0.0,0.0,0.0,0.0,0.0,0.0,0.0,0.28047807501064775,0.2892395917583321,-0.007917242782813388,-0.006742245524879256
206.0,21.0,0.0,0.0,0.0,0.0,0.0,0.0,0.0,0.0,0.0,0.0,0.0,0.0,0.28008670003440406,0.28869049617220216,-0.007975192681209822,-0.006809490676801679
206.0,21.5,0.0,0.0,0.0,0.0,0.0,0.0,0.0,0.0,0.0,0.0,0.0,0.0,0.2797060158577814,0.28816052930394775,-0.00803204511303777,-0.006875152379485059
206.0,22.0,0.0,0.0,0.0,0.0,0.0,0.0,0.0,0.0,0.0,0.0,0.0,0.0,0.2819578288080404,0.29025326460932943,-0.007702625696000658,-0.006620172426719577
206.0,22.5,0.0,0.0,0.0,0.0,0.0,0.0,0.0,0.0,0.0,0.0,0.0,0.0,0.2815500420096467,0.2896956335454311,-0.0077610698802323165,-0.006686997005093546
206.0,23.0,0.0,0.0,0.0,0.0,0.0,0.0,0.0,0.0,0.0,0.0,0.0,0.0,0.2811539598104235,0.2891578006089182,-0.007818343067366316,-0.006752211783642244
206.0,23.5,0.0,0.0,0.0,0.0,0.0,0.0,0.0,0.0,0.0,0.0,0.0,0.0,0.2807687071877932,0.2886379648140907,-0.007874534054956459,-0.006815965732589885
206.0,24.0,0.0,0.0,0.0,0.0,0.0,0.0,0.0,0.0,0.0,0.0,0.0,0.0,0.28039351515825695,0.2881345957214522,-0.007929720742323504,-0.006878384806990454
207.0,0.5,0.0,0.0,0.0,0.0,0.0,0.0,0.0,0.0,0.0,0.0,0.0,0.0,0.28002770407067273,0.2876463803860504,-0.007983971831713857,-0.0069395764575182805
207.0,1.0,0.0,0.0,0.0,0.0,0.0,0.0,0.0,0.0,0.0,0.0,0.0,0.0,0.27967067004806645,0.28717218265790273,-0.008037348213635385,-0.006999633102782148
207.0,1.5,0.0,0.0,0.0,0.0,0.0,0.0,0.0,0.0,0.0,0.0,0.0,0.0,0.2793218738945719,0.2867110115546668,-0.008089904103966051,-0.007058634835519527
207.0,2.0,0.0,0.0,0.0,0.0,0.0,0.0,0.0,0.0,0.0,0.0,0.0,0.0,0.27898083195092876,0.28626199639748495,-0.008141687984122143,-0.007116651555267618
207.0,2.5,0.0,0.0,0.0,0.0,0.0,0.0,0.0,0.0,0.0,0.0,0.0,0.0,0.2786471085038086,0.2858243670566566,-0.008192743383620107,-0.007173744666009848
207.0,3.0,0.0,0.0,0.0,0.0,0.0,0.0,0.0,0.0,0.0,0.0,0.0,0.0,0.2783203094443001,0.2853974381051137,-0.008243109535499511,-0.007229968439910443
207.0,3.5,0.0,0.0,0.0,0.0,0.0,0.0,0.0,0.0,0.0,0.0,0.0,0.0,0.27800007693820433,0.28498059599363357,-0.008292821928424884,-0.007285371121973767
207.0,4.0,0.0,0.0,0.0,0.0,0.0,0.0,0.0,0.0,0.0,0.0,0.0,0.0,0.27768608492163865,0.284573288586358,-0.008341912774244564,-0.007339995831711099
207.0,4.5,0.0,0.0,0.0,0.0,0.0,0.0,0.0,0.0,0.0,0.0,0.0,0.0,0.2773780352742204,0.2841750165571568,-0.008390411405929877,-0.007393881304324082
207.0,5.0,0.0,0.0,0.0,0.0,0.0,0.0,0.0,0.0,0.0,0.0,0.0,0.0,0.27707565455193955,0.28378532626568304,-0.008438344617841508,-0.007447062503962367
207,5.5,2.285729199132523,2.2723353972749174,0.1321599043898923,0.11900018963570097,15.364625726469589,15.043768402398332,False,False,0.057985798667691414,0.05244005423271901,0.07045276558170495,0.08131735781492644,0.2767786911849794,0.2834038038194075,-0.008485736957954309,-0.007499571134230812
207,6.0,2.7269703952867648,2.7189072327209933,0.1554545259793936,0.147163469932189,15.390358202565135,15.2242990271963,False,False,0.06975194425059549,0.06627889356192793,0.06810753351138794,0.07887190414519164,0.276461093566601,0.2830045430698708,-0.008536773709144314,-0.00755499414677974
207,6.5,4.114661135617876,4.053179211575052,0.24381062794370545,0.19135068039563538,15.325818382653779,14.550846372570936,False,False,0.10310709834455337,0.08206885279405604,0.15597879119847904,0.18129186224326774,0.2761457968178665,0.28260944518671716,-0.00858780289355351,-0.007610320360861528
207,7.0,3.8675455380440886,3.846864908983961,0.24596392530330358,0.2258664535573185,15.137393273687659,14.85002426596433,False,False,0.09148410009443533,0.0843112052641079,0.09859143650856068,0.11532699345513711,0.2758128142565278,0.28220278334567445,-0.008642089536302461,-0.007667770790737108
207,7.5,4.765657851274616,4.717872321349866,0.3081955634257545,0.2640774967519903,15.104236464020952,14.580855236507466,False,False,0.11162762422451238,0.09647384188941728,0.14447219293698202,0.16993935509018906,0.27549145645827716,0.28180695015964446,-0.008694869116749666,-0.007724188371339325
207,8.0,6.440606219712002,6.184644761625913,0.44095977005526404,0.27747728995493254,15.005040220277069,13.245733967996337,False,False,0.14657868780927683,0.0942010029097159,0.28721027295579776,0.3403125889600458,0.2751607351301614,0.28140583300743144,-0.008749588065532807,-0.007781864338072277
207,8.5,16.38226626386887,15.649460030300705,1.2588285213279804,0.8229857621909997,29.499671966255974,26.029114380443087,False,False,0.34746413466105514,0.234933755786299,0.7640958356695573,0.9160491415940226,0.2747991580989706,0.2809875848187729,-0.008809882387007006,-0.00784255087198235
207,9.0,17.475789197843213,15.88097694902577,1.5736181692855635,0.8450657124090347,28.714239877636878,23.22232721554121,False,False,0.3355217684881753,0.1866530150218088,0.9702782632126873,1.1793754445898241,0.2742766883446383,0.28043250100188327,-0.008897883052647645,-0.007923964940452685
207,9.5,17.78663989903894,15.894366453043055,1.6542524588181793,0.8466144816920952,28.540197672729526,22.480904540287334,False,False,0.33446444571222844,0.17715718946836687,0.951335908543325,1.1735721265070844,0.27369178957802204,0.2798468703981028,-0.00899764435817547,-0.008010953400730238
207,10.0,17.566660705785658,15.353814324401,1.7899952222124011,0.8760763837859962,27.98239699658965,21.122857272074246,False,False,0.30989485213451473,0.15495374268937073,0.8378120887183895,1.0513603245503838,0.2731028561739062,0.27926739489830926,-0.009099443246868122,-0.008098149811780331
207,10.5,18.310624540157043,15.07350339175308,2.0534540474527927,0.8987418218184655,27.473433487455786,19.42953810879145,False,False,0.3057616505314281,0.13720591995212467,1.0064543045746266,1.2888744266645622,0.272514793116259,0.27870515407556307,-0.00920246388658914,-0.008183835812476902
207,11.0,16.05466176340766,13.910836658952833,1.7682077960936107,0.8682494298042392,27.470228023592682,20.17861008106724,False,False,0.26800007219268623,0.13255347615860874,0.5703112554736481,0.7500797595658524,0.2718752499637593,0.27811498714327376,-0.009316084780983742,-0.00827494246364904
207,11.5,17.81416303395011,13.231292289661532,2.3864979875997636,0.9095753576680228,26.50691135350291,17.480205954763235,False,False,0.2722485542390773,0.1083286054994583,1.4793816810960494,1.9909175448059715,0.2713311077394947,0.2776024199705125,-0.00941407485172987,-0.008355051678290967
207,12.0,17.473318688730217,11.51618184012412,2.7701750471250173,0.930456354195242,25.430477325802475,15.04982187793944,False,True,0.2420507101538362,0.08372629670082393,1.3514706449262974,1.8900585574048352,0.2705956965366729,0.2769313513963435,-0.009548467650267428,-0.008461334439198932
207,12.5,17.65795830358298,10.835386876767432,3.035278890484602,0.9510950476273076,24.858396822783167,13.6872536931802,False,True,0.23297439440731976,0.07416829328140337,1.048575734452947,1.5446658845105774,0.269830959315841,0.276275206255768,-0.00969065136517247,-0.008566814778825758
207,13.0,17.58637176843029,10.697836460611537,3.0247346152970374,0.9370009918223132,24.81091701636317,13.426515692141468,False,True,0.23118813213317066,0.07228518193904704,0.7761463450028405,1.2206328999894185,0.26907421011940114,0.2756650285942581,-0.009833840041400171,-0.008666314202651555
207,13.5,17.26459016065979,10.679224047919579,2.9705541872368704,0.9397816741210574,24.84061323479228,13.717806900978427,False,True,0.22758968128473406,0.07309901452123892,0.7736524224238065,1.3104208529765913,0.2683566032348398,0.2751023817412589,-0.009971956806513811,-0.008759285361837137
207,14.0,7.690537541757628,4.806839835797961,1.2614842555040726,0.3999142971236214,12.53303030173492,6.677100428157185,False,True,0.1025154038487428,0.032338290150592475,0.1796023113089864,0.33066394937907606,0.2676492150886071,0.274532247141904,-0.010110374819130507,-0.008854708541859416
207,14.5,6.166805470985524,4.551640081045901,0.962192710735118,0.37680788761179107,12.669948266523118,7.454036610185923,False,False,0.08413449682301273,0.032650816959746955,0.08957642466723317,0.1714521680815876,0.2672382349724659,0.2741599437445239,-0.010191844590925083,-0.008917689509171657
207,15.0,14.73890728723564,10.835351860038983,2.282510343534082,0.9266686858238793,25.427353330741532,15.601903362893104,False,False,0.2026043901265392,0.08210465930897207,0.2714516871249303,0.5352765682530001,0.26687970393216165,0.2738149336676633,-0.010263556736037002,-0.008976530397439158
207,15.5,15.012355213164327,10.61262342872602,2.3655809463152084,0.9181198890546823,25.344009199416313,15.342149634143295,False,False,0.20488770332662426,0.07964064114264671,0.2888326973950211,0.6149687119852714,0.2663325073114106,0.2733574345324054,-0.01037416764167382,-0.00905527112169469
207,16.0,12.146948705901476,9.775608940676808,1.8524174652472647,0.9009415836200945,25.499382310746945,17.081096888859143,False,False,0.1680205057755971,0.08137183558067962,0.14641151533204666,0.3417764241588285,0.2657752019778635,0.27289470342548716,-0.010488284988345115,-0.009135750894575504
207,16.5,10.921410625307887,9.076590969530207,1.6674378709738933,0.8799232045332382,25.49442938746575,17.749922866975485,False,False,0.15100343602692276,0.07931440089927082,0.10969717362856686,0.2768521109186303,0.2653040638866193,0.2724727035999308,-0.010585926397016847,-0.009209890546322581
207,17.0,10.501318557122723,8.644350537125472,1.6176591866239063,0.878929535743795,25.43922653430544,17.747349609989506,False,False,0.14450178003301925,0.07818483766574115,0.09724096093541296,0.2652801173242565,0.26486373615641096,0.27206528333943697,-0.010678163081348339,-0.009282149883195704
207,17.5,8.880127556363444,7.628959110252986,1.3591989540487062,0.8632411392999718,25.477485903212383,18.8267310658958,False,False,0.12259936173339758,0.0775641053100499,0.06609686182331076,0.19634296910306126,0.2644338361979197,0.271662995393185,-0.010769140690792324,-0.009354162705081407
207,18.0,3.7596985683344952,3.8719405883290396,0.5643236954661432,0.6868847166803236,12.78480762475408,13.618271745866654,False,False,0.052324902735304296,0.06333406247850382,0.020684382736009855,0.06643665755982756,0.2640432785832584,0.2712749299645561,-0.010852594124312226,-0.009424261216820039
207.0,18.5,0.0,0.0,0.0,0.0,0.0,0.0,0.0,0.0,0.0,0.0,0.0,0.0,0.26376218106330157,0.270929242090668,-0.010913135475925756,-0.009487232479666692
207.0,19.0,0.0,0.0,0.0,0.0,0.0,0.0,0.0,0.0,0.0,0.0,0.0,0.0,0.2635579575069777,0.27068281645021325,-0.010957372571431428,-0.009532428101921862
207.0,19.5,0.0,0.0,0.0,0.0,0.0,0.0,0.0,0.0,0.0,0.0,0.0,0.0,0.2633560056802144,0.27043957330386187,-0.011001327844209912,-0.009577291843315926
207.0,20.0,0.0,0.0,0.0,0.0,0.0,0.0,0.0,0.0,0.0,0.0,0.0,0.0,0.2631562745477899,0.2701994339184177,-0.011045006566826292,-0.00962183012537514
207.0,20.5,0.0,0.0,0.0,0.0,0.0,0.0,0.0,0.0,0.0,0.0,0.0,0.0,0.2629587149529738,0.26996232254969466,-0.011088413816957597,-0.00966604914574166
207.0,21.0,0.0,0.0,0.0,0.0,0.0,0.0,0.0,0.0,0.0,0.0,0.0,0.0,0.2627632795152772,0.2697281662808341,-0.011131554488842645,-0.009709954890801226
207.0,21.5,0.0,0.0,0.0,0.0,0.0,0.0,0.0,0.0,0.0,0.0,0.0,0.0,0.2625699225356525,0.2694968948724674,-0.011174433303842525,-0.009753553147292607
207.0,22.0,0.0,0.0,0.0,0.0,0.0,0.0,0.0,0.0,0.0,0.0,0.0,0.0,0.2650238598897653,0.27190890079017993,-0.010644511141461954,-0.009310064883590242
207.0,22.5,0.0,0.0,0.0,0.0,0.0,0.0,0.0,0.0,0.0,0.0,0.0,0.0,0.2700887623076498,0.2769218924504646,-0.009642439269715185,-0.00846284400642327
207.0,23.0,0.0,0.0,0.0,0.0,0.0,0.0,0.0,0.0,0.0,0.0,0.0,0.0,0.2698145915706978,0.27659784001409937,-0.009693722004743853,-0.008514754356910065
207.0,23.5,0.0,0.0,0.0,0.0,0.0,0.0,0.0,0.0,0.0,0.0,0.0,0.0,0.26954567334763646,0.2762809086729656,-0.009744338269079944,-0.00856589134582744
207.0,24.0,0.0,0.0,0.0,0.0,0.0,0.0,0.0,0.0,0.0,0.0,0.0,0.0,0.26928174547443157,0.2759706949882312,-0.009794321722641308,-0.008616299189912174
208.0,0.5,0.0,0.0,0.0,0.0,0.0,0.0,0.0,0.0,0.0,0.0,0.0,0.0,0.2690225675483766,0.2756668336123703,-0.009843703179871661,-0.008666017840800216
208.0,1.0,0.0,0.0,0.0,0.0,0.0,0.0,0.0,0.0,0.0,0.0,0.0,0.0,0.2687679185394358,0.2753689925274199,-0.009892510919643452,-0.008715083515639805
208.0,1.5,0.0,0.0,0.0,0.0,0.0,0.0,0.0,0.0,0.0,0.0,0.0,0.0,0.26851759471851866,0.2750768690013033,-0.009940770954699639,-0.008763529148823352
208.0,2.0,0.0,0.0,0.0,0.0,0.0,0.0,0.0,0.0,0.0,0.0,0.0,0.0,0.2682714078538209,0.27479018613681405,-0.0099885072667744,-0.008811384778411908
208.0,2.5,0.0,0.0,0.0,0.0,0.0,0.0,0.0,0.0,0.0,0.0,0.0,0.0,0.2680291836349155,0.2745086899126146,-0.01003574201247308,-0.008858677878180574
208.0,3.0,0.0,0.0,0.0,0.0,0.0,0.0,0.0,0.0,0.0,0.0,0.0,0.0,0.26779076029116045,0.2742321466349412,-0.01008249570413614,-0.008905433644139973
208.0,3.5,0.0,0.0,0.0,0.0,0.0,0.0,0.0,0.0,0.0,0.0,0.0,0.0,0.2701956371472891,0.2765952737836346,-0.009622536285975113,-0.00851516695608815
208.0,4.0,0.0,0.0,0.0,0.0,0.0,0.0,0.0,0.0,0.0,0.0,0.0,0.0,0.2725692497820423,0.2789234863125041,-0.009192865639206252,-0.008150434097661769
208.0,4.5,0.0,0.0,0.0,0.0,0.0,0.0,0.0,0.0,0.0,0.0,0.0,0.0,0.27490941931360774,0.2812146512542602,-0.008791443601240274,-0.00780953454258613
208.0,5.0,0.0,0.0,0.0,0.0,0.0,0.0,0.0,0.0,0.0,0.0,0.0,0.0,0.27458569225974594,0.28084423233236205,-0.008845711023159158,-0.007863480520724062
208.0,5.5,0.0,0.0,0.0,0.0,0.0,0.0,0.0,0.0,0.0,0.0,0.0,0.0,0.27426980702402953,0.2804837359185313,-0.00889904905739136,-0.007916408274462343
208.0,6.0,0.0,0.0,0.0,0.0,0.0,0.0,0.0,0.0,0.0,0.0,0.0060689545514501205,0.010028344009396256,0.273961256844944,0.28013245744089255,-0.008951518907458322,-0.00796839147090681
208,6.5,6.14916704613617,6.187774642249629,0.3348263005011065,0.793776157668026,31.063751942376484,32.9228414262715,False,False,0.16478607340688842,0.4057292093994451,0.14468291908390146,0.238989935304349,0.27365881413589355,0.2797884950020727,-0.009003308281004803,-0.0080196865791752
208,7.0,11.637741019612175,11.669827382101605,0.718987423150843,0.7843133094322735,30.50408409888365,30.561911203849256,False,False,0.2849997995824336,0.3199234759366343,0.28665446371239284,0.47176374855641534,0.27330251177295334,0.2793222409384795,-0.009064779167850036,-0.0080898485837053
208,7.5,13.508555381539637,13.173010937928495,1.0068564919191898,0.7993372765807689,29.612936088809285,27.488635012057635,False,False,0.29090642370393494,0.23625448052671122,0.3679265983097484,0.6087941410671031,0.27288526591239376,0.2788350720048179,-0.009137401146574388,-0.008163940617834025
208,8.0,8.753480666159078,8.434729473540598,0.6618580252147033,0.7812483464502238,29.5699999193412,30.029509957619055,False,False,0.18741666776422186,0.22757121772091515,0.2603296947958521,0.43612945722688573,0.2724267479078832,0.27833562291333447,-0.009218007546227954,-0.00824074120537195
208,8.5,12.618580054613881,12.268408100630692,0.9960479923182561,0.7729818367676968,29.294586654826283,27.12903785500069,False,False,0.2605138434383811,0.20498616277477205,0.3079404767344599,0.5182792008949699,0.2720313697964094,0.27786717685660506,-0.009288195128012097,-0.008313557964259723
208,9.0,16.172525377615052,14.689262792010034,1.5119303052248543,0.8379903518112677,28.451351039329612,23.02421419741395,False,False,0.30095157326626876,0.16975381751241742,0.49335619793446145,0.8416218853393788,0.2715925247583277,0.27739564688208124,-0.00936684594016258,-0.008387629635852057
208,9.5,13.911746662634485,13.33044562321644,1.1679253394956484,0.790134357073944,14.49870949958909,12.914199985896945,False,False,0.27654629480227116,0.19177993331504709,0.31749965439581546,0.5565052836134476,0.2710692446201647,0.2768806293554923,-0.009461669091140587,-0.008469432999334997
208,10.0,16.10870012519002,14.663646107651399,1.5405336652189592,0.8650115276386796,28.318395882466845,23.015159840389828,False,False,0.2951731018473958,0.16860813887695172,0.43554415653626194,0.7787412329252311,0.2706169123902361,0.2764137438293806,-0.009544558663551054,-0.008544413924674608
208,10.5,18.421962138590438,14.61555499436124,2.150335984563649,0.8958415029048921,27.236027004015973,19.035413523072855,False,False,0.3023379138389953,0.12939502998256897,0.7451399383613007,1.3741950546673474,0.27010654133953066,0.27591442185021997,-0.009639124934818862,-0.008625481064233899
208,11.0,18.033197587077133,14.548500332357673,2.0873333846550146,0.8923355749715599,27.27463353445388,18.967237447312108,False,False,0.2949735170435258,0.12816413469478077,0.5447051219529803,1.0591695342198961,0.26948329787965614,0.2753404642991542,-0.009756123643462329,-0.008719800540294363
208,11.5,16.314539717696327,14.127378679835989,1.7968737093924954,0.8929968355051685,27.50184436224425,20.55218019887296,False,False,0.27324473578232367,0.13706507924671715,0.35099106410063147,0.7222400338747816,0.2688977316013161,0.27481203995789716,-0.009867594137452277,-0.008807725801226364
208,12.0,16.07351671875747,13.936984015389761,1.7642693773118798,0.8787156922433118,27.519082579402298,20.588061478323475,False,False,0.2696974264520057,0.1355449981186863,0.3147763021722216,0.6819235872380118,0.2683778025389788,0.2743311955208575,-0.009967843606794499,-0.008888653517720937
208,12.5,15.796473792549868,13.598180856276066,1.7897938335349888,0.884792797909629,27.33287416791515,20.253397190411192,False,False,0.2599435461835754,0.12951623415140154,0.28211001721838175,0.646163722266998,0.2678704239766869,0.2738618395366817,-0.010066845218991722,-0.008968503569631768
208,13.0,17.25034746212509,14.068348624104278,2.0274274087643898,0.8994649091854069,27.14978566024466,19.037268895236153,False,False,0.2785918622811939,0.12511167959612604,0.33187131447151774,0.8094461444601325,0.26736759021193895,0.2734006141648453,-0.010166118058434549,-0.009047804349169896
208,13.5,17.88434935364905,13.626477592150213,2.2490281806794017,0.8953132464914284,26.79990485325702,17.745817097244473,False,False,0.27892354870898584,0.11304636739193727,0.3793305768247256,1.0048428578541344,0.26683163150029277,0.27292088976631823,-0.010273217660655183,-0.009131173786859549
208,14.0,17.47759996963096,12.810106476188553,2.389175141998083,0.9208958014616995,26.262558346193245,16.938452472965665,False,False,0.260565344909561,0.10229119998157707,0.3683901958218953,1.0879760189602699,0.2662647571588734,0.27242081460115647,-0.010387961316853496,-0.00921905614747436
208,14.5,16.980838904675906,12.557649370656165,2.308413650688031,0.9064352756002431,26.29703993065616,17.122367551048505,False,False,0.25395848369360885,0.10161404734214777,0.2976198698057713,1.0105857014666648,0.26568467011754915,0.2719107581366672,-0.010506963776933753,-0.009309732752287856
208,15.0,14.384058828521834,11.74746966345565,1.8974189958599277,0.8864616225305391,26.40395246320645,18.091840296430327,False,False,0.2159502997625448,0.10097577627330018,0.11325567657254028,0.45425704390879607,0.265127034101426,0.27141614127135244,-0.010622894766587891,-0.00939868119691605
208,15.5,15.355513924656304,11.724538316079176,2.090580137079853,0.9043074679552379,26.27469294033446,17.90463785797464,False,False,0.22892157282210593,0.10067486336087267,0.17684575374789052,0.837807790838408,0.26464830246447224,0.2709985698847902,-0.01072363929852987,-0.009474563484357898
208,16.0,14.22115377645949,10.934492548383119,1.9669784921550617,0.9023739723067838,26.253488291126654,18.53382764346812,False,False,0.21146575445336152,0.09981290998009776,0.1664372953209667,1.0029305975694391,0.26413978989817627,0.270533331912748,-0.010831900347603667,-0.009559969280857894
208,16.5,12.993084865835804,10.767135052186951,1.7036999154241266,0.8819666570480426,26.43433194341872,18.90014420998121,False,False,0.19562825037921028,0.10150434262687737,0.044822543035849004,0.3712633177316406,0.26365119935687686,0.2700506688617114,-0.010937148895316889,-0.009649545153296284
208,17.0,11.584456007196287,9.824434565436265,1.5196525624697477,0.8586515182932292,26.422756926869923,19.459024414221055,False,False,0.17422858789864354,0.09855172696950072,0.023636116633717865,0.2965552188199529,0.26321441397372064,0.2696543648079029,-0.011032270910295792,-0.009723842342927612
208,17.5,10.164967988877816,8.644809507929478,1.3138090361967159,0.8574197187879967,26.550328405076137,20.750526204969542,False,False,0.15474607047993263,0.10192583520408838,0.014659300827878866,0.3550874989640514,0.26280645643358963,0.2692737142477911,-0.011122006374589594,-0.009795847483471579
208,18.0,8.505975406081257,7.47735959318282,1.0761130868804123,0.7911340319809227,26.639990225868278,21.272014191442633,False,False,0.1306111374938305,0.09641170553107359,0.0014545781481853071,0.23029346130862338,0.2624284700226726,0.26888882823598165,-0.011205926468762919,-0.009869300690929712
208,18.5,9.39088698545778,8.468803916646603,1.1834640129835907,0.8402876198002432,26.64312767853179,20.421351235842316,False,False,0.1442428331598292,0.10256180811800633,0.0,0.24699603916261925,0.26208497830398864,0.26853126808067307,-0.011282843149338067,-0.00993812762912839
208,19.0,5.75338040283537,5.585283254225393,0.7121220644950059,0.8160011777408073,26.70722107572852,22.61020495726111,False,False,0.08892148055659448,0.10171058915862989,0.0,0.09169169973235698,0.26173044317980604,0.26816820598756375,-0.011362893367737785,-0.010008599608824277
208,19.5,4.940823539341213,5.090331771622697,0.599837305407309,0.7967666775346111,13.38908917344192,14.46333903703619,False,False,0.0768930876050868,0.10143429776867029,0.0,0.04359820204491076,0.2614383567924064,0.2678308385814614,-0.011429352128012382,-0.010074618424462499
208.0,20.0,0.0,0.0,0.0,0.0,0.0,0.0,0.0,0.0,0.0,0.0,0.0,0.0,0.261162899803974,0.26750478258610594,-0.011492451917494581,-0.010138917355167469
208.0,20.5,0.0,0.0,0.0,0.0,0.0,0.0,0.0,0.0,0.0,0.0,0.0,0.0,0.2609661417479556,0.2672884746799912,-0.011537778109578529,-0.010181843574546358
208.0,21.0,0.0,0.0,0.0,0.0,0.0,0.0,0.0,0.0,0.0,0.0,0.0,0.0,0.26077158586140503,0.2670747547408745,-0.011582806585039965,-0.010224469049334503
208.0,21.5,0.0,0.0,0.0,0.0,0.0,0.0,0.0,0.0,0.0,0.0,0.0,0.0,0.260579176952611,0.26686355592397937,-0.011627544235934616,-0.010266800728906796
208.0,22.0,0.0,0.0,0.0,0.0,0.0,0.0,0.0,0.0,0.0,0.0,0.0,0.0,0.26038886228626995,0.2666548144011414,-0.011671997625084482,-0.010308845228897726
208.0,22.5,0.0,0.0,0.0,0.0,0.0,0.0,0.0,0.0,0.0,0.0,0.0,0.0,0.26020059142309476,0.26644846915838494,-0.011716173008782842,-0.010350608855187295
208.0,23.0,0.0,0.0,0.0,0.0,0.0,0.0,0.0,0.0,0.0,0.0,0.0,0.0,0.2600143160727294,0.26624446181104866,-0.01176007635758715,-0.0103920976257466
208.0,23.5,0.0,0.0,0.0,0.0,0.0,0.0,0.0,0.0,0.0,0.0,0.0,0.0,0.2598299899586679,0.266042736434655,-0.011803713375385686,-0.010433317290563486
208.0,24.0,0.0,0.0,0.0,0.0,0.0,0.0,0.0,0.0,0.0,0.0,0.0,0.0,0.25964756869402544,0.26584323940993093,-0.011847089516902786,-0.01047427334984313
209.0,0.5,0.0,0.0,0.0,0.0,0.0,0.0,0.0,0.0,0.0,0.0,0.0,0.0,0.2594670096671317,0.2656459192805686,-0.011890210003789965,-0.010514971070656394
209.0,1.0,0.0,0.0,0.0,0.0,0.0,0.0,0.0,0.0,0.0,0.0,0.0,0.0,0.2592882719360294,0.26545072662247743,-0.011933079839434792,-0.010555415502188917
209.0,1.5,0.0,0.0,0.0,0.0,0.0,0.0,0.0,0.0,0.0,0.0,0.0,0.0,0.2591113161310569,0.26525761392341557,-0.011975703822605288,-0.010595611489727666
209.0,2.0,0.0,0.0,0.0,0.0,0.0,0.0,0.0,0.0,0.0,0.0,0.0,0.0,0.2589361043647812,0.2650665354720138,-0.01201808656003565,-0.010635563687505914
209.0,2.5,0.0,0.0,0.0,0.0,0.0,0.0,0.0,0.0,0.0,0.0,0.0,0.0,0.258762600148622,0.2648774472553105,-0.012060232478047998,-0.010675276570515313
209.0,3.0,0.0,0.0,0.0,0.0,0.0,0.0,0.0,0.0,0.0,0.0,0.0,0.0,0.25859076831557665,0.26469030686401157,-0.012102145833295606,-0.010714754445381485
209.0,3.5,0.0,0.0,0.0,0.0,0.0,0.0,0.0,0.0,0.0,0.0,0.0,0.0,0.2584205749485127,0.26450507340477214,-0.012143830722704507,-0.010754001460390029
209.0,4.0,0.0,0.0,0.0,0.0,0.0,0.0,0.0,0.0,0.0,0.0,0.0,0.0,0.2582519873135497,0.26432170741886957,-0.01218529109268275,-0.010793021614740283
209.0,4.5,0.0,0.0,0.0,0.0,0.0,0.0,0.0,0.0,0.0,0.0,0.0,0.0,0.2580849737980986,0.2641401708067037,-0.012226530747659604,-0.010831818767096508
209.0,5.0,0.0,0.0,0.0,0.0,0.0,0.0,0.0,0.0,0.0,0.0,0.0,0.0,0.25791950385316786,0.26396042675761544,-0.012267553358011664,-0.01087039664349921
209,5.5,2.3522957919719123,2.3676836784522926,0.08097908023512455,0.10632389219812352,16.38917341604434,16.886969003191265,False,False,0.08863916132304028,0.11988227102599665,0.0,0.0406758855664253,0.2577555479395841,0.2637824396845671,-0.012308362467426658,-0.010908758844692834
209,6.0,8.580035984271092,8.701627641002148,0.3009880033981311,0.722641756728987,32.69949341640307,34.80600640609351,False,False,0.3173845283293474,0.8329082672603165,0.0,0.1005297897325654,0.2575827580879112,0.2635874425718815,-0.012351545551643611,-0.010950972599695706
209,6.5,11.68008782074715,11.7780976913537,0.4587695107278756,0.6607860981328318,32.402622470718754,33.45334047626489,False,False,0.40415895003443614,0.6358751843948397,0.0,0.17625325832455477,0.2573833896709797,0.2633079682395451,-0.012401595571431603,-0.011011814211864873
209,7.0,13.215886578236992,13.246318311465094,0.6550861534847316,0.7171364766544462,31.477702040137874,31.64250136919128,False,False,0.38070863585963893,0.4417133957912099,0.0,0.2235452890574576,0.2571653457039559,0.2630283836615541,-0.012456610872419418,-0.011073083239193824
209,7.5,15.390203888842663,15.074279547151011,0.9794851315473733,0.7701979278013854,30.477354250243174,28.71201075523593,False,False,0.3753503648942574,0.3152963261770223,0.0,0.37155712173794536,0.25692368957713935,0.2627372173484134,-0.01251792391418795,-0.011137322585440883
209,8.0,16.324381444613337,15.60531072096526,1.199656004900574,0.8038259637107799,29.75487576650771,26.717781438606533,False,False,0.3619097618809478,0.25874082383767805,0.0,0.45530101241558735,0.2566420742209998,0.2624220231070173,-0.012589829695384396,-0.011207364336140372
209,8.5,16.86857030044886,15.890720145829478,1.2912433110261279,0.7805024363108765,29.54104961240914,25.429733900076204,False,False,0.35976326674976145,0.2280663142090486,0.0,0.40248649072489195,0.2563337572862363,0.26209343784278505,-0.012669118375370011,-0.011280941299080199
209,9.0,17.626818135707623,16.095191463173006,1.5449158817222404,0.8510835351153131,28.842295354616628,23.914427095999052,False,False,0.34714291048958135,0.20232143371357103,0.0,0.5179253101513371,0.2560151008275379,0.26177609255199175,-0.012751692066757131,-0.0113525483632109
209,9.5,17.875838885772893,15.581444081519296,1.7600307669926392,0.8589617574341021,28.260802104597367,22.067881756460235,False,False,0.3287064935218532,0.170620053397188,0.0,0.5928761537262666,0.25566542684792465,0.26143655202912475,-0.012843042393327874,-0.011429764205328931
209,10.0,17.556974588154922,14.278343697219546,2.0210284673812073,0.8841087141664301,27.40325024444536,19.97405695216429,False,False,0.29377003813997055,0.13641441138071916,0.0,0.6718780716576424,0.25528962649854636,0.26108793928519797,-0.012942088770356746,-0.011509695145096734
209,10.5,17.360040818108015,12.941332322679362,2.3337157125158727,0.9072506769398891,26.45829112676209,17.61723985819581,False,False,0.2643568421944895,0.10792579722840824,0.0,0.6746239236371143,0.2548818310718416,0.26072751135486166,-0.013050599275140292,-0.011593036363675162
209,11.0,16.583415972287,11.882814861773603,2.420409070521963,0.9095355646777556,25.752546714743794,15.31123011719705,False,False,0.23455033397063743,0.08830057875359612,0.0,0.2791535265593241,0.25443543249559153,0.2603652158726475,-0.013170626925599609,-0.011677535046978762
209,11.5,15.870164819905092,11.093097333449508,2.521401349475179,0.9266812518993675,25.213740558762115,14.282273356347579,False,False,0.21420110117017063,0.07853036420399871,0.0,0.224002080998506,0.2539792092493067,0.2600544318318945,-0.01329465776834749,-0.011750604911838426
209,12.0,17.30074470551267,10.908410432173813,2.8671983654525603,0.9271766585881123,24.988906053960456,13.39169673022468,False,True,0.22913872533630356,0.07426763721203083,0.0,0.3012266824911101,0.25351131918466685,0.25974987367223773,-0.013423308682083341,-0.011822740088500408
209,12.5,15.718280855729352,11.23696290026895,2.4139505200352778,0.9131297459624,25.41585654967004,14.751104275378237,False,False,0.2158526457564039,0.0814571955680999,0.0,0.1930942178701139,0.2530005466868763,0.25943677076868205,-0.013565447832192743,-0.011897449822051598
209,13.0,17.725269022414313,11.511284715210335,2.7872119830044197,0.9203591048208731,25.32465668722973,14.334308185258664,False,True,0.2437121064701726,0.08182797390216243,0.0,0.3609779379398982,0.25254869731587065,0.2591405741103425,-0.013692686799762984,-0.01196864384607656
209,13.5,16.71921878683827,11.586667731002596,2.502665985164466,0.905972268041295,25.60204000200509,14.90037616818223,False,False,0.23334855275083605,0.08473379890982526,0.0,0.21288223683972804,0.25205042822412355,0.25882337674143974,-0.013834649667266528,-0.012045449224017953
209,14.0,16.877594158793112,11.2666259193197,2.6448041679589407,0.9230018500359686,25.343323773939964,14.483422117141348,False,False,0.230330825965475,0.08089247587694427,0.0,0.22389912073532314,0.2515895476592071,0.2585281778373051,-0.013967523845102367,-0.012117456058929584
209,14.5,15.303197339648069,9.769202549189796,2.6397356041948097,0.9094068156984649,24.820775614905976,14.639624009972728,False,False,0.2013932599753936,0.07117346866478678,0.0,0.3248699106992098,0.25111166453043793,0.25823067673372946,-0.014106908878732496,-0.012190543952844513
209,15.0,15.672897329912441,9.772236807707962,2.7410416116845324,0.9108357484084395,24.632046503827354,13.615174681027689,False,False,0.2028234898298955,0.06786592925914867,0.0,0.20613931745561168,0.25063552070479117,0.25792329244406165,-0.014247437977343295,-0.012266612273859471
209,15.5,14.160294909013889,8.704975720367564,2.6939522127149362,0.9243726774254716,24.215368611411378,13.912166708292892,False,False,0.17715850955838852,0.062205561083356876,0.0,0.27820631568926824,0.25014754389630467,0.2576320876048702,-0.014393193612402015,-0.012339198892175374
209,16.0,13.211430189632523,8.324366147165481,2.511875009081633,0.912106306269394,24.179068707518006,14.210037770450676,False,False,0.16474160548282402,0.06080398435372372,0.0,0.19663288881252405,0.24966662827321595,0.25733118590889364,-0.014538581660884866,-0.012414740849887668
209,16.5,12.540336008968339,8.009329382828215,2.439797801827701,0.9199748338596463,24.003668046582305,14.098867526979676,False,False,0.15418847769710098,0.05879274458107127,0.0,0.14500930154754169,0.24920995982700336,0.2570434353642751,-0.014678261850103586,-0.012487497155228445
209,17.0,12.548211539382155,8.126499853166017,2.448928939304139,0.925223186209826,23.961773457107437,13.65622860336929,False,False,0.1536651467839087,0.05846733626666932,0.0,0.1153148001083964,0.24876350544830844,0.2567624349873387,-0.014816366270144493,-0.012559037524334108
209,17.5,12.161372766967064,8.17925864806981,2.3235526857915407,0.9210553500399506,24.070482955577276,13.696469332261461,False,False,0.15004467152417644,0.05962653466650529,0.0,0.08152495865218226,0.24831690139249077,0.2564857060880145,-0.014956068754536091,-0.012629968163855324
209,18.0,10.937201279898161,7.900689048583124,2.0206928267648085,0.8988173746202581,24.27178852035379,14.358958211290112,False,False,0.13669576983120812,0.06068135345172663,0.0,0.047341775912710306,0.24788727352410686,0.2562149528051732,-0.015091944445840414,-0.012699829573232554
209,18.5,9.201178443172154,7.248798717965251,1.6847458856118023,0.912914594386899,24.27758427926251,15.307312593684253,False,False,0.11505092614379327,0.06190328299377453,0.0,0.02407467342285163,0.24749722462632046,0.2559525107331534,-0.015216578258095277,-0.012767986343417182
209,19.0,6.664018226242509,5.9243448062039,1.1604392668817438,0.8595054811563191,24.56261831847511,17.2020634219733,False,False,0.08523607609510206,0.06255078204821304,0.0,0.008238175637919303,0.2471509569592758,0.25569234165238597,-0.015328251260282756,-0.012835983416920398
209.0,19.5,0.0,0.0,0.0,0.0,0.0,0.0,0.0,0.0,0.0,0.0,0.0,0.0,0.24687245992026188,0.2554420847099309,-0.015418776943369973,-0.01290179737547451
209.0,20.0,0.0,0.0,0.0,0.0,0.0,0.0,0.0,0.0,0.0,0.0,0.0,0.0,0.24674278417137668,0.25530347864166436,-0.015461145431313635,-0.012938421763798374
209.0,20.5,0.0,0.0,0.0,0.0,0.0,0.0,0.0,0.0,0.0,0.0,0.0,0.0,0.2466140385054879,0.2551659287219682,-0.015503347332539183,-0.0129748896075172
209.0,21.0,0.0,0.0,0.0,0.0,0.0,0.0,0.0,0.0,0.0,0.0,0.0,0.0,0.2464862100133237,0.2550294195691641,-0.015545384445419854,-0.013011202664145216
209.0,21.5,0.0,0.0,0.0,0.0,0.0,0.0,0.0,0.0,0.0,0.0,0.0,0.0,0.24635928606429458,0.25489393614175276,-0.015587258532242637,-0.01304736265648886
209.0,22.0,0.0,0.0,0.0,0.0,0.0,0.0,0.0,0.0,0.0,0.0,0.0,0.0,0.2462332542978145,0.25475946372784547,-0.015628971320396732,-0.013083371273737423
209.0,22.5,0.0,0.0,0.0,0.0,0.0,0.0,0.0,0.0,0.0,0.0,0.0,0.0,0.2461081026149895,0.2546259879350362,-0.01567052450350667,-0.013119230172504279
209.0,23.0,0.0,0.0,0.0,0.0,0.0,0.0,0.0,0.0,0.0,0.0,0.0,0.0,0.24598381917065507,0.25449349468069304,-0.015711919742512893,-0.013154940977821224
209.0,23.5,0.0,0.0,0.0,0.0,0.0,0.0,0.0,0.0,0.0,0.0,0.0,0.0,0.24586039236574345,0.2543619701826448,-0.015753158666703022,-0.013190505284088877
209.0,24.0,0.0,0.0,0.0,0.0,0.0,0.0,0.0,0.0,0.0,0.0,0.0,0.0,0.24573781083996352,0.25423140095024277,-0.01579424287469644,-0.01322592465598567
210.0,0.5,0.0,0.0,0.0,0.0,0.0,0.0,0.0,0.0,0.0,0.0,0.0,0.0,0.24561606346477619,0.25410177377577875,-0.0158351739353852,-0.01326120062933772
210.0,1.0,0.0,0.0,0.0,0.0,0.0,0.0,0.0,0.0,0.0,0.0,0.0,0.0,0.24549513933665149,0.25397307572623995,-0.015875953388833124,-0.013296334711951812
210.0,1.5,0.0,0.0,0.0,0.0,0.0,0.0,0.0,0.0,0.0,0.0,0.0,0.0,0.2453750277705906,0.253845294135385,-0.01591658274713632,-0.013331328384413442
210.0,2.0,0.0,0.0,0.0,0.0,0.0,0.0,0.0,0.0,0.0,0.0,0.0,0.0,0.24525571829390222,0.253718416596124,-0.015957063495246105,-0.0133661831008521
210.0,2.5,0.0,0.0,0.0,0.0,0.0,0.0,0.0,0.0,0.0,0.0,0.0,0.0,0.24513720064021838,0.25359243095318923,-0.015997397091757494,-0.013400900289675038
210.0,3.0,0.0,0.0,0.0,0.0,0.0,0.0,0.0,0.0,0.0,0.0,0.0,0.0,0.24501946474373834,0.25346732529607957,-0.01603758496966433,-0.013435481354272099
210.0,3.5,0.0,0.0,0.0,0.0,0.0,0.0,0.0,0.0,0.0,0.0,0.0,0.0,0.24490250073369046,0.2533430879522687,-0.016077628537083284,-0.013469927673692003
210.0,4.0,0.0,0.0,0.0,0.0,0.0,0.0,0.0,0.0,0.0,0.0,0.0,0.0,0.24478629892899983,0.25321970748066225,-0.016117529177948117,-0.013504240603292611
210.0,4.5,0.0,0.0,0.0,0.0,0.0,0.0,0.0,0.0,0.0,0.0,0.0,0.0,0.24467084983315335,0.25309717266529275,-0.016157288252675955,-0.013538421475365955
210.0,5.0,0.0,0.0,0.0,0.0,0.0,0.0,0.0,0.0,0.0,0.0,0.0,0.0,0.24455614412925156,0.25297547250924224,-0.016196907098806917,-0.013572471599739356
210,5.5,2.16990893733651,2.168330691808175,0.11310603416760241,0.11199694930630455,15.556207806794607,15.485404563656543,False,False,0.05863009759708004,0.05836585695614034,0.0,0.0013789860762677085,0.24444217267523974,0.2528545962287804,-0.01623638703161847,-0.013606392264354044
210,6.0,8.205083091181805,8.32730668648566,0.47711484228310824,0.72085878615346,30.598537920081544,31.857118599160252,False,False,0.20390133217057171,0.3138603109292375,0.0,0.004420470185872466,0.2443145130821302,0.25272008543626756,-0.016280744785094777,-0.013644257898965617
210,6.5,11.715490990377925,11.609734949354216,0.7882797275229201,0.7293031031925159,29.972281392116315,28.508803600611486,False,False,0.2651932037103683,0.2505017535900433,0.0,0.0048044036386150285,0.2441411833041332,0.25250840102336275,-0.016341202849031674,-0.013704102987197946
210,7.0,13.794772363321785,13.20544301308466,1.101017215342338,0.7717289335901525,29.180751362174973,25.610797369754508,False,False,0.28065047083972783,0.2019238658427378,0.0,0.0008050606465977316,0.24392890874515327,0.25229638434984636,-0.016415609797681308,-0.013764355754780366
210,7.5,14.908962618110563,13.64245050102048,1.402260635948211,0.8408724774720772,28.32289377470143,22.984399696084388,False,False,0.27333092535314624,0.16780638097229067,0.0,0.0,0.24367748051698404,0.2520802536442957,-0.016504263856139456,-0.013826102853422475
210,8.0,15.80762382057905,13.438004195672697,1.7391608152247107,0.8587978597034834,27.471969977938024,20.483930116594756,False,False,0.2663083810474699,0.13590456264900772,0.0,0.0,0.24338835500697312,0.25185618733891635,-0.01660691620447544,-0.013890465860575614
210,8.5,16.378145074750414,12.964153290123363,2.0448065608298065,0.8880307801903796,26.731417714806817,18.318199919721803,False,False,0.2558397855337674,0.1140987991386348,0.0,0.0,0.2430569801908563,0.251630600098932,-0.016725506019631235,-0.013955626716115206
210,9.0,16.439677006199776,11.687105657920844,2.39509018916043,0.9043591969117786,25.823176889998848,16.074215686192943,False,False,0.235847303175444,0.09131321899860795,0.0,0.0,0.2426873308699223,0.251402041533937,-0.016858985834232034,-0.014022017610487447
210,9.5,16.433951633947185,10.833730990956944,2.657664563936151,0.9220855578060728,25.20143393070081,14.853069185295322,False,False,0.22348071697128857,0.07964414568661057,0.0,0.0,0.2422737108182755,0.25117214683453687,-0.01700985103465546,-0.014089176592383323
210,10.0,16.147676066556123,9.57204995816571,2.976614557525266,0.9281973901255061,24.383596931374264,13.38376775027411,False,True,0.20523184278564266,0.06549077244396596,0.0,0.0,0.24182728931320252,0.2509407287592501,-0.017174488972720097,-0.01415716802479416
210,10.5,17.0166486459163,9.571760143035755,3.2009143281362222,0.9436855679492174,24.185416660341815,12.644508962927826,False,True,0.21294258513283398,0.06350864894130863,0.0,0.0,0.2413408746304799,0.2507092584468232,-0.017356042461333637,-0.014225566235341778
210,11.0,16.73524241752703,9.456689304144653,3.160763647031394,0.9323510415892399,24.216414053571796,12.830046125940857,False,True,0.20993120342604266,0.06318964783993111,0.0,0.0,0.2408265208219379,0.25047653227094663,-0.017550517411057124,-0.014294732857256055
210,11.5,15.280089084357805,8.766320155529908,2.9863170125667553,0.9257830599109238,24.093728810078932,13.717426280666771,False,False,0.1898795874511995,0.06092624081773178,0.0,0.0,0.24031792069076288,0.25024595970774066,-0.01774537518640366,-0.014363654925608893
210,12.0,15.416420175994826,8.347218338084334,3.1639855809894852,0.9257602756678018,23.74432360372707,12.948163397833572,False,True,0.1863331971837324,0.055950869901607275,0.0,0.0,0.23983218171270682,0.2500169248801588,-0.01793388532241687,-0.014432509677951242
210,12.5,16.770736162733137,8.748776368454632,3.3872003628133287,0.9394673008725084,23.741921166343015,12.098316304872188,False,True,0.20263838225773478,0.05670209104291947,0.0,0.0,0.2393244271636783,0.24978858540168022,-0.018133495878742276,-0.014501547221221373
210,13.0,16.658516180874194,8.767466607944279,3.338726540919457,0.9327416073104269,23.788529803499756,12.139055096958572,False,True,0.20188909166059332,0.05684894321322084,0.0,0.0,0.23878884769075054,0.2495591834763104,-0.01834692071829909,-0.014571302579370431
210,13.5,14.330166214058195,7.730997986079626,3.067508314573483,0.9280280611216546,23.49163285023408,13.213150995294626,False,False,0.1697886330288759,0.05269031077020149,0.0,0.0,0.2382600604481888,0.24933131487646643,-0.018560581528072776,-0.014640987834329766
210,14.0,14.140388500252097,7.562012230367877,3.1109118917657352,0.9389740726399399,23.325703960252817,13.063568212373461,False,False,0.16547852212587838,0.051285884221739964,0.0,0.0,0.2377664458497679,0.2491047153016095,-0.018762710954445514,-0.014710679119489574
210,14.5,13.56201429200339,7.294320679353026,2.9785261986099854,0.9241835821753488,23.28904626503997,13.179022275017067,False,False,0.15820589218039796,0.04994869378115078,0.0,0.0,0.23726790652796803,0.2488773814593287,-0.018969524784348282,-0.014780993767076494
210,15.0,14.425420031972369,7.689941946159943,3.1215529712036916,0.9399173509665659,23.312871051943333,12.325596016761097,False,False,0.16766112112393028,0.05047267007798099,0.0,0.0,0.23678683978374915,0.24865258540500748,-0.019171670267498504,-0.014850917588601934
210,15.5,13.575966519025368,7.7259556325423935,2.871569493376241,0.942239378309434,23.437613914324093,12.80740785940226,False,False,0.15923953893845583,0.05210917122104977,0.0,0.0,0.23628814520784985,0.24842642985790744,-0.019383938411810634,-0.014921662356185179
210,16.0,12.720982357219356,7.5719695102558475,2.616418474625994,0.9175923909383271,23.603510494136994,13.31409511849211,False,False,0.15105875404491848,0.05279630553508102,0.0,0.0,0.23582190150194823,0.2482006165508567,-0.019584931288020246,-0.014992701050166026
210,16.5,11.937184465008993,6.7358806154621345,2.7305693757767107,0.922693498023797,23.001185659476562,13.029796807172954,False,False,0.136165100843364,0.04651182521087104,0.0,0.0,0.23538876361420916,0.24797857498147738,-0.019773881185899685,-0.01506294645086524
210,17.0,10.474448359645493,6.42126832611776,2.3712616715186785,0.9398401467239977,23.030558841017235,13.955606097297599,False,False,0.11967283379934149,0.047674999034007175,0.0,0.0,0.2349416668886285,0.2477565071489849,-0.01997120305531076,-0.015133592720366976
210,17.5,8.200250175529089,5.598768371326119,1.7630877353666117,0.8801770500997442,23.341820530001577,15.661357866511871,False,False,0.0955103723626826,0.04761580555691512,0.0,0.0,0.23454094204173784,0.24753287105643662,-0.020150055700352745,-0.015205137232766598
210,18.0,6.286013584415694,4.862554232227734,1.2833207635903479,0.8471089722563734,23.63833740913195,17.32043364551216,False,False,0.07483953167830246,0.049196455659730395,0.0,0.0,0.23421829940077812,0.24731744789932827,-0.02029544658479442,-0.015274435681751493
210,18.5,5.964951444977499,4.886426140936526,1.2025655579532222,0.8788941031239881,23.7094729042012,17.391904804820562,False,False,0.07139716238047847,0.05196339856117326,0.0,0.0,0.23395737233134847,0.2471068418288803,-0.02041394171860858,-0.015342548622991442
210,19.0,3.375277922794098,3.2056652714078346,0.663214140867053,0.8362504708682498,23.857164785087917,19.803689713632803,False,False,0.040854198869110306,0.05126102454072872,0.0,0.0,0.23370731025402888,0.24689278175908147,-0.020528277028664686,-0.015412149807311457
210.0,19.5,0.0,0.0,0.0,0.0,0.0,0.0,0.0,0.0,0.0,0.0,0.0,0.0,0.2335265499220373,0.24668474580192729,-0.02061140093928583,-0.015480153024780912
210.0,20.0,0.0,0.0,0.0,0.0,0.0,0.0,0.0,0.0,0.0,0.0,0.0,0.0,0.23343087202444607,0.24658385904182997,-0.02065556139120855,-0.015513259791489174
210.0,20.5,0.0,0.0,0.0,0.0,0.0,0.0,0.0,0.0,0.0,0.0,0.0,0.0,0.23333575779084037,0.24648354940709974,-0.020699573464017202,-0.015546260842363517
210.0,21.0,0.0,0.0,0.0,0.0,0.0,0.0,0.0,0.0,0.0,0.0,0.0,0.0,0.23324120359643752,0.246383810655615,-0.02074343718555869,-0.015579157042163118
210.0,21.5,0.0,0.0,0.0,0.0,0.0,0.0,0.0,0.0,0.0,0.0,0.0,0.0,0.23314720574346265,0.2462846366444027,-0.020787152635816195,-0.015611949244185044
210.0,22.0,0.0,0.0,0.0,0.0,0.0,0.0,0.0,0.0,0.0,0.0,0.0,0.0,0.2330537604685068,0.24618602132754222,-0.02083071994388208,-0.0156446382904817
210.0,22.5,0.0,0.0,0.0,0.0,0.0,0.0,0.0,0.0,0.0,0.0,0.0,0.0,0.23296086394943977,0.2460879587541259,-0.02087413928508275,-0.015677225012072443
210.0,23.0,0.0,0.0,0.0,0.0,0.0,0.0,0.0,0.0,0.0,0.0,0.0,0.0,0.23286851231190145,0.245990443066274,-0.020917410878248166,-0.01570971022914982
210.0,23.5,0.0,0.0,0.0,0.0,0.0,0.0,0.0,0.0,0.0,0.0,0.0,0.0,0.2327767016353955,0.24589346849720162,-0.02096053498311901,-0.015742094751280716
210.0,24.0,0.0,0.0,0.0,0.0,0.0,0.0,0.0,0.0,0.0,0.0,0.0,0.0,0.23268542795900685,0.24579702936933773,-0.021003511897884793,-0.01577437937760197
211.0,0.5,0.0,0.0,0.0,0.0,0.0,0.0,0.0,0.0,0.0,0.0,0.0,0.0,0.23259468728676472,0.24570112009249195,-0.021046341956846352,-0.01580656489701166
211.0,1.0,0.0,0.0,0.0,0.0,0.0,0.0,0.0,0.0,0.0,0.0,0.0,0.0,0.23250447559266968,0.2456057351620701,-0.021089025528197226,-0.015838652088355186
211.0,1.5,0.0,0.0,0.0,0.0,0.0,0.0,0.0,0.0,0.0,0.0,0.0,0.0,0.2324147888254051,0.24551086915733553,-0.021131563011917296,-0.01587064172060689
211.0,2.0,0.0,0.0,0.0,0.0,0.0,0.0,0.0,0.0,0.0,0.0,0.0,0.0,0.23232562291274914,0.24541651673971449,-0.021173954837773814,-0.015902534553047406
211.0,2.5,0.0,0.0,0.0,0.0,0.0,0.0,0.0,0.0,0.0,0.0,0.0,0.0,0.23223697376570507,0.2453226726511458,-0.021216201463424397,-0.015934331335436425
211.0,3.0,0.0,0.0,0.0,0.0,0.0,0.0,0.0,0.0,0.0,0.0,0.0,0.0,0.23214883728236563,0.2452293317124714,-0.021258303372616687,-0.015966032808181582
211.0,3.5,0.0,0.0,0.0,0.0,0.0,0.0,0.0,0.0,0.0,0.0,0.0,0.0,0.23206120935152647,0.24513648882186817,-0.02130026107348024,-0.015997639702503008
211.0,4.0,0.0,0.0,0.0,0.0,0.0,0.0,0.0,0.0,0.0,0.0,0.0,0.0,0.2319740858560621,0.24504413895331847,-0.021342075096906082,-0.016029152740594296
211.0,4.5,0.0,0.0,0.0,0.0,0.0,0.0,0.0,0.0,0.0,0.0,0.0,0.0,0.23188746267607957,0.24495227715511952,-0.021383745995009265,-0.01606057263577937
211.0,5.0,0.0,0.0,0.0,0.0,0.0,0.0,0.0,0.0,0.0,0.0,0.0,0.0,0.23180133569186062,0.24486089854842868,-0.021425274339670713,-0.016091900092666034
211.0,5.5,0.0,0.0,0.0,0.0,0.0,0.0,0.0,0.0,0.0,0.0,0.0,0.0,0.23171570078660564,0.24476999832584564,-0.021466660721154194,-0.016123135807295623
211.0,6.0,0.0,0.0,0.0,0.0,0.0,0.0,0.0,0.0,0.0,0.0,0.0,0.0,0.2316305538489903,0.2446795717500284,-0.021507905746794894,-0.016154280467289433
211.0,6.5,0.0,0.0,0.0,0.0,0.0,0.0,0.0,0.0,0.0,0.0,0.0,0.0,0.24217256653925748,0.25521275949256433,-0.017046987168342284,-0.012962459892795982
211,7.0,4.871042554631351,4.8151974930182355,0.2576941937242591,0.2063705763080031,15.584042999667412,14.947912026885765,False,False,0.13287004203486855,0.10958680939743501,0.0,0.0,0.2420272779765668,0.25505869983928203,-0.01710050050395721,-0.013003403573985462
211,7.5,5.620609537053079,5.5872676427995165,0.2965823762507666,0.2586143473818375,15.60906686920819,15.271008757772574,False,False,0.1546434872400335,0.14076268629789299,0.0,0.0,0.24185101651280308,0.254880252706749,-0.017165690865356673,-0.013051021364337936
211,8.0,5.558148135604334,5.542159082774718,0.3005792770655865,0.2798979850114299,15.528160308792174,15.34135533577678,False,False,0.14876165568380242,0.14303040565205227,0.0,0.0,0.24167161028520512,0.25469699608310464,-0.017232348623862595,-0.01310013894288195
211,8.5,7.421491037429967,7.283457819793039,0.43003408028877665,0.30974020889644394,15.478097606850618,14.58976523144388,False,False,0.19534261647750378,0.15165119215715075,0.0,0.0,0.24149345324112031,0.25451281583112845,-0.017298847668763006,-0.013149726156330695
211,9.0,15.04035573483409,14.786028098628178,0.9904080469451775,0.7782920397691798,30.248532829474176,28.584439873553528,False,False,0.3543857163413845,0.29211005029250137,0.0,0.0,0.2413005079974861,0.2543265649452394,-0.017371211749988295,-0.013200098444236866
211,9.5,7.897716631616554,7.504437728971904,0.5768849939558953,0.3492288777236423,14.861557035847827,12.897319504982955,False,False,0.17265224952905364,0.10814881831465228,0.0,0.0,0.2410378136536969,0.25408228397400595,-0.01747031589989731,-0.013266514158220137
211,10.0,6.5578705496813665,6.312964931137,0.4968559746924342,0.33662106443899825,14.709051672772375,13.09439169983381,False,False,0.1375945521735737,0.09400461418376116,0.0,0.0,0.24082943107411264,0.2538943077353658,-0.017549409775898216,-0.013317892790283784
211,10.5,8.285466590817714,7.834524421937613,0.6054285144752678,0.35412822712752234,14.856689773107844,12.714631831574811,False,False,0.1808868862968001,0.10922264045788069,0.0,0.0,0.24063281863219088,0.25370951792184404,-0.01762442764090714,-0.013368631740877823
211,11.0,7.383293166013003,7.099264792224417,0.5568229292941782,0.3722497271801725,14.734763191724834,13.091087138687687,False,False,0.15597108108774205,0.1057889277218308,0.0,0.0,0.24042390062950722,0.25352403101159315,-0.017704559806407567,-0.013419793893015508
211,11.5,7.981166067349919,7.63742367268178,0.6020846330884962,0.38770072522146376,14.751096881385626,12.977008938282365,False,False,0.16933564853710942,0.11139142249947293,0.0,0.0,0.24022266680284704,0.2533377250341563,-0.017782155407444336,-0.01347141697578713
211,12.0,6.82472747034002,6.589499570127593,0.5071194533861592,0.3491723866198024,14.7599441647477,13.239737893567312,False,False,0.14514213001424878,0.10094921038060425,0.0,0.0,0.24001711713665935,0.2531508986777893,-0.017861833893735267,-0.013523422023500842
211,12.5,17.982757613624507,16.595556586738926,1.4905356389946467,0.8246811797650486,29.167507587945153,24.27830067186927,False,False,0.36523515152798436,0.211793607626101,0.0,0.0,0.23982508445818082,0.2529703909916247,-0.017936657328153884,-0.013573895560200954
211,13.0,17.17469758231625,14.535608630092998,1.8342263225037636,0.8521877436898617,28.0378281895448,22.07601117713545,False,False,0.30773247085032446,0.15710331874532163,0.0,0.0,0.23950911243115242,0.25273065891666247,-0.018060586814428663,-0.013641276854746164
211,13.5,15.833267012899366,12.014312156971922,2.134208264599659,0.9003109841033599,26.625351850983975,19.460292745065402,False,False,0.24497838421351742,0.11144474691462508,0.0,0.0,0.23915068926648522,0.25248875645414814,-0.018202403529401875,-0.013709672526188372
211,14.0,14.659453870640391,11.998572034119576,1.8768410950297398,0.881388758503926,26.563979871451927,18.545861451200544,False,False,0.22345966429471956,0.1053232015978163,0.0,0.0,0.23875535242244678,0.2522420217929348,-0.018360367519854155,-0.013779855793096159
211,14.5,12.593370157547394,10.913825464402962,1.595185812709947,0.863386495690258,26.601611877318614,19.989941642660177,False,False,0.19266028707571448,0.10429222266225793,0.0,0.0,0.23839409523476157,0.2519989656591587,-0.018506144438729135,-0.013849411657736434
211,15.0,11.488810851048513,10.390244143441222,1.4076582027937277,0.8495766826866334,13.374146694193065,10.70433032611672,False,False,0.17827694019221962,0.1073316372127178,0.0,0.0,0.24072457513360707,0.25441286448870554,-0.017589370317498992,-0.013176729860699937
211,15.5,3.8132600213602155,3.777388015419661,0.31227034289893235,0.28273095216819244,14.495345763202534,14.074484409298002,False,False,0.07573866670858109,0.0684620783557304,0.0,0.023555905996760204,0.2510009527269037,0.2647442565370954,-0.014139436454468659,-0.010703355767973469
211,16.0,15.278744545707099,15.133354143882608,0.8596676727184651,0.7443939158058885,31.156631383677727,30.32891008987744,False,False,0.4159495393190853,0.3967587824304892,0.18781124022269083,0.8857262204239935,0.27945940081868553,0.2931472071314248,-0.008069133077370583,-0.006285885063886829
211,16.5,14.084216133619758,13.680401501433074,0.9260976008214263,0.7435386557359215,30.38258615268719,28.3802600930576,False,False,0.3385794896592362,0.2928274363799954,0.21669390744795303,0.865619513961701,0.2785236225196437,0.2920882851896509,-0.008211731782796907,-0.006405817749180279
211,17.0,10.776418420621996,10.807490351069838,0.6737507232591098,0.7645013443293293,30.434956553194116,30.36176643899503,False,False,0.26112779431660804,0.31137982479252424,0.10386512670723587,0.43318788846431006,0.2776494928057868,0.2911100964837762,-0.008347656238944233,-0.006519036435386354
211,17.5,7.144582103315372,7.293682586970971,0.4311499714832859,0.7001647262847304,30.505157327161676,31.954048474504305,False,False,0.17499452118979758,0.29330188410363167,0.05492337948168517,0.23607066060224327,0.2768810608555872,0.290245962934558,-0.008469364064716038,-0.0066210422789712885
211,18.0,3.6304219787503644,3.7886389513555883,0.21249417592958436,0.6236419904843136,15.283400766023714,17.321718703860174,False,False,0.08977313987619608,0.2751746120704974,0.03176942198330692,0.13889303580640974,0.2761983418967383,0.2894650603439959,-0.00857927355346229,-0.006714862774757064
211,18.5,7.18922102519462,7.246890470333017,0.4455429217443854,0.7348505568892779,30.433902544308033,30.191760718043085,False,False,0.1741769843121835,0.3060687224381241,0.07200375319784658,0.3161704409538364,0.275587064874074,0.2887475773230571,-0.008679126422704792,-0.00680246311683502
211,19.0,1.9893405468376342,2.1304544305446314,0.12655932239231932,0.6632942476793985,15.036127694271022,17.749288045767123,False,False,0.04568078045883055,0.24339980006059306,0.015025635347094822,0.06721652226987916,0.2749754951007949,0.2880280779680309,-0.008780415898932907,-0.006891680456976552
211.0,19.5,0.0,0.0,0.0,0.0,0.0,0.0,0.0,0.0,0.0,0.0,0.0,0.0,0.2744415818334291,0.2873791000839217,-0.008869997055160329,-0.006973351383123704
211.0,20.0,0.0,0.0,0.0,0.0,0.0,0.0,0.0,0.0,0.0,0.0,0.0,0.0,0.2739516300242103,0.28684888664919006,-0.0089531618969193,-0.0070409333602335245
211.0,20.5,0.0,0.0,0.0,0.0,0.0,0.0,0.0,0.0,0.0,0.0,0.0,0.0,0.2734844868721263,0.2863411307128902,-0.009033321740988445,-0.007106385579573523
211.0,21.0,0.0,0.0,0.0,0.0,0.0,0.0,0.0,0.0,0.0,0.0,0.0,0.0,0.27303759031210856,0.2858532130934834,-0.009110808901818973,-0.007169964653081956
211.0,21.5,0.0,0.0,0.0,0.0,0.0,0.0,0.0,0.0,0.0,0.0,0.0,0.0,0.27260880434842083,0.28538297420561926,-0.009185901435873983,-0.0072318824183301746
211.0,22.0,0.0,0.0,0.0,0.0,0.0,0.0,0.0,0.0,0.0,0.0,0.0,0.0,0.27219632919562786,0.28492861390835555,-0.009258834369985511,-0.007292315501157503
211.0,22.5,0.0,0.0,0.0,0.0,0.0,0.0,0.0,0.0,0.0,0.0,0.0,0.0,0.2717986339417572,0.284488616989937,-0.009329808160208126,-0.007351412474302105
211.0,23.0,0.0,0.0,0.0,0.0,0.0,0.0,0.0,0.0,0.0,0.0,0.0,0.0,0.2714144052744473,0.28406169680672666,-0.009398995165115455,-0.007409299304008809
211.0,23.5,0.0,0.0,0.0,0.0,0.0,0.0,0.0,0.0,0.0,0.0,0.0,0.0,0.27104250787663553,0.2836467520271211,-0.009466544669452846,-0.007466083553987404
211.0,24.0,0.0,0.0,0.0,0.0,0.0,0.0,0.0,0.0,0.0,0.0,0.0,0.0,0.2706819534409846,0.28324283299886005,-0.009532586832071593,-0.007521857671986738
212.0,0.5,0.0,0.0,0.0,0.0,0.0,0.0,0.0,0.0,0.0,0.0,0.0,0.0,0.270331876144979,0.28284911529224677,-0.00959723582386609,-0.007576701588742097
212.0,1.0,0.0,0.0,0.0,0.0,0.0,0.0,0.0,0.0,0.0,0.0,0.0,0.0,0.2699915130344149,0.2824648786686273,-0.009660592347684372,-0.007630684794406852
212.0,1.5,0.0,0.0,0.0,0.0,0.0,0.0,0.0,0.0,0.0,0.0,0.0,0.0,0.26966018818174514,0.28208949020209784,-0.009722745680987693,-0.00768386801298553
212.0,2.0,0.0,0.0,0.0,0.0,0.0,0.0,0.0,0.0,0.0,0.0,0.0,0.0,0.26933729978003423,0.2817223906169068,-0.009783775345907263,-0.007736304563989411
212.0,2.5,0.0,0.0,0.0,0.0,0.0,0.0,0.0,0.0,0.0,0.0,0.0,0.0,0.26902230954330075,0.28136308314051167,-0.009843752485462664,-0.007788041478226124
212.0,3.0,0.0,0.0,0.0,0.0,0.0,0.0,0.0,0.0,0.0,0.0,0.0,0.0,0.268714733936004,0.2810111243433178,-0.009902741005905193,-0.007839120418501561
212.0,3.5,0.0,0.0,0.0,0.0,0.0,0.0,0.0,0.0,0.0,0.0,0.0,0.0,0.2684141368658233,0.2806661165610021,-0.009960798531318768,-0.007889578444190484
212.0,4.0,0.0,0.0,0.0,0.0,0.0,0.0,0.0,0.0,0.0,0.0,0.0,0.0,0.26812012355650294,0.28032770158759224,-0.010017977206316428,-0.007939448649864211
212.0,4.5,0.0,0.0,0.0,0.0,0.0,0.0,0.0,0.0,0.0,0.0,0.0,0.0,0.27046524881817935,0.28262290804110707,-0.009572544395705573,-0.007608427207164812
212.0,5.0,0.0,0.0,0.0,0.0,0.0,0.0,0.0,0.0,0.0,0.0,0.0,0.0,0.2701461733617621,0.2822542793015487,-0.009631741689029014,-0.007660467287192158
212.0,5.5,0.0,0.0,0.0,0.0,0.0,0.0,0.0,0.0,0.0,0.0,0.008274626708411918,0.029225062412934252,0.2698346959529491,0.2818936106674591,-0.009689950522997311,-0.007711794591145263
212,6.0,3.042109388966775,3.0667015487709546,0.09736659186348298,0.13870667479267643,16.5535486317847,17.160111813181267,False,False,0.1243132821211448,0.19170993882125623,0.03220374177138279,0.11370616398923976,0.2695293056001228,0.28153672162236965,-0.009747429189236635,-0.007762987858167176
212,6.5,6.323492054159459,6.402567868060443,0.20972859254542212,0.727308142786696,33.054932607889974,35.22652732489532,False,False,0.2549874522307094,1.1135219944197847,0.05501210418151822,0.19475723465261272,0.2692151873658206,0.2811584855349319,-0.00980697489158839,-0.007817685812654535
212,7.0,13.402897297985824,13.518202634457058,0.5003062007009826,0.6771412079476226,32.98826860680661,34.104560818453095,False,False,0.531475323511756,0.9379489212709577,0.14999473902590452,0.5309952910009886,0.2688901993751004,0.2807016391626209,-0.009869037854790179,-0.0078843653640417
212,7.5,15.576840363806838,15.670688679335226,0.7105846302898658,0.700655646969398,32.70565485734413,33.44851786006126,False,False,0.5917904057309988,0.8816064619057644,0.24039535108421262,0.8648758804900978,0.26852209375525615,0.28021472940446507,-0.009939901111355181,-0.007956180247633877
212,8.0,16.639068315865057,16.721968117883854,0.8160857417059831,0.7232445933365115,32.526983424525056,33.13938126015599,False,False,0.6047460847652717,0.7952634893136599,0.28849927673203163,1.0678801997329808,0.2681213769100853,0.2796883638204648,-0.01001773262980571,-0.008034693011185347
212,8.5,16.991422018838264,16.103206654870093,1.3535456244276176,0.7944265960911224,29.56770251163293,26.48625323608018,False,False,0.3791837326919489,0.25980301579784537,0.3313362359516498,1.2719473971621245,0.2677065069342421,0.2791390615308186,-0.010099079416081418,-0.008117613412150134
212,9.0,16.99798373760422,14.141289278629657,1.9289737482554037,0.8737873839793,27.518733140582867,20.53088024681962,False,False,0.2896692700986496,0.14170267761087668,0.3493286127151334,1.4435887061817876,0.267222848664225,0.2785602414363658,-0.010194909822249626,-0.008206095439927416
212,9.5,17.186982945332453,13.302840107142938,2.187357755692911,0.883203013072907,26.79240670465974,18.350322552195667,False,False,0.27134643628932315,0.11600521748535235,0.32474242370470646,1.5235694814459135,0.266668489834316,0.2779547607759297,-0.010306084465348343,-0.008299885553955548
212,10.0,17.43789314297136,13.342260912554233,2.230236470598472,0.8917225465811418,26.566571771225142,17.430861927515608,False,False,0.26940434767642474,0.11026475319573173,0.18412459212515872,1.0335770806781877,0.2660890368213597,0.27734299906625864,-0.010423839277000007,-0.008395948677293215
212,10.5,16.713446627604384,12.086300860546338,2.3645374705406654,0.896649150650395,26.23026838020741,17.531961613575586,False,False,0.24943212894149958,0.10053877881497708,0.2547207917824055,1.8117009019754335,0.2655265335653919,0.2767975056654857,-0.010539686128450918,-0.00848272496380635
212,11.0,16.697839939102856,11.418310565362226,2.5319895225160427,0.893215491052583,25.786798914894746,16.353052953771737,False,False,0.23933451350278712,0.08922287884037847,0.17339305947642303,1.7708130264474697,0.2649422244659426,0.2761569552149702,-0.010661651999514904,-0.0085859907705595
212,11.5,16.954807095668325,10.951333849770366,2.7447871904973473,0.9108113490711206,25.312594937811824,15.103332075407494,False,True,0.23302752953413974,0.08056617499489138,0.07887431038251391,1.6161137506218155,0.26435106872065983,0.2755266113362478,-0.010786762221097984,-0.008689076631667769
212,12.0,16.150435910008056,10.19256481925557,2.784819225556825,0.9204717366296641,24.989533418799034,15.20230713360499,False,False,0.21628600649599602,0.07536899447434503,0.0,1.6586545062663023,0.2637488045715381,0.2749181383896003,-0.010916026452711407,-0.008789987488479822
212,12.5,15.619372840977691,9.58372913140374,2.8261168410836897,0.9203463065604164,24.71518681133975,14.994269985311973,False,False,0.20415879477519774,0.07015463345302589,0.0,1.734321282271508,0.26315530121350694,0.2743072641066198,-0.011045219928344712,-0.008892704346225735
212,13.0,15.307680859543233,8.855242918209287,2.938125069728044,0.9061612734594753,24.29707870626698,14.047278189700906,False,False,0.19319910419808778,0.062188581400906606,0.0,1.634958001825948,0.26256020300071037,0.27369087493055333,-0.011176593896341187,-0.008997801402459052
212,13.5,14.385213319939705,8.232329034022886,2.886484232561638,0.9152354356732108,23.97985040097766,14.191435290405057,False,False,0.1772241894278775,0.058316347915149225,0.0,1.3466599411538838,0.261954364990811,0.2730929363470494,-0.01131225581525898,-0.009101169635546053
212,14.0,14.535083582144537,8.210910171389326,2.945515313861281,0.9221744356381139,23.8511394857167,13.683672822355486,False,False,0.17707256238586516,0.05682377357907533,0.0,1.1331866675499098,0.2613585156558821,0.2725344378432239,-0.0114475990078343,-0.009199000033520099
212,14.5,13.505788520730551,7.559925578904592,2.872136202477069,0.9188473427085451,23.581663356612555,13.902495371916096,False,False,0.16123315895204937,0.05316100611286346,0.0,1.1184177950574898,0.2607584335769614,0.27200600038721695,-0.011585858129554956,-0.009292720408968277
212,15.0,12.80187177937602,7.192321286474176,2.7796575740250336,0.918193786316349,23.4177092342886,13.980085141490454,False,False,0.1508873979270321,0.05106611497795342,0.0,0.9352706413167312,0.26017088092715834,0.2714835011757692,-0.011723162386784393,-0.009386508291305157
212,15.5,12.377636328219884,7.210589190666482,2.62935379804341,0.9197374068226677,23.527972503472263,14.282910171114725,False,False,0.14692452950525958,0.052365383486718896,0.0,0.7809989816862624,0.2595981867760484,0.27098795269921505,-0.011858864199871748,-0.009476502366392893
212,16.0,12.556133248131385,7.179202131091747,2.741030475016752,0.9164981402101322,23.364699462011504,13.53406598046356,False,False,0.147261481326001,0.050278470959077254,0.0,0.780116090969238,0.25904762098835854,0.2705152969225567,-0.011991090684037132,-0.009563298470521014
212,16.5,10.966853309541026,7.441542582715668,2.1594335360332075,0.9125072144786442,23.882085019619286,14.683284844703683,False,False,0.1329944376267823,0.05588712578623313,0.0,0.2213344449221011,0.25848570512937136,0.27004650316008294,-0.012127858430642192,-0.009650322594252365
212,17.0,12.053064776637644,7.414251199857252,2.5046239223596065,0.9126963118489723,23.611056655652327,13.645095757902961,False,False,0.1437816068304785,0.05295189822101736,0.0,0.5339782565368756,0.2580006964568495,0.2696526729119368,-0.012247403972334057,-0.00972416098961925
212,17.5,10.962538926963695,7.094882280557197,2.2867975616989127,0.9142196805764177,23.545167303764558,13.943267837438762,False,False,0.13002511137983522,0.052165123467432704,0.0,0.3823170951996584,0.25747440797576715,0.2692221406481287,-0.012378716156180436,-0.009805652112573242
212,18.0,9.274130283573745,6.578750872647758,1.866240149623106,0.8836757436945727,23.75970799977131,14.865019968772849,False,False,0.11142737011571782,0.05265923013250592,0.0,0.2354675340635503,0.2569785068643,0.2688138232153269,-0.01250398418704798,-0.009883691254285492
212,18.5,7.337381796624639,5.795766304731924,1.4712449902851397,0.8864044509705894,23.74208007664044,16.010182800106506,False,False,0.08804039273030116,0.052704479491552,0.0,0.1332666753341001,0.2565387520692453,0.2684311166847889,-0.012616334612798527,-0.009957508248895953
212,19.0,5.028186425083923,4.595812774433628,0.9703057026234206,0.8573688953120312,23.95890617277607,17.904455560299528,False,False,0.06133573542787971,0.05373048484103324,0.0,0.054172826192446046,0.25615181418336713,0.2680640174694775,-0.012716187128663776,-0.010028932909161693
212.0,19.5,0.0,0.0,0.0,0.0,0.0,0.0,0.0,0.0,0.0,0.0,0.0,0.0,0.25583112546611664,0.26771355805120106,-0.012799657717533197,-0.010097690288881606
212.0,20.0,0.0,0.0,0.0,0.0,0.0,0.0,0.0,0.0,0.0,0.0,0.0,0.0,0.2556364333002419,0.267482051672679,-0.012850651739650177,-0.010143418143357003
212.0,20.5,0.0,0.0,0.0,0.0,0.0,0.0,0.0,0.0,0.0,0.0,0.0,0.0,0.2554440266327704,0.2672532729224308,-0.012901285132169928,-0.010188849819873235
212.0,21.0,0.0,0.0,0.0,0.0,0.0,0.0,0.0,0.0,0.0,0.0,0.0,0.0,0.2552538459700612,0.2670271592375706,-0.012951566497299243,-0.010233990684110336
212.0,21.5,0.0,0.0,0.0,0.0,0.0,0.0,0.0,0.0,0.0,0.0,0.0,0.0,0.2550658344383603,0.26680365044444004,-0.013001504046845828,-0.010278845890342081
212.0,22.0,0.0,0.0,0.0,0.0,0.0,0.0,0.0,0.0,0.0,0.0,0.0,0.0,0.25487993761904826,0.2665826886149587,-0.013051105627598349,-0.010323420396283369
212.0,22.5,0.0,0.0,0.0,0.0,0.0,0.0,0.0,0.0,0.0,0.0,0.0,0.0,0.2546961033970819,0.26636421793507814,-0.013100378744647407,-0.01036771897654226
212.0,23.0,0.0,0.0,0.0,0.0,0.0,0.0,0.0,0.0,0.0,0.0,0.0,0.0,0.25451428182137154,0.266148184584081,-0.0131493305828435,-0.01041174623482783
212.0,23.5,0.0,0.0,0.0,0.0,0.0,0.0,0.0,0.0,0.0,0.0,0.0,0.0,0.2543344249759745,0.2659345366236169,-0.01319796802656671,-0.010455506615046625
212.0,24.0,0.0,0.0,0.0,0.0,0.0,0.0,0.0,0.0,0.0,0.0,0.0,0.0,0.25415648686110337,0.2657232238954938,-0.013246297677964355,-0.010499004411405556
213.0,0.5,0.0,0.0,0.0,0.0,0.0,0.0,0.0,0.0,0.0,0.0,0.0,0.0,0.25398042328305526,0.26551419792736075,-0.013294325873796356,-0.010542243777624909
213.0,1.0,0.0,0.0,0.0,0.0,0.0,0.0,0.0,0.0,0.0,0.0,0.0,0.0,0.2538061917522633,0.2653074118455128,-0.013342058701013217,-0.01058522873535322
213.0,1.5,0.0,0.0,0.0,0.0,0.0,0.0,0.0,0.0,0.0,0.0,0.0,0.0,0.25363375138875077,0.26510282029413723,-0.013389502011179373,-0.010627963181865888
213.0,2.0,0.0,0.0,0.0,0.0,0.0,0.0,0.0,0.0,0.0,0.0,0.0,0.0,0.2534630628343441,0.2649003793603958,-0.013436661433842402,-0.010670450897119302
213.0,2.5,0.0,0.0,0.0,0.0,0.0,0.0,0.0,0.0,0.0,0.0,0.0,0.0,0.2532940881710643,0.2647000465048021,-0.013483542388939545,-0.010712695550225316
213.0,3.0,0.0,0.0,0.0,0.0,0.0,0.0,0.0,0.0,0.0,0.0,0.0,0.0,0.25312679084517475,0.26450178049641515,-0.013530150098322825,-0.010754700705402586
213.0,3.5,0.0,0.0,0.0,0.0,0.0,0.0,0.0,0.0,0.0,0.0,0.0,0.0,0.2529611355964122,0.2643055413524165,-0.013576489596477467,-0.010796469827456197
213.0,4.0,0.0,0.0,0.0,0.0,0.0,0.0,0.0,0.0,0.0,0.0,0.0,0.0,0.25279708839197546,0.264111290281688,-0.013622565740500225,-0.010838006286830808
213.0,4.5,0.0,0.0,0.0,0.0,0.0,0.0,0.0,0.0,0.0,0.0,0.0,0.0,0.25263461636488654,0.2639189896320448,-0.013668383219397779,-0.010879313364277762
213.0,5.0,0.0,0.0,0.0,0.0,0.0,0.0,0.0,0.0,0.0,0.0,0.0,0.0,0.2524736877563729,0.2637286028408135,-0.013713946562760895,-0.010920394255172605
213,5.5,2.172341103188332,2.1803510598902878,0.08904325885964341,0.09927585782506868,16.06206990674585,16.295987835066807,False,False,0.07087499334863426,0.08032182610043999,0.0,0.022716015056908512,0.2523142718619548,0.263540094388478,-0.013759260148863568,-0.010961252073515266
213,6.0,5.554647981211124,5.628955251979265,0.21875620675331525,0.7012425160108425,32.276124757931626,34.27407603552733,False,False,0.18705717850276932,0.6479326907172833,0.0,0.04590819466512336,0.2521449919502942,0.26333788399076874,-0.013807572992176598,-0.011005282333245927
213,6.5,11.751550301766551,11.879859334747156,0.49064558983109224,0.7011331228012136,32.23444851274553,33.274499561242905,False,False,0.39228188996416413,0.6296361242078297,0.0,0.12489513523203284,0.25196063662533413,0.26305781811771495,-0.013860418501845785,-0.01106661378573984
213,7.0,13.996857771217819,13.945081153202857,0.7633950382884622,0.7302334996395082,31.263629116462106,30.73948233161724,False,False,0.38815893546197644,0.4148142780966695,0.0,0.19669286723763812,0.251743060115465,0.26276947827561375,-0.013923097231370734,-0.011130183098968394
213,7.5,14.845003295024377,13.979875126937634,1.2216098874724357,0.8002685470185462,29.118778825696126,25.110812865808157,False,False,0.2996422456631199,0.20443881986304271,0.0,0.21515300295063153,0.2514921258582462,0.2624700265655749,-0.013995805395676424,-0.01119666330991977
213,8.0,15.01223679023379,13.345314716552284,1.5587237747277336,0.8518846296705677,27.770222461969478,21.489783229425335,False,False,0.2587440860327837,0.1433190623872902,0.0,0.19842755567990406,0.25118417334988863,0.2621610126190612,-0.014085653807905996,-0.011265763027360083
213,8.5,16.473251410631423,13.604879488254184,1.8629837532743863,0.8561588707938438,27.337672741244056,19.78222705640632,False,False,0.27377584740221816,0.1298999703814529,0.0,0.30309484394100744,0.2508346094867863,0.2618492373220487,-0.014188476934977786,-0.011335995771101745
213,9.0,16.70773956814263,12.574986943502964,2.2001744128231393,0.8818706769792595,26.456350000685948,17.47110025566029,False,False,0.2541953694641263,0.10475578239700623,0.0,0.3364111037156614,0.2504475963567546,0.2615252348580754,-0.014303360639028966,-0.011409536384422011
213,9.5,17.088036103432053,12.222790490904632,2.3988024896788427,0.9011788659361062,26.05183078395412,16.438884907014504,False,False,0.2503875147863441,0.09622107302379228,0.0,0.31248239369821285,0.250018913660587,0.2611953372914726,-0.014431910100401082,-0.011484999838759023
213,10.0,17.203970677244985,11.748403214646263,2.5489422461100344,0.9099605456960325,25.69042653413102,15.588421611508979,False,False,0.24411706726901763,0.08858623656793913,0.0,0.26786005716837913,0.24956619565932983,0.26086762772129685,-0.014569164435508188,-0.011560552311709433
213,10.5,16.21483623885483,10.533113679968583,2.620851683434964,0.9034615598692531,25.313504030287604,15.633522334528765,False,False,0.2224754657415301,0.0797351284571167,0.0,0.3779896862943154,0.24909559886622804,0.260546057502139,-0.0147134911634853,-0.01163526570617757
213,11.0,16.69328486942981,10.400290274322924,2.796172767327412,0.9131833924158788,25.039249448221696,14.752204678791134,False,True,0.22365887467944562,0.07515964653408219,0.0,0.320157461633154,0.2486170705392251,0.2602128269817812,-0.014862000665177656,-0.011713296043709359
213,11.5,16.22870144011893,9.740916211958382,2.8547603123429637,0.9025233319163621,24.76032302754126,14.381900576336424,False,True,0.21251850647252435,0.06937473773943136,0.0,0.3015890116197919,0.24811741140714474,0.25988724716251344,-0.015018978132338129,-0.011790137787990181
213,12.0,14.719415063120572,8.45152896426443,2.885861819567521,0.9162430877896566,24.123032039601775,14.423501509240838,False,False,0.18312514710469954,0.0603105549776128,0.0,0.29294231459480014,0.24761147650152396,0.25956688672518136,-0.015179944345539605,-0.011866334641021138
213,12.5,14.02566666378425,7.4996537251050865,3.0299553732875726,0.916124561804457,23.47557320703005,13.6539279568761,False,False,0.16599787593971144,0.051661276742472506,0.0,0.2429084987992064,0.24710274836087032,0.2592473499878125,-0.015343876088817831,-0.011942920768214597
213,13.0,14.192711445814997,7.516079103131659,3.1002539877446864,0.9159109092237068,23.445064287760342,13.390684561372531,False,True,0.16762764089590287,0.05126097782969214,0.0,0.2168293517115307,0.2465768085525092,0.25893565053025847,-0.015515576616017653,-0.012018196571878954
213,13.5,13.308536357470821,6.993254545749821,3.028717008570614,0.9229722266390425,23.15477331402473,13.578740233853804,False,False,0.15381827790658473,0.048248181574355814,0.0,0.15593104713740333,0.2460430419515954,0.25862872448868407,-0.015692178109373768,-0.01209287261895789
213,14.0,13.07019522007406,7.024993802832762,2.949260387666362,0.9330494439256198,23.181309965869698,13.797662961331861,False,False,0.1513869230651636,0.04911612007508512,0.0,0.10236366264038305,0.24551950454520655,0.2583300590721304,-0.015867726610835624,-0.01216607015209024
213,14.5,12.43760708019624,6.534338043622288,2.939368132286695,0.9173066522281127,22.894026833694983,13.543767096680916,False,False,0.14099845394637178,0.045105193587586204,0.0,0.07120632871996158,0.24500718752019277,0.2580383134674741,-0.01604178258930659,-0.012238082011353993
213,15.0,11.665032059405998,6.280726809387904,2.7669327298672166,0.9165027566550862,22.84470197673909,13.950705967321099,False,False,0.13175607723829003,0.04455474722795591,0.0,0.03269311347081858,0.24449720887983584,0.25775390044367585,-0.01621730808523328,-0.012308773354107103
213,15.5,11.408262323580773,6.177456070063366,2.726565798907117,0.9132282828150744,22.78601001151184,13.765397687154085,False,False,0.12827591375372838,0.04378365347841684,0.0,0.005294420209909742,0.24401026611291315,0.2574758324056434,-0.01638704462126031,-0.012378358494871738
213,16.0,10.66596779717177,6.040823748274473,2.516464899853763,0.9098958840740992,22.83633706107264,14.208300098872705,False,False,0.12033557139749218,0.04413364790939658,0.0,0.0,0.24352951471828307,0.25720298704669103,-0.016556703515259317,-0.012447092742493256
213,16.5,9.720029428813923,5.819753693396074,2.2797203996456514,0.9214957524889196,22.82788486033675,14.76283012302403,False,False,0.10956535342275041,0.04460847846298619,0.0,0.0,0.2430765707034706,0.2569325346249437,-0.016718467118083547,-0.012515673416088804
213,17.0,9.531351366413865,5.815503251326545,2.229287811509149,0.9050205163750419,22.841559710333122,14.390614823130814,False,False,0.10747607063238201,0.04391832082499786,0.0,0.0,0.24265481651375895,0.2566618777391737,-0.01687078733886457,-0.012584757138621715
213,17.5,8.794129521881386,5.667426453936786,2.0483572769394356,0.9046393696425243,22.832329922777202,14.565462512794454,False,False,0.09908313255359358,0.04386135123030106,0.0,0.0,0.24224049776292852,0.2563945746625426,-0.017022034901305633,-0.012653431206654717
213,18.0,7.990809085410554,5.632897756958091,1.768151773250405,0.8968717919868027,23.16685592261883,15.243610631506286,False,False,0.09189377716170836,0.046548226208544145,0.0,0.0,0.2418502325746747,0.2561285554939205,-0.017165981465861197,-0.012722219169092384
213,18.5,4.495540193457604,4.027971477420256,0.7368122517121701,0.8135803805309995,25.026689569132596,21.1783481384743,False,False,0.059728812943112226,0.06589604902806455,0.0,0.0,0.2414966607118725,0.25586474293681233,-0.017297647745710448,-0.01279087701438002
213,19.0,2.5519815190705426,2.8059157682761313,0.3859979786118142,0.7136959545928051,12.726440771744965,14.988443148801728,False,False,0.03515767518125782,0.06454744056407327,0.0,0.0,0.2412754905340979,0.25561274303815673,-0.017380620936635904,-0.012856873228518141
213.0,19.5,0.0,0.0,0.0,0.0,0.0,0.0,0.0,0.0,0.0,0.0,0.0,0.0,0.24109999036164667,0.2553746525188697,-0.017446798373205737,-0.012919599779376905
213.0,20.0,0.0,0.0,0.0,0.0,0.0,0.0,0.0,0.0,0.0,0.0,0.0,0.0,0.2409746334007529,0.25522867370090563,-0.017494251704440404,-0.01295823921059247
213.0,20.5,0.0,0.0,0.0,0.0,0.0,0.0,0.0,0.0,0.0,0.0,0.0,0.0,0.24085022054692407,0.25508384129801437,-0.017541499773399142,-0.012996711341564009
213.0,21.0,0.0,0.0,0.0,0.0,0.0,0.0,0.0,0.0,0.0,0.0,0.0,0.0,0.24072674148781836,0.25494013864851245,-0.01758854362499949,-0.013035017951828869
213.0,21.5,0.0,0.0,0.0,0.0,0.0,0.0,0.0,0.0,0.0,0.0,0.0,0.0,0.24060418591789862,0.25479754944051786,-0.01763538435451479,-0.013073160791094112
213.0,22.0,0.0,0.0,0.0,0.0,0.0,0.0,0.0,0.0,0.0,0.0,0.0,0.0,0.24048254355016865,0.254656057702227,-0.017682023102854168,-0.013111141579961749
213.0,22.5,0.0,0.0,0.0,0.0,0.0,0.0,0.0,0.0,0.0,0.0,0.0,0.0,0.240361804126828,0.2545156477925409,-0.017728461052169943,-0.013148962010627435
213.0,23.0,0.0,0.0,0.0,0.0,0.0,0.0,0.0,0.0,0.0,0.0,0.0,0.0,0.24024195742892976,0.25437630439202336,-0.017774699421769805,-0.013186623747554579
213.0,23.5,0.0,0.0,0.0,0.0,0.0,0.0,0.0,0.0,0.0,0.0,0.0,0.0,0.2401229932851176,0.2542380124941764,-0.017820739464314086,-0.013224128428124822
213.0,24.0,0.0,0.0,0.0,0.0,0.0,0.0,0.0,0.0,0.0,0.0,0.0,0.0,0.24000490157951396,0.2541007573970178,-0.017866582462278794,-0.013261477663266543
214.0,0.5,0.0,0.0,0.0,0.0,0.0,0.0,0.0,0.0,0.0,0.0,0.0,0.0,0.23988767225882524,0.25396452469495,-0.017912229724666762,-0.013298673038061686
214.0,1.0,0.0,0.0,0.0,0.0,0.0,0.0,0.0,0.0,0.0,0.0,0.0,0.0,0.23977129533872515,0.2538293002709036,-0.0179576825839505,-0.013335716112333052
214.0,1.5,0.0,0.0,0.0,0.0,0.0,0.0,0.0,0.0,0.0,0.0,0.0,0.0,0.2396557609095732,0.2536950702887474,-0.018002942393230876,-0.013372608421212042
214.0,2.0,0.0,0.0,0.0,0.0,0.0,0.0,0.0,0.0,0.0,0.0,0.0,0.0,0.2395410591415199,0.2535618211859511,-0.018048010523597956,-0.013409351475688319
214.0,2.5,0.0,0.0,0.0,0.0,0.0,0.0,0.0,0.0,0.0,0.0,0.0,0.0,0.23942718028904839,0.2534295396664913,-0.01809288836167975,-0.013445946763142202
214.0,3.0,0.0,0.0,0.0,0.0,0.0,0.0,0.0,0.0,0.0,0.0,0.0,0.0,0.23931411469499608,0.25329821269399,-0.018137577307366745,-0.013482395747860268
214.0,3.5,0.0,0.0,0.0,0.0,0.0,0.0,0.0,0.0,0.0,0.0,0.0,0.0,0.23920185279409892,0.2531678274850761,-0.01818207877170039,-0.013518699871535332
214.0,4.0,0.0,0.0,0.0,0.0,0.0,0.0,0.0,0.0,0.0,0.0,0.0,0.0,0.2390903851160958,0.25303837150296143,-0.01822639417491467,-0.013554860553751191
214.0,4.5,0.0,0.0,0.0,0.0,0.0,0.0,0.0,0.0,0.0,0.0,0.0,0.0,0.23897970228842924,0.2529098324512219,-0.018270524944620302,-0.013590879192452837
214.0,5.0,0.0,0.0,0.0,0.0,0.0,0.0,0.0,0.0,0.0,0.0,0.0,0.0,0.23886979503857472,0.2527821982677754,-0.01831447251412238,-0.013626757164403019
214.0,5.5,0.0,0.0,0.0,0.0,0.0,0.0,0.0,0.0,0.0,0.0,0.0,0.0,0.23876065419602951,0.2526554571190498,-0.018358238320862245,-0.013662495825625471
214,6.0,6.591267891779386,6.778634935337992,0.3906926754562869,0.7652271672477816,15.209061724182503,16.69244810463317,False,False,0.1593072318403269,0.3239577407258689,0.0,0.0,0.23865227069398834,0.2525295973943328,-0.01840182380497546,-0.013698096511835161
214,6.5,10.690465182009591,10.732025005846136,0.6764822640506593,0.745498143190014,30.295098332879384,30.163655649344108,False,False,0.25364157981705815,0.2905446688967699,0.0,0.0,0.23849484851417696,0.2523070926695638,-0.018465349564913726,-0.013761305011464449
214,7.0,12.953552839984592,12.26828822459975,1.120592546201774,0.7669351671190547,28.780679306319715,24.791681107438944,False,False,0.25070860173618104,0.1775140696285508,0.0,0.0,0.23830174689383096,0.25208796091874797,-0.018543630515609293,-0.013823895269137465
214,7.5,14.560540279213477,12.292015295363928,1.6564615247874053,0.8436425648540749,27.241684618970766,20.363919354247578,False,False,0.23955650732906053,0.12485860691896539,0.0,0.0,0.23805278187791298,0.25186694526333503,-0.018645142112338694,-0.013887367501226457
214,8.0,15.316930208856917,11.99472129217818,1.96421784747326,0.8772235275963668,26.5563738502736,18.430572727863336,False,False,0.23509919569152873,0.10707519491182749,0.0,0.0,0.23773625186528818,0.25163699167316717,-0.01877515993789216,-0.013953775503790317
214,8.5,13.477754190432831,11.341178232528826,1.7230324126814747,0.8673577858743641,26.51484089594291,18.90886695898932,False,False,0.20448373290621005,0.10303718455299324,0.0,0.0,0.23738121756208377,0.25140358529478257,-0.01892228135277666,-0.014021567923564139
214,9.0,16.601913804188523,12.346366007304326,2.2297380461233964,0.8844492513525183,26.27550255920402,17.10216562435871,False,False,0.24925216023661007,0.10130321969207615,0.0,0.0,0.23705762406724254,0.2511722522799588,-0.019057572034806094,-0.014089145700945492
214,9.5,16.64499433695927,10.987463091643146,2.604389384150819,0.899981850154485,25.380149451829332,15.131775427469384,False,False,0.2301754586024302,0.08135409667120777,0.0,0.0,0.2366701577121041,0.25093954720163514,-0.019221086483211813,-0.014157516172328534
214,10.0,16.769594312273036,11.038642937008099,2.621244028825646,0.9059335504576775,25.446937068090925,15.47050522553208,False,False,0.233080192439094,0.08309700815967092,0.0,0.0,0.236235638931711,0.25070565869895417,-0.019406450120171975,-0.01422663304638109
214,10.5,16.7372588175797,10.85795153750939,2.658625192821758,0.9060572441421924,25.37363194349598,15.443288012535849,False,False,0.23092951011079715,0.08135157576212704,0.0,0.0,0.23579965537912154,0.2504717978600699,-0.019594583271094094,-0.014296144085678024
214,11.0,16.414496332490543,10.177801764926938,2.779505081263342,0.9091472004470426,24.999245792006384,14.923285456106065,False,True,0.2194863345866275,0.07440763013495373,0.0,0.0,0.23535958416511765,0.250238697706634,-0.019786688192370682,-0.01436583208506969
214,11.5,15.838217325593476,9.679984229455044,2.785470410391912,0.9152326382717902,24.785716548195225,15.006431341269753,False,False,0.20784915328471543,0.07087096665362771,0.0,0.0,0.234904777892631,0.2500059707529801,-0.01998758819074261,-0.014435812660342433
214,12.0,16.020717336787268,9.126650729229649,2.9870074465261536,0.9091732375348838,24.367312570493134,13.926125320971014,False,True,0.20347456820047954,0.06375889438952496,0.0,0.0,0.2344498737182408,0.24977322595698637,-0.020190967312525943,-0.014506205196567337
214,12.5,14.259624408468557,8.214144225410163,2.818345175330517,0.9085140718162723,24.104294535652492,14.817312781522245,False,False,0.17729907249775428,0.059718007091450996,0.0,0.0,0.23396994285040212,0.24954200181288816,-0.02040821418596136,-0.014576543165828067
214,13.0,14.661281198656596,8.445022662660502,2.839762296516814,0.912519357792338,24.174838078028074,14.565275967003108,False,False,0.18313418383567454,0.06088431880664735,0.0,0.0,0.2335121544380909,0.24931160115675283,-0.020618038028333875,-0.014647035194031835
214,13.5,15.695305449376656,9.152306826168903,2.8661829298767643,0.9131268315697607,24.435955769498783,14.23091045935152,False,True,0.20015193055435537,0.0649147668184218,0.0,0.0,0.23305227990900368,0.2490814207434192,-0.0208314111052285,-0.014717865801807442
214,14.0,14.963551209959208,9.028037300055777,2.7266361070797958,0.9186783166205402,24.495808520021853,14.892748028531425,False,False,0.19173783220967194,0.06627685119876538,0.0,0.0,0.23258967555740734,0.2488518848768304,-0.021048710549533667,-0.014788904841065386
214,14.5,13.526118072540818,8.35792783694061,2.518637831492807,0.9040398135859061,24.475144381506333,15.860963191594514,False,False,0.17284700226009259,0.06473286937948444,0.0,0.0,0.2321454851032689,0.24862235498805102,-0.0212599066388262,-0.014860350930385104
214,15.0,13.235866993078766,8.011634136523929,2.584091315131729,0.9083690046979496,24.164138240182353,15.23381566498762,False,False,0.16493508043575972,0.060288838689992366,0.0,0.0,0.2317284256380492,0.24839539554935827,-0.02146050492292895,-0.014931401642444504
214,15.5,12.51677176463382,7.9162019444398215,2.3613726895000298,0.9072114418342881,24.326168803903396,15.939847791618053,False,False,0.15790506548573274,0.06256318483613835,0.0,0.0,0.23130364466669734,0.2481685812028418,-0.021667139666897463,-0.015002811668652487
214,16.0,12.478400543166355,7.848085366423556,2.3654917822518944,0.8860327798916454,24.28702509156599,15.381372769683217,False,False,0.1569000541710001,0.060533333034278596,0.0,0.0,0.23090785906768183,0.2479426030283361,-0.021861806258773212,-0.015074363468043785
214,16.5,12.252191980902722,8.052135320996918,2.262505160396941,0.9024602721430309,24.404579172344754,15.608699821940393,False,False,0.15535280861105413,0.06331745058112416,0.0,0.0,0.23051215665591634,0.24772000439399333,-0.022058518705896785,-0.015145243059038437
214,17.0,11.390453732675084,7.782507335339629,2.080108174657797,0.8978994951538016,24.43276243837431,15.89966438671552,False,False,0.1447234332309341,0.06347229448458813,0.0,0.0,0.23013018065206955,0.24749598519970803,-0.02225041107325826,-0.01521697624710617
214,17.5,10.257044604664541,7.409175694662079,1.8175741423517782,0.8680315432081392,24.576522125989463,16.45782106378304,False,False,0.13173272225664512,0.06345765191296651,0.0,0.0,0.2297720450406466,0.24727321232641944,-0.02243213597259656,-0.01528871214472198
214,18.0,9.115836556767949,7.091340108640496,1.5838963269594626,0.8870760429541578,24.683440097570873,17.15846496053193,False,False,0.11773981748380058,0.06615235788345845,0.0,0.0,0.2294479564635012,0.24705490315280262,-0.02259811078518311,-0.015359401905665357
214,18.5,7.442420861247194,6.306987278225271,1.2220202823638613,0.8340235015012676,24.996248144782257,18.27294357540392,False,False,0.098631006038322,0.06723449364927457,0.0,0.0,0.2291542322954093,0.24683481716845318,-0.022749800492511688,-0.015431061557928566
214,19.0,5.610891152360725,5.474449010325105,0.7658600181734059,0.8356019388571444,26.094625756111135,21.50022628490097,False,False,0.08184789237690226,0.08916296934447951,0.0,0.0,0.2289072038391718,0.2466221345620597,-0.022878314807066206,-0.015500689462855214
214.0,19.5,0.0,0.0,0.0,0.0,0.0,0.0,0.0,0.0,0.0,0.0,0.0,0.0,0.22871888067876833,0.24640988633705668,-0.022976869563440347,-0.01557054866501596
214.0,20.0,0.0,0.0,0.0,0.0,0.0,0.0,0.0,0.0,0.0,0.0,0.0,0.0,0.22862872343273685,0.24630474962048882,-0.023024230373674546,-0.015605292181746657
214.0,20.5,0.0,0.0,0.0,0.0,0.0,0.0,0.0,0.0,0.0,0.0,0.0,0.0,0.22853913116703242,0.24620023434123917,-0.023071409659617566,-0.015639921928495722
214.0,21.0,0.0,0.0,0.0,0.0,0.0,0.0,0.0,0.0,0.0,0.0,0.0,0.0,0.22845009864194585,0.24609633362437563,-0.023118408339423684,-0.015674438841139525
214.0,21.5,0.0,0.0,0.0,0.0,0.0,0.0,0.0,0.0,0.0,0.0,0.0,0.0,0.22836162063823773,0.2459930407047907,-0.023165227349652377,-0.015708843843576046
214.0,22.0,0.0,0.0,0.0,0.0,0.0,0.0,0.0,0.0,0.0,0.0,0.0,0.0,0.2282736919597382,0.24589034892492487,-0.023211867643654398,-0.015743137847930418
214.0,22.5,0.0,0.0,0.0,0.0,0.0,0.0,0.0,0.0,0.0,0.0,0.0,0.0,0.22818630743573723,0.24578825173254865,-0.02325833019004945,-0.015777321754755786
214.0,23.0,0.0,0.0,0.0,0.0,0.0,0.0,0.0,0.0,0.0,0.0,0.0,0.0,0.22809946192317868,0.24568674267860008,-0.02330461597129016,-0.01581139645323023
214.0,23.5,0.0,0.0,0.0,0.0,0.0,0.0,0.0,0.0,0.0,0.0,0.0,0.0,0.22801315030867064,0.24558581541507707,-0.02335072598230833,-0.015845362821349126
214.0,24.0,0.0,0.0,0.0,0.0,0.0,0.0,0.0,0.0,0.0,0.0,0.0,0.0,0.22792736751032353,0.24548546369298246,-0.023396661229238447,-0.0158792217261136
215.0,0.5,0.0,0.0,0.0,0.0,0.0,0.0,0.0,0.0,0.0,0.0,0.0,0.0,0.22784210847942687,0.24538568136032063,-0.023442422728214767,-0.01591297402371477
215.0,1.0,0.0,0.0,0.0,0.0,0.0,0.0,0.0,0.0,0.0,0.0,0.0,0.0,0.2277573682019755,0.24528646236014306,-0.023488011504237658,-0.01594662055971455
215.0,1.5,0.0,0.0,0.0,0.0,0.0,0.0,0.0,0.0,0.0,0.0,0.0,0.0,0.22767314170005484,0.24518780072864335,-0.02353342859010552,-0.015980162169222042
215.0,2.0,0.0,0.0,0.0,0.0,0.0,0.0,0.0,0.0,0.0,0.0,0.0,0.0,0.22758942403309346,0.24508969059329788,-0.023578675025409238,-0.016013599677066788
215.0,2.5,0.0,0.0,0.0,0.0,0.0,0.0,0.0,0.0,0.0,0.0,0.0,0.0,0.2275062102989931,0.244992126171053,-0.023623751855584844,-0.016046933897968043
215.0,3.0,0.0,0.0,0.0,0.0,0.0,0.0,0.0,0.0,0.0,0.0,0.0,0.0,0.22742349563514253,0.24489510176655546,-0.02366866013102238,-0.01608016563670089
215.0,3.5,0.0,0.0,0.0,0.0,0.0,0.0,0.0,0.0,0.0,0.0,0.0,0.0,0.2273412752193241,0.24479861177042658,-0.023713400906226863,-0.016113295688258544
215.0,4.0,0.0,0.0,0.0,0.0,0.0,0.0,0.0,0.0,0.0,0.0,0.0,0.0,0.22725954427051923,0.2447026506575773,-0.02375797523902953,-0.016146324838011712
215.0,4.5,0.0,0.0,0.0,0.0,0.0,0.0,0.0,0.0,0.0,0.0,0.0,0.0,0.2271782980496199,0.24460721298556432,-0.023802384189845774,-0.016179253861864442
215.0,5.0,0.0,0.0,0.0,0.0,0.0,0.0,0.0,0.0,0.0,0.0,0.0,0.0,0.22709753186005238,0.2445122933929851,-0.02384662882097796,-0.016212083526406948
215.0,5.5,0.0,0.0,0.0,0.0,0.0,0.0,0.0,0.0,0.0,0.0,0.0,0.0,0.22701724104831905,0.2444178865979113,-0.02389071019596011,-0.016244814589065276
215,6.0,2.248553257517825,2.2769531654562174,0.075370831578075,0.13126595132335347,16.401512347463978,17.256755352582985,False,False,0.08522814213125851,0.15136128336356414,0.0,0.0,0.22693742100446357,0.24432398739635924,-0.02393462937894281,-0.016277447798248044
215,6.5,3.496490412582283,3.5293792432254913,0.121277546295627,0.16960236509243976,16.387126503131153,16.98693019874649,False,False,0.1316270385440265,0.19322329424831636,0.0,0.0,0.2268484624473265,0.24421386307476012,-0.023983690222200652,-0.016315819367303537
215,7.0,5.007681516737952,5.037955507277825,0.18504394194030685,0.210667513121297,16.364791055873646,16.7157030932782,False,False,0.18654455884796908,0.2346737727119492,0.0,0.0,0.2267541155496827,0.24409935085055426,-0.02403585373173504,-0.016355834209282577
215,7.5,11.38884849648841,11.564498974875075,0.4218825749002365,0.7095080557482679,32.69351077113615,34.32296491714814,False,False,0.4207001936061425,0.8070850403627807,0.0,0.0,0.22665209992623583,0.24398009801455808,-0.024092409387350678,-0.016397629950671774
215,8.0,13.46793715618848,13.618381247418949,0.5103357654100255,0.6749695061670973,32.68158017318571,33.81172013246743,False,False,0.49612656532112737,0.7462999264309487,0.0,0.0,0.22652035606906792,0.2437977640655513,-0.024165680620871655,-0.016461780667913584
215,8.5,16.755612448923667,16.812259282667057,0.7339580781352316,0.715184487816074,32.54756817693368,32.95476408217527,False,False,0.5986586902600615,0.7359625799585646,0.0,0.0,0.2263777887651496,0.24362031415189067,-0.02424527079635312,-0.016524500348208127
215,9.0,17.505130119089586,16.87145169112314,1.2079549107033454,0.7637231228206713,30.558079070768763,28.442338655565635,False,False,0.4383064525900614,0.33417917020590976,0.0,0.0,0.22620716870226645,0.2434382174562568,-0.024340932747213172,-0.016589158662333438
215,9.5,16.767504855705422,13.986967093185585,1.8152956182385067,0.8447909272587009,27.85698145341108,21.583100409305622,False,False,0.2947714570972,0.14936020703756003,0.0,0.0,0.22597658567323398,0.24325040857401203,-0.024470929828504434,-0.016656161270359092
215,10.0,16.792984372278543,12.349387202320672,2.262233090667092,0.8753525580392093,26.475419878883365,17.928935579860113,False,False,0.25657538907723737,0.10537182249099004,0.0,0.0,0.22566904306394103,0.24305273759106646,-0.02464560463162372,-0.016727030857423227
215,10.5,16.940535878717455,11.08678405931732,2.6755261542909397,0.9021876941120912,25.42422837837308,15.423085676582678,False,True,0.23625866501248965,0.08356471021713824,0.0,0.0,0.2253049773289945,0.2428516360842208,-0.024854306843378516,-0.016799499362128493
215,11.0,14.93411861214041,8.879771510029876,2.789000604978633,0.8987143134552567,24.483535524011085,14.944719995144764,False,False,0.19186935798948007,0.06530158657375404,0.0,0.0,0.22488867175256683,0.24264757442988152,-0.025095542008718462,-0.016873417286739304
215,11.5,16.1287316666458,9.25272377491365,2.982778071519651,0.9053110052577465,24.41448149449274,13.81203432301886,False,True,0.20576775865800379,0.06446397868893093,0.0,0.0,0.22445832900143517,0.242444410488904,-0.025347849567020186,-0.016947395310726084
215,12.0,15.681401606278225,8.598612958126946,3.1143286513863844,0.9187992778189139,23.964833297128173,13.394856191693512,False,True,0.19336680350577895,0.0589159782166294,0.0,0.0,0.2240037118463463,0.24224085662811878,-0.025617679162436124,-0.017021903199756033
215,12.5,14.187576287048078,7.933859718755178,2.911012702679774,0.9111540221986023,23.873430452021513,14.411557701863453,False,False,0.17327766298153094,0.05679614055256281,0.0,0.0,0.2235327461012433,0.2420360303194195,-0.025900829311814234,-0.017097271141514277
215,13.0,13.95598398978022,7.721086977373247,2.9101913285894625,0.9079665371253351,23.767290488266127,14.303856189216514,False,False,0.16900124952890022,0.05508704126508046,0.0,0.0,0.22308810086838826,0.24183262041234363,-0.026171583640251163,-0.017172511719401058
215,13.5,13.488989312946588,7.377442598716728,2.8846557838176548,0.912095037113861,23.570702613049985,14.239183169182436,False,False,0.160776596596177,0.052712302422517954,0.0,0.0,0.2226439678837311,0.2416300546447247,-0.026445399209159604,-0.01724783244068813
215,14.0,13.130466072143452,7.089736279679951,2.8890291353134763,0.9072345966112685,23.37428344169514,13.983049329550184,False,False,0.15417494304571558,0.05003568346391947,0.0,0.0,0.22220349277993423,0.24142739658191772,-0.026720337471463417,-0.01732358170213658
215,14.5,12.617786302194713,6.803622138736502,2.846450398294425,0.9093313257591981,23.18566546730773,13.912838039611337,False,False,0.14604103143742142,0.04799257775909137,0.0,0.0,0.22176286047082625,0.24122578762811445,-0.026998788159395628,-0.01739933245778715
215,15.0,12.218559599364465,6.616873465621785,2.806072399204229,0.908523515170307,23.06941434240129,13.831440056768388,False,False,0.14029488546514118,0.046747578016366115,0.0,0.0,0.22132805052848814,0.2410243371859652,-0.02727695513422682,-0.01747541817689893
215,15.5,11.868166653991768,6.538336426479736,2.7525704602174073,0.9244122575752864,22.9833176583168,13.831496204401365,False,False,0.1353752389572402,0.0466098059371896,0.0,0.0,0.2208987788903121,0.2408234114179629,-0.02755493514570287,-0.017551700934964918
215,16.0,11.49802691091266,6.616533080244909,2.559427044647217,0.9064139801188443,23.214519753479205,14.173190572050322,False,False,0.13321186694491582,0.04804106415503212,0.0,0.0,0.2204767144053244,0.24062087871848406,-0.027831545038334543,-0.017628995631788016
215,16.5,11.451736006506874,6.998997365476909,2.3834394420872047,0.8985547754195337,23.609631883184207,14.541256771027182,False,False,0.13655759968790016,0.05226806098171027,0.0,0.0,0.2200796484485509,0.24042105354039375,-0.02809479682349172,-0.017705654824722018
215,17.0,10.998505719592691,7.106733914223582,2.2116494630412395,0.8985842289915948,23.794071609101767,14.873023908665484,False,False,0.13292613446985768,0.05456946459535738,0.0,0.0,0.21970539132164105,0.24022264002075575,-0.028345646830676495,-0.017782165761533027
215,17.5,10.310524196343021,7.104870474962749,1.9937961556569535,0.8954481296759889,24.033779874097647,15.320903819309757,False,False,0.12649798540489596,0.05709569422055939,0.0,0.0,0.21935340466509004,0.24002462912420658,-0.028584008519672806,-0.01785891449626744
215,18.0,9.20767724335694,6.93054870065041,1.6838983099713445,0.883162230041314,24.3468264292736,16.209166790790533,False,False,0.11576222708478862,0.06075591610611851,0.0,0.0,0.2190295550518836,0.23982742053441658,-0.028805428308139567,-0.017935744860284108
215,18.5,7.2939362860746755,6.133485978746546,1.2557606683381117,0.8554314588614893,24.68944000405791,17.79898923088205,False,False,0.09425413278300099,0.06404537298602667,0.0,0.0,0.21874556860692576,0.23963217657361296,-0.02900127668307514,-0.01801219808927451
215,19.0,4.987016182957569,4.742186663472637,0.833044699044843,0.825695058148401,24.846185313526846,19.466965204823946,False,False,0.06527462551098458,0.06434656817668802,0.0,0.0,0.2185165096269132,0.239440861810873,-0.02916040161109117,-0.018087489670613067
215.0,19.5,0.0,0.0,0.0,0.0,0.0,0.0,0.0,0.0,0.0,0.0,0.0,0.0,0.21834168391897468,0.23925372826275385,-0.029282551529118173,-0.01816149879561251
215.0,20.0,0.0,0.0,0.0,0.0,0.0,0.0,0.0,0.0,0.0,0.0,0.0,0.0,0.21827337755758297,0.23917220363976413,-0.029330442437804322,-0.018193853628602097
215.0,20.5,0.0,0.0,0.0,0.0,0.0,0.0,0.0,0.0,0.0,0.0,0.0,0.0,0.21820543010954513,0.2390910638455646,-0.029378174321091206,-0.01822612394816172
215.0,21.0,0.0,0.0,0.0,0.0,0.0,0.0,0.0,0.0,0.0,0.0,0.0,0.0,0.2181378383817585,0.23901030545157445,-0.0294257481711094,-0.018258310319710473
215.0,21.5,0.0,0.0,0.0,0.0,0.0,0.0,0.0,0.0,0.0,0.0,0.0,0.0,0.21807059921328784,0.2389299250736044,-0.029473164976273905,-0.01829041330271314
215.0,22.0,0.0,0.0,0.0,0.0,0.0,0.0,0.0,0.0,0.0,0.0,0.0,0.0,0.21800370947525274,0.2388499193711081,-0.029520425721075293,-0.01832243345076466
215.0,22.5,0.0,0.0,0.0,0.0,0.0,0.0,0.0,0.0,0.0,0.0,0.0,0.0,0.21793716607069932,0.23877028504644962,-0.02956753138588457,-0.018354371311672866
215.0,23.0,0.0,0.0,0.0,0.0,0.0,0.0,0.0,0.0,0.0,0.0,0.0,0.0,0.21787096593445685,0.23869101884418545,-0.029614482946771395,-0.018386227427539866
215.0,23.5,0.0,0.0,0.0,0.0,0.0,0.0,0.0,0.0,0.0,0.0,0.0,0.0,0.2178051060329819,0.23861211755036185,-0.02966128137533348,-0.01841800233484191
215.0,24.0,0.0,0.0,0.0,0.0,0.0,0.0,0.0,0.0,0.0,0.0,0.0,0.0,0.21773958336418858,0.23853357799182606,-0.029707927638539085,-0.018449696564508025
216.0,0.5,0.0,0.0,0.0,0.0,0.0,0.0,0.0,0.0,0.0,0.0,0.0,0.0,0.2176743949572688,0.23845539703555177,-0.029754422698579287,-0.01848131064199705
216.0,1.0,0.0,0.0,0.0,0.0,0.0,0.0,0.0,0.0,0.0,0.0,0.0,0.0,0.21760953787250042,0.23837757158797815,-0.02980076751273187,-0.018512845087373542
216.0,1.5,0.0,0.0,0.0,0.0,0.0,0.0,0.0,0.0,0.0,0.0,0.0,0.0,0.21754500920104702,0.2383000985943623,-0.029846963033234315,-0.018544300415382346
216.0,2.0,0.0,0.0,0.0,0.0,0.0,0.0,0.0,0.0,0.0,0.0,0.0,0.0,0.21748080606474773,0.23822297503814463,-0.029893010207166854,-0.018575677135521756
216.0,2.5,0.0,0.0,0.0,0.0,0.0,0.0,0.0,0.0,0.0,0.0,0.0,0.0,0.21741692561589937,0.2381461979403271,-0.029938909976344266,-0.018606975752115514
216.0,3.0,0.0,0.0,0.0,0.0,0.0,0.0,0.0,0.0,0.0,0.0,0.0,0.0,0.2173533650370312,0.23806976435886387,-0.0299846632772163,-0.018638196764383583
216.0,3.5,0.0,0.0,0.0,0.0,0.0,0.0,0.0,0.0,0.0,0.0,0.0,0.0,0.21729012154067257,0.23799367138806388,-0.030030271040776248,-0.018669340666511717
216.0,4.0,0.0,0.0,0.0,0.0,0.0,0.0,0.0,0.0,0.0,0.0,0.0,0.0,0.21722719236911475,0.23791791615800537,-0.030075734192476975,-0.018700407947719815
216.0,4.5,0.0,0.0,0.0,0.0,0.0,0.0,0.0,0.0,0.0,0.0,0.0,0.0,0.21716457479416704,0.23784249583396216,-0.030121053652154534,-0.018731399092329102
216.0,5.0,0.0,0.0,0.0,0.0,0.0,0.0,0.0,0.0,0.0,0.0,0.0,0.0,0.2171022661169079,0.23776740761584111,-0.030166230333958634,-0.018762314579828205
216,5.5,1.9380269449680319,1.9239743850901034,0.11685754662778863,0.10464833471311098,15.230170596212325,14.824320594842032,False,False,0.0471434076124264,0.04228957577971668,0.0,0.0,0.21704026366743154,0.23769264873763027,-0.030211265146289638,-0.018793154884938216
216,6.0,7.871464592022322,7.974443719768297,0.5261705000234796,0.740652054775349,29.954447461096947,30.83359638717221,False,False,0.1777283644571055,0.25329803112691035,0.0,0.0,0.2169636733217238,0.23760488083789422,-0.030267006362311156,-0.018829438920103643
216,6.5,11.01361767639072,10.757212100755584,0.8948572408996631,0.787182472572143,29.01315659201468,26.634775035876686,False,False,0.21936689348681793,0.19545112122865724,0.0,0.0,0.21683522405953135,0.23743638911944495,-0.030360764995392524,-0.018899329105147394
216,7.0,13.177288998028189,11.733081334581325,1.396744498656003,0.8365491331751375,27.613396340032182,21.76090511078146,False,False,0.2233232034801927,0.13527279578546092,0.0,0.0,0.21666009040809284,0.23726228914117545,-0.03048915802105552,-0.01897187052827064
216,7.5,14.068940416642578,11.741081799901972,1.7092631628004344,0.8605991406979473,26.82685378993603,19.286333929793138,False,False,0.219999838928724,0.11158678094861835,0.0,0.0,0.2164212956987063,0.23708221683776953,-0.03066526587772437,-0.01904724970435581
216,8.0,15.22296436766769,11.83514983227938,1.972495699472821,0.8694410831012144,26.451734985017804,17.988345256800034,False,False,0.23133805454612782,0.10363449480334994,0.0,0.0,0.21614296917230003,0.2368993957773808,-0.030872059828821255,-0.01912414486642901
216,8.5,15.751535655444599,11.42825807166126,2.220458357328062,0.8798426622720461,25.977206618494513,16.70116339681287,False,False,0.22904136299824235,0.09247096210281266,0.0,0.0,0.2158313889997909,0.2367157613936148,-0.03110553538239799,-0.01920175474810949
216,9.0,16.047233856748207,11.006066734131537,2.4191579779054564,0.8915390381029741,25.599339153022637,15.887029545051142,False,False,0.22570592109530313,0.08509089197836335,0.0,0.0,0.2154884985957232,0.23653111239559985,-0.03136490843994227,-0.01928017211557638
216,9.5,15.885812149871706,10.287133486179247,2.5785355588820598,0.8971571077294024,25.1922419575414,15.334938460282103,False,False,0.2157281872401266,0.07724800968895895,0.0,0.0,0.2151205732463708,0.2363452812718141,-0.03164609007163813,-0.01935947705401567
216,10.0,15.753588046432883,9.750214379198319,2.7044040837700756,0.8982989936048186,24.877112003236647,14.88825840388007,False,False,0.2084817976198503,0.07161503738611609,0.0,0.0,0.21473262145749936,0.23615904011535743,-0.03194583600993293,-0.019439347236314602
216,10.5,15.356828795833419,9.052408506132654,2.8300129718769886,0.9042972602670372,24.4499031715849,14.448863776898715,False,False,0.19623176034247025,0.06488250831582242,0.0,0.0,0.2143289109983579,0.23597295688551967,-0.03226135649475941,-0.019519542109331538
216,11.0,14.778998974875899,8.248943872208713,2.9487934858893636,0.9044596491192716,23.97327447497885,14.000548867543632,False,True,0.18203820445981062,0.0579659288946716,0.0,0.0,0.21390947259977697,0.23578641029555417,-0.03259311011008152,-0.01960033264162867
216,11.5,14.377561644160325,7.772771307173997,2.989857918722925,0.908964309000965,23.701555480096964,13.827446396934782,False,False,0.17325038809504242,0.05446276329644062,0.0,0.0,0.21347517409239086,0.2356001416312645,-0.032940909749057425,-0.019681400646831698
216,12.0,13.765656962839769,7.172740776692015,3.052559784247141,0.9074850012113372,23.262759915207116,13.49080228441857,False,False,0.16064093598342524,0.04943965861038581,0.0,0.0,0.21303591675176595,0.23541359517638732,-0.0332971880253397,-0.01976299026688549
216,12.5,13.254107338951593,6.856245963866355,3.019310974516014,0.9108624023782127,23.037134970631538,13.571200401661336,False,False,0.15204695655280337,0.04739795043750909,0.0,0.0,0.21258894098466607,0.2352275311434238,-0.033664449769848746,-0.019844770638334737
216,13.0,12.505427025202533,6.284327599216651,3.033942445619356,0.9183665211243918,22.578134905767648,13.426432603100256,False,False,0.13878077120879156,0.04330030986047266,0.0,0.0,0.2121464718040771,0.23504132831421087,-0.03403277214179273,-0.0199270159943526
216,13.5,12.096487946911523,5.980350878486739,3.022977392837185,0.9066869725175193,22.336775491888062,13.202513656534446,False,False,0.1320332668032926,0.04080946627853371,0.0,0.0,0.211702405468798,0.23485445852198858,-0.034407261671313416,-0.020009964583452708
216,14.0,11.426689734963379,5.668163381107047,2.9795512985840715,0.9237903604920317,22.01091921145835,13.273297832956427,False,False,0.12200433991679417,0.038925286101307535,0.0,0.0,0.21126000161658798,0.23466936413348813,-0.03478524168727179,-0.020092530965444402
216,14.5,10.909996152651125,5.429616624640397,2.8914624349479143,0.9209137699178698,21.828579084861218,13.283870197208717,False,False,0.11493913836288033,0.03744356601441849,0.0,0.0,0.21082339467432132,0.23448237502318897,-0.035163129364255204,-0.020176355050582195
216,15.0,10.383157564725192,5.2460053740704025,2.7804394939290105,0.9167489278264066,21.695936655006367,13.35860977231166,False,False,0.1084023152417258,0.036453294266483485,0.0,0.0,0.21039827399315233,0.23429603508515068,-0.0355357845959891,-0.02026030294837795
216,15.5,10.020705532716146,5.18471366622129,2.6893921219059607,0.9205234789820874,21.61758631852137,13.394131213563922,False,False,0.10406129550914603,0.03624275447230257,0.0,0.0,0.20998756000012572,0.23411050629957836,-0.035900288509077595,-0.02034429918711361
216,16.0,9.946186303666414,5.282433699549132,2.599362832700925,0.9114621954643396,21.717754833334844,13.323692884100552,False,False,0.10390645213092603,0.036932285393495586,0.0,0.0,0.2095887050497273,0.23392477476683457,-0.03625853911309616,-0.020428803142048417
216,16.5,9.470288322329932,5.16738980986993,2.464114444637986,0.9012572484031487,21.67513245286804,13.324558586236929,False,False,0.09861388198697249,0.03641237877721659,0.0,0.0,0.20920157732464,0.2337404740567649,-0.0366103370816186,-0.02051306981565422
216,17.0,9.186642727615904,5.263569493138043,2.33175769371614,0.9082695991861354,21.762113652338726,13.367063565355338,False,False,0.09613938515278744,0.03762522604525983,0.0,0.0,0.20883193716302184,0.2335577477971887,-0.03695004516378228,-0.020597025782451213
216,17.5,8.535634324308969,5.2327502982761835,2.13009746109216,0.9140786069932292,21.82633838229865,13.627736438589995,False,False,0.08948735159684434,0.03843669632658183,0.0,0.0,0.20847941404006015,0.23337439988900163,-0.03727752666795332,-0.02068167919840029
216,18.0,7.401189782391127,4.92780220748189,1.8253446236999538,0.8907620781417857,21.83490168897717,14.035954970403495,False,False,0.07763768108515604,0.03778644954756179,0.0,0.0,0.20815283747803925,0.23319058169298237,-0.03758399476048179,-0.020766966218002218
216,18.5,5.027775845945275,4.0129761070333965,1.2214866655737657,0.8760806294340686,21.876852843677163,15.887856359890586,False,False,0.052887125452516136,0.03775921549853875,0.0,0.0,0.20786534286294553,0.2330100028355926,-0.03785627469975519,-0.020851158610492023
216,19.0,1.01531322887674,1.4531596154172033,0.23083051093892287,0.7956313186940436,11.122593878498668,15.36746515527911,False,False,0.010946683464945445,0.03747643124047953,0.0,0.0,0.20765504402326024,0.23283156106192193,-0.038056933280510935,-0.020934754410888406
216.0,19.5,0.0,0.0,0.0,0.0,0.0,0.0,0.0,0.0,0.0,0.0,0.0,0.0,0.20757122978148765,0.23266363554606104,-0.0381372584280632,-0.02101378854490062
216.0,20.0,0.0,0.0,0.0,0.0,0.0,0.0,0.0,0.0,0.0,0.0,0.0,0.0,0.20751707150898785,0.23259736216758742,-0.038189269592682644,-0.021045077911786537
216.0,20.5,0.0,0.0,0.0,0.0,0.0,0.0,0.0,0.0,0.0,0.0,0.0,0.0,0.2074631519215636,0.23253134969751524,-0.03824113551243946,-0.021076299295505464
216.0,21.0,0.0,0.0,0.0,0.0,0.0,0.0,0.0,0.0,0.0,0.0,0.0,0.0,0.20740946913041755,0.23246559643298154,-0.03829285705220393,-0.021107452962756262
216.0,21.5,0.0,0.0,0.0,0.0,0.0,0.0,0.0,0.0,0.0,0.0,0.0,0.0,0.2073560212665586,0.2324001006809026,-0.038344435070511704,-0.021138539181436322
216.0,22.0,0.0,0.0,0.0,0.0,0.0,0.0,0.0,0.0,0.0,0.0,0.0,0.0,0.20730280648058014,0.23233486075811138,-0.03839587041958272,-0.02116955822052518
216.0,22.5,0.0,0.0,0.0,0.0,0.0,0.0,0.0,0.0,0.0,0.0,0.0,0.0,0.20724982294243977,0.23226987499148324,-0.038447163945341895,-0.021200510349973032
216.0,23.0,0.0,0.0,0.0,0.0,0.0,0.0,0.0,0.0,0.0,0.0,0.0,0.0,0.20719706884124053,0.23220514171805123,-0.038498316487441245,-0.021231395840593865
216.0,23.5,0.0,0.0,0.0,0.0,0.0,0.0,0.0,0.0,0.0,0.0,0.0,0.0,0.20714454238501356,0.2321406592851109,-0.03854932887928364,-0.021262214963962914
216.0,24.0,0.0,0.0,0.0,0.0,0.0,0.0,0.0,0.0,0.0,0.0,0.0,0.0,0.20709224180050237,0.23207642605031567,-0.038600201948047946,-0.02129296799231833
217.0,0.5,0.0,0.0,0.0,0.0,0.0,0.0,0.0,0.0,0.0,0.0,0.0,0.0,0.2070401653329489,0.2320124403817624,-0.0386509365147155,-0.02132365519846733
217.0,1.0,0.0,0.0,0.0,0.0,0.0,0.0,0.0,0.0,0.0,0.0,0.0,0.0,0.2069883112458812,0.23194870065806852,-0.03870153339409761,-0.021354276855695787
217.0,1.5,0.0,0.0,0.0,0.0,0.0,0.0,0.0,0.0,0.0,0.0,0.0,0.0,0.20693667782090291,0.2318852052684409,-0.038751993394864466,-0.021384833237681918
217.0,2.0,0.0,0.0,0.0,0.0,0.0,0.0,0.0,0.0,0.0,0.0,0.0,0.0,0.20688526335748422,0.23182195261273603,-0.038802317319575036,-0.021415324618413552
217.0,2.5,0.0,0.0,0.0,0.0,0.0,0.0,0.0,0.0,0.0,0.0,0.0,0.0,0.20683406617275532,0.23175894110151332,-0.03885250596470777,-0.021445751272108873
217.0,3.0,0.0,0.0,0.0,0.0,0.0,0.0,0.0,0.0,0.0,0.0,0.0,0.0,0.2067830846013008,0.2316961691560808,-0.038902560120692785,-0.02147611347314059
217.0,3.5,0.0,0.0,0.0,0.0,0.0,0.0,0.0,0.0,0.0,0.0,0.0,0.0,0.2067323169949568,0.2316336352085336,-0.03895248057194412,-0.021506411495963437
217.0,4.0,0.0,0.0,0.0,0.0,0.0,0.0,0.0,0.0,0.0,0.0,0.0,0.0,0.20668176172260933,0.2315713377017869,-0.039002268096893784,-0.021536645615044467
217.0,4.5,0.0,0.0,0.0,0.0,0.0,0.0,0.0,0.0,0.0,0.0,0.0,0.0,0.20663141716999506,0.23150927508960134,-0.03905192346802538,-0.021566816104796844
217.0,5.0,0.0,0.0,0.0,0.0,0.0,0.0,0.0,0.0,0.0,0.0,0.0,0.0,0.2065812817395037,0.23144744583660365,-0.039101447451909674,-0.02159692323951606
217.0,5.5,0.0,0.0,0.0,0.0,0.0,0.0,0.0,0.0,0.0,0.0,0.0,0.0,0.20653135384998247,0.2313858484183007,-0.039150840809239806,-0.02162696729331948
217,6.0,6.738294530205825,6.890593608362352,0.3282097987346501,0.6846415439647224,30.820500091300104,33.352590954541995,False,False,0.17346542134329362,0.3704215600328688,0.0,0.0,0.20648163193654243,0.23132448132108924,-0.03920010429486773,-0.021656948540087786
217,6.5,10.67831061268859,10.727233793693182,0.6383261538355834,0.7534607908959849,29.92571685249979,30.065214287284107,False,False,0.24012444268759026,0.2915038812625064,0.0,0.0,0.20639028976094134,0.2311760972621073,-0.03929079691698006,-0.0217296472957502
217,7.0,13.008707808899931,12.576996012896606,0.9644438854999119,0.760163834830252,28.877052945989263,26.207204823266068,False,False,0.25476325908915826,0.2064405155603627,0.0,0.0,0.20625963148819682,0.2310191707012441,-0.039420961011907105,-0.02180684792042073
217,7.5,14.389773204649778,13.121501814037384,1.2847463552929237,0.7975421131340018,27.872624189918035,22.887147515939432,False,False,0.2507981196968076,0.15965842580841916,0.0,0.0,0.20608761650108817,0.2308616158208483,-0.03959310972797108,-0.021884686633268265
217,8.0,15.25078604126806,12.986684728901047,1.605479335838724,0.848451591496119,26.924122273084315,20.30332363825568,False,False,0.24078287683728655,0.13024054194716467,0.0,0.0,0.20587498435300594,0.23069952216565498,-0.03980714672705582,-0.021965113426851698
217,8.5,15.810409256693905,12.391800930260581,1.9003111338212708,0.8662955535870384,26.06659753798428,18.115557896799366,False,False,0.2322152164802777,0.10860497915721729,0.0,0.0,0.205621678696538,0.23053116402485438,-0.04006392808057192,-0.022049021629541237
217,9.0,16.036077902973787,11.510599031448006,2.1755808663000917,0.8761369680586979,25.341674920692405,16.47945794292571,False,False,0.22121268942035227,0.09196161550686896,0.0,0.0,0.20533099872059163,0.2303607536689265,-0.040361032478782186,-0.022134341850428944
217,9.5,15.806391514027052,9.950723551683563,2.5441270806203136,0.9010020193827493,24.213926282009332,14.373412810790146,False,False,0.19816672199328922,0.07160342475628376,0.0,0.0,0.20500543581780445,0.23018930955606762,-0.040696913028442666,-0.02222057690004256
217,10.0,15.486701967346745,8.786342407732178,2.7895643145291524,0.8946894912528834,23.461155936652887,13.16867577400539,False,True,0.18311169699686775,0.05972418486233394,0.0,0.0,0.2046331020651429,0.23001491588406728,-0.041085137833892844,-0.022308706562570255
217,10.5,15.251590159383285,8.281725006605363,2.914588365942085,0.9071171643543988,23.040861785188795,12.835018637258397,False,True,0.1749064444872942,0.055370719570440534,0.0,0.0,0.20422968415687165,0.22984154442954066,-0.04151076487939137,-0.022396732762400333
217,11.0,14.963273921176599,7.808502503832743,2.997817581995878,0.907276354324139,22.692653033864417,12.541626948677955,False,True,0.16737245597164005,0.051515083155482186,0.0,0.0,0.20381052526878604,0.22966680583529162,-0.04195857666325088,-0.022485872173542556
217,11.5,14.35003938275096,7.152653128422913,3.0842877407985307,0.9108096320305326,22.202686366161835,12.247261599956722,False,True,0.15515298501031533,0.0465963035245778,0.0,0.0,0.20338095003597653,0.2294922622935743,-0.04242350216651867,-0.022575334401843672
217,12.0,13.286374543249448,6.344512784721381,3.1130565734405193,0.9112664186447589,21.60917219470832,12.067165435061955,False,True,0.13801925860016245,0.041109171178529774,0.0,0.0,0.20294054407301393,0.22931748264544322,-0.04290653615615323,-0.022665342917486935
217,12.5,12.52704777514477,6.045154970464704,3.038652616905086,0.9200168889667921,21.352667279475995,12.318136817071867,False,True,0.12805884879529278,0.03960543375886646,0.0,0.0,0.20249665905167327,0.22914285777097573,-0.043400031437834316,-0.022755699064153097
217,13.0,11.364754929458526,5.524674678187499,2.895782696694318,0.9162697573074854,21.001748608871495,12.655271248252866,False,True,0.1135571641439185,0.03676464978428365,0.0,0.0,0.20206244121283715,0.22896732963970323,-0.043889336240311265,-0.022846955430220164
217,13.5,10.312551166341013,5.114809881917067,2.724728272582387,0.9138737697583262,20.73212602977536,13.135595183550032,False,False,0.10130201432700461,0.03482614000721778,0.0,0.0,0.20164661402353998,0.2287924897338903,-0.0443640903787981,-0.022938287792717782
217,14.0,10.026875013993081,5.010802130807313,2.6428360035475142,0.9035029111125287,20.685843931846108,13.177505631577091,False,False,0.09815917381849565,0.03431098581506521,0.0,0.0,0.20125276778560564,0.22861816477171445,-0.044819400979515284,-0.023029784585141967
217,14.5,9.580004935009839,5.029750832130588,2.496782019586221,0.9185345025103866,20.700705809887847,13.656615236743715,False,False,0.09386186994790341,0.035271932047538444,0.0,0.0,0.20086953900234436,0.2284453699304527,-0.045267791454857494,-0.023120907730383035
217,15.0,8.814352170529634,4.697902622253702,2.3927812272368163,0.9218562402089532,20.38184398338302,13.72862415444915,False,False,0.08468457807716043,0.033254080304079746,0.0,0.0,0.20050510267829103,0.22827086704017427,-0.04569916058250072,-0.023213367928965643
217,15.5,8.599684492188468,4.576964630949566,2.3547646673025584,0.908727630682554,20.257562204401857,13.439367140473957,False,False,0.08195519110796651,0.032085757574598826,0.0,0.0,0.20015409856936942,0.2280961472718842,-0.04611926847861981,-0.023306384743878174
217,16.0,8.236815896988166,4.605018251574115,2.21019608299334,0.9117832316754987,20.333897103660256,13.732646081817343,False,False,0.07884497105890144,0.032939987996411874,0.0,0.0,0.1998081168450784,0.2279233059068569,-0.046537876056060384,-0.023398838817860868
217,16.5,7.736653161732985,4.543075348004736,2.0240074978695906,0.8993290927703127,20.426307317148954,14.032170789256122,False,False,0.0744385240564838,0.033352085957995097,0.0,0.0,0.19948073446365103,0.2277502795288236,-0.04693815491404367,-0.023491829871084714
217,17.0,7.236704085382863,4.550462009084926,1.8321701872814815,0.9010700226357926,20.572201900431956,14.440540837824656,False,False,0.070221408696027,0.0347041478307981,0.0,0.0,0.19917725392707336,0.22757904358396258,-0.047312878573960486,-0.023584292510444856
217,17.5,6.3929169477082795,4.3860065492786156,1.583557144601624,0.9062232777336564,20.672184978769472,15.06701824978088,False,False,0.06228553995842558,0.03571215420923832,0.0,0.0,0.1988983938297933,0.22740778816515272,-0.047660348256565524,-0.02367719967618826
217,18.0,5.4687139154663384,4.127001153536879,1.2998955635303775,0.8756532495827569,20.880613060848567,15.737897836134628,False,False,0.053970062678566716,0.03632612085232741,0.0,0.0,0.19865138803539906,0.22723607745263674,-0.04797066824591059,-0.023770791987611575
217,18.5,4.039307781418662,3.6090482426123627,0.8955228226634968,0.884509898271177,21.27744131313107,17.625608492008205,False,False,0.04086955872079526,0.04027675258573505,0.0,0.0,0.19844070166266708,0.22706846279795842,-0.048237263149367514,-0.02386257715802513
217,19.0,1.7312266672993493,2.235982325133092,0.35907362497442424,0.8141693915815167,10.823514792279832,14.032968119859756,False,False,0.0179381539595797,0.04043640596356505,0.0,0.0,0.19828171606886688,0.22689991899485037,-0.048439606915102656,-0.02395529722830187
217.0,19.5,0.0,0.0,0.0,0.0,0.0,0.0,0.0,0.0,0.0,0.0,0.0,0.0,0.1981912609344932,0.22674053741259168,-0.04855518211741558,-0.024043372077713232
217.0,20.0,0.0,0.0,0.0,0.0,0.0,0.0,0.0,0.0,0.0,0.0,0.0,0.0,0.19814673161703103,0.22668510530375302,-0.048612198230282296,-0.024074094456973928
217.0,20.5,0.0,0.0,0.0,0.0,0.0,0.0,0.0,0.0,0.0,0.0,0.0,0.0,0.1981023691962089,0.2266298698662173,-0.0486690799862003,-0.024104754370177003
217.0,21.0,0.0,0.0,0.0,0.0,0.0,0.0,0.0,0.0,0.0,0.0,0.0,0.0,0.19805817251590846,0.2265748301693232,-0.048725828104316415,-0.02413535192028042
217.0,21.5,0.0,0.0,0.0,0.0,0.0,0.0,0.0,0.0,0.0,0.0,0.0,0.0,0.19801414043120485,0.22651998527945755,-0.04878244329831895,-0.024165887215198054
217.0,22.0,0.0,0.0,0.0,0.0,0.0,0.0,0.0,0.0,0.0,0.0,0.0,0.0,0.19797027180823562,0.2264653342604217,-0.048838926276481995,-0.024196360367603656
217.0,22.5,0.0,0.0,0.0,0.0,0.0,0.0,0.0,0.0,0.0,0.0,0.0,0.0,0.1979265655240704,0.22641087617378272,-0.04889527774171049,-0.024226771494741096
217.0,23.0,0.0,0.0,0.0,0.0,0.0,0.0,0.0,0.0,0.0,0.0,0.0,0.0,0.19788302046658274,0.22635661007921026,-0.04895149839158432,-0.024257120718240776
217.0,23.5,0.0,0.0,0.0,0.0,0.0,0.0,0.0,0.0,0.0,0.0,0.0,0.0,0.19783963553432346,0.22630253503480077,-0.049007588918402706,-0.0242874081639414
217.0,24.0,0.0,0.0,0.0,0.0,0.0,0.0,0.0,0.0,0.0,0.0,0.0,0.0,0.19779640963639558,0.22624865009738693,-0.049063550009228095,-0.024317633961718186
218.0,0.5,0.0,0.0,0.0,0.0,0.0,0.0,0.0,0.0,0.0,0.0,0.0,0.0,0.19775334169233075,0.2261949543228355,-0.04911938234593006,-0.024347798245316025
218.0,1.0,0.0,0.0,0.0,0.0,0.0,0.0,0.0,0.0,0.0,0.0,0.0,0.0,0.19771043063196717,0.22614144676633252,-0.049175086605229235,-0.024377901152188193
218.0,1.5,0.0,0.0,0.0,0.0,0.0,0.0,0.0,0.0,0.0,0.0,0.0,0.0,0.1976676753953295,0.22608812648265655,-0.04923066345874025,-0.024407942823340054
218.0,2.0,0.0,0.0,0.0,0.0,0.0,0.0,0.0,0.0,0.0,0.0,0.0,0.0,0.19762507493250986,0.22603499252644058,-0.049286113573015086,-0.024437923403178154
218.0,2.5,0.0,0.0,0.0,0.0,0.0,0.0,0.0,0.0,0.0,0.0,0.0,0.0,0.19758262820355024,0.225982043952423,-0.049341437609586404,-0.0244678430393637
218.0,3.0,0.0,0.0,0.0,0.0,0.0,0.0,0.0,0.0,0.0,0.0,0.0,0.0,0.1975403341783272,0.22592927981568756,-0.04939663622500949,-0.02449770188267117
218.0,3.5,0.0,0.0,0.0,0.0,0.0,0.0,0.0,0.0,0.0,0.0,0.0,0.0,0.19749819183643685,0.2258766991718936,-0.04945171007090563,-0.02452750008685117
218.0,4.0,0.0,0.0,0.0,0.0,0.0,0.0,0.0,0.0,0.0,0.0,0.0,0.0,0.19745620016708243,0.22582430107749613,-0.049506659794003705,-0.02455723780849788
218.0,4.5,0.0,0.0,0.0,0.0,0.0,0.0,0.0,0.0,0.0,0.0,0.0,0.0,0.1974143581689627,0.22577208458995623,-0.049561486036182184,-0.024586915206920745
218.0,5.0,0.0,0.0,0.0,0.0,0.0,0.0,0.0,0.0,0.0,0.0,0.0,0.0,0.19737266485016172,0.22572004876794255,-0.04961618943451131,-0.024616532444020334
218.0,5.5,0.0,0.0,0.0,0.0,0.0,0.0,0.0,0.0,0.0,0.0,0.0,0.0,0.19733111922804056,0.22566819267152377,-0.04967077062129395,-0.02464608968416819
218,6.0,4.909331687737433,4.902212227142638,0.3462563555394271,0.6864641696705582,28.09369645565016,29.493623420771172,False,False,0.08768819511946213,0.1755355170253774,0.0,0.0,0.1972897203291298,0.22561651536235264,-0.049725230224107124,-0.024675587094090522
218,6.5,9.254781874516212,9.227137337734945,0.7264116714999352,0.7655545846262314,27.489196486473034,26.731711344768506,False,False,0.15479796002691695,0.1642501876200793,0.0,0.0,0.19720434277656593,0.22547753786141564,-0.04983776787445522,-0.024755124371854478
218,7.0,12.035829130350162,11.378779182419017,1.0491031144614247,0.7936559423140626,26.905361441097952,23.248500911193283,False,False,0.18967124616220515,0.14482378541186963,0.0,0.0,0.19707066577589422,0.22532865856446355,-0.050014580027683435,-0.024840667607548793
218,7.5,13.781826637937417,12.038523991940565,1.3796142507931703,0.8207451642082092,26.103841864404057,20.253799962874076,False,False,0.20121003811019655,0.12115140802169597,0.0,0.0,0.196896011162024,0.2251763742243572,-0.05024672002976637,-0.024928531946560563
218,8.0,14.638379980037955,11.498235008053346,1.7434050752180952,0.8668431565974428,25.055376344894633,17.589444721303696,False,False,0.1949560888916621,0.09840854318344486,0.0,0.0,0.19667938151180503,0.22502081290592488,-0.05053643677155774,-0.025018669625536685
218,8.5,14.917328859064064,10.513807130476604,2.05437484814098,0.8769636478459452,24.08563895171591,15.560689027352325,False,False,0.184904690387853,0.08022366398549699,0.0,0.0,0.19641653497265835,0.2248595513643751,-0.05089064020445865,-0.025112520456231996
218,9.0,14.966145592695145,9.767166691758508,2.272376686142643,0.8934845827454981,23.451130124913554,14.56741066463108,False,False,0.17678067060294156,0.07075891258974465,0.0,0.0,0.19611420175778985,0.22469717341891693,-0.05130171910679455,-0.025207445150950688
218,9.5,14.618759882321735,8.77124905058701,2.4608544304402575,0.8938349663632869,22.774180666229444,13.68241711236701,False,True,0.16443994554021246,0.06093286666430592,0.0,0.0,0.1957842281181203,0.22453286255934532,-0.05175490435263686,-0.025303935313246123
218,10.0,13.778178775999901,7.615425718269355,2.6320475758514017,0.9033698975875138,21.934799504849067,13.017370552267664,False,True,0.14631573192904063,0.05128133278719835,0.0,0.0,0.19543037548742462,0.22436867857012796,-0.05224619558899296,-0.02540079085312625
218,10.5,13.130103880022169,6.972868985513955,2.69756569422137,0.9112621497890173,21.428694686185768,12.802259321415443,False,True,0.13479757771735792,0.046490400802084685,0.0,0.0,0.1950548455948127,0.22420345017443535,-0.05277367400618019,-0.025498708783003407
218,11.0,12.537940822877342,6.562132768557101,2.6762102985984977,0.9077858953466595,21.150564087682632,12.840616427620494,False,True,0.12642292795253354,0.04387549073018372,0.0,0.0,0.19467110401619028,0.2240373858483276,-0.05331925484733205,-0.02559757560001661
218,11.5,11.578923343517491,5.957379584962888,2.6419980367794005,0.9077815448898727,20.6845586139878,12.878367097137371,False,True,0.11337409732346565,0.0398904589340489,0.0,0.0,0.19429022040633687,0.2238719334661099,-0.05386743067957634,-0.02569653264479653
218,12.0,10.31065161970196,5.320907775395064,2.550135559566069,0.9136576341199274,20.1438838831301,13.099956679902787,False,True,0.09768208373505616,0.03590142257836633,0.0,0.0,0.1939138322802985,0.2237066497558186,-0.05441574562834419,-0.025795844250325304
218,12.5,9.338160695338159,4.884220988191653,2.4348686127143067,0.9140908302747778,19.777233785309107,13.397037822542618,False,True,0.0865535582629034,0.0334018206777051,0.0,0.0,0.19354928530235516,0.22354078452730805,-0.05495316147111759,-0.02589596533188965
218,13.0,9.807583531385776,4.818977453217936,2.6161274667473724,0.9140156351130954,19.511493152721975,12.547680942841229,False,True,0.08950086531934112,0.03176130864036029,0.0,0.0,0.1931995611137661,0.2233750305621871,-0.055474679034989254,-0.025996482133289214
218,13.5,8.241293922051927,4.4271173253402925,2.266019074291563,0.9123328070920398,19.323182521485364,13.623158335742136,False,False,0.07437594260159326,0.030652169662367394,0.0,0.0,0.19282687175744095,0.22320945183238006,-0.05603694704553429,-0.026097357142497963
218,14.0,7.760957775039641,4.2203581768309695,2.196489666975589,0.9128144539051565,19.09152504252414,13.660019552863137,False,False,0.06912066861824448,0.029371671313065666,0.0,0.0,0.1924989300024178,0.22304425239655157,-0.056537329255019676,-0.02619846619381857
218,14.5,7.464054148369092,4.1252810582841715,2.1480586532857413,0.9187692103344548,18.937380627901316,13.661904912514757,False,False,0.0658906196049277,0.028753987061533946,0.0,0.0,0.19217998005396053,0.2228791556302075,-0.05702910642815088,-0.02629997904903714
218,15.0,7.012428905345167,3.9948926167213905,2.033245927875075,0.9149650290681622,18.838156765838576,13.84652271500669,False,False,0.0615529603338575,0.02821651070062714,0.0,0.0,0.19186733245978296,0.22271346328705557,-0.057516120672337995,-0.02640232964884029
218,15.5,6.3957114707800935,3.770840577164733,1.9008157590590986,0.9090824121538318,18.62084608684298,13.996763571571382,False,False,0.05545908866060964,0.026912099084670668,0.0,0.0,0.19156944560861996,0.22254841818954677,-0.057984758550042294,-0.02650475258614233
218,16.0,6.2716270164263666,3.8426407891090246,1.8049890779950326,0.9062168490031349,18.767991601951017,14.181755674830754,False,False,0.054812871753660536,0.027866166598865344,0.0,0.0,0.19128856372987357,0.22238428441864494,-0.05843081708455834,-0.02660707981510159
218,16.5,5.574693267556065,3.669705089833299,1.5934058440823997,0.9034046053141218,18.74537431383688,14.73753139683072,False,False,0.048655606313184184,0.02781432855384904,0.0,0.0,0.19102002153577674,0.22222067672893497,-0.058861107372283034,-0.02670954784603161
218,17.0,5.224821924071881,3.610638561533543,1.4688909576661067,0.8925407116879653,18.79537711346198,14.885457757472562,False,False,0.04571823768449119,0.027928487860899888,0.0,0.0,0.19077856941031746,0.22205758755770968,-0.05925121750831058,-0.026812159415726722
218,17.5,4.4711999586949265,3.422421771890468,1.2032648324853328,0.8813697499570897,19.027522862284293,15.809426009841149,False,False,0.03957604430110563,0.02905486085584756,0.0,0.0,0.19055311120217738,0.22189604218666809,-0.059618270740843894,-0.02691426303863322
218,18.0,2.840380904929824,2.5976914020403528,0.7341339073828451,0.8499680867224215,19.23012236383377,18.28885972493393,False,False,0.025427775005957737,0.029437862354985297,0.0,0.0,0.19036162832765943,0.2217360789892215,-0.059932140228722626,-0.02701582347107831
218,18.5,1.4312487347969869,1.6804923166480483,0.3579821518615384,0.8266180644616006,19.40748056983884,20.694074994205188,False,False,0.01294205485265703,0.029883610515424323,0.0,0.0,0.19023005319535904,0.22158027526803936,-0.06014895333394788,-0.02711518231416707
218.0,19.0,0.0,0.0,0.0,0.0,0.0,0.0,0.0,0.0,0.0,0.0,0.0,0.0,0.19014653644210672,0.22142760423296445,-0.060287059425310686,-0.0272129660165423
218.0,19.5,0.0,0.0,0.0,0.0,0.0,0.0,0.0,0.0,0.0,0.0,0.0,0.0,0.19010876190296547,0.22138042782693912,-0.06034964873579791,-0.027243266791782763
218.0,20.0,0.0,0.0,0.0,0.0,0.0,0.0,0.0,0.0,0.0,0.0,0.0,0.0,0.19007111015953573,0.22133340706793694,-0.06041211164313295,-0.027273507605746497
218.0,20.5,0.0,0.0,0.0,0.0,0.0,0.0,0.0,0.0,0.0,0.0,0.0,0.0,0.1900335804633754,0.22128654121805325,-0.06047444874812642,-0.027303688598321163
218.0,21.0,0.0,0.0,0.0,0.0,0.0,0.0,0.0,0.0,0.0,0.0,0.0,0.0,0.18999617207256228,0.2212398295397881,-0.06053666064732519,-0.027333809911839983
218.0,21.5,0.0,0.0,0.0,0.0,0.0,0.0,0.0,0.0,0.0,0.0,0.0,0.0,0.18995888425162238,0.2211932712961936,-0.060598747933049965,-0.02736387169098049
218.0,22.0,0.0,0.0,0.0,0.0,0.0,0.0,0.0,0.0,0.0,0.0,0.0,0.0,0.18992171627145915,0.2211468657510153,-0.06066071119343184,-0.02739387408266612
218.0,22.5,0.0,0.0,0.0,0.0,0.0,0.0,0.0,0.0,0.0,0.0,0.0,0.0,0.18988466740928361,0.22110061216882798,-0.060722551012449014,-0.02742381723597099
218.0,23.0,0.0,0.0,0.0,0.0,0.0,0.0,0.0,0.0,0.0,0.0,0.0,0.0,0.18984773694854515,0.22105450981516594,-0.0607842679699633,-0.027453701302027175
218.0,23.5,0.0,0.0,0.0,0.0,0.0,0.0,0.0,0.0,0.0,0.0,0.0,0.0,0.1898109241788637,0.22100855795664778,-0.06084586264175568,-0.027483526433935104
218.0,24.0,0.0,0.0,0.0,0.0,0.0,0.0,0.0,0.0,0.0,0.0,0.0,0.0,0.18977422839596222,0.22096275586109645,-0.06090733559956208,-0.027513292786676465
219.0,0.5,0.0,0.0,0.0,0.0,0.0,0.0,0.0,0.0,0.0,0.0,0.0,0.0,0.18973764890160053,0.2209171027976538,-0.06096868741110865,-0.027543000517029684
219.0,1.0,0.0,0.0,0.0,0.0,0.0,0.0,0.0,0.0,0.0,0.0,0.0,0.0,0.18970118500350946,0.22087159803689077,-0.06102991864014685,-0.02757264978348818
219.0,1.5,0.0,0.0,0.0,0.0,0.0,0.0,0.0,0.0,0.0,0.0,0.0,0.0,0.1896648360153265,0.2208262408509126,-0.061091029846487704,-0.02760224074618084
219.0,2.0,0.0,0.0,0.0,0.0,0.0,0.0,0.0,0.0,0.0,0.0,0.0,0.0,0.18962860125653147,0.22078103051345993,-0.06115202158603669,-0.02763177356679491
219.0,2.5,0.0,0.0,0.0,0.0,0.0,0.0,0.0,0.0,0.0,0.0,0.0,0.0,0.18959248005238377,0.22073596630000525,-0.061212894410827355,-0.027661248408501385
219.0,3.0,0.0,0.0,0.0,0.0,0.0,0.0,0.0,0.0,0.0,0.0,0.0,0.0,0.18955647173385992,0.22069104748784515,-0.06127364886905508,-0.027690665435882555
219.0,3.5,0.0,0.0,0.0,0.0,0.0,0.0,0.0,0.0,0.0,0.0,0.0,0.0,0.189520575637592,0.22064627335618883,-0.06133428550511063,-0.02772002481486169
219.0,4.0,0.0,0.0,0.0,0.0,0.0,0.0,0.0,0.0,0.0,0.0,0.0,0.0,0.18948479110580713,0.22060164318624234,-0.06139480485961294,-0.027749326712635046
219.0,4.5,0.0,0.0,0.0,0.0,0.0,0.0,0.0,0.0,0.0,0.0,0.0,0.0,0.18944911748626722,0.22055715626128927,-0.06145520746944224,-0.02777857129760567
219.0,5.0,0.0,0.0,0.0,0.0,0.0,0.0,0.0,0.0,0.0,0.0,0.0,0.0,0.18941355413220998,0.22051281186676777,-0.06151549386777229,-0.02780775873931942
219.0,5.5,0.0,0.0,0.0,0.0,0.0,0.0,0.0,0.0,0.0,0.0,0.0,0.0,0.18937810040229033,0.2204686092903439,-0.06157566458410256,-0.027836889208402996
219,6.0,3.896094974558807,3.4083059591548093,0.5398814233652733,0.7581992671701748,23.018822619024284,23.026705794231525,False,False,0.04433043762730028,0.06225559616035293,0.0,0.0,0.1893427556605227,0.2204245478219817,-0.06163572014429021,-0.027865962876503596
219,6.5,7.562988260811576,6.851110426671186,1.073388747763839,0.8373677151300633,22.820309763786987,18.662874505835255,False,False,0.08484825804181315,0.06594544205383288,0.0,0.0,0.1892387206817091,0.22028400730817244,-0.06181289528441498,-0.02795893964946342
219,7.0,10.14748549682442,7.877576786148396,1.527429354189127,0.8767383095157281,22.445864714668716,15.844665339787728,False,False,0.11091448943579335,0.06357703971491993,0.0,0.0,0.1890668071096097,0.22013351783353216,-0.06210700174300043,-0.028058908416869092
219,7.5,11.371142622116446,7.57733179789458,1.8849321396524787,0.8644190082769144,21.835247521996436,14.14344211010292,False,False,0.11928478016312147,0.05482262681491402,0.0,0.0,0.18883714098933616,0.21997815024983264,-0.06250251599845975,-0.028162564812388137
219,8.0,11.871488335940438,7.273746197357199,2.144551799266564,0.8956957267534494,21.286404037823438,13.49310212818529,False,False,0.12018377523848164,0.050510620318707344,0.0,0.0,0.18856202378936981,0.21982449085070455,-0.06298026053869525,-0.028265530625076685
219,8.5,12.070482087600093,7.103663764223709,2.262954777768238,0.9001926735855672,20.98412247900979,13.25993636222142,False,False,0.12060471576045556,0.04854772898725933,0.0,0.0,0.1882539284192256,0.21966698338580645,-0.06352044629377643,-0.02837154086417675
219,9.0,11.585101504112234,6.456490606527226,2.3720456875400457,0.9068567827540495,20.404359442364317,12.936485603793411,False,True,0.1116036710267446,0.043258751797936104,0.0,0.0,0.18793084990917147,0.2195090397936341,-0.06409284253696156,-0.02847832067198914
219,9.5,10.046755214000683,5.425697693297661,2.3560809389641366,0.9070762445880209,19.55325647443584,12.970319546986417,False,True,0.09221914016157876,0.036414096849605115,0.0,0.0,0.1875939743220559,0.2193503832297691,-0.06469624031056277,-0.028586064919192643
219,10.0,8.629836638754472,4.619775277742257,2.2630520961550897,0.9072398411557857,18.821268515415582,13.067575523983251,True,True,0.07584955255294912,0.031126779676024584,0.0,0.0,0.18725923725387164,0.21919183428213257,-0.06530252358529363,-0.028694221628773824
219,10.5,6.765191800786702,3.881476775467818,1.9973248671719306,0.9114226507904951,18.08300366884158,13.697053477568165,True,True,0.0570728727095795,0.026750480876101015,0.0,0.0,0.1869364586067078,0.2190333994036502,-0.0658935690728872,-0.028802787919558953
219,11.0,4.8194433018262455,3.227875075739143,1.5782131730033726,0.9079254341822742,17.45422568313915,14.766045479577807,True,True,0.039307334636272256,0.023346349796854217,0.0,0.0,0.1866476452318442,0.2188745657538306,-0.06642783016842393,-0.028912119089884
219,11.5,4.377822883655957,3.129605425082529,1.4367684149733586,0.9044800689123286,17.395665000080278,15.194647816262783,True,True,0.035572065990733814,0.023039970448734425,0.0,0.0,0.18641234275854854,0.21871631136389694,-0.06686692283857042,-0.02902154365325044
219,12.0,4.463518004912276,3.236318124957707,1.427431940361592,0.914655789651621,17.51847270490927,15.351102709707499,True,True,0.03649170924710315,0.024042541569543587,0.0,0.0,0.18619516673932943,0.21855862897529035,-0.06727526213393353,-0.02913106382726495
219,12.5,3.820962991265115,3.0191651546547433,1.2590011815261453,0.9043954954836664,17.32933282369509,15.867298266753615,True,True,0.030931831035135283,0.022923226950665475,0.0,0.0,0.18597928167617822,0.21839978216885556,-0.06768412218288047,-0.029241891033573785
219,13.0,3.5832056395454135,2.9524414100257474,1.1890998712231617,0.9078087932873053,17.260120549811127,16.129014880721364,True,True,0.028901542638027744,0.022765836181819685,0.0,0.0,0.18578496083053178,0.2182423745214021,-0.0680546762322607,-0.02935221005292377
219,13.5,3.0164313758028833,2.7478382799660546,1.0279451190994964,0.9014031742452576,17.052777272369536,16.58091825053354,True,True,0.024068406526695216,0.021683502875249182,0.0,0.0,0.1855996477580985,0.2180846629320583,-0.06841030694532899,-0.02946323977052427
219,14.0,3.2942570027452254,2.8282583144112445,1.1135305531849369,0.9067849403808965,17.058425323778643,16.177541728088265,True,True,0.026294228243628218,0.021931521323110548,0.0,0.0,0.18543497058178748,0.2179278980202873,-0.06872819518255159,-0.029574099284593258
219,14.5,3.2009283861667885,2.8317943530199847,1.067859565710174,0.906499736230898,17.112327317010674,16.43117559912677,True,True,0.025621287303387308,0.02229047860764366,0.0,0.0,0.18525948595892688,0.2177705770586344,-0.06906888485111173,-0.02968585202278582
219,15.0,3.0909081917365966,2.8479707296943353,1.0113699472400692,0.9125066601618181,17.183544246413227,16.730843429503444,True,True,0.024827501455375236,0.02288004542130903,0.0,0.0,0.1850899197125447,0.21761342158106808,-0.06939999765167344,-0.029797989918084498
219,15.5,3.2513176259465855,2.9396398081392325,1.0334461447620928,0.9079551358446385,17.330526842899484,16.654617600235557,True,False,0.02631297546088285,0.02358420604558881,0.0,0.0,0.18492764994672722,0.21745562914450234,-0.06971863498456551,-0.029911090463813576
219,16.0,3.081580766576245,2.8667364227646654,0.9837241480841452,0.9076306889264563,17.25518508024693,16.692563021316698,False,False,0.02484330821798971,0.023291063162211474,0.0,0.0,0.1847626642606969,0.2172985446258534,-0.07004439409306742,-0.030024192002054553
219,16.5,3.2416892804387976,2.995598364622434,0.9648065822179155,0.9076006089431966,17.61980831156626,16.956655080895807,False,False,0.02662861246578453,0.025319308875896278,0.0,0.0,0.1846041115628833,0.2171416287453216,-0.07035916170528747,-0.03013768121913781
219,17.0,3.819948215242196,3.2554621113788618,1.108895949942857,0.9026483928557452,17.73736100711057,16.029591738053945,False,False,0.031567795144707506,0.025931338988715552,0.0,0.0,0.18444806582749695,0.21698484338330024,-0.07067059930844476,-0.030251586888469625
219,17.5,3.4461933895569974,3.217010249558141,0.9124813067166166,0.8864412364310702,18.25623600790368,17.02884376100991,False,False,0.029248194003132253,0.028570046635014217,0.0,0.0,0.18427375409956237,0.21682881517756583,-0.07102043661522982,-0.030365452070529115
219,18.0,3.5938825438481468,3.461861533030246,0.8466301349150277,0.890705157469275,18.932635806256343,17.434529191753665,False,False,0.031643557159890444,0.033388720356917465,0.0,0.0,0.18412456723130213,0.21667497777657924,-0.07132148894586131,-0.030478218748763185
219,18.5,1.9288710447950537,2.3538777572347964,0.4243933247887658,0.8294629939834802,19.314408228768514,20.10080714971921,False,False,0.017350012160967727,0.03393779694884927,0.0,0.0,0.18398386663684693,0.2165207218976401,-0.07160681055303907,-0.03059179353791494
219,19.0,0.9921272752002097,1.806187718498005,0.2006559385511549,0.8064183881955268,9.895037408381421,14.546303090642567,False,False,0.00917074458449146,0.03671990998820769,0.0,0.0,0.18389706701667327,0.21637439457104976,-0.07178350666149533,-0.030699997073680516
219.0,19.5,0.0,0.0,0.0,0.0,0.0,0.0,0.0,0.0,0.0,0.0,0.0,0.0,0.1838388725252712,0.21623112758650967,-0.07190226286077424,-0.03080637967712386
219.0,20.0,0.0,0.0,0.0,0.0,0.0,0.0,0.0,0.0,0.0,0.0,0.0,0.0,0.18380634132275944,0.21619074786284326,-0.07196875055927554,-0.030836442862574833
219.0,20.5,0.0,0.0,0.0,0.0,0.0,0.0,0.0,0.0,0.0,0.0,0.0,0.0,0.18377390276092082,0.21615049067488812,-0.07203512187045448,-0.03086644962151611
219.0,21.0,0.0,0.0,0.0,0.0,0.0,0.0,0.0,0.0,0.0,0.0,0.0,0.0,0.18374155634097097,0.2161103554422295,-0.07210137728492008,-0.030896400116568263
219.0,21.5,0.0,0.0,0.0,0.0,0.0,0.0,0.0,0.0,0.0,0.0,0.0,0.0,0.18370930156800971,0.21607034158641777,-0.07216751729011167,-0.030926294511067605
219.0,22.0,0.0,0.0,0.0,0.0,0.0,0.0,0.0,0.0,0.0,0.0,0.0,0.0,0.1836771379509819,0.21603044853100908,-0.07223354237032577,-0.0309561329690233
219.0,22.5,0.0,0.0,0.0,0.0,0.0,0.0,0.0,0.0,0.0,0.0,0.0,0.0,0.18364506500263905,0.21599067570160382,-0.07229945300674229,-0.03098591565507569
219.0,23.0,0.0,0.0,0.0,0.0,0.0,0.0,0.0,0.0,0.0,0.0,0.0,0.0,0.18361308223950165,0.21595102252588289,-0.07236524967744985,-0.031015642734456454
219.0,23.5,0.0,0.0,0.0,0.0,0.0,0.0,0.0,0.0,0.0,0.0,0.0,0.0,0.18358118918182129,0.21591148843364272,-0.0724309328574724,-0.031045314372949166
219.0,24.0,0.0,0.0,0.0,0.0,0.0,0.0,0.0,0.0,0.0,0.0,0.0,0.0,0.1835493853535439,0.21587207285682825,-0.07249650301879382,-0.03107493073685158
220.0,0.5,0.0,0.0,0.0,0.0,0.0,0.0,0.0,0.0,0.0,0.0,0.0,0.0,0.1835176702822729,0.21583277522956415,-0.07256196063038382,-0.031104491992938743
220.0,1.0,0.0,0.0,0.0,0.0,0.0,0.0,0.0,0.0,0.0,0.0,0.0,0.0,0.1834860434992333,0.21579359498818482,-0.0726273061582222,-0.03113399830842719
220.0,1.5,0.0,0.0,0.0,0.0,0.0,0.0,0.0,0.0,0.0,0.0,0.0,0.0,0.18345450453923573,0.21575453157126245,-0.0726925400653242,-0.031163449850940314
220.0,2.0,0.0,0.0,0.0,0.0,0.0,0.0,0.0,0.0,0.0,0.0,0.0,0.0,0.18342305294064112,0.21571558441963357,-0.07275766281176463,-0.031192846788474757
220.0,2.5,0.0,0.0,0.0,0.0,0.0,0.0,0.0,0.0,0.0,0.0,0.0,0.0,0.18339168824532598,0.21567675297642447,-0.07282267485470212,-0.03122218928936771
220.0,3.0,0.0,0.0,0.0,0.0,0.0,0.0,0.0,0.0,0.0,0.0,0.0,0.0,0.18336040999864767,0.2156380366870749,-0.07288757664840344,-0.03125147752226512
220.0,3.5,0.0,0.0,0.0,0.0,0.0,0.0,0.0,0.0,0.0,0.0,0.0,0.0,0.18332921774941055,0.21559943499936052,-0.07295236864426677,-0.03128071165609108
220.0,4.0,0.0,0.0,0.0,0.0,0.0,0.0,0.0,0.0,0.0,0.0,0.0,0.0,0.18329811104983204,0.21556094736341413,-0.0730170512908458,-0.031309891860017834
220.0,4.5,0.0,0.0,0.0,0.0,0.0,0.0,0.0,0.0,0.0,0.0,0.0,0.0,0.1832670894555096,0.2155225732317452,-0.07308162503387257,-0.03133901830343709
220.0,5.0,0.0,0.0,0.0,0.0,0.0,0.0,0.0,0.0,0.0,0.0,0.0,0.0,0.18323615252538758,0.2154843120592588,-0.07314609031628104,-0.0313680911559317
220.0,5.5,0.0,0.0,0.0,0.0,0.0,0.0,0.0,0.0,0.0,0.0,0.0,0.0,0.18320529982172484,0.21544616330327282,-0.07321044757822963,-0.031397110587248464
220.0,6.0,0.0,0.0,0.0,0.0,0.0,0.0,0.0,0.0,0.0,0.0,0.0,0.0,0.18317453091006264,0.21540812642353419,-0.07327469725712399,-0.031426076767272014
220,6.5,2.7524886219164104,2.8259306639766737,0.0800786242648636,0.1583505389373829,15.491535420108836,16.94937867208516,False,False,0.07277243210219825,0.1501404831662384,0.0,0.0,0.1831438453591928,0.2153702008822343,-0.07333883978763944,-0.03145498986599874
220,7.0,3.8534640206189614,3.9457874856549524,0.11397489423468896,0.19885105752189963,15.506420067791225,16.794352164139124,False,False,0.10238744653095835,0.19122303627233594,0.0,0.0,0.18310303809884437,0.21531220709349777,-0.07342424357043438,-0.031499263603436065
220,7.5,5.023957489682882,5.107528364030112,0.15517132821537102,0.20632003561234186,15.487692887554475,16.339472272892294,False,False,0.13265785564368954,0.19524548760451474,0.0,0.0,0.18305799385034194,0.21524916248100584,-0.07351865239396986,-0.03154747750815283
220,8.0,6.468697023306963,6.565141373031411,0.21391379031906543,0.2502769977240187,15.495336793090695,16.212517488916653,False,False,0.17124081129735602,0.2389942490955378,0.0,0.0,0.18300778191179556,0.21518527581586602,-0.07362406277453248,-0.03159642510450691
220,8.5,12.583305565937074,12.910063520298852,0.41352011245442627,0.6871600854438833,30.93424752932735,33.58067965630591,False,False,0.3300094070925501,0.6600538743731896,0.0,0.0,0.18295016592542196,0.21511589680519344,-0.07374523848481937,-0.03164968325839542
220,9.0,17.235595947521006,17.47951997499787,0.6802435674560241,0.6758379107781917,30.663783325358136,31.957913169502483,False,False,0.43833774778788664,0.5950798470106795,0.0,0.0,0.1828671948015083,0.21499095325305917,-0.07392015790417232,-0.031745865026601226
220,9.5,17.29468830408618,16.869371592686036,1.0259881316856372,0.7634906561393937,28.04146848646411,27.09624918491967,False,False,0.31411436579290647,0.2823736472318027,0.0,0.0,0.1827503152043962,0.2148675606835217,-0.07416740245875678,-0.03184119483771732
220,10.0,15.675217649609223,12.349512796732357,1.6682162094175732,0.8588188511485123,24.030636116034458,18.285757896910688,False,False,0.19395183543788647,0.10693294736619899,0.0,0.0,0.18258945684457942,0.21473310592836653,-0.07450929188387478,-0.031945459585611485
220,10.5,14.593256535987688,10.241705595625,1.8990854856648927,0.8609607025584091,22.695514703715588,16.036840637560847,False,False,0.16365983436539655,0.07892896485228311,0.0,0.0,0.18234683759528222,0.2145866103687475,-0.07502851539515908,-0.03205952495409308
220,11.0,13.005911548979757,8.445713531058454,2.0326249761414275,0.8881900373245811,21.45026346830601,14.940710553488298,False,True,0.13397530395687415,0.06171044153655518,0.0,0.0,0.18207487765177766,0.2144399484887154,-0.07561566362655027,-0.03217420625257435
220,11.5,11.377376872486618,7.13048239716649,2.059085260278347,0.9078174548671468,20.46397689817232,14.501121262425379,False,True,0.11009768646130762,0.05100119372000797,0.0,0.0,0.1817859796195701,0.2142899228124422,-0.07624538737913669,-0.032292023937456546
220,12.0,9.593916015348828,5.839368371146864,2.005138606040459,0.8975171719759342,19.498446647818113,14.13718091960973,False,True,0.08761887331372598,0.04104720020515516,0.0,0.0,0.1814937885029248,0.21413750156901012,-0.07688865532325291,-0.032412249702201364
220,12.5,8.751569646422354,5.600380543330337,1.8379337404571268,0.9013863785977629,19.41532625718282,14.78406928277333,False,True,0.0794321720195838,0.04058649198176732,0.0,0.0,0.18120855038755743,0.21398649802774283,-0.07752286281609737,-0.032531883485183585
220,13.0,7.871318079909039,5.176053350410655,1.7132288146547499,0.8907754162119839,19.133202686933302,15.053070664952344,False,True,0.07026041220614238,0.03790841967532764,0.0,0.0,0.18094469769132962,0.2138351060335712,-0.07811507785892648,-0.03265235354734135
220,13.5,7.207775637572528,4.8964443022152935,1.6169093986754306,0.9012003512496926,18.886454552468063,15.355035882963412,False,True,0.06343274788516821,0.03655212335902307,0.0,0.0,0.18069681413962496,0.21368517034062354,-0.0786763672529717,-0.03277218901280729
220,14.0,6.793969601508762,4.734468566815927,1.5454573450660947,0.901068190323341,18.75579307428756,15.577222965676427,False,False,0.059356892733151714,0.03574102523412598,0.0,0.0,0.18046128210179171,0.21353400979500653,-0.07921414630380193,-0.032893534265618966
220,14.5,5.786276911789141,4.293903364523678,1.382741272535838,0.8996651460295815,18.423754832753183,16.055064044096902,False,False,0.04963724903932594,0.03339476775132806,0.0,0.0,0.18023493227730317,0.21338296922927938,-0.07973509188289014,-0.03301531827754491
220,15.0,5.241783448842172,4.058621854935331,1.2951385361844403,0.9031155169301295,18.16908978193017,16.16576662794259,False,False,0.0443475022048793,0.031883712830192174,0.0,0.0,0.18002939431399076,0.21323221011126042,-0.08021167850981771,-0.03313741145743274
220,15.5,5.441201385004608,4.219934245572025,1.2824410785661484,0.9004923306425932,18.38680682707968,16.211356199077684,False,False,0.04656445563827792,0.033477723457995816,0.0,0.0,0.1798350959323429,0.21308111347549794,-0.08066532742961202,-0.03326031813149187
220,16.0,5.475738924546247,4.28839797625473,1.2522832116199518,0.8914574780037906,18.526559967551766,16.20831299645011,False,False,0.04721692943606125,0.03434827968775528,0.0,0.0,0.1796424913689005,0.2129304528142036,-0.08111804188786964,-0.0333834113485658
220,16.5,5.363515369259845,4.269424497076518,1.2207389415921452,0.8923581087801024,18.493440696485752,16.101469287054435,False,False,0.046159013440481664,0.03426542114200773,0.0,0.0,0.17945380527995872,0.2127810447088588,-0.08156448449997006,-0.03350601760291117
220,17.0,4.930061953076769,4.050666403897586,1.1409988078238409,0.8861666491048704,18.3230831774858,16.026917764267615,False,False,0.04203756978548595,0.03299632824392624,0.0,0.0,0.17926921396905807,0.2126316225811196,-0.082004074347858,-0.03362917232760862
220,17.5,4.745327109975005,4.067231901987513,1.0437637564586983,0.8749638461379201,18.5952695960394,16.288400493961277,False,False,0.041015964159038666,0.034607610449111044,0.0,0.0,0.1790948588024135,0.21248308972682098,-0.08242188226056221,-0.03375212901317207
220,18.0,4.535924522324275,4.244671309438191,0.8538131854169573,0.8535471775638833,19.52325330574038,17.584625743326463,False,False,0.04128777276068916,0.04145007327651834,0.0,0.0,0.1789329688417174,0.2123360842893323,-0.08281209238414419,-0.033874349055489604
220,18.5,3.5621647353705304,3.75894401088663,0.5863629248199841,0.8202921002795784,20.316541031092974,19.430537534895613,False,False,0.03396597755162381,0.04761718478260608,0.0,0.0,0.1787953587222258,0.21219190738684324,-0.08314551147188709,-0.03399472998801316
220,19.0,1.3918092930609722,2.1072486531346675,0.20526233917005798,0.7867530470379049,10.475113790415739,15.287135379951147,False,False,0.013795170389125512,0.05279449895780167,0.0,0.0,0.17869190408611843,0.21205206716045572,-0.08339722792087947,-0.03411197725615104
220.0,19.5,0.0,0.0,0.0,0.0,0.0,0.0,0.0,0.0,0.0,0.0,0.0,0.0,0.17863708735435552,0.21191659934050858,-0.0835309710036919,-0.034226018266056125
220.0,20.0,0.0,0.0,0.0,0.0,0.0,0.0,0.0,0.0,0.0,0.0,0.0,0.0,0.17860850061489428,0.21188148763080086,-0.08360081894591197,-0.03425565048132451
220.0,20.5,0.0,0.0,0.0,0.0,0.0,0.0,0.0,0.0,0.0,0.0,0.0,0.0,0.17857998636404573,0.21184647344568397,-0.08367055910771362,-0.034285230836538706
220.0,21.0,0.0,0.0,0.0,0.0,0.0,0.0,0.0,0.0,0.0,0.0,0.0,0.0,0.1785515442525726,0.21181155633523938,-0.08374019189600583,-0.0343147594945014
220.0,21.5,0.0,0.0,0.0,0.0,0.0,0.0,0.0,0.0,0.0,0.0,0.0,0.0,0.1785231739336872,0.2117767358516928,-0.08380971771530857,-0.03434423661790961
220.0,22.0,0.0,0.0,0.0,0.0,0.0,0.0,0.0,0.0,0.0,0.0,0.0,0.0,0.17849487506302925,0.21174201154941744,-0.08387913696777126,-0.0343736623693395
220.0,22.5,0.0,0.0,0.0,0.0,0.0,0.0,0.0,0.0,0.0,0.0,0.0,0.0,0.17846664729864398,0.21170738298493724,-0.08394845005319082,-0.0344030369112311
220.0,23.0,0.0,0.0,0.0,0.0,0.0,0.0,0.0,0.0,0.0,0.0,0.0,0.0,0.17843849030096007,0.2116728497169291,-0.08401765736903032,-0.03443236040587379
220.0,23.5,0.0,0.0,0.0,0.0,0.0,0.0,0.0,0.0,0.0,0.0,0.0,0.0,0.1784104037327683,0.21163841130622488,-0.08408675931043653,-0.034461633015392144
220.0,24.0,0.0,0.0,0.0,0.0,0.0,0.0,0.0,0.0,0.0,0.0,0.0,0.0,0.17838238725920022,0.21160406731581274,-0.08415575627025787,-0.0344908549017323
221.0,0.5,0.0,0.0,0.0,0.0,0.0,0.0,0.0,0.0,0.0,0.0,0.0,0.0,0.17835444054770672,0.2115698173108383,-0.08422464863906272,-0.034520026226648445
221.0,1.0,0.0,0.0,0.0,0.0,0.0,0.0,0.0,0.0,0.0,0.0,0.0,0.0,0.17832656326803767,0.21153566085860492,-0.08429343680515579,-0.034549147151690225
221.0,1.5,0.0,0.0,0.0,0.0,0.0,0.0,0.0,0.0,0.0,0.0,0.0,0.0,0.17829875509222093,0.21150159752857398,-0.08436212115459649,-0.03457821783819017
221.0,2.0,0.0,0.0,0.0,0.0,0.0,0.0,0.0,0.0,0.0,0.0,0.0,0.0,0.17827101569454207,0.21146762689236412,-0.08443070207121567,-0.034607238447251734
221.0,2.5,0.0,0.0,0.0,0.0,0.0,0.0,0.0,0.0,0.0,0.0,0.0,0.0,0.1782433447515241,0.21143374852375105,-0.08449917993663279,-0.03463620913973743
221.0,3.0,0.0,0.0,0.0,0.0,0.0,0.0,0.0,0.0,0.0,0.0,0.0,0.0,0.17821574194190773,0.21139996199866595,-0.08456755513027238,-0.034665130076257634
221.0,3.5,0.0,0.0,0.0,0.0,0.0,0.0,0.0,0.0,0.0,0.0,0.0,0.0,0.17818820694663126,0.211366266895194,-0.08463582802938159,-0.034694001417159774
221.0,4.0,0.0,0.0,0.0,0.0,0.0,0.0,0.0,0.0,0.0,0.0,0.0,0.0,0.17816073944881136,0.21133266279357255,-0.08470399900904604,-0.03472282332251757
221.0,4.5,0.0,0.0,0.0,0.0,0.0,0.0,0.0,0.0,0.0,0.0,0.0,0.0,0.1781333391337236,0.21129914927618884,-0.08477206844220644,-0.03475159595212088
221.0,5.0,0.0,0.0,0.0,0.0,0.0,0.0,0.0,0.0,0.0,0.0,0.0,0.0,0.17810600568878324,0.2112657259275774,-0.08484003669967524,-0.03478031946546574
221.0,5.5,0.0,0.0,0.0,0.0,0.0,0.0,0.0,0.0,0.0,0.0,0.0,0.0,0.17807873880352654,0.21123239233441699,-0.08490790415015209,-0.034808994021745025
221.0,6.0,0.0,0.0,0.0,0.0,0.0,0.0,0.0,0.0,0.0,0.0,0.0,0.0,0.17805153816959196,0.21119914808552742,-0.08497567116024013,-0.03483761977983892
221,6.5,2.145269067415881,2.214411726672104,0.05325994371014513,0.15824021014312745,15.507140327920363,17.439452878465367,False,False,0.057014021307888435,0.17377453841998006,0.0,0.0,0.1780244034807015,0.21116599277186618,-0.08504333809446214,-0.034866196898306126
221,7.0,3.0498080822820857,3.1319803392764998,0.07679857927507236,0.16936709276567283,15.506011512187376,17.10328035482446,False,False,0.08102306085040062,0.1851591124181773,0.0,0.0,0.17799054736957173,0.21111276099550502,-0.08512785657380932,-0.034912136696941494
221,7.5,4.223792563573663,4.328305516340644,0.10803040557244084,0.21129977182630802,15.528741509393258,16.982445308787003,False,False,0.11307026464988132,0.2365380166567432,0.0,0.0,0.17795375700317229,0.21105819941301882,-0.08521981362768939,-0.03495929900289411
221,8.0,5.034217695980844,5.153378531306552,0.1317340875044034,0.23936165534067366,15.52471284320339,16.898990777226505,False,False,0.1345827407951526,0.2685688284510514,0.0,0.0,0.17791305171663,0.21099838195334814,-0.08532169392572427,-0.03501109167731176
221,8.5,6.333326105965318,6.437755514733399,0.1719333979069783,0.23124348841545966,15.535347436461056,16.44910992524572,False,False,0.16991992646198117,0.2601780950352687,0.0,0.0,0.17786939054423906,0.21093507581029075,-0.08543113379223657,-0.03506600462145866
221,9.0,13.404165758265162,13.726864622494942,0.400920039357996,0.658454319742726,15.525662715693802,16.938678767753075,False,False,0.3584559898268178,0.7822372894353274,0.0,0.0,0.1778206711059572,0.21087289111041094,-0.08555345006882256,-0.03512004474155315
221,9.5,17.473907446586676,17.846759306024403,0.5687701632500618,0.717692433295024,30.823028803255127,32.96321245524348,False,False,0.4546195588054336,0.7637973670733116,0.0,0.0,0.17774283541185498,0.21075635227027026,-0.08574929962885074,-0.03522158749688436
221,10.0,17.139940021059992,16.62075821325911,1.02322127441429,0.8026753438692922,27.163844862343584,26.185044599145733,False,False,0.27939168346263993,0.2536774264687979,0.0,0.0,0.17764367396656797,0.2106323506852611,-0.08599958321044544,-0.03533001706808789
221,10.5,16.00768764301333,13.651541496148704,1.4157015012553325,0.8460172738045267,24.444582468137583,20.231406441289185,False,False,0.20417667998831762,0.13211575793380825,0.0,0.0,0.177486664117234,0.21049760523297054,-0.08639765877384407,-0.03544829251685303
221,11.0,14.948189234845085,11.646927112026425,1.6267354372085046,0.8750334740945792,23.025907416569453,17.807145490518494,False,False,0.17116824255379032,0.09808235334146698,0.0,0.0,0.1772797026980392,0.2103574219509146,-0.08692573872386036,-0.03557184218988148
221,11.5,13.939361093916727,10.118632940052564,1.737385669860262,0.867593181886323,22.097863264416187,16.410379380668417,False,False,0.14960799555592189,0.07910664166968884,0.0,0.0,0.17704591162913436,0.21021362602052893,-0.08752690983862951,-0.035699109293617776
221,12.0,13.046272022358767,9.203232583614842,1.7566024687233717,0.8756184937036323,21.584041235466188,16.2620288917212,False,False,0.1353519388844914,0.07164579580805178,0.0,0.0,0.17679808280109252,0.21007086281052045,-0.08816959470838352,-0.035825999427710746
221,12.5,12.450666114659192,8.519574635941257,1.811384558310218,0.8848016968331192,21.026652606653045,15.635683849722511,False,False,0.12462020986766159,0.06436513396269955,0.0,0.0,0.1765478675485731,0.20992716111458454,-0.08882418049783022,-0.035954266768777755
221,13.0,11.91936851280654,7.9141002222747625,1.850573132988989,0.8816618012238115,20.553376829691963,15.045201385278673,False,False,0.1158404046546308,0.0581757853377451,0.0,0.0,0.17629073340666554,0.20978237300055486,-0.08950290852066443,-0.03608405761156178
221,13.5,11.117281691440052,7.202764849457278,1.8659077152700916,0.8877166214161877,19.98337622730046,14.56729624713101,False,False,0.10438110890316805,0.05204345457332463,0.0,0.0,0.17602866722149305,0.20963806845880553,-0.09020102313382715,-0.036213970798607054
221,14.0,10.367510759664722,6.614814721111525,1.8580215227645454,0.8835727085549664,19.5014838148471,14.199426416561241,False,False,0.09461982691860907,0.046945350434270366,0.0,0.0,0.17576470849667702,0.20949307540700968,-0.09091074751595674,-0.03634506549898281
221,14.5,9.876486823489532,6.4023636203836265,1.7905312848910275,0.8828888904365706,19.37097761605436,14.311898982232531,False,False,0.08943240575258135,0.04589027573901646,0.0,0.0,0.17550181604496676,0.20934869312643076,-0.09162422806932582,-0.03647617022015576
221,15.0,9.240933870910652,6.0157525809974,1.7569329225372223,0.8900325194777603,19.0052969447303,14.126298084773149,False,False,0.08195385266606645,0.04302636183093407,0.0,0.0,0.17524758510248517,0.20920448031816233,-0.09232055593382857,-0.03660768392482946
221,15.5,9.041050818468428,6.106290337665028,1.6548126333321158,0.8810458793396893,19.179278887838358,14.461844205893385,False,False,0.08093508939580674,0.04446045702570735,0.0,0.0,0.17499769646135058,0.2090594391417035,-0.09301114360442136,-0.03674052328740648
221,16.0,8.891675326915784,6.240301580146266,1.5603594381062387,0.8798655716558126,19.364296970011864,14.762905756676556,False,False,0.0803960343837031,0.04647865468942534,0.0,0.0,0.17476088179172808,0.2089156247573913,-0.09367128772157858,-0.0368728065179201
221,16.5,8.90497388067164,6.4952056380783425,1.485037293751035,0.8831972742509844,19.61308327930353,14.98566538058429,False,False,0.08164896740017386,0.04954709642189985,0.0,0.0,0.17453616378625947,0.20877204201994956,-0.09430287937227283,-0.03700544317010641
221,17.0,8.427322940207667,6.47856376052568,1.354773573766187,0.8733805878110446,19.77658912915553,15.427066658634688,False,False,0.07798566581697439,0.051083026021609704,0.0,0.0,0.17432110425534517,0.20862811559097852,-0.09491208200683335,-0.037138968216354894
221,17.5,7.97669038277884,6.577128728904594,1.1915348021567307,0.8699831377098607,20.19107469819608,16.20734165398386,False,False,0.07549167006184787,0.055715385639599095,0.0,0.0,0.17412270429235532,0.20848552064818124,-0.09547825523669948,-0.03727182448417309
221,18.0,7.019172516720202,6.289306822973137,0.9804078701994895,0.8557435927840561,20.549043994415214,17.24170378033034,False,False,0.06787518341512824,0.05965011084631728,0.0,0.0,0.17394516573699012,0.20834343881439504,-0.09598831084949205,-0.03740476627859412
221,18.5,5.5392884023301825,5.556326518920541,0.6787737038000019,0.8227991225945879,21.319831533338068,19.429654583943588,False,False,0.05619782171620438,0.06835592689696995,0.0,0.0,0.17379459084965307,0.208203251374145,-0.09642344775921408,-0.037536489632549006
221,19.0,2.5814934996201417,3.1646854292429873,0.27726363257234893,0.7410999487905986,11.040598891752179,15.02204282317717,False,False,0.027526647381104132,0.07351208890733492,0.0,0.0,0.17368251295982517,0.20806734159647888,-0.09674886087499551,-0.03766472157666232
221.0,19.5,0.0,0.0,0.0,0.0,0.0,0.0,0.0,0.0,0.0,0.0,0.0,0.0,0.17362165927443216,0.20794192207955234,-0.09692609488315893,-0.03778351919127944
221.0,20.0,0.0,0.0,0.0,0.0,0.0,0.0,0.0,0.0,0.0,0.0,0.0,0.0,0.1735961964671564,0.2079110217544326,-0.09700036910606574,-0.03781285655254885
221.0,20.5,0.0,0.0,0.0,0.0,0.0,0.0,0.0,0.0,0.0,0.0,0.0,0.0,0.17357079180581395,0.20788019984356418,-0.09707454131077962,-0.037842146507430584
221.0,21.0,0.0,0.0,0.0,0.0,0.0,0.0,0.0,0.0,0.0,0.0,0.0,0.0,0.1735454450373214,0.20784945600323007,-0.09714861184480038,-0.03787138920570621
221.0,21.5,0.0,0.0,0.0,0.0,0.0,0.0,0.0,0.0,0.0,0.0,0.0,0.0,0.17352015591020586,0.20781878989150845,-0.09722258105376906,-0.037900584796768416
221.0,22.0,0.0,0.0,0.0,0.0,0.0,0.0,0.0,0.0,0.0,0.0,0.0,0.0,0.17349492417459159,0.20778820116826652,-0.09729644928148135,-0.03792973342961681
221.0,22.5,0.0,0.0,0.0,0.0,0.0,0.0,0.0,0.0,0.0,0.0,0.0,0.0,0.17346974958218686,0.20775768949515472,-0.09737021686990008,-0.03795883525285285
221.0,23.0,0.0,0.0,0.0,0.0,0.0,0.0,0.0,0.0,0.0,0.0,0.0,0.0,0.17344463188627068,0.20772725453560062,-0.0974438841591691,-0.03798789041467565
221.0,23.5,0.0,0.0,0.0,0.0,0.0,0.0,0.0,0.0,0.0,0.0,0.0,0.0,0.17341957084167994,0.2076968959548027,-0.09751745148762585,-0.03801689906287778
221.0,24.0,0.0,0.0,0.0,0.0,0.0,0.0,0.0,0.0,0.0,0.0,0.0,0.0,0.17339456620479662,0.20766661341972398,-0.09759091919181385,-0.038045861344841246
222.0,0.5,0.0,0.0,0.0,0.0,0.0,0.0,0.0,0.0,0.0,0.0,0.0,0.0,0.17336961773353485,0.20763640659908575,-0.09766428760649656,-0.03807477740753345
222.0,1.0,0.0,0.0,0.0,0.0,0.0,0.0,0.0,0.0,0.0,0.0,0.0,0.0,0.1733447251873287,0.20760627516336086,-0.0977375570646684,-0.03810364739750355
222.0,1.5,0.0,0.0,0.0,0.0,0.0,0.0,0.0,0.0,0.0,0.0,0.0,0.0,0.17331988832711948,0.2075762187847672,-0.09781072789756844,-0.03813247146087899
222.0,2.0,0.0,0.0,0.0,0.0,0.0,0.0,0.0,0.0,0.0,0.0,0.0,0.0,0.17329510691534328,0.20754623713726106,-0.0978838004346928,-0.038161249743361776
222.0,2.5,0.0,0.0,0.0,0.0,0.0,0.0,0.0,0.0,0.0,0.0,0.0,0.0,0.1732703807159191,0.20751632989653002,-0.09795677500380622,-0.038189982390225655
222.0,3.0,0.0,0.0,0.0,0.0,0.0,0.0,0.0,0.0,0.0,0.0,0.0,0.0,0.17324570949423662,0.2074864967399864,-0.09802965193095468,-0.03821866954631259
222.0,3.5,0.0,0.0,0.0,0.0,0.0,0.0,0.0,0.0,0.0,0.0,0.0,0.0,0.17322109301714417,0.20745673734676023,-0.0981024315404776,-0.038247311356029844
222.0,4.0,0.0,0.0,0.0,0.0,0.0,0.0,0.0,0.0,0.0,0.0,0.0,0.0,0.1731965310529369,0.207427051397692,-0.09817511415501959,-0.038275907963347344
222.0,4.5,0.0,0.0,0.0,0.0,0.0,0.0,0.0,0.0,0.0,0.0,0.0,0.0,0.17317202337134516,0.2073974385753259,-0.0982477000955423,-0.03830445951179447
222.0,5.0,0.0,0.0,0.0,0.0,0.0,0.0,0.0,0.0,0.0,0.0,0.0,0.0,0.17314756974352288,0.2073678985639022,-0.09832018968133616,-0.03833296614445807
222.0,5.5,0.0,0.0,0.0,0.0,0.0,0.0,0.0,0.0,0.0,0.0,0.0,0.0,0.17312316994203586,0.20733843104935037,-0.09839258323003278,-0.0383614280039796
222.0,6.0,0.0,0.0,0.0,0.0,0.0,0.0,0.0,0.0,0.0,0.0,0.0,0.0,0.1730988237408507,0.2073090357192816,-0.09846488105761511,-0.038389845232552816
222,6.5,2.0834839512979775,2.1734927402508943,0.07832343528164704,0.16571096977406663,14.155984445079644,16.329026815868957,False,False,0.0381491652270197,0.08132712209665097,0.0,0.0,0.1730745309153233,0.20727971226298153,-0.09853708347843022,-0.03841821797192159
222,7.0,3.1482857794302266,3.2447120257142763,0.12289467173020859,0.19003507856818994,14.076334861484767,15.543352835308816,False,False,0.05660804552828593,0.088990582576517,0.0,0.0,0.17304031026852998,0.2072293433606615,-0.09863890012682645,-0.0384670121663478
222,7.5,4.655107528818993,4.738635155106423,0.19105291845063277,0.233036790231647,13.987849760499126,14.79242114612436,False,False,0.08206017267346422,0.10370321442428124,0.0,0.0,0.17300046271534214,0.20717594602669612,-0.09875761650701216,-0.03851882076673985
222,8.0,5.7021038634140915,5.761424159675955,0.25911118623233587,0.2776654132655805,13.757678167382556,14.177691647582945,False,False,0.09563797287754632,0.10873650626623149,0.0,0.0,0.17295198227675762,0.20711713981640054,-0.09890228216801365,-0.03857597354028145
222,8.5,11.812944847285369,11.985211985760872,0.6302969377484384,0.7237125518177708,26.470078649002946,27.582365007924498,False,False,0.17846345896168275,0.21343134671836964,0.0,0.0,0.1728948814741742,0.20705271710392234,-0.09907299495517137,-0.038638700912956216
222,9.0,14.964110862438055,14.572155188075943,0.9275296532290751,0.7989472035946279,25.68926304267994,24.351382528157657,False,False,0.2104632502343627,0.19207432135857205,0.0,0.0,0.17279053170961275,0.2069315237067029,-0.09938587467385886,-0.038757034678050716
222,9.5,15.798913229497028,14.267642745005798,1.2202233934044686,0.8202332981800345,24.501645130167034,21.382593928174927,False,False,0.2027537192458581,0.14950305583182813,0.0,0.0,0.17264835680803584,0.20680081299283087,-0.09981406523892845,-0.03888514552106473
222,10.0,15.633882167659518,13.58461254690269,1.325703728294302,0.8360017924814889,23.868281361035557,20.140261506883835,False,False,0.19081859928252157,0.13120025407131392,0.0,0.0,0.1724689349684927,0.20666745947848936,-0.10035757447686458,-0.03901636689956959
222,10.5,15.228746617815917,12.567987043700718,1.4625794514714985,0.8536866533784657,23.051272869878915,18.660147630561774,False,False,0.17505296461268527,0.11138634794392084,0.0,0.0,0.1722761231030907,0.20653216598983046,-0.10094558070402333,-0.0391500367696484
222,11.0,14.389218018885689,11.170944158322683,1.5822217295353689,0.8591294410305337,22.136570563720568,17.228663305833805,False,False,0.15513508400535708,0.09126084797291795,0.0,0.0,0.17206592019736772,0.20639468802366706,-0.10159130659903713,-0.03928642420597214
222,11.5,13.760764038749098,10.299651153310704,1.626636396618958,0.8528227421743498,21.640071612817536,16.604114563778616,False,False,0.14353436137564604,0.08151432221796284,0.0,0.0,0.1718405221459206,0.20625658532802854,-0.10228918653641582,-0.03942400177431362
222,12.0,12.636292482861858,9.065484931808012,1.686492822791227,0.8760839660670405,20.780351607671275,15.948698636024826,False,False,0.12470855786322416,0.06953233253895054,0.0,0.0,0.17160951520281417,0.2061193548809958,-0.10301036803669886,-0.039561279391670694
222,12.5,11.800383648602569,8.228643962585675,1.7075313105021388,0.8822979929669164,20.167402629735218,15.442470324263901,False,False,0.11211140395879524,0.06150177940871436,0.0,0.0,0.1713709313728378,0.20597922846976607,-0.10376157262857288,-0.039702042073168776
222,13.0,10.733970281098998,7.173031452255919,1.7518086313147345,0.8763098515428783,19.384478542160423,14.69312123592816,False,False,0.09747117930477944,0.051936108028597515,0.0,0.0,0.17112971712652264,0.2058383781778867,-0.1045277042850063,-0.039844133713510824
222,13.5,9.876744818979176,6.567530763738162,1.7452517782830756,0.8986707588405943,18.793730281364233,14.40412365081507,False,False,0.0867055652044085,0.04711728773979637,0.0,0.0,0.17088291086828017,0.20569835867510392,-0.10531858350076473,-0.03998598820782711
222,14.0,9.023551426958157,6.025851415643555,1.6786295453357696,0.8957735992025732,18.376432679522797,14.307149068775901,False,False,0.07734507051047397,0.043083699582070395,0.0,0.0,0.17063699033348323,0.20555555707824333,-0.10611372603581672,-0.04013128148713567
222,14.5,8.389317458798878,5.654054300307547,1.6209280285384815,0.8905419547881315,18.075931894486104,14.199690144980085,False,False,0.07073102582098872,0.040370837916751695,0.0,0.0,0.17039960961704662,0.2054131918099633,-0.10688804991781532,-0.04027675740043474
222,15.0,7.743021907510574,5.241950634197698,1.5699871947556507,0.8795193416182708,17.722826195881872,13.978576090854505,False,False,0.06406309811697732,0.03712676237706907,0.0,0.0,0.17016963172460187,0.20527156007861708,-0.10764465502426322,-0.040422107651532785
222,15.5,6.840418760110842,4.864509455444068,1.4585052420000655,0.8910330261752085,17.354737106803178,14.197886198845154,False,False,0.05551679714547681,0.034946872070478356,0.0,0.0,0.16994619492202784,0.20513139956358972,-0.10838585970186848,-0.040566563742223026
222,16.0,6.591744049066481,4.799752463560475,1.408867198735241,0.8968581607965448,17.260162727942223,14.167218617293539,False,False,0.05322093855583754,0.03464670308691545,0.0,0.0,0.16973701393260643,0.20498983812337418,-0.10908529117348535,-0.04071308846985023
222,16.5,5.886777137980324,4.433751775622751,1.3209045090699363,0.8916551802846159,16.907412542248593,14.087617793093765,False,False,0.04668617866834737,0.03210184738527068,0.0,0.0,0.16953420761552154,0.20484760038907987,-0.10976854817827525,-0.04086094874909312
222,17.0,5.671954949883796,4.432893237247396,1.2354374473803627,0.8843798517278749,17.009831845820955,14.208603982762291,False,False,0.045194661733934424,0.03271306039031649,0.0,0.0,0.16934265958939657,0.20470609142909024,-0.1104185630035531,-0.041008686785731455
222,17.5,5.427070259541441,4.581104004259744,1.0940593114652282,0.8780663008498114,17.420069192249848,14.873108638900325,False,False,0.04414089913025497,0.035710883382501085,0.0,0.0,0.16916205163268588,0.20456557505501266,-0.11103565777583968,-0.04115601873529836
222,18.0,4.777127238500726,4.491270878670715,0.8942895242658271,0.8710090881091698,17.825775766159445,15.878488024846137,False,False,0.03963375585412598,0.03875128640046461,0.0,0.0,0.1689995084538527,0.20442592843292695,-0.11159454546157135,-0.0413030639958707
222,18.5,3.800419996525565,4.149526220512714,0.607252287501792,0.8393701297475011,18.75066602080805,18.102777780921407,False,False,0.03312842442573243,0.04586131628101438,0.0,0.0,0.16886247086935796,0.20428724605938245,-0.11206834048824466,-0.041449713837490895
222,19.0,1.3688002713791334,2.181599159186173,0.19386486625214858,0.7741493755144335,9.721849227411896,14.956235291144594,False,False,0.012402900542354786,0.049406506728430374,0.0,0.0,0.16876205942025962,0.2041526601859232,-0.1124170258914948,-0.04159262537681506
222.0,19.5,0.0,0.0,0.0,0.0,0.0,0.0,0.0,0.0,0.0,0.0,0.0,0.0,0.16871437507058828,0.2040264499671081,-0.11258306555971914,-0.041727176844089296
222.0,20.0,0.0,0.0,0.0,0.0,0.0,0.0,0.0,0.0,0.0,0.0,0.0,0.0,0.16869144325830307,0.20399895588726716,-0.11266301949986084,-0.04175655676732048
222.0,20.5,0.0,0.0,0.0,0.0,0.0,0.0,0.0,0.0,0.0,0.0,0.0,0.0,0.16866855905326664,0.2039715256695149,-0.11274287490489115,-0.04178589301269036
222.0,21.0,0.0,0.0,0.0,0.0,0.0,0.0,0.0,0.0,0.0,0.0,0.0,0.0,0.16864572226668648,0.20394415905095672,-0.11282263207976082,-0.041815185714101026
222.0,21.5,0.0,0.0,0.0,0.0,0.0,0.0,0.0,0.0,0.0,0.0,0.0,0.0,0.16862293271086767,0.20391685577008262,-0.11290229132792774,-0.041844435005002296
222.0,22.0,0.0,0.0,0.0,0.0,0.0,0.0,0.0,0.0,0.0,0.0,0.0,0.0,0.1686001901992047,0.20388961556676075,-0.11298185295136691,-0.041873641018390646
222.0,22.5,0.0,0.0,0.0,0.0,0.0,0.0,0.0,0.0,0.0,0.0,0.0,0.0,0.16857749454617307,0.20386243818223004,-0.11306131725057982,-0.04190280388680932
222.0,23.0,0.0,0.0,0.0,0.0,0.0,0.0,0.0,0.0,0.0,0.0,0.0,0.0,0.1685548455673211,0.20383532335909385,-0.11314068452460495,-0.04193192374234714
222.0,23.5,0.0,0.0,0.0,0.0,0.0,0.0,0.0,0.0,0.0,0.0,0.0,0.0,0.16853224307926185,0.20380827084131248,-0.11321995507102649,-0.041961000716638636
222.0,24.0,0.0,0.0,0.0,0.0,0.0,0.0,0.0,0.0,0.0,0.0,0.0,0.0,0.16850968689966503,0.20378128037419685,-0.1132991291859846,-0.04199003494086321
223.0,0.5,0.0,0.0,0.0,0.0,0.0,0.0,0.0,0.0,0.0,0.0,0.0,0.0,0.16848717684724904,0.2037543517044013,-0.11337820716418448,-0.042019026545745054
223.0,1.0,0.0,0.0,0.0,0.0,0.0,0.0,0.0,0.0,0.0,0.0,0.0,0.0,0.16846471274177308,0.20372748457991668,-0.11345718929890586,-0.04204797566155286
223.0,1.5,0.0,0.0,0.0,0.0,0.0,0.0,0.0,0.0,0.0,0.0,0.0,0.0,0.1684422944040293,0.20370067875006365,-0.11353607588201235,-0.04207688241809962
223.0,2.0,0.0,0.0,0.0,0.0,0.0,0.0,0.0,0.0,0.0,0.0,0.0,0.0,0.16841992165583508,0.20367393396548558,-0.11361486720396051,-0.042105746944742374
223.0,2.5,0.0,0.0,0.0,0.0,0.0,0.0,0.0,0.0,0.0,0.0,0.0,0.0,0.16839759432002535,0.2036472499781419,-0.11369356355380913,-0.04213456937038211
223.0,3.0,0.0,0.0,0.0,0.0,0.0,0.0,0.0,0.0,0.0,0.0,0.0,0.0,0.16837531222044494,0.20362062654130092,-0.11377216521922837,-0.042163349823464
223.0,3.5,0.0,0.0,0.0,0.0,0.0,0.0,0.0,0.0,0.0,0.0,0.0,0.0,0.16835307518194104,0.20359406340953318,-0.11385067248650858,-0.042192088431977026
223.0,4.0,0.0,0.0,0.0,0.0,0.0,0.0,0.0,0.0,0.0,0.0,0.0,0.0,0.1683308830303558,0.20356756033870443,-0.11392908564056953,-0.04222078532345431
223.0,4.5,0.0,0.0,0.0,0.0,0.0,0.0,0.0,0.0,0.0,0.0,0.0,0.0,0.16830873559251877,0.2035411170859689,-0.11400740496496896,-0.04224944062497309
223.0,5.0,0.0,0.0,0.0,0.0,0.0,0.0,0.0,0.0,0.0,0.0,0.0,0.0,0.16828663269623984,0.2035147334097624,-0.11408563074191147,-0.04227805446315483
223.0,5.5,0.0,0.0,0.0,0.0,0.0,0.0,0.0,0.0,0.0,0.0,0.0,0.0,0.16826457417030158,0.20348840906979535,-0.11416376325225751,-0.04230662696416555
223,6.0,2.573360467771164,2.6404714775943194,0.056942269724583515,0.11538493334187724,15.22557476806222,16.87660366551805,False,False,0.0625103319625692,0.13417974661821286,0.0,0.0,0.1682425598444524,0.20346214382704605,-0.11424180277553156,-0.042335158253716074
223,6.5,7.83744959177581,8.123537570480684,0.1754994395373161,0.6219884956586826,30.409649562955632,34.87610180142289,False,False,0.18918317460239514,0.7485159017042302,0.0,0.0,0.16821333323726115,0.20342123362010195,-0.11434550765199414,-0.04237964368610452
223,7.0,11.750724657880795,12.18943585386545,0.34576418428034594,0.6386848262752182,29.65356764020161,33.62497734292276,False,False,0.27686757674405754,0.933563217453435,0.0,0.0,0.1681690424219374,0.20331582413217777,-0.11450287877957221,-0.04249452199923952
223,7.5,13.68096859075454,14.105547269641963,0.3985858397618356,0.670824117832741,29.952902083284883,33.02621327907407,False,False,0.30883236012865795,0.6851741041596245,0.0,0.0,0.1681030979906934,0.20320834537201135,-0.11473766648496966,-0.04261203769391803
223,8.0,14.344134857615245,14.433876392430216,0.7182573917161461,0.7441137617437545,26.33459332353739,26.954641106796004,False,False,0.21596242656635892,0.25068019162480576,0.0,0.0,0.1680304658772668,0.20309682916610483,-0.11499692907183373,-0.04273437740629226
223,8.5,13.761775986064084,12.034869467277646,1.1885011323034358,0.8368164418304622,22.648116833825625,19.453957663833307,False,False,0.15338900312160753,0.11288028335147973,0.0,0.0,0.16791714049006798,0.20297603137771783,-0.11540284313619191,-0.04286737204941802
223,9.0,13.142189552094912,10.24931127626078,1.4515765054830143,0.8670286110550065,21.015899069641662,16.474691367666516,False,False,0.13143746219664354,0.08135238748020027,0.0,0.0,0.16774393383082573,0.2028434779181851,-0.11602654627245858,-0.04301387720877512
223,9.5,12.204704134598792,8.56229324917594,1.6681530125795572,0.8827998048378315,19.608203158132646,14.41353697646842,False,False,0.11212454674410101,0.06116610252547132,0.0,0.0,0.16753724577832194,0.20270713189740502,-0.11677607701043849,-0.04316519696373555
223,10.0,11.516073393324762,7.71295675691557,1.7460723587486973,0.889476331275457,18.922063132124215,13.750505666814748,False,True,0.10175303360098537,0.05344519784368921,0.0,0.0,0.16730300164988368,0.20256883334034007,-0.11763252217888193,-0.04331933208492507
223,10.5,10.772681165125022,6.986368205143297,1.8000665002617138,0.900123912063564,18.279614493945207,13.305964778803139,False,True,0.09190481235415435,0.047406355202559265,0.0,0.0,0.16705887075211354,0.20242974097828734,-0.11853309215217858,-0.04347501379735191
223,11.0,10.181959190348705,6.49051301816359,1.8012056449204925,0.9001275029628102,17.86677184488654,13.092588580029386,False,True,0.08493167886898632,0.0436050101696691,0.0,0.0,0.16680790177954746,0.202289348542479,-0.11946746343345427,-0.043632827110485696
223,11.5,10.110868919386826,6.590253169362246,1.7455340925666418,0.8967203850331661,17.98016718080826,13.392492012885587,False,True,0.08481676586270548,0.044826893324633285,0.0,0.0,0.1665568300316637,0.20214901220122639,-0.12041101174581322,-0.04379125997792994
223,12.0,10.451735794506739,6.68833611060291,1.7808850645635819,0.8966747092439972,17.97002100896825,13.167381436168672,True,True,0.08765002284741011,0.045110014814540335,0.0,0.0,0.16631289489472104,0.202009166366922,-0.12133625605428071,-0.04394982139410736
223,12.5,9.155092626038556,6.149706315731424,1.6485633453378692,0.8937139925339163,17.673542038507897,13.717921661346853,False,True,0.07559000334035354,0.04247905062957903,0.0,0.0,0.16606449695642303,0.20186938245912248,-0.12228714591458273,-0.044108996670600475
223,13.0,7.806377818696929,5.244262364756312,1.5982535484886138,0.8970858653581484,16.84235687556354,13.42029526356351,True,True,0.06177565029203233,0.03583254775509124,0.0,0.0,0.16583300305768994,0.20173003172834086,-0.12318132862335426,-0.044268362834160996
223,13.5,7.547345009224506,5.1195503815300665,1.5709098098068717,0.9025176543980397,16.661001853828154,13.348736287394255,True,True,0.05917400065354044,0.03487479608369369,0.0,0.0,0.16560796203408537,0.20159030697498334,-0.12405806343157913,-0.044428846025381274
223,14.0,6.6745493444527,4.792210559983431,1.4320845834110094,0.90227328730715,16.442502987786746,13.801561719253229,False,True,0.051746929911765854,0.0334221716610448,0.0,0.0,0.16538644710107828,0.20144994547933215,-0.12492833158319447,-0.044590758978121696
223,14.5,6.516323585181437,4.630629099223863,1.420706969432256,0.8894043476784603,16.27951086926792,13.54432783871162,False,True,0.050117483561318885,0.031993991803392886,0.0,0.0,0.1651826645004887,0.20130967035212732,-0.12573536524675322,-0.04475327518465329
223,15.0,5.99351917663224,4.456812131750386,1.3316604220796158,0.8913924223771825,16.12883138239001,13.79556079053663,False,False,0.04576867190268928,0.03124794373025692,0.0,0.0,0.16498037307382019,0.20117109016136606,-0.12654264455358133,-0.044914521166827384
223,15.5,5.4376889152440135,4.295706055808408,1.2107799461001327,0.8907675334036835,15.992244946771098,13.871152905154482,False,False,0.04117664395656877,0.0303162189519973,0.0,0.0,0.1647894702365394,0.20103231142101397,-0.12731014553195474,-0.045076692349372435
223,16.0,5.1429416460468635,4.116590380949315,1.189396204746715,0.8944083864891,15.77682597119226,13.958945417818244,False,False,0.03863670111700653,0.029413722398087233,0.0,0.0,0.16461401252254304,0.2008936668941936,-0.12802044727539924,-0.04523940382486347
223,16.5,4.3303936411211,3.8969392871459925,0.990105161025357,0.8938365130814042,15.793675699751565,14.820935037436868,False,False,0.032484650721475224,0.029466809115382506,0.0,0.0,0.16444132063409875,0.20075461277254367,-0.1287241676521152,-0.04540329937945465
223,17.0,3.9123538138224294,3.777737632792361,0.8533782957712036,0.8868918597609605,16.037901828401516,15.647008611801379,False,False,0.029690642282099916,0.031007001341454173,0.0,0.0,0.16429406564390003,0.20061568568373184,-0.12932787565184786,-0.045567752185902505
223,17.5,3.5645222433333874,3.689652098237935,0.7830261129697039,0.8882881891782045,15.982658319565392,15.726414918523005,False,False,0.026979864024562622,0.030808314662287943,0.0,0.0,0.16416427467442218,0.20047769751819572,-0.12986278447611463,-0.04573179656366703
223,18.0,2.714115758729979,3.2729695540262798,0.5728139435360072,0.8749231443526448,16.163888931360194,16.983698097453125,False,False,0.020721820042506653,0.031746500065382946,0.0,0.0,0.16404348926580803,0.20033958515172226,-0.13036294818126934,-0.0458966936692592
223,18.5,2.231149667422768,3.0248829072473047,0.47031398675630093,0.843337394592817,16.12777560469975,17.01912287163679,False,False,0.01700497991948031,0.030484167448847008,0.0,0.0,0.16394953201769588,0.2002032294589628,-0.1307536060759324,-0.046060188849309916
223,19.0,0.0,0.3658605605037759,0.0,0.7615575082068188,0.0,17.51115259862383,False,False,0.0,0.030149093417561088,0.0,0.0,0.1638686767151456,0.2000709521478369,-0.13109090542542204,-0.04621945743074294
223.0,19.5,0.0,0.0,0.0,0.0,0.0,0.0,0.0,0.0,0.0,0.0,0.0,0.0,0.16384779477847644,0.19994914939088704,-0.13117818576479787,-0.04636669471947492
223.0,20.0,0.0,0.0,0.0,0.0,0.0,0.0,0.0,0.0,0.0,0.0,0.0,0.0,0.1638269526396276,0.19992444694002137,-0.1312653688098539,-0.0463966235952078
223.0,20.5,0.0,0.0,0.0,0.0,0.0,0.0,0.0,0.0,0.0,0.0,0.0,0.0,0.16380615015349315,0.19989979719538528,-0.13135245483635508,-0.04642651156009047
223.0,21.0,0.0,0.0,0.0,0.0,0.0,0.0,0.0,0.0,0.0,0.0,0.0,0.0,0.16378538717574448,0.19987519995402522,-0.13143944411882252,-0.046456358733808885
223.0,21.5,0.0,0.0,0.0,0.0,0.0,0.0,0.0,0.0,0.0,0.0,0.0,0.0,0.16376466356282446,0.19985065501403076,-0.13152633693054233,-0.0464861652356089
223.0,22.0,0.0,0.0,0.0,0.0,0.0,0.0,0.0,0.0,0.0,0.0,0.0,0.0,0.16374397917194256,0.1998261621745282,-0.13161313354357143,-0.04651593118429786
223.0,22.5,0.0,0.0,0.0,0.0,0.0,0.0,0.0,0.0,0.0,0.0,0.0,0.0,0.16372333386106888,0.19980172123567497,-0.13169983422874726,-0.04654565669824516
223.0,23.0,0.0,0.0,0.0,0.0,0.0,0.0,0.0,0.0,0.0,0.0,0.0,0.0,0.1637027274889294,0.199777331998654,-0.13178643925569275,-0.046575341895383
223.0,23.5,0.0,0.0,0.0,0.0,0.0,0.0,0.0,0.0,0.0,0.0,0.0,0.0,0.16368215991500024,0.19975299426566787,-0.13187294889282578,-0.04660498689320751
223.0,24.0,0.0,0.0,0.0,0.0,0.0,0.0,0.0,0.0,0.0,0.0,0.0,0.0,0.1636616309995027,0.1997287078399329,-0.1319593634073653,-0.046634591808779845
224.0,0.5,0.0,0.0,0.0,0.0,0.0,0.0,0.0,0.0,0.0,0.0,0.0,0.0,0.16364114060339802,0.19970447252567378,-0.13204568306533895,-0.046664156758726844
224.0,1.0,0.0,0.0,0.0,0.0,0.0,0.0,0.0,0.0,0.0,0.0,0.0,0.0,0.16362068858838216,0.19968028812811764,-0.13213190813159034,-0.046693681859242095
224.0,1.5,0.0,0.0,0.0,0.0,0.0,0.0,0.0,0.0,0.0,0.0,0.0,0.0,0.1636002748168808,0.1996561544534884,-0.1322180388697861,-0.04672316722608728
224.0,2.0,0.0,0.0,0.0,0.0,0.0,0.0,0.0,0.0,0.0,0.0,0.0,0.0,0.16357989915204424,0.1996320713090013,-0.132304075542423,-0.04675261297459256
224.0,2.5,0.0,0.0,0.0,0.0,0.0,0.0,0.0,0.0,0.0,0.0,0.0,0.0,0.16355956145774236,0.19960803850285705,-0.13239001841083492,-0.046782019219658376
224.0,3.0,0.0,0.0,0.0,0.0,0.0,0.0,0.0,0.0,0.0,0.0,0.0,0.0,0.16353926159855978,0.19958405584423655,-0.1324758677351998,-0.046811386075755794
224.0,3.5,0.0,0.0,0.0,0.0,0.0,0.0,0.0,0.0,0.0,0.0,0.0,0.0,0.16351899943979065,0.1995601231432949,-0.13256162377454742,-0.04684071365692821
224.0,4.0,0.0,0.0,0.0,0.0,0.0,0.0,0.0,0.0,0.0,0.0,0.0,0.0,0.1634987748474342,0.19953624021115626,-0.13264728678676455,-0.04687000207679199
224.0,4.5,0.0,0.0,0.0,0.0,0.0,0.0,0.0,0.0,0.0,0.0,0.0,0.0,0.1634785876881895,0.19951240685990812,-0.1327328570286033,-0.0468992514485377
224.0,5.0,0.0,0.0,0.0,0.0,0.0,0.0,0.0,0.0,0.0,0.0,0.0,0.0,0.16345843782945083,0.19948862290259578,-0.1328183347556875,-0.04692846188493151
224.0,5.5,0.0,0.0,0.0,0.0,0.0,0.0,0.0,0.0,0.0,0.0,0.0,0.0,0.16343832513930293,0.19946488815321706,-0.13290372022251923,-0.04695763349831574
224,6.0,2.427132149700756,2.4413998452044683,0.12752634769283813,0.1320477872749977,12.350441871602218,12.526081342675,False,False,0.03139321250224999,0.032772692977124145,0.0,0.0,0.1634182494865162,0.19944120242671656,-0.13298901368248575,-0.04698676640061082
224,6.5,6.857329588498493,7.385984278349382,0.40966523697801543,0.7237093962004661,23.882131355746054,27.820272821603517,False,False,0.08315875772364115,0.14947305079498158,0.0,0.0,0.16338195970261946,0.19940073832140986,-0.1331433600962804,-0.04703658616176758
224,7.0,9.589652173591865,9.751362822708991,0.6738994656983452,0.7695076596688137,22.904608701723816,23.434801681264446,False,False,0.10822858252186679,0.1264348914485755,0.0,0.0,0.16330975295063568,0.19928492578380966,-0.13345110258196036,-0.047179523809980355
224,7.5,10.078443981749395,9.76220978223792,0.8426732915606909,0.8001329675571109,21.775816020692876,20.632463998230982,False,False,0.10531147961750943,0.10186151616016895,0.0,0.0,0.1632039107421634,0.19916332551919358,-0.1339037311905006,-0.047330162103323775
224,8.0,11.091473359797583,9.246402065886706,1.2215643809706804,0.8683272719808154,20.010726135689126,16.83510583182841,False,False,0.104341403629458,0.07592657944018003,0.0,0.0,0.16307659773386907,0.19903787087829067,-0.13445060422927038,-0.04748617618499667
224,8.5,10.249377271857828,7.805800773268928,1.3877862706188326,0.8779650705424136,18.681680823137917,14.964991111225658,False,False,0.08933918513437833,0.05765033562892848,0.0,0.0,0.16290103796935804,0.19890377415881857,-0.1352090926393221,-0.04765361546692715
224,9.0,9.063726980908337,6.5309787924323155,1.4739876724004302,0.8902289598446006,17.539777608794306,13.983300270207382,False,True,0.07427962910131788,0.04576176878380553,0.0,0.0,0.1627043323502867,0.19876849720012393,-0.1360650043555764,-0.047823241701640054
224,9.5,8.322842484312638,5.896936743851233,1.4917552696780931,0.9004475917704883,16.90965813365198,13.616084042848392,False,True,0.06604676427364117,0.04060023785953792,0.0,0.0,0.16249667798389522,0.1986317051736796,-0.13697557081003614,-0.047995499755820833
224,10.0,7.408411098392725,5.380638889223862,1.4268216109228782,0.9013663304037561,16.476474120189863,13.728315517775428,True,True,0.057530053371439814,0.037190899902981474,0.0,0.0,0.16228679545471827,0.19849365853479894,-0.13790329515865737,-0.048170087706420055
224,10.5,7.186220337452784,5.2150542906695625,1.4092412215446524,0.8916200957525915,16.343677853850945,13.692230513106134,True,True,0.055440688583642844,0.035961917736815424,0.0,0.0,0.16208522348904966,0.19835554221819426,-0.13880134107049924,-0.04834552155862552
224,11.0,6.279711956328918,4.829166492985392,1.3111937406177543,0.9041201611548831,15.961037664165861,13.984700169856367,True,True,0.04755730761876603,0.03373342359625237,0.0,0.0,0.1618859276031679,0.19821871511544348,-0.13969610526881093,-0.048520069011450825
224,11.5,5.574350959858002,4.423653639378382,1.2460032650434032,0.9040941964381579,15.529239768578913,13.952579512613266,True,True,0.0413534405042498,0.030794222302469892,0.0,0.0,0.16169916181883648,0.19808034214374529,-0.14054085836534677,-0.048697352663699706
224,12.0,5.708275620941178,4.514990218895548,1.2402545922108117,0.8915462624978684,15.665156940070338,14.024966620154151,True,True,0.042619270602479234,0.03149092363474784,0.0,0.0,0.16152073895293048,0.19794201935615258,-0.14135356643507477,-0.04887534393019449
224,12.5,4.416008152339023,3.9930572993984197,1.020843763508156,0.8846110695137794,15.309643555580942,14.9176012366439,True,True,0.03241619365432626,0.02900832694482075,0.0,0.0,0.16134308404812542,0.19780534228912536,-0.14216834598757502,-0.04905197938418587
224,13.0,3.8435846023876072,3.735539554904731,0.9318893653119354,0.894182142460132,14.99721051879905,15.1034653276966,True,True,0.02780958475140481,0.02747585371265287,0.0,0.0,0.16119342454635052,0.19766959552335295,-0.14285907558542466,-0.04922816591030015
224,13.5,3.309785001115176,3.527245177261046,0.8246017659324216,0.8947910306905459,14.810621620257493,15.47641044632184,True,True,0.023741009187988354,0.026475459170866314,0.0,0.0,0.16105513589957932,0.19753267544816058,-0.14350088185585988,-0.04940663962366521
224,14.0,3.3553288258294485,3.5950092176757162,0.8222492560707089,0.8963493841070553,14.857382473900277,15.43847181594469,True,True,0.02411901740169873,0.02692182048091578,0.0,0.0,0.1609305542378672,0.19739572396940297,-0.14408201662737002,-0.049585926008410865
224,14.5,3.002119679428331,3.439342548469913,0.740999424966753,0.888330868808092,14.798410720027423,15.88382021432465,True,False,0.02152109057353431,0.026438675073505228,0.0,0.0,0.1608063072700285,0.19725861992463564,-0.14466438504884632,-0.04976618912045755
224,15.0,3.0674534324509626,3.4930727978784986,0.7444668763562676,0.8914368954994328,14.84541421911274,15.846848730943897,True,False,0.022037213694316944,0.026928719014186298,0.0,0.0,0.16069244898195792,0.1971225835523489,-0.14520052398050484,-0.04994582069545547
224,15.5,2.8494032139447185,3.385825781295843,0.7032600572095679,0.8904788643336637,14.721778144187411,15.850207075173252,True,False,0.020354266122188526,0.026254578404249065,0.0,0.0,0.16057818349517944,0.19698619705342993,-0.14574096218670804,-0.050126690654200966
224,16.0,2.90846356110323,3.428541994354706,0.7030373453588955,0.8852552273308286,14.799374860742518,15.813357477451659,False,False,0.02084908613737746,0.026668049642264297,0.0,0.0,0.16046920365805364,0.19684997815523264,-0.14625863535507455,-0.050308117848797046
224,16.5,2.946706265790639,3.4272984299564624,0.7063251043890729,0.88853532396256,14.798640086592426,15.666791416663354,False,False,0.02112346458703869,0.026875897724580242,0.0,0.0,0.1603602866337055,0.19671447026978123,-0.14677820059810798,-0.05048937485906957
224,17.0,3.117003608596767,3.530038049638363,0.7241104768000785,0.8846016131593799,14.934869460797554,15.445335317698493,False,False,0.022481651099389342,0.027701114324447912,0.0,0.0,0.16025098495578466,0.1965785895774246,-0.14730181301443482,-0.05067191239658667
224,17.5,3.0319287635496517,3.5553432460773404,0.6601594549865831,0.8733105417653865,15.265495123586842,15.887732633479315,False,False,0.02219143776219598,0.02953148030449222,0.0,0.0,0.16013945103633642,0.19644325518941516,-0.14783841489986396,-0.05085449814701368
224,18.0,2.572262586556955,3.3673543762905673,0.5085511226589271,0.8555355372132452,15.774185460200767,17.18434361104758,False,False,0.019278228460856604,0.03253386540379597,0.0,0.0,0.16003610065579832,0.19630940451121667,-0.1483377250701399,-0.05103585371244384
224,18.5,1.3279482663558304,2.33480929492845,0.239477828575586,0.8034803724693771,16.27185531004489,19.850067018086822,False,False,0.010191470525359354,0.034235582143401395,0.0,0.0,0.1599521041140527,0.1961778636458273,-0.1487450128857473,-0.051214830927068404
224,19.0,0.6422662933974692,1.755972148170435,0.10270031448136252,0.7586318569871642,8.464639573021627,14.731996325324152,False,False,0.005090592016602601,0.037477281986092334,0.0,0.0,0.15990243018363426,0.19605300084774993,-0.148986501997781,-0.05138541407963293
224.0,19.5,0.0,0.0,0.0,0.0,0.0,0.0,0.0,0.0,0.0,0.0,0.0,0.0,0.15987021993020625,0.19593389759254376,-0.14914334135915092,-0.0515487599422474
224.0,20.0,0.0,0.0,0.0,0.0,0.0,0.0,0.0,0.0,0.0,0.0,0.0,0.0,0.15985113068744847,0.19591151312061464,-0.14923638424773703,-0.051579528469745894
224.0,20.5,0.0,0.0,0.0,0.0,0.0,0.0,0.0,0.0,0.0,0.0,0.0,0.0,0.15983207495481402,0.19588917270057263,-0.1493293327893879,-0.051610258265330396
224.0,21.0,0.0,0.0,0.0,0.0,0.0,0.0,0.0,0.0,0.0,0.0,0.0,0.0,0.15981305261963355,0.19586687617377935,-0.14942218722988568,-0.05164094943640578
224.0,21.5,0.0,0.0,0.0,0.0,0.0,0.0,0.0,0.0,0.0,0.0,0.0,0.0,0.15979406356979486,0.1958446233823802,-0.1495149478139899,-0.05167160208997385
224.0,22.0,0.0,0.0,0.0,0.0,0.0,0.0,0.0,0.0,0.0,0.0,0.0,0.0,0.15977510769373948,0.1958224141692994,-0.14960761478544232,-0.051702216332635546
224.0,22.5,0.0,0.0,0.0,0.0,0.0,0.0,0.0,0.0,0.0,0.0,0.0,0.0,0.15975618488045906,0.19580024837823587,-0.14970018838697308,-0.05173279227059169
224.0,23.0,0.0,0.0,0.0,0.0,0.0,0.0,0.0,0.0,0.0,0.0,0.0,0.0,0.1597372950194916,0.1957781258536586,-0.149792668860307,-0.05176333000964443
224.0,23.5,0.0,0.0,0.0,0.0,0.0,0.0,0.0,0.0,0.0,0.0,0.0,0.0,0.15971843800091826,0.1957560464408022,-0.14988505644616834,-0.051793829655198985
224.0,24.0,0.0,0.0,0.0,0.0,0.0,0.0,0.0,0.0,0.0,0.0,0.0,0.0,0.15969961371535946,0.19573400998566254,-0.14997735138428706,-0.051824291312264646
225.0,0.5,0.0,0.0,0.0,0.0,0.0,0.0,0.0,0.0,0.0,0.0,0.0,0.0,0.15968082205397177,0.19571201633499236,-0.15006955391340396,-0.051854715085456325
225.0,1.0,0.0,0.0,0.0,0.0,0.0,0.0,0.0,0.0,0.0,0.0,0.0,0.0,0.15966206290844415,0.19569006533629704,-0.15016166427127672,-0.051885101078995716
225.0,1.5,0.0,0.0,0.0,0.0,0.0,0.0,0.0,0.0,0.0,0.0,0.0,0.0,0.15964333617099474,0.19566815683782987,-0.15025368269468495,-0.051915449396713186
225.0,2.0,0.0,0.0,0.0,0.0,0.0,0.0,0.0,0.0,0.0,0.0,0.0,0.0,0.15962464173436736,0.19564629068858824,-0.15034560941943606,-0.05194576014204853
225.0,2.5,0.0,0.0,0.0,0.0,0.0,0.0,0.0,0.0,0.0,0.0,0.0,0.0,0.1596059794918281,0.19562446673830902,-0.15043744468037074,-0.051976033418052785
225.0,3.0,0.0,0.0,0.0,0.0,0.0,0.0,0.0,0.0,0.0,0.0,0.0,0.0,0.1595873493371621,0.1956026848374643,-0.15052918871136767,-0.05200626932738966
225.0,3.5,0.0,0.0,0.0,0.0,0.0,0.0,0.0,0.0,0.0,0.0,0.0,0.0,0.15956875116467018,0.1955809448372573,-0.15062084174534948,-0.052036467972336596
225.0,4.0,0.0,0.0,0.0,0.0,0.0,0.0,0.0,0.0,0.0,0.0,0.0,0.0,0.1595501848691654,0.19555924658961807,-0.15071240401428876,-0.05206662945478647
225.0,4.5,0.0,0.0,0.0,0.0,0.0,0.0,0.0,0.0,0.0,0.0,0.0,0.0,0.15953165034597006,0.19553758994719925,-0.15080387574921153,-0.05209675387624894
225.0,5.0,0.0,0.0,0.0,0.0,0.0,0.0,0.0,0.0,0.0,0.0,0.0,0.0,0.1595131474909123,0.19551597476337207,-0.15089525718020377,-0.05212684133785153
225.0,5.5,0.0,0.0,0.0,0.0,0.0,0.0,0.0,0.0,0.0,0.0,0.0,0.0,0.15949467620032284,0.19549440089222192,-0.1509865485364171,-0.05215689194034169
225.0,6.0,0.0,0.0,0.0,0.0,0.0,0.0,0.0,0.0,0.0,0.0,0.0,0.0,0.15947623637103192,0.19547286818854456,-0.15107775004607255,-0.052186905784087516
225,6.5,7.3874439350778704,7.950041378291102,0.3392968092236599,0.722740214753078,24.694906538558612,29.770598364388647,False,False,0.09550487277487116,0.20694126553458542,0.0,0.0,0.15945782790036603,0.19545137650784167,-0.1511688619364669,-0.05221688296907963
225,7.0,10.62496023035581,11.061793235385725,0.5373085059893067,0.7631782120949688,24.13643066337599,26.50581391905784,False,False,0.1313959791607819,0.1907893170284345,0.0,0.0,0.1593962131480713,0.19533782490635912,-0.15147429801024936,-0.0523756088419658
225,7.5,12.31309802068008,12.505933112998324,0.6780279087471424,0.7852050727832262,23.610259238081774,24.547580604426084,False,False,0.14628891663208426,0.17339268452270679,0.0,0.0,0.15930939636812202,0.1952191609142483,-0.1519059142342863,-0.052542095639534006
225,8.0,13.34810635504567,13.275586038053998,0.7824622095632979,0.7957865965358722,23.212233134222856,23.180322059846944,False,False,0.15400753978717624,0.16052826743754944,0.0,0.0,0.15920467837602303,0.19509773057157243,-0.15242847900591813,-0.05271311683764122
225,8.5,14.129706779986245,13.374930550753266,0.9495825949878973,0.8149823246440887,22.35747254161144,20.77477202146754,False,False,0.1535088289898333,0.13560560426034168,0.0,0.0,0.15908668298272757,0.19497499224782103,-0.15301986942604154,-0.052886654616229704
225,9.0,14.017772398930017,12.348082499878469,1.1381809938819074,0.8346899210748583,21.1496769417478,18.296610255754864,False,False,0.14125170828010158,0.1076139626801166,0.0,0.0,0.15894742182551932,0.19484984806992275,-0.15372136439727505,-0.053064295297064565
225,9.5,13.511359120605071,11.119361106148816,1.2872252167075224,0.8531574229277068,20.09564208146891,16.419902287705646,False,False,0.1276166852802723,0.0876565179438702,0.0,0.0,0.1587841578015184,0.19472223266875996,-0.15454865334786091,-0.05324617646255764
225,10.0,13.33987946844333,10.723602927292719,1.3374638290572727,0.8545670838520324,19.747802423343032,15.8679973455327,False,False,0.12344312973615199,0.081873202445984,0.0,0.0,0.15860193131033895,0.19459230393341667,-0.15547830158887044,-0.05343211827443853
225,10.5,12.906860395780097,10.258459570050245,1.3629363615657448,0.8657975515583894,19.42442750245811,15.752771810132058,False,False,0.11726802484771204,0.0779013939132532,0.0,0.0,0.15841333332749674,0.19446223545316324,-0.15644747975231277,-0.05361903550273727
225,11.0,12.145761034468954,9.34758369513314,1.4063496181876318,0.8688861647809216,18.807169159789396,15.12661647931433,False,False,0.10659261713344269,0.06889421508135916,0.0,0.0,0.15822151976522766,0.19433077559695525,-0.1574405747906115,-0.05380874439823436
225,11.5,12.169437005938676,9.034824385893462,1.4891733225068642,0.8793219868415442,18.368776155673487,14.244761229533307,False,True,0.10425545982376815,0.06381236534750148,0.0,0.0,0.158024204289175,0.1941989617664119,-0.1584700028471133,-0.053999767616126675
225,12.0,12.393764892196607,8.838561765316825,1.569919033714885,0.8837230932048004,18.057346868461273,13.46661281394979,False,True,0.1044411591954869,0.060437426577577794,0.0,0.0,0.15781636461872922,0.19406585754931238,-0.15956302240056808,-0.054193481307029015
225,12.5,12.021195932894013,8.598965612563996,1.5563688643927254,0.885993474749189,17.87840445027812,13.463450457557862,False,True,0.10035942843153853,0.058771149899182445,0.0,0.0,0.15759826546138825,0.1939322318300423,-0.1607196688541963,-0.054388787383466274
225,13.0,10.247737161543714,7.682291486270994,1.3954505449070707,0.8781322847818253,17.60011760960868,14.545574247022625,False,False,0.08426112319518786,0.05513302722530222,0.0,0.0,0.15738192310752677,0.1937983559972097,-0.16187688121069477,-0.054585300588001893
225,13.5,10.06177993920234,7.595447830768574,1.3727713749633037,0.8776260315654795,17.535144846784334,14.547636567329429,False,False,0.08243741558749824,0.05469250900402764,0.0,0.0,0.15718611699521454,0.19366552101027357,-0.16293281328903925,-0.05478112266194724
225,14.0,10.246023584566082,7.8391495114226775,1.3461044771008202,0.8743458194554881,17.685947373580937,14.61864311988166,False,False,0.08461707024653412,0.056747214175090224,0.0,0.0,0.15699323082873823,0.19353278947486002,-0.16398103259733737,-0.05497762883695671
225,14.5,10.531909852059824,8.223587238469584,1.3118306482086708,0.8736339185417756,17.94257734142051,14.801569971168334,False,False,0.08815238108906912,0.060390404287720995,0.0,0.0,0.15680377268023724,0.1934005147506469,-0.165018453887381,-0.055174294807766235
225,15.0,11.611133077768844,9.452076416962768,1.2434918655989469,0.8624159104515895,18.77281554711108,15.358437274566109,False,False,0.10133775200592524,0.07131191972217057,0.0,0.0,0.1566187118274368,0.1932683694175895,-0.16603935516386573,-0.05537160595854539
225,15.5,11.119677783488827,9.588172090276261,1.0960090339427,0.8484575740171411,19.257545153014508,16.83627356210669,False,False,0.0999480225032181,0.07901979542875315,0.0,0.0,0.15644238916807937,0.19313769216585736,-0.1670190595429621,-0.05556755237237811
225,16.0,10.577847957085702,9.442079683481271,0.990947444361406,0.8405346631859102,19.5457367942828,17.685853815711322,False,False,0.0964077729635991,0.08327676828668823,0.0,0.0,0.15628489015510832,0.19300883207141575,-0.16790000251984005,-0.055761583566426964
225,16.5,9.764209196492905,9.14132992668829,0.8614111086934934,0.8324113703445514,19.844879189321375,18.759115410391633,False,False,0.09054397255918181,0.08858202335179194,0.0,0.0,0.15614080883803555,0.19288101989207762,-0.16871074871643776,-0.055954834809025036
225,17.0,8.304691832373212,8.063913687634912,0.7113985404461611,0.7908573529046832,19.995536414998632,19.86353443011738,False,False,0.07769209502857849,0.08749761960153507,0.0,0.0,0.15601326400902932,0.19275428103262893,-0.16943233879800026,-0.05614725166916852
225,17.5,6.6272400463757375,6.82050858024854,0.525104271410052,0.8107501000685171,20.446397274522653,22.23596679205874,False,False,0.06368782492306742,0.0995512255534102,0.0,0.0,0.1559048649189698,0.1926328755336547,-0.1700485032754746,-0.05633231108597004
225,18.0,5.885302503108244,6.162560541193416,0.5205666690782514,0.7876834273248442,19.700429892486408,20.682339161481988,False,False,0.054118994062315795,0.0825192962547289,0.0,0.0,0.15582023495403324,0.19250897293347313,-0.1705314152464458,-0.05652192666400952
225,18.5,3.312050124680179,3.799369122954151,0.34249449147450645,0.788267913238515,18.663099666864834,20.990452747527083,False,False,0.028733410748951707,0.06619348857595118,0.0,0.0,0.15573621226394593,0.19238804754210825,-0.17101247930947003,-0.056707719752570114
225,19.0,1.9396586875194721,2.6200172572717686,0.2062896489799489,0.7371423691522072,9.210534699977533,14.912186900229836,False,False,0.01660813350879835,0.05899945487713728,0.0,0.0,0.15567491075207707,0.19226708529851652,-0.17136447574767824,-0.056894297908504615
225.0,19.5,0.0,0.0,0.0,0.0,0.0,0.0,0.0,0.0,0.0,0.0,0.0,0.0,0.1556309950564187,0.192152675628578,-0.17161717272137034,-0.05707144247423127
225.0,20.0,0.0,0.0,0.0,0.0,0.0,0.0,0.0,0.0,0.0,0.0,0.0,0.0,0.15561339618881412,0.19213223944158767,-0.1717185636297172,-0.05710315368547628
225.0,20.5,0.0,0.0,0.0,0.0,0.0,0.0,0.0,0.0,0.0,0.0,0.0,0.0,0.15559582599436406,0.19211184050475222,-0.17181986055030898,-0.05713482803358065
225.0,21.0,0.0,0.0,0.0,0.0,0.0,0.0,0.0,0.0,0.0,0.0,0.0,0.0,0.1555782843835153,0.1920914786925072,-0.17192106370957783,-0.057166465615109886
225.0,21.5,0.0,0.0,0.0,0.0,0.0,0.0,0.0,0.0,0.0,0.0,0.0,0.0,0.15556077126712636,0.19207115387987977,-0.17202217333308112,-0.05719806652627125
225.0,22.0,0.0,0.0,0.0,0.0,0.0,0.0,0.0,0.0,0.0,0.0,0.0,0.0,0.15554328655646546,0.19205086594248508,-0.17212318964550455,-0.05722963086291572
225.0,22.5,0.0,0.0,0.0,0.0,0.0,0.0,0.0,0.0,0.0,0.0,0.0,0.0,0.1555258301632075,0.1920306147565232,-0.1722241128706688,-0.05726115872053889
225.0,23.0,0.0,0.0,0.0,0.0,0.0,0.0,0.0,0.0,0.0,0.0,0.0,0.0,0.15550840199943194,0.19201040019877547,-0.17232494323153297,-0.05729265019428296
225.0,23.5,0.0,0.0,0.0,0.0,0.0,0.0,0.0,0.0,0.0,0.0,0.0,0.0,0.15549100197762028,0.19199022214660139,-0.17242568095019878,-0.057324105378937715
225.0,24.0,0.0,0.0,0.0,0.0,0.0,0.0,0.0,0.0,0.0,0.0,0.0,0.0,0.15547363001065362,0.19197008047793543,-0.17252632624791606,-0.05735552436894183
226.0,0.5,0.0,0.0,0.0,0.0,0.0,0.0,0.0,0.0,0.0,0.0,0.0,0.0,0.1554562860118103,0.19194997507128336,-0.17262687934508605,-0.05738690725838501
226.0,1.0,0.0,0.0,0.0,0.0,0.0,0.0,0.0,0.0,0.0,0.0,0.0,0.0,0.1554389698947635,0.19192990580571936,-0.17272734046126711,-0.05741825414100862
226.0,1.5,0.0,0.0,0.0,0.0,0.0,0.0,0.0,0.0,0.0,0.0,0.0,0.0,0.15542168157357877,0.19190987256088263,-0.17282770981517828,-0.057449565110207546
226.0,2.0,0.0,0.0,0.0,0.0,0.0,0.0,0.0,0.0,0.0,0.0,0.0,0.0,0.1554044209627119,0.19188987521697426,-0.1729279876247037,-0.05748084025903128
226.0,2.5,0.0,0.0,0.0,0.0,0.0,0.0,0.0,0.0,0.0,0.0,0.0,0.0,0.1553871879770064,0.1918699136547539,-0.17302817410689753,-0.05751207968018571
226.0,3.0,0.0,0.0,0.0,0.0,0.0,0.0,0.0,0.0,0.0,0.0,0.0,0.0,0.1553699825316912,0.19184998775553663,-0.17312826947798768,-0.05754328346603428
226.0,3.5,0.0,0.0,0.0,0.0,0.0,0.0,0.0,0.0,0.0,0.0,0.0,0.0,0.15535280454237851,0.19183009740118998,-0.1732282739533804,-0.057574451708599234
226.0,4.0,0.0,0.0,0.0,0.0,0.0,0.0,0.0,0.0,0.0,0.0,0.0,0.0,0.15533565392506138,0.19181024247413048,-0.1733281877476642,-0.05760558449956349
226.0,4.5,0.0,0.0,0.0,0.0,0.0,0.0,0.0,0.0,0.0,0.0,0.0,0.0,0.15531853059611148,0.19179042285732079,-0.1734280110746148,-0.05763668193027152
226.0,5.0,0.0,0.0,0.0,0.0,0.0,0.0,0.0,0.0,0.0,0.0,0.0,0.0,0.15530143447227682,0.1917706384342665,-0.1735277441471987,-0.057667744091731026
226.0,5.5,0.0,0.0,0.0,0.0,0.0,0.0,0.0,0.0,0.0,0.0,0.0,0.0,0.15528436547067964,0.191750889089013,-0.17362738717757778,-0.05769877107461437
226.0,6.0,0.0,0.0,0.0,0.0,0.0,0.0,0.0,0.0,0.0,0.0,0.0,0.0,0.15526732350881406,0.19173117470614257,-0.17372694037711314,-0.057729762969259635
226,6.5,2.9029148533189875,2.9963879384562864,0.1312242449059869,0.1654066781354695,11.921325337957514,13.11321261430749,False,False,0.03509798128897211,0.04458633126007634,0.0,0.0,0.15525030850454394,0.19171149517077118,-0.17382640395636936,-0.057760719865672376
226,7.0,8.939684796950154,9.465512362414,0.46837026595083586,0.729621779748383,22.913292672731885,26.68013908111285,False,False,0.10095526320357955,0.15963469186150436,0.0,0.0,0.15521659810482957,0.19167077213453612,-0.17402366324408683,-0.05782484207852104
226,7.5,6.423142774447399,6.535026321367676,0.3967019785019513,0.7213094382920182,21.863533280130724,26.714481146840928,False,False,0.06750552253742226,0.12431195688030912,0.0,0.0,0.15513995104239753,0.19155818421466547,-0.17447316358224604,-0.058002564125959284
226,8.0,12.510185318343012,11.898369141940229,0.9271030939762275,0.8220382906424836,20.70741477805493,19.118780400775115,False,False,0.12214902249063218,0.10970905017136617,0.0,0.0,0.1550724635829698,0.1914466900656546,-0.17487009266030687,-0.058179201358435746
226,8.5,13.14919558032873,11.80431364272853,1.084051755999055,0.839909196311399,20.00752627062026,17.127922409895415,False,False,0.12310022089900605,0.09658753167148573,0.0,0.0,0.15493741226378985,0.19132239415148627,-0.1756676357820819,-0.058376876176865156
226,9.0,13.747010458775325,11.81904874190423,1.202377337703355,0.8559776379302096,19.642779845634273,16.0956561913071,False,False,0.12599239905743984,0.09138292956951669,0.0,0.0,0.15478238709155254,0.1911958551789908,-0.17658848319525491,-0.05857894084471086
226,9.5,13.189256127888004,10.983188864806007,1.2434089131214592,0.8439328431684395,19.172942298918564,15.53937692413006,False,False,0.11809579508023738,0.08265115950647905,0.0,0.0,0.15461230983306853,0.1910673027294513,-0.17760536404983782,-0.058785074673200495
226,10.0,12.821873112355071,10.410602060175897,1.314223380994027,0.8707647370818647,18.612739650628164,14.915893019832644,False,False,0.1112872130117264,0.07599031975393346,0.0,0.0,0.15443703019938143,0.19094031923971716,-0.1786606584759445,-0.05898954172463614
226,10.5,12.804670044726699,9.940660259788544,1.4093207632591385,0.873796970118763,18.117308172624156,13.845465610103933,False,True,0.1082228915363039,0.06898753285719643,0.0,0.0,0.1542527527942406,0.1908099504342894,-0.1797781915332747,-0.05920034192596257
226,11.0,13.100522497524114,9.911086409851915,1.4448190495289532,0.8578400125222624,18.04167382331991,13.331520402927765,False,True,0.11026041992308161,0.06708975304599904,0.0,0.0,0.15405638309927988,0.19067922906009124,-0.1809782362587806,-0.05941261401265067
226,11.5,12.050431494784522,9.438451939831012,1.3582090481468923,0.8740254483801447,17.90958025853983,14.329291486816592,False,False,0.10072578838300401,0.06695409981945236,0.0,0.0,0.15385551591485794,0.19055057485292218,-0.1822156537800142,-0.05962241538451547
226,12.0,12.17189527102404,9.388627514880532,1.38668795771007,0.8676484264330477,17.788726995768148,13.885748401044493,False,False,0.10109950334229845,0.06523112982148617,0.0,0.0,0.1536657123178965,0.1904198917088136,-0.18339418907742472,-0.05983642976457721
226,12.5,12.460030732002668,9.596046061831927,1.399469258245862,0.8680834914511502,17.823056090614784,13.73442978569165,False,True,0.10369576208236242,0.06630005905405993,0.0,0.0,0.15347230717380939,0.1902900547159648,-0.18460444150376182,-0.060049965473271544
226,13.0,13.106942629835268,10.18571563410079,1.4090397167626956,0.8734618238050085,18.008034370243934,13.6597151826723,False,True,0.11013701053130798,0.06998213173613614,0.0,0.0,0.1532773018213747,0.19016019568296158,-0.18583435414873434,-0.06026444622602657
226,13.5,12.151167682266177,9.82912478028792,1.287061612474492,0.870297126898149,18.081130869757608,14.73562812046745,False,False,0.10246543970335584,0.07131669251486658,0.0,0.0,0.15308110634628105,0.19002968456777902,-0.18708163845342202,-0.060480924249591214
226,14.0,11.474421778708717,9.280757865728335,1.242249029165549,0.8571707006975676,17.910082408599436,14.882224952175811,False,False,0.09589522532302067,0.0681944489475765,0.0,0.0,0.15290048523611063,0.18989960992524801,-0.18823873834369345,-0.060697600794772544
226,14.5,11.801576410936747,9.210516386787557,1.3632706184475436,0.870593650659059,17.496621721344273,13.625867613075473,False,False,0.09649662628826078,0.06370122263001993,0.0,0.0,0.15272560584027,0.1897712410995881,-0.1893671890718248,-0.06091234318970671
226,15.0,11.069210026800683,9.027511469812369,1.2166510004011635,0.8524457317937105,17.67083813957322,14.440269256837988,False,False,0.0913321891397342,0.06531260495107688,0.0,0.0,0.152535336153581,0.18964119472357485,-0.19060411733609464,-0.061130815555598544
226,15.5,10.103998733750371,8.485079276408943,1.118833961305474,0.8486519823932662,17.581249098533004,15.10534707397323,False,False,0.0829707515412799,0.06420612892109402,0.0,0.0,0.1523637831962882,0.1895134938552767,-0.19172763013133548,-0.06134625668167454
226,16.0,10.172100757323047,8.804451886054373,1.0631943816669558,0.8540056686545435,17.879595774247655,15.47560986830361,False,False,0.0846310702239226,0.06891284137933079,0.0,0.0,0.15220472854993214,0.18938630919761293,-0.19277634634778895,-0.06156172669398814
226,16.5,10.187010089251224,8.863277542267591,1.0660148119290762,0.8402174571610406,17.823621650618005,15.032209362127153,False,False,0.08465054356476687,0.06777091758147233,0.0,0.0,0.15205279796708313,0.1892584749625815,-0.19378447879046418,-0.06177920644173297
226,17.0,10.335478230037006,9.09142472176654,1.070128636928902,0.8454150813342702,17.85059190301726,14.737045180108737,False,False,0.08586011561744247,0.06866733076070584,0.0,0.0,0.1519005422138775,0.18913243035125957,-0.1948010769446103,-0.06199453841938456
226,17.5,9.688794245318855,8.830205524081613,1.0095888877137131,0.8629081301999246,17.747441658483776,14.955304271679214,False,False,0.08005667120433238,0.06905066653100972,0.0,0.0,0.15174779693939153,0.18900575584185883,-0.1958273349666734,-0.06221184807362193
226,18.0,9.475081161565937,8.992514909431963,0.9149604246146223,0.8385887692489111,18.155330219557474,15.662052030470894,False,False,0.0799853856551191,0.07376701586630229,0.0,0.0,0.1516028015817189,0.18887688449077836,-0.19680748828308584,-0.06243385838591204
226,18.5,6.904048891852209,7.285769125137627,0.6282581682409994,0.8115745206360762,18.452299591688416,18.067722389965404,False,False,0.059214763106570936,0.07666362880815111,0.0,0.0,0.1514699005605246,0.18875114446704297,-0.19771102327745813,-0.06265138469833488
226.0,19.0,0.0,0.0,0.0,0.0,0.0,0.0,0.0,0.0,0.0,0.0,0.0,0.0,0.15137357070551863,0.18862887908526682,-0.1983690175153792,-0.06286376644167486
226.0,19.5,0.0,0.0,0.0,0.0,0.0,0.0,0.0,0.0,0.0,0.0,0.0,0.0,0.1513573376001489,0.1886100669456382,-0.19848015668304653,-0.06289652026531835
226.0,20.0,0.0,0.0,0.0,0.0,0.0,0.0,0.0,0.0,0.0,0.0,0.0,0.0,0.15134114037110494,0.1885912867434941,-0.19859112417707223,-0.06292923876612452
226.0,20.5,0.0,0.0,0.0,0.0,0.0,0.0,0.0,0.0,0.0,0.0,0.0,0.0,0.15132497883597246,0.1885725383777787,-0.19870192081449892,-0.06296192203146413
226.0,21.0,0.0,0.0,0.0,0.0,0.0,0.0,0.0,0.0,0.0,0.0,0.0,0.0,0.1513088528137834,0.1885538217478887,-0.19881254740614498,-0.06299457014839305
226.0,21.5,0.0,0.0,0.0,0.0,0.0,0.0,0.0,0.0,0.0,0.0,0.0,0.0,0.1512927621250007,0.18853513675367095,-0.19892300475666663,-0.06302718320365346
226.0,22.0,0.0,0.0,0.0,0.0,0.0,0.0,0.0,0.0,0.0,0.0,0.0,0.0,0.15127670659150294,0.18851648329541976,-0.19903329366462266,-0.0630597612836754
226.0,22.5,0.0,0.0,0.0,0.0,0.0,0.0,0.0,0.0,0.0,0.0,0.0,0.0,0.15126068603656972,0.18849786127387455,-0.19914341492253398,-0.06309230447457793
226.0,23.0,0.0,0.0,0.0,0.0,0.0,0.0,0.0,0.0,0.0,0.0,0.0,0.0,0.15124470028486653,0.1884792705902175,-0.19925336931694837,-0.0631248128621703
226.0,23.5,0.0,0.0,0.0,0.0,0.0,0.0,0.0,0.0,0.0,0.0,0.0,0.0,0.15122874916243054,0.18846071114607074,-0.19936315762849732,-0.06315728653195368
226.0,24.0,0.0,0.0,0.0,0.0,0.0,0.0,0.0,0.0,0.0,0.0,0.0,0.0,0.15121283249665593,0.18844218284349434,-0.19947278063195942,-0.0631897255691219
227.0,0.5,0.0,0.0,0.0,0.0,0.0,0.0,0.0,0.0,0.0,0.0,0.0,0.0,0.15119695011628007,0.1884236855849835,-0.19958223909631545,-0.06322213005856339
227.0,1.0,0.0,0.0,0.0,0.0,0.0,0.0,0.0,0.0,0.0,0.0,0.0,0.0,0.15118110185136915,0.18840521927346648,-0.19969153378481064,-0.06325450008486186
227.0,1.5,0.0,0.0,0.0,0.0,0.0,0.0,0.0,0.0,0.0,0.0,0.0,0.0,0.15116528753330463,0.1883867838123019,-0.19980066545500946,-0.06328683573229804
227.0,2.0,0.0,0.0,0.0,0.0,0.0,0.0,0.0,0.0,0.0,0.0,0.0,0.0,0.15114950699476953,0.18836837910527662,-0.19990963485885282,-0.06331913708485067
227.0,2.5,0.0,0.0,0.0,0.0,0.0,0.0,0.0,0.0,0.0,0.0,0.0,0.0,0.15113376006973497,0.18835000505660313,-0.20001844274271544,-0.06335140422619809
227.0,3.0,0.0,0.0,0.0,0.0,0.0,0.0,0.0,0.0,0.0,0.0,0.0,0.0,0.15111804659344685,0.18833166157091752,-0.2001270898474601,-0.06338363723971903
227.0,3.5,0.0,0.0,0.0,0.0,0.0,0.0,0.0,0.0,0.0,0.0,0.0,0.0,0.15110236640241292,0.18831334855327683,-0.20023557690849186,-0.06341583620849442
227.0,4.0,0.0,0.0,0.0,0.0,0.0,0.0,0.0,0.0,0.0,0.0,0.0,0.0,0.15108671933438955,0.18829506590915687,-0.2003439046558142,-0.06344800121530841
227.0,4.5,0.0,0.0,0.0,0.0,0.0,0.0,0.0,0.0,0.0,0.0,0.0,0.0,0.15107110522836917,0.18827681354444997,-0.20045207381407995,-0.06348013234264951
227.0,5.0,0.0,0.0,0.0,0.0,0.0,0.0,0.0,0.0,0.0,0.0,0.0,0.0,0.15105552392456756,0.1882585913654626,-0.20056008510264617,-0.063512229672712
227.0,5.5,0.0,0.0,0.0,0.0,0.0,0.0,0.0,0.0,0.0,0.0,0.0,0.0,0.15103997526441143,0.1882403992789131,-0.2006679392356242,-0.06354429328739725
227,6.0,1.8842074165044838,1.962889114475256,0.036665781633799285,0.10701175340499507,13.925043107695558,16.852875671773983,False,False,0.032758797491142404,0.09716077632035271,0.0,0.0,0.15102445909052617,0.18822223719192946,-0.2007756369219323,-0.0635763232683147
227,6.5,8.759110493861819,9.154076119799672,0.1747244031317487,0.6222469945537767,27.850255998124517,33.9874958091025,False,False,0.15228857268532778,0.5891989864573995,0.0,0.0,0.1510043028239766,0.1881904682060519,-0.2009156443266471,-0.06363239613469071
227,7.0,11.81192686161608,12.393822936286789,0.3055931342392763,0.6565403639706141,26.518521562490825,31.558915258119914,False,False,0.17927282450138798,0.42124609374970534,0.0,0.0,0.1509665855561647,0.1880930711723939,-0.2011779447941476,-0.06380467136942437
227,7.5,12.907235958000161,13.502989041312611,0.5032402165577204,0.7372170114962168,23.923461498617158,27.204498703325427,False,False,0.15702062765463234,0.24355196863479833,0.0,0.0,0.15091222344902383,0.1879913337624754,-0.20155671810278386,-0.06398521758626033
227,8.0,13.228960330315832,13.248460615427923,0.7713446792658313,0.8137856905865195,21.265403790964747,21.759798946132474,False,False,0.1337477137026295,0.14587705680690807,0.0,0.0,0.15083270675052626,0.18787934513463464,-0.20211229007451242,-0.0641846601893092
227,8.5,13.379638752521704,12.586904955976912,0.9593951268998665,0.8301776016273622,19.883972115016505,18.33703118489368,False,False,0.1243533978954551,0.11018073841842405,0.0,0.0,0.15071905697579205,0.18775762868788357,-0.20290951597211926,-0.06440226785005801
227,9.0,12.82416955082824,11.272162327187765,1.1251786791236245,0.8515573404429945,18.59340900497432,15.939088202261019,False,False,0.11121740518369934,0.08668570521910597,0.0,0.0,0.15058147585264425,0.18763385282503883,-0.20387963348373875,-0.06462445945382428
227,9.5,12.557568775511992,10.621164638831004,1.2004349134966648,0.8576071012356666,18.047249142394328,15.01637495771513,False,False,0.1057776754650528,0.07808016643827978,0.0,0.0,0.15042280121576107,0.1875073818432424,-0.20500535711873508,-0.0648524331541374
227,10.0,13.328452059388717,11.017378482197682,1.2653321580048813,0.8643854600859828,18.013343603316653,14.460044771738216,False,True,0.11209449341233849,0.07873036644211442,0.0,0.0,0.1502545695800064,0.18738016919465092,-0.20620698140236923,-0.06508271107355518
227,10.5,13.65045507451714,11.177364172654073,1.2865486184038206,0.8671468144113065,17.97189140111928,14.205071759681356,False,True,0.11454111909999123,0.07882728972195684,0.0,0.0,0.15007810140448655,0.18725212194270416,-0.20747646611138698,-0.06531548429500174
227,11.0,13.354661772363574,10.43819603455647,1.3774584983214362,0.8728321139111507,17.38417149233998,13.209559359758803,False,True,0.10869199076330485,0.07035540479077093,0.0,0.0,0.1498989634482191,0.18712375189659436,-0.20877469266841842,-0.06554984069106416
227,11.5,13.274898433555396,10.315386563332616,1.3936623477234062,0.8864322228700019,17.205798281624727,13.104415973677046,False,True,0.1070279433250169,0.06920721563433502,0.0,0.0,0.14970827486959626,0.1869946863613346,-0.21016727710045227,-0.0657864775462871
227,12.0,11.386000816897718,8.945805927310472,1.3153641531260083,0.8715716123930779,16.68360110244646,13.477510922905296,False,False,0.0894196783887185,0.061156878530917044,0.0,0.0,0.14951555607030473,0.18686391664257604,-0.21158594768053535,-0.06602727778041907
227,12.5,11.750367458438213,9.101930436765429,1.3500402738867412,0.8697897129899037,16.65787335487752,13.103653198556149,False,True,0.09218220443663336,0.061219235200331464,0.0,0.0,0.1493328500990077,0.18673506948138366,-0.2129414583300286,-0.06626556562574641
227,13.0,12.759720326752714,9.770788276493075,1.3875900120410762,0.8696258625250617,16.866281294820396,12.769973773258364,False,True,0.1011383589782256,0.06460208400323303,0.0,0.0,0.14914576066235558,0.1866064781337957,-0.2143402262438835,-0.06650440264949793
227,13.5,12.517102939892997,9.766517975122959,1.3535446607506931,0.8748120440922367,16.851507888870454,12.991848209804324,False,True,0.09913073947857948,0.06530212584986596,0.0,0.0,0.14895392190112147,0.1864779363203469,-0.21578588538521867,-0.06674417343565454
227,14.0,10.51244993818873,8.568055761489656,1.2026596923330006,0.8654451072640432,16.555582552208485,14.17500145962172,False,False,0.08203954504515093,0.06102326755613863,0.0,0.0,0.14876645770666141,0.18634876218494076,-0.21720981547813728,-0.06698616201053659
227,14.5,11.479157894518515,9.148559909854459,1.2761034391385995,0.86606769681857,16.593041817235527,13.17944991122182,False,False,0.08972241020524493,0.061992655913622775,0.0,0.0,0.14859825757579573,0.1862208101857867,-0.2184969585277238,-0.06722689235098703
227,15.0,11.493534010047423,9.507695207481326,1.2120120727526795,0.8730151659951515,16.858665429942327,13.730747797120078,False,False,0.09077820518696472,0.06623536891603396,0.0,0.0,0.14842073490380647,0.1860928072438377,-0.21986531181681376,-0.06746875062810037
227,15.5,10.032064916330132,8.86697090750178,1.0139491027615275,0.8446920923666553,17.11090439792025,15.545647996480684,False,False,0.08042173188715274,0.06867855514425797,0.0,0.0,0.14825141641390438,0.185963947276567,-0.22117995033855387,-0.06771327612309476
227,16.0,10.197341205802825,8.965933062080145,1.047596942523167,0.8469896159331767,16.971142662626637,14.840149312170379,False,False,0.08115734656144101,0.06722329786964845,0.0,0.0,0.1481073746855324,0.18583872482242855,-0.22230571087331694,-0.06795191133045676
227,16.5,9.112658883378266,8.571942605333184,0.8503326553370879,0.8239709529695527,17.459797657459447,16.65064065241726,False,False,0.07418776770777655,0.07281617814775249,0.0,0.0,0.14795908229189245,0.18571323772862267,-0.22347183217025715,-0.06819205674514477
227,17.0,7.733045225505324,7.611769431804768,0.7142727883322998,0.8166731229432436,17.462372518783745,17.805851719242504,False,False,0.0629643853688508,0.0726169765334083,0.0,0.0,0.1478359651382479,0.18559071202296804,-0.22444552445095298,-0.06842751122776101
227,17.5,7.124321140106829,7.341661057035119,0.604651587021613,0.8012984102478149,17.932380551701552,19.023076211367016,False,False,0.05943787194664891,0.07938080633105442,0.0,0.0,0.14773022383352485,0.18546914427187774,-0.2252858342408876,-0.06866208276760924
227,18.0,7.571931757490546,7.801554716189038,0.6743863791774123,0.8025031753826993,17.599826273186686,17.357786664725296,False,False,0.062089377277656385,0.07431193372077088,0.0,0.0,0.14763848923605732,0.18534956365135208,-0.22601787292075182,-0.06889375534186865
227,18.5,4.242048714128194,4.864259966692573,0.35641268430384904,0.7284421947270489,17.887398782140433,20.584366700932865,False,False,0.035307913296100245,0.07221906321269293,0.0,0.0,0.14753790548581078,0.18522985730900957,-0.22682378740059927,-0.06912660491635823
227.0,19.0,0.0,0.0,0.0,0.0,0.0,0.0,0.0,0.0,0.0,0.0,0.0,0.0,0.14747787934809647,0.18511961648565764,-0.22730637055634464,-0.06934187224497886
227.0,19.5,0.0,0.0,0.0,0.0,0.0,0.0,0.0,0.0,0.0,0.0,0.0,0.0,0.1474633091059979,0.18510223072066762,-0.22742369319635616,-0.06937589430975118
227.0,20.0,0.0,0.0,0.0,0.0,0.0,0.0,0.0,0.0,0.0,0.0,0.0,0.0,0.1474487758887821,0.1850848725126305,-0.2275407895864087,-0.06940988229196939
227.0,20.5,0.0,0.0,0.0,0.0,0.0,0.0,0.0,0.0,0.0,0.0,0.0,0.0,0.14743427948921994,0.18506754177964546,-0.22765766089995956,-0.06944383627110927
227.0,21.0,0.0,0.0,0.0,0.0,0.0,0.0,0.0,0.0,0.0,0.0,0.0,0.0,0.14741981970182647,0.18505023844015928,-0.227774308301133,-0.06947775632637124
227.0,21.5,0.0,0.0,0.0,0.0,0.0,0.0,0.0,0.0,0.0,0.0,0.0,0.0,0.1474053963228419,0.1850329624129647,-0.22789073294481538,-0.06951164253668095
227.0,22.0,0.0,0.0,0.0,0.0,0.0,0.0,0.0,0.0,0.0,0.0,0.0,0.0,0.1473910091502119,0.18501571361719843,-0.2280069359767588,-0.06954549498069086
227.0,22.5,0.0,0.0,0.0,0.0,0.0,0.0,0.0,0.0,0.0,0.0,0.0,0.0,0.1473766579835692,0.18499849197233942,-0.22812291853367245,-0.06957931373678114
227.0,23.0,0.0,0.0,0.0,0.0,0.0,0.0,0.0,0.0,0.0,0.0,0.0,0.0,0.1473623426242146,0.18498129739820698,-0.22823868174332176,-0.06961309888306086
227.0,23.5,0.0,0.0,0.0,0.0,0.0,0.0,0.0,0.0,0.0,0.0,0.0,0.0,0.14734806287509877,0.18496412981495894,-0.22835422672462094,-0.06964685049736936
227.0,24.0,0.0,0.0,0.0,0.0,0.0,0.0,0.0,0.0,0.0,0.0,0.0,0.0,0.1473338185408039,0.18494698914309,-0.22846955458772694,-0.069680568657277
228.0,0.5,0.0,0.0,0.0,0.0,0.0,0.0,0.0,0.0,0.0,0.0,0.0,0.0,0.14731960942752614,0.18492987530342958,-0.2285846664341294,-0.06971425344008687
228.0,1.0,0.0,0.0,0.0,0.0,0.0,0.0,0.0,0.0,0.0,0.0,0.0,0.0,0.1473054353430576,0.18491278821714052,-0.22869956335674319,-0.06974790492283527
228.0,1.5,0.0,0.0,0.0,0.0,0.0,0.0,0.0,0.0,0.0,0.0,0.0,0.0,0.14729129609676916,0.1848957278057169,-0.22881424643999676,-0.0697815231822934
228.0,2.0,0.0,0.0,0.0,0.0,0.0,0.0,0.0,0.0,0.0,0.0,0.0,0.0,0.14727719149959329,0.1848786939909825,-0.22892871675992021,-0.06981510829496809
228.0,2.5,0.0,0.0,0.0,0.0,0.0,0.0,0.0,0.0,0.0,0.0,0.0,0.0,0.14726312136400696,0.184861686695089,-0.2290429753842327,-0.06984866033710316
228.0,3.0,0.0,0.0,0.0,0.0,0.0,0.0,0.0,0.0,0.0,0.0,0.0,0.0,0.14724908550401514,0.1848447058405142,-0.22915702337242785,-0.06988217938468051
228.0,3.5,0.0,0.0,0.0,0.0,0.0,0.0,0.0,0.0,0.0,0.0,0.0,0.0,0.14723508373513416,0.18482775135006038,-0.22927086177585895,-0.06991566551342104
228.0,4.0,0.0,0.0,0.0,0.0,0.0,0.0,0.0,0.0,0.0,0.0,0.0,0.0,0.1472211158743755,0.18481082314685243,-0.22938449163782285,-0.0699491187987861
228.0,4.5,0.0,0.0,0.0,0.0,0.0,0.0,0.0,0.0,0.0,0.0,0.0,0.0,0.14720718174022976,0.18479392115433638,-0.22949791399364172,-0.06998253931597814
228.0,5.0,0.0,0.0,0.0,0.0,0.0,0.0,0.0,0.0,0.0,0.0,0.0,0.0,0.14719328115265068,0.1847770452962774,-0.22961112987074636,-0.07001592713994245
228.0,5.5,0.0,0.0,0.0,0.0,0.0,0.0,0.0,0.0,0.0,0.0,0.0,0.0,0.14717941393303985,0.1847601954967584,-0.2297241402887535,-0.07004928234536749
228,6.0,2.017228030065152,2.105881393778574,0.02927074894075174,0.09756778348172576,14.343139409273395,17.218944224760918,False,False,0.038598976330123234,0.13581567612190856,0.0,0.0,0.14716557990423088,0.18474337168017818,-0.229836946259549,-0.07008260500668653
228,6.5,7.408915510729372,7.679089169249733,0.10591773361507464,0.606805634038661,28.7491153170426,35.27476695164319,False,False,0.1428467548096547,0.9515010814468536,0.0,0.0,0.1471480488373548,0.1847141404366639,-0.22997999358843327,-0.0701405477855418
228,7.0,11.809266426800196,12.354992997399231,0.20800831157030308,0.6698726894028169,28.684102678833284,34.537478245175436,False,False,0.22590719388465552,1.0336586270448342,0.0,0.0,0.1471207832803618,0.18462004142720378,-0.2302026817688393,-0.07032746080495922
228,7.5,13.004581630405582,13.777287139277497,0.37089800495684816,0.6587179004469953,25.41186874298731,30.775378791585588,False,False,0.18051430804745178,0.39810717604490514,0.0,0.0,0.14708054074126609,0.1845179313651151,-0.23053182751691367,-0.07053095834450195
228,8.0,13.179537357655885,13.746748273038643,0.6384231086902374,0.7863455798771518,21.44921908103253,23.903791948823113,False,False,0.1357217091966611,0.1784199141430833,0.0,0.0,0.147019573304138,0.18441726847253387,-0.23103155214522803,-0.07073225888869492
228,8.5,13.264204053879276,13.14767932396607,0.8512767820695513,0.8181023822788406,19.673500989982635,19.74565377736475,False,False,0.12279038210404267,0.12650719598565524,0.0,0.0,0.14692454691623802,0.18430036723865928,-0.23181301987286435,-0.07096689177105138
228,9.0,13.254826496676799,13.029398704186644,0.8528472645514338,0.8207028327388527,19.496927243898547,19.14819477876997,False,False,0.12046919362878952,0.11941130168623912,0.0,0.0,0.14680242851019631,0.18417944468281913,-0.23282191336649083,-0.07121057228347757
228,9.5,12.376396963744085,12.205843550360512,0.830173440158386,0.8096372228665154,19.145028186136518,18.84267224816859,False,False,0.110268461344291,0.11000790467215568,0.0,0.0,0.14668014254457373,0.1840582162067703,-0.2338374379498387,-0.07145587066898974
228,10.0,13.301367838465533,12.160470770036373,1.0551466521750317,0.8420230737507446,18.262260135327832,16.485828900254027,False,False,0.11359036520407573,0.09617732661286293,0.0,0.0,0.1465607785871164,0.18393842324153903,-0.23483379069906302,-0.0716992539744089
228,10.5,13.452811974425138,11.770731504353769,1.1396741161104844,0.8478905540314999,17.732032963651637,15.095834260485557,False,True,0.11166098340424237,0.08671405608178509,0.0,0.0,0.14641277832340208,0.1838145285735454,-0.23607620898211487,-0.07195201045317194
228,11.0,12.329789165381309,11.349167396440098,1.0122404946081798,0.8487509707493429,17.75666554302433,15.885534077422783,False,False,0.10192754741858834,0.0866431905604827,0.0,0.0,0.1462540392349503,0.18368991144013663,-0.2374174916408049,-0.07220731249566952
228,11.5,13.068873053895535,11.307603218236903,1.1671499056599668,0.859137198626066,17.376156923328942,14.840588641661753,False,True,0.10648438301535379,0.08238256624264437,0.0,0.0,0.1461115722152569,0.18356520983314667,-0.23862901937375858,-0.07246386874901949
228,12.0,12.493525140630721,10.416509670193587,1.2199954273464697,0.8601056682612351,16.75385990588037,13.823405793546328,False,True,0.09856889834354624,0.0722991320077224,0.0,0.0,0.145949397568791,0.18343920977997527,-0.24001711583445956,-0.07272420026131739
228,12.5,12.701002369904858,10.442779212431507,1.2450324380001045,0.8737368913421149,16.5581670185694,13.377632778859631,False,True,0.09927920782508887,0.07105631627998157,0.0,0.0,0.14578052167470784,0.18331311134016484,-0.24147280766208798,-0.07298585146139196
228,13.0,11.993208110795292,9.96602398722376,1.214579899483698,0.8636678375325436,16.441589286665014,13.67286177816542,False,True,0.0931842688996401,0.06891351427905697,0.0,0.0,0.14560848834625703,0.18318530079240522,-0.24296654535414833,-0.07325220063641417
228,13.5,12.006309479939468,9.601143256230642,1.2798997606880338,0.8730846131796269,16.005175776178596,12.75530888920272,False,True,0.09131362136092544,0.06368663040301184,0.0,0.0,0.14544036886569225,0.183058798257984,-0.24443694820443598,-0.07351696515764998
228,14.0,10.82497911617486,9.461198362768343,1.092153033640278,0.8674368738457291,16.227551778686898,13.911765684424939,False,False,0.08290021011619186,0.06627792922349982,0.0,0.0,0.14526395876884712,0.18293112053258082,-0.24599127675144283,-0.07378534626420345
228,14.5,11.563544859375932,9.735683603875707,1.1704123077112731,0.8670990204280796,16.19900849714172,13.53544107929045,False,False,0.08872035725640028,0.06695403040135094,0.0,0.0,0.1451115071217359,0.18280418725885367,-0.24734400373694929,-0.07405332047315877
228,15.0,10.105823044533757,8.61435578106329,1.1109995993203268,0.8626983224161087,15.713110596622228,13.646667216635525,False,False,0.0757456970541954,0.060266167313063224,0.0,0.0,0.1449491160780638,0.182677321713055,-0.24879468508034897,-0.07432231115237123
228,15.5,9.540521387669335,8.233030825266598,1.0629025980723807,0.849253359907004,15.56411481298405,13.615014391109597,False,False,0.07098205474310096,0.057757688382030714,0.0,0.0,0.14479432961149535,0.18255104156489574,-0.2501868785943902,-0.07459121753596167
228,16.0,9.063768374458766,8.052541710161526,1.0075291869074245,0.8612456792524068,15.529837847526938,13.912706384722254,False,False,0.06715675745453391,0.058087388894612055,0.0,0.0,0.14464570576146518,0.18242649928059362,-0.2515323872816325,-0.07485755940004205
228,16.5,7.7149839851751345,7.195351198197631,0.8756525873579265,0.8413537733368777,15.343239060516936,14.64288014370069,False,False,0.05680248816683394,0.055311886605593795,0.0,0.0,0.14450417179820196,0.1823004532470925,-0.25282173228825217,-0.07512827166435679
228,17.0,8.432583079874586,7.664973114617862,0.9906933615850007,0.8669280953598683,15.131295767066096,13.326392773019858,False,False,0.06141621793799594,0.054400036048413,0.0,0.0,0.14437947673830348,0.18217696649103365,-0.2539642079655915,-0.07539461920704628
228,17.5,5.2648494001035955,5.681423107458785,0.5683368252452937,0.8168035408297257,15.524776352198618,17.253009224758323,False,False,0.038999989182722475,0.056148800933891935,0.0,0.0,0.1442401551871224,0.18205024505549952,-0.2552479777823077,-0.07566911410355612
228,18.0,3.858053485357634,4.442542373537762,0.39287386101675176,0.7882696826502135,15.830129358262162,19.255465980156668,False,False,0.028991204139934494,0.05826080077693378,0.0,0.0,0.14415468917312646,0.18192993539082297,-0.2560393256888679,-0.07593082283459744
228,18.5,3.4650279372067647,4.235561884984531,0.34434313447464243,0.7389727284979837,15.929498131624374,18.917945509100388,False,False,0.02616062020061307,0.05609466476153522,0.0,0.0,0.14409161627606898,0.18181328606617755,-0.25662520605761807,-0.07618559962250086
228.0,19.0,0.0,0.0,0.0,0.0,0.0,0.0,0.0,0.0,0.0,0.0,0.0,0.0,0.14403476105261412,0.18170294291281525,-0.257154700182001,-0.07642754091243655
228.0,19.5,0.0,0.0,0.0,0.0,0.0,0.0,0.0,0.0,0.0,0.0,0.0,0.0,0.14402181957995316,0.1816867931692337,-0.2572754062474799,-0.07646302801078612
228.0,20.0,0.0,0.0,0.0,0.0,0.0,0.0,0.0,0.0,0.0,0.0,0.0,0.0,0.14400891107353564,0.18167066741361537,-0.2573958720894231,-0.07649848198897248
228.0,20.5,0.0,0.0,0.0,0.0,0.0,0.0,0.0,0.0,0.0,0.0,0.0,0.0,0.14399603535561847,0.18165456557884133,-0.25751609889667965,-0.07653390291985018
228.0,21.0,0.0,0.0,0.0,0.0,0.0,0.0,0.0,0.0,0.0,0.0,0.0,0.0,0.14398319224988515,0.1816384875980629,-0.2576360878491355,-0.0765692908760314
228.0,21.5,0.0,0.0,0.0,0.0,0.0,0.0,0.0,0.0,0.0,0.0,0.0,0.0,0.14397038158143075,0.1816224334047,-0.2577558401178024,-0.07660464592988774
228.0,22.0,0.0,0.0,0.0,0.0,0.0,0.0,0.0,0.0,0.0,0.0,0.0,0.0,0.14395760317674694,0.18160640293243996,-0.25787535686490815,-0.07663996815355074
228.0,22.5,0.0,0.0,0.0,0.0,0.0,0.0,0.0,0.0,0.0,0.0,0.0,0.0,0.14394485686370725,0.18159039611523603,-0.25799463924398475,-0.07667525761891315
228.0,23.0,0.0,0.0,0.0,0.0,0.0,0.0,0.0,0.0,0.0,0.0,0.0,0.0,0.14393214247155245,0.18157441288730622,-0.2581136883999561,-0.07671051439762937
228.0,23.5,0.0,0.0,0.0,0.0,0.0,0.0,0.0,0.0,0.0,0.0,0.0,0.0,0.14391945983087628,0.18155845318313174,-0.258232505469223,-0.07674573856111717
228.0,24.0,0.0,0.0,0.0,0.0,0.0,0.0,0.0,0.0,0.0,0.0,0.0,0.0,0.14390680877361128,0.18154251693745566,-0.2583510915797486,-0.07678093018055841
229.0,0.5,0.0,0.0,0.0,0.0,0.0,0.0,0.0,0.0,0.0,0.0,0.0,0.0,0.14389418913301472,0.18152660408528176,-0.25846944785114284,-0.07681608932689973
229.0,1.0,0.0,0.0,0.0,0.0,0.0,0.0,0.0,0.0,0.0,0.0,0.0,0.0,0.14388160074365478,0.1815107145618731,-0.25858757539474564,-0.07685121607085382
229.0,1.5,0.0,0.0,0.0,0.0,0.0,0.0,0.0,0.0,0.0,0.0,0.0,0.0,0.1438690434413971,0.1814948483027506,-0.25870547531370636,-0.07688631048290048
229.0,2.0,0.0,0.0,0.0,0.0,0.0,0.0,0.0,0.0,0.0,0.0,0.0,0.0,0.14385651706339106,0.18147900524369182,-0.2588231487030683,-0.07692137263328738
229.0,2.5,0.0,0.0,0.0,0.0,0.0,0.0,0.0,0.0,0.0,0.0,0.0,0.0,0.14384402144805672,0.18146318532072975,-0.2589405966498456,-0.07695640259203121
229.0,3.0,0.0,0.0,0.0,0.0,0.0,0.0,0.0,0.0,0.0,0.0,0.0,0.0,0.1438315564350716,0.18144738847015132,-0.2590578202331039,-0.07699140042891836
229.0,3.5,0.0,0.0,0.0,0.0,0.0,0.0,0.0,0.0,0.0,0.0,0.0,0.0,0.1438191218653577,0.1814316146284963,-0.25917482052403706,-0.0770263662135062
229.0,4.0,0.0,0.0,0.0,0.0,0.0,0.0,0.0,0.0,0.0,0.0,0.0,0.0,0.14380671758106892,0.1814158637325558,-0.25929159858604484,-0.07706130001512396
229.0,4.5,0.0,0.0,0.0,0.0,0.0,0.0,0.0,0.0,0.0,0.0,0.0,0.0,0.14379434342557817,0.1814001357193713,-0.25940815547480867,-0.07709620190287333
229.0,5.0,0.0,0.0,0.0,0.0,0.0,0.0,0.0,0.0,0.0,0.0,0.0,0.0,0.1437819992434652,0.18138443052623301,-0.2595244922383663,-0.07713107194563015
229.0,5.5,0.0,0.0,0.0,0.0,0.0,0.0,0.0,0.0,0.0,0.0,0.0,0.0,0.14376968488050404,0.181368748090679,-0.2596406099171868,-0.07716591021204451
229,6.0,2.0449760792956884,2.164467439964997,0.06665696334190366,0.10855182566502743,11.387887374331545,13.86377478534998,False,False,0.02287050988559141,0.03744154633013608,0.0,0.0,0.14375740018365105,0.18135308835049357,-0.2597565095442434,-0.07720071677054233
229,6.5,2.7314882343095865,2.90985500644846,0.09741051387134644,0.15907249541773957,11.102597296546117,13.67435389651744,False,False,0.029370160449851898,0.04830837209625076,0.0,0.0,0.14373665071841063,0.18132361818201076,-0.25995240980900947,-0.07726627020226466
229,7.0,3.747218881242206,3.9470951288119185,0.14530700185820475,0.1948000720387995,10.853168436425864,12.521812327487558,False,False,0.03897748293455299,0.0529857214915416,0.0,0.0,0.1437120116164929,0.18128773259544395,-0.2601852616572353,-0.07734618365895575
229,7.5,10.438641537847701,11.186693870479825,0.4383916514220466,0.6994005282292168,21.196767038607447,25.97142921034341,False,False,0.10507860378896045,0.1712078228897606,0.0,0.0,0.14368129817116743,0.18124731665439792,-0.2604758671516885,-0.0774363036824048
229,8.0,11.913014422089983,12.594006486219516,0.600024766600017,0.7913698125550329,20.041082425930753,22.984735385968165,False,False,0.11174800822151026,0.15035585520239,0.0,0.0,0.14361326524557907,0.18114262051976363,-0.26112096158546005,-0.07767033901295436
229,8.5,12.923588113326595,13.144258647059994,0.7591726433831852,0.8165667661002116,19.089014233739057,19.957844106766913,False,False,0.11478360826418174,0.12641835940266477,0.0,0.0,0.14352466399502622,0.18102622687083855,-0.261963942881781,-0.07793151267993327
229,9.0,12.95630149363766,12.425232379583441,0.9074745171865275,0.828095406392986,17.97018568807757,17.0817517180069,False,False,0.10830855148685661,0.10101443942950009,0.0,0.0,0.14341581106455,0.18090664463107645,-0.26300404843549985,-0.07820093168311641
229,9.5,13.006091120075435,12.031766978491927,0.9935284959368853,0.8438738851070245,17.41732163869052,15.868118091789574,False,False,0.10565521884031787,0.09180184536152375,0.0,0.0,0.14328808855745045,0.18078561553120606,-0.2642307359961926,-0.0784747412112634
229,10.0,12.880263108278406,11.6851046880343,1.028248877493601,0.8468332157376727,17.0829558374557,15.20251089287913,False,False,0.10287648101266705,0.08626548164837278,0.0,0.0,0.1431494288831817,0.18066259794218437,-0.26557019345612654,-0.07875422077816112
229,10.5,12.522164818394469,11.176561450090468,1.0659958830699081,0.860417000793527,16.644741770905643,14.61307692893278,False,False,0.0978631185465268,0.08014511160651999,0.0,0.0,0.14300637362132185,0.18053922538372827,-0.26696060025111257,-0.07903569865987072
229,11.0,12.56443693180389,10.939895473989314,1.1213766325827415,0.8695299361129147,16.34313695108122,14.057498990283342,False,True,0.09675978882061989,0.07635196545595864,0.0,0.0,0.14285853707852425,0.18041414389218022,-0.2684066010000583,-0.07932230007172648
229,11.5,11.432508484265512,10.255113064899302,1.0364467308832346,0.8535041164420085,16.15243903377927,14.286010546870989,False,False,0.08723736311529726,0.07245566654748453,0.0,0.0,0.14270367213715823,0.1802879231407984,-0.26993136664225437,-0.07961276802386477
229,12.0,10.31367471147399,9.862115710069178,0.9458376398806425,0.860906546344221,8.01536496139104,7.510847967352894,False,False,0.07824315837166701,0.07190180607202096,0.0,0.0,0.14255965897784065,0.18016376657184416,-0.271358557412022,-0.07989972296594315
229,12.5,5.911994442767719,5.025771116677639,0.5156504327538218,0.38757501123289634,8.150251748213247,6.828314831682933,False,True,0.04543499520692338,0.034456687843025004,0.0,0.0,0.14242722130393745,0.1800386885990543,-0.27267897574214356,-0.08019005444961194
229,13.0,10.529335195520007,10.183326428098754,0.8911710111804418,0.8431079439311938,16.43964127921646,15.909351846189544,False,False,0.08146789828666687,0.07764975509887795,0.0,0.0,0.14234963247510285,0.17997395043258052,-0.27345610117777164,-0.08034081854211489
229,13.5,5.499400432881925,4.75394502241841,0.48517286830945205,0.3750103867065272,8.081832619926672,6.8664207750900434,False,True,0.04198655741164365,0.032687472918145465,0.0,0.0,0.14222421882055777,0.17985118422573332,-0.27471782497361347,-0.08062764851544871
229,14.0,5.110020398844438,4.4625785401602185,0.4534126988771805,0.3550851154677194,8.051751824705926,6.867392836039471,False,False,0.038901415734577775,0.030629401727606666,0.0,0.0,0.14215057141293905,0.17978809072771262,-0.27546198715028736,-0.0807755342546212
229,14.5,4.878594262980633,4.42133207308055,0.4117787960428002,0.3413551202813907,8.187912022918182,7.235855922907053,False,False,0.03763001083517566,0.031378886200005375,0.0,0.0,0.1420809999771815,0.179727558036778,-0.2761671711707923,-0.08091772155418375
229,15.0,4.722777018584472,4.352730841847805,0.36746277710578346,0.3111271163365269,8.422628345005167,7.568650417248437,False,False,0.03727661065359631,0.03179359503318808,0.0,0.0,0.142016762659717,0.17966879661365037,-0.2768201986054295,-0.08105603360249909
229,15.5,8.835915534856852,9.338182720244546,0.6951281669285029,0.830955670857937,16.74822895953576,18.34288836497238,False,False,0.06940724277949101,0.08356739205864962,0.0,0.0,0.14195820115425403,0.17961390878780784,-0.2774171302705888,-0.0811854825279109
229,16.0,2.986735909687325,2.96659344811702,0.25238431583001253,0.2491568162415664,8.139952148696846,8.057155691085523,False,False,0.02293091066679622,0.022648296755179022,0.0,0.0,0.1418579127322755,0.1794927992613724,-0.2784429607391597,-0.0814719828948375
229,16.5,2.1492936104280114,2.2564063075753804,0.18294560956509773,0.20559185657276968,8.108002791680073,8.761941482864735,False,False,0.016450645914406686,0.01846662314207496,0.0,0.0,0.14181407272782168,0.17944585142818556,-0.2788928108118098,-0.08158336800622001
229,17.0,1.4878525849103668,1.6556495810424516,0.1253217403768039,0.16520468523143353,8.132805744985223,9.726307263695736,False,False,0.011415235561178818,0.015023121898216191,0.0,0.0,0.14177910971193525,0.17940447658577563,-0.2792521933002621,-0.08168168147172403
229.0,17.5,0.0,0.0,0.0,0.0,0.0,0.0,0.0,0.0,0.0,0.0,0.0,0.0,0.14175151796587107,0.17936826972284375,-0.27953619658915113,-0.08176783079481628
229.0,18.0,0.0,0.0,0.0,0.0,0.0,0.0,0.0,0.0,0.0,0.0,0.0,0.0,0.14173992429119267,0.17935313662641433,-0.2796556335637593,-0.0818038700241063
229.0,18.5,0.0,0.0,0.0,0.0,0.0,0.0,0.0,0.0,0.0,0.0,0.0,0.0,0.14172835844919313,0.17933802474655738,-0.2797748443975353,-0.08183987761397447
229.0,19.0,0.0,0.0,0.0,0.0,0.0,0.0,0.0,0.0,0.0,0.0,0.0,0.0,0.14438708716889523,0.18199262969300894,-0.25389430398869983,-0.07579431004927474
229.0,19.5,0.0,0.0,0.0,0.0,0.0,0.0,0.0,0.0,0.0,0.0,0.0,0.0,0.15238219358895763,0.18998134215554155,-0.19160668188452096,-0.0605613445959326
229.0,20.0,0.0,0.0,0.0,0.0,0.0,0.0,0.0,0.0,0.0,0.0,0.0,0.0,0.15236047811704767,0.18995322858275565,-0.19174935268960666,-0.060608171711624595
229.0,20.5,0.0,0.0,0.0,0.0,0.0,0.0,0.0,0.0,0.0,0.0,0.0,0.0,0.15233885841351313,0.18992520682314287,-0.19189152005102442,-0.06065488883501409
229.0,21.0,0.0,0.0,0.0,0.0,0.0,0.0,0.0,0.0,0.0,0.0,0.0,0.0,0.1523173336116824,0.18989727619454247,-0.19203318813573508,-0.06070149672907755
229.0,21.5,0.0,0.0,0.0,0.0,0.0,0.0,0.0,0.0,0.0,0.0,0.0,0.0,0.15229590285649433,0.1898694360228494,-0.19217436105831318,-0.060747996148029254
229.0,22.0,0.0,0.0,0.0,0.0,0.0,0.0,0.0,0.0,0.0,0.0,0.0,0.0,0.152274565304293,0.18984168564188564,-0.1923150428818288,-0.060794387837458226
229.0,22.5,0.0,0.0,0.0,0.0,0.0,0.0,0.0,0.0,0.0,0.0,0.0,0.0,0.1522533201226268,0.18981402439327416,-0.1924552376187115,-0.06084067253446188
229.0,23.0,0.0,0.0,0.0,0.0,0.0,0.0,0.0,0.0,0.0,0.0,0.0,0.0,0.15223216649005208,0.18978645162631497,-0.19259494923159534,-0.0608868509677782
229.0,23.5,0.0,0.0,0.0,0.0,0.0,0.0,0.0,0.0,0.0,0.0,0.0,0.0,0.15221110359594112,0.1897589666978641,-0.1927341816341456,-0.060932923857914115
229.0,24.0,0.0,0.0,0.0,0.0,0.0,0.0,0.0,0.0,0.0,0.0,0.0,0.0,0.15219013064029394,0.18973156897221463,-0.1928729386918707,-0.060978891917272335
230.0,0.5,0.0,0.0,0.0,0.0,0.0,0.0,0.0,0.0,0.0,0.0,0.0,0.0,0.15216924683355457,0.18970425782098024,-0.19301122422291397,-0.06102475585027526
230.0,1.0,0.0,0.0,0.0,0.0,0.0,0.0,0.0,0.0,0.0,0.0,0.0,0.0,0.15214845139643102,0.1896770326229809,-0.1931490419988321,-0.06107051635348692
230.0,1.5,0.0,0.0,0.0,0.0,0.0,0.0,0.0,0.0,0.0,0.0,0.0,0.0,0.15212774355971903,0.18964989276413116,-0.19328639574535605,-0.06111617411573166
230.0,2.0,0.0,0.0,0.0,0.0,0.0,0.0,0.0,0.0,0.0,0.0,0.0,0.0,0.15210712256412998,0.18962283763732998,-0.19342328914313592,-0.06116172981821193
230.0,2.5,0.0,0.0,0.0,0.0,0.0,0.0,0.0,0.0,0.0,0.0,0.0,0.0,0.15208658766012184,0.18959586664235314,-0.19355972582847236,-0.06120718413462295
230.0,3.0,0.0,0.0,0.0,0.0,0.0,0.0,0.0,0.0,0.0,0.0,0.0,0.0,0.1520661381077341,0.1895689791857479,-0.19369570939403244,-0.061252537731264996
230.0,3.5,0.0,0.0,0.0,0.0,0.0,0.0,0.0,0.0,0.0,0.0,0.0,0.0,0.15204577317642626,0.18954217468072887,-0.1938312433895492,-0.06129779126715473
230.0,4.0,0.0,0.0,0.0,0.0,0.0,0.0,0.0,0.0,0.0,0.0,0.0,0.0,0.15202549214491934,0.18951545254707702,-0.19396633132251043,-0.06134294539413301
230.0,4.5,0.0,0.0,0.0,0.0,0.0,0.0,0.0,0.0,0.0,0.0,0.0,0.0,0.15200529430104082,0.18948881221103958,-0.19410097665883153,-0.06138800075697175
230.0,5.0,0.0,0.0,0.0,0.0,0.0,0.0,0.0,0.0,0.0,0.0,0.0,0.0,0.1519851789415731,0.18946225310523243,-0.19423518282351437,-0.06143295799347839
230.0,5.5,0.0,0.0,0.0,0.0,0.0,0.0,0.0,0.0,0.0,0.0,0.0,0.0,0.1519651453721046,0.18943577466854408,-0.19436895320129532,-0.06147781773459851
230,6.0,1.9899934136746458,2.0733394791038915,0.08215330640596408,0.11143246283962736,11.809247713860426,13.37925333810267,False,False,0.02365717751970188,0.03224321254672228,0.0,0.0,0.15194519290688432,0.18940937634604174,-0.19450229113727857,-0.06152258060451634
230,6.5,7.057575147551963,7.6590317184193,0.313548491825674,0.691836497688908,23.140037472643442,29.160771860388024,False,False,0.08100460353679004,0.18349327339926497,0.0,0.0,0.15191485184386957,0.1893688574395591,-0.19470526272264643,-0.06159136290971865
230,7.0,9.931055415755582,10.490488678952914,0.5004599430295222,0.7415219043113287,22.3883641596174,25.625593559258284,False,False,0.10812168793563098,0.1640683830725703,0.0,0.0,0.15185510320560186,0.18925445505172567,-0.19510569946717898,-0.06178606020247132
230,7.5,11.279418520487468,11.609093555533299,0.657579980684548,0.7898957644653569,21.47103272324656,22.918326378509327,False,False,0.11554745641179975,0.14242037138423505,0.0,0.0,0.15177161501770217,0.18913379959958926,-0.19566688397600507,-0.06199219442432954
230,8.0,10.092727223877763,10.584100531965909,0.6019443978955525,0.7756279359684333,21.2611836920081,23.724652836006243,False,False,0.10201234255774064,0.13415838873981373,0.0,0.0,0.15166818303052626,0.18900705768604695,-0.19636479470445078,-0.062209610153401075
230,8.5,10.444580278189187,10.934239479912089,0.6138581477886962,0.7809235682557867,21.343347111729223,23.825129983255664,False,False,0.10612270739797483,0.13818286489967618,0.0,0.0,0.15157191864124087,0.18888221139068465,-0.19701700813191556,-0.062424662901367285
230,9.0,12.54470755507991,12.618921246898424,0.7922476037391644,0.8141964012085081,20.952881365753306,21.360116998096075,False,False,0.12435971906515794,0.13260336247214144,0.0,0.0,0.1514742132134287,0.1887567671674266,-0.19768162598017902,-0.06264163833500005
230,9.5,13.728907686409645,12.954317438378819,0.9889643412149106,0.8330053124788278,20.071650260697794,18.644576997109255,False,False,0.12995434625710994,0.11410199849839284,0.0,0.0,0.1513538516549106,0.18862715928944068,-0.1985040327134035,-0.06286675993470085
230,10.0,12.776219717264432,11.994752318730674,0.9851802213457187,0.8373357872939585,19.5861519634825,18.007067492330087,False,False,0.11671424776276082,0.10166112476204087,0.0,0.0,0.15120849784775636,0.18849523042589172,-0.19950264714224644,-0.06309690366512875
230,10.5,13.131455826458954,12.619905822199996,0.9385110295724135,0.8377201597231625,20.03022763549017,19.016837540691874,False,False,0.12309860024372486,0.11261535373863732,0.0,0.0,0.15106370156115703,0.1883628251010091,-0.20050338819423508,-0.06332888854981053
230,11.0,13.319467862263632,12.663527363772673,0.9662042636708269,0.8414908721931095,19.917365889456033,18.681277534768547,False,False,0.12403615345727748,0.11099545930470286,0.0,0.0,0.1509249271528222,0.1882304456796647,-0.2014681277753583,-0.06356184470296901
230,11.5,14.169543924587813,12.649060311313768,1.1231142522940942,0.8555448767806834,19.384907232563222,17.17488080852172,False,False,0.12855395064392974,0.10219673164862954,0.0,0.0,0.1507826978122735,0.18809766013840715,-0.20246263012981278,-0.06379654197154447
230,12.0,12.594551561965986,11.693814552365474,1.0004792518666044,0.837940807604091,19.212356297254026,17.52135703731895,False,False,0.11263686134597914,0.09600078532422857,0.0,0.0,0.15062054649617132,0.1879631575611353,-0.20360357623101683,-0.06403532749841628
230,12.5,11.540344786280397,11.340148984456164,0.9050807736970117,0.8472884878847313,9.968338753471508,9.673848425348671,False,False,0.10758988516044536,0.10302951021549774,0.0,0.0,0.1531431819446805,0.19049906231158623,-0.18668592614266105,-0.059706666270902285
230,13.0,11.651552245689135,11.389165360649493,0.8868228908531931,0.8384510083380915,20.067459373223507,19.550673049605436,False,False,0.10946566336957467,0.10505805345141209,0.0,0.0,0.15300576666324728,0.19036157300308323,-0.18756324844652225,-0.059932231198198106
230,13.5,13.28479780722531,11.73635529573627,1.1215992662757082,0.8562913927639546,19.460548606595133,16.955259445147032,False,False,0.12049116343159899,0.09442942235462792,0.0,0.0,0.15287077568704308,0.190225312378288,-0.18842988012344003,-0.06015678280901001
230,14.0,12.764461378409603,10.946612070321576,1.166284389760118,0.859878453495808,18.874941589461276,16.159637965036467,False,False,0.112413096193865,0.08479820658049446,0.0,0.0,0.15270596326417848,0.19008687999046314,-0.1894944402916404,-0.06038594068238921
230,14.5,12.054817072550954,10.182533333011527,1.1727996965983447,0.8500659972772051,18.446479780368033,15.610266908130228,False,False,0.10366624467360314,0.07682815288701131,0.0,0.0,0.15253555237363542,0.18994809137839794,-0.19060270625264703,-0.06061673311022105
230,15.0,11.03485917089316,9.806645474545439,1.0624469635073388,0.8584885571559862,18.431504230316985,16.277168655579096,False,False,0.09453798101180874,0.07727824817073967,0.0,0.0,0.15236440623429723,0.18981065328793625,-0.19172353555662883,-0.06084631616866852
230,15.5,8.493301869023359,8.594300749591516,0.7713584663444777,0.8208692553282108,18.708554233270604,18.982690247432693,False,False,0.07386603250719256,0.07901696633575733,0.0,0.0,0.15220741681060435,0.18967224119806347,-0.1927585647845216,-0.06107857407944598
230,16.0,7.2654678552087235,7.771738153385165,0.6225643638675689,0.8065417313082229,19.02167132802871,21.094575559473846,False,False,0.06428808853254592,0.08360995595941752,0.0,0.0,0.15208761492050848,0.18953872157914575,-0.1935528978471734,-0.061303623968843965
230,16.5,3.658297813077836,3.671987681324896,0.19493176067333398,0.19656166459449267,11.356060827160452,11.451132853719466,False,False,0.04073123348776337,0.04154115532911039,0.0,0.0,0.1546555708895403,0.19207469781189163,-0.17734604885596592,-0.05719255494165445
230,17.0,8.20043482137556,8.80722082847835,0.3363854648616835,0.7001746376161002,24.383387651395157,28.993443583962687,False,False,0.10339757951079813,0.22339671932393623,0.0,0.0,0.15460583960698657,0.1920162356941517,-0.1776441866698544,-0.05728355718469031
230,17.5,8.653330602263642,9.144398371180914,0.4708505375572011,0.7690707773957074,22.63131983677823,25.057012199664594,False,False,0.09580378504386354,0.16184238998386868,0.0,0.0,0.15453820572155402,0.19189373187006742,-0.178050609042607,-0.05747480700943697
230,18.0,9.013430448774727,9.588209364274181,0.5012738693791182,0.7913060623294026,22.447161115249877,24.062112142577163,False,False,0.09852776557312634,0.1602947627690121,0.0,0.0,0.1544535585567858,0.19176258226529916,-0.1785608288580983,-0.05768039824260505
230,18.5,4.5756590577569645,5.155416140521187,0.2320901511183438,0.6959246976800174,22.876238247809425,26.82288192755403,False,False,0.05153704206586316,0.15668515768554805,0.0,0.0,0.1543651552034441,0.19162873176887182,-0.17909555032475422,-0.0578911275434787
230.0,19.0,0.0,0.0,0.0,0.0,0.0,0.0,0.0,0.0,0.0,0.0,0.0,0.0,0.1543111742033249,0.1915071673824063,-0.17942300103910042,-0.058083309332442115
230.0,19.5,0.0,0.0,0.0,0.0,0.0,0.0,0.0,0.0,0.0,0.0,0.0,0.0,0.15428688741837418,0.1914744168183469,-0.1795705582008825,-0.058135214792813965
230.0,20.0,0.0,0.0,0.0,0.0,0.0,0.0,0.0,0.0,0.0,0.0,0.0,0.0,0.15426271777023604,0.1914417952717391,-0.179717547248369,-0.05818697072620224
230.0,20.5,0.0,0.0,0.0,0.0,0.0,0.0,0.0,0.0,0.0,0.0,0.0,0.0,0.1542386640929137,0.19140930157839134,-0.17986397336167384,-0.05823857839904438
230.0,21.0,0.0,0.0,0.0,0.0,0.0,0.0,0.0,0.0,0.0,0.0,0.0,0.0,0.1542147252375976,0.19137693459067223,-0.18000984164919484,-0.05829003906029888
230.0,21.5,0.0,0.0,0.0,0.0,0.0,0.0,0.0,0.0,0.0,0.0,0.0,0.0,0.15419090007233124,0.19134469317719366,-0.18015515714894192,-0.058341353941771215
230.0,22.0,0.0,0.0,0.0,0.0,0.0,0.0,0.0,0.0,0.0,0.0,0.0,0.0,0.15416718748168476,0.19131257622250175,-0.1802999248298359,-0.0583925242584315
230.0,22.5,0.0,0.0,0.0,0.0,0.0,0.0,0.0,0.0,0.0,0.0,0.0,0.0,0.15414358636643674,0.19128058262677466,-0.1804441495929757,-0.05844355120872561
230.0,23.0,0.0,0.0,0.0,0.0,0.0,0.0,0.0,0.0,0.0,0.0,0.0,0.0,0.15412009564326337,0.19124871130552798,-0.18058783627287744,-0.05849443597487851
230.0,23.5,0.0,0.0,0.0,0.0,0.0,0.0,0.0,0.0,0.0,0.0,0.0,0.0,0.15409671424443502,0.1912169611893268,-0.18073098963868509,-0.058545179723190933
230.0,24.0,0.0,0.0,0.0,0.0,0.0,0.0,0.0,0.0,0.0,0.0,0.0,0.0,0.15407344111752014,0.1911853312235045,-0.18087361439535307,-0.05859578360432919
231.0,0.5,0.0,0.0,0.0,0.0,0.0,0.0,0.0,0.0,0.0,0.0,0.0,0.0,0.15405027522509585,0.19115382036788842,-0.18101571518480308,-0.0586462487536083
231.0,1.0,0.0,0.0,0.0,0.0,0.0,0.0,0.0,0.0,0.0,0.0,0.0,0.0,0.15402721554446566,0.1911224275965312,-0.18115729658705368,-0.058696576291269176
231.0,1.5,0.0,0.0,0.0,0.0,0.0,0.0,0.0,0.0,0.0,0.0,0.0,0.0,0.1540042610673835,0.19109115189744919,-0.18129836312132552,-0.05874676732274869
231.0,2.0,0.0,0.0,0.0,0.0,0.0,0.0,0.0,0.0,0.0,0.0,0.0,0.0,0.15398141079978425,0.1910599922723661,-0.18143891924712133,-0.05879682293894477
231.0,2.5,0.0,0.0,0.0,0.0,0.0,0.0,0.0,0.0,0.0,0.0,0.0,0.0,0.1539586637615207,0.19102894773646303,-0.1815789693652814,-0.05884674421647467
231.0,3.0,0.0,0.0,0.0,0.0,0.0,0.0,0.0,0.0,0.0,0.0,0.0,0.0,0.15393601898610615,0.19099801731813396,-0.1817185178190177,-0.05889653221792782
231.0,3.5,0.0,0.0,0.0,0.0,0.0,0.0,0.0,0.0,0.0,0.0,0.0,0.0,0.1539134755204632,0.19096720005874657,-0.18185756889492272,-0.05894618799211361
231.0,4.0,0.0,0.0,0.0,0.0,0.0,0.0,0.0,0.0,0.0,0.0,0.0,0.0,0.1538910324246784,0.1909364950124091,-0.1819961268239571,-0.058995712574302556
231.0,4.5,0.0,0.0,0.0,0.0,0.0,0.0,0.0,0.0,0.0,0.0,0.0,0.0,0.1538686887717619,0.19090590124574175,-0.18213419578241766,-0.05904510698646348
231.0,5.0,0.0,0.0,0.0,0.0,0.0,0.0,0.0,0.0,0.0,0.0,0.0,0.0,0.1538464436474134,0.19087541783765352,-0.1822717798928802,-0.05909437223749446
231.0,5.5,0.0,0.0,0.0,0.0,0.0,0.0,0.0,0.0,0.0,0.0,0.0,0.0,0.1538242961497924,0.19084504387912402,-0.18240888322512674,-0.05914350932344951
231.0,6.0,0.0,0.0,0.0,0.0,0.0,0.0,0.0,0.0,0.0,0.0,0.0,0.0,0.15380224538929446,0.19081477847299014,-0.18254550979704812,-0.05919251922775964
231,6.5,2.644779935653022,2.7845761304640417,0.09444981671284823,0.15343015031089213,12.479544902350122,14.598256041378416,False,False,0.03494189624786674,0.057321612424404644,0.0,0.0,0.15378029048833183,0.19078462073373711,-0.18268166357553145,-0.059241402921450165
231,7.0,3.602780296867979,3.7687989416243624,0.133684165291088,0.1940921969171142,12.375362793569055,14.111563293121792,False,False,0.04678898946980076,0.06905117340703722,0.0,0.0,0.15374639457772893,0.1907350177556064,-0.18289210745896003,-0.059321910718786786
231,7.5,3.744269891258048,3.9302846269425613,0.14659397636076732,0.216680171313877,12.191576508351229,14.037057810202484,False,False,0.04720984344841707,0.07064390746409621,0.0,0.0,0.15370759306429221,0.19068033902953002,-0.1831333626173464,-0.05941080777348444
231,8.0,5.020215397048397,5.173588500375884,0.2078418608994398,0.2500991108779386,12.042983696303114,13.03418137379903,False,False,0.06184103176651201,0.07601781070769331,0.0,0.0,0.15366723971440302,0.19062288693312887,-0.18338466892754848,-0.059504384852472496
231,8.5,4.617452642361297,4.85052796009354,0.19600598542741943,0.27811770935337,11.933994428645589,13.662397622096336,False,False,0.05593549171332483,0.08053523988952035,0.0,0.0,0.15361917384101684,0.19056128040540626,-0.18368454248475152,-0.059604923794014615
231,9.0,3.595143434666981,3.8309849179488618,0.18480593679859475,0.2768365835787884,11.291574984992332,13.337884584131473,False,False,0.039669989823007845,0.05959387195919576,0.0,0.0,0.1535727078907431,0.19049620679663237,-0.18397498999559825,-0.05971134073147197
231,9.5,11.810267618989645,11.854244142590776,0.7724251735803606,0.8040695266358906,21.105530632621456,21.44742209424149,False,False,0.11820339724776358,0.12453907203182366,0.0,0.0,0.15352776002857008,0.1904313990325734,-0.18425646912293525,-0.05981754798758611
231,10.0,12.385187778242283,12.163508555319012,0.8583629464753967,0.8228345250547233,20.71308986027566,20.191924926488493,False,False,0.12097068759194453,0.11738537859275774,0.0,0.0,0.1534080202447406,0.19029950628293693,-0.18500882911918107,-0.06003439039633159
231,10.5,14.426561870904322,12.820722545879516,1.1290119771865252,0.8532337563045966,19.977097789954055,17.121989123156844,False,False,0.13481725912849774,0.10413152936300427,0.0,0.0,0.15327741841767975,0.19016532323577512,-0.1858336158557492,-0.06025596004897652
231,11.0,14.197704166098184,11.791478283293653,1.2694966770723601,0.8575235913951237,19.09408149069366,15.206222108148834,False,True,0.12613562791041752,0.08690012252428322,0.0,0.0,0.15311241549844926,0.19002736651902039,-0.18688192772835505,-0.0604847775498182
231,11.5,14.010597247844341,11.372047892227766,1.3204160805576515,0.8646709417018511,18.708768044988346,14.691985796243955,False,True,0.1222510891301864,0.08192401100529989,0.0,0.0,0.15292959792205305,0.18988896254623996,-0.1880516606523284,-0.06071537797020272
231,12.0,13.195202873427636,10.545893071201483,1.3333545891156668,0.8603727732620506,18.276672933270902,14.35978783451219,False,True,0.11247193096697569,0.07477795278720306,0.0,0.0,0.15274037848528335,0.18974974640637957,-0.18927155398129988,-0.06094838910444711
231,12.5,13.440690820663228,10.331675308642904,1.4186632179174377,0.8749290591413554,17.88471833443298,13.437851144897401,False,True,0.1122093005866173,0.070407948403028,0.0,0.0,0.1525495964506116,0.18961117587333734,-0.1905110792224884,-0.06118137849454165
231,13.0,13.124859129270828,10.220882967610676,1.3837704688375334,0.874707783441757,17.84067973721406,13.506152316638747,False,True,0.10897598586682072,0.06976790109790201,0.0,0.0,0.1523480287526478,0.18947084752030507,-0.19183120218439187,-0.061418405728738905
231,13.5,12.753959606306205,9.817642695379776,1.4067942852794788,0.8825870963047964,17.527926710785117,13.318601072032365,False,True,0.10456281440635132,0.06698131219384826,0.0,0.0,0.15215099225814202,0.18933064375115607,-0.19313219663824707,-0.061656315991493106
231,14.0,12.5988157775077,9.799018444258495,1.3646486586156485,0.871456765122006,17.579598630812733,13.362152555678055,False,False,0.10320191982316511,0.06673808761071912,0.0,0.0,0.1519511057771217,0.189189531552333,-0.1944627653663197,-0.06189687731176567
231,14.5,12.092919960421966,9.442187262603106,1.3418719307531526,0.8711182163889852,17.392478304425225,13.324303683928427,False,False,0.09811258663413727,0.06457193011218608,0.0,0.0,0.15175667332184775,0.18904993265163914,-0.19576752070928707,-0.06213596000822355
231,15.0,11.069477979287278,8.916540602020044,1.2578400934849872,0.8729689813572513,17.18469476733597,13.808207064323316,False,False,0.08909547751263941,0.06282461644148182,0.0,0.0,0.1515652259569922,0.1889104711067522,-0.19706244849581914,-0.0623759069510694
231,15.5,9.814951119924187,8.327327769757161,1.1068589196186533,0.8678019540971974,17.2156560511836,14.994279879516109,False,False,0.07909153910771001,0.06327737764021044,0.0,0.0,0.1513845688980985,0.188770867220491,-0.19829376105929297,-0.06261720531112372
231,16.0,10.085380678544944,8.39701073915886,1.1669349392963253,0.8614935605744364,17.01360974558522,13.959155897797409,False,False,0.08042008732186706,0.06047602734792274,0.0,0.0,0.15122323300060048,0.18863201459127762,-0.1994011410128125,-0.06285830918705837
231,16.5,8.287904300187389,7.504597603052092,0.9145083323917417,0.8479778930237091,17.23005699749769,15.957548568309349,False,False,0.06668920727008198,0.06251584336870851,0.0,0.0,0.1510543219814536,0.18849405797649152,-0.20056841998329866,-0.06309895344404702
231,17.0,7.387561086091838,7.036768614504403,0.7721688803519916,0.8322731041660291,17.491971831982756,17.034019038822343,False,False,0.060242634069950576,0.06535649533055271,0.0,0.0,0.1509176582531031,0.1883579151372092,-0.20151881236810482,-0.06333751072832132
231,17.5,6.391284008203732,6.417748318497288,0.6566123251036416,0.8244857778506832,17.544515941593744,17.773009944969495,False,False,0.05225914648623281,0.06587892317942735,0.0,0.0,0.1507992124425495,0.18822386436535277,-0.20234685612312406,-0.06357345286142124
231,18.0,4.915813735782493,5.252087330733872,0.4961569826346708,0.7724139028063581,17.6029573014848,18.736462444950515,False,False,0.040315877783599345,0.06283687603836365,0.0,0.0,0.1506955708786782,0.18809089605060056,-0.20307473212833133,-0.06380852504997028
231,18.5,6.552037887142254,6.91367469798793,0.6712691245564829,0.8231733719382255,17.480861110913438,16.439365653770132,False,False,0.0533988519398858,0.06549406768357516,0.0,0.0,0.1506124544951212,0.18796465283820177,-0.20366071442878889,-0.06403266705116646
231.0,19.0,0.0,0.0,0.0,0.0,0.0,0.0,0.0,0.0,0.0,0.0,0.0,0.0,0.15050710035593587,0.18783202999279328,-0.20440637395936867,-0.06426914712317226
231.0,19.5,0.0,0.0,0.0,0.0,0.0,0.0,0.0,0.0,0.0,0.0,0.0,0.0,0.15048736455649242,0.1878043945690704,-0.20454641850596292,-0.0643185548269224
231.0,20.0,0.0,0.0,0.0,0.0,0.0,0.0,0.0,0.0,0.0,0.0,0.0,0.0,0.15046770478048577,0.18777684665431665,-0.204686037267769,-0.0643678511259168
231.0,20.5,0.0,0.0,0.0,0.0,0.0,0.0,0.0,0.0,0.0,0.0,0.0,0.0,0.150448120414553,0.18774938562021734,-0.20482523339634764,-0.06441703676488632
231.0,21.0,0.0,0.0,0.0,0.0,0.0,0.0,0.0,0.0,0.0,0.0,0.0,0.0,0.15042861085267878,0.18772201084564427,-0.20496401000778725,-0.06446611248027427
231.0,21.5,0.0,0.0,0.0,0.0,0.0,0.0,0.0,0.0,0.0,0.0,0.0,0.0,0.1504091754960793,0.1876947217165446,-0.2051023701832384,-0.06451507900036156
231.0,22.0,0.0,0.0,0.0,0.0,0.0,0.0,0.0,0.0,0.0,0.0,0.0,0.0,0.150389813753088,0.1876675176258312,-0.2052403169694398,-0.06456393704539067
231.0,22.5,0.0,0.0,0.0,0.0,0.0,0.0,0.0,0.0,0.0,0.0,0.0,0.0,0.1503705250390442,0.1876403979732757,-0.20537785337923042,-0.0646126873276858
231.0,23.0,0.0,0.0,0.0,0.0,0.0,0.0,0.0,0.0,0.0,0.0,0.0,0.0,0.1503513087761831,0.18761336216540309,-0.20551498239205754,-0.06466133055177241
231.0,23.5,0.0,0.0,0.0,0.0,0.0,0.0,0.0,0.0,0.0,0.0,0.0,0.0,0.1503321643935289,0.18758640961538864,-0.20565170695446866,-0.06470986741449336
231.0,24.0,0.0,0.0,0.0,0.0,0.0,0.0,0.0,0.0,0.0,0.0,0.0,0.0,0.1503130913267889,0.1875595397429569,-0.2057880299806015,-0.06475829860512299
232.0,0.5,0.0,0.0,0.0,0.0,0.0,0.0,0.0,0.0,0.0,0.0,0.0,0.0,0.15029408901825056,0.1875327519742822,-0.20592395435265876,-0.06480662480547959
232.0,1.0,0.0,0.0,0.0,0.0,0.0,0.0,0.0,0.0,0.0,0.0,0.0,0.0,0.15027515691668,0.18750604574189147,-0.20605948292137746,-0.06485484669003556
232.0,1.5,0.0,0.0,0.0,0.0,0.0,0.0,0.0,0.0,0.0,0.0,0.0,0.0,0.15025629447722258,0.18747942048456864,-0.20619461850648918,-0.06490296492602496
232.0,2.0,0.0,0.0,0.0,0.0,0.0,0.0,0.0,0.0,0.0,0.0,0.0,0.0,0.15023750116130544,0.18745287564726087,-0.20632936389717133,-0.06495098017355029
232.0,2.5,0.0,0.0,0.0,0.0,0.0,0.0,0.0,0.0,0.0,0.0,0.0,0.0,0.15021877643654186,0.1874264106809867,-0.20646372185248987,-0.06499889308568604
232.0,3.0,0.0,0.0,0.0,0.0,0.0,0.0,0.0,0.0,0.0,0.0,0.0,0.0,0.1502001197766373,0.18740002504274575,-0.20659769510183604,-0.06504670430858099
232.0,3.5,0.0,0.0,0.0,0.0,0.0,0.0,0.0,0.0,0.0,0.0,0.0,0.0,0.15018153066129752,0.1873737181954301,-0.20673128634535085,-0.06509441448155891
232.0,4.0,0.0,0.0,0.0,0.0,0.0,0.0,0.0,0.0,0.0,0.0,0.0,0.0,0.1501630085761379,0.18734748960773748,-0.20686449825434877,-0.06514202423721663
232.0,4.5,0.0,0.0,0.0,0.0,0.0,0.0,0.0,0.0,0.0,0.0,0.0,0.0,0.1501445530125951,0.18732133875408574,-0.20699733347172583,-0.06518953420152122
232.0,5.0,0.0,0.0,0.0,0.0,0.0,0.0,0.0,0.0,0.0,0.0,0.0,0.0,0.15012616346783975,0.1872952651145294,-0.20712979461236758,-0.06523694499390452
232.0,5.5,0.0,0.0,0.0,0.0,0.0,0.0,0.0,0.0,0.0,0.0,0.0,0.0,0.15010783944469133,0.1872692681746772,-0.20726188426354375,-0.06528425722735684
232.0,6.0,0.0,0.0,0.0,0.0,0.0,0.0,0.0,0.0,0.0,0.0,0.0,0.0,0.15008958045153412,0.18724334742561144,-0.207393604985301,-0.06533147150851852
232,6.5,7.1289500267776305,7.6166956220263105,0.24678304468297166,0.6640139337669357,24.161161481181267,31.186343199934768,False,False,0.0883315966548735,0.2435822956233847,0.0,0.0,0.15007138600223494,0.18721750236380877,-0.20752495931084547,-0.06537858843776967
232,7.0,10.300159407381631,10.891022323365743,0.4342204347152626,0.7363250267424383,22.99840859973251,27.337735247171793,False,False,0.11702611798880491,0.2055141094426165,0.0,0.0,0.150021807364855,0.1871071153447701,-0.2078833942935749,-0.06558028618409262
232,7.5,12.146636575299683,12.525118874276515,0.640013119070625,0.7809685725543127,21.61890347533207,23.43947856613663,False,False,0.1256275801059451,0.15834609659602428,0.0,0.0,0.1499484066461634,0.18698758821770067,-0.20841540937122566,-0.06579952123033989
232,8.0,12.7005469252829,12.405997485678652,0.8321348981720127,0.7970497272717292,20.214605543801557,19.642817578391607,False,False,0.12036691386790171,0.1186381678769238,0.0,0.0,0.14984884430968134,0.18686244624744833,-0.20913964115671485,-0.06602999134060707
232,8.5,12.987402299133484,12.20422167772928,0.9559976542322403,0.8308655441270928,19.423753259301172,17.958350831751936,False,False,0.11799620541700521,0.10557482407452695,0.0,0.0,0.14972486201197246,0.18673532873640875,-0.2100457038604008,-0.06626508513596606
232,9.0,13.23592139674198,12.279748238772488,0.9993147603442989,0.8358994450148349,19.285232802730803,17.65815676715648,False,False,0.11935911579391179,0.10375684989895717,0.0,0.0,0.1495851577306889,0.18660397522946667,-0.21107227308062615,-0.06650906154404448
232,9.5,12.898849393097187,11.62680140197429,1.0549489338012736,0.8404261158413023,18.797416743036052,16.88624158668982,False,False,0.1131951823613274,0.09434816941233598,0.0,0.0,0.14943999516761397,0.18647205301365202,-0.2121452898726985,-0.06675517227483489
232,10.0,13.327386338445228,11.233768047146812,1.227997391988585,0.8709059022548578,17.879462850536104,14.556948399611429,False,True,0.11139502489253397,0.08082339692136149,0.0,0.0,0.1492878042745901,0.1863396262588424,-0.21327724537800943,-0.06700331635933103
232,10.5,12.82510806181136,10.884675419972652,1.2056567866800143,0.8764827010199951,17.705335392742665,14.45198053211378,False,False,0.10574018161072568,0.07789188760842722,0.0,0.0,0.1491136221770017,0.18620338722413013,-0.21458160899230033,-0.06725975178396465
232,11.0,6.157238897014849,5.009569671956733,0.5780279555435859,0.392447639000997,8.817359255895763,6.8593728849796625,False,True,0.05057995543811549,0.03459229457984522,0.0,0.0,0.14894234740753654,0.18606650890832954,-0.21587347949880126,-0.0675185689560995
232,11.5,13.223982708992368,10.816915869820871,1.269522123050778,0.8710184383023307,17.538963958053408,13.898289826654743,False,True,0.10809673301429079,0.07546894226982356,0.0,0.0,0.1488511130963302,0.18599138346185257,-0.21656541283801692,-0.0676611246845131
232,12.0,11.371487132022388,9.840867253058567,1.1299940192395779,0.8597489455463483,17.21387728218413,14.316135445285543,False,False,0.09142665199699365,0.0699825739876405,0.0,0.0,0.1486718192922138,0.1858553428878329,-0.21793291616461766,-0.06792018484769141
232,12.5,12.121807476882474,10.13989401856233,1.1974853916227228,0.8594835856442944,17.227241941744538,13.863876870067319,False,False,0.09752509485750682,0.07067413405517993,0.0,0.0,0.14851036505317075,0.18572080845547487,-0.21917316616195723,-0.0681775399666925
232,13.0,12.340010522800346,9.918547999434084,1.2742107333731525,0.8679015597855446,16.936729654387385,13.30945513788794,False,False,0.09784306673191819,0.06746490803313343,0.0,0.0,0.14834036888865057,0.18558637743746803,-0.22048813303927647,-0.06843585861318377
232,13.5,12.286651639686223,9.797565110105825,1.3198138218567228,0.8829761838305487,16.697728837214527,13.192487223154727,False,True,0.09667807219316697,0.06641163880400772,0.0,0.0,0.14816065367097267,0.1854509428567857,-0.22188851426386774,-0.06869728578609838
232,14.0,11.64303378393923,9.049801113334516,1.3347753944849237,0.8789593345653561,16.21196428811686,12.6011724421666,False,True,0.08946658022014731,0.059943808059008966,0.0,0.0,0.14797518498279819,0.18531365600677208,-0.2233448539024575,-0.06896350367832482
232,14.5,10.700678261360492,9.192902268415537,1.1329527622785014,0.874589197041354,16.61213941434673,13.94984563910581,False,False,0.08349412165971686,0.06483753601627541,0.0,0.0,0.14778786714943107,0.18517694934017936,-0.22482728789338358,-0.06922981882069391
232,15.0,10.899337412995951,9.130666299855507,1.1681035872612504,0.8716078724938959,16.53056722969119,13.71818523073291,False,False,0.08470529094862961,0.06394542245564822,0.0,0.0,0.14762632518213126,0.18504086745485648,-0.22611515429389684,-0.06949613468193502
232,15.5,9.873127582711282,8.632972064217181,1.0681065220334196,0.8686557320810996,16.399678076409877,14.171329074616175,False,False,0.07624247562345156,0.062393215443545896,0.0,0.0,0.14746036049282288,0.18490523295202302,-0.22744744482420626,-0.06976279050986985
232,16.0,7.325691606649892,7.466162300355748,0.7445686994015794,0.8208951626438155,16.696461143932332,16.948559894658683,False,False,0.05739752047831146,0.06340795182569388,0.0,0.0,0.14730719495806277,0.18477004169832126,-0.22868529595449882,-0.07002978889043289
232,16.5,8.522829583846141,8.161073738530673,0.8258671394508105,0.8371125158170579,16.978000200219384,16.35520965896705,False,False,0.06771620277777333,0.06910209635844697,0.0,0.0,0.1471953146079539,0.18464100334648226,-0.22959456386761426,-0.07028577189335602
232,17.0,7.251502858907514,7.249430132991562,0.6801244310232423,0.8057809424625598,17.1663809055872,17.722766921334287,False,False,0.05816239681545143,0.0696583431811677,0.0,0.0,0.14707312964160107,0.18450996460526306,-0.23059250439740359,-0.07054686497174285
232,17.5,5.493715967995461,5.868963909159145,0.488700515315443,0.7754904812506274,17.40927220757872,19.616061631753205,False,False,0.04460996322740435,0.07108586011206817,0.0,0.0,0.14696957216175843,0.18438298436461525,-0.23144235417537018,-0.0708009747296607
232,18.0,3.334480156788405,3.8365801074365455,0.2817329369909268,0.7221005519168769,17.677284651739733,22.06474905779951,False,False,0.027452139357079595,0.07050919982416093,0.0,0.0,0.14689046307234227,0.18425992955434747,-0.23209408203649642,-0.0710482701852121
232.0,18.5,0.0,0.0,0.0,0.0,0.0,0.0,0.0,0.0,0.0,0.0,0.0,0.0,0.1468377827698486,0.18414374340955614,-0.23252929348170806,-0.07128270724702661
232.0,19.0,0.0,0.0,0.0,0.0,0.0,0.0,0.0,0.0,0.0,0.0,0.0,0.0,0.14682105844040272,0.1841196411979815,-0.23266766264396582,-0.07133145536127798
232.0,19.5,0.0,0.0,0.0,0.0,0.0,0.0,0.0,0.0,0.0,0.0,0.0,0.0,0.14680438770248636,0.1840956032467449,-0.23280568605883675,-0.07138011307224591
232.0,20.0,0.0,0.0,0.0,0.0,0.0,0.0,0.0,0.0,0.0,0.0,0.0,0.0,0.14678777019171507,0.18407162917261763,-0.23294336588581863,-0.07142868087684115
232.0,20.5,0.0,0.0,0.0,0.0,0.0,0.0,0.0,0.0,0.0,0.0,0.0,0.0,0.1467712055473927,0.18404771859603244,-0.23308070426386496,-0.07147715926735124
232.0,21.0,0.0,0.0,0.0,0.0,0.0,0.0,0.0,0.0,0.0,0.0,0.0,0.0,0.14675469341246214,0.18402387114103577,-0.23321770331164682,-0.07152554873149987
232.0,21.5,0.0,0.0,0.0,0.0,0.0,0.0,0.0,0.0,0.0,0.0,0.0,0.0,0.14673823343345666,0.18400008643524057,-0.23335436512781077,-0.07157384975250512
232.0,22.0,0.0,0.0,0.0,0.0,0.0,0.0,0.0,0.0,0.0,0.0,0.0,0.0,0.14672182526045244,0.18397636410978035,-0.2334906917912308,-0.07162206280913656
232.0,22.5,0.0,0.0,0.0,0.0,0.0,0.0,0.0,0.0,0.0,0.0,0.0,0.0,0.1467054685470212,0.18395270379926332,-0.2336266853612615,-0.07167018837577205
232.0,23.0,0.0,0.0,0.0,0.0,0.0,0.0,0.0,0.0,0.0,0.0,0.0,0.0,0.14668916295018467,0.18392910514172797,-0.2337623478779778,-0.07171822692245264
232.0,23.5,0.0,0.0,0.0,0.0,0.0,0.0,0.0,0.0,0.0,0.0,0.0,0.0,0.14667290813036854,0.18390556777859882,-0.23389768136242242,-0.07176617891493786
232.0,24.0,0.0,0.0,0.0,0.0,0.0,0.0,0.0,0.0,0.0,0.0,0.0,0.0,0.14665670375135834,0.18388209135464315,-0.23403268781683942,-0.07181404481475907
233.0,0.5,0.0,0.0,0.0,0.0,0.0,0.0,0.0,0.0,0.0,0.0,0.0,0.0,0.14664054948025507,0.18385867551792845,-0.23416736922491094,-0.07186182507927234
233.0,1.0,0.0,0.0,0.0,0.0,0.0,0.0,0.0,0.0,0.0,0.0,0.0,0.0,0.1466244449874323,0.1838353199197804,-0.2343017275519863,-0.07190952016171066
233.0,1.5,0.0,0.0,0.0,0.0,0.0,0.0,0.0,0.0,0.0,0.0,0.0,0.0,0.14660838994649344,0.18381202421474155,-0.23443576474530975,-0.07195713051123534
233.0,2.0,0.0,0.0,0.0,0.0,0.0,0.0,0.0,0.0,0.0,0.0,0.0,0.0,0.14659238403423014,0.1837887880605308,-0.2345694827342428,-0.07200465657298626
233.0,2.5,0.0,0.0,0.0,0.0,0.0,0.0,0.0,0.0,0.0,0.0,0.0,0.0,0.14657642693058082,0.1837656111180035,-0.23470288343048523,-0.07205209878813143
233.0,3.0,0.0,0.0,0.0,0.0,0.0,0.0,0.0,0.0,0.0,0.0,0.0,0.0,0.14656051831859043,0.1837424930511119,-0.23483596872829096,-0.07209945759391613
233.0,3.5,0.0,0.0,0.0,0.0,0.0,0.0,0.0,0.0,0.0,0.0,0.0,0.0,0.14654465788437043,0.1837194335268666,-0.23496874050468156,-0.07214673342371093
233.0,4.0,0.0,0.0,0.0,0.0,0.0,0.0,0.0,0.0,0.0,0.0,0.0,0.0,0.14652884531705973,0.18369643221529833,-0.23510120061965556,-0.07219392670705929
233.0,4.5,0.0,0.0,0.0,0.0,0.0,0.0,0.0,0.0,0.0,0.0,0.0,0.0,0.14651308030878593,0.1836734887894206,-0.23523335091639602,-0.07224103786972386
233.0,5.0,0.0,0.0,0.0,0.0,0.0,0.0,0.0,0.0,0.0,0.0,0.0,0.0,0.14649736255462742,0.18365060292519264,-0.2353651932214739,-0.07228806733373266
233.0,5.5,0.0,0.0,0.0,0.0,0.0,0.0,0.0,0.0,0.0,0.0,0.0,0.0,0.14648169175257603,0.18362777430148305,-0.23549672934504795,-0.07233501551742441
233,6.0,4.247203940569344,4.46438357513471,0.0767909908692626,0.5014266993821186,13.552716315350871,17.682688293514094,False,False,0.06828456707488724,0.4713930404898894,0.0,0.0,0.14646606760350006,0.1836050026000341,-0.2356279610810635,-0.0723818828354929
233,6.5,9.715864792304782,10.20077690305007,0.18341113254045352,0.6996187089128927,27.113906750335765,33.795323585302725,False,False,0.1563410466117602,0.6616420273960251,0.0,0.0,0.14644070412111318,0.1835183893035682,-0.23584118186759942,-0.07256047584252798
233,7.0,9.140127001891173,9.632670209434668,0.20577906986193478,0.6180701374448486,26.01642351014748,32.86271581818995,False,False,0.13238070971198512,0.4348007985583229,0.0,0.0,0.14640179980010357,0.1834065761411608,-0.23616868206196653,-0.07279180692955153
233,7.5,11.219152618373602,11.87899204020205,0.3285390594832779,0.6669054510604124,24.418665531089346,30.24564320846263,False,False,0.14185661839709512,0.30665007822763996,0.0,0.0,0.14636009085659904,0.1833052109248841,-0.23652039387942206,-0.07300228193699577
233,8.0,13.16582420916302,13.86769363651949,0.5544988045478048,0.743639355984056,22.171229526729817,25.391357883107972,False,False,0.14186795904926813,0.20239335191238533,0.0,0.0,0.1463027838154546,0.18319767816575125,-0.23700465543187396,-0.07322635637790331
233,8.5,13.258288875136554,13.563023693427283,0.7206431257888466,0.7959517752509733,20.41618741577281,21.605613981731565,False,False,0.12718015524295306,0.1449437617334835,0.0,0.0,0.14621672744058894,0.183080422364107,-0.23773407829604393,-0.07347162611433579
233,9.0,13.480307707267094,13.215374625474528,0.868401207140073,0.8242051556605063,19.325394692402362,19.054491752195133,False,False,0.12185023526462088,0.12023425956117584,0.0,0.0,0.14610954403138915,0.18295655531619845,-0.23864631998908403,-0.07373178885709239
233,9.5,13.40873804161787,12.645753156353877,0.9670900922141075,0.8428761571362522,18.57563749494804,17.408420030635718,False,False,0.116192540774148,0.10476616018681081,0.0,0.0,0.14598357649048166,0.18282914263330488,-0.23972377081905144,-0.07400054466756095
233,10.0,13.35248944957334,12.132359616884642,1.0659901217344434,0.8649349558719456,17.861081938890628,15.897745164239318,False,False,0.11138506543274423,0.0925762853651162,0.0,0.0,0.14584507776806996,0.18269940512818947,-0.24091510251692033,-0.0742754045149154
233,10.5,13.084408046473698,11.215439216029257,1.1536614498265692,0.8498122158233335,17.23400813766655,14.460455237835674,False,True,0.10567190258441805,0.07987455486547562,0.0,0.0,0.1456940209024485,0.18256691079048837,-0.24222250803713868,-0.07455736131460511
233,11.0,12.192761232738608,10.389941908744209,1.1625839806198202,0.8633297962205853,16.773730913696284,14.356252398079825,False,True,0.09618643732211798,0.07382404076957971,0.0,0.0,0.14553183676110915,0.1824363974759478,-0.24363564283994463,-0.07483635005422483
233,11.5,11.259490933106889,9.599576658398943,1.1436955804200477,0.8661165959143584,16.390010420059426,14.467560403113298,False,False,0.08716399118634968,0.06859549189761391,0.0,0.0,0.14536856049921182,0.18230421517985085,-0.24506822698554082,-0.07512017519604063
233,12.0,11.094778500834861,9.176783778220189,1.2104680081551296,0.8751117614680053,15.901292117907467,13.54331175364322,False,True,0.08389451772496659,0.06271435874986178,0.0,0.0,0.1452077361129669,0.18217173106911813,-0.24648912062919173,-0.07540593628303614
233,12.5,11.494315441176095,9.428121341313613,1.2288980618172796,0.8749221691539444,15.935717151183297,13.28817406224142,False,True,0.08703873251321179,0.06364628010851842,0.0,0.0,0.1450384475656573,0.1820381537104672,-0.24799541309841283,-0.07569536768600484
233,13.0,11.492444436962316,9.40804585200581,1.2283336397392979,0.8746302079377373,15.882566983486116,13.175130785144734,False,True,0.08681216255332427,0.06336431343886717,0.0,0.0,0.14486685522968284,0.1819046532617016,-0.24953341002088184,-0.07598595590916922
233,13.5,10.102929183340954,8.536741048390095,1.1269564835352934,0.8653153660889421,15.625584140014688,13.882595233211163,False,False,0.07537133335325885,0.059631753489823115,0.0,0.0,0.14469537959000728,0.1817712424888831,-0.2510817273750293,-0.07627767771056675
233,14.0,10.410978438617853,8.467827753597293,1.2073578514092518,0.8712030127695678,15.300180923340218,12.774361211093298,False,True,0.07649561088413168,0.05627380998836769,0.0,0.0,0.14453686745360517,0.181639070926116,-0.25252318356674863,-0.0765680066185704
233,14.5,8.727090454083152,7.465156081109376,1.083007917475294,0.8715443302405335,14.91079541663666,13.589814478466216,False,False,0.06297717904215062,0.05197466672180074,0.0,0.0,0.14436815421044313,0.18150620100353482,-0.2540682510574381,-0.0768611976203711
233,15.0,9.417345468597969,7.943651133988293,1.118058224067383,0.8678973654019744,15.053754686690352,13.035160948444137,False,False,0.0683951791793011,0.053852703701987074,0.0,0.0,0.1442153318332535,0.18137333923326382,-0.25547752180796374,-0.07715570912553943
233,15.5,9.355209493911293,8.719661086670131,0.9284794997568501,0.8481489109817318,16.00559178716665,14.919647552091014,False,False,0.0708869231805618,0.06515733528365822,0.0,0.0,0.14405808742100445,0.18124099358345672,-0.2569373038046343,-0.0774504142684351
233,16.0,7.657278856348389,8.000415704974241,0.7059478603817545,0.8212587675350616,16.3765017522541,17.287462664794134,False,False,0.059064750050505044,0.06894984717512076,0.0,0.0,0.14392504599501754,0.18111121564429303,-0.2581801635718848,-0.07774070499578475
233,16.5,7.859194757193601,7.820140368416597,0.7385480734866228,0.8237901654458306,16.28178445271918,16.806607842368688,False,False,0.060345090965437345,0.06805990635025891,0.0,0.0,0.14382040671847113,0.1809849152358311,-0.25916272807099605,-0.0780244626473215
233,17.0,6.662287140975613,6.943009701611613,0.6112172982850497,0.8082036013586248,16.371551402973893,17.955265138552488,False,False,0.0513775058301837,0.06851349361162795,0.0,0.0,0.14371165727018204,0.18085834282598406,-0.26018861221953254,-0.07831007030334278
233,17.5,5.070629397274197,5.571059769140538,0.44962291036637364,0.7624851595822386,16.515539787592157,19.439676342337947,False,False,0.039377992745359275,0.06706085088685106,0.0,0.0,0.14361917794831255,0.18073380697626248,-0.26106482132530895,-0.07859229906612324
233,18.0,3.3217874792209594,3.940279494545757,0.27639895670716813,0.731897312359971,16.846877147690115,21.661794155985213,False,False,0.02622078567998952,0.06957256098522115,0.0,0.0,0.14354733488574473,0.1806151472170983,-0.26174793630334653,-0.078862339337259
233,18.5,1.9228370429695005,2.661017485709525,0.152408221254147,0.703438209432483,8.544808937672991,15.478160232721645,False,False,0.015363108775814914,0.07077411162246529,0.0,0.0,0.143497609869986,0.18050043515806688,-0.26222199061426255,-0.0791244472031183
233.0,19.0,0.0,0.0,0.0,0.0,0.0,0.0,0.0,0.0,0.0,0.0,0.0,0.0,0.1434637287479606,0.18038939927287165,-0.2625455828995505,-0.079379144469671
233.0,19.5,0.0,0.0,0.0,0.0,0.0,0.0,0.0,0.0,0.0,0.0,0.0,0.0,0.14344931259446572,0.18036805377793796,-0.2626834131734816,-0.07942821925022542
233.0,20.0,0.0,0.0,0.0,0.0,0.0,0.0,0.0,0.0,0.0,0.0,0.0,0.0,0.1434349393387178,0.1803467573313166,-0.2628209191459006,-0.07947721729382691
233.0,20.5,0.0,0.0,0.0,0.0,0.0,0.0,0.0,0.0,0.0,0.0,0.0,0.0,0.14342060871679138,0.18032550968472102,-0.26295810263845776,-0.07952613895430341
233.0,21.0,0.0,0.0,0.0,0.0,0.0,0.0,0.0,0.0,0.0,0.0,0.0,0.0,0.14340632046716936,0.18030431059188232,-0.2630949654572312,-0.07957498458268564
233.0,21.5,0.0,0.0,0.0,0.0,0.0,0.0,0.0,0.0,0.0,0.0,0.0,0.0,0.14339207433071388,0.18028315980852663,-0.2632315093929059,-0.07962375452723784
233.0,22.0,0.0,0.0,0.0,0.0,0.0,0.0,0.0,0.0,0.0,0.0,0.0,0.0,0.1433778700506378,0.18026205709235302,-0.2633677362209486,-0.07967244913348828
233.0,22.5,0.0,0.0,0.0,0.0,0.0,0.0,0.0,0.0,0.0,0.0,0.0,0.0,0.14336370737247636,0.18024100220301137,-0.2635036477017826,-0.07972106874425897
233.0,23.0,0.0,0.0,0.0,0.0,0.0,0.0,0.0,0.0,0.0,0.0,0.0,0.0,0.14334958604405962,0.18021999490208102,-0.26363924558095736,-0.07976961369969512
233.0,23.5,0.0,0.0,0.0,0.0,0.0,0.0,0.0,0.0,0.0,0.0,0.0,0.0,0.14333550581548485,0.18019903495304926,-0.26377453158931946,-0.07981808433729441
233.0,24.0,0.0,0.0,0.0,0.0,0.0,0.0,0.0,0.0,0.0,0.0,0.0,0.0,0.14332146643909,0.18017812212129042,-0.26390950744317393,-0.07986648099193545
234.0,0.5,0.0,0.0,0.0,0.0,0.0,0.0,0.0,0.0,0.0,0.0,0.0,0.0,0.14330746766942667,0.18015725617404518,-0.2640441748444537,-0.07991480399590616
234.0,1.0,0.0,0.0,0.0,0.0,0.0,0.0,0.0,0.0,0.0,0.0,0.0,0.0,0.14329350926323428,0.1801364368804001,-0.2641785354808776,-0.0799630536789317
234.0,1.5,0.0,0.0,0.0,0.0,0.0,0.0,0.0,0.0,0.0,0.0,0.0,0.0,0.14327959097941426,0.18011566401126738,-0.26431259102610927,-0.08001123036820197
234.0,2.0,0.0,0.0,0.0,0.0,0.0,0.0,0.0,0.0,0.0,0.0,0.0,0.0,0.14326571257900453,0.1800949373393653,-0.264446343139916,-0.08005933438839861
234.0,2.5,0.0,0.0,0.0,0.0,0.0,0.0,0.0,0.0,0.0,0.0,0.0,0.0,0.14325187382515456,0.18007425663919815,-0.264579793468323,-0.0801073660617223
234.0,3.0,0.0,0.0,0.0,0.0,0.0,0.0,0.0,0.0,0.0,0.0,0.0,0.0,0.14323807448310075,0.18005362168703745,-0.2647129436437643,-0.08015532570791817
234.0,3.5,0.0,0.0,0.0,0.0,0.0,0.0,0.0,0.0,0.0,0.0,0.0,0.0,0.143224314320142,0.18003303226090236,-0.26484579528523583,-0.08020321364430325
234.0,4.0,0.0,0.0,0.0,0.0,0.0,0.0,0.0,0.0,0.0,0.0,0.0,0.0,0.14321059310561587,0.18001248814054133,-0.26497834999844183,-0.08025103018579076
234.0,4.5,0.0,0.0,0.0,0.0,0.0,0.0,0.0,0.0,0.0,0.0,0.0,0.0,0.14319691061087503,0.1799919891074133,-0.26511060937594116,-0.0802987756449164
234.0,5.0,0.0,0.0,0.0,0.0,0.0,0.0,0.0,0.0,0.0,0.0,0.0,0.0,0.14318326660926378,0.1799715349446693,-0.2652425749972936,-0.08034645033186347
234.0,5.5,0.0,0.0,0.0,0.0,0.0,0.0,0.0,0.0,0.0,0.0,0.0,0.0,0.14316966087609528,0.17995112543713485,-0.26537424842919954,-0.08039405455448655
234.0,6.0,0.0,0.0,0.0,0.0,0.0,0.0,0.0,0.0,0.0,0.0,0.0,0.0,0.14315609318862899,0.17993076037129158,-0.2655056312256422,-0.08044158861833724
234,6.5,1.9737803445455935,2.1391699777353863,0.059614023191079515,0.14292605151891447,11.535435310578967,15.341881055679595,False,False,0.022541929256480898,0.05425947028110083,0.0,0.0,0.14314256332604816,0.17991043953526023,-0.2656367249280256,-0.0804890528266869
234,7.0,2.520149226623372,2.7308152231826046,0.07754004835069853,0.1729028973644558,11.473787496193461,15.079224121305884,False,False,0.028529307006961928,0.06399511454621747,0.0,0.0,0.14312147428830924,0.1798719492536801,-0.2658412149021532,-0.0805790476454972
234,7.5,4.1207136401271995,4.393102354929156,0.1353251836933316,0.210759829119173,11.305646735823904,13.62836361354904,False,False,0.04555823922591284,0.0723195788645931,0.0,0.0,0.14309813828486748,0.17982968274998418,-0.2660677112324941,-0.08067800986355046
234,8.0,10.219212894329631,11.13755307103414,0.3584013898308984,0.7249774497218463,22.19344168705384,28.680682688254116,False,False,0.10979424529054396,0.22791746415247763,0.0,0.0,0.14306747575424464,0.17978263563579605,-0.2663656675542241,-0.08078833569441399
234,8.5,12.375726623380285,13.31882619576943,0.472776486297438,0.7298569230451942,21.687083934113637,26.310496365380132,False,False,0.12856686666493689,0.2047682051376628,0.0,0.0,0.14300842300066682,0.1796701037353477,-0.26694062043010325,-0.08105295385076355
234,9.0,13.078949041025508,13.960633907733499,0.5253847941375204,0.7358441609123433,21.368758113418018,25.08924545979017,False,False,0.1331053828496491,0.19285553461627908,0.0,0.0,0.14293483194910014,0.1795569932244129,-0.26765919282526185,-0.08131997394590082
234,9.5,12.015839202595922,12.925019546318664,0.5144325366145124,0.740708872883925,20.883353579067673,24.98662789912543,False,False,0.11860300245446165,0.17495741993981076,0.0,0.0,0.1428545735701643,0.17944316273506608,-0.2684454966550207,-0.08158975250070824
234,10.0,5.746261232190574,6.100810263759318,0.25263059973748575,0.3254121497493007,10.329838829079206,11.848535754263358,False,False,0.05594238775679065,0.07339029729675435,0.0,0.0,0.14277574742813565,0.17932875511303073,-0.2692204490600626,-0.08186197402941267
234,10.5,4.587671774359081,5.047771698812463,0.20337987762588966,0.33430543356599535,10.263666751521745,12.99546578602826,False,False,0.044304177921796334,0.07358606751324465,0.0,0.0,0.14273031985970597,0.17926731250166586,-0.2696682654328636,-0.08200861721208705
234,11.0,4.788890736793661,5.244372130265974,0.21673185055332614,0.33706851854785874,10.194885034472373,12.664249810326414,False,False,0.04586438075544686,0.0720809366582415,0.0,0.0,0.14269120469861293,0.17920477898821807,-0.2700545665347448,-0.08215818550297448
234,11.5,5.35559556187653,5.819106671616678,0.23094150879209482,0.34541802981696423,10.35638329843886,12.623674548826935,False,False,0.052309034613791244,0.07948182091452498,0.0,0.0,0.14265042413088813,0.17914193556460367,-0.27045801743556674,-0.08230882259072968
234,12.0,4.39839400522567,4.864237450556266,0.14072781476732668,0.3215596334388594,11.289286110186973,15.023681503463989,False,False,0.04851791419441016,0.1130166790109902,0.0,0.0,0.1426078686843359,0.1790780701420041,-0.2708797935459136,-0.08246224670305373
234,12.5,5.800006497318265,6.26907846607947,0.172009123977544,0.30368665833450437,11.597700913609888,14.384082037648259,False,False,0.06683761822121724,0.12316613791642876,0.0,0.0,0.14257684514595598,0.17901728687035828,-0.271187768420445,-0.08260858312545326
234,13.0,3.745795884798694,4.2081579137924985,0.13636963795623458,0.31462676179685306,10.851316447883136,14.771523050909483,False,False,0.03895324718067266,0.09084599544081481,0.0,0.0,0.14254187088626588,0.1789588228186803,-0.27153546305181897,-0.08274962801521761
234,13.5,3.701083427998415,4.168060687317492,0.14068288348945582,0.31347664520843815,10.706772343370385,14.550260644507102,False,False,0.03777441637299884,0.08503717745907483,0.0,0.0,0.14251147363166589,0.17889900606540732,-0.2718380871425441,-0.08289423337153429
234,14.0,5.408205729783738,5.831691767891881,0.18090333313731413,0.2818516302677644,11.18252066300497,13.539196971632318,False,False,0.058786547764063474,0.09478266461407095,0.0,0.0,0.1424805619138144,0.17883937711172485,-0.2721462452444591,-0.08303868449359245
234,14.5,5.252475168834766,5.651085726762033,0.2010523634558493,0.2834871522958595,10.755522203612403,12.720236715644448,False,False,0.0539458606068954,0.0788567544444184,0.0,0.0,0.14244455979916262,0.17878381927100281,-0.27250567420935484,-0.08317354332214476
234.0,15.0,0.0,0.0,0.0,0.0,0.0,0.0,0.0,0.0,0.0,0.0,0.0,0.0,0.14774575107160523,0.18406555110811507,-0.22516220717655508,-0.0714410003610184
234,15.5,2.4383970020323025,2.6558656663004903,0.07398852754415802,0.20940283962249154,12.53631728243064,16.186015312303685,False,False,0.03252191677987312,0.09274129937546281,0.0,0.0,0.150397293419275,0.18670677701023064,-0.2051870134241125,-0.06631802637455994
234,16.0,2.5027418998345055,2.680828676810876,0.07146447201049837,0.18369259315267436,13.052875434142614,16.217178652855775,False,False,0.036545592572107065,0.09520741531470152,0.0,0.0,0.153036007689068,0.18931637721994363,-0.18736975499672767,-0.061680586210967676
234,16.5,2.5887818603922486,2.740206031781401,0.07201597008129061,0.16335339353989384,13.450207749155865,16.143204638602732,False,False,0.0407763358776071,0.09437948098550723,0.0,0.0,0.15567115490368658,0.19192362626359347,-0.17138607007359566,-0.057428066565972664
234,17.0,2.458090819563635,2.5704871168968864,0.07083334217461684,0.12829114728386198,13.638515778459803,15.705929476098932,False,False,0.040217520951871207,0.07425489388626615,0.0,0.0,0.15830179675161585,0.19452707758716717,-0.1570240376659174,-0.05352575574421571
234,17.5,3.4131019258394995,3.7039242887327806,0.09229325946191412,0.5918638044134397,13.777303212876975,17.68582862681911,False,False,0.0574837976402467,0.38665564570311534,0.0,0.0,0.15826049505573825,0.1944629928710259,-0.1572381775839489,-0.05361794478888164
234,18.0,2.6460914907014588,2.8937974259590327,0.06867140269309138,0.5799652257533358,13.849191941492071,17.874136252376065,False,False,0.04525459619061714,0.39810806011349076,0.0,0.0,0.15821666778512186,0.1943401315148033,-0.15746579265998126,-0.053795216527399076
234.0,18.5,0.0,0.0,0.0,0.0,0.0,0.0,0.0,0.0,0.0,0.0,0.0,0.0,0.15817605708291554,0.19421907989515136,-0.157677053122495,-0.05397056044967674
234.0,19.0,0.0,0.0,0.0,0.0,0.0,0.0,0.0,0.0,0.0,0.0,0.0,0.0,0.1608115456024065,0.19683712519797011,-0.14463977545718007,-0.05032527680321156
234.0,19.5,0.0,0.0,0.0,0.0,0.0,0.0,0.0,0.0,0.0,0.0,0.0,0.0,0.16077499810987803,0.19678325519989937,-0.14481157898648467,-0.05039727022866006
234.0,20.0,0.0,0.0,0.0,0.0,0.0,0.0,0.0,0.0,0.0,0.0,0.0,0.0,0.16073871676491838,0.19672976966050254,-0.14498237194769062,-0.05046887128543556
234.0,20.5,0.0,0.0,0.0,0.0,0.0,0.0,0.0,0.0,0.0,0.0,0.0,0.0,0.1607026976357638,0.19667666232150297,-0.14515216800062108,-0.05054008599868214
234.0,21.0,0.0,0.0,0.0,0.0,0.0,0.0,0.0,0.0,0.0,0.0,0.0,0.0,0.16066693687636047,0.19662392708099283,-0.1453209805253849,-0.05061092024855663
234.0,21.5,0.0,0.0,0.0,0.0,0.0,0.0,0.0,0.0,0.0,0.0,0.0,0.0,0.16063143072390443,0.1965715579882527,-0.14548882263002844,-0.050681379774879506
234.0,22.0,0.0,0.0,0.0,0.0,0.0,0.0,0.0,0.0,0.0,0.0,0.0,0.0,0.16059617549646882,0.1965195492387831,-0.1456557071579278,-0.050751470181600596
234.0,22.5,0.0,0.0,0.0,0.0,0.0,0.0,0.0,0.0,0.0,0.0,0.0,0.0,0.16056116759071482,0.1964678951695384,-0.1458216466949286,-0.05082119694108761
234.0,23.0,0.0,0.0,0.0,0.0,0.0,0.0,0.0,0.0,0.0,0.0,0.0,0.0,0.16052640347968278,0.19641659025435299,-0.14598665357624543,-0.050890565398246816
234.0,23.5,0.0,0.0,0.0,0.0,0.0,0.0,0.0,0.0,0.0,0.0,0.0,0.0,0.16049187971066026,0.19636562909955058,-0.14615073989313046,-0.05095958077448314
234.0,24.0,0.0,0.0,0.0,0.0,0.0,0.0,0.0,0.0,0.0,0.0,0.0,0.0,0.1604575929031234,0.19631500643972777,-0.14631391749932204,-0.05102824817150715
235.0,0.5,0.0,0.0,0.0,0.0,0.0,0.0,0.0,0.0,0.0,0.0,0.0,0.0,0.1604235397467493,0.19626471713370391,-0.14647619801727743,-0.05109657257499635
235.0,1.0,0.0,0.0,0.0,0.0,0.0,0.0,0.0,0.0,0.0,0.0,0.0,0.0,0.16038971699949603,0.19621475616062925,-0.1466375928442038,-0.051164558858117125
235.0,1.5,0.0,0.0,0.0,0.0,0.0,0.0,0.0,0.0,0.0,0.0,0.0,0.0,0.16035612148574732,0.19616511861624406,-0.14679811315789182,-0.05123221178491365
235.0,2.0,0.0,0.0,0.0,0.0,0.0,0.0,0.0,0.0,0.0,0.0,0.0,0.0,0.16032275009452024,0.1961157997092818,-0.14695776992235976,-0.05129953601357015
235.0,2.5,0.0,0.0,0.0,0.0,0.0,0.0,0.0,0.0,0.0,0.0,0.0,0.0,0.16028959977773208,0.19606679475801,-0.1471165738933184,-0.051366536099551496
235.0,3.0,0.0,0.0,0.0,0.0,0.0,0.0,0.0,0.0,0.0,0.0,0.0,0.0,0.16025666754852533,0.19601809918690188,-0.14727453562345855,-0.05143321649862815
235.0,3.5,0.0,0.0,0.0,0.0,0.0,0.0,0.0,0.0,0.0,0.0,0.0,0.0,0.1682224256913579,0.20396029728680473,-0.11431323284915008,-0.04179790869852516
235.0,4.0,0.0,0.0,0.0,0.0,0.0,0.0,0.0,0.0,0.0,0.0,0.0,0.0,0.18679232946481064,0.22247270707874855,-0.06615954366511491,-0.02655189540153781
235.0,4.5,0.0,0.0,0.0,0.0,0.0,0.0,0.0,0.0,0.0,0.0,0.0,0.0,0.1866595152027322,0.22228438701425726,-0.06640577105250678,-0.02666959008538275
235.0,5.0,0.0,0.0,0.0,0.0,0.0,0.0,0.0,0.0,0.0,0.0,0.0,0.0,0.1865299560074201,0.2221011552125865,-0.06664701654364175,-0.026784701844710452
235.0,5.5,0.0,0.0,0.0,0.0,0.0,0.0,0.0,0.0,0.0,0.0,0.0,0.0,0.18640349401366674,0.22192271522819454,-0.06688350263974265,-0.026897372640228182
235.0,6.0,0.0,0.0,0.0,0.0,0.0,0.0,0.0,0.0,0.0,0.0,0.0,0.0,0.18627998249375768,0.22174879603069686,-0.06711543700299684,-0.02700773274929775
235.0,6.5,0.0,0.0,0.0,0.0,0.0,0.0,0.0,0.0,0.0,0.0,0.006060379377498581,0.005610524399273752,0.1861592848369731,0.22157914918222554,-0.06734301376028914,-0.027115902022634225
235,7.0,2.8513687108593015,2.9218591853615363,0.09032786569048536,0.16726131654711768,15.444374153262817,16.808030708897633,False,False,0.07422316419223961,0.14133992470539547,0.026028309301749555,0.024096205195062843,0.18604050135217232,0.22141283143106846,-0.06756787955584123,-0.02722245006956865
235,7.5,4.006482067675156,4.077514291399976,0.13095345979151946,0.18715174380355795,15.417510122824504,16.353694845375497,False,False,0.10338268490628356,0.15542064469227204,0.04579030211188144,0.042187871594890396,0.18591023003302,0.2212266772277179,-0.06781552205342165,-0.02734229812191136
235,8.0,10.90987926064978,11.18720165827635,0.37154696241380136,0.676560715704283,30.74070373113497,33.31436653350168,False,False,0.27727498841633075,0.5524668883699135,0.12242552028262867,0.11235754807567716,0.18577471950749685,0.22103932259022513,-0.06807427256471285,-0.02746355432776412
235,8.5,11.462316112525162,11.747631004406653,0.4393480340042803,0.7176944803246627,30.117186133903875,32.51071977766794,False,False,0.2649248006317219,0.4621618419303931,0.1308780768750643,0.11769752216198413,0.18560113551720644,0.22078411950348636,-0.06840744301133889,-0.027629754543023525
235,9.0,6.326798494487957,6.320396922664348,0.29644951749785936,0.28500863171334195,14.538917399551762,14.497717991525949,False,False,0.12704464606746607,0.1280122754495655,0.0893662057988947,0.07872798960594242,0.18542008837128818,0.22052628798604354,-0.06875701000989291,-0.027798884906178954
235,9.5,12.675709915882884,12.781156722338812,0.7023619672090516,0.7453887546701685,14.08778507472665,14.426135483826148,False,False,0.228508257510023,0.2568537008256864,0.144211884056498,0.12684477162469843,0.1852647033307882,0.2203317001957911,-0.06905872674947663,-0.02792734629987768
235,10.0,3.0863731646706656,3.1841891484595184,0.16616196179679932,0.28463634938422866,14.660838366575055,16.145948794350286,False,False,0.06394377855368412,0.10974879187323851,0.04171866843909022,0.03937359935030568,0.19566645617199432,0.23066256285083267,-0.05191780609519392,-0.021983500982475607
235,10.5,13.824710771179491,13.958789845425404,0.6450384049938153,0.7064916583247132,15.256509717572706,15.75428901972365,False,False,0.33902343526788725,0.4295565643747065,0.3306014605959953,0.31087818235237336,0.19546612821715853,0.23038257893395714,-0.05219630467338186,-0.022123392547716204
235,11.0,17.23123554822701,16.777359691715112,0.9902763251269621,0.7614554362931877,29.33535214839521,27.649962309141607,False,False,0.35763537849767546,0.29733922131156365,0.6006434102882421,0.5631465112529428,0.19517335192957952,0.2300221247051096,-0.05260653475644559,-0.022305055350032896
235,11.5,7.984774258421534,7.34265438191817,0.5966612922639405,0.3590972927728941,13.815912083495935,11.436138096423784,False,False,0.13558881618404392,0.08359385014495625,0.2727265782200035,0.2570172378311299,0.19480722741362433,0.22962984368326203,-0.053124957043595634,-0.02250478180563964
235,12.0,16.780395135880994,15.362207062357735,1.3312154405387537,0.819392628706895,27.33266657420468,22.895510155699355,False,False,0.27612882543333805,0.17637922673053674,0.5528792945717348,0.524364339119413,0.1945378069408161,0.22933466870931182,-0.053510339499129075,-0.02265647345881776
235,12.5,15.002592265414401,11.617401709951055,1.7329043022665234,0.8452655092779551,25.183148242577502,19.042673216295007,False,False,0.20306195568158963,0.10521771447238061,1.1314698924679372,1.0888716759521633,0.19414356141444372,0.22895313741240775,-0.0540802943175347,-0.02285435294700369
235,13.0,15.046882635600106,10.885100704376617,1.9541148165249465,0.8669101758580002,24.24941311951823,16.717680859008283,False,False,0.1887312273822015,0.08687280539223263,0.8791003109250465,0.8709762867436243,0.19362862577162546,0.22850233333061012,-0.05483566116804814,-0.02309082076502529
235,13.5,13.857984034667705,9.012692694082357,2.160858654624502,0.868287226571637,23.025555812612502,14.803367607188868,False,False,0.15849141028317343,0.06591815761653058,0.9053309183010669,0.9340289062887734,0.19312165880263454,0.22808212946641646,-0.05559165075354158,-0.023313866729391175
235,14.0,13.35944629249082,8.571054545922758,2.184262445021478,0.8856305109477313,22.619217252985827,14.472572168161967,False,False,0.1484248779926287,0.06196219565737243,0.7490224610968753,0.8170001961835254,0.1925887880214827,0.22765897089753062,-0.05639969386178612,-0.02354108012890125
235,14.5,12.975723140320458,8.13992520236932,2.2269556781632134,0.8875337250506239,22.210450443697027,13.808872203887153,False,False,0.1401319886029298,0.05722575116994229,0.6143170078346376,0.7157889327516386,0.1920764417324376,0.22725346543129019,-0.057189842998439405,-0.023761294496353693
235,15.0,12.957851561072616,8.675566656399454,2.0179134674985724,0.8654664504354739,22.75837914617352,14.656556620153555,False,False,0.14530637644546077,0.06390902317647941,0.47896187252106576,0.6054218963061874,0.1915792270714585,0.2268652855556551,-0.05796929820240588,-0.023974403059979322
235,15.5,12.547267201837569,8.272036747671596,2.077420621663363,0.8858460115696483,22.26231183719705,13.88308130179793,False,False,0.13589566600252645,0.058994011727768726,0.3676795609045307,0.5066980693433772,0.19112913776105472,0.22649839667562544,-0.058685814522115035,-0.02417791945265767
235,16.0,12.066586573961231,7.790866959910127,2.103296111364891,0.8830292209245132,21.825890742858633,13.03663915101869,False,False,0.12685882467563508,0.05384847555609425,0.2624031626744495,0.4036961803888976,0.1906887278476679,0.22614567087749646,-0.05939715887188537,-0.024375523090748523
235,16.5,11.58804012908743,7.7889851387198386,1.9912777809521724,0.8850212046115346,21.828098536122965,13.147036532325687,False,False,0.12179547121459201,0.05450478351816484,0.1741161508797824,0.3089891119992696,0.19026137245695957,0.2258103929145907,-0.06009725996352673,-0.024565138382799695
235,17.0,11.102098244314536,8.078555024281343,1.773226786423532,0.8799431956944552,22.23703630281449,13.923579932530856,False,False,0.11963211101131292,0.05959379605705879,0.10829598905635611,0.22897113711596803,0.18986234346469447,0.22549069332092372,-0.06075984911585065,-0.024747582383754445
235,17.5,9.996883983458735,8.014029349060648,1.4661669820414283,0.8630569881664067,22.69676916561475,15.28546513844352,False,False,0.11118514154089035,0.06552250080796754,0.058530428099746075,0.1521388466526146,0.18950216367773395,0.22518541659622648,-0.0613654152150487,-0.024923304389146004
235,18.0,8.3047614837955,7.429541147517312,1.0957600022648204,0.8248803677961069,23.294489768737904,17.322961786009223,False,False,0.09639359915557455,0.07245287330128394,0.026437834017658084,0.08646913704806729,0.18919001193713336,0.22489549053513197,-0.061896056479744,-0.025091568339619112
235,18.5,5.184800613267269,5.361963976551072,0.6338519502233779,0.7797658487259301,11.850047801410483,12.805207282989468,False,False,0.062015435024683666,0.07590975470186237,0.007809576206200356,0.03213376794915796,0.18893159830808418,0.22462204703651997,-0.062339486230460095,-0.02525150798590467
235.0,19.0,0.0,0.0,0.0,0.0,0.0,0.0,0.0,0.0,0.0,0.0,0.0,0.0,0.18873676385771052,0.22436437825735325,-0.0626763202023387,-0.02540333362721791
235.0,19.5,0.0,0.0,0.0,0.0,0.0,0.0,0.0,0.0,0.0,0.0,0.0,0.0,0.18862594423398432,0.22421313616782856,-0.06286887497420844,-0.025492956257959574
235.0,20.0,0.0,0.0,0.0,0.0,0.0,0.0,0.0,0.0,0.0,0.0,0.0,0.0,0.18851727960350512,0.2240647298552638,-0.06305837012958608,-0.025581264906937174
235.0,20.5,0.0,0.0,0.0,0.0,0.0,0.0,0.0,0.0,0.0,0.0,0.0,0.0,0.1884106842574899,0.2239190394348231,-0.06324491833063363,-0.02566831223148869
235.0,21.0,0.0,0.0,0.0,0.0,0.0,0.0,0.0,0.0,0.0,0.0,0.0,0.0,0.18830607747682376,0.223775952698794,-0.06342862602549032,-0.025754147629672593
235.0,21.5,0.0,0.0,0.0,0.0,0.0,0.0,0.0,0.0,0.0,0.0,0.0,0.0,0.18820338315343288,0.2236353644723633,-0.0636095939008414,-0.025838817506074845
235.0,22.0,0.0,0.0,0.0,0.0,0.0,0.0,0.0,0.0,0.0,0.0,0.0,0.0,0.18810252944684308,0.22349717603555339,-0.06378791729378379,-0.025922365510970137
235.0,22.5,0.0,0.0,0.0,0.0,0.0,0.0,0.0,0.0,0.0,0.0,0.0,0.0,0.18800344847207479,0.22336129460333265,-0.06396368656732263,-0.02600483275598912
235.0,23.0,0.0,0.0,0.0,0.0,0.0,0.0,0.0,0.0,0.0,0.0,0.0,0.0,0.1879060760155074,0.22322763285701797,-0.0641369874533029,-0.026086258009013586
235.0,23.5,0.0,0.0,0.0,0.0,0.0,0.0,0.0,0.0,0.0,0.0,0.0,0.0,0.18781035127576198,0.22309610852101713,-0.0643079013661194,-0.026166677870661854
235.0,24.0,0.0,0.0,0.0,0.0,0.0,0.0,0.0,0.0,0.0,0.0,0.0,0.0,0.18771621662700513,0.22296664397974994,-0.06447650569015861,-0.02624612693441702
236.0,0.5,0.0,0.0,0.0,0.0,0.0,0.0,0.0,0.0,0.0,0.0,0.0,0.0,0.18762361740238967,0.22283916593025965,-0.06464287404357645,-0.026324637932188307
236.0,1.0,0.0,0.0,0.0,0.0,0.0,0.0,0.0,0.0,0.0,0.0,0.0,0.0,0.1875325016956114,0.22271360506659899,-0.06480707652072293,-0.026402241866871474
236.0,1.5,0.0,0.0,0.0,0.0,0.0,0.0,0.0,0.0,0.0,0.0,0.0,0.0,0.1874428201787953,0.22258989579256916,-0.06496917991526364,-0.026478968133279542
236.0,2.0,0.0,0.0,0.0,0.0,0.0,0.0,0.0,0.0,0.0,0.0,0.0,0.0,0.18735452593512725,0.22246797595980988,-0.06512924792581971,-0.02655484462865078
236.0,2.5,0.0,0.0,0.0,0.0,0.0,0.0,0.0,0.0,0.0,0.0,0.0,0.0,0.18726757430482152,0.2223477866286055,-0.06528734134575293,-0.026629897853794902
236.0,3.0,0.0,0.0,0.0,0.0,0.0,0.0,0.0,0.0,0.0,0.0,0.0,0.0,0.1871819227431715,0.22222927184908386,-0.06544351823854498,-0.02670415300581588
236.0,3.5,0.0,0.0,0.0,0.0,0.0,0.0,0.0,0.0,0.0,0.0,0.0,0.0,0.1870975306895643,0.22211237846075754,-0.06559783410006914,-0.026777634063241254
236.0,4.0,0.0,0.0,0.0,0.0,0.0,0.0,0.0,0.0,0.0,0.0,0.0,0.0,0.18701435944645997,0.2219970559085953,-0.06575034200891762,-0.026850363864293052
236.0,4.5,0.0,0.0,0.0,0.0,0.0,0.0,0.0,0.0,0.0,0.0,0.0,0.0,0.18693237206743982,0.22188325607401432,-0.06590109276582834,-0.026922364178954442
236.0,5.0,0.0,0.0,0.0,0.0,0.0,0.0,0.0,0.0,0.0,0.0,0.0,0.0,0.18685153325352213,0.2217709331193651,-0.06605013502314888,-0.0269936557754144
236.0,5.5,0.0,0.0,0.0,0.0,0.0,0.0,0.0,0.0,0.0,0.0,0.0,0.0,0.18677180925702327,0.2216600433446383,-0.06619751540518465,-0.027064258481409156
236.0,6.0,0.0,0.0,0.0,0.0,0.0,0.0,0.0,0.0,0.0,0.0,0.0,0.0,0.18669316779231582,0.22155054505525829,-0.06634327862019282,-0.027134191240924827
236.0,6.5,0.0,0.0,0.0,0.0,0.0,0.0,0.0,0.0,0.0,0.0,0.0,0.0,0.18661557795289946,0.22144239843995156,-0.06648746756471098,-0.02720347216667623
236,7.0,2.5930634036686646,2.639936498396003,0.06533677857419384,0.17050167683363443,15.901450862811517,17.457645959985406,False,False,0.07937220823670116,0.2164696058611886,0.0014211039515883556,0.006836087106860222,0.18653901013425628,0.22133556545778196,-0.0666301234208446,-0.027272118588735312
236,7.5,3.2851809632265088,3.3382601650158157,0.08777024093824891,0.17605094558782589,15.805000565536954,17.117296140876665,False,False,0.09695872175216941,0.21192516110021928,0.002475198868763013,0.012045700943451577,0.18645492881897888,0.22120741108801342,-0.06678719824165764,-0.027354737731060095
236,8.0,4.26434090646816,4.330601619010303,0.12560665470776697,0.21234375787005447,15.661178802478915,16.8239815389643,False,False,0.11948135538096416,0.22268683964465147,0.004424867626709794,0.02198361772248582,0.186368820854027,0.2210791281353111,-0.06694851659566219,-0.02743773860410426
236,8.5,4.8562592633177815,4.92218679315102,0.17142836082450694,0.2379724848502981,15.234853723577881,16.137910396966074,False,False,0.11830020192157904,0.17397392495283523,0.0053631085470132655,0.02758844289750052,0.18627858316242332,0.22094616299566947,-0.06711807020253265,-0.027524085811738406
236,9.0,6.436598024220725,6.383938547290321,0.32267684749529296,0.28373730192104313,14.412857717813363,14.026427900801174,False,False,0.125263024842752,0.11682927407424905,0.010601719637782177,0.05769167463701388,0.1861833019770596,0.22081039486847706,-0.06729765599458513,-0.027612587559768316
236,9.5,5.69004520538646,5.640689386285676,0.3214977168374368,0.29389962899427374,13.988382762341109,13.583938337408958,False,False,0.10031589031268372,0.09379905304195404,0.005717492660414293,0.03571223418126428,0.18606897038099793,0.22066610524003608,-0.06751390419949387,-0.027707016040753187
236,10.0,7.144060152951723,6.903612429895647,0.45010015827210315,0.33925374484955767,13.735789523531617,12.479961393197812,False,False,0.1192725286102133,0.09336401375513509,0.008833520347877708,0.06525078445986639,0.18595627948832466,0.22052443870440747,-0.06772785982319489,-0.02780010243211879
236,10.5,7.039524713344534,6.705848843028943,0.4740857193969493,0.3369774056581312,13.502581830775764,11.825970435832664,False,False,0.11204278871023157,0.0814620030342431,0.005606662105029145,0.05744843320474462,0.1858276491223509,0.22037431739947957,-0.06797306637818812,-0.027899151232154758
236,11.0,6.282276922936365,6.110389646871278,0.4237725752864047,0.34297580126441884,13.4547213691459,12.391643904260583,False,False,0.0990417220800121,0.08095712199980533,0.0021694456965814122,0.03960940520984678,0.1856971977850983,0.2202265423831378,-0.06822282531454092,-0.027997062904429073
236,11.5,7.740071550971027,7.357469088803436,0.515711392061499,0.363132169008796,13.54663759795297,11.901902754875538,False,False,0.12428855416460582,0.0903980970420671,0.0009848047058180936,0.07061624216503806,0.18557439976616133,0.22008131216113755,-0.06845893108141562,-0.028093687620772103
236,12.0,15.522439211893698,14.66613526605429,1.140397976926377,0.8124604690433739,26.484350221817557,23.10904289074567,False,False,0.23482271951950995,0.1719394555356843,0.0,0.1163367283342558,0.18544082060449896,0.2199305729560093,-0.0687168723508893,-0.02819439810230995
236,12.5,5.864573596996886,5.757519162227348,0.3905789548920651,0.33832479315682173,13.452154839030795,12.727451230166196,False,False,0.09240951223946417,0.08064486995500268,0.0,0.028326650771143866,0.18522852618201174,0.2197177351170821,-0.06912919945572145,-0.028337330815256218
236,13.0,15.105470909293068,14.241658393518366,1.1326707356991432,0.8079943923791093,26.29526225216879,22.818114122967216,False,False,0.22447836767145948,0.16390178459174598,0.0,0.09455461287763842,0.18511252965421277,0.21957749671817256,-0.06935573800827767,-0.028431980794259088
236,13.5,15.653305563677371,13.533501797261538,1.443891500115913,0.8400439859031551,25.02664486313117,19.20270637468968,False,False,0.2079727610099838,0.12358641848265214,0.0,0.10577080397129553,0.18490269489893812,0.21936990872207382,-0.0697677918998218,-0.028572778910723493
236,14.0,8.641416794173946,7.589646624568193,0.807977915652453,0.7552962460743863,24.845271111319697,24.821764956945966,False,False,0.11309825962150799,0.10690811147250184,0.0,0.04221620395245851,0.18465391186766178,0.21915772706536882,-0.07026011416970733,-0.02871755209796181
236,14.5,6.465281731496525,5.352652142515501,0.6050700031461372,0.3167461964488528,12.408367606503347,8.852140207582114,False,False,0.08441896600239468,0.04464649337281632,0.0,0.031996314770213426,0.18448685998547001,0.2189653430779946,-0.0705930203983132,-0.02884957322479084
236,15.0,10.882895054798533,10.116544042158912,1.1141921877418792,0.8426826800480279,24.179649595037368,20.446062350727342,False,False,0.13503949356061345,0.10235574296837995,0.0,0.032843841855796675,0.18434634415876033,0.2188310261897765,-0.07087450085671324,-0.028942175310589777
236,15.5,10.828897410812559,9.81858280035631,1.163553820572641,0.8234687463027205,23.844017736900373,19.191372089740604,False,False,0.13094147067329392,0.09279962570957677,0.0,0.02744528488194283,0.18414161297872356,0.2186304395493745,-0.0712870145668137,-0.029081125985973823
236,16.0,7.9348500672103395,7.8447834205660065,0.8260712151104442,0.7918246495549844,11.975969300951604,11.644761179952411,False,False,0.09674064779143951,0.09246158177516328,0.0,0.01182042445107082,0.18393124010546164,0.21843383052545978,-0.07171387931094093,-0.029218093299657095
236,16.5,9.307846510128488,8.628811006780754,1.007360663780149,0.8132444588233556,23.73905129643397,19.788788297573348,False,False,0.11165826360812338,0.09022287681629264,0.0,0.013241414411193317,0.18376450776751257,0.21824406830746884,-0.07205435822819134,-0.029351020327824846
236,17.0,7.9606407745346655,7.510396018113006,0.8541666410757905,0.7848497086824306,23.75859802237496,20.567826800050916,False,False,0.09563796056528304,0.08795283508182923,0.0,0.007338408910626969,0.18357529346085802,0.21805220123430163,-0.07244308276698326,-0.029486155019965463
236,17.5,5.6104253360305485,5.601482375274548,0.5978581586957501,0.7981414497803723,23.763684172750843,22.537181263040303,False,False,0.06742871879976818,0.09005127756193548,0.0,0.0020624991152613775,0.18340620786631,0.21786549383199313,-0.07279257030677576,-0.029618367935666173
236,18.0,1.8414631942207746,2.0936094436940276,0.1718021585330442,0.6393772655144419,12.267688041983293,16.554373436081224,False,False,0.023501744436857895,0.08724304072067887,0.0,0.0,0.18327037810218874,0.21767853771705553,-0.07307477624924871,-0.029751465332792795
236.0,18.5,0.0,0.0,0.0,0.0,0.0,0.0,0.0,0.0,0.0,0.0,0.0,0.0,0.18318942294016582,0.21751283324603954,-0.07324359228416435,-0.0298700293991172
236.0,19.0,0.0,0.0,0.0,0.0,0.0,0.0,0.0,0.0,0.0,0.0,0.0,0.0,0.1831309298764408,0.21742934824396265,-0.07336585724493098,-0.02992997742050064
236.0,19.5,0.0,0.0,0.0,0.0,0.0,0.0,0.0,0.0,0.0,0.0,0.0,0.0,0.18307299383789885,0.21734659035861326,-0.0734871976721122,-0.029989544857509324
236.0,20.0,0.0,0.0,0.0,0.0,0.0,0.0,0.0,0.0,0.0,0.0,0.0,0.0,0.18301560334646777,0.21726454532821074,-0.07360763133084913,-0.030048738680405307
236.0,20.5,0.0,0.0,0.0,0.0,0.0,0.0,0.0,0.0,0.0,0.0,0.0,0.0,0.18295874727625505,0.21718319933472657,-0.07372717546816178,-0.03010756564789211
236.0,21.0,0.0,0.0,0.0,0.0,0.0,0.0,0.0,0.0,0.0,0.0,0.0,0.0,0.18290241483933903,0.21710253898523701,-0.07384584683302757,-0.030166032315832862
236.0,21.5,0.0,0.0,0.0,0.0,0.0,0.0,0.0,0.0,0.0,0.0,0.0,0.0,0.18284659557226784,0.217022551294251,-0.07396366169549143,-0.030224145045521355
236.0,22.0,0.0,0.0,0.0,0.0,0.0,0.0,0.0,0.0,0.0,0.0,0.0,0.0,0.18279127932322384,0.2169432236669528,-0.07408063586486542,-0.030281910011532714
236.0,22.5,0.0,0.0,0.0,0.0,0.0,0.0,0.0,0.0,0.0,0.0,0.0,0.0,0.18273645623981524,0.21686454388330276,-0.07419678470706682,-0.030339333209179798
236.0,23.0,0.0,0.0,0.0,0.0,0.0,0.0,0.0,0.0,0.0,0.0,0.0,0.0,0.1826821167574577,0.21678650008294467,-0.0743121231611465,-0.03039642046159782
236.0,23.5,0.0,0.0,0.0,0.0,0.0,0.0,0.0,0.0,0.0,0.0,0.0,0.0,0.18262825158831308,0.21670908075087028,-0.07442666575504979,-0.030453177426480533
236.0,24.0,0.0,0.0,0.0,0.0,0.0,0.0,0.0,0.0,0.0,0.0,0.0,0.0,0.1825748517107527,0.2166322747037958,-0.07454042662065433,-0.030509609602487567
237.0,0.5,0.0,0.0,0.0,0.0,0.0,0.0,0.0,0.0,0.0,0.0,0.0,0.0,0.18252190835931634,0.21655607107720962,-0.07465341950812293,-0.030565722335341602
237.0,1.0,0.0,0.0,0.0,0.0,0.0,0.0,0.0,0.0,0.0,0.0,0.0,0.0,0.18246941301513872,0.2164804593130496,-0.07476565779961077,-0.03062152082363503
237.0,1.5,0.0,0.0,0.0,0.0,0.0,0.0,0.0,0.0,0.0,0.0,0.0,0.0,0.18241735739681814,0.216405429147976,-0.07487715452235881,-0.030677010124360183
237.0,2.0,0.0,0.0,0.0,0.0,0.0,0.0,0.0,0.0,0.0,0.0,0.0,0.0,0.1823657334517025,0.21633097060220374,-0.07498792236120884,-0.030732195158180882
237.0,2.5,0.0,0.0,0.0,0.0,0.0,0.0,0.0,0.0,0.0,0.0,0.0,0.0,0.18231453334757058,0.21625707396886337,-0.07509797367056906,-0.03078708071445856
237.0,3.0,0.0,0.0,0.0,0.0,0.0,0.0,0.0,0.0,0.0,0.0,0.0,0.0,0.182263749464687,0.21618372980386105,-0.07520732048585886,-0.03084167145604668
237.0,3.5,0.0,0.0,0.0,0.0,0.0,0.0,0.0,0.0,0.0,0.0,0.0,0.0,0.18221337438821084,0.21611092891620848,-0.07531597453446179,-0.030895971923866807
237.0,4.0,0.0,0.0,0.0,0.0,0.0,0.0,0.0,0.0,0.0,0.0,0.0,0.0,0.18216340090093935,0.2160386623587982,-0.07542394724620942,-0.030949986541277317
237.0,4.5,0.0,0.0,0.0,0.0,0.0,0.0,0.0,0.0,0.0,0.0,0.0,0.0,0.18211382197636966,0.21596692141959914,-0.07553124976342124,-0.03100371961824669
237.0,5.0,0.0,0.0,0.0,0.0,0.0,0.0,0.0,0.0,0.0,0.0,0.0,0.0,0.18206463077206092,0.21589569761324942,-0.07563789295052362,-0.031057175355341346
237.0,5.5,0.0,0.0,0.0,0.0,0.0,0.0,0.0,0.0,0.0,0.0,0.0,0.0,0.1820158206232823,0.21582498267302588,-0.07574388740326801,-0.031110357847537816
237.0,6.0,0.0,0.0,0.0,0.0,0.0,0.0,0.0,0.0,0.0,0.0,0.0,0.0,0.18196738503693174,0.215754768543169,-0.0758492434575685,-0.031163271087869034
237,6.5,1.9357516179726213,1.963412722949872,0.1177946998982906,0.1404927211537768,13.461567714205092,14.151824178066628,False,False,0.03055909241200169,0.036367574677296774,0.0,0.0,0.18191931768571215,0.21568504737154545,-0.07595397119797756,-0.031215918970912766
237,7.0,3.4276664896214717,3.3501427610553254,0.22370390266093482,0.18787816254126644,13.271157789238268,12.364248028020931,False,False,0.05214099068677127,0.04399942942720937,0.0,0.0,0.18185660149563113,0.2155979081235982,-0.07609087456725987,-0.031281868671395374
237,7.5,6.769095029211222,6.553915640084712,0.5233628656699303,0.7369183475235244,25.549353450696444,27.00894579782407,False,False,0.09404091569717468,0.13466112555090726,0.0,0.0,0.1817807450565213,0.2155052082538613,-0.0762568548953318,-0.0313522091468412
237,8.0,10.800278303606738,10.36774840926655,0.9475573287251557,0.7909676647771285,24.715509216237418,22.023937478312206,False,False,0.13986016709460536,0.11750448292111766,0.0,0.0,0.18166705243397985,0.21534301321800128,-0.07650643254633278,-0.031475736290312736
237,8.5,12.939584534755042,11.546820256790781,1.2787438205215913,0.8404809393249868,23.981663084028177,18.766070175683716,False,False,0.1581179159638335,0.10454418643969268,0.0,0.0,0.18149964800452603,0.2151743939770566,-0.0768756920588397,-0.03160477138251961
237,9.0,13.222939730180308,11.49642518542208,1.370015475238723,0.8528497265952213,23.65092411537699,17.816555449720255,False,False,0.15757708887409944,0.09851924994164314,0.0,0.0,0.18129037845567228,0.21499992163815235,-0.07734028824267662,-0.03173894955680239
237,9.5,14.518090415881307,11.837505216757961,1.574817181660124,0.8607575601198022,23.352910989911205,16.40750072150803,False,False,0.16923326359134477,0.09322310418875131,0.0,0.0,0.1810698113618842,0.21482432285915548,-0.07783359183600874,-0.03187467990070784
237,10.0,14.743107350864157,11.825524321228128,1.6234249521674746,0.861144282533819,23.21937406258182,16.005713766722643,False,False,0.17019090223342553,0.09094524370657513,0.0,0.0,0.18082347396158474,0.21464815950450916,-0.07838896980407783,-0.032011542133917714
237,10.5,14.176860366822506,10.676620621272699,1.7406541526758137,0.8649958018042255,22.67665373826387,15.964825796721868,False,False,0.15847450493242515,0.08234717772422451,0.0,0.0,0.18057126529977105,0.21447238355819304,-0.078962483645668,-0.032148801822876834
237,11.0,13.926726303402504,10.114066745096633,1.8168507885561134,0.8663210996383646,22.28789758359521,15.443924668962477,False,False,0.1516384519206272,0.07603629321891925,0.0,0.0,0.18030443569582352,0.21429654718948613,-0.07957469622114718,-0.03228681086673255
237,11.5,13.839635640151783,9.773541430116714,1.898674857246249,0.8809126582316419,21.9418479002043,15.029137752281052,False,False,0.1473389169668286,0.07218964169249373,0.0,0.0,0.18002820910248588,0.21412096616521542,-0.08021443651936236,-0.03242532442301677
237,12.0,15.526731775406027,10.587364133005922,2.0473803174665415,0.884448864851423,21.923768712566634,13.591864641123975,False,True,0.16504145039031587,0.07269562425950526,0.0,0.0,0.17974186357447966,0.2139439439129837,-0.08088409189713744,-0.032565692302809444
237,12.5,13.982212072571677,9.223926205257214,2.0537601959105247,0.884319694578461,21.297998500718176,13.600678747395783,False,False,0.14257054126892665,0.06353921122637962,0.0,0.0,0.1794368715157808,0.213766883367682,-0.08160469377799243,-0.03270681537601765
237,13.0,13.067643026676496,8.669833679559174,1.9611257542924854,0.8813935400069877,21.154658797000994,14.163460316882766,False,False,0.1319154392232246,0.06161976228375178,0.0,0.0,0.17913136526657908,0.213590245871234,-0.08233419214984745,-0.032848327905764155
237,13.5,13.025600757878742,8.825092559668256,1.9123380605929743,0.8811855632438772,21.261710859317304,14.416934661521648,False,False,0.13241001399445773,0.06362352439875377,0.0,0.0,0.17883795799748486,0.21341438223195908,-0.08304212594956963,-0.03298994578613372
237,14.0,12.881001948026912,8.527443022020753,1.9672992183047815,0.8809177705934867,20.936181908071575,13.721507796559557,False,False,0.1281730950548258,0.0595118142231819,0.0,0.0,0.17855105779708302,0.21323894056986997,-0.08374138345063296,-0.033131949295056355
237,14.5,12.352567734587618,8.18714281369408,1.9200616723220352,0.8805856065230903,20.7464911530094,13.68570720048158,False,False,0.12144101682365807,0.057475929177550955,0.0,0.0,0.1782574393609434,0.21306392313286887,-0.08446429144448597,-0.03327433567200492
237,15.0,12.181492878126683,8.164202174543668,1.887776844903241,0.8801839839559372,20.698772444607847,13.615526223591658,False,False,0.11932911392254959,0.05714763057345295,0.0,0.0,0.1779701219516404,0.21288933286617404,-0.08517889504017476,-0.03341710152673456
237,15.5,11.95942690681993,7.9782010335934235,1.9054063391345701,0.8836376354745913,20.461196877998134,13.240435080104398,False,False,0.11545547776295909,0.05489549897568105,0.0,0.0,0.17768719599270608,0.2127151734765741,-0.08588962654765916,-0.033560242771311755
237,16.0,9.805926550281406,7.221929318445989,1.4822113803021852,0.863707606400124,20.655215498050627,15.098639829745276,False,False,0.09574083019956958,0.05635579325917063,0.0,0.0,0.17740229674363445,0.21254094864120487,-0.08661246663520931,-0.03370416935833808
237,16.5,9.511110310119042,7.163159473594974,1.4324731170445244,0.8562533551914062,20.661379771384524,14.881188507614759,False,False,0.09260449986222014,0.05582012409221883,0.0,0.0,0.17717159576160416,0.2123696332798493,-0.087203111730442,-0.03384641011261348
237,17.0,9.935077931142509,7.622481358283103,1.4801258400785657,0.8747028977645053,20.644520061211708,14.27293523195728,False,False,0.09685351801403647,0.05766220753375381,0.0,0.0,0.1769474985728118,0.2121996327451788,-0.08778145022642339,-0.03398826676643956
237,17.5,7.108022734965733,6.194479093915546,1.020735887051293,0.8393322246923405,20.83083528000607,16.543753702514433,False,False,0.0699322441515511,0.05756624395733675,0.0,0.0,0.17671759060910172,0.2120276413210037,-0.0883795405634532,-0.03413250618880654
237,18.0,6.759434701257725,6.52967248416031,0.7779009987975982,0.7968845343470689,22.195536360070072,18.84055326966788,False,False,0.07263299175177229,0.07445775684735645,0.0,0.0,0.1765464820490809,0.2118605128416081,-0.0888278211780528,-0.03427336655229771
237,18.5,3.2809022187356023,3.7203093163124956,0.3354780243956907,0.7383546795267965,11.438724076887848,14.807244150934155,False,False,0.03695696987124029,0.0810912376975556,0.0,0.0,0.17640657307270036,0.2116991446201961,-0.08919637753119808,-0.034410029712786366
237.0,19.0,0.0,0.0,0.0,0.0,0.0,0.0,0.0,0.0,0.0,0.0,0.0,0.0,0.17632329421753512,0.21154558161326756,-0.08941662056761551,-0.03454068595274742
237.0,19.5,0.0,0.0,0.0,0.0,0.0,0.0,0.0,0.0,0.0,0.0,0.0,0.0,0.17628301373593183,0.21148645144417658,-0.08952338062280166,-0.03459115332937175
237.0,20.0,0.0,0.0,0.0,0.0,0.0,0.0,0.0,0.0,0.0,0.0,0.0,0.0,0.17624297734548863,0.21142765925657192,-0.08962964426473857,-0.034641419368797374
237.0,20.5,0.0,0.0,0.0,0.0,0.0,0.0,0.0,0.0,0.0,0.0,0.0,0.0,0.17620318173338528,0.2113692008736316,-0.08973541780412521,-0.03469148632616389
237.0,21.0,0.0,0.0,0.0,0.0,0.0,0.0,0.0,0.0,0.0,0.0,0.0,0.0,0.1761636236547952,0.21131107220101664,-0.08984070742808145,-0.034741356413346
237.0,21.5,0.0,0.0,0.0,0.0,0.0,0.0,0.0,0.0,0.0,0.0,0.0,0.0,0.17612429993104067,0.2112532692246296,-0.08994551920337365,-0.034791031800113746
237.0,22.0,0.0,0.0,0.0,0.0,0.0,0.0,0.0,0.0,0.0,0.0,0.0,0.0,0.1760852074478103,0.2111957880084491,-0.09004985907953374,-0.034840514615254004
237.0,22.5,0.0,0.0,0.0,0.0,0.0,0.0,0.0,0.0,0.0,0.0,0.0,0.0,0.1760463431534363,0.21113862469243952,-0.09015373289187752,-0.03488980694765313
237.0,23.0,0.0,0.0,0.0,0.0,0.0,0.0,0.0,0.0,0.0,0.0,0.0,0.0,0.1760077040572283,0.21108177549053017,-0.09025714636442715,-0.034938910847344455
237.0,23.5,0.0,0.0,0.0,0.0,0.0,0.0,0.0,0.0,0.0,0.0,0.0,0.0,0.17596928722786212,0.211025236688663,-0.0903601051127401,-0.03498782832652053
237.0,24.0,0.0,0.0,0.0,0.0,0.0,0.0,0.0,0.0,0.0,0.0,0.0,0.0,0.17593108979182187,0.21096900464290566,-0.09046261464664762,-0.03503656136051172
238.0,0.5,0.0,0.0,0.0,0.0,0.0,0.0,0.0,0.0,0.0,0.0,0.0,0.0,0.17589310893189194,0.21091307577762655,-0.09056468037290828,-0.03508511188873316
238.0,1.0,0.0,0.0,0.0,0.0,0.0,0.0,0.0,0.0,0.0,0.0,0.0,0.0,0.17585534188569807,0.21085744658373035,-0.09066630759777784,-0.035133481815600796
238.0,1.5,0.0,0.0,0.0,0.0,0.0,0.0,0.0,0.0,0.0,0.0,0.0,0.0,0.17581778594429529,0.21080211361695106,-0.0907675015294993,-0.03518167301141747
238.0,2.0,0.0,0.0,0.0,0.0,0.0,0.0,0.0,0.0,0.0,0.0,0.0,0.0,0.17578043845080074,0.2107470734962005,-0.09086826728071616,-0.03522968731323113
238.0,2.5,0.0,0.0,0.0,0.0,0.0,0.0,0.0,0.0,0.0,0.0,0.0,0.0,0.1757432967990699,0.21069232290197007,-0.09096860987081211,-0.035277526525665126
238.0,3.0,0.0,0.0,0.0,0.0,0.0,0.0,0.0,0.0,0.0,0.0,0.0,0.0,0.17570635843241444,0.2106378585747837,-0.09106853422817832,-0.035325192421722405
238.0,3.5,0.0,0.0,0.0,0.0,0.0,0.0,0.0,0.0,0.0,0.0,0.0,0.0,0.17566962084236057,0.21058367731370006,-0.0911680451924128,-0.03537268674356459
238.0,4.0,0.0,0.0,0.0,0.0,0.0,0.0,0.0,0.0,0.0,0.0,0.0,0.0,0.1756330815674453,0.21052977597486194,-0.09126714751645343,-0.03542001120326631
238.0,4.5,0.0,0.0,0.0,0.0,0.0,0.0,0.0,0.0,0.0,0.0,0.0,0.0,0.1755967381920507,0.2104761514700917,-0.0913658458686469,-0.035467167483546155
238.0,5.0,0.0,0.0,0.0,0.0,0.0,0.0,0.0,0.0,0.0,0.0,0.0,0.0,0.17556058834527352,0.21042280076552963,-0.09146414483475622,-0.03551415723847561
238.0,5.5,0.0,0.0,0.0,0.0,0.0,0.0,0.0,0.0,0.0,0.0,0.0,0.0,0.17552462969982932,0.21036972088031541,-0.09156204891990898,-0.03556098209416541
238.0,6.0,0.0,0.0,0.0,0.0,0.0,0.0,0.0,0.0,0.0,0.0,0.0,0.0,0.1754888599709902,0.21031690888530966,-0.09165956255048804,-0.03560764364943151
238,6.5,5.309770555401524,5.462639476156022,0.11898520829000636,0.7233771217581908,31.297519918665795,35.18130466253941,False,False,0.14812495567910947,1.0884484833017467,0.0,0.0,0.1754532769155544,0.21026436190185466,-0.09175669007596714,-0.035654143476440796
238,7.0,11.472981679572316,11.764365250798935,0.28834949942997484,0.6574420900865319,31.200551500719428,34.19218055536231,False,False,0.3147066095857049,0.8940810728979867,0.0,0.0,0.1754027157141236,0.21011989513778007,-0.09189491296217549,-0.03578235824629557
238,7.5,13.138978559333541,13.477942659792497,0.3555500433513954,0.6722634426683147,31.04080051835651,33.923992082586125,False,False,0.35074375031375415,0.8370232355086129,0.0,0.0,0.17533075425663752,0.20998409005947333,-0.09209206737251946,-0.035903386966793474
238,8.0,14.495434539007444,14.841695895416905,0.4590834613739599,0.6948198588536147,30.177473205743283,32.543546819278596,False,False,0.33798875384670024,0.6030380530276533,0.0,0.0,0.17525040942964865,0.20984665292153007,-0.0923127856582537,-0.036026367071633834
238,8.5,14.694926245627592,13.866635437150611,1.0284188816760103,0.8064594126342783,25.275193161615128,22.856350793813977,False,False,0.2005400898141989,0.16434623179348218,0.0,0.0,0.17515704914694546,0.2097065953348463,-0.09257005140670617,-0.03615220868034525
238,9.0,14.825881885645652,13.499401913624949,1.178284540218223,0.8216011858339844,24.407575088382977,20.499247942493646,False,False,0.1872955348579995,0.1338169176006648,0.0,0.0,0.1749913129111304,0.20955256254334317,-0.09302886553577766,-0.03629121223026448
238,9.5,13.68746976932088,12.785343190752844,1.101073678765383,0.8217016187299769,24.229752908203125,20.841464095726543,False,False,0.1705061819119009,0.1289009401015857,0.0,0.0,0.1748066529090466,0.20939684892837956,-0.093543262132898,-0.03643238034938766
238,10.0,15.042340667314072,13.490441198632112,1.2589893860520114,0.838160908444893,24.01149729620439,19.601087853606344,False,False,0.18423519086914017,0.12548144496710903,0.0,0.0,0.17463200415562874,0.2092413686928863,-0.09403289216299929,-0.03657399017137001
238,10.5,15.851582205945089,13.268513213972037,1.4754084677131512,0.8581678870540962,23.358873405376343,17.947837016167696,False,False,0.18605747547015228,0.1123462704027784,0.0,0.0,0.17443740187228934,0.20908403466697267,-0.09458206356672501,-0.03671795651085901
238,11.0,15.768318816505527,12.664175276723064,1.5912384204358576,0.8795119545038782,22.752230887794347,16.732502096725053,False,False,0.1771850414671735,0.10069873289302672,0.0,0.0,0.1742153888998961,0.2089243922844534,-0.09521326213006714,-0.03686472575233791
238,11.5,15.627862846637939,12.152121541602746,1.6493760354746771,0.869545858685219,22.400215923136866,15.881422797132767,False,False,0.1714246133486565,0.09257782061812594,0.0,0.0,0.17397878171318454,0.20876226872202083,-0.09589148586282245,-0.037014492043117395
238,12.0,15.410174540781716,11.53387478113505,1.7311384718573934,0.8767085138001779,21.989153342523,15.268635892979308,False,True,0.16418437602596653,0.08529922903729184,0.0,0.0,0.1737349303612309,0.20860165152575671,-0.09659650669367692,-0.03716358219416536
238,12.5,15.294738516565207,11.745694597795108,1.6651189745857058,0.8765757226540862,22.161891654466658,15.789533398918277,False,False,0.16478720147277665,0.08920918813376244,0.0,0.0,0.17348082245217974,0.20844035557409235,-0.097337762501237,-0.037314022991314554
238,13.0,14.095173409723444,10.523668137460756,1.6780971777073161,0.8763618996276553,21.583987663167495,15.423407704978437,False,False,0.14613089786327177,0.07884827329622296,0.0,0.0,0.17323528846528724,0.20827930822633273,-0.09806045426917791,-0.037464956397982335
238,13.5,14.499905142918246,10.255042119783635,1.7930405908011493,0.8620501119369025,21.19148853893588,13.947646381279164,False,True,0.14657246773666022,0.07158618360260698,0.0,0.0,0.17298825974887275,0.20811851752538332,-0.09879400641002908,-0.037616375512655044
238,14.0,12.890829143419587,9.153003221744225,1.7215251828387839,0.8639327083392621,20.788283584418664,14.469496857856964,False,False,0.12697633294217756,0.06593344979088772,0.0,0.0,0.17272674086673237,0.20795977776669855,-0.09957772339143851,-0.03776657902281015
238,14.5,12.804035209091072,9.075066351878059,1.7191326146594716,0.8694213321322445,20.59572801092946,14.025976832752228,False,False,0.12464301452901086,0.06410502472392658,0.0,0.0,0.17247449108941013,0.20780102304226442,-0.10034069090773703,-0.03791751194791711
238,15.0,11.346388509551256,8.505431614109428,1.4907277718604768,0.861898208261012,20.71715171643178,15.509735461775133,False,False,0.111213283427101,0.06564358106890367,0.0,0.0,0.17222270023202454,0.20764179164765814,-0.10110922670770742,-0.038069620548305844
238,15.5,11.3175681049212,9.009573396716625,1.35456767627883,0.8649604304211486,21.26393624991513,16.5782071751769,False,False,0.11476479735508333,0.07481904972144456,0.0,0.0,0.17200016802726145,0.20748373956132782,-0.10179430149894364,-0.03822132210753989
238,16.0,10.747929162568287,8.97234556222292,1.190993339792778,0.8301358256028859,21.693060933408603,17.501194599657747,False,False,0.11201512714106054,0.07945898962284086,0.0,0.0,0.1717951378552371,0.20732551575107036,-0.10243039589285373,-0.03837391047019687
238,16.5,10.335038722609438,8.960672773718347,1.1073934290219003,0.8381071676082629,21.878514676253484,17.97956606741776,False,False,0.1087261244993925,0.08350263497064253,0.0,0.0,0.17161110160060994,0.20717194616086382,-0.10300539483575637,-0.038522704970380836
238,17.0,10.269755086418975,9.212512834971207,1.0441743442886737,0.8279151443829526,22.1523788075445,18.201575329346618,False,False,0.11003211443070582,0.0882402920533395,0.0,0.0,0.17143786633655586,0.2070175751353458,-0.10355016451771985,-0.03867296931613489
238,17.5,9.293130578370448,8.665016970193827,0.9344662083926566,0.8283581279815212,22.153906310771617,18.570679238604047,False,False,0.09957861668235936,0.08888277347519245,0.0,0.0,0.17127283333982052,0.20686471526493735,-0.1040723364024149,-0.03882245134740348
238,18.0,7.475183874937448,7.432175476604683,0.6977972553082583,0.7824904001718301,22.562226906644245,20.240313486756527,False,False,0.08236408943377398,0.09261942254864343,0.0,0.0,0.17112192532651063,0.2067120093133494,-0.10455256434257063,-0.03897247075016153
238,18.5,3.9125843763949675,4.326834327994613,0.33905582922886207,0.7298985115603798,11.47777354319912,14.839495961236898,False,False,0.04431748837800695,0.09516304685895952,0.0,0.0,0.17100131977817803,0.20656535682536917,-0.10493826116989904,-0.039117193804208805
238.0,19.0,0.0,0.0,0.0,0.0,0.0,0.0,0.0,0.0,0.0,0.0,0.0,0.0,0.17092657126455654,0.20642561275018587,-0.1051781580881699,-0.03925569550193588
238.0,19.5,0.0,0.0,0.0,0.0,0.0,0.0,0.0,0.0,0.0,0.0,0.0,0.0,0.17089516975245167,0.20637908625745038,-0.10527913257368149,-0.039301937953813176
238.0,20.0,0.0,0.0,0.0,0.0,0.0,0.0,0.0,0.0,0.0,0.0,0.0,0.0,0.1708639069923561,0.2063327624721351,-0.10537977564546008,-0.039348043429305084
238.0,20.5,0.0,0.0,0.0,0.0,0.0,0.0,0.0,0.0,0.0,0.0,0.0,0.0,0.17083278158615076,0.2062866395480411,-0.10548009043791982,-0.039394013028694705
238.0,21.0,0.0,0.0,0.0,0.0,0.0,0.0,0.0,0.0,0.0,0.0,0.0,0.0,0.1708017921573286,0.20624071566558164,-0.10558008003905658,-0.03943984783705894
238.0,21.5,0.0,0.0,0.0,0.0,0.0,0.0,0.0,0.0,0.0,0.0,0.0,0.0,0.17077093735055068,0.20619498903125164,-0.10567974749136701,-0.03948554892456704
238.0,22.0,0.0,0.0,0.0,0.0,0.0,0.0,0.0,0.0,0.0,0.0,0.0,0.0,0.1707402158312139,0.20614945787711006,-0.10577909579274372,-0.039531117346772664
238.0,22.5,0.0,0.0,0.0,0.0,0.0,0.0,0.0,0.0,0.0,0.0,0.0,0.0,0.1707096262850293,0.20610412046027585,-0.10587812789734995,-0.03957655414489753
238.0,23.0,0.0,0.0,0.0,0.0,0.0,0.0,0.0,0.0,0.0,0.0,0.0,0.0,0.17067916741761163,0.20605897506243614,-0.10597684671647063,-0.03962186034610895
238.0,23.5,0.0,0.0,0.0,0.0,0.0,0.0,0.0,0.0,0.0,0.0,0.0,0.0,0.17064883795407845,0.20601401998936703,-0.10607525511934543,-0.03966703696379007
238.0,24.0,0.0,0.0,0.0,0.0,0.0,0.0,0.0,0.0,0.0,0.0,0.0,0.0,0.17061863663865987,0.20596925357046625,-0.10617335593397975,-0.0397120849978031
239.0,0.5,0.0,0.0,0.0,0.0,0.0,0.0,0.0,0.0,0.0,0.0,0.0,0.0,0.17058856223431762,0.20592467415829735,-0.10627115194793657,-0.03975700543474672
239.0,1.0,0.0,0.0,0.0,0.0,0.0,0.0,0.0,0.0,0.0,0.0,0.0,0.0,0.17055861352237384,0.20588028012814508,-0.10636864590910956,-0.039801799248206766
239.0,1.5,0.0,0.0,0.0,0.0,0.0,0.0,0.0,0.0,0.0,0.0,0.0,0.0,0.17052878930214851,0.20583606987758166,-0.10646584052647853,-0.03984646739900094
239.0,2.0,0.0,0.0,0.0,0.0,0.0,0.0,0.0,0.0,0.0,0.0,0.0,0.0,0.17049908839060643,0.2057920418260439,-0.10656273847084498,-0.0398910108354176
239.0,2.5,0.0,0.0,0.0,0.0,0.0,0.0,0.0,0.0,0.0,0.0,0.0,0.0,0.17046950962201227,0.20574819441442013,-0.10665934237555204,-0.039935430493448644
239.0,3.0,0.0,0.0,0.0,0.0,0.0,0.0,0.0,0.0,0.0,0.0,0.0,0.0,0.1704400518475941,0.20570452610464726,-0.10675565483718698,-0.03997972729701728
239.0,3.5,0.0,0.0,0.0,0.0,0.0,0.0,0.0,0.0,0.0,0.0,0.0,0.0,0.17041071393521526,0.20566103537931762,-0.10685167841626712,-0.04002390215819989
239.0,4.0,0.0,0.0,0.0,0.0,0.0,0.0,0.0,0.0,0.0,0.0,0.0,0.0,0.1703814947690539,0.20561772074129525,-0.10694741563790977,-0.04006795597744267
239.0,4.5,0.0,0.0,0.0,0.0,0.0,0.0,0.0,0.0,0.0,0.0,0.0,0.0,0.17035239324929027,0.2055745807133407,-0.10704286899248665,-0.040111889643773734
239.0,5.0,0.0,0.0,0.0,0.0,0.0,0.0,0.0,0.0,0.0,0.0,0.0,0.0,0.17032340829180137,0.20553161383774574,-0.1071380409362637,-0.04015570403500917
239.0,5.5,0.0,0.0,0.0,0.0,0.0,0.0,0.0,0.0,0.0,0.0,0.0,0.0,0.1702945388278629,0.2054888186759754,-0.1072329338920254,-0.04019940001795569
239.0,6.0,0.0,0.0,0.0,0.0,0.0,0.0,0.0,0.0,0.0,0.0,0.0,0.0,0.17026578380385832,0.20544619380831952,-0.10732755024968549,-0.040242978448607296
239.0,6.5,0.0,0.0,0.0,0.0,0.0,0.0,0.0,0.0,0.0,0.0,0.0,0.0,0.1702371421809945,0.20540373783355173,-0.10742189236688343,-0.040286440172338046
239,7.0,2.702355863245395,2.726156669120916,0.1703443826096892,0.18346667601069153,12.42809130304314,12.782695419892628,False,False,0.035400024027323986,0.038120557295306896,0.0,0.0,0.17020861293502434,0.2053614493685963,-0.1075159625695674,-0.04032978602409045
239,7.5,4.275154064872564,4.024719338392246,0.306754837854297,0.2290419639878058,12.04309953550462,10.374193357896743,False,False,0.05266401128530489,0.039548726440480665,0.0,0.0,0.17015848759652258,0.20529594737832835,-0.10768147994563432,-0.04039703558136622
239,8.0,10.442724016116104,10.190750514750142,0.8744297689411268,0.8059144832606318,23.08115134999366,21.483654732140085,False,False,0.11935118663492804,0.11041022639553424,0.0,0.0,0.1700910894644702,0.20522480239890778,-0.10790451210119734,-0.0404702301095294
239,8.5,12.688974984712825,11.537893509098318,1.1436412554361066,0.8308006277606415,22.611615164136566,18.494919640646803,False,False,0.14029130381879668,0.10245681448136439,0.0,0.0,0.16995146032249683,0.20508030841279543,-0.10836832301484095,-0.04061937362580317
239,9.0,14.046944166947627,11.803819274021254,1.388321461548242,0.8573737346114999,22.023242945763187,16.46006776896011,False,False,0.14920395230601824,0.09297814468687032,0.0,0.0,0.1697776332304992,0.2049328052685505,-0.10894905401437739,-0.0407722991010246
239,9.5,14.492162782752182,11.22754137579071,1.6121410655809183,0.8809618651896988,21.266582208170878,14.727288414324615,False,False,0.14652994421069626,0.08112264300922849,0.0,0.0,0.16957273332244774,0.2047820766948039,-0.10963836315702037,-0.04092927775494027
239,10.0,14.4286991052441,11.626540613234166,1.5087114228723104,0.8684595785669432,21.57633693325585,15.356822810838377,False,False,0.14881815072484247,0.08629493445474061,0.0,0.0,0.16933941798055596,0.20462850179465336,-0.11042960274787669,-0.041089961968667675
239,10.5,15.05812253908824,11.939494488731707,1.545795805610671,0.8585313052130334,21.68723641324981,15.27804542504548,False,False,0.15643484854923606,0.08801067932663212,0.0,0.0,0.1691193885587546,0.20447667840582753,-0.1111820268604697,-0.0412495529365979
239,11.0,14.330063662745225,11.261530567339998,1.5568066171259878,0.8659686385940287,21.241505449645913,14.725937868469153,False,False,0.14466039605551367,0.08097245532573988,0.0,0.0,0.16889473804601216,0.20432627726566238,-0.11195656426471126,-0.04140837759894161
239,11.5,13.783939656826307,10.856723587486591,1.5370287781648317,0.8615281942972528,21.017528271695127,14.471995610336228,False,False,0.13719733441247134,0.07718564912586748,0.0,0.0,0.16866878816536487,0.20417508419298666,-0.11274207507434954,-0.04156877347940795
239,12.0,7.085542166415028,5.13752529894837,0.7741840172514354,0.382448629992444,10.557915007763086,6.901435815858599,False,True,0.07096183162719659,0.03524310624679333,0.0,0.0,0.16844546150763745,0.20402461158782056,-0.11352492738241618,-0.0417291405509142
239,12.5,6.131442989945331,5.113605091620492,0.6208736412358262,0.3723151569982619,10.767603368060104,7.716037022580687,False,False,0.06307174260751969,0.03782286817191328,0.0,0.0,0.16831944828090364,0.2039353428327772,-0.11396951399695282,-0.04182462763436518
239,13.0,13.069984422368695,11.936846648442337,1.1442863029016135,0.83611808095211,22.471123671018105,18.675998119329808,False,False,0.14310647967422674,0.10523910483273675,0.0,0.0,0.16821307295046142,0.20384751763176587,-0.11434643173237764,-0.04191882476968437
239,13.5,13.743676456152247,12.41841876761363,1.1784672323473648,0.8346144545453456,22.585021666227306,18.488203636327874,False,False,0.1516719201521295,0.10838033155086027,0.0,0.0,0.16804009795578428,0.2037007397745882,-0.11496250695315977,-0.042076816583847834
239,14.0,11.379890078112288,10.551780855204035,1.0698257936904796,0.8368382572246863,21.928532693419843,18.683720690606627,False,False,0.12011542574784066,0.09419491553757393,0.0,0.0,0.1678628666136392,0.2035543034118466,-0.11559784825616849,-0.04223514833216182
239,14.5,5.739456068495985,5.054063443796684,0.47578812262524517,0.30947049309321656,11.359095996532472,8.860578939047379,False,False,0.06392986688584013,0.041819851617831236,0.0,0.0,0.16769957834109195,0.20340773240083812,-0.11618691221035315,-0.042394337025904505
239,15.0,4.721446054076507,4.530743212109182,0.33425940087938794,0.2717501475851218,11.837965994461026,10.636635755185326,False,False,0.05637083191392235,0.04597980037216739,0.0,0.0,0.16761208770841818,0.20332851293868745,-0.11650400684653298,-0.0424806737445434
239,15.5,9.390007407433478,9.597556044057725,0.6765269924746756,0.7883911704729403,11.759772677925517,12.551782113134271,False,False,0.11080966809848082,0.1302320492113946,0.0,0.0,0.16754272942517962,0.20325424677133222,-0.11675611682422601,-0.042561802469237776
239,16.0,8.684339844688582,8.84363352933195,0.657034306423587,0.7772362191951429,23.212667179976545,23.999915686398875,False,False,0.10020117202860372,0.11904374043070881,0.0,0.0,0.1674298511754381,0.2031142889790076,-0.11716780846118924,-0.04271519537944435
239,16.5,7.834840484988268,8.155400739861605,0.4722127178580829,0.7293135834899171,24.614791288632226,27.444907112181344,False,False,0.10063361613764102,0.15653696813311985,0.0,0.0,0.16731955228666487,0.20297589698132326,-0.11757176444774275,-0.04286752029011303
239,17.0,2.3471224781214777,2.373592993563187,0.11421408727936364,0.12650851157950382,12.961877100348689,13.45366984452278,False,False,0.033710051259392367,0.03753475328816731,0.0,0.0,0.16723290029885546,0.20284375510720726,-0.1178902808452447,-0.043013570222790086
239.0,17.5,0.0,0.0,0.0,0.0,0.0,0.0,0.0,0.0,0.0,0.0,0.0,0.0,0.167191962872265,0.2027885725051197,-0.11804111666570963,-0.043074736287003604
239,18.0,1.9205258021708964,2.136441795192127,0.11213890664397651,0.6006908939507477,12.307136451313895,17.16568089234059,False,False,0.024666917245325503,0.13221933484467582,0.0,0.0,0.1671656730999943,0.20274965232237221,-0.11813810378625632,-0.04311793892107205
239.0,18.5,0.0,0.0,0.0,0.0,0.0,0.0,0.0,0.0,0.0,0.0,0.0,0.0,0.16712518543569985,0.20263432446964622,-0.1182876549457833,-0.043246259968091304
239.0,19.0,0.0,0.0,0.0,0.0,0.0,0.0,0.0,0.0,0.0,0.0,0.0,0.0,0.1670990794822529,0.20259568334640804,-0.11838420332915083,-0.04328935625229459
239.0,19.5,0.0,0.0,0.0,0.0,0.0,0.0,0.0,0.0,0.0,0.0,0.0,0.0,0.16707306433156985,0.2025571802194635,-0.1184805093124574,-0.04333234953555502
239.0,20.0,0.0,0.0,0.0,0.0,0.0,0.0,0.0,0.0,0.0,0.0,0.0,0.0,0.16704713925814724,0.20251881408211847,-0.11857657471324565,-0.043375240467024505
239.0,20.5,0.0,0.0,0.0,0.0,0.0,0.0,0.0,0.0,0.0,0.0,0.0,0.0,0.16702130354548675,0.20248058393915708,-0.11867240132735529,-0.04341802968886725
239.0,21.0,0.0,0.0,0.0,0.0,0.0,0.0,0.0,0.0,0.0,0.0,0.0,0.0,0.16699555648594577,0.202442488806661,-0.11876799092927169,-0.04346071783636751
239.0,21.5,0.0,0.0,0.0,0.0,0.0,0.0,0.0,0.0,0.0,0.0,0.0,0.0,0.16696989738059156,0.20240452771183245,-0.11886334527246457,-0.043503305538035136
239.0,22.0,0.0,0.0,0.0,0.0,0.0,0.0,0.0,0.0,0.0,0.0,0.0,0.0,0.16694432553905791,0.2023666996928204,-0.11895846608972337,-0.04354579341570945
239.0,22.5,0.0,0.0,0.0,0.0,0.0,0.0,0.0,0.0,0.0,0.0,0.0,0.0,0.1669188402794049,0.20232900379855068,-0.1190533550934834,-0.043588182084660414
239.0,23.0,0.0,0.0,0.0,0.0,0.0,0.0,0.0,0.0,0.0,0.0,0.0,0.0,0.1668934409279816,0.20229143908855923,-0.11914801397614695,-0.043630472153688225
239.0,23.5,0.0,0.0,0.0,0.0,0.0,0.0,0.0,0.0,0.0,0.0,0.0,0.0,0.16686812681929156,0.20225400463282867,-0.11924244441039741,-0.04367266422522092
239.0,24.0,0.0,0.0,0.0,0.0,0.0,0.0,0.0,0.0,0.0,0.0,0.0,0.0,0.1668428972958607,0.20221669951162805,-0.11933664804950779,-0.04371475889540996
240.0,0.5,0.0,0.0,0.0,0.0,0.0,0.0,0.0,0.0,0.0,0.0,0.0,0.0,0.1668177517081083,0.20217952281535592,-0.11943062652764229,-0.043756756754224024
240.0,1.0,0.0,0.0,0.0,0.0,0.0,0.0,0.0,0.0,0.0,0.0,0.0,0.0,0.16679268941422032,0.20214247364438642,-0.11952438146015361,-0.04379865838554077
240.0,1.5,0.0,0.0,0.0,0.0,0.0,0.0,0.0,0.0,0.0,0.0,0.0,0.0,0.16676770978002523,0.20210555110891806,-0.11961791444387268,-0.04384046436723736
240.0,2.0,0.0,0.0,0.0,0.0,0.0,0.0,0.0,0.0,0.0,0.0,0.0,0.0,0.1667428121788725,0.20206875432882584,-0.11971122705739382,-0.043882175271278585
240.0,2.5,0.0,0.0,0.0,0.0,0.0,0.0,0.0,0.0,0.0,0.0,0.0,0.0,0.16671799599151327,0.20203208243351622,-0.11980432086135422,-0.043923791663803675
240.0,3.0,0.0,0.0,0.0,0.0,0.0,0.0,0.0,0.0,0.0,0.0,0.0,0.0,0.16669326060598344,0.20199553456178435,-0.11989719739870884,-0.04396531410521153
240.0,3.5,0.0,0.0,0.0,0.0,0.0,0.0,0.0,0.0,0.0,0.0,0.0,0.0,0.1666686054174892,0.2019591098616746,-0.11998985819499823,-0.04400674315024411
240.0,4.0,0.0,0.0,0.0,0.0,0.0,0.0,0.0,0.0,0.0,0.0,0.0,0.0,0.16664402982829465,0.2019228074903437,-0.1200823047586132,-0.04404807934806808
240.0,4.5,0.0,0.0,0.0,0.0,0.0,0.0,0.0,0.0,0.0,0.0,0.0,0.0,0.16661953324761164,0.20188662661392598,-0.12017453858105288,-0.044089323242355725
240.0,5.0,0.0,0.0,0.0,0.0,0.0,0.0,0.0,0.0,0.0,0.0,0.0,0.0,0.16659511509149164,0.20185056640740182,-0.1202665611371798,-0.04413047537136317
240.0,5.5,0.0,0.0,0.0,0.0,0.0,0.0,0.0,0.0,0.0,0.0,0.0,0.0,0.16657077478272006,0.20181462605446798,-0.12035837388546808,-0.04417153626800831
240.0,6.0,0.0,0.0,0.0,0.0,0.0,0.0,0.0,0.0,0.0,0.0,0.0,0.0,0.1665465117507122,0.20177880474741083,-0.12044997826824833,-0.04421250645994635
240.0,6.5,0.0,0.0,0.0,0.0,0.0,0.0,0.0,0.0,0.0,0.0,0.0,0.0,0.1665223254314113,0.20174310168698165,-0.12054137571194797,-0.04425338646964456
240,7.0,2.5770287494049358,2.658908479343538,0.09402610656553369,0.16575455706625344,13.72071545205616,15.690392640498956,False,False,0.04288867494728327,0.07636265611746888,0.0,0.0,0.16649821526718886,0.20170751608227436,-0.12063256762732599,-0.04429417681445533
240,7.5,4.223692293268516,4.300450610787592,0.17575065078419563,0.2121696779901268,13.402675993350957,14.276760850001013,False,False,0.06590772036558,0.08182806886676612,0.0,0.0,0.16646219869792095,0.20165092458541417,-0.12076894631605335,-0.04435913767366579
240,8.0,7.297864854281244,7.390169340470953,0.3858575592610978,0.6859867067433165,25.37720166207254,29.10608822314901,False,False,0.09988525033665982,0.18394278067525593,0.0,0.0,0.16641584280091917,0.2015885341787881,-0.12094474590143027,-0.044430886648992016
240,8.5,7.798655127200973,7.64841651292241,0.5110350435663491,0.6972862001413273,24.016651980235537,26.752823082048355,False,False,0.09555408612919512,0.133431880734917,0.0,0.0,0.1663427869147589,0.20146587907945485,-0.12122242154733026,-0.04457234356011641
240,9.0,12.1766602901451,11.912232621515109,0.8784107493988287,0.8012427146008116,23.34065038363247,22.042541731315804,False,False,0.1418124709722059,0.1309242989216855,0.0,0.0,0.16625385329979603,0.20134189842734065,-0.12156147214519396,-0.044715874884586455
240,9.5,13.446985025388212,12.416969770932205,1.091930021321775,0.8119938538768687,22.591047178346805,19.067909744896212,False,False,0.14845976125135818,0.11213688074330225,0.0,0.0,0.1661181774346942,0.20120478392905217,-0.12208090228344454,-0.0448752529371447
240,10.0,14.554860965124295,12.862536122690134,1.2531868100925854,0.8463216374777023,22.22805533792696,17.823364956088817,False,False,0.1567424553803056,0.10798078155619695,0.0,0.0,0.16595536515259376,0.20106641226203203,-0.12270771821346768,-0.0450367789319679
240,10.5,15.069436512337454,12.6813098929645,1.39347684619073,0.8521070985216423,21.720909232474604,16.53240880749538,False,False,0.15802199264744526,0.09924977208343913,0.0,0.0,0.16577207589211101,0.20092377825303426,-0.1234179632657126,-0.04520400610407731
240,11.0,14.322060377769606,12.28543930246725,1.3334783241894166,0.856962886351526,21.631433133488287,16.669428616773505,False,False,0.14824784374269806,0.0968616424549609,0.0,0.0,0.16557098099539466,0.20078051840146796,-0.12420284774572463,-0.04537271226559788
240,11.5,14.66677694361146,12.118332656030105,1.4420236989121318,0.8761809336129416,21.269153091408974,15.856886307416001,False,False,0.1483197001292733,0.09188115600126925,0.0,0.0,0.16537760328766662,0.20063675045721382,-0.12496322710357993,-0.0455427714936128
240,12.0,14.156746205023609,11.469496536801179,1.4581751899311748,0.8641945033306384,20.905290292064073,15.18958721361588,False,False,0.13992539898199013,0.08412777380750852,0.0,0.0,0.16517046425196266,0.20049064348379053,-0.12578387826469695,-0.04571637614308168
240,12.5,14.740340034431927,11.309227570788568,1.6140512210612201,0.874110908872257,20.516296383786774,14.45043845437723,False,True,0.14344578456459334,0.08026222264129909,0.0,0.0,0.1649613374053989,0.20034617324814755,-0.126618927157022,-0.045888811840959366
240,13.0,14.359259062395054,10.859689930855557,1.6143574571730277,0.8692869813705685,20.30547846950175,14.21850295819745,False,True,0.1376700449367623,0.0762430244509466,0.0,0.0,0.16473241677275952,0.20020054791131126,-0.1275405974708703,-0.046063411068498566
240,13.5,13.90432448136018,11.398118570190753,1.396099962923854,0.8522557879547643,20.930983454162707,15.518599338332539,False,False,0.13765020157473445,0.08498305383655312,0.0,0.0,0.16450352656427386,0.20005564518238875,-0.128470148327232,-0.04623793011978568
240,14.0,13.77714212087669,10.631878661170129,1.531799658251468,0.8619759299546722,20.223099050308797,14.385216217706077,False,False,0.1315716735526946,0.07555863846350673,0.0,0.0,0.1643025184881368,0.19991301998152933,-0.12929313000177137,-0.04641047600038145
240,14.5,12.453928564913141,10.147949910174496,1.3628059090660611,0.8508074017300633,20.264639088559314,14.959543746029677,False,False,0.1183825093093114,0.07437779155502769,0.0,0.0,0.16408428632114372,0.19976926263248468,-0.13019375422728655,-0.04658516843644668
240,15.0,6.752761699430126,5.702641236213555,0.727212662238546,0.7712353971317822,20.31857861300925,21.92574808753374,False,False,0.06439684727070841,0.06874039926603996,0.0,0.0,0.1638876575312173,0.1996270343643675,-0.13101163123331827,-0.046758774293284004
240,15.5,4.252878441543909,3.3675600033920374,0.45470825890788935,0.2624279401782131,10.155074377865267,7.1166903583929635,False,False,0.04053654706608705,0.023383888963652327,0.0,0.0,0.16377209173087665,0.19949505135704132,-0.13149518321961146,-0.046920564595727965
240,16.0,7.71759329298674,7.7322981102299195,0.7715281414087923,0.8213855131899335,20.706673963953655,20.33340902846365,False,False,0.07535088991668061,0.08028726237550031,0.0,0.0,0.16369131903977294,0.1994280116212491,-0.13183441618190084,-0.04700300012584798
240,16.5,2.914732785195546,2.5369245698298384,0.27778385393285476,0.18531638893602706,10.507778882773339,8.132882351487268,False,False,0.029007980949289854,0.019341482420470055,0.0,0.0,0.1635702397694331,0.1992898462302899,-0.13234488579444023,-0.04717344040007952
240.0,17.0,0.0,0.0,0.0,0.0,0.0,0.0,0.0,0.0,0.0,0.0,0.0,0.0,0.16351214592379734,0.1992328401203358,-0.13259064504947088,-0.047243977439003444
240.0,17.5,0.0,0.0,0.0,0.0,0.0,0.0,0.0,0.0,0.0,0.0,0.0,0.0,0.16348951662020186,0.1991995519736433,-0.13268652281600626,-0.04728522495227611
240.0,18.0,0.0,0.0,0.0,0.0,0.0,0.0,0.0,0.0,0.0,0.0,0.0,0.0,0.16346695264985445,0.1991663657720468,-0.13278220603199387,-0.047326388862479266
240.0,18.5,0.0,0.0,0.0,0.0,0.0,0.0,0.0,0.0,0.0,0.0,0.0,0.0,0.16344445357927542,0.19913328088739304,-0.13287769590605333,-0.047367469608030524
240.0,19.0,0.0,0.0,0.0,0.0,0.0,0.0,0.0,0.0,0.0,0.0,0.0,0.0,0.163422018979499,0.19910029669751309,-0.13297299363465356,-0.047408467623459336
240.0,19.5,0.0,0.0,0.0,0.0,0.0,0.0,0.0,0.0,0.0,0.0,0.0,0.0,0.16339964842601037,0.19906741258614397,-0.13306810040227712,-0.04744938333945616
240.0,20.0,0.0,0.0,0.0,0.0,0.0,0.0,0.0,0.0,0.0,0.0,0.0,0.0,0.16337734149868346,0.19903462794285154,-0.13316301738158193,-0.04749021718292143
240.0,20.5,0.0,0.0,0.0,0.0,0.0,0.0,0.0,0.0,0.0,0.0,0.0,0.0,0.16869167721981776,0.2043351317972231,-0.11266220342930364,-0.04139900698912595
240.0,21.0,0.0,0.0,0.0,0.0,0.0,0.0,0.0,0.0,0.0,0.0,0.0,0.0,0.17399552569636567,0.2096208719459074,-0.09584330114358466,-0.03622948945307403
240.0,21.5,0.0,0.0,0.0,0.0,0.0,0.0,0.0,0.0,0.0,0.0,0.0,0.0,0.17395499429008834,0.20956238777934866,-0.09595998936238649,-0.03628232666699922
240.0,22.0,0.0,0.0,0.0,0.0,0.0,0.0,0.0,0.0,0.0,0.0,0.0,0.0,0.1739146923464734,0.20950428583000014,-0.0960761848400341,-0.03633490950804665
240.0,22.5,0.0,0.0,0.0,0.0,0.0,0.0,0.0,0.0,0.0,0.0,0.0,0.0,0.1765405102470117,0.21210989361213445,-0.08884351533100737,-0.03406343506736846
240.0,23.0,0.0,0.0,0.0,0.0,0.0,0.0,0.0,0.0,0.0,0.0,0.0,0.0,0.1764943280417751,0.2120437075020377,-0.08896499578572253,-0.03411900155552747
240.0,23.5,0.0,0.0,0.0,0.0,0.0,0.0,0.0,0.0,0.0,0.0,0.0,0.0,0.17644844735074963,0.2119780246812865,-0.0890858791471358,-0.03417425231088446
240.0,24.0,0.0,0.0,0.0,0.0,0.0,0.0,0.0,0.0,0.0,0.0,0.0,0.0,0.17640286371770741,0.21191283639958325,-0.0892061736962047,-0.034229192505049154
241.0,0.5,0.0,0.0,0.0,0.0,0.0,0.0,0.0,0.0,0.0,0.0,0.0,0.0,0.17635757278671715,0.21184813414524173,-0.08932588753557899,-0.03428382717259983
241.0,1.0,0.0,0.0,0.0,0.0,0.0,0.0,0.0,0.0,0.0,0.0,0.0,0.0,0.1789777413463014,0.21444631684646498,-0.08270395557015316,-0.03216921641627375
241.0,1.5,0.0,0.0,0.0,0.0,0.0,0.0,0.0,0.0,0.0,0.0,0.0,0.0,0.18425321067869202,0.21969347684630774,-0.07106180228873053,-0.02835367637106527
241.0,2.0,0.0,0.0,0.0,0.0,0.0,0.0,0.0,0.0,0.0,0.0,0.0,0.0,0.18418476478684018,0.21959719310030285,-0.0711998303802253,-0.02841866456155713
241.0,2.5,0.0,0.0,0.0,0.0,0.0,0.0,0.0,0.0,0.0,0.0,0.0,0.0,0.1841170003804064,0.21950204603431367,-0.07133679898136873,-0.028483059953736317
241.0,3.0,0.0,0.0,0.0,0.0,0.0,0.0,0.0,0.0,0.0,0.0,0.0,0.0,0.18671190252789494,0.22206624859396268,-0.0663085188166794,-0.026806698315380947
241.0,3.5,0.0,0.0,0.0,0.0,0.0,0.0,0.0,0.0,0.0,0.0,0.0,0.0,0.18663537467924043,0.22195959803258464,-0.06645064290248352,-0.026874037827322343
241.0,4.0,0.0,0.0,0.0,0.0,0.0,0.0,0.0,0.0,0.0,0.0,0.0,0.0,0.1865597010208729,0.22185435615154395,-0.06659153766508372,-0.02694068555907774
241.0,4.5,0.0,0.0,0.0,0.0,0.0,0.0,0.0,0.0,0.0,0.0,0.0,0.0,0.18648486038809714,0.22175048064351155,-0.06673123165995895,-0.027006661196639716
241.0,5.0,0.0,0.0,0.0,0.0,0.0,0.0,0.0,0.0,0.0,0.0,0.0,0.0,0.18907185654268746,0.22430500724525546,-0.062098339534487366,-0.025438470712288185
241.0,5.5,0.0,0.0,0.0,0.0,0.0,0.0,0.0,0.0,0.0,0.0,0.0,0.0,0.20755929205812532,0.24271635245206655,-0.03814871562462985,-0.01684846038404563
241.0,6.0,0.0,0.0,0.0,0.0,0.0,0.0,0.0,0.0,0.0,0.0,0.0,0.0,0.22574881859166568,0.26074374276761975,-0.024600152268157312,-0.011589267769518578
241.0,6.5,0.0,0.0,0.0,0.0,0.0,0.0,0.0,0.0,0.0,0.0,0.0,0.0,0.2509063454230615,0.28548697324682837,-0.014167303292817951,-0.007218133859039
241.0,7.0,0.0,0.0,0.0,0.0,0.0,0.0,0.0,0.0,0.0,0.0,0.0,0.0,0.2692493274231108,0.30323837725833663,-0.009800482193008997,-0.005267454318620292
241.0,7.5,0.0,0.0,0.0,0.0,0.0,0.0,0.0,0.0,0.0,0.0,0.0,0.0,0.28596141924550167,0.3197561733471033,-0.007155806344186185,-0.003992974898256192
241,8.0,2.4540248474775,2.4876192396085637,0.07766916779135584,0.21300887248435368,16.499637118333577,17.741302285472216,False,False,0.09757901518326105,0.270151479530761,0.015428581598720703,0.015428581598720703,0.2923848989301318,0.3254632709967601,-0.006371950686211246,-0.003640576564683972
241,8.5,2.672084513383203,2.709224716122833,0.08321770688140859,0.23750914863255657,16.521857831613296,17.775753230590677,False,False,0.10744320429361319,0.3106298596595648,0.023144283147034345,0.023144283147034345,0.29983944121856754,0.3320814087242782,-0.005586864101667205,-0.0032772541680131614
241,9.0,3.8654557159559464,3.9072619717469323,0.12255897801335346,0.2407450201406142,16.51738655486105,17.471404758275543,False,False,0.15507754600540455,0.3129669613367695,0.08409651459965706,0.08409651459965706,0.3052748136410416,0.336480352682783,-0.0050865031248909336,-0.003059577804956643
241,9.5,5.269080386262546,5.308374143940961,0.17316877472775755,0.2465492058023735,16.507376029306265,17.126385355759037,False,False,0.21032734507418518,0.3171590253035296,0.18242496574092507,0.18242496574092507,0.3073493483464116,0.33720700831054845,-0.004909730028489398,-0.003025299882242766
241,10.0,6.108497118558794,6.155753277582332,0.2063467395359635,0.2846770837209751,16.508484925980447,17.117728748239667,False,False,0.24397034582331073,0.3690068496689151,0.2626706900397509,0.2626706900397509,0.30462440886400793,0.33440073962471895,-0.005143479265624729,-0.0031602655718154667
241,10.5,5.766818276208977,5.810491216540747,0.19416129798489987,0.27279854192006264,16.47449260683083,17.088654449862208,False,False,0.22645853822521123,0.33810106870532175,0.2167284168769895,0.2167284168769895,0.30397979885862214,0.3344263292861786,-0.005200699637181817,-0.003159002830700764
241,11.0,5.97248498745373,6.012745512609472,0.20617808123467266,0.2717389267479872,16.438086977461495,16.975311723495565,False,False,0.2303939080339487,0.3232571272725251,0.23381169880070327,0.23381169880070327,0.30196787963881244,0.33215748225735453,-0.005384234454868173,-0.0032733359690068652
241,11.5,7.570080932474573,7.5835427949930025,0.2930186318812748,0.2766889640830289,16.37998436036114,16.4849915797302,False,False,0.2840192162680021,0.3070609818345532,0.5111429782090079,0.5111429782090079,0.30021988660887694,0.3301293138369542,-0.005549987079137117,-0.0033797358856658315
241,12.0,14.118991252762422,14.185240838624075,0.5582733527933186,0.6298911285991119,32.528612413309034,33.22977957815701,False,False,0.5023166972142429,0.6228695822892992,0.6310479433140928,0.6310479433140928,0.29862186141258595,0.32823920519475697,-0.005706863691061306,-0.0034826219482838026
241,12.5,6.730360463806121,6.749523176302747,0.2973478799266263,0.3104099774982289,16.005442566973024,16.19561128612622,False,False,0.21460067492803542,0.23669523415665827,0.3319667741665756,0.3319667741665756,0.2971269963660274,0.32642031137491045,-0.005858417848712121,-0.003585173754233213
241,13.0,5.971749406007318,6.003216520036451,0.2682759088990379,0.30921119465586416,15.93662838680358,16.307491007953853,False,False,0.18530036294082972,0.22196788961422376,0.24278206881889813,0.24278206881889813,0.29582593269606977,0.3247830626936034,-0.005994240628482356,-0.0036805743587728073
241,13.5,7.058163510496816,7.0571105365354105,0.3198217051856952,0.2962264519841886,16.020847173735895,16.0049227023394,False,False,0.22645122890688443,0.22917662825525384,0.4464278830216355,0.4464278830216355,0.29925019057220964,0.33066386964998745,-0.005644558837877682,-0.0033512975884003315
241,14.0,15.43040062095857,15.487933376855402,0.6683651017568811,0.7102034011616133,32.28312261007986,32.778195061746096,False,False,0.5204019038533095,0.6220421520808073,0.8450091445665695,0.8450091445665695,0.30135989741645663,0.3335721523695395,-0.005441208387095666,-0.0032014797517870767
241,14.5,15.689241541341847,15.62153958639314,0.7937278016059511,0.690307152538937,31.706727890586855,31.306822970675114,False,False,0.47151334734126893,0.45787249778421546,1.090217036698168,1.090217036698168,0.29977122866516553,0.3312754476346856,-0.005593506852227497,-0.0033191106507208484
241,15.0,14.870252353935072,14.630202010553608,0.9086198220604716,0.719856090807325,30.71224671216759,29.20512554946967,False,False,0.37621759864112814,0.316502048702805,0.9307191859561489,0.9307191859561489,0.2982814064252112,0.3290940355868806,-0.005740965268206493,-0.0034356345485016004
241,15.5,12.326984107822888,12.276214406320928,0.7379023153060781,0.6895944536102316,30.65052314532089,30.02767458848179,False,False,0.3088411436175055,0.29683727689982564,0.5093607830141796,0.5093607830141796,0.2969122598596099,0.3270210741345159,-0.0058805803156881,-0.0035509088245734436
241,16.0,4.139359907478641,4.075260139119888,0.24691032503212273,0.18885076595239508,15.325261586290912,14.476690117011367,False,False,0.10370781989236609,0.08048288239254606,0.19686250773800654,0.19686250773800654,0.29571217222427476,0.3250774550353903,-0.006006293927655997,-0.0036631994835026153
241,16.5,2.7643015220368765,2.762689142949939,0.1492924419754117,0.1468786934399794,15.51828753808553,15.480752284133015,False,False,0.07374047189402835,0.07290819191021061,0.07749767955282143,0.07749767955282143,0.2946925875459938,0.3233046217165167,-0.0061156216213321115,-0.003769330410518941
241,17.0,8.87786376893334,8.923372713289337,0.4757961782747259,0.6762326595489729,31.1439449727758,31.51276511078769,False,False,0.24116794696457963,0.36011864261756804,0.4043584874850515,0.4043584874850515,0.2937670846313997,0.3216202909627418,-0.006216919670253137,-0.003873573556301385
241,17.5,8.914692307773821,8.899520721823826,0.5545184029764041,0.6367902058108904,30.432848848285765,29.537141565941823,False,False,0.21594621789717777,0.2537809406788678,0.42502315463306745,0.42502315463306745,0.2928156754200837,0.31989628102599066,-0.006323144152562314,-0.003983849652880071
241,18.0,3.5559408201526295,3.6762447520291666,0.2183278667161434,0.6691540139370724,15.18713522326992,17.35562857948883,False,False,0.0853762502252718,0.2640328792931273,0.1051516177079591,0.1051516177079591,0.291901726930619,0.3182445046278733,-0.006427228665978861,-0.004093031334303369
241.0,18.5,0.0,0.0,0.0,0.0,0.0,0.0,0.0,0.0,0.0,0.0,0.0,0.0,0.29111563747461416,0.3166982335272491,-0.0065183884209528,-0.004198484415982874
241.0,19.0,0.0,0.0,0.0,0.0,0.0,0.0,0.0,0.0,0.0,0.0,0.0,0.0,0.29041017771140387,0.31531742167802707,-0.006601512150654082,-0.004295399563986986
241.0,19.5,0.0,0.0,0.0,0.0,0.0,0.0,0.0,0.0,0.0,0.0,0.0,0.0,0.2897400673433662,0.3140005642061741,-0.006681642834396253,-0.004390318868061167
241.0,20.0,0.0,0.0,0.0,0.0,0.0,0.0,0.0,0.0,0.0,0.0,0.0,0.0,0.2891018680894643,0.3127443830891664,-0.006759037272617204,-0.004483202451436592
241.0,20.5,0.0,0.0,0.0,0.0,0.0,0.0,0.0,0.0,0.0,0.0,0.0,0.0,0.2884926371015406,0.31154538392892206,-0.006833917195511168,-0.00457404972910088
241.0,21.0,0.0,0.0,0.0,0.0,0.0,0.0,0.0,0.0,0.0,0.0,0.0,0.0,0.2879098329962705,0.31040002786192133,-0.006906475789812531,-0.004662888020024195
241.0,21.5,0.0,0.0,0.0,0.0,0.0,0.0,0.0,0.0,0.0,0.0,0.0,0.0,0.28735124376503685,0.3093048482312993,-0.00697688270992906,-0.004749763531001788
241.0,22.0,0.0,0.0,0.0,0.0,0.0,0.0,0.0,0.0,0.0,0.0,0.0,0.0,0.286814930594459,0.3082565233541964,-0.007045287988506395,-0.004834734585944406
241.0,22.5,0.0,0.0,0.0,0.0,0.0,0.0,0.0,0.0,0.0,0.0,0.0,0.0,0.2862991834751006,0.30725191750760544,-0.007111825132422968,-0.004917866704980202
241.0,23.0,0.0,0.0,0.0,0.0,0.0,0.0,0.0,0.0,0.0,0.0,0.0,0.0,0.28580248568956035,0.3062881001847608,-0.007176613605541017,-0.004999229110745443
241.0,23.5,0.0,0.0,0.0,0.0,0.0,0.0,0.0,0.0,0.0,0.0,0.0,0.0,0.28532348508844185,0.3053623511357586,-0.007239760842680611,-0.005078892296928014
241.0,24.0,0.0,0.0,0.0,0.0,0.0,0.0,0.0,0.0,0.0,0.0,0.0,0.0,0.2848609706246627,0.30447215650582016,-0.0073013639002934266,-0.005156926370557039
242.0,0.5,0.0,0.0,0.0,0.0,0.0,0.0,0.0,0.0,0.0,0.0,0.0,0.0,0.28441385301031996,0.3036151996988631,-0.0073615108220603225,-0.005233399949995441
242.0,1.0,0.0,0.0,0.0,0.0,0.0,0.0,0.0,0.0,0.0,0.0,0.0,0.0,0.2839811486409597,0.3027893493787353,-0.0074202817782573595,-0.005308379457951109
242.0,1.5,0.0,0.0,0.0,0.0,0.0,0.0,0.0,0.0,0.0,0.0,0.0,0.0,0.28356196613523416,0.3019926461744564,-0.007477750023734337,-0.005381928692836364
242.0,2.0,0.0,0.0,0.0,0.0,0.0,0.0,0.0,0.0,0.0,0.0,0.0,0.0,0.2857736566468664,0.3037981280455812,-0.00718039556546701,-0.0052169628747759395
242.0,2.5,0.0,0.0,0.0,0.0,0.0,0.0,0.0,0.0,0.0,0.0,0.0,0.0,0.2853292644975077,0.3029677225069216,-0.0072389949999556915,-0.005292077040855194
242.0,3.0,0.0,0.0,0.0,0.0,0.0,0.0,0.0,0.0,0.0,0.0,0.0,0.0,0.2848999305350581,0.30217031077399753,-0.007296150740535801,-0.005365422582314961
242.0,3.5,0.0,0.0,0.0,0.0,0.0,0.0,0.0,0.0,0.0,0.0,0.0,0.0,0.28448461785331447,0.30140301094352795,-0.007351952218471347,-0.00543714463703497
242.0,4.0,0.0,0.0,0.0,0.0,0.0,0.0,0.0,0.0,0.0,0.0,0.0,0.0,0.28408239895414095,0.30066336473851785,-0.007406479764312509,-0.0055073656482023245
242.0,4.5,0.0,0.0,0.0,0.0,0.0,0.0,0.0,0.0,0.0,0.0,0.0,0.0,0.2836924402218997,0.29994925025761626,-0.007459805887567184,-0.005576190289467673
242.0,5.0,0.0,0.0,0.0,0.0,0.0,0.0,0.0,0.0,0.0,0.0,0.0,0.0,0.2833139891350561,0.2992588169574952,-0.007511996330936799,-0.005643709105248029
242.0,5.5,0.0,0.0,0.0,0.0,0.0,0.0,0.0,0.0,0.0,0.0,0.0,0.0,0.28294636364570536,0.2985904363292062,-0.007563110946022997,-0.005710001246264169
242.0,6.0,0.0,0.0,0.0,0.0,0.0,0.0,0.0,0.0,0.0,0.0,0.034300143889720996,0.034300143889720996,0.282588943292627,0.29794266386919416,-0.007613204426303825,-0.005775136556287916
242,6.5,7.592244915810939,7.676915876616217,0.22430575873602984,0.6258953840703698,33.247830556357606,35.29639791375567,False,False,0.3218874367843451,0.994644983430734,0.1775017337843732,0.1775017337843732,0.2822367907498784,0.2973098383595129,-0.007662946701631414,-0.005839625549043332
242,7.0,11.593470783568515,11.696062240682458,0.40020196526722823,0.6517390679054542,33.10480950756987,34.401760135766146,False,False,0.47347933856474367,0.9387728062817461,0.579606261745575,0.579606261745575,0.28184692587885063,0.29659716298476,-0.007718468284647357,-0.0059132818613065385
242,7.5,13.095178786695133,13.161695988789502,0.5308428313582338,0.6428507776357314,32.564726127910575,33.23595705170639,False,False,0.4696856070769625,0.6712107535399789,0.7002825670987383,0.7002825670987383,0.2813920486333103,0.29584706337072436,-0.007783855472723579,-0.0059920049383643745
242,8.0,13.804322263663359,13.681568486885059,0.8027427976465246,0.6973609415241883,30.868042824985917,29.829137474793107,False,False,0.3581230192745089,0.3318790936406984,0.6907702733052439,0.6907702733052439,0.2809133506019201,0.2950988771144599,-0.007853380866513058,-0.006071774293704069
242,8.5,15.054822040461588,14.069067163972857,1.2710973345615728,0.7742997550334654,29.043290360221896,24.628913034935188,False,False,0.30099437310195143,0.19040329717501417,1.1177210745272088,1.1177210745272088,0.2804090161007457,0.29436024822847334,-0.007927431613878346,-0.006151768872593162
242,9.0,15.562119352993989,13.762594807624623,1.5938559994018058,0.8248900923516564,27.982993601795997,21.616016632997386,False,False,0.2745507434579332,0.14604845951671847,1.335739800347731,1.335739800347731,0.2797980159222887,0.2935719060104494,-0.008018261439878502,-0.006238536871693589
242,9.5,15.524688478512438,13.114597568813245,1.7613381852435244,0.834289389408173,27.392627158718685,20.111623391747436,False,False,0.25869491120356053,0.12632188107638004,1.6918823495290027,1.6918823495290027,0.27912518097365174,0.2927631058824493,-0.0081197219367468,-0.006329076305950104
242,10.0,16.385249645666306,13.34005068607231,1.9705320835644233,0.8532840268254201,27.019900404667524,18.335354284459875,False,False,0.26117671024311434,0.11479782265058419,1.322678310679991,1.322678310679991,0.2783923740103488,0.2919208267594366,-0.00823197133638045,-0.006425032703183902
242,10.5,15.954441143547623,13.0514767872444,1.9471674132758632,0.8471227806228377,26.881213915804874,17.935226074169663,False,False,0.2508242030276796,0.10973071149988053,1.0107980054970431,1.0107980054970431,0.27768641167421504,0.29113566220694675,-0.008341861508675353,-0.006516047184347923
242,11.0,16.74023003967283,13.436715803263679,2.0410968993053773,0.8501414488597998,26.96345864435025,17.926304734790005,False,False,0.265334427032179,0.11259577716270852,1.4823641406077543,1.4823641406077543,0.2770293439254986,0.290402942927236,-0.008445714528995998,-0.006602371139775059
242,11.5,16.505055850913276,12.691200279835027,2.174225157094669,0.8632597873919916,26.49802472465357,17.123584359540107,False,False,0.2516361343460323,0.1022465699026146,1.8757862428307603,1.8757862428307603,0.27630612451865155,0.28962113401274553,-0.008561809385939641,-0.006695985503038554
242,12.0,16.18408031211611,12.973175436969049,2.0077890361167654,0.8417263943943073,26.790185052008127,17.45349722999287,False,False,0.25216593291775613,0.10635898322456055,1.0588650460983666,1.0588650460983666,0.2755214707320199,0.28879841561089636,-0.008689923364271912,-0.006796211422767002
242,12.5,16.30629401093613,11.487370706721302,2.4507641676916183,0.8796255759863395,25.66475274944431,15.06319876429987,False,True,0.2301436804865558,0.08376859356912489,1.7868115844866608,1.7868115844866608,0.27486756399045453,0.2880929835059432,-0.008798437572692353,-0.006883575243675792
242,13.0,14.74941270138482,10.841536367999582,2.1716812101557132,0.8587685433734801,25.8762362712896,16.690393752086443,False,False,0.2120974553440116,0.08629818092594399,2.250574710709664,2.250574710709664,0.27406966222848494,0.28729997006487457,-0.008933042362752297,-0.006983388214309172
242,13.5,15.707319163493056,11.359601725272807,2.319362302361713,0.8723572757371075,25.77004000829777,15.581086127011343,False,False,0.22370087114208,0.08530138209553209,1.6766407332809938,1.6648870355727468,0.27325324154549835,0.2864601285645554,-0.009073318789612506,-0.007090981362639112
242,14.0,15.56073304081842,11.525699974337773,2.2402244661620774,0.8781739380720173,25.94572331237856,16.01907256653037,False,False,0.22393190793035114,0.0887759977876382,1.4274133072398638,1.368661716292745,0.2724959632986051,0.2857024288642602,-0.009205785509688114,-0.007189749822357477
242,14.5,15.027542983848882,11.285120100957656,2.1519185368399247,0.8704164122621022,25.953876576176988,16.167961401595225,False,False,0.21641848186906398,0.08821031816452221,1.2192618632287164,1.1322407378743533,0.27178517278561803,0.28499062185143137,-0.00933222179499862,-0.007284032656355648
242,15.0,14.225910537017599,11.499462647043796,1.8716093741162398,0.8525717233183363,26.423613241308296,17.682085451293773,False,False,0.21397301594340612,0.09778074610152618,0.8767015039598415,0.7905378690391975,0.27111663338705655,0.2843184843201543,-0.009453034862361013,-0.007374416240131999
242,15.5,11.376945280149092,10.66515218055956,1.2068521911987153,0.7891724075841323,27.60679218154179,22.61360326762279,False,False,0.19267616602453558,0.12598434018631138,0.444820252848498,0.3912787485385115,0.27053177955156876,0.28370040490733645,-0.009560255786427444,-0.007458712164723956
242,16.0,12.008199775556738,10.135946702397726,1.5286555193735483,0.8150329133042056,26.614073228642972,19.226960791998536,False,False,0.18392844783674545,0.09852222656238838,0.728899401516799,0.6295751879650554,0.2700908324741613,0.28314922739961035,-0.009642053283188156,-0.007534853726354434
242,16.5,10.119387850700399,8.883460367121344,1.313910845048474,0.8056659206480047,26.46360910680811,19.763995942662262,False,False,0.15278426277496904,0.0935743819471983,0.4301951915319146,0.36323053142139433,0.26957669071417845,0.2825720516239514,-0.009738484086557074,-0.0076155816085660055
242,17.0,8.914454520620001,7.78405308391245,1.1965710283308528,0.796188236374671,26.275587918259678,19.875311895125336,False,False,0.13223229466641018,0.0880528501243095,0.4794406108898148,0.3972807022605769,0.26913185680762464,0.28203740909965763,-0.009822844089920471,-0.0076912814482582
242,17.5,11.043754830381593,9.694109911852115,1.4417428577653197,0.8202675654855924,26.419760563711733,18.38993778938347,False,False,0.16604947715046064,0.09432905454556438,0.6529799719451495,0.5306224445034587,0.26869944797277356,0.2815067818631728,-0.009905683600600146,-0.007767300890333907
242,18.0,8.425924514106905,7.85435955619828,1.1083525920505064,0.803306879806896,26.347977960755046,19.4700487094792,False,False,0.12583508440127428,0.09071171890883352,0.33828050168100926,0.26876985984644064,0.2682173056882739,0.2809630012708281,-0.00999903440265818,-0.007846135382258266
242.0,18.5,0.0,0.0,0.0,0.0,0.0,0.0,0.0,0.0,0.0,0.0,0.0,0.0,0.26782125789937783,0.28046143016204195,-0.010076500814510236,-0.007919697106922578
242.0,19.0,0.0,0.0,0.0,0.0,0.0,0.0,0.0,0.0,0.0,0.0,0.0,0.0,0.26761295340450064,0.2801029394594218,-0.010117531788683538,-0.00797277812216015
242.0,19.5,0.0,0.0,0.0,0.0,0.0,0.0,0.0,0.0,0.0,0.0,0.0,0.0,0.26740793720878225,0.2797507047334841,-0.010158109570151288,-0.008025346194041027
242.0,20.0,0.0,0.0,0.0,0.0,0.0,0.0,0.0,0.0,0.0,0.0,0.0,0.0,0.26720610776995934,0.27940452877935257,-0.010198246159435022,-0.008077412907835554
242.0,20.5,0.0,0.0,0.0,0.0,0.0,0.0,0.0,0.0,0.0,0.0,0.0,0.0,0.26700736820335813,0.279064223291834,-0.01023795305435029,-0.008128989435998164
242.0,21.0,0.0,0.0,0.0,0.0,0.0,0.0,0.0,0.0,0.0,0.0,0.0,0.0,0.2668116259978626,0.2787296083200716,-0.010277241279027056,-0.008180086562206847
242.0,21.5,0.0,0.0,0.0,0.0,0.0,0.0,0.0,0.0,0.0,0.0,0.0,0.0,0.26661879275351424,0.2784005117683643,-0.010316121410789717,-0.008230714702932532
242.0,22.0,0.0,0.0,0.0,0.0,0.0,0.0,0.0,0.0,0.0,0.0,0.0,0.0,0.26642878393876734,0.27807676893773475,-0.010354603605088915,-0.008280883926913025
242.0,22.5,0.0,0.0,0.0,0.0,0.0,0.0,0.0,0.0,0.0,0.0,0.0,0.0,0.2662415186656357,0.27775822210365503,-0.010392697618656908,-0.008330603972838413
242.0,23.0,0.0,0.0,0.0,0.0,0.0,0.0,0.0,0.0,0.0,0.0,0.0,0.0,0.26605691948115034,0.2774447201260106,-0.010430412831040549,-0.008379884265501495
242.0,23.5,0.0,0.0,0.0,0.0,0.0,0.0,0.0,0.0,0.0,0.0,0.0,0.0,0.2658749121737091,0.2771361180879468,-0.010467758264650162,-0.008428733930621832
242.0,24.0,0.0,0.0,0.0,0.0,0.0,0.0,0.0,0.0,0.0,0.0,0.0,0.0,0.26569542559304593,0.2768322769606987,-0.010504742603448707,-0.008477161808517278
243.0,0.5,0.0,0.0,0.0,0.0,0.0,0.0,0.0,0.0,0.0,0.0,0.0,0.0,0.26551839148266987,0.27653306329189303,-0.010541374210393492,-0.008525176466767388
243.0,1.0,0.0,0.0,0.0,0.0,0.0,0.0,0.0,0.0,0.0,0.0,0.0,0.0,0.26534374432374114,0.2762383489151315,-0.01057766114373161,-0.008572786211989833
243.0,1.5,0.0,0.0,0.0,0.0,0.0,0.0,0.0,0.0,0.0,0.0,0.0,0.0,0.26517142118944753,0.27594801067893676,-0.010613611172240908,-0.008619999100831147
243.0,2.0,0.0,0.0,0.0,0.0,0.0,0.0,0.0,0.0,0.0,0.0,0.0,0.0,0.2650013616090368,0.27566193019336943,-0.010649231789499185,-0.00866682295025809
243.0,2.5,0.0,0.0,0.0,0.0,0.0,0.0,0.0,0.0,0.0,0.0,0.0,0.0,0.2648335074407374,0.27537999359282306,-0.010684530227257178,-0.008713265347221945
243.0,3.0,0.0,0.0,0.0,0.0,0.0,0.0,0.0,0.0,0.0,0.0,0.0,0.0,0.26466780275287183,0.275102091313666,-0.01071951346798379,-0.008759333657758188
243.0,3.5,0.0,0.0,0.0,0.0,0.0,0.0,0.0,0.0,0.0,0.0,0.0,0.0,0.2645041937125306,0.2748281178855452,-0.01075418825664571,-0.008805035035574608
243.0,4.0,0.0,0.0,0.0,0.0,0.0,0.0,0.0,0.0,0.0,0.0,0.0,0.0,0.2643426284812314,0.27455797173529,-0.010788561111778255,-0.008850376430173553
243.0,4.5,0.0,0.0,0.0,0.0,0.0,0.0,0.0,0.0,0.0,0.0,0.0,0.0,0.2641830571170387,0.27429155500245866,-0.010822638335899318,-0.008895364594548382
243.0,5.0,0.0,0.0,0.0,0.0,0.0,0.0,0.0,0.0,0.0,0.0,0.0,0.0,0.2640254314826643,0.274028773365667,-0.0108564260253138,-0.008940006092488207
243.0,5.5,0.0,0.0,0.0,0.0,0.0,0.0,0.0,0.0,0.0,0.0,0.0,0.0,0.2638697051591125,0.2737695358789173,-0.010889930079351823,-0.008984307305521659
243.0,6.0,0.0,0.0,0.0,0.0,0.0,0.0,0.0,0.0,0.0,0.0,0.0,0.0,0.26636600974140545,0.2761507222462857,-0.010367354737801468,-0.008587002948111927
243,6.5,6.378420214517444,6.477875145628274,0.2236156566504944,0.6915981958282726,16.2919505669983,17.739240380713433,False,False,0.22976855958686215,0.7627897348462314,0.13014136245849128,0.11032068208637462,0.2661925304239457,0.27586447060883806,-0.010402690479853885,-0.008633641187189255
243,7.0,8.13235409477635,8.239796095325895,0.2969624711472043,0.6447748626478165,16.256764469803354,17.431114758930228,False,False,0.2883551232315252,0.6757341479729091,0.20643931100259783,0.18716242384252937,0.26862433002249014,0.27811441082502986,-0.009920159184112333,-0.008275032021277372
243,7.5,9.826094887636923,9.926240729365581,0.3873249494684361,0.6599865815641075,32.29540471257773,33.812257535301214,False,False,0.33225761622672195,0.5968065084326202,0.3029097971323322,0.2712011603063551,0.26836802442130386,0.27769461163603176,-0.009969740557046655,-0.00834057510550253
243,8.0,7.634371206651915,7.691316319232852,0.3206738394575928,0.6523199337037001,32.13249664483887,34.01718723791101,False,False,0.24950730879214253,0.5409133493325853,0.31259729402477165,0.29772618914849597,0.27073662257678066,0.2798986519601096,-0.009522537952513106,-0.008003216166665288
243,8.5,14.556508221619357,14.600747565077347,0.6256590666834866,0.686596863257211,32.248281978601284,32.658201590351595,False,False,0.48732962308328576,0.6046948224255864,0.7788856508532855,0.7317385595036036,0.27044432358549614,0.279436076802907,-0.009576413296457097,-0.008072651281968962
243,9.0,15.17125074475188,14.993032597389606,0.9012309702280583,0.7391200023950552,30.733798367430943,29.506029934108163,False,False,0.38515299757570004,0.33207421010943944,0.8754327645004768,0.8666651150186574,0.272700853794869,0.2815485761173998,-0.00916971900434635,-0.0077612809236963795
243,9.5,6.7303134533175974,6.70686588706018,0.3234907596169509,0.28599764113555276,15.849671515155855,15.637604432015952,False,False,0.20198627168261243,0.19178754154532437,0.4246573341991697,0.4246573341991697,0.2827763770790252,0.2914264993114533,-0.007586885916772154,-0.006482156000534557
243,10.0,16.38566008422911,16.3247061296026,0.8152854010235109,0.6777688507174955,31.84994645530106,31.55140081447181,False,False,0.5122152183119,0.5016459304253416,1.3937838887274625,1.3937838887274625,0.28230922381906826,0.2907598557117344,-0.007652683823152805,-0.006560153021622683
243,10.5,16.651122160148887,16.157395055243168,1.1293123925683484,0.7853347948015279,30.183010327863805,27.87811862211103,False,False,0.3921547366938395,0.2927737784141047,1.4201461335628676,1.4201461335628676,0.28166997178741693,0.2899463929304834,-0.007743826814617537,-0.006656847899705098
243,11.0,16.11725100435316,14.31558793750689,1.611098306418533,0.8230579762357106,28.103422698940676,21.916827873333517,False,False,0.29021687567149934,0.15438938640915767,1.8196028851081587,1.8196028851081587,0.2810001951849443,0.28913925244976274,-0.007840712920271069,-0.006754474319463629
243,11.5,14.924350611070649,12.124893528199223,1.8622594999994002,0.8409367247050036,26.873300690549108,19.268395052111813,False,False,0.23594134913007406,0.11094563722461585,2.25600648307466,2.25600648307466,0.2802299120629521,0.2882971598381883,-0.007953929197886896,-0.0068581522591127375
243,12.0,16.468899866696106,12.9955703302825,2.07961430703592,0.8548119264943191,26.689277114510986,17.493136411406027,False,False,0.2557214182068459,0.10731279347120332,1.7326075911211583,1.7326075911211583,0.27938287590150346,0.2874157569132193,-0.008080682970076303,-0.006968707666046444
243,12.5,16.493070445580557,12.89247423971212,2.107094552345619,0.8545798402776005,26.645369498665413,17.163582156706326,False,False,0.2533863220573216,0.10446527214900538,1.5898733913763132,1.5898733913763132,0.27858488833862294,0.286616039479351,-0.008202304411388991,-0.0070708589334074435
243,13.0,15.767194836310338,12.98841669914878,1.8986745865231394,0.8361871408352978,26.916219504059725,17.976657355994995,False,False,0.24874096247454353,0.11009254743372607,0.9828103585536496,0.9828103585536496,0.27781091328611485,0.2858497529440716,-0.008322355224682196,-0.007170417949170505
243,13.5,15.659291808998097,12.218269760642809,2.0569024925682875,0.8496922198180498,26.445392244572375,17.168256985276297,False,False,0.23729165280674402,0.09969248902865147,1.6411996694456097,1.6411996694456097,0.277149539292489,0.2851770656491039,-0.00842660239742423,-0.007259195459762556
243,14.0,14.740330911836333,11.374729124921403,2.0275714068333803,0.8561646349567057,26.186664634537898,17.20542323910928,False,False,0.2180003144408432,0.09382283988949738,1.686742482957959,1.6337755104179708,0.27639220782788176,0.28443152020144946,-0.008547891606378451,-0.007359123029413165
243,14.5,13.636412778699786,10.703328157951969,1.8593221452801911,0.839245661292159,26.259820701803818,18.049663363172613,False,False,0.20313652697873458,0.0939132985237372,1.627832160861989,1.5222401539102342,0.27564040003663304,0.2836978779949361,-0.008670359116661867,-0.007459059143523947
243,15.0,13.991514373121444,11.072081742077,1.9014674791493733,0.8506512901964071,26.267953697009553,17.617073466260173,False,False,0.20823310742064138,0.09499333076018304,1.7331006861158003,1.5657530029907516,0.27492466347968003,0.2829915309435579,-0.008788897966165074,-0.007556808609093479
243,15.5,12.859909656623886,10.250993134184787,1.7819619106381404,0.836275783469732,26.145293880074902,17.692011814297274,False,False,0.18846734197158332,0.08959252232777762,1.3171869465178823,1.147355613855192,0.2741968435513333,0.28228835971669863,-0.008911423552072117,-0.007655638330702242
243,16.0,11.21621182169564,9.995420679454707,1.3899799175279968,0.8246759143737256,26.70540364416577,19.836141750406597,False,False,0.17332177829446832,0.10268173625931533,0.4490716447053843,0.3792359347182509,0.2735435726309141,0.2816498483986373,-0.009023135767406518,-0.007746716892648098
243,16.5,10.202439785885556,9.008498450129233,1.2808606371239226,0.7983284971940028,26.632379551105405,20.134183632535773,False,False,0.15654572294711933,0.09757817668602155,0.46936288630441036,0.3887814744645329,0.27305684951719117,0.28111961992473916,-0.009107453269472144,-0.007823332271198653
243,17.0,8.508412731090939,7.775202311307202,0.9968962218405248,0.7468624259667888,27.03399501644138,21.8378226308379,False,False,0.13581373816494074,0.10189046453405412,0.4094780769702983,0.3326539686694693,0.27258709718446694,0.2805999274435218,-0.009189722544814208,-0.007899302914542914
243,17.5,5.77327609426667,5.539383777941512,0.6494233752245855,0.7085388677685486,27.244000457227013,23.914010653543865,False,False,0.09413839816244352,0.1026317454813086,0.16182795692258348,0.12912236095833976,0.2721665213648685,0.2801018689055529,-0.009264131604938056,-0.007972937270652106
243,18.0,3.9583271474924895,4.076973511660795,0.4234367063814746,0.6524269528790491,13.745015207149107,15.254477636952029,False,False,0.0662138455489135,0.10151587348624927,0.08643671843608353,0.06799488894126027,0.27182687388731114,0.27964212846056175,-0.009324747050597547,-0.008041633488913
243.0,18.5,0.0,0.0,0.0,0.0,0.0,0.0,0.0,0.0,0.0,0.0,0.0,0.0,0.27153047441274775,0.2792044412294883,-0.009378030666777141,-0.00810769068459852
243.0,19.0,0.0,0.0,0.0,0.0,0.0,0.0,0.0,0.0,0.0,0.0,0.0,0.0,0.2713036634052088,0.278865322865597,-0.009419049521681488,-0.008159316377278658
243.0,19.5,0.0,0.0,0.0,0.0,0.0,0.0,0.0,0.0,0.0,0.0,0.0,0.0,0.2710812545327067,0.27853264917667914,-0.009459479997622696,-0.008210341981548137
243.0,20.0,0.0,0.0,0.0,0.0,0.0,0.0,0.0,0.0,0.0,0.0,0.0,0.0,0.2708630513309078,0.27820612831426406,-0.009499347050822152,-0.008260793998600177
243.0,20.5,0.0,0.0,0.0,0.0,0.0,0.0,0.0,0.0,0.0,0.0,0.0,0.0,0.27064887113292213,0.2778854922082078,-0.009538673915582488,-0.008310696602914214
243.0,21.0,0.0,0.0,0.0,0.0,0.0,0.0,0.0,0.0,0.0,0.0,0.0,0.0,0.27043854376724347,0.2775704938284847,-0.009577482264932638,-0.00836007191942702
243.0,21.5,0.0,0.0,0.0,0.0,0.0,0.0,0.0,0.0,0.0,0.0,0.0,0.0,0.2702319104074324,0.2772609048335406,-0.009615792352765318,-0.008408940261583472
243.0,22.0,0.0,0.0,0.0,0.0,0.0,0.0,0.0,0.0,0.0,0.0,0.0,0.0,0.2700288225527305,0.276956513542294,-0.009653623139975705,-0.008457320336551681
243.0,22.5,0.0,0.0,0.0,0.0,0.0,0.0,0.0,0.0,0.0,0.0,0.0,0.0,0.26982914112205253,0.2766571231783722,-0.009690992406722271,-0.008505229422755053
243.0,23.0,0.0,0.0,0.0,0.0,0.0,0.0,0.0,0.0,0.0,0.0,0.0,0.0,0.26963273564649276,0.2763625503443331,-0.00972791685260897,-0.008552683523969611
243.0,23.5,0.0,0.0,0.0,0.0,0.0,0.0,0.0,0.0,0.0,0.0,0.0,0.0,0.2694394835477068,0.2760726236909902,-0.009764412186321497,-0.008599697503504755
243.0,24.0,0.0,0.0,0.0,0.0,0.0,0.0,0.0,0.0,0.0,0.0,0.0,0.0,0.26924926949138916,0.2757871827528973,-0.009800493206027498,-0.008646285201395817
244.0,0.5,0.0,0.0,0.0,0.0,0.0,0.0,0.0,0.0,0.0,0.0,0.0,0.0,0.26906198480661,0.2755060769258736,-0.00983617387166495,-0.008692459537055467
244.0,1.0,0.0,0.0,0.0,0.0,0.0,0.0,0.0,0.0,0.0,0.0,0.0,0.0,0.26887752696308115,0.2752291645663841,-0.009871467370085266,-0.00873823259943784
244.0,1.5,0.0,0.0,0.0,0.0,0.0,0.0,0.0,0.0,0.0,0.0,0.0,0.0,0.26869579909951036,0.27495631219581573,-0.00990638617388698,-0.008783615726445438
244.0,2.0,0.0,0.0,0.0,0.0,0.0,0.0,0.0,0.0,0.0,0.0,0.0,0.0,0.26851670959713214,0.27468739379534346,-0.009940942094662685,-0.008828619575041798
244.0,2.5,0.0,0.0,0.0,0.0,0.0,0.0,0.0,0.0,0.0,0.0,0.0,0.0,0.2683401716932873,0.2744222901792788,-0.009975146331287524,-0.008873254183311079
244.0,3.0,0.0,0.0,0.0,0.0,0.0,0.0,0.0,0.0,0.0,0.0,0.0,0.0,0.26816610313059003,0.27416088843661507,-0.010009009513796492,-0.008917529025521138
244.0,3.5,0.0,0.0,0.0,0.0,0.0,0.0,0.0,0.0,0.0,0.0,0.0,0.0,0.26799442583779404,0.2739030814320033,-0.010042541743328266,-0.008961453061092518
244.0,4.0,0.0,0.0,0.0,0.0,0.0,0.0,0.0,0.0,0.0,0.0,0.0,0.0,0.2678250656389557,0.273648767358667,-0.010075752628553885,-0.009005034778245794
244.0,4.5,0.0,0.0,0.0,0.0,0.0,0.0,0.0,0.0,0.0,0.0,0.0,0.0,0.2676579519879118,0.2733978493368289,-0.010108651318957877,-0.009048282232991126
244.0,5.0,0.0,0.0,0.0,0.0,0.0,0.0,0.0,0.0,0.0,0.0,0.0,0.0,0.26749301772545275,0.2731502350521241,-0.01014124653529462,-0.009091203084031513
244.0,5.5,0.0,0.0,0.0,0.0,0.0,0.0,0.0,0.0,0.0,0.0,0.0,0.0,0.2673301988568817,0.2729058364292344,-0.01017354659750512,-0.009133804624073196
244.0,6.0,0.0,0.0,0.0,0.0,0.0,0.0,0.0,0.0,0.0,0.0,0.0,0.0,0.2671694343479215,0.2726645693366219,-0.010205559450346324,-0.009176093807970517
244,6.5,5.295011493288884,5.370018143572754,0.19673875871427837,0.4867921484895815,16.19496480904509,17.51856014169575,False,False,0.18271559328325243,0.5023876858941374,0.16683026165880213,0.12926815631633998,0.2670106659371665,0.2724263533187916,-0.010237292686955824,-0.009218077278075453
244,7.0,3.244646524024488,3.2535148145677204,0.14254916219458214,0.1552754704320014,15.934304003009082,16.136188394419843,False,False,0.10058852899566484,0.11213747276267963,0.11835903395061913,0.09072921407896606,0.2668075073498885,0.27211260507127477,-0.010278069877563816,-0.00927372239968934
244,7.5,3.7478880802950876,3.751596178531731,0.18758753423623362,0.19400947258884627,15.658159368237994,15.728289520511618,False,False,0.10489943690156006,0.11010072011946609,0.12100728347996388,0.09235304682004301,0.2666193183346942,0.2718489142832265,-0.010316015202196785,-0.009320799285237028
244,8.0,10.657836121170167,10.7396567620362,0.5517475308108156,0.7030072440445944,15.58468050379071,16.169327011319616,False,False,0.2907830904597017,0.39291644288164285,0.3363077078244576,0.25536189071590326,0.2664268887719453,0.27158291002140283,-0.010354988290944498,-0.009368577979033212
244,8.5,13.400686238308744,13.337975167075541,0.7904873284489075,0.732314098048449,30.67845856690655,30.040476902456618,False,False,0.3372254251156699,0.32483840268635467,0.5881353756232361,0.4390270760876688,0.2661624044774502,0.2712340315430611,-0.01040884140269121,-0.00943168533322958
244,9.0,14.5004784194298,14.035412466075654,1.064922368498241,0.7325619015548538,29.624171306688133,26.507439474869408,False,False,0.31274312424739537,0.22052110763982777,0.7430295399698736,0.543010692778497,0.26583714659474583,0.2708607095807361,-0.010475527195511258,-0.009499775987375038
244,9.5,15.63704550880575,14.2207944545678,1.4759875200182977,0.7952757510240364,28.41172754527789,22.877659179404525,False,False,0.292520865547833,0.16550237153874334,1.4648832033840302,1.0455738041509832,0.2654588740695541,0.2704767384314984,-0.010553723627018678,-0.009570420854188752
244,10.0,16.048222394390912,13.97273337772216,1.6668091635716407,0.8080593022951014,27.85224533036162,20.902966335092692,False,False,0.2814484472365126,0.14156249349116368,1.5743660354588036,1.0850386831199508,0.2649378835094553,0.27002330531129576,-0.010662564383646376,-0.00965465335206669
244,10.5,7.138848458960345,6.335159264222635,0.7117368845763232,0.3523024995821584,13.98405097448857,10.369471947491053,False,False,0.12573766638698491,0.06258287076661961,0.4333988127622507,0.31800708530211524,0.26703164127476314,0.2722077482677244,-0.01023309358756594,-0.009256806010126378
244,11.0,14.497438920049811,14.215248308292512,1.0036095724043446,0.7696821071509563,29.940422109186557,27.926965966410478,False,False,0.3266847142779893,0.2609190016014184,0.6973037272104484,0.6027050861455454,0.2720171867498699,0.2771521654314366,-0.009290724712271818,-0.008426185393574063
244,11.5,16.398106020623857,15.037587918858344,1.503500737128116,0.7933982122804247,28.73454727163804,23.661570448339106,False,False,0.3197612424718118,0.18395771397588945,1.8178985230275708,1.5377636679902378,0.2715913237106992,0.2766693226117877,-0.00936706228104499,-0.008503270934004223
244,12.0,5.494187413872153,5.304823100750557,0.48130908946579676,0.33205457705361635,14.308203858737818,12.557299871843087,False,False,0.10425324430924954,0.0717338046662869,0.17079164962709242,0.17079164962709242,0.2788815632796394,0.2839482847594248,-0.008156835104593833,-0.007424768229557745
244,12.5,13.999530974604648,13.944822413995388,0.785378783959276,0.7301097490507993,30.90472474583737,30.431473520527213,False,False,0.3653729775706097,0.3522060765006138,0.6314659631926998,0.6314659631926998,0.28113610538422085,0.28607465714094904,-0.007820936643833256,-0.007141025309004713
244,13.0,15.87585763209263,15.563901894305804,0.9826833198009047,0.7166570460807666,30.589757298887182,28.642044479248476,False,False,0.39398436215092336,0.30519655261850404,1.0206934134528742,1.0206934134528742,0.2806319887654763,0.28543816544034795,-0.00789459069965736,-0.007224582315904111
244,13.5,15.97970756565162,14.92380280424793,1.3267599587382601,0.7739220976001133,29.119086145323138,24.744884061850534,False,False,0.3252041664954668,0.19994225238614782,1.5147470396780922,1.5147470396780922,0.28006333686311413,0.2847707078453876,-0.007978667963106133,-0.007313458871876007
244,14.0,14.156496133829696,12.282257557889722,1.548371079535339,0.8213086554286767,27.619114817574356,21.70338453488303,False,False,0.241511744439322,0.13361577143382714,1.8428045420517596,1.8428045420517596,0.2793973017798416,0.28404826868052685,-0.008078504168865108,-0.007411128838413195
244,14.5,13.735399162386187,10.754044375837442,1.9224250012169772,0.8586661629337209,26.06399777176851,17.468835869147515,False,False,0.2007245343231049,0.0910993794599077,1.5424948080237226,1.5064126659919808,0.2786699472543953,0.28329186042599264,-0.008189237211478753,-0.007515061439077956
244,15.0,14.019476001650741,11.126695869975876,1.9337073772067217,0.8614721597856876,26.099828191572655,16.839443663513123,False,False,0.20460427169292122,0.09133878567400387,0.8771139860673695,0.8286846758077935,0.2779413028211436,0.28258623348071243,-0.008301984683809478,-0.007613585721433256
244,15.5,13.102803986101492,11.179483668827398,1.5904158039458405,0.8283233673375945,26.86286830688448,19.388642267970276,False,False,0.20562002804996302,0.1077555997326626,0.8800738167538846,0.8114303434417262,0.2773035665431475,0.28197825139009747,-0.00840218596968606,-0.007699712536619436
244,16.0,13.920081795273287,11.506844540530762,1.779163594758555,0.8304587164171386,26.583519585359667,17.868972157872843,False,False,0.21330479189056023,0.10104334473024754,1.452806092860376,1.3074248666575545,0.276716258099562,0.2813874282087815,-0.00849574095139326,-0.007784523022779899
244,16.5,12.815838660549444,10.537744095629845,1.743356395776081,0.8380834753375781,26.1932324942335,17.17216623565672,False,False,0.18865463508317326,0.09122586221489135,1.0911003993540387,0.9506385631830875,0.2760385236094036,0.2807430736866536,-0.008605247324791203,-0.00787828987082729
244,17.0,11.71554651150967,10.170702375479415,1.5072573652250916,0.8300625732994106,26.490893999798566,18.46665043330139,False,False,0.17734258516431,0.09784671083953607,0.7943044330534139,0.6730006113388677,0.27541765271827073,0.280152465920594,-0.00870704476771938,-0.007965419656791822
244,17.5,10.770073916396086,9.704785775710693,1.3339803947663962,0.8038222604938565,26.685006896495157,19.17085941337385,False,False,0.16609860796433187,0.09989999937620712,0.5809387139864006,0.48051036293852145,0.27487053100439235,0.2796068979167904,-0.008797941570163826,-0.00804692680835208
244,18.0,6.920935035630497,6.662570300122269,0.8733580994301836,0.7604924609907491,26.55032904393137,20.84343133557331,False,False,0.10536063684436119,0.09125551173990958,0.20736940794418296,0.16794895358426892,0.27437818768742567,0.2790972941690402,-0.008880705631426303,-0.008123960051688302
244.0,18.5,0.0,0.0,0.0,0.0,0.0,0.0,0.0,0.0,0.0,0.0,0.0,0.0,0.27399735102935285,0.2786406450101653,-0.008945361985669979,-0.008193735974561814
244.0,19.0,0.0,0.0,0.0,0.0,0.0,0.0,0.0,0.0,0.0,0.0,0.0,0.0,0.27375915964333064,0.2783094737732003,-0.008986085942611114,-0.008244785834251612
244.0,19.5,0.0,0.0,0.0,0.0,0.0,0.0,0.0,0.0,0.0,0.0,0.0,0.0,0.2735256384021707,0.27798507157141467,-0.009026226056466777,-0.008295160086150917
244.0,20.0,0.0,0.0,0.0,0.0,0.0,0.0,0.0,0.0,0.0,0.0,0.0,0.0,0.2732965529350757,0.27766708104425863,-0.009065811457239172,-0.008344895017415817
244.0,20.5,0.0,0.0,0.0,0.0,0.0,0.0,0.0,0.0,0.0,0.0,0.0,0.0,0.2730716873218023,0.27735517769116597,-0.009104869005174453,-0.008394023422048261
244.0,21.0,0.0,0.0,0.0,0.0,0.0,0.0,0.0,0.0,0.0,0.0,0.0,0.0,0.27285084218753997,0.2770490658135129,-0.009143423521189976,-0.00844257503433501
244.0,21.5,0.0,0.0,0.0,0.0,0.0,0.0,0.0,0.0,0.0,0.0,0.0,0.0,0.2726338330374814,0.2767484750590545,-0.009181497988790305,-0.008490576898784194
244.0,22.0,0.0,0.0,0.0,0.0,0.0,0.0,0.0,0.0,0.0,0.0,0.0,0.0,0.2724204887958019,0.27645315746580157,-0.0092191137316074,-0.008538053687244886
244.0,22.5,0.0,0.0,0.0,0.0,0.0,0.0,0.0,0.0,0.0,0.0,0.0,0.0,0.27221065051967785,0.27616288492216784,-0.009256290570016128,-0.0085850279718644
244.0,23.0,0.0,0.0,0.0,0.0,0.0,0.0,0.0,0.0,0.0,0.0,0.0,0.0,0.2720041702637836,0.2758774469758334,-0.009293046959718464,-0.008631520460935748
244.0,23.5,0.0,0.0,0.0,0.0,0.0,0.0,0.0,0.0,0.0,0.0,0.0,0.0,0.2718009100746322,0.2755966489361272,-0.009329400114732999,-0.008677550203417142
244.0,24.0,0.0,0.0,0.0,0.0,0.0,0.0,0.0,0.0,0.0,0.0,0.0,0.0,0.27160074109735455,0.2753203102245817,-0.009365366116849962,-0.008723134766888217
245.0,0.5,0.0,0.0,0.0,0.0,0.0,0.0,0.0,0.0,0.0,0.0,0.0,0.0,0.27140354278017115,0.27504826293620743,-0.009400960013301266,-0.008768290392891072
245.0,1.0,0.0,0.0,0.0,0.0,0.0,0.0,0.0,0.0,0.0,0.0,0.0,0.0,0.27120920216401917,0.2747803505804038,-0.009436195904136137,-0.008813032132942806
245.0,1.5,0.0,0.0,0.0,0.0,0.0,0.0,0.0,0.0,0.0,0.0,0.0,0.0,0.27101761324663454,0.274516426975592,-0.009471087020577555,-0.008857373967967845
245.0,2.0,0.0,0.0,0.0,0.0,0.0,0.0,0.0,0.0,0.0,0.0,0.0,0.0,0.27082867641192426,0.2742563552758629,-0.009505645795453791,-0.008901328913459374
245.0,2.5,0.0,0.0,0.0,0.0,0.0,0.0,0.0,0.0,0.0,0.0,0.0,0.0,0.2706422979167534,0.2740000071113912,-0.009539883926647631,-0.008944909112316593
245.0,3.0,0.0,0.0,0.0,0.0,0.0,0.0,0.0,0.0,0.0,0.0,0.0,0.0,0.2704583894283574,0.2737472618272045,-0.00957381243437714,-0.008988125917006736
245.0,3.5,0.0,0.0,0.0,0.0,0.0,0.0,0.0,0.0,0.0,0.0,0.0,0.0,0.27027686760650693,0.273498005807249,-0.009607441713013766,-0.009030989962452784
245.0,4.0,0.0,0.0,0.0,0.0,0.0,0.0,0.0,0.0,0.0,0.0,0.0,0.0,0.27009765372533534,0.27325213187264946,-0.009640781578050204,-0.009073511230841177
245.0,4.5,0.0,0.0,0.0,0.0,0.0,0.0,0.0,0.0,0.0,0.0,0.0,0.0,0.2699206733303957,0.27300953874468326,-0.009673841308753008,-0.009115699109372299
245.0,5.0,0.0,0.0,0.0,0.0,0.0,0.0,0.0,0.0,0.0,0.0,0.0,0.0,0.26974585592708744,0.2727701305643598,-0.009706629686965843,-0.009157562441830075
245.0,5.5,0.0,0.0,0.0,0.0,0.0,0.0,0.0,0.0,0.0,0.0,0.0,0.0,0.26957313469707206,0.2725338164616361,-0.009739155032472987,-0.009199109574726578
245.0,6.0,0.0,0.0,0.0,0.0,0.0,0.0,0.0,0.0,0.0,0.0,0.0,0.0,0.26940244623971654,0.2723005101682721,-0.009771425235281862,-0.0092403483986728
245,6.5,6.271853506020873,6.3437377884504125,0.17309523174941313,0.667581895653328,16.643287962129293,17.97172358699225,False,False,0.2686814103583575,1.2934502197560112,0.11960035282132038,0.09507707987165759,0.26923373033596376,0.2720701296691404,-0.00980344778514057,-0.009281286385540452
245,7.0,8.868417885734454,8.9579323210573,0.262510661273084,0.6172322416368208,33.28657593845955,35.24092664532611,False,False,0.37991624372268723,1.0177159646550895,0.2660100570976584,0.20873856503539942,0.2690296307182032,0.27174540912860334,-0.009842353499925056,-0.009339355910833064
245,7.5,12.4147252940578,12.52659824806552,0.4337691797846816,0.6432123627537507,33.10938679467645,34.41546869652773,False,False,0.5076160201087634,0.9454979152887665,0.6520127694518657,0.5044045433252021,0.2687973400606936,0.2714153938794706,-0.009886857084299655,-0.009398816366871345
245,8.0,12.746911286283567,12.821359371951814,0.5388493858692232,0.6435315561075393,32.29892234290937,33.15806284092392,False,False,0.4313440379098652,0.6219348733195044,0.5322111573504604,0.4035469257369288,0.26849584496602175,0.2710470926387076,-0.009944977329066258,-0.009465708402655726
245,8.5,14.596800102118529,14.150423425386618,1.0263780820567827,0.74931383739703,29.949766999133793,27.359810350732293,False,False,0.3293596946151878,0.2558488489102364,0.9798916239189546,0.7292626662669122,0.26819798529724326,0.27069423769209655,-0.01000279694455878,-0.009530327731012991
245,9.0,15.283206850957932,14.056467937571284,1.4018403937179746,0.8013375439677073,28.433671982452154,23.151571637640515,False,False,0.28705187923247316,0.1701540853826134,1.0843117242383067,0.7855527365032439,0.2677826615461964,0.2702889652377539,-0.01008408838173999,-0.009605196096618755
245,9.5,15.145715019624793,13.781651595288842,1.4711303761513332,0.8141533722936573,28.10880696336062,22.013934759995898,False,False,0.27098546785036404,0.1526993501585134,0.8731577661786293,0.6140752689213368,0.26730785219562714,0.2698723973867089,-0.010177989295487173,-0.00968288263455034
245,10.0,15.962841133469855,13.65231346563656,1.7646326216028057,0.8380515098083586,27.425580563684697,19.59921245856318,False,False,0.2652247216216832,0.1284879834630758,1.1841005485181793,0.8101753559974605,0.26685274505354106,0.2694784959819178,-0.010268973220452447,-0.00975703162967404
245,10.5,15.56135599925108,12.48723421119267,1.978247252862512,0.848812737533037,26.678429274598134,18.08658639280806,False,False,0.242233441499779,0.1082175800345597,1.870669987768094,1.2387920006448432,0.26632219470913626,0.2690589501810541,-0.010376265839834729,-0.009836753288397702
245,11.0,16.228343284532976,12.152248420287428,2.22415924506422,0.852790168891765,26.146128629398866,16.026661675868034,False,True,0.24009920109896674,0.09422060808106447,1.6227798047377577,1.0633682129496065,0.26567847492390584,0.26858574893320836,-0.010508243435060769,-0.009927603738436395
245,11.5,16.089762238542086,11.790091519095768,2.3057031246535487,0.8675344270560353,25.896339354099094,15.656073191548973,False,True,0.23275563590318116,0.0898910310869598,1.6607580899108136,1.1031134917362044,0.26503651304682696,0.2681366785144365,-0.010641857318419861,-0.010014747283767418
245,12.0,16.05090275525984,11.556888712540614,2.3499149332020677,0.8747634812754822,25.709490581214915,14.814766028283026,False,True,0.2261529125506731,0.08452303033068052,0.9811220889568483,0.6618438251015508,0.26438078983823887,0.2676828965338167,-0.010780430524586774,-0.010103732514314758
245,12.5,15.974470071850085,11.832311544778376,2.2578541944383406,0.8681512383281141,25.924434214243696,15.333740030129704,False,False,0.22944404905977822,0.08864403901816542,0.9171226379222616,0.6293455809857582,0.26380747561007184,0.26728660889152633,-0.010903353023218558,-0.01018221478042923
245,13.0,15.986719795469645,11.175747939961736,2.4325102122839017,0.8774913005583028,25.426617128445184,14.435326330420995,False,True,0.2219123620391248,0.08074518408148354,1.0264879830228288,0.7164526624009558,0.2632554504858246,0.2668974414677233,-0.011023292243014925,-0.010259994828485159
245,13.5,14.872198925810398,11.010938963898994,2.1870045671409533,0.8582202694896439,25.633954816600138,14.949556721752499,False,False,0.20815270839638808,0.08147697849736352,0.6196994352442219,0.44182660762565407,0.26266860180335877,0.26649807438883844,-0.011152525663038617,-0.010340550535352488
245,14.0,14.782635247176966,10.585115321458687,2.255485978355505,0.861572253238225,25.40230495551581,14.552570244794921,False,False,0.2027666072150356,0.0772729439267078,0.6229243918046238,0.45254098233503853,0.2621662162882471,0.2661382065159819,-0.011264595217357605,-0.010413785125866047
245,14.5,14.570237437044513,10.460346772178736,2.228818339780108,0.856752704291832,25.421775933123754,14.694196845914721,False,False,0.20018933524257407,0.07706065674679759,0.6346607366287903,0.47111722162947817,0.26165600315394166,0.26577855092715286,-0.011379786976804772,-0.010487594782879832
245,15.0,4.788666077076108,3.6123113801219358,0.7176637080541606,0.28500919353743737,12.7433281632926,7.306798463882378,False,False,0.0661651558996317,0.026016938794772973,0.09010155829260111,0.0684383477182464,0.26114897463489395,0.2654191062336356,-0.011495652806157105,-0.010561984761780439
245,15.5,9.90864308606679,8.650173262325808,1.444646585898404,0.8183969106390625,25.65218157476358,18.15654321819695,False,False,0.13890505851912152,0.07814449596515068,0.19771882863136406,0.1513155107516817,0.2609051661627302,0.26518575935680455,-0.011551867967286642,-0.01061061439909583
245,16.0,9.063700640968321,8.23351343205491,1.2651959726043653,0.8223174010117537,25.91710107077794,19.67632840288674,False,False,0.13009734507694157,0.0840769906549758,0.16066871530040505,0.12401599555949795,0.26055623081623747,0.2648757663828114,-0.01163289324934019,-0.010675630383955196
245,16.5,2.4187022175154547,2.0765425402186644,0.33151291324126836,0.16530116327969763,13.028781929199232,8.91204296200019,False,False,0.03516289531356909,0.01744303042256324,0.0,0.0,0.2602360881129422,0.26457060194183984,-0.011707828940245905,-0.010740097814580548
245,17.0,7.933578171647069,7.1158098376305015,1.0054887206359489,0.7532193841612808,26.512223199565657,20.899109160639433,False,False,0.12033775969381065,0.09014799808832118,0.19979997549115053,0.15538810586624202,0.2600565807731452,0.26436678008614184,-0.011750097797175696,-0.01078341456769668
245,17.5,10.775379711132409,9.413428140143294,1.4357978925847874,0.8177611649082559,26.196500435341544,17.790963195856463,False,False,0.1586661829827272,0.0900335642889241,0.3275065909906342,0.25494187898584425,0.25976688139549553,0.2640700154090263,-0.011818697892826732,-0.010846856550280608
245,18.0,7.7571952911186255,7.34673496031816,1.0088961390923792,0.7897725089533266,26.302659509587265,19.755808058173955,False,False,0.11535731290698739,0.0895900160634159,0.14239683197845843,0.11193987180279732,0.2594072055554952,0.2637540847189877,-0.011904533424754529,-0.010914885178759107
245.0,18.5,0.0,0.0,0.0,0.0,0.0,0.0,0.0,0.0,0.0,0.0,0.0,0.0,0.2591266312715513,0.2634616563643592,-0.011972007646845292,-0.010978306582336285
245.0,19.0,0.0,0.0,0.0,0.0,0.0,0.0,0.0,0.0,0.0,0.0,0.0,0.0,0.25899385960234317,0.2632858165951364,-0.012004096177716715,-0.011016653832917257
245.0,19.5,0.0,0.0,0.0,0.0,0.0,0.0,0.0,0.0,0.0,0.0,0.0,0.0,0.25886215769983145,0.2631116269589348,-0.012036027455560736,-0.01105479867885756
245.0,20.0,0.0,0.0,0.0,0.0,0.0,0.0,0.0,0.0,0.0,0.0,0.0,0.0,0.2587315058589731,0.2629390576099766,-0.01206780418903807,-0.011092743982668787
245.0,20.5,0.0,0.0,0.0,0.0,0.0,0.0,0.0,0.0,0.0,0.0,0.0,0.0,0.258601885013712,0.26276807954963477,-0.012099428994205488,-0.01113049253013187
245.0,21.0,0.0,0.0,0.0,0.0,0.0,0.0,0.0,0.0,0.0,0.0,0.0,0.0,0.2584732767070239,0.26259866459107956,-0.012130904399021118,-0.011168047033767406
245.0,21.5,0.0,0.0,0.0,0.0,0.0,0.0,0.0,0.0,0.0,0.0,0.0,0.0,0.25834566306273876,0.26243078532596326,-0.01216223284758063,-0.011205410136082635
245.0,22.0,0.0,0.0,0.0,0.0,0.0,0.0,0.0,0.0,0.0,0.0,0.0,0.0,0.2582190267590176,0.26226441509299614,-0.012193416704102464,-0.011242584412612342
245.0,22.5,0.0,0.0,0.0,0.0,0.0,0.0,0.0,0.0,0.0,0.0,0.0,0.0,0.2580933510033664,0.2620995279482744,-0.0122244582566803,-0.011279572374770095
245.0,23.0,0.0,0.0,0.0,0.0,0.0,0.0,0.0,0.0,0.0,0.0,0.0,0.0,0.257968619509084,0.2619360986372362,-0.012255359720817618,-0.011316376472524444
245.0,23.5,0.0,0.0,0.0,0.0,0.0,0.0,0.0,0.0,0.0,0.0,0.0,0.0,0.25784481647304586,0.2617741025681302,-0.012286123242759591,-0.01135299909691336
245.0,24.0,0.0,0.0,0.0,0.0,0.0,0.0,0.0,0.0,0.0,0.0,0.0,0.0,0.25772192655473175,0.26161351578689235,-0.012316750902636198,-0.011389442582409322
246.0,0.5,0.0,0.0,0.0,0.0,0.0,0.0,0.0,0.0,0.0,0.0,0.0,0.0,0.2575999348564184,0.26145431495333465,-0.01234724471742802,-0.011425709209145953
246.0,1.0,0.0,0.0,0.0,0.0,0.0,0.0,0.0,0.0,0.0,0.0,0.0,0.0,0.25747882690445734,0.26129647731855693,-0.012377606643767379,-0.011461801205016813
246.0,1.5,0.0,0.0,0.0,0.0,0.0,0.0,0.0,0.0,0.0,0.0,0.0,0.0,0.25735858863156785,0.26113998070350153,-0.012407838580584947,-0.011497720747655085
246.0,2.0,0.0,0.0,0.0,0.0,0.0,0.0,0.0,0.0,0.0,0.0,0.0,0.0,0.25723920636008113,0.26098480347857506,-0.012437942371611818,-0.011533469966303299
246.0,2.5,0.0,0.0,0.0,0.0,0.0,0.0,0.0,0.0,0.0,0.0,0.0,0.0,0.2571206667860723,0.2608309245442695,-0.012467919807746421,-0.011569050943580525
246.0,3.0,0.0,0.0,0.0,0.0,0.0,0.0,0.0,0.0,0.0,0.0,0.0,0.0,0.25700295696432657,0.26067832331271834,-0.01249777262929458,-0.011604465717154433
246.0,3.5,0.0,0.0,0.0,0.0,0.0,0.0,0.0,0.0,0.0,0.0,0.0,0.0,0.25688606429408534,0.26052697969012995,-0.012527502528090907,-0.01163971628132465
246.0,4.0,0.0,0.0,0.0,0.0,0.0,0.0,0.0,0.0,0.0,0.0,0.0,0.0,0.2567699765055255,0.2603768740600436,-0.012557111149508549,-0.011674804588523645
246.0,4.5,0.0,0.0,0.0,0.0,0.0,0.0,0.0,0.0,0.0,0.0,0.0,0.0,0.25665468164692595,0.2602279872673583,-0.012586600094364466,-0.01170973255074065
246.0,5.0,0.0,0.0,0.0,0.0,0.0,0.0,0.0,0.0,0.0,0.0,0.0,0.0,0.2565401680724792,0.2600803006030884,-0.012615970920726442,-0.011744502040873605
246.0,5.5,0.0,0.0,0.0,0.0,0.0,0.0,0.0,0.0,0.0,0.0,0.0,0.0,0.2564264244307106,0.25993379578980247,-0.012645225145627714,-0.011779114894014227
246.0,6.0,0.0,0.0,0.0,0.0,0.0,0.0,0.0,0.0,0.0,0.0,0.0,0.0,0.25631343965346765,0.25978845496770614,-0.012674364246694861,-0.011813572908670118
246,6.5,4.556603533595806,4.608274293038415,0.13622436862950005,0.4914296892806669,16.53988170648292,17.913396700323663,False,False,0.18490354015666813,0.772764670639398,0.06096524626444632,0.04794222253505157,0.25620120294544585,0.2596442606813318,-0.012703389663694028,-0.01184787784792832
246,7.0,9.0957334685231,9.20461097281618,0.31875138501666467,0.6838876084566883,32.85089365948653,34.80976123236336,False,False,0.3487381185843019,0.9399389894699206,0.186487748710406,0.14475337811232586,0.25606457535199595,0.2594324622007625,-0.012738829738008875,-0.011898481809850184
246,7.5,12.277407579013726,12.340360360106619,0.6946852250331579,0.6593790872024413,30.311133870612526,30.931464901993394,False,False,0.3449339816291275,0.4805283805570946,0.3073714379063966,0.23498267782505144,0.2558894194075379,0.2591849141431141,-0.012784436219900582,-0.011957954006372182
246,8.0,13.3615404815638,13.034396571137664,0.9950203394492056,0.7195119447938126,29.107145775871906,26.810117261464434,False,False,0.29206254218095884,0.23157266963039352,0.34119996392338103,0.2596379851192749,0.2556516698436893,0.2589300875740655,-0.012846652244709156,-0.012019545158824465
246,8.5,14.446322243301333,13.271512150552118,1.3636638705549753,0.7903119546984857,28.19175815206453,22.717446984167577,False,False,0.2643263990986123,0.15797855045046463,0.4243465858875417,0.3233691787910279,0.2553720442998731,0.25866553672314524,-0.012920288948723718,-0.012083886970622303
246,9.0,15.122320039597842,13.086355692102273,1.660089509873731,0.8285352815535837,27.39149220814806,20.171468413575603,False,False,0.25301833769265036,0.12978841556770776,0.5303953816946435,0.40817275151596727,0.25503554373028653,0.2583849070817855,-0.013009570972289138,-0.012152588403310433
246,9.5,15.556811628657556,13.019977435199372,1.7872093374662237,0.8217203725010518,27.156908177818984,19.087398721780566,False,False,0.25366720569434736,0.11975094167120535,0.578356684859598,0.4534858492472978,0.25464844322254626,0.25808964939646595,-0.013113189268779463,-0.012225373969528662
246,10.0,15.823700234857023,12.695963414117063,1.9555971903057614,0.8446379389658617,26.757900254280802,18.054763811084143,False,False,0.2480238642541555,0.11033330271295902,0.6155723446482604,0.49516859269753966,0.254239710999645,0.25779052044293344,-0.013223667024160132,-0.01229964415386078
246,10.5,16.2853541131685,12.808998194444543,2.0450989605845167,0.8488311620912468,26.598960713557346,17.27376366459449,False,False,0.2515728044552157,0.1064586836771988,0.47944482498797225,0.39911577788259966,0.25380544857489595,0.25748417931770523,-0.013342262740344947,-0.012376262909076572
246,11.0,16.301398406788593,12.344770140103915,2.1756148580723296,0.8564239794484465,26.29508609371227,16.604853754144717,False,False,0.24483800565337752,0.09921487195185053,0.5318589444156738,0.4621124372549105,0.2533777894899139,0.2571905498116131,-0.013460295669018914,-0.012450236709139108
246,11.5,9.49656782073498,7.719623774050672,1.1998559393719186,0.7745096783088966,26.54285898672999,23.368825156903785,False,False,0.14446743422191496,0.09359352326625926,0.15099810362066707,0.138724484876712,0.2529274722690681,0.25688891655471074,-0.013585929496521813,-0.012526776096062647
246,12.0,16.448748498154842,12.048445762568914,2.267568110109205,0.8600836883599458,26.06973693651917,15.917825256630461,False,False,0.24160013510620026,0.09352593987687471,0.41948676786202116,0.39248259796362656,0.25265067767229255,0.25663991001384623,-0.013663845724935012,-0.012590384192189358
246,12.5,13.646272112659199,11.350574330647818,1.778616201291416,0.8414279076043895,26.32778316697612,17.628593470815275,False,False,0.2034115667281481,0.09599683869068833,0.1472589099783712,0.14890278533257326,0.25220424388637147,0.25634862589378327,-0.013790639407454605,-0.012665281043678181
246,13.0,15.50088617302476,11.813980543787721,2.0931311895791174,0.852321269274689,26.15500602381904,16.16862085676815,False,False,0.22737539737097695,0.09295628882966553,0.19540255376951485,0.21024131140630972,0.2518554379613448,0.2560917104577756,-0.013890681717370562,-0.012731781749316183
246,13.5,13.631575034016475,11.071203385114078,1.8421146879538546,0.8441691496660508,26.116275478352357,17.005720460558724,False,False,0.19924377234487506,0.09107180839037576,0.11258204000424939,0.13375259087826,0.25146103820026616,0.25582652866108013,-0.014004844499688512,-0.012800858936456416
246,14.0,13.73473794831305,9.964803055998923,2.072406561496631,0.8481958487610075,25.629550536593637,16.7316308901178,False,False,0.1938375431915072,0.08231603467103547,0.26340001143290587,0.3465548181721386,0.2511097933103015,0.25557305857006907,-0.014107457909587494,-0.012867303126550883
246,14.5,14.11501216420001,10.042355455989448,2.1936571634012174,0.8596740416585092,25.439364689364503,15.821758729450263,False,False,0.19548970253662762,0.07898945514957084,0.21990403049425147,0.3397308719997057,0.25071058810392993,0.2552928706413948,-0.01422517220604939,-0.01294122985408415
246,15.0,13.75818435147557,9.830645005225445,2.140234295754941,0.8452737381377932,25.413150880749257,15.663748820879261,False,False,0.19020498925379975,0.07733089081995329,0.13893841513758434,0.275425902290895,0.25030207261958226,0.25501299072013967,-0.014346845433670005,-0.013015581091770262
246,15.5,11.791761786296547,9.54288585390244,1.6926336402189588,0.8351008181725691,25.758888410679496,17.089732227343767,False,False,0.1668728543949991,0.08207662820598287,0.02598053679069261,0.07670244911379086,0.24991127362954763,0.2547440296150646,-0.01446440412867476,-0.013087511744310021
246,16.0,11.17848993297898,9.214334734681472,1.549952803723997,0.8377079480288014,25.97685761351537,18.1961822918205,False,False,0.16132214175042245,0.08715337046556153,0.01376837423059727,0.07276831166437821,0.24959249210057768,0.2545025662458929,-0.014561149494599527,-0.013152492235390834
246,16.5,12.415588067658621,9.627077040833406,1.8481819657853868,0.8529441171221874,25.564053361633487,16.12402083741732,False,False,0.17327226171983767,0.08049252024393161,0.0032720500339791904,0.12648612425761885,0.24929402601210104,0.2542621380009529,-0.014652429036185686,-0.013217576462192475
246,17.0,11.485236878734447,9.242835641500484,1.6898076764118781,0.8375083066408547,25.624140786317135,16.42278660462897,False,False,0.16060978552044736,0.07964067164459106,0.0,0.08529744072634099,0.2489594635249577,0.2540137775292333,-0.014755559584764013,-0.013285211295090266
246,17.5,7.414345029591329,6.7121848635425145,1.0349218470085084,0.8085213949275004,25.906699806620548,19.576206432330785,False,False,0.1063232575503966,0.08278815566752164,0.0,0.027880347576022865,0.24864606361688887,0.2537734766117807,-0.014852952095948092,-0.013351044163645203
246,18.0,6.725526185174516,6.422974873545256,0.9146299124931827,0.7916085505492303,26.02314956180937,19.68496992516019,False,False,0.09746860257431662,0.08370192851834632,0.0,0.017518680430619483,0.2484166746355278,0.2535450193095935,-0.014924722955476595,-0.01341399307947715
246.0,18.5,0.0,0.0,0.0,0.0,0.0,0.0,0.0,0.0,0.0,0.0,0.0,0.0,0.24820316537989287,0.2533208599652002,-0.014991896967534203,-0.01347610174628079
246.0,19.0,0.0,0.0,0.0,0.0,0.0,0.0,0.0,0.0,0.0,0.0,0.0,0.0,0.24810675426236115,0.25320062182705705,-0.015022347736427251,-0.013509557746783585
246.0,19.5,0.0,0.0,0.0,0.0,0.0,0.0,0.0,0.0,0.0,0.0,0.0,0.0,0.24801088127134696,0.2530811853278506,-0.015052701646606919,-0.013542888713079548
246.0,20.0,0.0,0.0,0.0,0.0,0.0,0.0,0.0,0.0,0.0,0.0,0.0,0.0,0.24791554034847582,0.2529625404272971,-0.015082959597623416,-0.013576095822459092
246.0,20.5,0.0,0.0,0.0,0.0,0.0,0.0,0.0,0.0,0.0,0.0,0.0,0.0,0.24782072554649312,0.2528446772692743,-0.015113122472699239,-0.013609180234293533
246.0,21.0,0.0,0.0,0.0,0.0,0.0,0.0,0.0,0.0,0.0,0.0,0.0,0.0,0.24772643102625722,0.25272758617731333,-0.015143191139201932,-0.013642143090430891
246.0,21.5,0.0,0.0,0.0,0.0,0.0,0.0,0.0,0.0,0.0,0.0,0.0,0.0,0.2476326510538408,0.2526112576502307,-0.015173166449098918,-0.013674985515579906
246.0,22.0,0.0,0.0,0.0,0.0,0.0,0.0,0.0,0.0,0.0,0.0,0.0,0.0,0.2475393799977376,0.25249568235789704,-0.015203049239394542,-0.013707708617681703
246.0,22.5,0.0,0.0,0.0,0.0,0.0,0.0,0.0,0.0,0.0,0.0,0.0,0.0,0.24744661232616894,0.25238085113713676,-0.01523284033255048,-0.013740313488270412
246.0,23.0,0.0,0.0,0.0,0.0,0.0,0.0,0.0,0.0,0.0,0.0,0.0,0.0,0.2473543426044857,0.2522667549877528,-0.015262540536890296,-0.013772801202822888
246.0,23.5,0.0,0.0,0.0,0.0,0.0,0.0,0.0,0.0,0.0,0.0,0.0,0.0,0.2472625654926614,0.2521533850686725,-0.015292150646988823,-0.013805172821097916
246.0,24.0,0.0,0.0,0.0,0.0,0.0,0.0,0.0,0.0,0.0,0.0,0.0,0.0,0.2471712757428733,0.2520407326942104,-0.01532167144404678,-0.013837429387465353
247.0,0.5,0.0,0.0,0.0,0.0,0.0,0.0,0.0,0.0,0.0,0.0,0.0,0.0,0.2470804681971658,0.2519287893304414,-0.015351103696252004,-0.013869571931225979
247.0,1.0,0.0,0.0,0.0,0.0,0.0,0.0,0.0,0.0,0.0,0.0,0.0,0.0,0.24699013778519494,0.251817546591683,-0.015380448159127024,-0.013901601466921758
247.0,1.5,0.0,0.0,0.0,0.0,0.0,0.0,0.0,0.0,0.0,0.0,0.0,0.0,0.2469002795220487,0.2517069962370806,-0.015409705575864187,-0.013933518994637517
247.0,2.0,0.0,0.0,0.0,0.0,0.0,0.0,0.0,0.0,0.0,0.0,0.0,0.0,0.24681088850614077,0.2515971301672927,-0.015438876677648736,-0.013965325500293939
247.0,2.5,0.0,0.0,0.0,0.0,0.0,0.0,0.0,0.0,0.0,0.0,0.0,0.0,0.24672195991717452,0.25148794042127254,-0.01546796218397023,-0.013997021955932427
247.0,3.0,0.0,0.0,0.0,0.0,0.0,0.0,0.0,0.0,0.0,0.0,0.0,0.0,0.24663348901417395,0.2513794191731422,-0.01549696280292308,-0.01402860931999223
247.0,3.5,0.0,0.0,0.0,0.0,0.0,0.0,0.0,0.0,0.0,0.0,0.0,0.0,0.24654547113357964,0.2512715587291565,-0.015525879231496254,-0.014060088537579696
247.0,4.0,0.0,0.0,0.0,0.0,0.0,0.0,0.0,0.0,0.0,0.0,0.0,0.0,0.24645790168740597,0.2511643515247528,-0.01555471215585321,-0.01409146054073053
247.0,4.5,0.0,0.0,0.0,0.0,0.0,0.0,0.0,0.0,0.0,0.0,0.0,0.0,0.2463707761614579,0.25105779012168467,-0.01558346225160183,-0.014122726248664685
247.0,5.0,0.0,0.0,0.0,0.0,0.0,0.0,0.0,0.0,0.0,0.0,0.0,0.0,0.24628409011360447,0.25095186720523477,-0.015612130184055382,-0.014153886568034922
247.0,5.5,0.0,0.0,0.0,0.0,0.0,0.0,0.0,0.0,0.0,0.0,0.0,0.0,0.24619783917210752,0.25084657558150675,-0.01564071660848422,-0.014184942393168306
247.0,6.0,0.0,0.0,0.0,0.0,0.0,0.0,0.0,0.0,0.0,0.0,0.0,0.0,0.2461120190340019,0.2507419081747906,-0.01566922217035943,-0.014215894606301873
247,6.5,1.7087156379305435,1.730236263453357,0.046832239498095236,0.11386871047963998,16.724912269348362,17.744336065077672,False,False,0.07656604824388046,0.19325651025355017,0.0,0.004017907106924305,0.24602662546352677,0.2506378580250015,-0.015697647505587973,-0.01424674407781181
247,7.0,8.34405433763983,8.43127877108762,0.23267337446894362,0.6379454244438689,33.40617737292459,35.47510940646901,False,False,0.3693488451301425,1.142730838279874,0.0,0.01414422747064486,0.2459356863277968,0.25051939566493997,-0.01572798639870164,-0.014281963730962261
247,7.5,11.556706254250596,11.658728998528893,0.36155836445432776,0.6487377591354652,33.35821088345409,34.826368270481886,False,False,0.5048188264466867,1.2008750568312911,0.0,0.02413841583990411,0.24582148322995465,0.25033346199703777,-0.015766185575154003,-0.014337452482469629
247,8.0,13.28276979169749,13.390766295871662,0.458745213911874,0.6339473583385548,33.23104656569191,34.44718451612856,False,False,0.560640072647171,1.0266504864971804,0.0,0.02940742224134168,0.24569127020721462,0.25014547649040647,-0.01580987477917679,-0.014393814902839613
247,8.5,14.916903622077236,15.022340323436742,0.6206150268444718,0.6575636191936309,32.80081316295146,33.72144383061321,False,False,0.5771330784182622,0.8524926366429563,0.0,0.0373965098197091,0.24554908266027925,0.24995929484560198,-0.015857746548344598,-0.014449896879328123
247,9.0,15.518725549514926,14.778150731065839,1.1798537934126014,0.7382048064440857,29.564139468676593,26.072873596631247,False,False,0.3378784642143708,0.2315278302645085,0.0,0.03298382819319301,0.24538667393718783,0.24976966974913997,-0.015912637854727057,-0.014507283922537605
247,9.5,15.698671976080512,13.376182211012456,1.7138416054241739,0.823119858454534,27.526107862158913,20.414620898297436,False,False,0.26689240660684377,0.13449654636749195,0.0,0.028001758096539233,0.2451534023417486,0.24957090843135268,-0.01599187621243541,-0.014567727634487833
247,10.0,15.846277918070708,13.201546818397073,1.7789396521401017,0.81727103956208,27.297225601052027,19.028304474541002,False,False,0.2598050536755119,0.12156389362045235,0.0,0.00798746230342733,0.24485248186805733,0.24936253260365204,-0.016094789255357365,-0.014631417601717968
247,10.5,14.73127773526433,12.624078104470275,1.6911961749332323,0.8270654241361465,27.091289224877094,19.139383112644104,False,False,0.23650456329250355,0.11628992209556521,0.0,0.0,0.24454366069660166,0.24915801803811083,-0.01620122580181712,-0.014694250237018666
247,11.0,14.877191894464051,11.130339381534945,2.098805884238022,0.8419107500586025,26.184461214502726,17.634940799802816,False,False,0.221284742057329,0.09480857655591163,0.0,0.0,0.24424641215464757,0.24895383264086407,-0.01630446680112026,-0.014757302719757795
247,11.5,13.275444510449573,11.117060045406355,1.703989196391957,0.8239635118644317,26.42232837218537,18.032712300386464,False,False,0.19965272824858735,0.09630961293495696,0.0,0.0,0.2438976083647819,0.24874830896135447,-0.016426615394446713,-0.014821094271742673
247,12.0,14.975909976713558,11.950981404269214,1.9351339035006012,0.8412812055321167,26.40224680258749,17.046519366004432,False,False,0.22479967464494852,0.09791686562328496,0.0,0.0,0.24359950117182166,0.2485456200085726,-0.01653187533726862,-0.014884328008416133
247,12.5,16.254596662884353,11.45203111479547,2.3466707298851497,0.8558328474547907,25.767931157806807,15.280190245811752,False,False,0.2325859442787619,0.08625551271493129,0.0,0.0,0.24327231903476285,0.248341266124838,-0.016648327912398245,-0.014948406844095001
247,13.0,15.37915403869871,10.534024641445537,2.3821878765923947,0.8597350382294573,25.418670547048336,15.141808047196601,False,False,0.21319277335365266,0.07905192814088169,0.0,0.0,0.24289307059787954,0.24813559413462585,-0.016784537561397445,-0.015013231148412192
247,13.5,12.04828361285014,9.779856474285287,1.7680092342741855,0.8516394778317568,25.603847800719524,16.92453415542828,False,False,0.16818342721988971,0.08052239945729293,0.0,0.0,0.24250966966136583,0.24792995555212002,-0.016923590455838213,-0.015078380057589928
247,14.0,13.445457279254324,9.902262243790174,2.0810808557441214,0.8575973245998225,25.26408394958727,15.037261665918049,False,False,0.18225306487388593,0.07452775961668358,0.0,0.0,0.2422049053833736,0.24772587379356284,-0.017035103142461573,-0.01514336904148181
247,14.5,14.280648719545155,10.139330154860414,2.2125229414196377,0.8697485085921125,25.339553901877345,15.120216258131466,False,False,0.1948269486629123,0.07673560851128186,0.0,0.0,0.24186061233893077,0.24752155258623024,-0.01716213423316248,-0.015208768881302275
247,15.0,11.370930149362126,9.139250732370684,1.7356908365125994,0.8434464205091509,25.368071487611104,16.521434620142973,False,False,0.15551078845857944,0.07508098340389982,0.0,0.0,0.2414999327931836,0.24731619736913066,-0.017296423753865253,-0.015274839056084183
247,15.5,11.077945618318488,8.792510666372735,1.7210100280091583,0.8380820083150798,25.24892632057636,16.326591515209174,False,False,0.14996777053839516,0.07249385762664905,0.0,0.0,0.24120037757447102,0.24711470310264766,-0.01740890778471458,-0.015339999683660021
247,16.0,10.712704912162256,8.048008679577753,1.7171623887110188,0.8383950957190026,25.10836397560361,16.56104875586,False,False,0.14330910702259514,0.07018018902728508,0.0,0.0,0.24090305025268371,0.2469143964710915,-0.01752141817138477,-0.01540510477774964
247,16.5,11.59534807952613,8.410517908074745,1.9617108535827272,0.8511246619767896,24.753376355940283,14.872355511767225,False,False,0.15139916236486256,0.0660146428501339,0.0,0.0,0.24060656716848325,0.24671454888200753,-0.01763447282590675,-0.015470389026434096
247,17.0,11.052760237181289,8.38377557442695,1.8282249479407537,0.8435111840273939,24.91419979156482,15.0574656111954,False,False,0.14548278003532278,0.06700067522361998,0.0,0.0,0.24027927139867464,0.24651357305098662,-0.017760287833590217,-0.015536374545163632
247,17.5,6.374852835973535,5.682853508847767,0.9848577432361367,0.7813406839968531,25.29963440281589,18.94730018354466,False,False,0.08667362803103024,0.06843469204952202,0.0,0.0,0.23996933384365207,0.2463140564044573,-0.0178804173200171,-0.015602212934788457
247,18.0,4.100764079503933,4.1923155351780785,0.5938508539026242,0.6988785286300417,12.81734136035376,13.391000175916222,False,False,0.057398358633392856,0.06680385166937629,0.0,0.0,0.2397672136242533,0.24612294642350382,-0.01795927925537154,-0.015665589149664372
247.0,18.5,0.0,0.0,0.0,0.0,0.0,0.0,0.0,0.0,0.0,0.0,0.0,0.0,0.23961526221367468,0.24594282412874,-0.018018839637943446,-0.015725602577841384
247.0,19.0,0.0,0.0,0.0,0.0,0.0,0.0,0.0,0.0,0.0,0.0,0.0,0.0,0.23953932563253216,0.24585223644445073,-0.018048692677036713,-0.015755888233680196
247.0,19.5,0.0,0.0,0.0,0.0,0.0,0.0,0.0,0.0,0.0,0.0,0.0,0.0,0.23946372489932688,0.2457621186676935,-0.01807847224147387,-0.015786085767828723
247.0,20.0,0.0,0.0,0.0,0.0,0.0,0.0,0.0,0.0,0.0,0.0,0.0,0.0,0.23938845714041637,0.24567246620108885,-0.01810817882032679,-0.015816195830831832
247.0,20.5,0.0,0.0,0.0,0.0,0.0,0.0,0.0,0.0,0.0,0.0,0.0,0.0,0.23931351951983193,0.24558327451277842,-0.01813781289687722,-0.01584621906562604
247.0,21.0,0.0,0.0,0.0,0.0,0.0,0.0,0.0,0.0,0.0,0.0,0.0,0.0,0.23923890923858337,0.245494539135201,-0.018167374948724762,-0.01587615610766168
247.0,21.5,0.0,0.0,0.0,0.0,0.0,0.0,0.0,0.0,0.0,0.0,0.0,0.0,0.239164623533981,0.24540625566389718,-0.018196865447891848,-0.015906007585022433
247.0,22.0,0.0,0.0,0.0,0.0,0.0,0.0,0.0,0.0,0.0,0.0,0.0,0.0,0.23909065967897394,0.24531841975634136,-0.018226284860926274,-0.015935774118542446
247.0,22.5,0.0,0.0,0.0,0.0,0.0,0.0,0.0,0.0,0.0,0.0,0.0,0.0,0.23901701498150502,0.24523102713080078,-0.018255633649000687,-0.015965456321921104
247.0,23.0,0.0,0.0,0.0,0.0,0.0,0.0,0.0,0.0,0.0,0.0,0.0,0.0,0.23894368678388078,0.24514407356522047,-0.018284912268009698,-0.015995054801835256
247.0,23.5,0.0,0.0,0.0,0.0,0.0,0.0,0.0,0.0,0.0,0.0,0.0,0.0,0.23887067246215707,0.2450575548961338,-0.01831412116866453,-0.016024570158049395
247.0,24.0,0.0,0.0,0.0,0.0,0.0,0.0,0.0,0.0,0.0,0.0,0.0,0.0,0.23879796942553874,0.2449714670175971,-0.01834326079658523,-0.016054002983523493
248.0,0.5,0.0,0.0,0.0,0.0,0.0,0.0,0.0,0.0,0.0,0.0,0.0,0.0,0.23872557511579434,0.2448858058801493,-0.018372331592390358,-0.016083353864518552
248.0,1.0,0.0,0.0,0.0,0.0,0.0,0.0,0.0,0.0,0.0,0.0,0.0,0.0,0.2386534870066839,0.24480056748979367,-0.018401333991784743,-0.01611262338070036
248.0,1.5,0.0,0.0,0.0,0.0,0.0,0.0,0.0,0.0,0.0,0.0,0.0,0.0,0.23858170260340028,0.24471574790700332,-0.018430268425644786,-0.016141812105240853
248.0,2.0,0.0,0.0,0.0,0.0,0.0,0.0,0.0,0.0,0.0,0.0,0.0,0.0,0.23851021944202383,0.24463134324574845,-0.018459135320101867,-0.01617092060491756
248.0,2.5,0.0,0.0,0.0,0.0,0.0,0.0,0.0,0.0,0.0,0.0,0.0,0.0,0.2384390350889892,0.2445473496725445,-0.018487935096623453,-0.0161999494402114
248.0,3.0,0.0,0.0,0.0,0.0,0.0,0.0,0.0,0.0,0.0,0.0,0.0,0.0,0.23836814714056462,0.24446376340552242,-0.018516668172092517,-0.01622889916540199
248.0,3.5,0.0,0.0,0.0,0.0,0.0,0.0,0.0,0.0,0.0,0.0,0.0,0.0,0.23829755322234303,0.24438058071351848,-0.01854533495888477,-0.016257770328661558
248.0,4.0,0.0,0.0,0.0,0.0,0.0,0.0,0.0,0.0,0.0,0.0,0.0,0.0,0.23822725098874453,0.24429779791518408,-0.018573935864944307,-0.016286563472146864
248.0,4.5,0.0,0.0,0.0,0.0,0.0,0.0,0.0,0.0,0.0,0.0,0.0,0.0,0.2381572381225305,0.2442154113781151,-0.018602471293857108,-0.016315279132089383
248.0,5.0,0.0,0.0,0.0,0.0,0.0,0.0,0.0,0.0,0.0,0.0,0.0,0.0,0.238087512334328,0.24413341751799988,-0.018630941644923158,-0.016343917838883695
248.0,5.5,0.0,0.0,0.0,0.0,0.0,0.0,0.0,0.0,0.0,0.0,0.0,0.0,0.23801807136216505,0.24405181279778582,-0.018659347313226646,-0.016372480117174248
248.0,6.0,0.0,0.0,0.0,0.0,0.0,0.0,0.0,0.0,0.0,0.0,0.0,0.0,0.2379489129710162,0.2439705937268634,-0.018687688689704645,-0.016400966485940454
248,6.5,2.366918785435981,2.3549117470547074,0.1236092489085604,0.11067154110424135,15.557464112448608,15.194450387414717,False,False,0.06398053202360682,0.057590857733422256,0.0,0.0,0.23788003495235802,0.24388975686026806,-0.01871596616121403,-0.016429377458580186
248,7.0,9.430563819978316,9.508631249924305,0.5454906341480198,0.6861390423413654,30.650523174468752,31.135113552737245,False,False,0.23627402206770337,0.3012651300284209,0.0,0.0,0.23779568325262718,0.2437951956149567,-0.018750665741031045,-0.016462686461770508
248,7.5,11.953743039373645,11.818490090724644,0.8090776346692272,0.7144862602680401,29.958195528208055,28.38001162970832,False,False,0.27004504540791985,0.2427691248435746,0.0,0.0,0.23765784606534457,0.24362767639026725,-0.018807532645064313,-0.01652189250963257
248,8.0,13.467182738831152,12.768255791422323,1.125593777464038,0.7432106467293241,28.937979173172184,24.782263459387448,False,False,0.2657352068456046,0.1790792151480857,0.0,0.0,0.2374866931535575,0.24345691693616103,-0.01887843072996302,-0.01658250503967623
248,8.5,14.360148056277051,12.192602533084049,1.6238633356706962,0.790786537011657,27.292595815728234,19.54502179993481,False,False,0.23532716577242707,0.11632894677777847,0.0,0.0,0.23727547750237316,0.24328286591896553,-0.01896636379566207,-0.016644558789052185
248,9.0,14.8746779774291,11.867381421115544,1.8981901759933495,0.8368417683283781,26.60917387257338,17.820803080826227,False,False,0.22772659569331488,0.10192470994450167,0.0,0.0,0.23700103568513878,0.24310311781087138,-0.019081349216148773,-0.016708934332432746
248,9.5,15.124081923507973,11.248293743841842,2.1162987621518057,0.8392736153327359,26.03683373867695,16.378819219250047,False,False,0.22094587797741777,0.08924201191668915,0.0,0.0,0.23669190328823633,0.24291786320675016,-0.019211865482986507,-0.016775592663290727
248,10.0,15.18221167006396,10.53281151658669,2.3195673373518666,0.844899964354693,25.524465429588357,15.23461846848302,False,False,0.211944190075155,0.07878832897778809,0.0,0.0,0.23635524232580862,0.24273265800962013,-0.01935521624705525,-0.016842550174305446
248,10.5,15.00663656339449,9.810807953642898,2.4982362570109853,0.8643178263435304,25.011828828254018,14.499380571769716,False,False,0.20049279557097555,0.07084013320306642,0.0,0.0,0.23599294189041228,0.24254709202859032,-0.019510910454901848,-0.01690995771929072
248,11.0,14.652191385939556,8.911584016886607,2.647902128620025,0.8557054303705423,24.519082591800576,13.727007296173351,False,False,0.18798993127975447,0.06205814024741629,0.0,0.0,0.23560813479622209,0.24235940470530362,-0.019677913660742508,-0.016978463074940824
248,11.5,14.06910052286467,8.174020231286539,2.7262259783444796,0.8620908124299068,24.089397529477225,13.438126080577646,False,False,0.17437478587528868,0.056281747507570534,0.0,0.0,0.23520451501654163,0.24217316498476427,-0.019854914871620992,-0.017046767159169793
248,12.0,13.547348570382795,7.598831667051426,2.800410285225104,0.8718955184357177,23.692427651597246,13.25593678267293,False,False,0.162843609892792,0.05172525832247177,0.0,0.0,0.23479117192031274,0.24198645866731835,-0.020038149731405157,-0.017115571255535356
248,12.5,13.458858573329373,7.413442822555355,2.8384404127919525,0.8690878070109883,23.56265187285864,13.036493378937008,False,False,0.16015389662672797,0.04996831369817149,0.0,0.0,0.23436863109912248,0.24179884706526128,-0.020227548368921253,-0.017185042513708962
248,13.0,13.20170981482926,7.189965384801786,2.843475792792458,0.8688120992900619,23.43001406016497,12.959563712560112,False,False,0.155590083497826,0.04846138245505048,0.0,0.0,0.23394149788042903,0.24161193449704133,-0.020421177365493322,-0.01725458927811574
248,13.5,13.146688686155462,7.118986553502837,2.8556544134037654,0.8684163619637129,23.374661203495315,12.7417742106633,False,False,0.15420753330737083,0.04770072893998563,0.0,0.0,0.23351397499768298,0.24142539542138203,-0.02061719851222063,-0.017324331667305685
248,14.0,12.454485007735183,6.845918765097535,2.7450327049447107,0.8702193826096557,23.245050579404236,12.998206523944042,False,False,0.14473580000855424,0.046416256819585416,0.0,0.0,0.23308515030949287,0.2412392422884896,-0.02081607282759405,-0.017394264849292077
248,14.5,12.736580239098549,6.939890434883681,2.8055537581669743,0.871309948027946,23.244030645271835,12.44285640457526,False,False,0.14729157028713274,0.04590436266888725,0.0,0.0,0.23267067076626982,0.24105319209392126,-0.02101047029177418,-0.017464495692137386
248,15.0,11.46954257644611,6.48162082280421,2.576447021313459,0.8664161285794512,23.116828855789034,13.109677166929853,False,False,0.13196017563792786,0.04477146301356543,0.0,0.0,0.23224872537370156,0.24086733285159975,-0.021210595348237608,-0.017534992051216666
248,15.5,10.647113440287145,6.373149540510984,2.3845747737233665,0.8671791107925574,23.086954353794763,13.037670247271453,False,False,0.12173793349806493,0.04405502880595774,0.0,0.0,0.23185622055219265,0.24068242442593962,-0.021398799095778638,-0.01760546447317432
248,16.0,9.277588596266877,6.0503060934055,2.0450602165031735,0.8609543633201667,23.181442538708083,13.96230585806504,False,False,0.10680427930484414,0.04472703820166537,0.0,0.0,0.23148840987726235,0.2404977432457757,-0.021576970617054186,-0.0176761873792679
248,16.5,7.404049164968754,5.421034897683083,1.5803685180000162,0.837207304853638,23.376461594671127,15.441345415641344,False,False,0.08645609633601584,0.04554167555490438,0.0,0.0,0.23116410639422566,0.240314177100552,-0.021735534746463527,-0.01774681898031847
248,17.0,5.636980033815176,4.372072106069716,1.1501018586350193,0.8061896499471164,23.668524850683454,17.6594755042318,False,False,0.06726428561342435,0.04700119251233804,0.0,0.0,0.23089926043572553,0.24013395626298947,-0.02186605855815331,-0.017816490768424408
248,17.5,4.83238274730389,4.116723068233505,0.9702175726370189,0.7831665761703911,23.7470395536902,17.696024358962735,False,False,0.058004897123017596,0.046557506749817214,0.0,0.0,0.23068948385029905,0.23995800463296224,-0.021970105756044585,-0.017884826747260035
248,18.0,1.8076641626587115,2.086310379673361,0.3460072779649213,0.730365192017363,12.006397820346328,14.882185699595064,False,False,0.022142074508367453,0.04629119894498016,0.0,0.0,0.2305028684876708,0.23978530085743402,-0.02206316133360783,-0.01795220523764024
248.0,18.5,0.0,0.0,0.0,0.0,0.0,0.0,0.0,0.0,0.0,0.0,0.0,0.0,0.23039603485281968,0.23961963711893788,-0.02211664519586563,-0.018017121519294202
248.0,19.0,0.0,0.0,0.0,0.0,0.0,0.0,0.0,0.0,0.0,0.0,0.0,0.0,0.23033352958586864,0.23954735474168024,-0.022148008684332365,-0.018045533399173336
248.0,19.5,0.0,0.0,0.0,0.0,0.0,0.0,0.0,0.0,0.0,0.0,0.0,0.0,0.23027125884522107,0.23947537876306763,-0.022179307202338034,-0.018073877902893276
248.0,20.0,0.0,0.0,0.0,0.0,0.0,0.0,0.0,0.0,0.0,0.0,0.0,0.0,0.2302092214561024,0.23940370672188643,-0.022210540849678984,-0.018102155440545647
248.0,20.5,0.0,0.0,0.0,0.0,0.0,0.0,0.0,0.0,0.0,0.0,0.0,0.0,0.23014741623932788,0.23933233618578809,-0.022241709732489578,-0.018130366418258895
248.0,21.0,0.0,0.0,0.0,0.0,0.0,0.0,0.0,0.0,0.0,0.0,0.0,0.0,0.2300858420118547,0.23926126475084603,-0.02227281396297719,-0.01815851123825046
248.0,21.5,0.0,0.0,0.0,0.0,0.0,0.0,0.0,0.0,0.0,0.0,0.0,0.0,0.23002449758730933,0.23919049004112083,-0.022303853659166904,-0.018186590298878
248.0,22.0,0.0,0.0,0.0,0.0,0.0,0.0,0.0,0.0,0.0,0.0,0.0,0.0,0.2299633817764927,0.23912000970823366,-0.02233482894465453,-0.01821460399468992
248.0,22.5,0.0,0.0,0.0,0.0,0.0,0.0,0.0,0.0,0.0,0.0,0.0,0.0,0.2299024933878633,0.23904982143094783,-0.022365739948368178,-0.01824255271647488
248.0,23.0,0.0,0.0,0.0,0.0,0.0,0.0,0.0,0.0,0.0,0.0,0.0,0.0,0.22984183122799873,0.23897992291475798,-0.022396586804338075,-0.018270436851310596
248.0,23.5,0.0,0.0,0.0,0.0,0.0,0.0,0.0,0.0,0.0,0.0,0.0,0.0,0.22978139410203713,0.23891031189148712,-0.02242736965147415,-0.01829825678261181
248.0,24.0,0.0,0.0,0.0,0.0,0.0,0.0,0.0,0.0,0.0,0.0,0.0,0.0,0.22972118081409895,0.238840986118891,-0.02245808863335148,-0.018326012890177545
249.0,0.5,0.0,0.0,0.0,0.0,0.0,0.0,0.0,0.0,0.0,0.0,0.0,0.0,0.22966119016769004,0.23877194338027,-0.022488743898002844,-0.018353705550237447
249.0,1.0,0.0,0.0,0.0,0.0,0.0,0.0,0.0,0.0,0.0,0.0,0.0,0.0,0.22960142096608624,0.23870318148408798,-0.022519335597718657,-0.01838133513549752
249.0,1.5,0.0,0.0,0.0,0.0,0.0,0.0,0.0,0.0,0.0,0.0,0.0,0.0,0.22954187201270096,0.2386346982635985,-0.022549863888853713,-0.01840890201518493
249.0,2.0,0.0,0.0,0.0,0.0,0.0,0.0,0.0,0.0,0.0,0.0,0.0,0.0,0.22948254211143568,0.2385664915764773,-0.022580328931640543,-0.01843640655509243
249.0,2.5,0.0,0.0,0.0,0.0,0.0,0.0,0.0,0.0,0.0,0.0,0.0,0.0,0.2294234300670146,0.238498559304462,-0.022610730890009405,-0.01846384911762171
249.0,3.0,0.0,0.0,0.0,0.0,0.0,0.0,0.0,0.0,0.0,0.0,0.0,0.0,0.22936453468530363,0.23843089935299847,-0.02264106993141422,-0.01849123006182609
249.0,3.5,0.0,0.0,0.0,0.0,0.0,0.0,0.0,0.0,0.0,0.0,0.0,0.0,0.2293058547736146,0.23836350965089287,-0.022671346226664887,-0.0185185497434529
249.0,4.0,0.0,0.0,0.0,0.0,0.0,0.0,0.0,0.0,0.0,0.0,0.0,0.0,0.22924738914099493,0.23829638814997076,-0.02270155994976514,-0.018545808514984725
249.0,4.5,0.0,0.0,0.0,0.0,0.0,0.0,0.0,0.0,0.0,0.0,0.0,0.0,0.22918913659850407,0.2382295328247421,-0.022731711277756222,-0.018573006725680286
249.0,5.0,0.0,0.0,0.0,0.0,0.0,0.0,0.0,0.0,0.0,0.0,0.0,0.0,0.22913109595947606,0.23816294167207208,-0.022761800390565808,-0.018600144721614476
249.0,5.5,0.0,0.0,0.0,0.0,0.0,0.0,0.0,0.0,0.0,0.0,0.0,0.0,0.22907326603976988,0.23809661271085797,-0.02279182747086251,-0.018627222845718067
249.0,6.0,0.0,0.0,0.0,0.0,0.0,0.0,0.0,0.0,0.0,0.0,0.0,0.0,0.22901564565800736,0.2380305439817118,-0.02282179270391509,-0.018654241437816403
249.0,6.5,0.0,0.0,0.0,0.0,0.0,0.0,0.0,0.0,0.0,0.0,0.0,0.0,0.2316216116933173,0.2406269159448646,-0.021512242787501624,-0.017626685723980802
249.0,7.0,0.0,0.0,0.0,0.0,0.0,0.0,0.0,0.0,0.0,0.0,0.0,0.0,0.2315555794922553,0.24055136441685251,-0.021544301385631442,-0.017655618553633394
249.0,7.5,0.0,0.0,0.0,0.0,0.0,0.0,0.0,0.0,0.0,0.0,0.0,0.0,0.23148985233939068,0.2404761911102804,-0.021576268428017662,-0.0176844627189038
249.0,8.0,0.0,0.0,0.0,0.0,0.0,0.0,0.0,0.0,0.0,0.0,0.0,0.0,0.23142442738067123,0.24040139164832652,-0.021608144635942256,-0.017713219183956554
249,8.5,3.2227628024662196,3.2529761211282393,0.175453467183938,0.2190544486091605,15.454146685453614,15.990671331077692,False,False,0.08415997913856732,0.10519657045056431,0.0,0.0,0.23135930180226333,0.24032696174176083,-0.02163993072150632,-0.0177418888929564
249,9.0,8.606061573108075,8.549704743371711,0.5169204591770544,0.6781538187258898,30.665024664906475,31.74633074389453,False,False,0.2161104546294261,0.29763440258705365,0.0,0.0,0.23127211430545652,0.2402249824675179,-0.02168257191146348,-0.01778126018721341
249,9.5,12.311670671165857,11.959783051492106,0.9885993530759467,0.730477634203363,29.13110301596238,26.379683991042867,False,False,0.24889684384821004,0.18576435695472063,0.0,0.0,0.23114170658843342,0.24006486011074726,-0.021746538021142937,-0.01784328912638698
249,10.0,7.212002366838228,6.626826823230272,0.6016395701395995,0.32095141125070825,14.503202562274833,11.691437738248462,False,False,0.1435258035123238,0.0781636352697202,0.0,0.0,0.23095148268797308,0.23989842717302196,-0.02184024815202967,-0.017908036144805472
249,10.5,16.278047165879308,14.543815325408572,1.532274537607666,0.7909189000774252,28.417742553813884,22.225329289214116,False,False,0.30172898016683014,0.16040688170923306,0.0,0.0,0.23081085866348924,0.2397845345290013,-0.021909833267187682,-0.017952504885604712
249,11.0,16.52882554294696,13.544153564396495,1.8583994467552285,0.8105584559050432,27.375914551737967,19.211718212547545,False,False,0.2754141125583129,0.12322284850456067,0.0,0.0,0.23321441310373597,0.24227232048479685,-0.02075588543251322,-0.017010360855725503
249,11.5,16.24801479617043,12.873192116797192,1.9861734747979833,0.8369594883153995,26.88970507394386,17.96631142283434,False,False,0.25565408766302133,0.10904940177439694,0.0,0.0,0.23290451484849833,0.2420858029449064,-0.020900529099505717,-0.017078920285372914
249,12.0,13.081018525356319,11.53493339098155,1.535044480357565,0.8178995111506686,27.048619729546534,20.224039016960763,False,False,0.20910985310810992,0.11146747496427531,0.0,0.0,0.23257874122097968,0.2418964188202101,-0.021053879327156532,-0.017148870536043182
249,12.5,6.176706206456669,5.239278355355789,0.7297696065808422,0.3412865844753654,13.49254378243193,9.335766095181961,False,False,0.09811288500692908,0.04569327735936286,0.0,0.0,0.23231085829449674,0.24170995389676347,-0.02118098410087837,-0.017218076312253142
249,13.0,6.53037745155242,5.507599457601233,0.7518529517402393,0.3458417258306408,13.57489284756,9.410437981547107,False,False,0.10546512292703598,0.04848063885249363,0.0,0.0,0.23214599081969478,0.24158470817587638,-0.021259664757659943,-0.017264747654831016
249,13.5,12.15678627439308,11.086112279276136,1.3553892323848713,0.8070201773915708,27.34014072897721,21.77710197616615,False,False,0.20020007699653714,0.11931862129307604,0.0,0.0,0.2319787012903901,0.24145935800727844,-0.021339857514897455,-0.017311608915649396
249,14.0,11.21044724486646,10.480939405401081,1.1999109433543134,0.7840063752135521,27.565728176137323,23.034806596919147,False,False,0.1890300337200802,0.12360263968679193,0.0,0.0,0.23173488869655087,0.24127570772521129,-0.021457379146932368,-0.01738053922390179
249,14.5,14.331323530567456,12.246672079358966,1.6093252633946626,0.8062687857663751,27.35158192227994,20.105876661873587,False,False,0.2362906004174466,0.11954493503970418,0.0,0.0,0.23151127164317273,0.24109545258488635,-0.02156584473682244,-0.017448513451435794
249,15.0,10.703248696785042,9.781461417811443,1.2558470733765934,0.7789642371652066,27.033021576932438,21.444514369955556,False,False,0.1708316577577455,0.1058337811335085,0.0,0.0,0.2312358596968072,0.24091281636467998,-0.021700332584712333,-0.017517708882096715
249,15.5,9.521509076525703,8.962834750846282,1.0996617655276093,0.781868038425487,27.117473507698755,22.741028119457077,False,False,0.15326890478964753,0.10881960868366897,0.0,0.0,0.23100586591323205,0.24073410913262272,-0.02181340827758523,-0.01758573243826596
249,16.0,10.77029989331557,9.187288951828794,1.330429984943253,0.7912943642434327,26.79481109923508,20.562344292076467,False,False,0.1678892948700787,0.10070096997050235,0.0,0.0,0.23079614438524645,0.24055547512128533,-0.021917129602318633,-0.01765404288423784
249,16.5,8.870668607585813,7.754268077586945,1.0914890875863201,0.7586431460165559,26.783716394430535,21.26675917223924,False,False,0.13812734672590662,0.0964011689644736,0.0,0.0,0.23055738034038695,0.240376077063311,-0.02203593057864549,-0.017722963928500323
249,17.0,5.521384179962607,5.451784691926286,0.6596143228272772,0.7380907430574503,26.912422958507406,24.646328367719367,False,False,0.08707176509039694,0.09724720618385421,0.0,0.0,0.230349426023662,0.24020127107791808,-0.022140027250585517,-0.017790429390157014
249,17.5,2.0130502929084573,2.192488976054311,0.23178279065842483,0.657042867925943,13.5394943680936,16.548558166102357,False,False,0.032278617552350154,0.09111155709858447,0.0,0.0,0.2301968635494203,0.2400295095794805,-0.02221676887967543,-0.017857018100665565
249.0,18.0,0.0,0.0,0.0,0.0,0.0,0.0,0.0,0.0,0.0,0.0,0.0,0.0,0.2300991737901548,0.23986849600981228,-0.022266075019526203,-0.017919709873358065
249.0,18.5,0.0,0.0,0.0,0.0,0.0,0.0,0.0,0.0,0.0,0.0,0.0,0.0,0.23003136990468093,0.23979162548210356,-0.02230037376945202,-0.0179497324251147
249.0,19.0,0.0,0.0,0.0,0.0,0.0,0.0,0.0,0.0,0.0,0.0,0.0,0.0,0.22996391143197162,0.23971516378476537,-0.022334560279633334,-0.01797965477614228
249.0,19.5,0.0,0.0,0.0,0.0,0.0,0.0,0.0,0.0,0.0,0.0,0.0,0.0,0.22989679469992635,0.23963910563260576,-0.022368635589825558,-0.01800947818514588
249.0,20.0,0.0,0.0,0.0,0.0,0.0,0.0,0.0,0.0,0.0,0.0,0.0,0.0,0.229830016096936,0.23956344585901604,-0.022402600723677505,-0.018039203881598076
249.0,20.5,0.0,0.0,0.0,0.0,0.0,0.0,0.0,0.0,0.0,0.0,0.0,0.0,0.22976357207051815,0.23948817941225292,-0.022436456689085144,-0.01806883306666433
249.0,21.0,0.0,0.0,0.0,0.0,0.0,0.0,0.0,0.0,0.0,0.0,0.0,0.0,0.2323595986911061,0.24207420627183757,-0.021157789918921834,-0.017083193808534194
249.0,21.5,0.0,0.0,0.0,0.0,0.0,0.0,0.0,0.0,0.0,0.0,0.0,0.0,0.24026109406250393,0.2499610965186869,-0.017767306635547413,-0.014449352929887619
249.0,22.0,0.0,0.0,0.0,0.0,0.0,0.0,0.0,0.0,0.0,0.0,0.0,0.0,0.2401469482397177,0.2498325937022203,-0.017811457297686635,-0.014488210927657268
249.0,22.5,0.0,0.0,0.0,0.0,0.0,0.0,0.0,0.0,0.0,0.0,0.0,0.0,0.24003404516441618,0.24970556865657817,-0.017855255926220625,-0.014526744491350819
249.0,23.0,0.0,0.0,0.0,0.0,0.0,0.0,0.0,0.0,0.0,0.0,0.0,0.0,0.242578181668121,0.2522339269216606,-0.016898641905848118,-0.013782165609025579
249.0,23.5,0.0,0.0,0.0,0.0,0.0,0.0,0.0,0.0,0.0,0.0,0.0,0.0,0.24245163119627566,0.25209189559570694,-0.016944759421760634,-0.013822768426821692
249.0,24.0,0.0,0.0,0.0,0.0,0.0,0.0,0.0,0.0,0.0,0.0,0.0,0.0,0.2423266496725852,0.25195171294897295,-0.0169904524350327,-0.013862982585218687
250.0,0.5,0.0,0.0,0.0,0.0,0.0,0.0,0.0,0.0,0.0,0.0,0.0,0.0,0.2422031892749537,0.25181331481207925,-0.017035733537745214,-0.013902821639950167
250.0,1.0,0.0,0.0,0.0,0.0,0.0,0.0,0.0,0.0,0.0,0.0,0.0,0.0,0.24208120445930342,0.2516766404878978,-0.017080614734035944,-0.01394229842393023
250.0,1.5,0.0,0.0,0.0,0.0,0.0,0.0,0.0,0.0,0.0,0.0,0.0,0.0,0.24196065181604068,0.25154163250719785,-0.017125107476336963,-0.013981425096901574
250.0,2.0,0.0,0.0,0.0,0.0,0.0,0.0,0.0,0.0,0.0,0.0,0.0,0.0,0.24184148993764326,0.25140823640526583,-0.017169222698861546,-0.01402021319091649
250.0,2.5,0.0,0.0,0.0,0.0,0.0,0.0,0.0,0.0,0.0,0.0,0.0,0.0,0.2417236792963522,0.25127640051737904,-0.017212970848587854,-0.014058673652064209
250.0,3.0,0.0,0.0,0.0,0.0,0.0,0.0,0.0,0.0,0.0,0.0,0.0,0.0,0.2416071821310577,0.25114607579126197,-0.017256361913960322,-0.014096816878810056
250.0,3.5,0.0,0.0,0.0,0.0,0.0,0.0,0.0,0.0,0.0,0.0,0.0,0.0,0.241491962342563,0.25101721561486473,-0.017299405451508373,-0.014134652757271523
250.0,4.0,0.0,0.0,0.0,0.0,0.0,0.0,0.0,0.0,0.0,0.0,0.0,0.0,0.24137798539649385,0.25088977565799087,-0.017342110610560613,-0.01417219069372023
250.0,4.5,0.0,0.0,0.0,0.0,0.0,0.0,0.0,0.0,0.0,0.0,0.0,0.0,0.24126521823319338,0.25076371372646256,-0.017384486156216364,-0.014209439644567513
250.0,5.0,0.0,0.0,0.0,0.0,0.0,0.0,0.0,0.0,0.0,0.0,0.0,0.0,0.24115362918400976,0.2506389896276561,-0.017426540490719674,-0.01424640814406359
250.0,5.5,0.0,0.0,0.0,0.0,0.0,0.0,0.0,0.0,0.0,0.0,0.0,0.0,0.2410431878934392,0.25051556504636263,-0.01746828167336772,-0.014283104329916469
250.0,6.0,0.0,0.0,0.0,0.0,0.0,0.0,0.0,0.0,0.0,0.0,0.0,0.0,0.24093386524664204,0.25039340343004185,-0.01750971743907203,-0.014319535967014914
250.0,6.5,0.0,0.0,0.0,0.0,0.0,0.0,0.0,0.0,0.0,0.0,0.0,0.0,0.24082563330189183,0.2502724698826308,-0.01755085521568115,-0.014355710469421277
250.0,7.0,0.0,0.0,0.0,0.0,0.0,0.0,0.0,0.0,0.0,0.0,0.0,0.0,0.24071846522756174,0.2501527310661576,-0.0175917021401621,-0.01439163492078324
250,7.5,3.160816160622834,3.1961514323397187,0.09533366680733522,0.18544494999155856,16.59652744129432,17.50136293630934,False,False,0.13208055373542577,0.27070650268988977,0.0,0.0,0.240612335243287,0.25003415510948424,-0.017632265073730086,-0.014427316093298639
250,8.0,3.879926102793542,3.9172689073810623,0.11855647350772663,0.19706972671759268,16.609559543793818,17.36698198719254,False,False,0.16324756660604284,0.29841659508895296,0.0,0.0,0.24049506993010533,0.24989307975672775,-0.01767721359739543,-0.014469905045253402
250,8.5,5.410676162375057,5.447007359592237,0.1834905666526525,0.21748081604967165,16.602436193077395,17.058175138406778,False,False,0.2267991483820718,0.3238889715679713,0.0,0.0,0.24037583473665008,0.2497516262113241,-0.017723057242004115,-0.01451275865060659
250,9.0,5.411499047052947,5.450417137250418,0.17547382006897294,0.22630183795335496,16.594170750097753,17.104000153078864,False,False,0.22584988017332755,0.332525864134019,0.0,0.0,0.24024929133485887,0.24960864685330686,-0.01777186578408077,-0.014556228262699202
250,9.5,6.4519225679745436,6.495729852579252,0.22906039436252326,0.257946772115518,16.584783091938625,17.015726325650274,False,False,0.2679522734427284,0.3766499645968167,0.0,0.0,0.24012471396254312,0.24946559184339542,-0.017820072536888436,-0.014599876220667761
250,10.0,6.970896176087468,7.013050019927401,0.2625024262848834,0.2667468798675974,16.575457125167496,16.93052614971945,False,False,0.28810267495919084,0.38620353218589454,0.0,0.0,0.23999423105504009,0.24931952697110912,-0.017870731659205254,-0.014644603521980602
250,10.5,13.774316844697381,13.908285589197549,0.4897367805734528,0.6498163324027324,33.10023938729269,34.271525930456875,False,False,0.5618862214501971,0.9344360602038524,0.0,0.0,0.23986038917526187,0.2491733387593867,-0.017922873254835044,-0.014689532154655719
250,11.0,13.74112900185011,13.85993718660098,0.5151766590528719,0.596086740054918,33.05044051318151,34.02432148368522,False,False,0.5534648185535068,0.8452258559745174,0.0,0.0,0.2396984730473794,0.24897930934881066,-0.01798619439264246,-0.014749417931474282
250,11.5,15.772079294972215,15.887291324262062,0.6427400218968432,0.6379912636636609,32.85285252407525,33.63114193912935,False,False,0.6215182470554641,0.8442411258914089,0.0,0.0,0.239534178820956,0.2487930785168844,-0.018050718180810558,-0.014807170510023858
250,12.0,16.45308500012722,16.494429361682798,0.7550576349273758,0.649926168578265,32.321870536786065,32.48471296814027,False,False,0.5708816741701395,0.6225807644991252,0.0,0.0,0.23935447419696762,0.24860243748238464,-0.018121610218701116,-0.0148665700501893
250,12.5,16.323970716292123,15.307106255910675,1.3182452633260824,0.7513494714308538,29.27876954780566,24.92532283173547,False,False,0.34171883570151146,0.2087793473322765,0.0,0.0,0.23916128419811353,0.2484111843355779,-0.018198192461690098,-0.014926445808768214
250,13.0,16.052878312355478,13.684602332723095,1.7503058029137366,0.8109990675531854,27.614463980058048,20.391849459678042,False,False,0.2761915019404073,0.13477373803467363,0.0,0.0,0.238897136019821,0.24820789509365243,-0.018303528177238373,-0.014990405014305002
250,13.5,15.599380541626147,12.86727786285066,1.8083697614080645,0.8127690773346158,27.238094660206535,19.47869330026157,False,False,0.2568491235408574,0.1197862134475378,0.0,0.0,0.23857872294685914,0.24799787362463882,-0.018431470619312006,-0.015056825565834701
250,14.0,14.269591422402993,12.302689382743146,1.61944646363814,0.8037141872384834,27.264399993917927,19.747818992699884,False,False,0.2331659209131573,0.11655112709198134,0.0,0.0,0.23825368835052715,0.24778847693120812,-0.018563174248683444,-0.015123397910407737
250,14.5,12.67175571627169,11.216975239162444,1.4697434314298492,0.7954775300757372,27.10411618853875,20.16806273105306,False,False,0.20370348670847196,0.11032824377755804,0.0,0.0,0.23795349097551063,0.24758106638848695,-0.01868581102125121,-0.015189684822856092
250,15.0,9.341730273865354,8.97539169146049,1.0504706729315438,0.7863886162132918,13.596943548544113,12.069762506598726,False,False,0.15154677361458155,0.11265472220367143,0.0,0.0,0.23767311784671902,0.2473755203039362,-0.01880122191845361,-0.015255717664998718
250,15.5,8.71700377648069,8.377467588555154,0.9758109697939865,0.7614235328513675,27.28129707666332,23.843892096117617,False,False,0.14268396914745957,0.11108377957246982,0.0,0.0,0.23744690643886932,0.24717193047822658,-0.018894957497796742,-0.01532145947756825
250,16.0,9.67424866676011,8.978561138231825,1.1153094312289615,0.7620344054827378,27.11796894708209,21.880671142914544,False,False,0.1557353802600647,0.10625173905777356,0.0,0.0,0.23723092766273682,0.2469723038398568,-0.018984973005660027,-0.015386249537720926
250,16.5,7.756466477165642,7.459912514260278,0.8828954558376171,0.7540368082647937,27.180312313158247,23.441741722803897,False,False,0.12565578777313957,0.10711439617179358,0.0,0.0,0.23699787709954068,0.24677336551857043,-0.019082677424852184,-0.015451141212365632
250,17.0,3.916489504968705,4.063652170220858,0.42567402565238344,0.6330834748886721,13.705923601820245,15.091843384459033,False,False,0.06497978576329534,0.09628788679395386,0.0,0.0,0.23679513536222438,0.24657619739587136,-0.01916816276043873,-0.01551577746442925
250,17.5,2.286100876661405,2.4494106568402993,0.23967793027566706,0.6202697420939395,13.798726496140857,16.507810429288487,False,False,0.038678188362882386,0.09961430923648598,0.0,0.0,0.23665133746976136,0.24639517912678383,-0.019229071281141912,-0.015575403266343704
250.0,18.0,0.0,0.0,0.0,0.0,0.0,0.0,0.0,0.0,0.0,0.0,0.0,0.0,0.23653190798741383,0.24621651605870745,-0.019279833423357335,-0.01563452118186021
250.0,18.5,0.0,0.0,0.0,0.0,0.0,0.0,0.0,0.0,0.0,0.0,0.0,0.0,0.23644367567799096,0.24611760434756078,-0.019317438131662184,-0.015667365100095896
250.0,19.0,0.0,0.0,0.0,0.0,0.0,0.0,0.0,0.0,0.0,0.0,0.0,0.0,0.23635608600808794,0.24601938807968043,-0.0193548554161576,-0.015700059468617036
250.0,19.5,0.0,0.0,0.0,0.0,0.0,0.0,0.0,0.0,0.0,0.0,0.0,0.0,0.23626912761299468,0.24592185446865075,-0.019392088480473347,-0.015732607068751278
250.0,20.0,0.0,0.0,0.0,0.0,0.0,0.0,0.0,0.0,0.0,0.0,0.0,0.0,0.23618278945644955,0.24582499113476874,-0.019429140436026743,-0.01576501059063728
250.0,20.5,0.0,0.0,0.0,0.0,0.0,0.0,0.0,0.0,0.0,0.0,0.0,0.0,0.23609706081773832,0.24572878608752097,-0.019466014305605704,-0.015797272637135342
250.0,21.0,0.0,0.0,0.0,0.0,0.0,0.0,0.0,0.0,0.0,0.0,0.0,0.0,0.23601193127942405,0.24563322770898574,-0.019502713026779136,-0.015829395727534994
250.0,21.5,0.0,0.0,0.0,0.0,0.0,0.0,0.0,0.0,0.0,0.0,0.0,0.0,0.23592739071567104,0.24553830473810162,-0.019539239455144707,-0.01586138230107292
250.0,22.0,0.0,0.0,0.0,0.0,0.0,0.0,0.0,0.0,0.0,0.0,0.0,0.0,0.2358434292811286,0.24544400625575122,-0.01957559636742307,-0.015893234720271317
250.0,22.5,0.0,0.0,0.0,0.0,0.0,0.0,0.0,0.0,0.0,0.0,0.0,0.0,0.23576003740034301,0.24535032167060872,-0.01961178646440741,-0.015924955274108504
250.0,23.0,0.0,0.0,0.0,0.0,0.0,0.0,0.0,0.0,0.0,0.0,0.0,0.0,0.2356772057576678,0.24525724070570615,-0.019647812373775685,-0.01595654618103124
250.0,23.5,0.0,0.0,0.0,0.0,0.0,0.0,0.0,0.0,0.0,0.0,0.0,0.0,0.23559492528764378,0.24516475338567567,-0.019683676652774276,-0.01598800959181773
250.0,24.0,0.0,0.0,0.0,0.0,0.0,0.0,0.0,0.0,0.0,0.0,0.0,0.0,0.23551318716582426,0.24507285002462686,-0.01971938179077885,-0.016019347592300764
251.0,0.5,0.0,0.0,0.0,0.0,0.0,0.0,0.0,0.0,0.0,0.0,0.0,0.0,0.23543198280001928,0.24498152121462316,-0.019754930211739862,-0.016050562205958182
251.0,1.0,0.0,0.0,0.0,0.0,0.0,0.0,0.0,0.0,0.0,0.0,0.0,0.0,0.23535130382193745,0.2448907578147215,-0.019790324276518605,-0.016081655396378763
251.0,1.5,0.0,0.0,0.0,0.0,0.0,0.0,0.0,0.0,0.0,0.0,0.0,0.0,0.2352711420792033,0.2448005509405439,-0.019825566285119625,-0.016112629069610366
251.0,2.0,0.0,0.0,0.0,0.0,0.0,0.0,0.0,0.0,0.0,0.0,0.0,0.0,0.23519148962772968,0.24471089195434936,-0.019860658478825094,-0.016143485076396933
251.0,2.5,0.0,0.0,0.0,0.0,0.0,0.0,0.0,0.0,0.0,0.0,0.0,0.0,0.23511233872442777,0.24462177245557937,-0.019895603042235928,-0.016174225214310493
251.0,3.0,0.0,0.0,0.0,0.0,0.0,0.0,0.0,0.0,0.0,0.0,0.0,0.0,0.235033681820235,0.24453318427184917,-0.019930402105225137,-0.016204851229783972
251.0,3.5,0.0,0.0,0.0,0.0,0.0,0.0,0.0,0.0,0.0,0.0,0.0,0.0,0.23495551155344638,0.2444451194503607,-0.019965057744807,-0.016235364820050186
251.0,4.0,0.0,0.0,0.0,0.0,0.0,0.0,0.0,0.0,0.0,0.0,0.0,0.0,0.23487782074333172,0.24435757024971425,-0.019999571986927173,-0.016265767634992087
251.0,4.5,0.0,0.0,0.0,0.0,0.0,0.0,0.0,0.0,0.0,0.0,0.0,0.0,0.23480060238402578,0.24427052913209626,-0.020033946808177293,-0.016296061278909015
251.0,5.0,0.0,0.0,0.0,0.0,0.0,0.0,0.0,0.0,0.0,0.0,0.0,0.0,0.23472384963867587,0.2441839887558239,-0.02006818413743786,-0.01632624731220337
251.0,5.5,0.0,0.0,0.0,0.0,0.0,0.0,0.0,0.0,0.0,0.0,0.0,0.0,0.23464755583383531,0.24409794196822668,-0.020102285857453276,-0.01635632725299197
251.0,6.0,0.0,0.0,0.0,0.0,0.0,0.0,0.0,0.0,0.0,0.0,0.0,0.0,0.23457171445408967,0.24401238179884724,-0.020136253806341896,-0.01638630257864604
251.0,6.5,0.0,0.0,0.0,0.0,0.0,0.0,0.0,0.0,0.0,0.0,0.0,0.0,0.23449631913690455,0.2439273014529449,-0.02017008977904467,-0.016416174727263238
251.0,7.0,0.0,0.0,0.0,0.0,0.0,0.0,0.0,0.0,0.0,0.0,0.0,0.0,0.23442136366768396,0.2438426943052855,-0.02020379552871527,-0.01644594509907579
251,7.5,2.5263123393521143,2.557152663627675,0.08351141305262624,0.16819563302360804,16.416035915753,17.426358954278708,False,False,0.0964235408573503,0.1987293754666572,0.0,0.0,0.23434684197502886,0.2437585538942033,-0.02023737276805425,-0.016475615057797356
251,8.0,4.796621859837578,4.8261669656333,0.19195900183197234,0.2048250051219144,16.406683335791623,16.807117826907593,False,False,0.18225809103072935,0.2534953242396279,0.0,0.0,0.23426210603406195,0.24365344027761654,-0.020275633057194115,-0.016512770332434798
251,8.5,5.253653039484853,5.276742916099235,0.20389644707077315,0.21337712161243322,16.352743778690318,16.629215136411805,False,False,0.1946093866446366,0.23913833831911238,0.0,0.0,0.23416397235993408,0.2435441131595255,-0.020320050495895005,-0.01655152095232965
251,9.0,6.164676644790255,6.17974044588478,0.2697659065134773,0.2574031866634832,16.152102953692744,16.27290716634082,False,False,0.20884184344152096,0.23098295424824578,0.0,0.0,0.23406473384083182,0.24343414449879155,-0.02036508596296666,-0.016590608318176877
251,9.5,6.251607140159481,6.195131122926192,0.35092791826691294,0.27840574651589617,15.554324861519722,15.013173880027406,False,False,0.16880802719856677,0.14738324476568465,0.0,0.0,0.23395751222752334,0.24331900788946742,-0.020413877966875757,-0.016631650499387526
251,10.0,5.995344024339887,5.915616069076679,0.3792980664327164,0.3012018580567613,15.181432024456699,14.41629688757411,False,False,0.14369764655643838,0.11810174220559232,0.0,0.0,0.23384035332727565,0.24320163155667257,-0.020467351340533294,-0.016673615649521807
251,10.5,6.9120761299054365,6.665568646448864,0.47968125187262434,0.30496579318263667,15.008365563094733,13.348536221145242,False,False,0.15745846365607208,0.10477419047209004,0.0,0.0,0.23371997925268564,0.2430817813517171,-0.020522466092922784,-0.016716595518361004
251,11.0,6.73907029849543,6.519333656810185,0.481875381987106,0.3213163636752972,14.895497842042065,13.335740448799639,False,False,0.14871026980646057,0.1015309741359057,0.0,0.0,0.23358720799485086,0.24296187713502165,-0.0205834622661667,-0.016759726914084224
251,11.5,15.430462803321388,14.392021166485364,1.3554874371773964,0.7746563387271697,28.8092561887576,23.823404750892927,False,False,0.29968973661559045,0.1774153407502208,0.0,0.0,0.23345454698333132,0.2428403096180247,-0.02064462364766182,-0.01680359205909227
251,12.0,15.460415771312856,13.565704908858354,1.6404246887302552,0.8097838983058848,27.725999126662067,20.578518427771762,False,False,0.26519803173234624,0.133073332187255,0.0,0.0,0.23321094403583256,0.24266138680470484,-0.020757497991480935,-0.016868401773745018
251,12.5,15.818753634522892,12.795276663310924,1.925691474835391,0.815810983935813,27.020275092639018,18.669283524608606,False,False,0.2548395607154298,0.11228788578012298,0.0,0.0,0.23293141076090612,0.24247839756697842,-0.02088792805765776,-0.0169349927307181
251,13.0,15.693622408305995,12.09260913369932,2.0718000425106444,0.829056103323325,26.42340035611809,16.94604175799567,False,False,0.2382656631193541,0.0968159678717645,0.0,0.0,0.23261590040448177,0.24229504527024912,-0.021036319944509458,-0.017002030191870438
251,13.5,15.26091509767598,11.408089144734205,2.153443495408899,0.838329238929179,26.03975166798642,16.22274316262905,False,False,0.22319507525192617,0.08801625566874237,0.0,0.0,0.2322821416245095,0.24211040522040528,-0.021194663738024252,-0.017069858247271343
251,14.0,14.821142173064882,11.422771005533212,1.9956927112654492,0.8241800067188287,26.373763704402442,17.086237173483173,False,False,0.22188015634240882,0.0927491369405064,0.0,0.0,0.23193834482459136,0.24192497880418087,-0.02135925692218499,-0.01713829989447645
251,14.5,14.129124865232697,11.21890724919281,1.8691803429182219,0.8151069305364887,26.430470609272987,17.418674895318148,False,False,0.2126551335282696,0.09318345214433553,0.0,0.0,0.23161501220721975,0.24174174612739066,-0.021515444276821807,-0.01720625324366433
251,15.0,10.585065909202715,9.608646817787903,1.3274957615679543,0.7884682207970959,26.685006764176393,20.452867682541893,False,False,0.16324537105104642,0.09662942142595471,0.0,0.0,0.23130815864913432,0.2415600557487963,-0.021664931410850564,-0.01727395183693893
251,15.5,11.955268153600151,10.103216618607538,1.4662088321189142,0.773336681047141,26.91669436207006,19.83595558436648,False,False,0.18861344530530838,0.10106727898521273,0.0,0.0,0.23107068653460425,0.2413821416297434,-0.02178146853109668,-0.01734055113789881
251,16.0,10.547480785567886,9.335896611035816,1.2649238709669977,0.7734077683427029,26.962979200956077,20.56254191514593,False,False,0.1671707055127361,0.10231364795649264,0.0,0.0,0.23081588686901244,0.24120653299649958,-0.021907340606027784,-0.017406587647237945
251,16.5,8.745407678468144,8.426312884458573,0.8535614845219287,0.7455442405687789,28.108807054313544,24.77686980749813,False,False,0.1564718726201522,0.13711461520598672,0.0,0.0,0.23058708264050498,0.24103128824343742,-0.02202110999812627,-0.017472786240339357
251,17.0,6.285811115226581,6.225286449795918,0.5953943268730882,0.6945711764152086,28.22999390653908,26.24975680017169,False,False,0.11401911945097545,0.13322548301488085,0.0,0.0,0.23041104080734395,0.2408599629517159,-0.022109123483890186,-0.0175377944338297
251,17.5,2.085017313146638,2.208973262464477,0.19153610078635205,0.5945826197337049,14.168207300481981,16.98934305929102,False,False,0.038284964778193535,0.11828592545680683,0.0,0.0,0.23026823558428303,0.2406954979144591,-0.022180828094567805,-0.017600470823958308
251,18.0,3.0059236572665045,3.1476524977854297,0.2888674160380314,0.639898428461308,14.059007771488949,16.363158692734842,False,False,0.05383741384401097,0.1185210638181932,0.0,0.0,0.23017722918700367,0.24054413527567226,-0.02222666831415825,-0.017658389953901284
251.0,18.5,0.0,0.0,0.0,0.0,0.0,0.0,0.0,0.0,0.0,0.0,0.0,0.0,0.23007415010881543,0.24038735453853682,-0.02227872598294495,-0.01771862192243458
251.0,19.0,0.0,0.0,0.0,0.0,0.0,0.0,0.0,0.0,0.0,0.0,0.0,0.0,0.23000820926735915,0.2403124705845006,-0.022312104051917792,-0.017747477180392015
251.0,19.5,0.0,0.0,0.0,0.0,0.0,0.0,0.0,0.0,0.0,0.0,0.0,0.0,0.2299425920839486,0.24023793557043926,-0.02234537745188703,-0.017776253595776132
251.0,20.0,0.0,0.0,0.0,0.0,0.0,0.0,0.0,0.0,0.0,0.0,0.0,0.0,0.22987729521500969,0.24016374576702088,-0.02237854713039376,-0.017804951956873556
251.0,20.5,0.0,0.0,0.0,0.0,0.0,0.0,0.0,0.0,0.0,0.0,0.0,0.0,0.2298123153709031,0.24008989751638893,-0.022411614020491036,-0.01783357303579362
251.0,21.0,0.0,0.0,0.0,0.0,0.0,0.0,0.0,0.0,0.0,0.0,0.0,0.0,0.22974764931472716,0.2400163872301581,-0.02244457904105892,-0.01786211758894234
251.0,21.5,0.0,0.0,0.0,0.0,0.0,0.0,0.0,0.0,0.0,0.0,0.0,0.0,0.22968329386115488,0.239943211387481,-0.022477443097110684,-0.01789058635747978
251.0,22.0,0.0,0.0,0.0,0.0,0.0,0.0,0.0,0.0,0.0,0.0,0.0,0.0,0.22961924587530352,0.2398703665331835,-0.022510207080090525,-0.017918980067760756
251.0,22.5,0.0,0.0,0.0,0.0,0.0,0.0,0.0,0.0,0.0,0.0,0.0,0.0,0.22955550227163607,0.23979784927596554,-0.022542871868162794,-0.017947299431760204
251.0,23.0,0.0,0.0,0.0,0.0,0.0,0.0,0.0,0.0,0.0,0.0,0.0,0.0,0.22949206001289338,0.23972565628666462,-0.022575438326493318,-0.017975545147483396
251.0,23.5,0.0,0.0,0.0,0.0,0.0,0.0,0.0,0.0,0.0,0.0,0.0,0.0,0.22942891610905575,0.2396537842965796,-0.022607907307522927,-0.01800371789936194
251.0,24.0,0.0,0.0,0.0,0.0,0.0,0.0,0.0,0.0,0.0,0.0,0.0,0.0,0.22936606761633277,0.23958223009585244,-0.022640279651233677,-0.0180318183586358
252.0,0.5,0.0,0.0,0.0,0.0,0.0,0.0,0.0,0.0,0.0,0.0,0.0,0.0,0.22930351163618146,0.23951099053190458,-0.02267255618540765,-0.018059847183722375
252.0,1.0,0.0,0.0,0.0,0.0,0.0,0.0,0.0,0.0,0.0,0.0,0.0,0.0,0.22924124531435058,0.23944006250792754,-0.02270473772587871,-0.01808780502057254
252.0,1.5,0.0,0.0,0.0,0.0,0.0,0.0,0.0,0.0,0.0,0.0,0.0,0.0,0.22917926583995057,0.23936944298142343,-0.02273682507677801,-0.018115692503014872
252.0,2.0,0.0,0.0,0.0,0.0,0.0,0.0,0.0,0.0,0.0,0.0,0.0,0.0,0.22911757044454942,0.23929912896279523,-0.02276881903077203,-0.018143510253087858
252.0,2.5,0.0,0.0,0.0,0.0,0.0,0.0,0.0,0.0,0.0,0.0,0.0,0.0,0.2290561564012912,0.23922911751398346,-0.022800720369295424,-0.018171258881361074
252.0,3.0,0.0,0.0,0.0,0.0,0.0,0.0,0.0,0.0,0.0,0.0,0.0,0.0,0.22899502102403937,0.23915940574714828,-0.022832529862776788,-0.018198938987245516
252.0,3.5,0.0,0.0,0.0,0.0,0.0,0.0,0.0,0.0,0.0,0.0,0.0,0.0,0.22893416166654193,0.23908999082339505,-0.022864248270858978,-0.018226551159293475
252.0,4.0,0.0,0.0,0.0,0.0,0.0,0.0,0.0,0.0,0.0,0.0,0.0,0.0,0.2288735757216183,0.2390208699515413,-0.022895876342613843,-0.018254095975488528
252.0,4.5,0.0,0.0,0.0,0.0,0.0,0.0,0.0,0.0,0.0,0.0,0.0,0.0,0.228813260620368,0.23895204038692378,-0.022927414816750907,-0.018281574003525942
252.0,5.0,0.0,0.0,0.0,0.0,0.0,0.0,0.0,0.0,0.0,0.0,0.0,0.0,0.22875321383139932,0.23888349943024403,-0.022958864421821174,-0.018308985801083835
252.0,5.5,0.0,0.0,0.0,0.0,0.0,0.0,0.0,0.0,0.0,0.0,0.0,0.0,0.22869343286007815,0.23881524442645122,-0.02299022587641537,-0.018336331916085472
252.0,6.0,0.0,0.0,0.0,0.0,0.0,0.0,0.0,0.0,0.0,0.0,0.0,0.0,0.22863391524779572,0.23874727276366015,-0.023021499889357498,-0.018363612886952985
252,6.5,1.9678540331557597,1.9820527069481113,0.0649788641894386,0.09436176191292708,16.451901953786834,17.076187925290682,False,False,0.07642375955559035,0.11276676252855537,0.0,0.0,0.22857465857125528,0.23867958187210375,-0.023052687159893205,-0.018390829242853
252,7.0,5.458504189192997,5.519828555434779,0.18588843077216,0.6161868657359078,32.81543942701839,34.90916629041661,False,False,0.2075104859084238,0.7436302427234125,0.0,0.0,0.2285073800040066,0.23860014444079675,-0.023088157459966674,-0.01842282982745301
252,7.5,11.603027801325425,11.696514567737292,0.4744107382779387,0.6628641652447671,32.321879746980386,33.399792497359954,False,False,0.39456286889597025,0.6107822786422927,0.0,0.0,0.2284249497860146,0.2384544851361283,-0.023131704627171817,-0.018481679767919538
252,8.0,13.131740966725372,12.984009109315373,0.8007394207165357,0.6980308248881327,30.626103742179033,29.45276911405427,False,False,0.32774311528600963,0.30071340868775287,0.0,0.0,0.22830600623838074,0.23830315091774018,-0.023194714084053172,-0.01854305991673851
252,8.5,14.11612114277637,13.22724466952168,1.2116556223960855,0.7417394449796412,28.929868795656457,24.505918995563547,False,False,0.27826016691733735,0.17600316019857398,0.0,0.0,0.22814572930547733,0.2381476062074234,-0.02327994334348314,-0.018606401098680045
252,9.0,14.664957999893169,12.870603132302985,1.5273349812072383,0.7775364739353012,27.83426623969681,21.310540073698313,False,False,0.2565065811003118,0.13430402664202346,0.0,0.0,0.22793333752109707,0.23798676010557182,-0.023393460905142445,-0.018672172438514708
252,9.5,15.188820765779624,12.665484967152494,1.7614962438842652,0.8047789588287603,27.216093841768032,19.113431921396796,False,False,0.24696080852409405,0.11433277087225749,0.0,0.0,0.22768096498467202,0.2378216184709998,-0.023529205669363378,-0.01873998867077271
252,10.0,15.529393056584254,12.688492363296913,1.8492044474102938,0.8092455896429344,27.063779657166528,18.48491109237747,False,False,0.24862770901145842,0.11019450873717117,0.0,0.0,0.22739899762923885,0.23765326913144738,-0.023681980353341382,-0.01880942445349877
252,10.5,15.841931171590833,12.610571880197984,1.9437957809976605,0.8096881595298759,26.918118923940106,17.926698204293075,False,False,0.2499670768002485,0.10591180328864436,0.0,0.0,0.2271060962859539,0.23748461221065373,-0.023841932489932962,-0.018879294693554725
252,11.0,12.604051960086808,11.187941749782423,1.4868932164565067,0.7815643181701677,13.4870101985219,9.927418074426212,False,False,0.19998601640309582,0.10460954795822672,0.0,0.0,0.22680138178371007,0.23731615827312763,-0.024009703798276973,-0.01894938974153968
252,11.5,16.024453593669428,13.339933631369252,1.8217841515068334,0.8171869566022996,27.345857548154363,19.221845678727764,False,False,0.26404976595476026,0.1203538509769472,0.0,0.0,0.22655513054619106,0.2371515454167499,-0.02414631453648585,-0.019018186239927674
252,12.0,15.054416453339734,13.514029951550492,1.500793697061139,0.7868826465962443,28.027358839166503,21.553101858190452,False,False,0.2669069522312032,0.14123974420253946,0.0,0.0,0.22626644019197295,0.2369826480829278,-0.024307649971166776,-0.019089082885582975
252,12.5,6.860134057698757,6.344971112813138,0.597842032019795,0.3284253972900468,14.372254459791781,11.583290571261722,False,False,0.13219223638902067,0.07336891740368011,0.0,0.0,0.22601888962820546,0.2368178653912476,-0.02444701804848016,-0.019158556047074348
252,13.0,15.725992939266611,13.658382917879386,1.6298438020150416,0.788215943508825,27.8832537111402,20.75762593979045,False,False,0.2744065461163313,0.13570040908738643,0.0,0.0,0.22588663795236022,0.23671175595998944,-0.02452186432901582,-0.019203451752527016
252,13.5,15.296129912813086,12.532358336205922,1.817591570688934,0.8135270761358566,27.063967199426877,18.963676642236,False,False,0.24652023273850393,0.11258168141487865,0.0,0.0,0.225623106851834,0.23654730283957692,-0.02467182233214076,-0.019273281060357823
252,14.0,13.78853764937228,10.993266345321135,1.8675245222630432,0.8140995380813466,26.23258786646661,16.94343809535959,False,False,0.20371505764239486,0.08876220769542317,0.0,0.0,0.22533588018950382,0.23637987090871035,-0.02483651007853577,-0.019344686250016195
252,14.5,5.2969781531086575,4.197742674403691,0.7042759912280653,0.28898672539908826,13.163891605870791,8.164730746499146,False,False,0.07895684741982201,0.03227120371312,0.0,0.0,0.22504251835093847,0.23621261067031854,-0.025006069446577645,-0.01941633315648151
252,15.0,10.252122401342938,8.949083588775174,1.441368765805584,0.786865884363624,25.978029067936532,18.463641487463057,False,False,0.14796901293217898,0.08036539632739698,0.0,0.0,0.2248976187300903,0.23611250967777417,-0.025090328280159245,-0.019459363238809865
252,15.5,11.875882674680987,9.422275421688274,1.70789067702471,0.8012090199403737,25.877158030350042,17.022871117926393,False,False,0.16985032744500483,0.07968360416081297,0.0,0.0,0.22465901386952786,0.23594920325442567,-0.02522981488373696,-0.019529807376485506
252,16.0,7.787405873270936,7.346258528622162,1.0259473404130837,0.751397888279095,26.357684333817055,21.761299160115417,False,False,0.11640534587898821,0.08488928695485784,0.0,0.0,0.22438666827989795,0.23578430781224996,-0.025390156828614632,-0.01960124546363671
252,16.5,2.031268329978266,1.8016779032229138,0.2605084166106536,0.1368584588577266,13.270332081923257,9.65400994859144,False,False,0.030894376338183396,0.016166844209235365,0.0,0.0,0.2242014459138122,0.2356259968038689,-0.025499899309313123,-0.019670124091679213
252.0,17.0,0.0,0.0,0.0,0.0,0.0,0.0,0.0,0.0,0.0,0.0,0.0,0.0,0.22411398525885667,0.23554623325195062,-0.02555191530337233,-0.019704937196606487
252.0,17.5,0.0,0.0,0.0,0.0,0.0,0.0,0.0,0.0,0.0,0.0,0.0,0.0,0.22672380121973867,0.2381468535436834,-0.02405264292544643,-0.018606708225858106
252.0,18.0,0.0,0.0,0.0,0.0,0.0,0.0,0.0,0.0,0.0,0.0,0.0,0.0,0.2319856633899504,0.24339679081858126,-0.021336512947853575,-0.016603910363054517
252.0,18.5,0.0,0.0,0.0,0.0,0.0,0.0,0.0,0.0,0.0,0.0,0.0,0.0,0.2372216086784923,0.24861741280776536,-0.018988868451427696,-0.014861893806872872
252.0,19.0,0.0,0.0,0.0,0.0,0.0,0.0,0.0,0.0,0.0,0.0,0.0,0.0,0.2371141263255972,0.24849479481182798,-0.019033866253492234,-0.014900234535810216
252.0,19.5,0.0,0.0,0.0,0.0,0.0,0.0,0.0,0.0,0.0,0.0,0.0,0.0,0.23700779815415046,0.2483735080793039,-0.019078505918045253,-0.01493827499312684
252.0,20.0,0.0,0.0,0.0,0.0,0.0,0.0,0.0,0.0,0.0,0.0,0.0,0.0,0.23690259486618995,0.24825351344001917,-0.019122796142857685,-0.01497602412206639
252.0,20.5,0.0,0.0,0.0,0.0,0.0,0.0,0.0,0.0,0.0,0.0,0.0,0.0,0.23679848833504688,0.24813477354504068,-0.019166745285338703,-0.015013490454313156
252.0,21.0,0.0,0.0,0.0,0.0,0.0,0.0,0.0,0.0,0.0,0.0,0.0,0.0,0.23669545154275257,0.24801725275634479,-0.019210361380360863,-0.015050682134337337
252.0,21.5,0.0,0.0,0.0,0.0,0.0,0.0,0.0,0.0,0.0,0.0,0.0,0.0,0.23659345852158165,0.24790091704464157,-0.019253652156929837,-0.01508760694198144
252.0,22.0,0.0,0.0,0.0,0.0,0.0,0.0,0.0,0.0,0.0,0.0,0.0,0.0,0.23649248429940878,0.24778573389464462,-0.019296625053787334,-0.015124272313438322
252.0,22.5,0.0,0.0,0.0,0.0,0.0,0.0,0.0,0.0,0.0,0.0,0.0,0.0,0.23639250484858354,0.24767167221714678,-0.019339287234028498,-0.015160685360756087
252.0,23.0,0.0,0.0,0.0,0.0,0.0,0.0,0.0,0.0,0.0,0.0,0.0,0.0,0.23629349703805547,0.24755870226732557,-0.01938164559880746,-0.015196852889992332
252.0,23.5,0.0,0.0,0.0,0.0,0.0,0.0,0.0,0.0,0.0,0.0,0.0,0.0,0.2361954385885045,0.2474467955687583,-0.01942370680019852,-0.015232781418128226
252.0,24.0,0.0,0.0,0.0,0.0,0.0,0.0,0.0,0.0,0.0,0.0,0.0,0.0,0.23609830803025367,0.24733592484267672,-0.019465477253274608,-0.01526847718884263
253.0,0.5,0.0,0.0,0.0,0.0,0.0,0.0,0.0,0.0,0.0,0.0,0.0,0.0,0.2360020846637582,0.2472260639420351,-0.01950696314745992,-0.015303946187237148
253.0,1.0,0.0,0.0,0.0,0.0,0.0,0.0,0.0,0.0,0.0,0.0,0.0,0.0,0.23590674852248616,0.24711718779000627,-0.019548170457207872,-0.015339194153594454
253.0,1.5,0.0,0.0,0.0,0.0,0.0,0.0,0.0,0.0,0.0,0.0,0.0,0.0,0.23581228033801718,0.24700927232255482,-0.0195891049520526,-0.015374226596245015
253.0,2.0,0.0,0.0,0.0,0.0,0.0,0.0,0.0,0.0,0.0,0.0,0.0,0.0,0.23571866150720294,0.24690229443476946,-0.019629772206077235,-0.015409048803610452
253.0,2.5,0.0,0.0,0.0,0.0,0.0,0.0,0.0,0.0,0.0,0.0,0.0,0.0,0.235625874061245,0.24679623193066344,-0.019670177606839208,-0.015443665855486064
253.0,3.0,0.0,0.0,0.0,0.0,0.0,0.0,0.0,0.0,0.0,0.0,0.0,0.0,0.23553390063655666,0.2466910634761812,-0.019710326363789766,-0.015478082633618669
253.0,3.5,0.0,0.0,0.0,0.0,0.0,0.0,0.0,0.0,0.0,0.0,0.0,0.0,0.23544272444728737,0.24658676855516726,-0.019750223516221403,-0.015512303831632565
253.0,4.0,0.0,0.0,0.0,0.0,0.0,0.0,0.0,0.0,0.0,0.0,0.0,0.0,0.23535232925939664,0.24648332742807919,-0.019789873940774902,-0.01554633396435063
253.0,4.5,0.0,0.0,0.0,0.0,0.0,0.0,0.0,0.0,0.0,0.0,0.0,0.0,0.23526269936617378,0.2463807210932431,-0.019829282358534876,-0.015580177376553933
253.0,5.0,0.0,0.0,0.0,0.0,0.0,0.0,0.0,0.0,0.0,0.0,0.0,0.0,0.2351738195651077,0.24627893125046613,-0.019868453341740845,-0.015613838251220388
253.0,5.5,0.0,0.0,0.0,0.0,0.0,0.0,0.0,0.0,0.0,0.0,0.0,0.0,0.23508567513601902,0.24617794026683817,-0.019907391320137892,-0.015647320617278353
253.0,6.0,0.0,0.0,0.0,0.0,0.0,0.0,0.0,0.0,0.0,0.0,0.0,0.0,0.23499825182037146,0.24607773114456727,-0.01994610058699097,-0.01568062835690939
253.0,6.5,0.0,0.0,0.0,0.0,0.0,0.0,0.0,0.0,0.0,0.0,0.0,0.0,0.234911535801688,0.24597828749070583,-0.01998458530478304,-0.015713765212431004
253,7.0,2.424734666608088,2.443358499667545,0.07863011435921972,0.11985282765181968,16.46692414584272,17.14021120449923,False,False,0.09486301012860243,0.14778560093866908,0.0,0.0,0.23482551368700122,0.2458795934886378,-0.020022849510617467,-0.015746734792787646
253,7.5,3.5919168416193257,3.615940649461543,0.12601527777771213,0.16436405867469353,16.389173403243223,16.903166560573787,False,False,0.13535053604646435,0.1875274520498073,0.0,0.0,0.2347301524346456,0.24576636069132848,-0.020065370004236235,-0.015784662763887975
253,8.0,4.169358346119063,4.191991571432075,0.1502745230983965,0.18180940267671533,16.345759573172572,16.75002086197411,False,False,0.15394348588625603,0.19822515460969853,0.0,0.0,0.23462942107802431,0.24564817534538066,-0.02011040186395042,-0.0158243657696502
253,8.5,5.0757066523383445,5.101297904715022,0.1935304796790126,0.218285823610959,16.298696934926834,16.6331220354564,False,False,0.18340152461432224,0.2267451838670076,0.0,0.0,0.23452625439299665,0.24552847228936478,-0.020156647307460595,-0.015864699980415935
253,9.0,5.478111867413409,5.503559283252453,0.2211768005910589,0.24412405226302614,16.18324421710174,16.480272145557514,False,False,0.18807752737880892,0.2258314090237759,0.0,0.0,0.23441821970978421,0.24540481257486413,-0.020205210760087532,-0.01590649609501808
253,9.5,5.7968733806163115,5.793914643941223,0.26925937966171565,0.2546122767096327,15.885442213540149,15.813925048916321,False,False,0.1763525869354153,0.17682486498553393,0.0,0.0,0.2343072946860117,0.24527853854739784,-0.02025521859317983,-0.01594931128749889
253,10.0,5.961350263026934,5.9273690393597604,0.31050528708081765,0.2661590443691615,15.626590534637222,15.22171500102444,False,False,0.16501878567333642,0.14737154520149437,0.0,0.0,0.23685075758982937,0.24780977389450395,-0.01914466450732987,-0.01511661108537918
253,10.5,6.064183237692458,6.045234153177818,0.31161366693686937,0.28500246412378666,15.652198888450032,15.44479193864783,False,False,0.16937485081138057,0.1613731605012442,0.0,0.0,0.24203217778430103,0.25297875194712083,-0.017098692526483758,-0.013571552718797614
253,11.0,5.53835919538702,5.556419925054871,0.25188369690601103,0.27678922738603634,15.878679488098399,16.117295415713354,False,False,0.1680533825089921,0.19099498517566993,0.0,0.024169020520152275,0.24982622020937945,0.26075017597271305,-0.014490141448364698,-0.011587774517922691
253,11.5,6.029016856390206,6.05817008120626,0.2483068050881351,0.28700456517354583,16.100911870513418,16.456536023031433,False,False,0.19988792609286704,0.24302404277168363,0.026212833121437448,0.10813821558914809,0.2601804545437857,0.27105696389081174,-0.011720909656325903,-0.009463908171685603
253,12.0,5.668521384104855,5.704637497884694,0.22242658974249985,0.28058264158150625,16.181448555431857,16.67596885158106,False,False,0.19446404648608562,0.25800013494191304,0.08661442366388653,0.1547466394015776,0.2703507589659809,0.28114930071780564,-0.009593735419387326,-0.007819019759426931
253,12.5,5.766585339227707,5.80435453579289,0.21641254447526082,0.27656519747980585,16.27663864661761,16.78774056311235,False,False,0.20629796168942058,0.2801308397964923,0.18011285700041002,0.2521870185226642,0.2828360760507314,0.2935176788753885,-0.007578526059085054,-0.0062445587416851646
253,13.0,5.72418720139982,5.759422784992675,0.20857000777839724,0.2615485619605476,16.34277596261857,16.82237367422462,False,False,0.2110594701052796,0.28429159534581955,0.25802517335319414,0.25802517335319414,0.2947963986458527,0.305312766474169,-0.0061043824018005895,-0.005083201700206697
253,13.5,5.2086229015879155,5.252356999640574,0.18213906818963574,0.26630859556666553,16.398418222426656,17.08138410343108,False,False,0.19713461444330252,0.3089052727119665,0.20560875927792813,0.20560875927792813,0.3011531635633774,0.3115028681806112,-0.005460744845018105,-0.004577311178441965
253,14.0,4.974333432547544,5.014999378616979,0.17073207954350622,0.24941291773112667,16.424398210226148,17.09267365416114,False,False,0.19062379970120366,0.29443593574372506,0.19590354509637253,0.19590354509637253,0.3145699920621801,0.32467378139322745,-0.0043489708671443136,-0.003687049059428996
253,14.5,4.068815293720543,4.100615819293126,0.1338347600786616,0.2002959454599224,16.465846068503943,17.133172400179,False,False,0.1591000901711575,0.24702918376349658,0.12123127533710716,0.12123127533710716,0.3269487268860082,0.3367344910397254,-0.0035550144717002886,-0.0030475371831365852
253,15.0,3.2955818631691565,3.328386616737636,0.10567810533572122,0.19053971752806506,16.490842463908415,17.361480188334728,False,False,0.1304681118931956,0.24132717176948407,0.07451318675017252,0.07451318675017252,0.3339487296299273,0.3433989447725744,-0.0031826697904727874,-0.002751037987960233
253.0,15.5,0.0,0.0,0.0,0.0,0.0,0.0,0.0,0.0,0.0,0.0,0.01135301650231802,0.01135301650231802,0.3504435634401216,0.3598829644310043,-0.0024742109484088776,-0.0021535244344026666
253.0,16.0,0.0,0.0,0.0,0.0,0.0,0.0,0.0,0.0,0.0,0.0,0.0,0.0,0.3549968638345005,0.3727682009428437,-0.002312894971293235,-0.0017920879758421126
253.0,16.5,0.0,0.0,0.0,0.0,0.0,0.0,0.0,0.0,0.0,0.0,0.006500372375915901,0.006500372375915901,0.35796814806634186,0.3836629206356863,-0.0022143708120461333,-0.0015417644082975205
253.0,17.0,0.0,0.0,0.0,0.0,0.0,0.0,0.0,0.0,0.0,0.0,0.0262434153682367,0.0262434153682367,0.35699280383399706,0.3757507169169998,-0.0022461505983371777,-0.0017190309521852264
253,17.5,5.374065534258412,5.450254932547564,0.1602519363113035,0.651174478655807,33.16722819514091,34.961802062686004,False,False,0.2230520656591448,0.9781084446976949,0.1524955789607201,0.1524955789607201,0.35589993746011067,0.36720559287623356,-0.0022824075010613983,-0.0019384805616775352
253.0,18.0,0.0,0.0,0.0,0.0,0.0,0.0,0.0,0.0,0.0,0.0,0.0,0.0,0.35222530210421027,0.35867369161668705,-0.00240953853898217,-0.0021917156163855337
253.0,18.5,0.0,0.0,0.0,0.0,0.0,0.0,0.0,0.0,0.0,0.0,0.0,0.0,0.34858830600222895,0.3538032692727768,-0.0025437623009073327,-0.00235393818463326
253.0,19.0,0.0,0.0,0.0,0.0,0.0,0.0,0.0,0.0,0.0,0.0,0.0,0.0,0.3449443576125398,0.34894261592463743,-0.002687273169091179,-0.0025303014778157843
253.0,19.5,0.0,0.0,0.0,0.0,0.0,0.0,0.0,0.0,0.0,0.0,0.0,0.0,0.3412897190657819,0.3440819625764982,-0.0028410003369624772,-0.0027226363485438987
253.0,20.0,0.0,0.0,0.0,0.0,0.0,0.0,0.0,0.0,0.0,0.0,0.0,0.0,0.33762543438470133,0.33922130922835886,-0.0030057694223748137,-0.002932646294251142
253.0,20.5,0.0,0.0,0.0,0.0,0.0,0.0,0.0,0.0,0.0,0.0,0.0,0.0,0.33413227792816325,0.3343606558802196,-0.0031735493327116997,-0.0031622447434089505
253.0,21.0,0.0,0.0,0.0,0.0,0.0,0.0,0.0,0.0,0.0,0.0,0.0,0.0,0.33098992545456174,0.3295000025320803,-0.0033340914379954407,-0.0034135845118231796
253.0,21.5,0.0,0.0,0.0,0.0,0.0,0.0,0.0,0.0,0.0,0.0,0.0,0.0,0.32818886921692003,0.324639349183941,-0.00348541255386924,-0.0036890919105995084
253.0,22.0,0.0,0.0,0.0,0.0,0.0,0.0,0.0,0.0,0.0,0.0,0.0,0.0,0.3256807866956058,0.3215993397532418,-0.0036278955776816277,-0.00387489169867525
253.0,22.5,0.0,0.0,0.0,0.0,0.0,0.0,0.0,0.0,0.0,0.0,0.0,0.0,0.32341783788410355,0.3192388079060197,-0.0037624441328996806,-0.004026887508469411
253.0,23.0,0.0,0.0,0.0,0.0,0.0,0.0,0.0,0.0,0.0,0.0,0.0,0.0,0.32136005829271685,0.3172390522849181,-0.0038899840293149866,-0.004161237412948673
253.0,23.5,0.0,0.0,0.0,0.0,0.0,0.0,0.0,0.0,0.0,0.0,0.0,0.0,0.3194753560359406,0.31547519384237216,-0.004011339686699241,-0.004284192109339785
253.0,24.0,0.0,0.0,0.0,0.0,0.0,0.0,0.0,0.0,0.0,0.0,0.0,0.0,0.32020393704212924,0.31636488072469676,-0.003963898981851222,-0.004221640836310455
254.0,0.5,0.0,0.0,0.0,0.0,0.0,0.0,0.0,0.0,0.0,0.0,0.0,0.0,0.32089681918022284,0.3172412026729288,-0.003919401693012972,-0.004161090100195018
254.0,1.0,0.0,0.0,0.0,0.0,0.0,0.0,0.0,0.0,0.0,0.0,0.0,0.0,0.3191088157097998,0.3156277598652423,-0.004035462196644469,-0.00427338759701697
254.0,1.5,0.0,0.0,0.0,0.0,0.0,0.0,0.0,0.0,0.0,0.0,0.0,0.0,0.317469879285044,0.31415279830911486,-0.004145459966677673,-0.004379218955135851
254.0,2.0,0.0,0.0,0.0,0.0,0.0,0.0,0.0,0.0,0.0,0.0,0.0,0.0,0.31595240245866774,0.3127883908693517,-0.004250504711179473,-0.004479909123305389
254.0,2.5,0.0,0.0,0.0,0.0,0.0,0.0,0.0,0.0,0.0,0.0,0.0,0.0,0.31453699046239547,0.31151544472165527,-0.004351354518857026,-0.004576346123866993
254.0,3.0,0.0,0.0,0.0,0.0,0.0,0.0,0.0,0.0,0.0,0.0,0.0,0.0,0.31320925501522806,0.31032015232234367,-0.004448558853613427,-0.004669159812206211
254.0,3.5,0.0,0.0,0.0,0.0,0.0,0.0,0.0,0.0,0.0,0.0,0.0,0.0,0.3119580773565998,0.3091920874517542,-0.004542534823699669,-0.0047588173732503345
254.0,4.0,0.0,0.0,0.0,0.0,0.0,0.0,0.0,0.0,0.0,0.0,0.0,0.0,0.3107745928659612,0.30812310494062156,-0.004633610899458394,-0.0048456781306717095
254.0,4.5,0.0,0.0,0.0,0.0,0.0,0.0,0.0,0.0,0.0,0.0,0.0,0.0,0.31218575484240013,0.30965298817735876,-0.004525259214501815,-0.004721939727458518
254.0,5.0,0.0,0.0,0.0,0.0,0.0,0.0,0.0,0.0,0.0,0.0,0.0,0.0,0.31100056650328234,0.3085761266652987,-0.004616054043996446,-0.004808638900507795
254.0,5.5,0.0,0.0,0.0,0.0,0.0,0.0,0.0,0.0,0.0,0.0,0.0,0.0,0.3098808308314181,0.30755600357452595,-0.004703835358292761,-0.0048925247974461695
254.0,6.0,0.0,0.0,0.0,0.0,0.0,0.0,0.0,0.0,0.0,0.0,0.0,0.0,0.30881844381280354,0.30658574530866883,-0.004788965455064157,-0.004973932840944797
254.0,6.5,0.0,0.0,0.0,0.0,0.0,0.0,0.0,0.0,0.0,0.0,0.03216330248915461,0.03216330248915461,0.3078069709467276,0.30565985852779604,-0.00487172682217608,-0.005053127145252848
254,7.0,2.763690772379547,2.781901861079152,0.08675865768934476,0.12233671057837123,16.543286372973224,17.108353237897706,False,False,0.11234362733715736,0.16377340277085783,0.10518052805944184,0.10518052805944184,0.3068370823343852,0.3047697593686614,-0.0049526908956542375,-0.00513068070342428
254,7.5,9.624104724497979,9.726811207841187,0.32293757935991807,0.6394349410043155,32.88252747600299,34.70233317090713,False,False,0.37183125389874305,0.7931195142048997,0.32061724644805983,0.32061724644805983,0.30588817821436853,0.3038909229779693,-0.005033459457668056,-0.0052086482796070786
254,8.0,11.755877329253945,11.845721406785664,0.49196174194020975,0.669949022163494,32.13919716575718,33.20955696816635,False,False,0.3847364216476711,0.5580139014343917,0.5010351080530377,0.5010351080530377,0.30491941168512837,0.3029517463008449,-0.005117542978776894,-0.00529353475219904
254,8.5,13.913040166135453,13.810476353234234,0.746736898630884,0.645194094565319,31.296471861599358,30.57632968343217,False,False,0.38805627619856203,0.36341986145957794,1.0151967154422616,1.0151967154422616,0.3039406766863673,0.3020160048136222,-0.005204196758997642,-0.005379755083824068
254,9.0,14.627218851144457,14.127379188628279,0.9741511454442443,0.6673037557461067,30.283914148309314,27.59252537000902,False,False,0.3464669247711053,0.2521313753961297,1.2431029261140125,1.2431029261140125,0.30289581188696585,0.3010458810756181,-0.005298642127219207,-0.005470916031797715
254,9.5,14.546070879504741,13.877264928317539,1.1027391763727727,0.7006984009023387,29.48876143369122,25.64312956322072,False,False,0.3080707061435538,0.20028454096582676,0.9002077542285032,0.9002077542285032,0.3018224216798926,0.3000698470622045,-0.005397800357378797,-0.0055644958519112855
254,10.0,13.306501102212568,12.778389404715908,1.086063910782979,0.7329626856985016,29.051613736763827,25.471427380437742,False,False,0.2663183981519035,0.18141997337572846,0.6715846394670724,0.6715846394670724,0.30080376136246006,0.299157413919278,-0.005493953876049592,-0.005653707342962795
254,10.5,12.339259423623833,11.735781856876788,1.1424100838769036,0.7509754371306369,28.364875064575948,24.263071391674742,False,False,0.2273195190552984,0.14987314005355953,0.569996078224447,0.569996078224447,0.29984194073586873,0.29829257861487957,-0.0055866208694734035,-0.005739842362590182
254,11.0,13.822442647181427,12.733957232035525,1.323871272713775,0.744991534934959,28.19736029622457,22.41171422112523,False,False,0.24979752426167623,0.14130575437159865,0.7440229489198706,0.7440229489198706,0.29890982756691675,0.2974595561287796,-0.00567820791243309,-0.005824291186353541
254,11.5,13.85604127315871,12.950243462640984,1.2611122266353965,0.744152896696746,28.47722207778046,23.369574129308393,False,False,0.2586272344259868,0.15365938571516854,0.7444032279614523,0.7444032279614523,0.29795488722763874,0.2966250148873634,-0.005773899294782761,-0.005910382606381854
254,12.0,13.367481709040312,12.460948529165941,1.26506999104372,0.7521854984611587,28.257157420035853,23.079042071702126,False,False,0.24322779300319636,0.1452573504937429,0.6864329850559795,0.6864329850559795,0.2970290458357906,0.29580928431600206,-0.0058685147340562715,-0.00599600277812941
254,12.5,7.066884443768671,6.177157092951307,0.6964544479808703,0.3322737778206306,14.027880687791413,10.302211159035092,False,False,0.12569004225002103,0.06041267462363616,0.5162815620780015,0.5162815620780015,0.2961300372846807,0.29501763274383874,-0.005962160959061666,-0.006080512258070138
254,13.0,5.963856183255934,5.4802490805098385,0.5800506339412422,0.32086394029365634,14.042170834616522,11.043779896752728,False,False,0.10641185246775979,0.058865093247920955,0.28948891503266255,0.28948891503266255,0.29534402888215416,0.2943179447584655,-0.006045498359197638,-0.006156388297210352
254,13.5,15.151798668079493,13.036547154076064,1.622514236821239,0.7971512327886376,27.648222801013656,20.45148862663426,False,False,0.2577426558492113,0.12877253016531848,1.3223779072310473,1.3223779072310473,0.2946196122787788,0.29366451662902054,-0.006123537125789539,-0.006228268544156196
254,14.0,13.81207764019788,12.021253384078111,1.5525152608119275,0.7830817619745237,27.299284841826783,19.868534789302238,False,False,0.22650172677699912,0.11461215481177978,0.8141135864395005,0.8141135864395005,0.29364766688216004,0.2928338799240023,-0.006230135283142432,-0.006321091429166363
254,14.5,13.609910301588142,11.604954891818458,1.5338716155064314,0.7854415646920807,27.37297900539907,20.493656726213395,False,False,0.22489489799529044,0.11733093883326409,1.3461710921916283,1.3461710921916283,0.2927655038533405,0.2920841821589312,-0.0063288055651853645,-0.006406287730953778
254,15.0,12.435961220112574,10.472071233747963,1.4712830335120977,0.7749028611342655,27.07898840335882,20.24106943011131,False,False,0.19940666039689742,0.10664834835121609,1.2268744424962634,1.2268744424962634,0.29183322455552235,0.29128007962714597,-0.006435111941611264,-0.0064991919334444065
254,15.5,12.060622430540782,10.244430062754995,1.4319406975172349,0.7737194075058772,27.050573134383885,20.168840194971025,False,False,0.19283591176624765,0.10567919233373244,1.2056742901937387,1.2056742901937387,0.2909387065311548,0.2905055897908983,-0.0065391183106710115,-0.006590196280269091
254,16.0,11.513350629960538,10.028675515305984,1.3352643324249729,0.7688180019666399,27.158772698274063,20.535009876477652,False,False,0.18610957852294757,0.10832597970506377,1.0061879767599318,1.0068230499652824,0.29006581137761267,0.28974643351650314,-0.006642547017318009,-0.006680876143541417
254,16.5,11.418434584875948,10.047982278033139,1.3310124442728182,0.7651405024472083,27.100165771825296,20.018457879766032,False,False,0.18348260692272828,0.10613933030197732,0.8740902511049244,0.9031671820242186,0.28924393548387894,0.2890251764845577,-0.006741716731833885,-0.006768409377268384
254,17.0,8.973672169127667,8.313900327400802,1.0011185301315648,0.7332703853989129,27.30753091313825,21.724632016493604,False,False,0.14728279858038884,0.10800144787317364,0.4767360948785376,0.5081774185359424,0.28845212569808676,0.28832902084983464,-0.006838931363322027,-0.006854195188245591
254,17.5,3.0927118346846942,3.233587251810983,0.31928948376165894,0.6156293679064085,13.850057799341613,15.926061796283953,False,False,0.05290273900705909,0.10162406399406887,0.0720404171878594,0.07845985168588826,0.2877651319066212,0.2876982064103693,-0.0069246329548130515,-0.0069330500325128774
254.0,18.0,0.0,0.0,0.0,0.0,0.0,0.0,0.0,0.0,0.0,0.0,0.0,0.0,0.28722822217738403,0.2871476398917099,-0.00699250357945479,-0.007002758237434247
254.0,18.5,0.0,0.0,0.0,0.0,0.0,0.0,0.0,0.0,0.0,0.0,0.0,0.0,0.28675232175769905,0.2866955978528113,-0.007053325553071179,-0.007060617059699557
254.0,19.0,0.0,0.0,0.0,0.0,0.0,0.0,0.0,0.0,0.0,0.0,0.0,0.0,0.2862871070273185,0.28625323357434407,-0.007113392078290903,-0.007117789429450367
254.0,19.5,0.0,0.0,0.0,0.0,0.0,0.0,0.0,0.0,0.0,0.0,0.0,0.0,0.285832149051368,0.28582017276269517,-0.0071727246719721655,-0.007174294488100394
254.0,20.0,0.0,0.0,0.0,0.0,0.0,0.0,0.0,0.0,0.0,0.0,0.0,0.0,0.2853870432327105,0.28539606200301093,-0.007231343911224489,-0.0072301505107233675
254.0,20.5,0.0,0.0,0.0,0.0,0.0,0.0,0.0,0.0,0.0,0.0,0.0,0.0,0.28495140745651093,0.2849805671453778,-0.007289269500049617,-0.0072853749736778405
254.0,21.0,0.0,0.0,0.0,0.0,0.0,0.0,0.0,0.0,0.0,0.0,0.0,0.0,0.28452488043052976,0.2845733718671822,-0.00734652032720916,-0.007339984612995828
254.0,21.5,0.0,0.0,0.0,0.0,0.0,0.0,0.0,0.0,0.0,0.0,0.0,0.0,0.28410712019207995,0.28417417638504494,-0.00740311451707686,-0.0073939954752868945
254.0,22.0,0.0,0.0,0.0,0.0,0.0,0.0,0.0,0.0,0.0,0.0,0.0,0.0,0.28369780275824663,0.2837826962948055,-0.007459069474820454,-0.007447422962529338
254.0,22.5,0.0,0.0,0.0,0.0,0.0,0.0,0.0,0.0,0.0,0.0,0.0,0.0,0.2832966209003332,0.28339866152199567,-0.007514401926947971,-0.0075002818718277265
254.0,23.0,0.0,0.0,0.0,0.0,0.0,0.0,0.0,0.0,0.0,0.0,0.0,0.0,0.2829032830268846,0.2830218153683558,-0.007569127958019335,-0.007552586430990233
254.0,23.5,0.0,0.0,0.0,0.0,0.0,0.0,0.0,0.0,0.0,0.0,0.0,0.0,0.28251751216229315,0.2826519136424085,-0.007623263044146848,-0.007604350330604422
254.0,24.0,0.0,0.0,0.0,0.0,0.0,0.0,0.0,0.0,0.0,0.0,0.0,0.0,0.2821390450100878,0.2822887238640648,-0.007676822083774104,-0.007655586753153958
255.0,0.5,0.0,0.0,0.0,0.0,0.0,0.0,0.0,0.0,0.0,0.0,0.0,0.0,0.28176763109168523,0.28193202453481575,-0.007729819426119696,-0.007706308399612366
255.0,1.0,0.0,0.0,0.0,0.0,0.0,0.0,0.0,0.0,0.0,0.0,0.0,0.0,0.2814030319527268,0.28158160446633085,-0.007782268897594036,-0.007756527513866816
255.0,1.5,0.0,0.0,0.0,0.0,0.0,0.0,0.0,0.0,0.0,0.0,0.0,0.0,0.2810450204302205,0.28123726216132516,-0.00783418382643725,-0.007806255905259092
255.0,2.0,0.0,0.0,0.0,0.0,0.0,0.0,0.0,0.0,0.0,0.0,0.0,0.0,0.28069337997460936,0.28089880524140565,-0.007885577065779277,-0.007855504969479206
255.0,2.5,0.0,0.0,0.0,0.0,0.0,0.0,0.0,0.0,0.0,0.0,0.0,0.0,0.2803479040216295,0.28056604991730866,-0.007936461015287485,-0.007904285708006187
255.0,3.0,0.0,0.0,0.0,0.0,0.0,0.0,0.0,0.0,0.0,0.0,0.0,0.0,0.2800083954094428,0.2802388204975298,-0.007986847641538916,-0.007952608746257374
255.0,3.5,0.0,0.0,0.0,0.0,0.0,0.0,0.0,0.0,0.0,0.0,0.0,0.0,0.2796746658370542,0.2799169489318324,-0.008036748497232226,-0.008000484350581835
255.0,4.0,0.0,0.0,0.0,0.0,0.0,0.0,0.0,0.0,0.0,0.0,0.0,0.0,0.27934653536046955,0.27960027438654034,-0.008086174739336668,-0.008047922444211934
255.0,4.5,0.0,0.0,0.0,0.0,0.0,0.0,0.0,0.0,0.0,0.0,0.0,0.0,0.2790238319234254,0.27928864284886723,-0.008135137146262504,-0.008094932622270706
255.0,5.0,0.0,0.0,0.0,0.0,0.0,0.0,0.0,0.0,0.0,0.0,0.0,0.0,0.27870639091985766,0.2789819067578406,-0.008183646134125026,-0.008141524165917954
255.0,5.5,0.0,0.0,0.0,0.0,0.0,0.0,0.0,0.0,0.0,0.0,0.0,0.0,0.27839405478555534,0.2786799246596334,-0.008231711772166384,-0.00818770605570755
255.0,6.0,0.0,0.0,0.0,0.0,0.0,0.0,0.0,0.0,0.0,0.0,0.0,0.0,0.2780866726166953,0.27838256088534274,-0.008279343797391758,-0.008233486984218646
255.0,6.5,0.0,0.0,0.0,0.0,0.0,0.0,0.0,0.0,0.0,0.0,0.0,0.0,0.2777840998131743,0.27808968524944977,-0.008326551628470296,-0.008278875368015757
255.0,7.0,0.0,0.0,0.0,0.0,0.0,0.0,0.0,0.0,0.0,0.0,0.01718492719278291,0.018787896447562524,0.27748619774484445,0.2778011727673645,-0.008373344378946662,-0.008323879358986713
255,7.5,8.59274148654598,8.694439001724009,0.3146434378355018,0.6213709099510685,32.51352896596016,34.497542332040425,False,False,0.3046794324709919,0.6441704920991035,0.2393754784713268,0.26165769172676145,0.27719064351576134,0.2775145091966009,-0.008420078288025485,-0.008368883928902848
255,8.0,11.361032207177825,11.433894763166334,0.4528611389768232,0.586117464222667,32.33253018314788,33.21206090034012,False,False,0.38721532211723825,0.5474468584290181,0.42374160908754877,0.4613697625475198,0.2768310891892465,0.2771218407684728,-0.008477351771620178,-0.008431002135785568
255,8.5,7.677070797506952,7.7128528855251846,0.3485869245576135,0.6684435752898504,31.862418944239536,33.57801759943423,False,False,0.23771310062423176,0.5005672255281769,0.32127163237307566,0.34930184925099544,0.27643471474123676,0.2767122317572717,-0.00854102911481426,-0.008496386596354032
255,9.0,5.249797774700133,5.209034555317327,0.26470076284119093,0.22456370675267073,15.66480481945768,15.19152976280112,False,False,0.14728071271559248,0.12950151256486853,0.2204906680027317,0.23872940878775034,0.2760688562300152,0.2763103229932395,-0.008600310451827922,-0.008561129958837876
255,9.5,11.718194758494072,11.67293588647527,0.6625791043174759,0.6269980883840144,30.820059577287672,30.33557452364719,False,False,0.3016426057590282,0.29557943769912787,0.45271677794034487,0.49053577420785793,0.2757305872187574,0.2759828771627571,-0.008655558021014646,-0.008614313004439461
255,10.0,6.3689358631224735,6.13991879294269,0.4245276833229966,0.27522683445208207,15.034200883982454,13.34647628580108,False,False,0.14616714138331882,0.09719923197912225,0.3275447923523819,0.35533186227931146,0.2753159703670793,0.2755757683518742,-0.008723852937993555,-0.00868098471558099
255,10.5,6.841791140302877,6.514797801428629,0.48575810280410764,0.2941075960035594,14.895497841195814,12.862636948704184,False,False,0.1509769985128435,0.09420816147281903,0.3941412549690507,0.42868325132260393,0.2749514836397382,0.2752343297634972,-0.008784421378407287,-0.008737376178026474
255,11.0,6.744951326002409,6.439786411824293,0.48877305074897365,0.30470496860401936,14.826848967751474,12.864655983225282,False,False,0.1460583192167281,0.09311959376883222,0.35198449827891026,0.3841100014960436,0.2745744505101894,0.274884659767296,-0.008847602673655721,-0.008795580089453811
255,11.5,5.497303274573476,5.3432792249311705,0.3952606057494331,0.28533713895158547,14.802587669341062,13.430751399511278,False,False,0.11826005454879707,0.08571808988852589,0.19210494172374656,0.21032917804209808,0.27420605140951326,0.27454275310966847,-0.008909860783360932,-0.008852938994920147
255,12.0,4.967962380681925,4.896636333896797,0.34926985310755276,0.29211377370247144,14.847428880187113,14.098382241204359,False,False,0.10818470883516278,0.0906418474097359,0.14801276148370443,0.16239551119628803,0.27387349556850643,0.27422880850538306,-0.008966510242831797,-0.008905999822376975
255,12.5,5.387515322175207,5.354487367983087,0.31621359794352505,0.28768070082158537,15.29159235630495,14.941669673091722,False,False,0.1335627154646521,0.12324878531374389,0.20019098137176558,0.2183422550970591,0.27619304538009554,0.27656139598884744,-0.008580132848945087,-0.008520616070062314
255,13.0,6.870356631789098,6.793001297482465,0.3553296457983799,0.2722181154169923,15.73538762293796,15.131845838188715,False,False,0.1976656928987901,0.16765414173787618,0.43310184071026003,0.4726870536217607,0.2758427178178176,0.2762197138098079,-0.00863719763628206,-0.008575807261637432
255,13.5,3.77640641648009,3.805858318664712,0.18208219329297504,0.2317031768203318,15.684886789068612,16.19534886856322,False,False,0.10670115605717194,0.13708163474142016,0.0876723766727521,0.09583046103988745,0.27546240536716365,0.2758520205393771,-0.008699659350352483,-0.008635676484279731
255,14.0,4.260480326637414,4.285422523834254,0.18899906033277922,0.22809030764720747,15.881681854039188,16.273436284885037,False,False,0.1294262632692873,0.1597665601253615,0.1448564368054147,0.1448564368054147,0.29347294425923387,0.29387058906128927,-0.006249531690632634,-0.006205492151630991
255,14.5,4.979423034195994,4.982045973956127,0.2071470502248265,0.20644452196150215,16.080533526326754,16.11247595575863,False,False,0.16369886963136437,0.17413811507604393,0.24477564613778668,0.24477564613778668,0.2928067420704945,0.29321310160641645,-0.0063241517594832715,-0.006278510729540995
255,15.0,3.8296867505859464,3.856236727839745,0.15042349476882894,0.19128581424991795,16.134571031980883,16.606848092069242,False,False,0.12877738596707666,0.1699727853103102,0.1419054493530019,0.1419054493530019,0.29475344997951536,0.2951737143518898,-0.006109029297804708,-0.006063738661826312
255,15.5,6.570773913979021,6.626008292103531,0.26573257485619983,0.5629430696661033,32.27088633110084,33.986475899156154,False,False,0.22103091906328434,0.5168934137670893,0.27965360162418323,0.27965360162418323,0.2940851096435915,0.2945125378344232,-0.00618188736243502,-0.006135173417411392
255,16.0,10.38822288926666,10.486694094511865,0.42841846293512076,0.6280646540496848,32.24828199350986,33.25829098391472,False,False,0.34778180783854906,0.5683431423985573,0.504915342152755,0.504915342152755,0.29341617447469337,0.2938169344538436,-0.0062558493311123346,-0.006211412819550427
255,16.5,9.488093038608817,9.534050521419736,0.46538451963348654,0.6603999862286114,31.536417675923353,31.843004675326476,False,False,0.2762598062447996,0.42577219680039113,0.6033254477153946,0.6033254477153946,0.2927252906272927,0.2931108517839275,-0.006333347628835024,-0.006289958054385773
255,17.0,9.552323993856481,9.51256157864318,0.5870562020188139,0.6508445497174211,30.41917351794054,29.1891025024781,False,False,0.2309111270932141,0.2654021586427315,0.5646909113342083,0.5646909113342083,0.29204129556571,0.29241143309919276,-0.006411202636826147,-0.006368931449465324
255,17.5,5.546817704655442,5.64453433693048,0.34301687588304597,0.6597276002744416,30.273773821290145,30.36771186312235,False,False,0.13118635688961724,0.2558553358319014,0.20412713160395834,0.20412713160395834,0.29136812713608323,0.29173886105775804,-0.006488941219109321,-0.00644599019752213
255.0,18.0,0.0,0.0,0.0,0.0,0.0,0.0,0.0,0.0,0.0,0.0,0.0,0.0,0.29079115597150285,0.29112963981491385,-0.006556465973167917,-0.006516751200486583
255.0,18.5,0.0,0.0,0.0,0.0,0.0,0.0,0.0,0.0,0.0,0.0,0.0,0.0,0.2903011737431812,0.290647219479348,-0.006614468363524274,-0.0065734415868688055
255.0,19.0,0.0,0.0,0.0,0.0,0.0,0.0,0.0,0.0,0.0,0.0,0.0,0.0,0.28982686447532213,0.290179979910638,-0.00667119870574021,-0.006628909049088024
255.0,19.5,0.0,0.0,0.0,0.0,0.0,0.0,0.0,0.0,0.0,0.0,0.0,0.0,0.2893668723014237,0.28972661054704807,-0.006726771215573664,-0.0066832638080853105
255.0,20.0,0.0,0.0,0.0,0.0,0.0,0.0,0.0,0.0,0.0,0.0,0.0,0.0,0.2889200326280372,0.28928598457434807,-0.00678128367034835,-0.006736600346362545
255.0,20.5,0.0,0.0,0.0,0.0,0.0,0.0,0.0,0.0,0.0,0.0,0.0,0.0,0.2884853374230397,0.288857125920784,-0.006834820365980151,-0.006789000204782038
255.0,21.0,0.0,0.0,0.0,0.0,0.0,0.0,0.0,0.0,0.0,0.0,0.0,0.0,0.28806190796752607,0.28843918327266543,-0.006887454447850834,-0.00684053419393839
255.0,21.5,0.0,0.0,0.0,0.0,0.0,0.0,0.0,0.0,0.0,0.0,0.0,0.0,0.2876489732349305,0.2880314094002348,-0.006939249767471449,-0.006891264160741456
255.0,22.0,0.0,0.0,0.0,0.0,0.0,0.0,0.0,0.0,0.0,0.0,0.0,0.0,0.2872458525667876,0.28763314455032013,-0.006990262375493075,-0.006941244412886335
255.0,22.5,0.0,0.0,0.0,0.0,0.0,0.0,0.0,0.0,0.0,0.0,0.0,0.0,0.2868519416670408,0.28724380298880997,-0.0070405417326681406,-0.00699052287723044
255.0,23.0,0.0,0.0,0.0,0.0,0.0,0.0,0.0,0.0,0.0,0.0,0.0,0.0,0.2864667011864268,0.28686286200799865,-0.007090131699783936,-0.007039142049087829
255.0,23.5,0.0,0.0,0.0,0.0,0.0,0.0,0.0,0.0,0.0,0.0,0.0,0.0,0.2860896473478308,0.2864898528810817,-0.0071390713527458155,-0.007087139775698638
255.0,24.0,0.0,0.0,0.0,0.0,0.0,0.0,0.0,0.0,0.0,0.0,0.0,0.0,0.28572034419413145,0.2861243533682149,-0.007187395658138504,-0.007134549907052666
256.0,0.5,0.0,0.0,0.0,0.0,0.0,0.0,0.0,0.0,0.0,0.0,0.0,0.0,0.28535839713635813,0.28576598146883697,-0.007235136036566892,-0.007181402839769273
256.0,1.0,0.0,0.0,0.0,0.0,0.0,0.0,0.0,0.0,0.0,0.0,0.0,0.0,0.28500344755179846,0.28541439018245285,-0.007282320835070691,-0.0072277259741273065
256.0,1.5,0.0,0.0,0.0,0.0,0.0,0.0,0.0,0.0,0.0,0.0,0.0,0.0,0.28465516823580683,0.2850692630910568,-0.0073289757253660465,-0.007273544100088321
256.0,2.0,0.0,0.0,0.0,0.0,0.0,0.0,0.0,0.0,0.0,0.0,0.0,0.0,0.2843132595522484,0.2847303106152585,-0.0073751240411985605,-0.007318879724903799
256.0,2.5,0.0,0.0,0.0,0.0,0.0,0.0,0.0,0.0,0.0,0.0,0.0,0.0,0.28397744615913295,0.2843972668260997,-0.007420787065420678,-0.007363753352385785
256.0,3.0,0.0,0.0,0.0,0.0,0.0,0.0,0.0,0.0,0.0,0.0,0.0,0.0,0.28364747421048114,0.284069886717767,-0.007465984275330217,-0.007408183721965591
256.0,3.5,0.0,0.0,0.0,0.0,0.0,0.0,0.0,0.0,0.0,0.0,0.0,0.0,0.28332310895457957,0.28374794386456875,-0.007510733553180994,-0.007452188014130907
256.0,4.0,0.0,0.0,0.0,0.0,0.0,0.0,0.0,0.0,0.0,0.0,0.0,0.0,0.28300413266380925,0.2834312283998503,-0.0075550513674943415,-0.007495782027619816
256.0,4.5,0.0,0.0,0.0,0.0,0.0,0.0,0.0,0.0,0.0,0.0,0.0,0.0,0.2826903428431344,0.2831195452658718,-0.007598952929780854,-0.007538980332784837
256.0,5.0,0.0,0.0,0.0,0.0,0.0,0.0,0.0,0.0,0.0,0.0,0.0,0.0,0.28238155067381693,0.282812712692734,-0.0076424523304681555,-0.0075817964047678035
256.0,5.5,0.0,0.0,0.0,0.0,0.0,0.0,0.0,0.0,0.0,0.0,0.0,0.0,0.28470845709406184,0.28514166675377334,-0.0073218142165355484,-0.007263903370038664
256.0,6.0,0.0,0.0,0.0,0.0,0.0,0.0,0.0,0.0,0.0,0.0,0.0,0.0,0.2843697562745287,0.2848048403982397,-0.00736747470360039,-0.007308882396154785
256.0,6.5,0.0,0.0,0.0,0.0,0.0,0.0,0.0,0.0,0.0,0.0,0.0,0.0,0.28403742782396557,0.2844742233923548,-0.0074126062592301,-0.0073533553295662465
256,7.0,6.683452834582672,6.75188312636175,0.17032671841786762,0.6060113960044221,33.64026021894526,35.86351499140401,False,False,0.31645466731083194,1.2837461434042439,0.18238892356333197,0.18238892356333197,0.2837111730690346,0.28414952632906904,-0.007457233767969388,-0.007397346105699549
256,7.5,8.127267020771786,8.214281869286639,0.22739720725795096,0.6159775109583192,33.634702136493644,35.74304590977226,False,False,0.38418223588730205,1.6694241323133774,0.29024267962941563,0.29024267962941563,0.28334577043477116,0.2837300156198425,-0.007507596821394576,-0.00745464765136973
256,8.0,11.846402300393526,11.962250130724044,0.3901440109119937,0.6006209760100066,33.47844805023494,34.91121305803887,False,False,0.535141510148597,1.1560904019704157,0.7019801459321918,0.7019801459321918,0.28296489850247075,0.28330090083448395,-0.007560523961060813,-0.007513809047322481
256,8.5,13.389275365757461,13.506638322382637,0.4990944678593882,0.6401613255341868,33.16188533665397,34.443473990104124,False,False,0.5693788534042089,1.0943974731139288,0.8223829395372912,0.8223829395372912,0.28251613312420787,0.2828264586414045,-0.00762345738997156,-0.007579872076937468
256,9.0,14.189623977128154,14.284902226035609,0.628187315503521,0.6253225602785735,32.950178062248796,33.87926056236245,False,False,0.5682717601164087,0.8835628867379839,1.3426400953404323,1.3426400953404323,0.2820432399071079,0.2823366103568832,-0.007690451043978641,-0.007648807753354229
256,9.5,14.385489048757076,13.516133324803713,1.188442100972362,0.7332619523272467,29.179847266773585,25.41301066369366,False,False,0.2958459888341052,0.1979974393156402,1.5941124451355997,1.5941124451355997,0.28149249768656776,0.2817871377124376,-0.007769359632085681,-0.007727025186964393
256,10.0,14.985249060101815,12.957396679421295,1.5537762780784061,0.7572221557607344,27.75600198839475,20.306152669374224,False,False,0.2578816153096014,0.12841235532557913,1.2013736515130657,1.2013736515130657,0.2808430285564388,0.28119646709501733,-0.007863656555137254,-0.0078121724809208665
256,10.5,13.985878632418478,11.64252175155982,1.6359906380635985,0.7726632041315923,27.227746561994305,20.170306852293578,False,False,0.22955009574870222,0.1147252154236092,2.2117034682915655,2.2117034682915655,0.28020159241596854,0.28065722662901327,-0.007958128609634291,-0.00789088371876624
256,11.0,15.379488486666329,12.451666385600774,1.8318681559118004,0.7940997453780672,26.91624158114243,18.16990538612489,False,False,0.24479053045481042,0.1084041080960361,1.473646551273239,1.473646551273239,0.2794253096471944,0.2799915491010961,-0.0080742760209669,-0.007989357719547662
256,11.5,15.3547564568685,12.091407542437898,1.914409128212384,0.7932440175553874,26.662970496162366,17.396400706291196,False,False,0.23839295024284768,0.10105366661965878,1.5980946172425565,1.5980946172425565,0.2787223467681124,0.27942132668790987,-0.008181199667567546,-0.008074877139067045
256,12.0,14.263779691318433,10.732020553774268,2.000419852392076,0.8017079258015266,26.137405680638707,17.066462094148196,False,False,0.2107021108507321,0.08877337141689996,2.4676975341536855,2.477426293639098,0.27799709391763205,0.27883935250401726,-0.008293286684417048,-0.0081632860978039
256,12.5,14.115006304801053,10.474458358083224,2.0201255775121556,0.7993206984842874,25.992906007808813,16.737846820871955,False,False,0.20568113861399673,0.08514305072470199,2.249215223976776,2.4023618179053776,0.2771540193325063,0.27814811430307695,-0.008425891027960179,-0.00826979657145064
256,13.0,14.849170910779586,10.988548790927164,2.056187594237378,0.8020494965322587,26.027747793115964,16.039183246020727,False,False,0.21696413266914638,0.08614332904779723,1.4035172029635143,1.5567616011502952,0.27634010575695495,0.2774704963197288,-0.00855631214330473,-0.008375819348889672
256,13.5,13.750079374315032,9.915613558917634,2.076149100405384,0.8084753793211807,25.627683909178906,16.035638131949902,False,False,0.19386407774644782,0.07839329202387915,1.836633484689252,2.08025462927673,0.2756330796151404,0.27690392529893354,-0.008671561832458374,-0.008465712294566361
256,14.0,13.086831890537436,9.570982691841202,1.9592554742300972,0.807383642296804,25.593376373181815,16.33837706955297,False,False,0.1838110853765994,0.07747452658839869,1.2987735330666852,1.5050303876142916,0.2748719193741163,0.27627335640780953,-0.008797709484653311,-0.008567114363349141
256,14.5,12.852002035518264,9.265301366323957,1.9852918352745814,0.8000076787777518,25.410433695096536,15.78268552834394,False,False,0.17759332872891131,0.07326985485129728,1.2677688479039901,1.5024264811537664,0.274197694805902,0.27571965984142344,-0.008911279062427856,-0.008657349767020496
256,15.0,11.96401744771958,8.847939515949673,1.8399328176900545,0.8043030871393809,25.39143738749268,16.308604250600276,False,False,0.1648487098613577,0.07311454616503324,0.9430112892081938,1.1455441767356482,0.27352750330843917,0.2751705708399401,-0.009025904651348976,-0.008747954805336177
256,15.5,12.693910996940367,9.31035237143931,1.9550311585129547,0.8064721644524547,25.375995359546692,15.313455868716623,False,False,0.17445943612538367,0.07284982843330008,0.97037165361946,1.2068253940133595,0.27292052651004817,0.274669658778136,-0.009131237261693586,-0.008831597198397377
256,16.0,12.057799822932148,9.065575572729202,1.849702326315847,0.7986422339454201,25.364591207517535,15.38829459636645,False,False,0.16542570172834467,0.07185778457270191,0.7407913854970453,0.9471796583087791,0.27229861345327694,0.27416382145243606,-0.009240684560354213,-0.008917030788712662
256,16.5,11.077483141163025,8.671328552052527,1.6843020287860968,0.7912307487301206,25.409945144966386,15.723712478701994,False,False,0.1520449010704839,0.07143593635619339,0.5223014612531806,0.6864522090745029,0.2717225120184569,0.2736951484568605,-0.009343466897547727,-0.008997067669218173
256,17.0,9.69343104613925,8.04527749256857,1.4507547772397655,0.7817462862060622,25.46130299801239,16.38623337314259,False,False,0.13364016572847914,0.07163620655670175,0.3342056796784685,0.4506450150180366,0.271198383591329,0.2732636469602869,-0.009438162038639014,-0.009071514502623876
256,17.5,7.744804113737364,7.035367375308237,1.114083268456172,0.7735732621608783,25.660589390315444,17.93995829770149,False,False,0.10865161520398475,0.07472792122536964,0.17874011604383133,0.24627503294549882,0.27073096241360767,0.27286633168995655,-0.009523577776264879,-0.00914071307290348
256.0,18.0,0.0,0.0,0.0,0.0,0.0,0.0,0.0,0.0,0.0,0.0,0.0,0.0,0.27032915847002387,0.27249895891812015,-0.009597739738337602,-0.009205256979982342
256.0,18.5,0.0,0.0,0.0,0.0,0.0,0.0,0.0,0.0,0.0,0.0,0.0,0.0,0.27009493537180995,0.2722643383943169,-0.009641288344429368,-0.009246761764929235
256.0,19.0,0.0,0.0,0.0,0.0,0.0,0.0,0.0,0.0,0.0,0.0,0.0,0.0,0.2698634779212889,0.27203244343802657,-0.009684554212039715,-0.009288003674572588
256.0,19.5,0.0,0.0,0.0,0.0,0.0,0.0,0.0,0.0,0.0,0.0,0.0,0.0,0.269634721772382,0.271803212125391,-0.009727542620646222,-0.009328987444550683
256.0,20.0,0.0,0.0,0.0,0.0,0.0,0.0,0.0,0.0,0.0,0.0,0.0,0.0,0.26940860515979215,0.2715765849986635,-0.00977025862209212,-0.009369717603137309
256.0,20.5,0.0,0.0,0.0,0.0,0.0,0.0,0.0,0.0,0.0,0.0,0.0,0.0,0.26918506873217907,0.2713525049033089,-0.009812707057937105,-0.009410198487789375
256.0,21.0,0.0,0.0,0.0,0.0,0.0,0.0,0.0,0.0,0.0,0.0,0.0,0.0,0.26896405540028673,0.2711309168401327,-0.009854892575103627,-0.00945043426001725
256.0,21.5,0.0,0.0,0.0,0.0,0.0,0.0,0.0,0.0,0.0,0.0,0.0,0.0,0.2687455101984031,0.27091176783077675,-0.009896819640007593,-0.009490428918766676
256.0,22.0,0.0,0.0,0.0,0.0,0.0,0.0,0.0,0.0,0.0,0.0,0.0,0.0,0.2685293801577301,0.27069500679512637,-0.009938492551339538,-0.009530186312478026
256.0,22.5,0.0,0.0,0.0,0.0,0.0,0.0,0.0,0.0,0.0,0.0,0.0,0.0,0.268315614190413,0.2704805844393483,-0.009979915451642661,-0.009569710149968748
256.0,23.0,0.0,0.0,0.0,0.0,0.0,0.0,0.0,0.0,0.0,0.0,0.0,0.0,0.26810416298312595,0.270268453153434,-0.01002109233781683,-0.009609004010267791
256.0,23.5,0.0,0.0,0.0,0.0,0.0,0.0,0.0,0.0,0.0,0.0,0.0,0.0,0.26789497889924085,0.2700585669172576,-0.010062027070662454,-0.009648071351515117
256.0,24.0,0.0,0.0,0.0,0.0,0.0,0.0,0.0,0.0,0.0,0.0,0.0,0.0,0.26768801588871916,0.2698508812142717,-0.010102723383565012,-0.00968691551902674
257.0,0.5,0.0,0.0,0.0,0.0,0.0,0.0,0.0,0.0,0.0,0.0,0.0,0.0,0.2674832294049636,0.2696453529520686,-0.010143184890409659,-0.009725539752613864
257.0,1.0,0.0,0.0,0.0,0.0,0.0,0.0,0.0,0.0,0.0,0.0,0.0,0.0,0.26728057632795504,0.26944194038912045,-0.010183415092804774,-0.009763947193234772
257.0,1.5,0.0,0.0,0.0,0.0,0.0,0.0,0.0,0.0,0.0,0.0,0.0,0.0,0.2670800148930721,0.26924060306709263,-0.010223417386685025,-0.009802140889048752
257.0,2.0,0.0,0.0,0.0,0.0,0.0,0.0,0.0,0.0,0.0,0.0,0.0,0.0,0.2668815046250604,0.26904130174818996,-0.01026319506835618,-0.009840123800934148
257.0,2.5,0.0,0.0,0.0,0.0,0.0,0.0,0.0,0.0,0.0,0.0,0.0,0.0,0.26668500627667396,0.2688439983570565,-0.010302751340037296,-0.009877898807525291
257.0,3.0,0.0,0.0,0.0,0.0,0.0,0.0,0.0,0.0,0.0,0.0,0.0,0.0,0.2664904817715643,0.268648655926803,-0.010342089314949917,-0.009915468709817025
257.0,3.5,0.0,0.0,0.0,0.0,0.0,0.0,0.0,0.0,0.0,0.0,0.0,0.0,0.2662978941510361,0.2684552385487787,-0.010381212021998187,-0.009952836235380614
257.0,4.0,0.0,0.0,0.0,0.0,0.0,0.0,0.0,0.0,0.0,0.0,0.0,0.0,0.2661072075243299,0.2682637113257514,-0.010420122410079646,-0.00999000404222925
257.0,4.5,0.0,0.0,0.0,0.0,0.0,0.0,0.0,0.0,0.0,0.0,0.0,0.0,0.26591838702212606,0.26807404032818793,-0.0104588233520616,-0.010026974722368236
257.0,5.0,0.0,0.0,0.0,0.0,0.0,0.0,0.0,0.0,0.0,0.0,0.0,0.0,0.26573139875299656,0.26788619255336543,-0.010497317648454836,-0.010063750805060305
257.0,5.5,0.0,0.0,0.0,0.0,0.0,0.0,0.0,0.0,0.0,0.0,0.0,0.0,0.2655462097625575,0.2677001358870676,-0.010535608030812832,-0.01010033475983392
257.0,6.0,0.0,0.0,0.0,0.0,0.0,0.0,0.0,0.0,0.0,0.0,0.0,0.0,0.2653627879951007,0.26751583906764836,-0.010573697164881806,-0.010136728999258904
257.0,6.5,0.0,0.0,0.0,0.0,0.0,0.0,0.0,0.0,0.0,0.0,0.007121248671691302,0.009937834057938402,0.2651811022575051,0.26733327165226456,-0.01061158765352428,-0.010172935881511724
257,7.0,7.905732639349465,7.99801284746094,0.3095293207064278,0.6435789213559236,32.2052429255049,34.22999781344626,False,False,0.2622960636295634,0.5704140673752093,0.115067751570453,0.16056994347932205,0.265000214704679,0.2671511375792077,-0.010649472502779788,-0.01020921046700361
257,7.5,10.760761235910879,10.798524686786077,0.5278782791910701,0.6362536511204175,31.38461137376973,31.768889735653424,False,False,0.3048452534585629,0.3826768310370716,0.2351131798422703,0.3267605732229525,0.2647678031414299,0.26686946583039395,-0.010698385287701392,-0.010265613338952772
257,8.0,12.373548163063825,12.237161680819494,0.7630022567830277,0.6671211517589041,30.4476287218826,29.268292862861482,False,False,0.3004083607630346,0.27504803134366046,0.36814568786601676,0.5125863897198698,0.26449391633395386,0.2665691921056186,-0.01075637086974847,-0.010326150495114834
257,8.5,13.409943158401534,12.687666316624721,1.0924610508558759,0.726024842687648,29.106489711540675,25.239304441126894,False,False,0.270254551949459,0.1870665077341236,0.49972352304716444,0.7012221401983525,0.26417473355098264,0.26624291975929437,-0.010824419389605848,-0.01039241198499192
257,9.0,13.985833627985517,12.254344966750992,1.454502225050577,0.7538754548993014,27.742825631791604,21.2311010231939,False,False,0.24311623412165823,0.13134157743424588,0.6121990194669542,0.8733132760053931,0.26379839146348033,0.26588669119321695,-0.010905314126502157,-0.010465336553001414
257,9.5,14.188034780690664,11.427827943599652,1.7502790857947597,0.7768867966075634,26.758655477938092,18.380036062769346,False,False,0.22250319056332246,0.10198616577709166,0.6874828104373188,1.0086281030115531,0.26336314560372,0.26550654577699095,-0.010999770245307858,-0.010543830732476132
257,10.0,14.021270101758429,10.323907276749416,1.9986067246017396,0.7848825865720037,25.901147998852636,16.14712961358177,False,False,0.20262601809222658,0.08176228579287662,0.7359581862271142,1.1235809484100558,0.2628821536527325,0.26510776119378754,-0.011105290282649671,-0.010626928722659032
257,10.5,13.90440696269134,9.892066965147176,2.0976162498574347,0.8016998495070824,25.574936649251583,15.710607116967067,False,False,0.19510922905980432,0.07670330445063148,0.7408626103444046,1.192512101153276,0.2623648530979896,0.26469482080490175,-0.011220124690322639,-0.010713800169745668
257,11.0,14.105163142836311,9.753142410483747,2.2012316966671963,0.8068138463345453,25.351946176519462,14.982955480875638,False,False,0.1939107811264976,0.0726554630204449,0.6731020923075453,1.154225926374446,0.2618357995761737,0.26427244083101475,-0.011339034562994923,-0.010803534245815767
257,11.5,13.574270293798786,9.269097106581397,2.1836582621751677,0.8025572916939746,25.222472501269557,15.305549461843595,False,False,0.18480912431340815,0.07019730684676179,0.6572230503657657,1.2172739081088921,0.26130364187826033,0.26385575191782595,-0.011460159978217348,-0.010892938087070083
257,12.0,13.63915543399784,8.974013448027591,2.307366383318623,0.8185637113970733,24.907112641648418,14.680672717082235,False,False,0.18076312201378436,0.06613762808442683,0.5953465181095551,1.205533739584919,0.260777188455253,0.2634330117013042,-0.011581506982737903,-0.010984542572307583
257,12.5,13.58186249334618,8.65711464653325,2.345381032139213,0.7981877422974519,24.770143846228542,14.130447081218705,False,False,0.1779024206248897,0.062282181114611146,0.501175204414634,1.1366281915271124,0.26024427396423166,0.2630111458248236,-0.01170590572886466,-0.011076874067352438
257,13.0,13.47763167176084,8.331660550411886,2.4488348534933544,0.8097226653593781,24.449186068463895,13.571449636960349,False,False,0.17208549482566476,0.05851365782657758,0.40988723199594124,1.0720125008189048,0.2597199114860999,0.2626020532062757,-0.011829865156326821,-0.011167294395380507
257,13.5,13.37838091617625,8.138107409682277,2.4833498529126565,0.8093016596137461,24.30199661572346,13.208631494798261,False,False,0.1686594223470012,0.05625258892288484,0.31185615183885146,0.9874873062742893,0.25919537252183106,0.26220109904886696,-0.011955434277414117,-0.011256770534085615
257,14.0,13.21269167580476,8.153658076307494,2.4389174081042917,0.8092868767124753,24.327511725003554,13.278051472925714,False,False,0.16692335943802053,0.05664018422340315,0.21200132519837941,0.8745793870790943,0.2586802799638992,0.26181232290413975,-0.012080290464076644,-0.011344345872105553
257,14.5,13.009328712083004,8.106860778433274,2.409850289607502,0.8178347946128065,24.278401483363993,13.209733114376052,False,False,0.1635466907633828,0.05644302646240786,0.12449595607643454,0.7583644584598053,0.25818490573156494,0.2614392692164827,-0.012201835203323252,-0.011429143803125395
257,15.0,12.789970958215967,8.198297558147967,2.3248881199194873,0.8189549641281211,24.37622372894095,13.43158683503462,False,False,0.16193499513870688,0.05780920688980001,0.051838561383066584,0.6467103725732434,0.25770569754689654,0.2610812480151541,-0.01232080242909226,-0.011511235841344634
257,15.5,12.376642064938807,7.938902050866654,2.2985432137928847,0.8179362065144211,24.21695213953012,13.137696508047686,False,False,0.15463300114480896,0.055448028989609426,0.0,0.529599188914499,0.25724786610590195,0.2607386048567781,-0.01243575577906676,-0.011590460526915723
257,16.0,11.870310665264103,7.988288722200817,2.1117942798026754,0.7933394672409059,24.458895719447277,13.438872099892206,False,False,0.15101206645546128,0.05687405649401858,0.0,0.4059223372592578,0.2568012690424479,0.2604122883718871,-0.012549121670915674,-0.011666514883432715
257,16.5,10.87827779704492,7.835535521756591,1.8798231098953482,0.7903593158566199,24.63155059868074,14.101667498179502,False,False,0.13991398988143255,0.05870335097262239,0.0,0.28553357507692284,0.2563797219847473,0.2601061209141449,-0.012657260153552929,-0.011738414367997487
257,17.0,9.631698467753074,7.433598361324346,1.6508620419556337,0.7871769890079829,24.654744381804004,14.622869125503868,False,False,0.12411350456315964,0.05879043503345961,0.0,0.18560338536630627,0.2559889689749296,0.2598169102798438,-0.012758492039879946,-0.011806817158089115
257,17.5,7.422670347650221,6.524658982512476,1.2023511177154682,0.772133080378873,24.967582446517284,16.508020129848262,False,False,0.09813490413448749,0.06238362641522584,0.0,0.09058571846301243,0.2556286080799175,0.2595420570013466,-0.012852706386415726,-0.011872264785677744
257.0,18.0,0.0,0.0,0.0,0.0,0.0,0.0,0.0,0.0,0.0,0.0,0.0,0.0,0.2553265991966559,0.2592824288596762,-0.01293230393538902,-0.011934484393663687
257.0,18.5,0.0,0.0,0.0,0.0,0.0,0.0,0.0,0.0,0.0,0.0,0.0,0.0,0.25517898871178535,0.25913392167648086,-0.01297142182785853,-0.011970248648633854
257.0,19.0,0.0,0.0,0.0,0.0,0.0,0.0,0.0,0.0,0.0,0.0,0.0,0.0,0.2550325404729022,0.258986579765095,-0.013010371115188312,-0.012005858545223503
257.0,19.5,0.0,0.0,0.0,0.0,0.0,0.0,0.0,0.0,0.0,0.0,0.0,0.0,0.2548872376431268,0.25884038645047086,-0.013049153563513471,-0.012041315662408063
257.0,20.0,0.0,0.0,0.0,0.0,0.0,0.0,0.0,0.0,0.0,0.0,0.0,0.0,0.25474306373691247,0.2586953253985179,-0.013087770909914045,-0.012076621554310149
257.0,20.5,0.0,0.0,0.0,0.0,0.0,0.0,0.0,0.0,0.0,0.0,0.0,0.0,0.25460000261030047,0.25855138060686134,-0.01312622486312369,-0.012111777750781644
257.0,21.0,0.0,0.0,0.0,0.0,0.0,0.0,0.0,0.0,0.0,0.0,0.0,0.0,0.2544580384515284,0.25840853639593275,-0.013164517104211496,-0.012146785757962927
257.0,21.5,0.0,0.0,0.0,0.0,0.0,0.0,0.0,0.0,0.0,0.0,0.0,0.0,0.2543171557719767,0.25826677740037557,-0.013202649287237926,-0.012181647058821047
257.0,22.0,0.0,0.0,0.0,0.0,0.0,0.0,0.0,0.0,0.0,0.0,0.0,0.0,0.2541773393974347,0.2581260885607508,-0.013240623039886991,-0.012216363113667894
257.0,22.5,0.0,0.0,0.0,0.0,0.0,0.0,0.0,0.0,0.0,0.0,0.0,0.0,0.2540385744596732,0.2579864551155291,-0.013278439964075675,-0.012250935360659609
257.0,23.0,0.0,0.0,0.0,0.0,0.0,0.0,0.0,0.0,0.0,0.0,0.0,0.0,0.25390084638830984,0.2578478625933556,-0.013316101636541693,-0.012285365216278408
257.0,23.5,0.0,0.0,0.0,0.0,0.0,0.0,0.0,0.0,0.0,0.0,0.0,0.0,0.25376414090295246,0.2577102968055758,-0.013353609609411118,-0.0123196540757977
257.0,24.0,0.0,0.0,0.0,0.0,0.0,0.0,0.0,0.0,0.0,0.0,0.0,0.0,0.25362844400560913,0.2575737438390096,-0.013390965410746863,-0.012353803313731626
258.0,0.5,0.0,0.0,0.0,0.0,0.0,0.0,0.0,0.0,0.0,0.0,0.0,0.0,0.2534937419733535,0.2574381900489645,-0.013428170545078645,-0.01238781428426964
258.0,1.0,0.0,0.0,0.0,0.0,0.0,0.0,0.0,0.0,0.0,0.0,0.0,0.0,0.2533600213512335,0.257303622052475,-0.013465226493915875,-0.012421688321697256
258.0,1.5,0.0,0.0,0.0,0.0,0.0,0.0,0.0,0.0,0.0,0.0,0.0,0.0,0.2532272689454134,0.2571700267217612,-0.01350213471624392,-0.012455426740803362
258.0,2.0,0.0,0.0,0.0,0.0,0.0,0.0,0.0,0.0,0.0,0.0,0.0,0.0,0.2530954718165396,0.25703739117789565,-0.013538896649004978,-0.012489030837275017
258.0,2.5,0.0,0.0,0.0,0.0,0.0,0.0,0.0,0.0,0.0,0.0,0.0,0.0,0.2529646172733203,0.2569057027846704,-0.013575513707563765,-0.012522501888080241
258.0,3.0,0.0,0.0,0.0,0.0,0.0,0.0,0.0,0.0,0.0,0.0,0.0,0.0,0.25283469286631155,0.2567749491426559,-0.013611987286159085,-0.012555841151839471
258.0,3.5,0.0,0.0,0.0,0.0,0.0,0.0,0.0,0.0,0.0,0.0,0.0,0.0,0.2527056863818986,0.2566451180834445,-0.013648318758342022,-0.012589049869186141
258.0,4.0,0.0,0.0,0.0,0.0,0.0,0.0,0.0,0.0,0.0,0.0,0.0,0.0,0.2525775858364683,0.2565161976640697,-0.013684509477400991,-0.012622129263117149
258.0,4.5,0.0,0.0,0.0,0.0,0.0,0.0,0.0,0.0,0.0,0.0,0.0,0.0,0.2524503794707618,0.25638817616159715,-0.013720560776774528,-0.012655080539333065
258.0,5.0,0.0,0.0,0.0,0.0,0.0,0.0,0.0,0.0,0.0,0.0,0.0,0.0,0.25232405574440264,0.25626104206787703,-0.013756473970452187,-0.01268790488656945
258.0,5.5,0.0,0.0,0.0,0.0,0.0,0.0,0.0,0.0,0.0,0.0,0.0,0.0,0.25219860333059163,0.2561347840844546,-0.013792250353364241,-0.012720603476918793
258.0,6.0,0.0,0.0,0.0,0.0,0.0,0.0,0.0,0.0,0.0,0.0,0.0,0.0,0.2520740111109643,0.25600939111763166,-0.013827891201760312,-0.012753177466144048
258.0,6.5,0.0,0.0,0.0,0.0,0.0,0.0,0.0,0.0,0.0,0.0,0.0,0.0,0.251950268170602,0.25588485227367314,-0.013863397773577904,-0.012785627993983858
258,7.0,7.4827329244404694,7.562645771822726,0.33570133639495664,0.56775629062292,31.68315100706824,33.344121493236884,False,False,0.2238835456607084,0.3878765133057171,0.0,0.05397278936158904,0.2518273637931939,0.25576115685415374,-0.013898771308800635,-0.012817956184449987
258,7.5,10.486899387314594,10.487233820610324,0.5900436702786057,0.6331236621585475,30.7887837654387,30.609418369057487,False,False,0.26858806594324547,0.2970972491419358,0.0,0.11430212475403445,0.2516625080993916,0.2555590656819197,-0.01394638801364957,-0.01287098315042571
258,8.0,12.231965902641464,11.967776577435256,0.8390057872774683,0.6864588454742183,29.930166798170934,27.82776498192897,False,False,0.2752348062741592,0.23316960095567674,0.0,0.17870150660049652,0.2514660585606029,0.25534177922356044,-0.014003384299749474,-0.01292828908951696
258,8.5,13.309814224146816,12.623912811468873,1.0619489643493971,0.6926707218357336,29.245998019276765,25.430540195027618,False,False,0.2730626786140201,0.1854009535042791,0.0,0.24972608107754793,0.251238690644751,0.25511030197790296,-0.014069697858855304,-0.012989672386491817
258,9.0,13.99535122625077,12.663623139490443,1.321085495566067,0.7400141188042256,28.287983394002225,22.706119307045807,False,False,0.25769587393608845,0.1490853823091003,0.0,0.28143896518438133,0.2509837100503984,0.25486978477144007,-0.014144510461530582,-0.0130538211298888
258,9.5,14.285046719151902,12.1812358333145,1.557334654351589,0.7537309668192568,27.52159727537267,20.381008562792815,False,False,0.24184509772070534,0.12126432227664735,0.0,0.3295470947761176,0.2506964947665455,0.25461998591101775,-0.014229349273555097,-0.013120845393800555
258,10.0,14.5693581647884,11.465899584923772,1.8324063176986192,0.7701276225611069,26.712275706855195,18.06863707001256,False,False,0.2278888561377238,0.09970131396711224,0.0,0.3428699373771903,0.250379951776265,0.2543630916126131,-0.014323554348494128,-0.01319020156486692
258,10.5,14.741089289277044,10.894992637298632,2.0274164940910966,0.7894324628674537,26.149116862145718,16.580411319676593,False,False,0.21810370002555424,0.0873818331665871,0.0,0.3342450098108206,0.25002912436948993,0.2541031837161417,-0.014428832243036174,-0.01326081633390682
258,11.0,14.675362257835815,10.231699377121947,2.1844921275834976,0.795549192823006,25.68385994857942,15.617112431601903,False,False,0.20832277234218957,0.07817673474151281,0.0,0.330313644487503,0.24965420571919777,0.25384267920083653,-0.014542360309435471,-0.013332045643202346
258,11.5,14.288912462696896,9.255106174012372,2.3596570543845448,0.8032158579467847,25.046055198558616,14.479010728680201,False,False,0.1919212874449588,0.06714479762219176,0.0,0.31979143289461986,0.2492600208054106,0.2535826514213767,-0.014662872013633827,-0.0134035996738039
258,12.0,14.142278672038788,9.117127220752163,2.35561591324582,0.8056515949857999,24.998140622153493,14.563220315860615,False,False,0.18895033174561432,0.06626377361077727,0.0,0.29202703075078457,0.24884425549188213,0.25332373378131834,-0.014791273065525818,-0.013475303321880145
258,12.5,13.211931513474516,8.538618896110478,2.2647349387785556,0.8069562253243048,24.866131018374684,15.193990692786212,False,False,0.1745437796262234,0.06419026783643138,0.0,0.2809018735184922,0.24842973769395774,0.253068781271071,-0.014920624726898753,-0.013546355907954142
258,13.0,13.078229530936131,8.139133174517749,2.342044443926498,0.7913473077019789,24.612604828181876,14.484391486129907,False,False,0.16935318879667297,0.059277890020990126,0.0,0.2567981785820644,0.2480275249906653,0.2528158089723727,-0.015047426916386695,-0.013617298260181975
258,13.5,12.85344622897562,7.826214091798919,2.388233523429889,0.8036611252232434,24.34164442648749,14.05654803122133,False,False,0.16254503813891613,0.05610477622541847,0.0,0.2166895529196554,0.2476161758845205,0.2525686175895507,-0.01517843977888581,-0.013687047449188033
258,14.0,12.488449224182222,7.762128078684926,2.3083159354516902,0.8087977755710031,24.294615072588783,14.09018615289087,False,False,0.1573816414148003,0.05589362906552997,0.0,0.13537591161055487,0.2471996477660518,0.2523256800184922,-0.01531248938274298,-0.013756011487297767
258,14.5,11.648745238759942,7.413568084224743,2.163927120815658,0.8040297287827192,24.28482983338632,14.574254328228246,False,False,0.14657847482464958,0.05530146734839504,0.0,0.11340408963067876,0.24679400252802677,0.25209315348985173,-0.015444394489456288,-0.013822408204743205
258,15.0,10.803786858269305,6.919606149238598,2.054908077552249,0.7887006220273801,24.10309911533944,14.531059214462601,False,False,0.1340560405931051,0.05200955261499122,0.0,0.07576158569301213,0.246407447824842,0.25186472998395987,-0.01557135345195897,-0.013888005450237814
258,15.5,10.860739773440343,7.066569592304981,2.043464101690323,0.7851592469324711,24.156462838700246,14.128360040681113,False,False,0.13514964013313394,0.052310342311243825,0.0,0.05790838923690655,0.24603546842890514,0.2516437443088565,-0.015694701058494687,-0.013951820033899281
258,16.0,10.72261725199584,7.247402784879345,1.9974124816771028,0.8029191945709743,24.19527292456884,14.093322501807009,False,False,0.13368327246772746,0.05389050898361168,0.0,0.03913910117255127,0.24566562225013935,0.25142616466911893,-0.015818497203264854,-0.014014992670193632
258,16.5,8.80029816017514,6.421244233431147,1.635198539692245,0.7857534233538811,24.1918973437625,15.007914600467732,False,False,0.10930218352579939,0.0523414413975944,0.0,0.016199255319306972,0.24530231173875838,0.25120938560049405,-0.01594124013151513,-0.014078272088001156
258,17.0,7.166789125251294,5.827869967543193,1.2800104287982002,0.7685245726912048,24.416200272174905,16.312697547673093,False,False,0.09060018266120497,0.05401003946163207,0.0,0.005196278325515326,0.24498581876850364,0.2509983816582504,-0.01604909175218885,-0.014140192905939203
258,17.5,2.7508170275573836,2.9302089118248604,0.4680035043792018,0.6698279389598271,12.329608610239912,13.760023495301839,False,False,0.03545971507265413,0.05010142491629131,0.0,7.990631688341167e-05,0.24471524056951507,0.25079163226266793,-0.016141986883315904,-0.014201180191236965
258.0,18.0,0.0,0.0,0.0,0.0,0.0,0.0,0.0,0.0,0.0,0.0,0.0,0.0,0.24454878350871911,0.2505987615843327,-0.016199453374584234,-0.014258356259060197
258.0,18.5,0.0,0.0,0.0,0.0,0.0,0.0,0.0,0.0,0.0,0.0,0.0,0.0,0.24444260306217566,0.25049190143441685,-0.016236237729219043,-0.0142901527763484
258.0,19.0,0.0,0.0,0.0,0.0,0.0,0.0,0.0,0.0,0.0,0.0,0.0,0.0,0.2443370531454923,0.2503856764721805,-0.016272902325191654,-0.014321844059096431
258.0,19.5,0.0,0.0,0.0,0.0,0.0,0.0,0.0,0.0,0.0,0.0,0.0,0.0,0.24423212677873316,0.2502800796935404,-0.016309448138333085,-0.014353430960911703
258.0,20.0,0.0,0.0,0.0,0.0,0.0,0.0,0.0,0.0,0.0,0.0,0.0,0.0,0.24412781709310732,0.2501751042049086,-0.016345876132199354,-0.014384914324868667
258.0,20.5,0.0,0.0,0.0,0.0,0.0,0.0,0.0,0.0,0.0,0.0,0.0,0.0,0.24402411732868037,0.25007074322095224,-0.016382187258276892,-0.014416294983678433
258.0,21.0,0.0,0.0,0.0,0.0,0.0,0.0,0.0,0.0,0.0,0.0,0.0,0.0,0.24392102083214334,0.2499669900624069,-0.016418382456183447,-0.014447573759855366
258.0,21.5,0.0,0.0,0.0,0.0,0.0,0.0,0.0,0.0,0.0,0.0,0.0,0.0,0.2438185210546381,0.24986383815394594,-0.016454462653864802,-0.01447875146588005
258.0,22.0,0.0,0.0,0.0,0.0,0.0,0.0,0.0,0.0,0.0,0.0,0.0,0.0,0.24371661154963645,0.2497612810221002,-0.01649042876778765,-0.014509828904359208
258.0,22.5,0.0,0.0,0.0,0.0,0.0,0.0,0.0,0.0,0.0,0.0,0.0,0.0,0.24361528597087245,0.24965931229322957,-0.01652628170312809,-0.014540806868182425
258.0,23.0,0.0,0.0,0.0,0.0,0.0,0.0,0.0,0.0,0.0,0.0,0.0,0.0,0.24351453807032597,0.2495579256915429,-0.016562022353956467,-0.01457168614067587
258.0,23.5,0.0,0.0,0.0,0.0,0.0,0.0,0.0,0.0,0.0,0.0,0.0,0.0,0.24341436169625524,0.24945711503716606,-0.01659765160341844,-0.014602467495753026
258.0,24.0,0.0,0.0,0.0,0.0,0.0,0.0,0.0,0.0,0.0,0.0,0.0,0.0,0.24331475079127818,0.24935687424425665,-0.016633170323912292,-0.014633151698062407
259.0,0.5,0.0,0.0,0.0,0.0,0.0,0.0,0.0,0.0,0.0,0.0,0.0,0.0,0.24321569939050044,0.2492571973191634,-0.016668579377262564,-0.01466373950313251
259.0,1.0,0.0,0.0,0.0,0.0,0.0,0.0,0.0,0.0,0.0,0.0,0.0,0.0,0.2431172016196886,0.24915807835862927,-0.016703879614890397,-0.014694231657514115
259.0,1.5,0.0,0.0,0.0,0.0,0.0,0.0,0.0,0.0,0.0,0.0,0.0,0.0,0.2430192516934877,0.24905951154803785,-0.01673907187798029,-0.014724628898919597
259.0,2.0,0.0,0.0,0.0,0.0,0.0,0.0,0.0,0.0,0.0,0.0,0.0,0.0,0.24292184391368168,0.24896149115970034,-0.016774156997643473,-0.014754931956359801
259.0,2.5,0.0,0.0,0.0,0.0,0.0,0.0,0.0,0.0,0.0,0.0,0.0,0.0,0.24282497266749525,0.24886401155118312,-0.0168091357950783,-0.01478514155027831
259.0,3.0,0.0,0.0,0.0,0.0,0.0,0.0,0.0,0.0,0.0,0.0,0.0,0.0,0.24272863242593626,0.24876706716367458,-0.016844009081727163,-0.014815258392683085
259.0,3.5,0.0,0.0,0.0,0.0,0.0,0.0,0.0,0.0,0.0,0.0,0.0,0.0,0.2426328177421776,0.2486706525203897,-0.01687877765943052,-0.01484528318727574
259.0,4.0,0.0,0.0,0.0,0.0,0.0,0.0,0.0,0.0,0.0,0.0,0.0,0.0,0.24253752324997715,0.24857476222501185,-0.01691344232057772,-0.014875216629578311
259.0,4.5,0.0,0.0,0.0,0.0,0.0,0.0,0.0,0.0,0.0,0.0,0.0,0.0,0.2424427436621346,0.24847939096017035,-0.016948003848255164,-0.014905059407057795
259.0,5.0,0.0,0.0,0.0,0.0,0.0,0.0,0.0,0.0,0.0,0.0,0.0,0.0,0.2423484737689849,0.2483845334859532,-0.01698246301639127,-0.014934812199248252
259.0,5.5,0.0,0.0,0.0,0.0,0.0,0.0,0.0,0.0,0.0,0.0,0.0,0.0,0.2422547084369264,0.2482901846384541,-0.01701682058989884,-0.014964475677870653
259.0,6.0,0.0,0.0,0.0,0.0,0.0,0.0,0.0,0.0,0.0,0.0,0.0,0.0,0.24216144260698338,0.24819633932835172,-0.0170510773248146,-0.014994050506950697
259.0,6.5,0.0,0.0,0.0,0.0,0.0,0.0,0.0,0.0,0.0,0.0,0.0,0.0,0.24206867129340143,0.24810299253952245,-0.01708523396843614,-0.015023537342934242
259,7.0,2.3959105480175182,2.410849902598569,0.08887131008343506,0.11485820925098406,16.226950458607305,16.70210398335209,False,False,0.08383936096289002,0.11003208350367374,0.0,0.0,0.24197638958227563,0.24801013932768362,-0.017119291259456073,-0.015052936834800733
259,7.5,10.06778336228253,10.18424908743091,0.38721691986816487,0.5860780303481264,32.42632851415341,33.76211612467672,False,False,0.3501750144743774,0.5816090609451383,0.0,0.0,0.24187326751146734,0.2479031381173347,-0.017157445016026077,-0.015086900966333514
259,8.0,12.267124625463616,12.274837121804925,0.6505068360418311,0.6422357700112302,31.368427499546026,31.19755355746264,False,False,0.3465208402154154,0.39021931945488286,0.0,0.0,0.24173260641292965,0.2477365719504927,-0.017209651179700344,-0.015139953979615763
259,8.5,13.173759867652214,12.491768335730491,1.0885533133106087,0.7037384724474295,29.05817922310497,25.310547602284025,False,False,0.26715735131789586,0.18257095723863948,0.0,0.0,0.24155886882512573,0.24756332860844177,-0.01727439513194615,-0.015195369741316337
259,9.0,13.80793018875934,12.083272117980888,1.4313184658600646,0.7386289572128492,27.786299353728467,21.215194712510637,False,False,0.24071791632567963,0.1283903437339053,0.0,0.0,0.24132978039278805,0.247382722297794,-0.01736020996731999,-0.015253398208903285
259,9.5,14.274657400562278,11.451574976652694,1.7444940747834088,0.7594407401542661,26.808583116921493,18.168065554689797,False,False,0.2247426047730136,0.09986488616520729,0.0,0.0,0.2410574785065205,0.2471981396832361,-0.01746287384494244,-0.015312977279817537
259,10.0,14.088570608639216,10.281336589305084,2.0289759457945715,0.7858734769374945,25.877275474066984,16.180485048422938,False,False,0.2032077610554629,0.08068424227862292,0.0,0.0,0.24074572933441638,0.2470113703129138,-0.017581299740644707,-0.01537354462060977
259,10.5,14.22018940703949,9.64016081635902,2.2277780808342027,0.7927782524150249,25.360434365975948,14.96407404229847,False,False,0.19600701332189083,0.07134689348057036,0.0,0.0,0.2403981849526286,0.2468216934161028,-0.017714453234987024,-0.015435347201849402
259,11.0,14.12883668589901,9.293962113773887,2.305399859400379,0.7968282415705171,25.131870211216246,14.636014582437777,False,False,0.19092597080367052,0.06757485911785463,0.0,0.0,0.2400257593838072,0.24663159308045418,-0.017858475290616998,-0.015497584995618654
259,11.5,14.220128668415159,9.045324647578447,2.376823167409629,0.7877791820977866,24.97141248259529,14.122004877326228,False,False,0.18954150754799204,0.06414659370462011,0.0,0.0,0.23964389065443595,0.24644142874537533,-0.018007600178138204,-0.01556014312767305
259,12.0,13.600627343130181,8.317330286259278,2.445467730769613,0.797697708923407,24.540182823999366,13.89877854018403,False,False,0.17504568533962622,0.0584836236735475,0.0,0.0,0.23925336438852773,0.24625286536500263,-0.018161643054689224,-0.015622471907446237
259,12.5,12.591822851721101,7.449058704521798,2.4392601817891997,0.8023568004742799,24.09040215729808,13.910856238709638,False,False,0.15619779634375608,0.05260975847452372,0.0,0.0,0.23885453048354674,0.2460634816115787,-0.018320586163201032,-0.015685371506866063
259,13.0,12.812348640858206,7.132171589238158,2.626219139156402,0.8030968106360575,23.676991516658248,12.763429497191911,False,False,0.1540081074591121,0.04777678640672867,0.0,0.0,0.2384569234046913,0.2458739435319614,-0.018480692805777903,-0.015748624702343596
259,13.5,13.254691596493426,7.345357723050989,2.6506986705426985,0.8005476708870646,23.800917563097098,12.317114185865538,False,True,0.15975046929629755,0.04830095813380639,0.0,0.0,0.23803592331415585,0.2456847464246926,-0.018652039831926055,-0.015812067437116245
259,14.0,12.662346409371807,7.18615675637262,2.5499224270498804,0.8023655187915607,23.747534930547864,12.545960637229385,False,False,0.15199656686664076,0.047805410823761406,0.0,0.0,0.23761223138211865,0.24549630537011152,-0.0188263969387927,-0.01587555956831557
259,14.5,11.967825172123103,7.2273129897043615,2.328551411689123,0.7960773000127048,23.949592428865873,13.175146463950023,False,False,0.14588391748859914,0.04976875408175686,0.0,0.0,0.23720180531975582,0.24530805986035734,-0.018997149652522267,-0.015939289336787954
259,15.0,11.022766398397987,6.934391569992229,2.1488745414331327,0.7988639608936859,23.937976571012804,13.798607125644331,False,False,0.1342444687037281,0.04983761752755646,0.0,0.0,0.2368200090784375,0.2451210389174437,-0.01915765032632091,-0.016002906610613293
259,15.5,10.176850038465261,6.544489243591373,2.023711521662835,0.7961233729677624,23.814557287176676,14.171844552752322,False,False,0.12329270918990615,0.048735381629016736,0.0,0.0,0.23646152595906114,0.24493408220036955,-0.01930982327544586,-0.016066804639834308
259,16.0,9.046091401869383,6.21066524373957,1.7625933678258252,0.7868680995789459,23.948300759435156,14.874631313579139,False,False,0.1102580142743661,0.0492499156858571,0.0,0.0,0.23611940584021496,0.2447478902100144,-0.019456395166538784,-0.016130743657300127
259,16.5,8.437103517128058,6.0825733123067565,1.6136007568861213,0.7687421211104931,24.031152230611248,14.943199336900841,False,False,0.10349234687691747,0.04913505860045094,0.0,0.0,0.23581097078340618,0.24456328933012075,-0.019589673119201432,-0.016194435799751945
259,17.0,5.897244577176646,4.92848055196547,1.0628591009154302,0.7336648766893675,24.369842946698252,17.3511205303747,False,False,0.07427738943279291,0.05093950650827983,0.0,0.0,0.23552192939791408,0.24438140622876087,-0.019715559294533645,-0.016257483507196465
259,17.5,5.3346840285982555,4.961810496535033,0.9045181035942766,0.7563879240921512,24.682841852117825,17.89540229879489,False,False,0.06889923340999972,0.056870491792812165,0.0,0.0,0.23530347488906647,0.24420439735172772,-0.01981134261937669,-0.016319122618265822
259.0,18.0,0.0,0.0,0.0,0.0,0.0,0.0,0.0,0.0,0.0,0.0,0.0,0.0,0.23510559985486576,0.2440248933939506,-0.01989858158810851,-0.016381915157417794
259.0,18.5,0.0,0.0,0.0,0.0,0.0,0.0,0.0,0.0,0.0,0.0,0.0,0.0,0.23502338909003773,0.24394217503291507,-0.01993496113626233,-0.016410947859592316
259.0,19.0,0.0,0.0,0.0,0.0,0.0,0.0,0.0,0.0,0.0,0.0,0.0,0.0,0.23494157474264102,0.2438598500890251,-0.019971243964226268,-0.016439903367665043
259.0,19.5,0.0,0.0,0.0,0.0,0.0,0.0,0.0,0.0,0.0,0.0,0.0,0.0,0.23486015421227974,0.2437779150500995,-0.020007430283980096,-0.016468782197194182
259.0,20.0,0.0,0.0,0.0,0.0,0.0,0.0,0.0,0.0,0.0,0.0,0.0,0.0,0.23477912488907807,0.24369636644926032,-0.02004352032205539,-0.01649758485839346
259.0,20.5,0.0,0.0,0.0,0.0,0.0,0.0,0.0,0.0,0.0,0.0,0.0,0.0,0.23469848415552305,0.24361520086417626,-0.02007951431874274,-0.016526311856205744
259.0,21.0,0.0,0.0,0.0,0.0,0.0,0.0,0.0,0.0,0.0,0.0,0.0,0.0,0.23461822938820362,0.2435344149163225,-0.02011541252733382,-0.016554963690374788
259.0,21.5,0.0,0.0,0.0,0.0,0.0,0.0,0.0,0.0,0.0,0.0,0.0,0.0,0.23453835795945163,0.24345400527025474,-0.020151215213397043,-0.016583540855516235
259.0,22.0,0.0,0.0,0.0,0.0,0.0,0.0,0.0,0.0,0.0,0.0,0.0,0.0,0.2344588672388893,0.24337396863289823,-0.020186922654085036,-0.016612043841187342
259.0,22.5,0.0,0.0,0.0,0.0,0.0,0.0,0.0,0.0,0.0,0.0,0.0,0.0,0.23437975459488775,0.24329430175285133,-0.020222535137472984,-0.01664047313195529
259.0,23.0,0.0,0.0,0.0,0.0,0.0,0.0,0.0,0.0,0.0,0.0,0.0,0.0,0.23430101739594109,0.24321500141970237,-0.020258052961926093,-0.01666882920746479
259.0,23.5,0.0,0.0,0.0,0.0,0.0,0.0,0.0,0.0,0.0,0.0,0.0,0.0,0.23422265301196,0.24313606446336083,-0.02029347643549539,-0.01669711254250425
259.0,24.0,0.0,0.0,0.0,0.0,0.0,0.0,0.0,0.0,0.0,0.0,0.0,0.0,0.23414465881548935,0.2430574877534013,-0.020328805875340143,-0.016725323607070953
260.0,0.5,0.0,0.0,0.0,0.0,0.0,0.0,0.0,0.0,0.0,0.0,0.0,0.0,0.2340670321828531,0.24297926819842072,-0.02036404160717617,-0.01675346286643519
260.0,1.0,0.0,0.0,0.0,0.0,0.0,0.0,0.0,0.0,0.0,0.0,0.0,0.0,0.23398977049523015,0.2429014027454083,-0.020399183964748702,-0.016781530781203386
260.0,1.5,0.0,0.0,0.0,0.0,0.0,0.0,0.0,0.0,0.0,0.0,0.0,0.0,0.23391287113966464,0.24282388837912788,-0.020434233289328935,-0.016809527807379952
260.0,2.0,0.0,0.0,0.0,0.0,0.0,0.0,0.0,0.0,0.0,0.0,0.0,0.0,0.23383633151001468,0.24274672212151202,-0.020469189929232835,-0.016837454396428555
260.0,2.5,0.0,0.0,0.0,0.0,0.0,0.0,0.0,0.0,0.0,0.0,0.0,0.0,0.2337601490078411,0.2426699010310684,-0.020504054239361965,-0.016865310995332002
260.0,3.0,0.0,0.0,0.0,0.0,0.0,0.0,0.0,0.0,0.0,0.0,0.0,0.0,0.2336843210432407,0.24259342220229765,-0.020538826580764558,-0.016893098046651317
260.0,3.5,0.0,0.0,0.0,0.0,0.0,0.0,0.0,0.0,0.0,0.0,0.0,0.0,0.23360884503562598,0.24251728276512244,-0.020573507320216573,-0.016920815988583915
260.0,4.0,0.0,0.0,0.0,0.0,0.0,0.0,0.0,0.0,0.0,0.0,0.0,0.0,0.23353371841445425,0.24244147988432743,-0.020608096829821707,-0.016948465255020747
260.0,4.5,0.0,0.0,0.0,0.0,0.0,0.0,0.0,0.0,0.0,0.0,0.0,0.0,0.2334589386199089,0.24236601075901038,-0.02064259548662929,-0.016976046275602518
260.0,5.0,0.0,0.0,0.0,0.0,0.0,0.0,0.0,0.0,0.0,0.0,0.0,0.0,0.23338450310353476,0.24229087262204344,-0.020677003672269764,-0.017003559475775178
260.0,5.5,0.0,0.0,0.0,0.0,0.0,0.0,0.0,0.0,0.0,0.0,0.0,0.0,0.23331040932883046,0.24221606273954518,-0.020711321772606574,-0.01703100527684422
260.0,6.0,0.0,0.0,0.0,0.0,0.0,0.0,0.0,0.0,0.0,0.0,0.0,0.0,0.23323665477179947,0.24214157841036218,-0.020745550177403982,-0.017058384096028445
260.0,6.5,0.0,0.0,0.0,0.0,0.0,0.0,0.0,0.0,0.0,0.0,0.0,0.0,0.23316323692146243,0.24206741696556083,-0.020779689280010092,-0.017085696346512653
260,7.0,2.1824092480195043,2.2034647855701186,0.07405435887751073,0.12346412925749421,16.374903174563435,17.184701811252474,False,False,0.0816852667771266,0.13833592168186104,0.0,0.0,0.2330901532803322,0.24199357576792882,-0.020813739477054404,-0.017112942437499525
260,7.5,9.340060356157988,9.45912380489056,0.32983374921330466,0.5666624773530162,32.693510781511506,34.23238664691743,False,False,0.3450186558667705,0.6437982481060807,0.0,0.0,0.23300796441150115,0.24190431883338015,-0.020852111316310384,-0.017145945800548748
260,8.0,11.844834122336223,11.875980626467452,0.6063494638635796,0.6333478716280725,31.3576782429525,31.345306857447966,False,False,0.33395457342663015,0.3758638292589285,0.0,0.0,0.23289351011849874,0.24175889896402958,-0.020905687552053822,-0.0171998783703089
260,8.5,12.755179119918788,12.213949250513064,1.0018509536758768,0.6730460392229192,29.269029292384246,25.54994231077578,False,False,0.26246342613988244,0.18160333907045056,0.0,0.0,0.2327441454623998,0.24160529371003625,-0.0209758522766449,-0.017257066356565293
260,9.0,13.757264103815007,12.000312995761192,1.4353138278349005,0.7263300860732317,27.730917401887723,20.956118750043384,False,False,0.23842242417391712,0.12410816169910766,0.0,0.0,0.23254470533174013,0.24144693961378458,-0.0210699781384463,-0.017316259688542154
260,9.5,14.08806349950795,11.299540273667471,1.7171621702713333,0.7518526133270479,26.85262559671777,18.39626170030158,False,False,0.22262097664282482,0.0997558148464154,0.0,0.0,0.23229034981852142,0.24128210290305105,-0.021190752561652027,-0.017378133403046624
260,10.0,14.094321885896576,10.039343703108665,2.062766535600284,0.7779582082552428,25.770025128742247,15.84901849995991,False,False,0.20132692676823183,0.07759533613274297,0.0,0.0,0.23200039725568988,0.24111431884880935,-0.021329436912146983,-0.01744138415924683
260,10.5,13.841324038636941,8.858821843677656,2.306756812857677,0.7714397729201324,24.98308005428973,14.125237810205672,False,False,0.18459697542509354,0.06294310461427814,0.0,0.0,0.23166672077297454,0.2409435107207594,-0.021490375028045905,-0.017506056878458947
260,11.0,13.49518977043343,8.34156669251141,2.392474091966028,0.7897384296125265,24.618154703013676,13.947292564767931,False,False,0.1745507505057101,0.058806774137259404,0.0,0.0,0.23130226714620722,0.24077383348969866,-0.021667813608161154,-0.0175705844976789
260,11.5,13.890445515114447,8.204557902538898,2.55473912106012,0.7954669452968973,24.35363857534169,13.20010697777188,False,True,0.1760693464772572,0.05569983119407187,0.0,0.0,0.2309272034315586,0.24060212227174677,-0.021852243451288063,-0.017636174351435514
260,12.0,12.935307093305822,7.508220562491963,2.5097782229861867,0.794543564813107,24.066422313845926,13.46316060981525,False,False,0.16024496811262734,0.05186651505015631,0.0,0.0,0.2305317729005497,0.24042997656955284,-0.02204871748391447,-0.017702223210279047
260,12.5,12.377176087799024,7.150092980261988,2.4648596551933375,0.7919575213916844,23.924533839760166,13.72520326637751,False,False,0.15159230032551774,0.049875558110090285,0.0,0.0,0.2301423809675534,0.24025824173414512,-0.022244251356890104,-0.017768408303041456
260,13.0,12.099649803071813,6.810040827906505,2.511480953091486,0.7939628705282152,23.66158355334408,13.425910162023396,False,False,0.14529090864764554,0.04702282431799892,0.0,0.0,0.22975902034405515,0.24008712735107124,-0.02243877821132031,-0.017834647724248198
260,13.5,11.925120457799089,6.599805974995103,2.5548820357794906,0.8051296433007546,23.442600314837037,13.099708056621676,False,False,0.1407354684234671,0.04520261215009917,0.0,0.0,0.22937002401553777,0.2399160460601803,-0.022638240139338763,-0.017901168677058637
260,14.0,11.500494601738442,6.131478095833037,2.5973228074680974,0.792758577220087,23.09670700335697,12.58297719421177,False,False,0.1322908849384795,0.0410065498721527,0.0,0.0,0.2289758005607989,0.2397438281551648,-0.02284254143062914,-0.01796843036636296
260,14.5,11.32581457670894,6.198558051701463,2.5168330147724616,0.7918881650772689,23.182411147867843,12.657939808945827,False,False,0.131021962549475,0.041745877415058016,0.0,0.0,0.2285764706198225,0.23957347091313727,-0.02305173271815114,-0.01803526181620752
260,15.0,10.824557062113884,5.9465544291596,2.4641390037739885,0.790817050314741,23.003956445816563,12.509543269943443,False,False,0.12356981877846704,0.03998782753543887,0.0,0.0,0.22818769788425292,0.2394035065833095,-0.0232575900183828,-0.018102234477133505
260,15.5,10.230019842516485,5.797778561032594,2.3553751660688347,0.7980514239541756,22.905673406856046,12.51577468104372,False,False,0.11584838061938793,0.03936893948707025,0.0,0.0,0.22780593860522894,0.23923395857590227,-0.023461868575274363,-0.0181693385282306
260,16.0,9.540742176659752,5.736487524213198,2.1500278133258615,0.7868994817425613,23.05340950861536,12.81265688381177,False,False,0.10882542267410925,0.03979867698182199,0.0,0.0,0.22743833629384547,0.23906376635767865,-0.023660595208954232,-0.01823699583122692
260,16.5,8.456568759705998,5.635861853547528,1.8403981206486815,0.7863797182265055,23.242910268253503,13.588022173997523,False,False,0.09778761706790337,0.04159497046413691,0.0,0.0,0.22709719726028005,0.23889527083023349,-0.023846812322231712,-0.01830427454732863
260,17.0,6.834636475464136,5.074879350886308,1.4550847255241839,0.7523140488117048,23.340906051206254,14.360943976471738,False,False,0.07959939522718347,0.04077365895348904,0.0,0.0,0.22679580891926066,0.23872711501099922,-0.024012785209180952,-0.018371712658015397
260,17.5,3.837335531586347,3.787836336259154,0.768756299751201,0.7381854032230755,11.83853931996136,11.46779261683046,False,False,0.04581910065967065,0.043388615120142936,0.0,0.0,0.22654381429773596,0.23856357167699774,-0.024152614582897663,-0.018437585105325976
260.0,18.0,0.0,0.0,0.0,0.0,0.0,0.0,0.0,0.0,0.0,0.0,0.0,0.0,0.2263795710322764,0.23840209814925645,-0.024244273894942683,-0.018502900145530056
260.0,18.5,0.0,0.0,0.0,0.0,0.0,0.0,0.0,0.0,0.0,0.0,0.0,0.0,0.22631358159356102,0.23833496097248258,-0.024281217323230526,-0.018530137834279592
260.0,19.0,0.0,0.0,0.0,0.0,0.0,0.0,0.0,0.0,0.0,0.0,0.0,0.0,0.2262478796771945,0.2382680891194817,-0.024318066440101423,-0.018557315384259088
260.0,19.5,0.0,0.0,0.0,0.0,0.0,0.0,0.0,0.0,0.0,0.0,0.0,0.0,0.22618246372525208,0.23820148060827498,-0.024354821387233386,-0.018584433134380334
260.0,20.0,0.0,0.0,0.0,0.0,0.0,0.0,0.0,0.0,0.0,0.0,0.0,0.0,0.22611733216949972,0.23813513347841664,-0.024391482318904024,-0.018611491420550887
260.0,20.5,0.0,0.0,0.0,0.0,0.0,0.0,0.0,0.0,0.0,0.0,0.0,0.0,0.22605248343248435,0.23806904579068916,-0.024428049401417323,-0.018638490575709737
260.0,21.0,0.0,0.0,0.0,0.0,0.0,0.0,0.0,0.0,0.0,0.0,0.0,0.0,0.22598791592857378,0.23800321562680432,-0.02446452281255166,-0.018665430929862496
260.0,21.5,0.0,0.0,0.0,0.0,0.0,0.0,0.0,0.0,0.0,0.0,0.0,0.0,0.2259236280649472,0.23793764108910886,-0.024500902741028806,-0.018692312810116095
260.0,22.0,0.0,0.0,0.0,0.0,0.0,0.0,0.0,0.0,0.0,0.0,0.0,0.0,0.22585961824253958,0.23787232030029584,-0.02453718938600293,-0.018719136540712868
260.0,22.5,0.0,0.0,0.0,0.0,0.0,0.0,0.0,0.0,0.0,0.0,0.0,0.0,0.22579588485694072,0.23780725140312017,-0.02457338295656888,-0.018745902443064285
260.0,23.0,0.0,0.0,0.0,0.0,0.0,0.0,0.0,0.0,0.0,0.0,0.0,0.0,0.2257324262992518,0.2377424325601197,-0.02460948367128908,-0.018772610835784045
260.0,23.5,0.0,0.0,0.0,0.0,0.0,0.0,0.0,0.0,0.0,0.0,0.0,0.0,0.2256692409569008,0.23767786195334073,-0.024645491757738204,-0.018799262034720828
260.0,24.0,0.0,0.0,0.0,0.0,0.0,0.0,0.0,0.0,0.0,0.0,0.0,0.0,0.225606327214418,0.2376135377840682,-0.02468140745206557,-0.018825856352990444
261.0,0.5,0.0,0.0,0.0,0.0,0.0,0.0,0.0,0.0,0.0,0.0,0.0,0.0,0.22554368345417453,0.2375494582725605,-0.024717230998573453,-0.01885239410100766
261.0,1.0,0.0,0.0,0.0,0.0,0.0,0.0,0.0,0.0,0.0,0.0,0.0,0.0,0.2254813080570841,0.23748562165778875,-0.02475296264931212,-0.018878875586517394
261.0,1.5,0.0,0.0,0.0,0.0,0.0,0.0,0.0,0.0,0.0,0.0,0.0,0.0,0.22541919940327068,0.2374220261971804,-0.02478860266368984,-0.018905301114625687
261.0,2.0,0.0,0.0,0.0,0.0,0.0,0.0,0.0,0.0,0.0,0.0,0.0,0.0,0.22535735587270259,0.23735867016636722,-0.02482415130809797,-0.01893167098783001
261.0,2.5,0.0,0.0,0.0,0.0,0.0,0.0,0.0,0.0,0.0,0.0,0.0,0.0,0.22529577584579483,0.23729555185893753,-0.024859608855550372,-0.01895798550604926
261.0,3.0,0.0,0.0,0.0,0.0,0.0,0.0,0.0,0.0,0.0,0.0,0.0,0.0,0.2252344577039816,0.23723266958619246,-0.024894975585336494,-0.018984244966653328
261.0,3.5,0.0,0.0,0.0,0.0,0.0,0.0,0.0,0.0,0.0,0.0,0.0,0.0,0.22517339983025886,0.2371700216769063,-0.024930251782687887,-0.01901044966449217
261.0,4.0,0.0,0.0,0.0,0.0,0.0,0.0,0.0,0.0,0.0,0.0,0.0,0.0,0.22511260060969984,0.23710760647709084,-0.02496543773845739,-0.019036599891924567
261.0,4.5,0.0,0.0,0.0,0.0,0.0,0.0,0.0,0.0,0.0,0.0,0.0,0.0,0.22505205842994302,0.2370454223497636,-0.025000533748810994,-0.019062695938846436
261.0,5.0,0.0,0.0,0.0,0.0,0.0,0.0,0.0,0.0,0.0,0.0,0.0,0.0,0.22499177168165557,0.23698346767472003,-0.025035540114930935,-0.01908873809271869
261.0,5.5,0.0,0.0,0.0,0.0,0.0,0.0,0.0,0.0,0.0,0.0,0.0,0.0,0.22493173875897138,0.23692174084830891,-0.025070457142730943,-0.019114726638594814
261.0,6.0,0.0,0.0,0.0,0.0,0.0,0.0,0.0,0.0,0.0,0.0,0.0,0.0,0.2248719580599063,0.2368602402832122,-0.025105285142582055,-0.019140661859147996
261.0,6.5,0.0,0.0,0.0,0.0,0.0,0.0,0.0,0.0,0.0,0.0,0.0,0.0,0.22481242798675113,0.23679896440822804,-0.025140024429049022,-0.01916654403469772
261,7.0,5.9797102070103305,6.079476230626186,0.3524215157471312,0.6112555600324583,15.244546523871685,16.52419048083613,False,False,0.14610157870040538,0.2552203205941301,0.0,0.0,0.22475314694644222,0.23673791166805722,-0.025174675320637475,-0.0191923734432364
261,7.5,9.157445208402171,9.116894988315646,0.6185739165682681,0.6156846792968005,29.93482534714034,28.97425705156148,False,False,0.20619004066556323,0.2071278416172475,0.0,0.0,0.22464920329490626,0.23659918652341172,-0.02523556981971962,-0.019251217837029055
261,8.0,11.541233078902781,11.116152013470991,0.9309606858533896,0.6674410260514654,29.096530307133342,25.70673219442427,False,False,0.2323007855904085,0.16873403864004985,0.0,0.0,0.2245115889631653,0.23646011703484035,-0.025316460203479302,-0.0193104241866808
261,8.5,12.807814333324528,11.50086034234078,1.2721220533497255,0.7033503193219953,28.021338226535153,21.82547914890916,False,False,0.22692360288658725,0.12728785800217074,0.0,0.0,0.22433441060273793,0.23631467065299833,-0.02542106191891995,-0.01937257763781652
261,9.0,13.538959957449325,11.119477177933696,1.6070091390935595,0.735902458674334,27.03691625949914,18.806022696460154,False,False,0.21617615198342902,0.1003803586666751,0.0,0.0,0.2241139998233768,0.23616486531832526,-0.025551906630810212,-0.019436843136355467
261,9.5,13.809322749647922,10.010306444602858,1.9736705694720185,0.7605804779844505,25.901109762192647,16.075175970707576,False,False,0.19943664545483264,0.07795192534967116,0.0,0.0,0.2238511546248147,0.23601112736343424,-0.02570899265663625,-0.019503059981792643
261,10.0,13.767968040867691,8.953113282292135,2.255650004085973,0.7734714081268272,25.087291456952073,14.42518592449969,False,False,0.18507728632758697,0.06432621384552079,0.0,0.0,0.22354182438014455,0.2358544587452137,-0.025895336205713,-0.01957081580198084
261,10.5,13.485172503289323,8.036373915003555,2.4602207420153976,0.7792720604614084,24.443306124418193,13.543545947070266,False,False,0.17190405638283335,0.05522710212771503,0.0,0.0,0.22319679883624982,0.23569636007561623,-0.02610508485134173,-0.019639474595782132
261,11.0,13.07959817429601,7.418670878201986,2.5502587115215833,0.781746387248799,24.045065567287264,13.251425998404972,False,False,0.1615488075235871,0.050303761879479006,0.0,0.0,0.22282594090265484,0.2355377334531467,-0.026332798953152926,-0.019708651292609906
261,11.5,12.529246796320656,6.780514081202264,2.6103285833559875,0.7817747211950178,23.639458502111648,13.06893732256605,False,False,0.1500029467560615,0.04566854378201893,0.0,0.0,0.22244384433285727,0.2353790013395133,-0.026569893581340622,-0.019778164797489277
261,12.0,11.812961930138147,6.227313304404788,2.6158318846764947,0.7865010278412896,23.261940670079287,13.110262407462743,False,False,0.13745649341521982,0.04200938728094489,0.0,0.0,0.22205432658853075,0.23522047402712248,-0.026814215919636706,-0.019847880367554527
261,12.5,11.289806392569472,5.842507602826311,2.62234693932778,0.7942209964920424,22.963843133618987,13.111753148800254,False,False,0.12852915576266954,0.03956810559005376,0.0,0.0,0.22166433980217934,0.23506155144671048,-0.02706151886424524,-0.019918063850827977
261,13.0,10.852040346489858,5.471934050804938,2.649386076553714,0.7969851225827511,22.646461083786242,12.927609264091394,False,False,0.12077510020092594,0.036868215312406374,0.0,0.0,0.22127375362333868,0.2349018507276699,-0.027311930550686068,-0.01998888904728358
261,13.5,10.506451545548504,5.225902711109432,2.6362016000578103,0.7866766643788493,22.466253742599818,12.742598631459794,False,False,0.11545099070189008,0.034916535501350376,0.0,0.0,0.2208799512074658,0.2347420020403375,-0.02756720430927053,-0.02006008055070068
261,14.0,9.927409727836775,4.964703365965502,2.5955324209750534,0.8010256342048094,22.190800551169737,12.779580742016421,False,False,0.1070218310174109,0.0333901279888562,0.0,0.0,0.22048805697349885,0.23458366990732243,-0.02782406828075104,-0.02013089464243949
261,14.5,9.816681507260478,4.976453276689419,2.547294096909715,0.7969355148020975,22.224891865386077,12.672327719386747,False,False,0.10601146540283235,0.03343649622745165,0.0,0.0,0.22010157199965347,0.23442371082368693,-0.028080184504500817,-0.02020273904932474
261,15.0,9.447619797841746,4.88364109162865,2.4518745230174206,0.7850727604623987,22.213598907474097,12.6354231488541,False,False,0.10191799159822174,0.03280974794308922,0.0,0.0,0.21972145948230537,0.23426447320672167,-0.028334822281142535,-0.020274563052980178
261,15.5,8.954940608146927,4.797857950693925,2.3344269215650497,0.7899211990049964,22.191713911296723,12.710599023119254,False,False,0.09619979895461535,0.03262979850337972,0.0,0.0,0.21935373051090326,0.23410694623047298,-0.028583786758394097,-0.0203459150244269
261,16.0,8.384995975285316,4.751621288137068,2.167523976948696,0.7901291029449651,22.221702414385128,12.85845828168079,False,False,0.09025986922066404,0.03287645397378561,0.0,0.0,0.219001190840908,0.23394899903916283,-0.0288249184120507,-0.020417757922502312
261,16.5,7.422708672545606,4.613876599940813,1.8836818489848761,0.7831672047599207,22.315378998245556,13.267130975126292,False,False,0.080411084323564,0.0333025553730982,0.0,0.0,0.21867014137736276,0.2337912216995945,-0.02905356069506139,-0.02048982553438053
261,17.0,5.909873794492951,4.234587408260918,1.4810678662995365,0.7721678415893336,22.372186739352784,14.155463128114715,False,False,0.06427099641803867,0.03328621241415694,0.0,0.0,0.21837548268862983,0.23363452660246325,-0.029258889017716363,-0.020561698979875878
261,17.5,3.251053556206143,3.180280468913668,0.7743250017649008,0.734461558793738,11.326653381764414,10.999050414839369,False,False,0.03604861284414082,0.03381299466629718,0.0,0.0,0.21813234889415606,0.23347942698814161,-0.029429615927823588,-0.020633136613157476
261.0,18.0,0.0,0.0,0.0,0.0,0.0,0.0,0.0,0.0,0.0,0.0,0.0,0.0,0.21797949468371614,0.23332932494076905,-0.029537556866340745,-0.02070255415948981
261.0,18.5,0.0,0.0,0.0,0.0,0.0,0.0,0.0,0.0,0.0,0.0,0.0,0.0,0.2179255309428729,0.2332730086858994,-0.02957577701687678,-0.0207286704445463
261.0,19.0,0.0,0.0,0.0,0.0,0.0,0.0,0.0,0.0,0.0,0.0,0.0,0.0,0.2178717819892701,0.23321688251048484,-0.029613903630280502,-0.02075473764623878
261.0,19.5,0.0,0.0,0.0,0.0,0.0,0.0,0.0,0.0,0.0,0.0,0.0,0.0,0.2178182465376558,0.23316094519651656,-0.029651937023013147,-0.0207807560027987
261.0,20.0,0.0,0.0,0.0,0.0,0.0,0.0,0.0,0.0,0.0,0.0,0.0,0.0,0.21776492330696576,0.23310519553738515,-0.029689877514650635,-0.020806725750623006
261.0,20.5,0.0,0.0,0.0,0.0,0.0,0.0,0.0,0.0,0.0,0.0,0.0,0.0,0.21771181102053666,0.23304963233774106,-0.029727725427694633,-0.020832647124293186
261.0,21.0,0.0,0.0,0.0,0.0,0.0,0.0,0.0,0.0,0.0,0.0,0.0,0.0,0.21765890840630797,0.23299425441335736,-0.02976548108739069,-0.020858520356594183
261.0,21.5,0.0,0.0,0.0,0.0,0.0,0.0,0.0,0.0,0.0,0.0,0.0,0.0,0.21760621419701207,0.23293906059099437,-0.02980314482155313,-0.020884345678533006
261.0,22.0,0.0,0.0,0.0,0.0,0.0,0.0,0.0,0.0,0.0,0.0,0.0,0.0,0.2175537271303549,0.2328840497082664,-0.02984071696039595,-0.020910123319357148
261.0,22.5,0.0,0.0,0.0,0.0,0.0,0.0,0.0,0.0,0.0,0.0,0.0,0.0,0.21750144594918513,0.23282922061351058,-0.029878197836370537,-0.020935853506572562
261.0,23.0,0.0,0.0,0.0,0.0,0.0,0.0,0.0,0.0,0.0,0.0,0.0,0.0,0.2174493694016547,0.23277457216565745,-0.029915587784008622,-0.020961536465961727
261.0,23.5,0.0,0.0,0.0,0.0,0.0,0.0,0.0,0.0,0.0,0.0,0.0,0.0,0.2173974962413692,0.23272010323410353,-0.029952887139771713,-0.020987172421601287
261.0,24.0,0.0,0.0,0.0,0.0,0.0,0.0,0.0,0.0,0.0,0.0,0.0,0.0,0.21734582522752974,0.2326658126985859,-0.029990096241905604,-0.021012761595879375
262.0,0.5,0.0,0.0,0.0,0.0,0.0,0.0,0.0,0.0,0.0,0.0,0.0,0.0,0.2172943551250658,0.2326116994490586,-0.030027215430300624,-0.021038304209512936
262.0,1.0,0.0,0.0,0.0,0.0,0.0,0.0,0.0,0.0,0.0,0.0,0.0,0.0,0.21724308470476048,0.2325577623855704,-0.03006424504635679,-0.0210638004815648
262.0,1.5,0.0,0.0,0.0,0.0,0.0,0.0,0.0,0.0,0.0,0.0,0.0,0.0,0.21719201274336705,0.23250400041814528,-0.03010118543285419,-0.021089250629460276
262.0,2.0,0.0,0.0,0.0,0.0,0.0,0.0,0.0,0.0,0.0,0.0,0.0,0.0,0.2171411380237186,0.2324504124666636,-0.03013803693382812,-0.021114654869003907
262.0,2.5,0.0,0.0,0.0,0.0,0.0,0.0,0.0,0.0,0.0,0.0,0.0,0.0,0.21709045933482998,0.23239699746074588,-0.030174799894448958,-0.021140013414395722
262.0,3.0,0.0,0.0,0.0,0.0,0.0,0.0,0.0,0.0,0.0,0.0,0.0,0.0,0.21703997547199308,0.23234375433963783,-0.030211474660906533,-0.021165326478247447
262.0,3.5,0.0,0.0,0.0,0.0,0.0,0.0,0.0,0.0,0.0,0.0,0.0,0.0,0.21698968523686527,0.23229068205209702,-0.030248061580298836,-0.0211905942715984
262.0,4.0,0.0,0.0,0.0,0.0,0.0,0.0,0.0,0.0,0.0,0.0,0.0,0.0,0.2169395874375516,0.23223777955628136,-0.030284561000524943,-0.021215817003931377
262.0,4.5,0.0,0.0,0.0,0.0,0.0,0.0,0.0,0.0,0.0,0.0,0.0,0.0,0.21688968088868069,0.23218504581963909,-0.030320973270182173,-0.02124099488318805
262.0,5.0,0.0,0.0,0.0,0.0,0.0,0.0,0.0,0.0,0.0,0.0,0.0,0.0,0.21683996441147502,0.23213247981880056,-0.030357298738466876,-0.021266128115784422
262.0,5.5,0.0,0.0,0.0,0.0,0.0,0.0,0.0,0.0,0.0,0.0,0.0,0.0,0.21679043683381555,0.23208008053947105,-0.030393537755079233,-0.021291216906626033
262.0,6.0,0.0,0.0,0.0,0.0,0.0,0.0,0.0,0.0,0.0,0.0,0.0,0.0,0.21674109699030075,0.2320278469763259,-0.03042969067013183,-0.021316261459122764
262.0,6.5,0.0,0.0,0.0,0.0,0.0,0.0,0.0,0.0,0.0,0.0,0.0,0.0,0.21669194372230086,0.23197577813290626,-0.03046575783406132,-0.021341261975203918
262,7.0,2.6945684043776965,2.6988082013888386,0.11665279863501632,0.12121810106250033,15.971876995856615,16.073886106180854,False,False,0.08477684965722018,0.0898924073966007,0.0,0.0,0.21664297587800707,0.23192387302151718,-0.030501739597544052,-0.021366218655332527
262,7.5,8.587763961724907,8.66836552802908,0.41339609553344087,0.5683460257638292,31.484642146751437,32.52847012371756,False,False,0.24769809237803625,0.34958786635696054,0.0,0.0,0.21657932692121593,0.23185668350265384,-0.030548584808991988,-0.021398575944541753
262,8.0,11.671168034467694,11.574353145846166,0.6876836921897693,0.6232304324432755,30.693064241990292,29.737663052126525,False,False,0.2943826257402654,0.27628467391609396,0.0,0.0,0.21647804627975484,0.2317326770086586,-0.030623303544132983,-0.021458448740579256
262,8.5,12.911998012812951,12.464178950699193,0.9271194480669895,0.6808056864696399,29.78110244480377,27.044090179862536,False,False,0.2845370548696091,0.21563677358819283,0.0,0.0,0.21634199441518134,0.23160183726227462,-0.030724017391932916,-0.021521837297591728
262,9.0,13.703578692830844,12.788024427741098,1.1349024886875283,0.6923173827257714,29.07667949940828,24.717344422075723,False,False,0.27513322226897574,0.17291393224431822,0.0,0.0,0.21617561147140332,0.23146382040768984,-0.03084772109288459,-0.021588944934080784
262,9.5,13.72983635986202,12.632030466807382,1.2128982621287534,0.6965010832011771,28.674431495854932,23.432211232123905,False,False,0.2623419378673997,0.15319447909962347,0.0,0.0,0.2159829299268661,0.23132449550709586,-0.030991719816461916,-0.021656941603712718
262,10.0,14.450679074126029,12.840308160242017,1.3710094134540873,0.714514184829198,28.326109293218444,22.136948178188415,False,False,0.2650272745299061,0.14114058801869073,0.0,0.0,0.21578048782781034,0.2311847954502373,-0.03114387664603987,-0.021725377721876805
262,10.5,14.208191065935937,12.761221048102053,1.3341204831223292,0.7111523797270953,28.35062227721756,22.284529285468167,False,False,0.26131851711735954,0.14157889441849114,0.0,0.0,0.21555807474992794,0.23104295698888527,-0.03131207109224396,-0.021795125177215352
262,11.0,14.756968251036646,12.72001678307551,1.4698490633771102,0.7079654024455669,28.05576137169629,20.956690889918185,False,False,0.2624641704153683,0.1289206927573689,0.0,0.0,0.21534053900725583,0.2309017030658798,-0.031477625125883354,-0.021864850498970297
262,11.5,14.938093704865873,12.42332834642977,1.6232839278687545,0.7422457283849303,27.605508569036537,20.28987519111952,False,False,0.2547783345471647,0.12048962679748944,0.0,0.0,0.2151058823880772,0.2307610104892298,-0.031657379563450036,-0.021934563078393036
262,12.0,13.626894002202219,10.62572406769216,1.684880244368261,0.7282924768738921,26.973502658561305,19.516757750004047,False,False,0.21774512811458113,0.09900103723119871,0.0,0.0,0.21485184745847127,0.23061610379068045,-0.03185335892372659,-0.02200664076107309
262,12.5,13.495808884828373,10.220080927842837,1.7691287413977377,0.7492205989205118,26.586277139701423,18.74447314641886,False,False,0.20754396710718492,0.09161343829078528,0.0,0.0,0.21459013639630253,0.23047312861179164,-0.03205677380080906,-0.022078034442021208
262,13.0,12.929912939106272,9.613053772979272,1.7516081671464776,0.73282877541633,26.403962177494492,18.52003227593302,False,False,0.1954750957348922,0.0854310195431485,0.0,0.0,0.2143178615153222,0.23032763903190412,-0.032270044304824184,-0.022150967139860273
262,13.5,12.502192061583216,9.030215761928602,1.824784856218553,0.7592740191162086,25.931218021664826,17.89087429892794,False,False,0.1809037780231511,0.07821982067478495,0.0,0.0,0.2140479904846201,0.23018438995324653,-0.03248310219293439,-0.022223057324056703
262,14.0,12.186403212461865,8.61063673703228,1.8309193049125192,0.7397237266765904,25.71627956649057,17.15899657776147,False,False,0.17281034705209924,0.07194705876525327,0.0,0.0,0.21376896446020047,0.23003792165397496,-0.03270515245013308,-0.022297056805986985
262,14.5,11.767165852450697,8.266285032596,1.838995647867222,0.7571151560790639,25.451195988717153,16.82603157620809,False,False,0.1629636026542868,0.06875492087061673,0.0,0.0,0.21348932579086768,0.22989409460587043,-0.032929507145269536,-0.02237000772901248
262,15.0,11.232604844098546,7.813389499646232,1.8273043596889584,0.7498890342832906,25.15112625638354,16.234373742807076,False,False,0.15154405136639854,0.06333580709725778,0.0,0.0,0.21320882599299534,0.22974820036207863,-0.03315639738393977,-0.022444297887948488
262,15.5,10.577952715433774,7.484895634778141,1.7670029153825806,0.763609364836373,24.91873011461337,16.088838676939577,False,False,0.1398434698549419,0.06111892365364763,0.0,0.0,0.21292998309626338,0.22960337515271206,-0.03338379596681892,-0.022518334601668268
262,16.0,9.431904138592595,6.858362610397676,1.6033848948611198,0.7505035184687063,24.773568860055143,16.161600920379612,False,False,0.12272016355476714,0.057733521306954666,0.0,0.0,0.21265899062154817,0.22945694886706547,-0.033606575110767305,-0.02259348582925029
262,16.5,8.140102735017019,6.244930106537414,1.3887141299184504,0.7302914367829287,24.67842196583985,16.49459556938719,False,False,0.10509445549402587,0.05520954733527201,0.0,0.0,0.2124090134890244,0.2293123392008012,-0.03381365006570918,-0.022667998173083716
262,17.0,6.078265519325927,5.220323576490403,1.0185872435415937,0.7304856779840537,24.70831619876237,17.966239554147215,False,False,0.07866554008358528,0.05605402384321784,0.0,0.0,0.21218655650066726,0.22917045088945318,-0.03399920752718286,-0.022741393046069
262,17.5,3.083575597496929,3.2508984943835983,0.4945393277916506,0.6680677115671356,12.415369201163399,13.578999485066458,False,False,0.04030942666274732,0.053433534330549544,0.0,0.0,0.2120114288791234,0.2290286826734971,-0.03414614021996567,-0.02281500875305802
262.0,18.0,0.0,0.0,0.0,0.0,0.0,0.0,0.0,0.0,0.0,0.0,0.0,0.0,0.211903244233123,0.22889501258297787,-0.03423728558980493,-0.0228846795640169
262.0,18.5,0.0,0.0,0.0,0.0,0.0,0.0,0.0,0.0,0.0,0.0,0.0,0.0,0.21185824123089164,0.22884661944164625,-0.034275285892544124,-0.02290996525809864
262.0,19.0,0.0,0.0,0.0,0.0,0.0,0.0,0.0,0.0,0.0,0.0,0.0,0.0,0.21181339838392893,0.22879836871438353,-0.03431320095616817,-0.022935209688231314
262.0,19.5,0.0,0.0,0.0,0.0,0.0,0.0,0.0,0.0,0.0,0.0,0.0,0.0,0.21176871473492875,0.22875025960318768,-0.034351031132924606,-0.0229604130298885
262.0,20.0,0.0,0.0,0.0,0.0,0.0,0.0,0.0,0.0,0.0,0.0,0.0,0.0,0.2117241893328749,0.228702291316606,-0.03438877677438558,-0.022985575457352955
262.0,20.5,0.0,0.0,0.0,0.0,0.0,0.0,0.0,0.0,0.0,0.0,0.0,0.0,0.211679821233035,0.22865446306966467,-0.03442643823140646,-0.023010697143727537
262.0,21.0,0.0,0.0,0.0,0.0,0.0,0.0,0.0,0.0,0.0,0.0,0.0,0.0,0.2116356094969528,0.22860677408379915,-0.03446401585408623,-0.02303577826094622
262.0,21.5,0.0,0.0,0.0,0.0,0.0,0.0,0.0,0.0,0.0,0.0,0.0,0.0,0.2115915531924387,0.22855922358678576,-0.034501509991729414,-0.02306081897978464
262.0,22.0,0.0,0.0,0.0,0.0,0.0,0.0,0.0,0.0,0.0,0.0,0.0,0.0,0.2115476513935587,0.2285118108126739,-0.03453892099280962,-0.023085819469870848
262.0,22.5,0.0,0.0,0.0,0.0,0.0,0.0,0.0,0.0,0.0,0.0,0.0,0.0,0.2115039031806216,0.22846453500171918,-0.03457624920493481,-0.023110779899695757
262.0,23.0,0.0,0.0,0.0,0.0,0.0,0.0,0.0,0.0,0.0,0.0,0.0,0.0,0.21146030764016502,0.22841739540031758,-0.03461349497481385,-0.023135700436623535
262.0,23.5,0.0,0.0,0.0,0.0,0.0,0.0,0.0,0.0,0.0,0.0,0.0,0.0,0.2114168638649397,0.22837039126094047,-0.034650658648224836,-0.023160581246901766
262.0,24.0,0.0,0.0,0.0,0.0,0.0,0.0,0.0,0.0,0.0,0.0,0.0,0.0,0.21137357095389275,0.22832352184207025,-0.03468774056998448,-0.0231854224956717
263.0,0.5,0.0,0.0,0.0,0.0,0.0,0.0,0.0,0.0,0.0,0.0,0.0,0.0,0.2113304280121495,0.22827678640813703,-0.03472474108391889,-0.02321022434697825
263.0,1.0,0.0,0.0,0.0,0.0,0.0,0.0,0.0,0.0,0.0,0.0,0.0,0.0,0.21128743415099388,0.2282301842294561,-0.03476166053283618,-0.023234986963779854
263.0,1.5,0.0,0.0,0.0,0.0,0.0,0.0,0.0,0.0,0.0,0.0,0.0,0.0,0.21124458848784836,0.22818371458216616,-0.034798499258499496,-0.023259710507958282
263.0,2.0,0.0,0.0,0.0,0.0,0.0,0.0,0.0,0.0,0.0,0.0,0.0,0.0,0.21120189014625199,0.22813737674816847,-0.03483525760160204,-0.02328439514032836
263.0,2.5,0.0,0.0,0.0,0.0,0.0,0.0,0.0,0.0,0.0,0.0,0.0,0.0,0.211159338255838,0.22809117001506657,-0.0348719359017429,-0.023309041020647507
263.0,3.0,0.0,0.0,0.0,0.0,0.0,0.0,0.0,0.0,0.0,0.0,0.0,0.0,0.2111169319523101,0.22804509367610698,-0.034908534497403935,-0.023333648307625167
263.0,3.5,0.0,0.0,0.0,0.0,0.0,0.0,0.0,0.0,0.0,0.0,0.0,0.0,0.21107467037741806,0.22799914703012053,-0.03494505372592814,-0.023358217158932246
263.0,4.0,0.0,0.0,0.0,0.0,0.0,0.0,0.0,0.0,0.0,0.0,0.0,0.0,0.21103255267893214,0.2279533293814645,-0.03498149392349886,-0.02338274773121038
263.0,4.5,0.0,0.0,0.0,0.0,0.0,0.0,0.0,0.0,0.0,0.0,0.0,0.0,0.2109905780106173,0.22790764003996564,-0.035017855425119725,-0.023407240180080908
263.0,5.0,0.0,0.0,0.0,0.0,0.0,0.0,0.0,0.0,0.0,0.0,0.0,0.0,0.21094874553220566,0.22786207832086344,-0.03505413856459629,-0.023431694660154188
263.0,5.5,0.0,0.0,0.0,0.0,0.0,0.0,0.0,0.0,0.0,0.0,0.0,0.0,0.2109070544093693,0.2278166435447548,-0.03509034367451811,-0.02345611132503833
263.0,6.0,0.0,0.0,0.0,0.0,0.0,0.0,0.0,0.0,0.0,0.0,0.0,0.0,0.2108655038136916,0.2277713350375389,-0.03512647108624176,-0.023480490327348127
263.0,6.5,0.0,0.0,0.0,0.0,0.0,0.0,0.0,0.0,0.0,0.0,0.0,0.0,0.21082409292263818,0.22772615213036287,-0.03516252112987504,-0.023504831818713767
263,7.0,1.9823337083795631,1.9912244476878955,0.10247420607239306,0.11666591222054702,15.468867151592148,15.781867745268745,False,False,0.05201852711461468,0.0592775527352849,0.0,0.0,0.2107828209195275,0.2276810941595682,-0.03519849413426171,-0.023529135949789625
263,7.5,3.4832740379766034,3.4452303666165855,0.1932336508572174,0.15948547799673632,15.348670923464105,14.728592746190047,False,False,0.0879184753087289,0.07410018938174608,0.0,0.0,0.21072862841980855,0.22762129340427723,-0.035245795356723474,-0.023561438550633897
263,8.0,10.860765076840751,10.747256428737181,0.6731313662527276,0.6039884682802873,30.164344679095056,28.831965188387493,False,False,0.2527531188368102,0.23288691140930706,0.0,0.0,0.2106630074630956,0.22755615965681114,-0.03530317317744858,-0.023596682012501823
263,8.5,12.627192037255327,12.222063034175038,0.8959074668132619,0.6662085525931111,29.594531123387362,26.962299882280842,False,False,0.2712504605422218,0.21055545693015512,0.0,0.0,0.21053636827571204,0.22743450463043927,-0.03541421922797254,-0.023662677152448384
263,9.0,13.599458643946441,12.82181528898333,1.0677496082990774,0.6868708766199294,29.062053193773366,25.380253835718044,False,False,0.27531873118567,0.1860438107820977,0.0,0.0,0.21038147578822305,0.2273050430579492,-0.035550606067659155,-0.02373314885546802
263,9.5,14.105392137767895,12.612075851444622,1.2985888992843067,0.7074214109510378,28.216946079776662,22.836481039224523,False,False,0.2580587285318815,0.14744510240144879,0.0,0.0,0.21020481986951878,0.22717307012209526,-0.03570692082315806,-0.023805245145326386
263,10.0,14.211053966874697,11.682004224961712,1.5660855162447531,0.7299184710543865,27.184431036212658,20.042761004348918,False,False,0.23244464737420745,0.11293818424143562,0.0,0.0,0.2099988815669451,0.22703859943496948,-0.035890181215458644,-0.023878974512943154
263,10.5,14.05115258021415,10.527117437520847,1.8265687526655632,0.7551473572937014,26.15359042804002,17.628375194104713,False,False,0.20757821377180474,0.08836636741215885,0.0,0.0,0.20975898875985097,0.22690138231662454,-0.03610507201711183,-0.02395449037390549
263,11.0,13.75056893517602,9.407542191609059,2.026303706810821,0.7571828996457316,25.36096506251087,15.96937308200928,False,False,0.18927791436186864,0.07265155556474462,0.0,0.0,0.20948603441348265,0.22676107001888818,-0.03635144595869956,-0.02403200405956226
263,11.5,13.121514638080173,8.229370858158019,2.2026177504045945,0.7659495875513733,24.524260261699787,14.789526666219702,False,False,0.16847190968638692,0.06009525346534857,0.0,0.0,0.20918775908745288,0.226620617515003,-0.036622969238192735,-0.02410989468436463
263,12.0,12.414981390157063,7.395743543669129,2.2694043210350396,0.7673918193525481,23.960373179761163,14.312044871413958,False,False,0.15244848868114477,0.052864136177901214,0.0,0.0,0.20886714661643146,0.22647916642181173,-0.03691752547535914,-0.024188643293735625
263,12.5,11.60581089405092,6.755069023322055,2.2539114973020196,0.7744785344356552,23.55058291609459,14.38801591960961,False,False,0.1381151351656576,0.048705858979060684,0.0,0.0,0.20853815364037148,0.22633764950529894,-0.03722272029024828,-0.024267735414403066
263,13.0,11.143417400722257,6.461740256613,2.211316796264521,0.7743198007319795,23.367232044859385,14.432485106305966,False,False,0.13070439550531884,0.0468422628420593,0.0,0.0,0.2082112645066194,0.2261953468781717,-0.037528945430811575,-0.024347577560655063
263,13.5,10.57193732908032,6.0238121719099045,2.2139846033604966,0.7762250619798645,22.987500993004176,14.202979085018558,False,False,0.12067784611190924,0.04332576803387894,0.0,0.0,0.2078899321436451,0.22605318126854818,-0.03783289501716832,-0.024427655556203843
263,14.0,10.264709606145992,5.763857632833946,2.206707559761037,0.7667693024087395,22.7561519328846,13.80297547124625,False,False,0.11516073559619534,0.040753078916816364,0.0,0.0,0.2075683878904007,0.2259108890910283,-0.03813998555320936,-0.024508119262410023
263,14.5,9.926544768521111,5.5861443897755425,2.1819420596619206,0.7660584328542277,22.562188262107107,13.582394978392628,False,False,0.10981094263917865,0.03911975285120161,0.0,0.0,0.20724789831915438,0.2257699175615555,-0.03844902871524841,-0.02458814776729023
263,15.0,9.489085304093152,5.446458713757354,2.1177564313123716,0.7768889694733058,22.40323699145636,13.546183580895748,False,False,0.1037698123519983,0.038469618308124884,0.0,0.0,0.20693069131051178,0.2256291517573613,-0.03875784892517229,-0.02466837035591494
263,15.5,8.931545003989154,5.314536904530111,1.9833027126627358,0.7696655107118832,22.37140170563566,13.656668251150535,False,False,0.09741289704327455,0.03804189837785808,0.0,0.0,0.20662178956467903,0.22548712040062802,-0.03906142785566559,-0.02474963045812099
263,16.0,8.054579703690191,5.045141499919783,1.8039152342076485,0.7639806482007833,22.250096562517722,13.87633513288302,False,False,0.08708142168386288,0.03693531154224806,0.0,0.0,0.20633014682910625,0.22534612365024825,-0.03935064866715062,-0.02483061428412615
263,16.5,7.0937351438265495,4.830130439802365,1.5663679644209476,0.7574779587551155,22.304066572068002,14.320442968163784,False,False,0.07678812036453626,0.03701602443108118,0.0,0.0,0.2060614884322778,0.22520596493832976,-0.03961933640003279,-0.0249114298795921
263,17.0,5.45624360062428,4.274032250481239,1.1945204845906028,0.7497742563113968,22.280417810420104,15.313019703432762,False,False,0.05896774193587495,0.036695505318685734,0.0,0.0,0.20582322513803314,0.22506674799369358,-0.03985945637154049,-0.024992012881109495
263,17.5,3.471513373828295,3.4218190838513824,0.7295097511467792,0.7192703159331884,11.223513115423874,11.010969449175045,False,False,0.0379475151560666,0.03679656381706276,0.0,0.0,0.20563247050119415,0.2249286253861835,-0.0400529480230933,-0.025072269559899548
263.0,18.0,0.0,0.0,0.0,0.0,0.0,0.0,0.0,0.0,0.0,0.0,0.0,0.0,0.20550109588469712,0.22479450214506694,-0.04018685858637277,-0.025150496426157645
263.0,18.5,0.0,0.0,0.0,0.0,0.0,0.0,0.0,0.0,0.0,0.0,0.0,0.0,0.20546280645047277,0.2247521492301213,-0.040225987473767176,-0.0251752589914794
263.0,19.0,0.0,0.0,0.0,0.0,0.0,0.0,0.0,0.0,0.0,0.0,0.0,0.0,0.20542463805752006,0.22470990756977982,-0.040265037853113646,-0.025199985449206236
263.0,19.5,0.0,0.0,0.0,0.0,0.0,0.0,0.0,0.0,0.0,0.0,0.0,0.0,0.20538659003051463,0.22466777671427937,-0.04030401004761483,-0.02522467587381948
263.0,20.0,0.0,0.0,0.0,0.0,0.0,0.0,0.0,0.0,0.0,0.0,0.0,0.0,0.20534866169892882,0.2246257562146271,-0.04034290437904024,-0.025249330340620196
263.0,20.5,0.0,0.0,0.0,0.0,0.0,0.0,0.0,0.0,0.0,0.0,0.0,0.0,0.20531085239700025,0.22458384562264577,-0.0403817211677221,-0.025273948925698567
263.0,21.0,0.0,0.0,0.0,0.0,0.0,0.0,0.0,0.0,0.0,0.0,0.0,0.0,0.20527316146370042,0.22454204449101697,-0.04042046073255133,-0.025298531705904407
263.0,21.5,0.0,0.0,0.0,0.0,0.0,0.0,0.0,0.0,0.0,0.0,0.0,0.0,0.20523558824270283,0.22450035237332347,-0.04045912339097482,-0.025323078758817844
263.0,22.0,0.0,0.0,0.0,0.0,0.0,0.0,0.0,0.0,0.0,0.0,0.0,0.0,0.2051981320823515,0.22445876882408938,-0.04049770945899206,-0.0253475901627212
263.0,22.5,0.0,0.0,0.0,0.0,0.0,0.0,0.0,0.0,0.0,0.0,0.0,0.0,0.20516079233562923,0.22441729339881888,-0.04053621925115293,-0.025372065996571623
263.0,23.0,0.0,0.0,0.0,0.0,0.0,0.0,0.0,0.0,0.0,0.0,0.0,0.0,0.20512356836012574,0.22437592565403405,-0.040574653080555516,-0.025396506339973923
263.0,23.5,0.0,0.0,0.0,0.0,0.0,0.0,0.0,0.0,0.0,0.0,0.0,0.0,0.20508645951800603,0.2243346651473105,-0.0406130112588445,-0.02542091127315469
263.0,24.0,0.0,0.0,0.0,0.0,0.0,0.0,0.0,0.0,0.0,0.0,0.0,0.0,0.20504946517597852,0.22429351143731222,-0.04065129409620958,-0.025445280876936646
264.0,0.5,0.0,0.0,0.0,0.0,0.0,0.0,0.0,0.0,0.0,0.0,0.0,0.0,0.2050125847052634,0.2242524640838245,-0.040689501901384637,-0.025469615232714116
264.0,1.0,0.0,0.0,0.0,0.0,0.0,0.0,0.0,0.0,0.0,0.0,0.0,0.0,0.20497581748156066,0.22421152264778643,-0.04072763498164705,-0.02549391442242844
264.0,1.5,0.0,0.0,0.0,0.0,0.0,0.0,0.0,0.0,0.0,0.0,0.0,0.0,0.2049391628850187,0.22417068669132129,-0.04076569364281691,-0.02551817852854468
264.0,2.0,0.0,0.0,0.0,0.0,0.0,0.0,0.0,0.0,0.0,0.0,0.0,0.0,0.2049026203002023,0.22412995577776593,-0.0408036781892574,-0.025542407634028732
264.0,2.5,0.0,0.0,0.0,0.0,0.0,0.0,0.0,0.0,0.0,0.0,0.0,0.0,0.20486618911606114,0.22408932947169932,-0.04084158892387488,-0.025566601822324703
264.0,3.0,0.0,0.0,0.0,0.0,0.0,0.0,0.0,0.0,0.0,0.0,0.0,0.0,0.20482986872589828,0.22404880733896956,-0.0408794261481191,-0.025590761177333377
264.0,3.5,0.0,0.0,0.0,0.0,0.0,0.0,0.0,0.0,0.0,0.0,0.0,0.0,0.20479365852733844,0.22400838894671993,-0.040917190161984335,-0.02561488578339089
264.0,4.0,0.0,0.0,0.0,0.0,0.0,0.0,0.0,0.0,0.0,0.0,0.0,0.0,0.20475755792229663,0.22396807386341375,-0.04095488126401007,-0.025638975725248023
264.0,4.5,0.0,0.0,0.0,0.0,0.0,0.0,0.0,0.0,0.0,0.0,0.0,0.0,0.2047215663169468,0.22392786165885828,-0.040992499751282586,-0.025663031088050264
264.0,5.0,0.0,0.0,0.0,0.0,0.0,0.0,0.0,0.0,0.0,0.0,0.0,0.0,0.2046856831216905,0.22388775190422763,-0.04103004591943617,-0.02568705195731793
264.0,5.5,0.0,0.0,0.0,0.0,0.0,0.0,0.0,0.0,0.0,0.0,0.0,0.0,0.20464990775112551,0.22384774417208445,-0.04106752006265501,-0.02571103841892737
264.0,6.0,0.0,0.0,0.0,0.0,0.0,0.0,0.0,0.0,0.0,0.0,0.0,0.0,0.204614239624015,0.22380783803640092,-0.04110492247367519,-0.025734990559092116
264.0,6.5,0.0,0.0,0.0,0.0,0.0,0.0,0.0,0.0,0.0,0.0,0.0,0.0,0.20457867816325634,0.22376803307257864,-0.04114225344378681,-0.02575890846434497
264,7.0,2.3866472464342126,2.347252634526064,0.15079234962978905,0.12203417624527953,14.733937622486472,13.890987181922668,False,False,0.05040655079217439,0.040922907668317084,0.0,0.0,0.20454322279585008,0.22372832885746768,-0.041179513262836316,-0.025782792221520245
264,7.5,7.864970352324422,7.927939917177557,0.4812766593989631,0.579632708140728,29.594764004917145,30.170659167080235,False,False,0.16895632025641655,0.20655994742974315,0.0,0.0,0.20448865706347383,0.22367317381417706,-0.04123693462381246,-0.025816014102247212
264,8.0,10.532661649924918,10.40447058500389,0.6907103913969326,0.6257749818890813,29.305905691009947,27.940861272397484,False,False,0.21776941592662635,0.20210328901771452,0.0,0.0,0.20439208175393186,0.2235598056213957,-0.04133879810314666,-0.02588446017129936
264,8.5,12.247118630137479,11.623788311852213,0.968642296512664,0.6763551479729707,28.353145748790972,24.773156550319158,False,False,0.2253160062882707,0.16104839683299288,0.0,0.0,0.20426892211887715,0.22344065687927303,-0.04146913687701738,-0.02595662941700202
264,9.0,13.183025752626165,11.86528688099688,1.207917570956012,0.7096459341546068,27.548927425181347,22.19999675070671,False,False,0.2218964024857844,0.1334222392956693,0.0,0.0,0.20411044868835923,0.22331516164372733,-0.041637569024398115,-0.026032902175121365
264,9.5,13.620654929606271,11.445134440208504,1.4364274014910654,0.7183607717663743,26.72894229788281,19.626358198174962,False,False,0.2109594964400084,0.10777011287982863,0.0,0.0,0.20392158703174312,0.22318552274421274,-0.04183936478242533,-0.026111973925423578
264,10.0,13.831143916163107,11.04474768584095,1.5828551920261078,0.7191768689689148,26.187444386073125,18.179842224509763,False,False,0.20496026684677016,0.09549806153923952,0.0,0.0,0.20370370847072852,0.22305487156477397,-0.04207361405426491,-0.026191952792674847
264,10.5,13.95431792462944,10.994604950683158,1.6343789551152241,0.7327376624831912,26.07108976207777,18.168096546495818,False,False,0.20483124437999628,0.0951330435819514,0.0,0.0,0.20346727240361068,0.22292421427316456,-0.042329585405924484,-0.026272227466529373
264,11.0,13.738838309941436,10.095340489166759,1.7899773427615977,0.7320533169560134,25.395583228247425,16.55148572516645,False,False,0.189829706170247,0.08019056887735379,0.0,0.0,0.20322437217424727,0.22279192639307,-0.04259448968271302,-0.026353802788725348
264,11.5,13.430741265919995,9.34155965771205,1.9009956900862637,0.735301944018198,24.853500418004497,15.558565413591122,False,False,0.177241100376461,0.07069954952947347,0.0,0.0,0.20296174472622264,0.22265982284445693,-0.042883133801598014,-0.026435565780495805
264,12.0,13.23123598104376,9.002885980898093,1.958751003729599,0.7509411190885705,24.541877433956376,15.300174896974724,False,False,0.1702164684721909,0.0671994294077084,0.0,0.0,0.20268507048529125,0.22252740206603092,-0.04318974076958838,-0.026517828627787603
264,12.5,12.653532099320614,8.454988053226518,1.951481291162723,0.7547651766715225,24.259749957876465,15.306053924314053,False,False,0.15906978551572198,0.06335157905040206,0.0,0.0,0.202401136379123,0.2223930847299887,-0.04350711261713174,-0.02660158143812493
264,13.0,11.9767959630231,7.866015193230314,1.907635829521889,0.73798523736658,24.03991702856382,15.30369200132499,False,False,0.14803057370074482,0.05913605998118824,0.0,0.0,0.20211822820271524,0.22225837610961433,-0.04382610521893988,-0.0266858949725607
264,13.5,11.458844480432116,7.442751249231883,1.8952838104914727,0.7412493299767516,23.76663362687993,15.227066221573892,False,False,0.13868901853277785,0.05599444295471209,0.0,0.0,0.20184100638418712,0.2221259014751197,-0.044141393002234304,-0.026769120967639403
264,14.0,11.348721165491035,7.535650076053002,1.8390877724577268,0.7514834375689066,23.83843815064008,15.459791128335457,False,False,0.13789346888547815,0.05780036970230793,0.0,0.0,0.20156545710860185,0.22199310621042528,-0.04445746030756439,-0.026852858963032692
264,14.5,11.006090643928385,7.232693362294311,1.8502186964073135,0.7527504036814826,23.545477134386704,14.943219670023772,False,False,0.13074775552388268,0.054295413167412404,0.0,0.0,0.20129716702745334,0.22185910176283646,-0.0447677951791354,-0.02693767601458734
264,15.0,10.4862860898932,6.974714673461516,1.7862645211972261,0.7472035328896003,23.401159574332063,14.82478135732388,False,False,0.12325451449552943,0.052454231735541965,0.0,0.0,0.20102755596795904,0.22172503050069597,-0.04508226172954386,-0.027022854985522718
264,15.5,9.851681258308075,6.72233029015068,1.6903284513982701,0.7494750289084885,23.284892899362433,14.864884979845034,False,False,0.1147062265215596,0.05140741840251742,0.0,0.0,0.2007661917268568,0.22159176039536604,-0.04538962492166849,-0.0271078431933697
264,16.0,9.034741999576962,6.380865861686353,1.5518389622981046,0.732637773518541,23.215645788995253,14.938371179778235,False,False,0.10458572713245991,0.04961096523055536,0.0,0.0,0.20051714934299972,0.22145829480013138,-0.04568482335219238,-0.027193275432687628
264,16.5,7.596143647703649,5.914239711679574,1.2665793879805194,0.7302966463282984,23.367423463534784,16.05901830618948,False,False,0.08864035179484664,0.05107475706172185,0.0,0.0,0.20028585101767227,0.22132706847019504,-0.045961040064030914,-0.027277587254210138
264,17.0,5.739782253158326,5.025417693526043,0.9321088359968793,0.7152185632820505,23.47057872490711,17.39160632911483,False,False,0.06748891259365203,0.05153513345996211,0.0,0.0,0.2000909995759019,0.22119623380130835,-0.04619527717395908,-0.027361957684202368
264.0,17.5,0.0,0.0,0.0,0.0,0.0,0.0,0.0,0.0,0.0,0.0,0.0,0.0,0.19993886561722876,0.221067413580772,-0.04637915148853719,-0.027445333027035237
264.0,18.0,0.0,0.0,0.0,0.0,0.0,0.0,0.0,0.0,0.0,0.0,0.0,0.0,0.19990560736485719,0.2210298283464678,-0.04641946462856066,-0.027469716054694036
264.0,18.5,0.0,0.0,0.0,0.0,0.0,0.0,0.0,0.0,0.0,0.0,0.0,0.0,0.1998724431062645,0.2209923354918604,-0.04645970541623742,-0.0274940648713947
264.0,19.0,0.0,0.0,0.0,0.0,0.0,0.0,0.0,0.0,0.0,0.0,0.0,0.0,0.19983937235920782,0.22095493470486327,-0.04649987413415578,-0.027518379521634093
264.0,19.5,0.0,0.0,0.0,0.0,0.0,0.0,0.0,0.0,0.0,0.0,0.0,0.0,0.19980639464479133,0.220917625672946,-0.04653997106346526,-0.027542660051099323
264.0,20.0,0.0,0.0,0.0,0.0,0.0,0.0,0.0,0.0,0.0,0.0,0.0,0.0,0.19977350948743974,0.2208804080831875,-0.04657999648388281,-0.027566906506633626
264.0,20.5,0.0,0.0,0.0,0.0,0.0,0.0,0.0,0.0,0.0,0.0,0.0,0.0,0.19974071641487248,0.22084328162232694,-0.04661995067369754,-0.027591118936203633
264.0,21.0,0.0,0.0,0.0,0.0,0.0,0.0,0.0,0.0,0.0,0.0,0.0,0.0,0.19970801495807786,0.2208062459768137,-0.04665983390977644,-0.027615297388867054
264.0,21.5,0.0,0.0,0.0,0.0,0.0,0.0,0.0,0.0,0.0,0.0,0.0,0.0,0.19967540465128722,0.22076930083285592,-0.04669964646757004,-0.027639441914741183
264.0,22.0,0.0,0.0,0.0,0.0,0.0,0.0,0.0,0.0,0.0,0.0,0.0,0.0,0.1996428850319496,0.22073244587646723,-0.046739388621117935,-0.027663552564972185
264.0,22.5,0.0,0.0,0.0,0.0,0.0,0.0,0.0,0.0,0.0,0.0,0.0,0.0,0.1996104556407062,0.22069568079351273,-0.04677906064305457,-0.02768762939170479
264.0,23.0,0.0,0.0,0.0,0.0,0.0,0.0,0.0,0.0,0.0,0.0,0.0,0.0,0.1995781160213654,0.2206590052697529,-0.0468186628046149,-0.027711672448053015
264.0,23.5,0.0,0.0,0.0,0.0,0.0,0.0,0.0,0.0,0.0,0.0,0.0,0.0,0.19954586572087768,0.22062241899088691,-0.04685819537564026,-0.027735681788071332
264.0,24.0,0.0,0.0,0.0,0.0,0.0,0.0,0.0,0.0,0.0,0.0,0.0,0.0,0.19951370428931064,0.22058592164259413,-0.046897658624584414,-0.02775965746672661
265.0,0.5,0.0,0.0,0.0,0.0,0.0,0.0,0.0,0.0,0.0,0.0,0.0,0.0,0.19948163127982474,0.22054951291057467,-0.04693705281851908,-0.027783599539870595
265.0,1.0,0.0,0.0,0.0,0.0,0.0,0.0,0.0,0.0,0.0,0.0,0.0,0.0,0.19944964624864833,0.22051319248058882,-0.04697637822314047,-0.027807508064212904
265.0,1.5,0.0,0.0,0.0,0.0,0.0,0.0,0.0,0.0,0.0,0.0,0.0,0.0,0.19941774875505366,0.2204769600384949,-0.04701563510277491,-0.027831383097294993
265.0,2.0,0.0,0.0,0.0,0.0,0.0,0.0,0.0,0.0,0.0,0.0,0.0,0.0,0.1993859383613327,0.2204408152702864,-0.047054823720385046,-0.02785522469746436
265.0,2.5,0.0,0.0,0.0,0.0,0.0,0.0,0.0,0.0,0.0,0.0,0.0,0.0,0.19935421463277303,0.22040475786212782,-0.047093944337576014,-0.027879032923849398
265.0,3.0,0.0,0.0,0.0,0.0,0.0,0.0,0.0,0.0,0.0,0.0,0.0,0.0,0.19932257713763432,0.2203687875003892,-0.0471329972146015,-0.027902807836335145
265.0,3.5,0.0,0.0,0.0,0.0,0.0,0.0,0.0,0.0,0.0,0.0,0.0,0.0,0.19929102544712443,0.22033290387168025,-0.04717198261037004,-0.02792654949553889
265.0,4.0,0.0,0.0,0.0,0.0,0.0,0.0,0.0,0.0,0.0,0.0,0.0,0.0,0.1992595591353761,0.22029710666288257,-0.047210900782451284,-0.02795025796278708
265.0,4.5,0.0,0.0,0.0,0.0,0.0,0.0,0.0,0.0,0.0,0.0,0.0,0.0,0.1992281777794238,0.22026139556118146,-0.04724975198708195,-0.02797393330009251
265.0,5.0,0.0,0.0,0.0,0.0,0.0,0.0,0.0,0.0,0.0,0.0,0.0,0.0,0.19919688095918037,0.2202257702540968,-0.04728853647917264,-0.027997575570131467
265.0,5.5,0.0,0.0,0.0,0.0,0.0,0.0,0.0,0.0,0.0,0.0,0.0,0.0,0.1991656682574144,0.22019023042951227,-0.04732725451231359,-0.0280211848362225
265.0,6.0,0.0,0.0,0.0,0.0,0.0,0.0,0.0,0.0,0.0,0.0,0.0,0.0,0.19913453925972727,0.22015477577570475,-0.047365906338781426,-0.02804476116230457
265.0,6.5,0.0,0.0,0.0,0.0,0.0,0.0,0.0,0.0,0.0,0.0,0.0,0.0,0.19910349355453064,0.22011940598137159,-0.04740449220954534,-0.028068304612916397
265,7.0,2.424743033428861,2.157175143096714,0.2451957207543317,0.13443259757896656,13.16942586231635,9.873580057854785,False,False,0.036180784812836785,0.019806171254898346,0.0,0.0,0.19907253073302406,0.220084120735658,-0.04744301237427357,-0.02809181525317608
265,7.5,7.957328688738375,7.576735129851665,0.8643341465193985,0.6796332186244267,25.881566545869248,22.236967516681155,False,False,0.1138518123904686,0.08937326272042433,0.0,0.0,0.1990104044150776,0.22003178860758857,-0.0475204149063232,-0.028126727490747988
265,8.0,10.339901626908741,8.873558395703427,1.2108529573507887,0.6981343122241455,25.43756016214747,18.719647260836155,False,False,0.14226012179611405,0.08206703898415661,0.0,0.0,0.19886946163626276,0.21991006397317517,-0.047696572615023185,-0.028208133593238736
265,8.5,11.664259805495863,9.148938937079166,1.4990271760284264,0.7325806574025036,24.875121343483627,16.97932474353074,False,False,0.15303685767439612,0.07510168861677624,0.0,0.0,0.19868444267338073,0.21978606531242914,-0.0479290015957108,-0.028291349308207273
265,9.0,12.298617850396653,8.860959797656978,1.7259667691878282,0.7410369411671442,24.3369480209366,15.58006391392954,False,False,0.15450202431058246,0.06682281229335059,0.0,0.0,0.1984627821425794,0.2196577603722065,-0.04820924064787377,-0.028377763072511285
265,9.5,12.543029723891784,8.441144401274084,1.8948699080450448,0.7499161983493011,23.86492623568857,14.69703084186083,False,False,0.15190993980498366,0.06070561493397572,0.0,0.0,0.19821228294771565,0.21952846083660482,-0.04852829285404416,-0.02846516503749251
265,10.0,12.509467850226965,7.961317744111287,1.9917813740044037,0.7415260321167565,23.48063904334257,14.108784453147953,False,False,0.14781334882376948,0.055698541492631225,0.0,0.0,0.19794034044345896,0.2193981125065182,-0.04887750908139449,-0.028553600795118456
265,10.5,12.117870727486334,7.363055596587013,2.1084388416809015,0.7674355679357907,22.905381763849135,13.77577564103157,False,False,0.13734430651754942,0.05071307866018125,0.0,0.0,0.1976561283395445,0.21926891577762675,-0.04924568612651359,-0.028641578463342414
265,11.0,11.754350723022203,6.730646085181959,2.194098527204392,0.7559089761272186,22.425477534476755,13.185215783305258,False,False,0.12883064890180654,0.04504680678433475,0.0,0.0,0.19735712996078714,0.21913649945147445,-0.04963659026066555,-0.028732083901857778
265,11.5,11.351914801498163,6.224979566962685,2.2604163881078265,0.7559288329193367,21.976277507979677,12.818348189756648,False,True,0.12065814945341898,0.040900861864809096,0.0,0.0,0.197047295056432,0.21900563382941762,-0.05004556876013242,-0.02882186443187403
265,12.0,11.85628258704699,6.48370511307932,2.30469817426269,0.7581574222153014,22.057530089391236,12.527450653747934,False,True,0.12664356864537368,0.04201098028480742,0.0,0.0,0.19672908802716724,0.218874847229676,-0.05046978456941227,-0.028911924902573237
265,12.5,11.910437422697445,6.762919393295763,2.204503890473506,0.752568423610733,22.326770993856357,12.930352441162313,False,True,0.12959678133886626,0.044655614872498264,0.0,0.0,0.19640531661205982,0.21874385790457113,-0.050905823403011925,-0.0290024612502662
265,13.0,11.245226564968927,6.834794842040774,1.9826753816235276,0.7478771897924659,22.62918061065215,14.114580986208534,False,False,0.1249078441265962,0.047821112832782266,0.0,0.0,0.19609439142257717,0.2186136617911803,-0.05132879283292686,-0.02909278428120198
265,13.5,10.767847994624464,6.411725981838038,2.0113946871262685,0.7518332333508528,22.23382738370731,13.74545261296961,False,False,0.11637100670925424,0.044199533980308,0.0,0.0,0.19581181227275965,0.21848414420759882,-0.051716838114766905,-0.029182969320162063
265,14.0,10.481043034270277,6.196185042700265,2.01064024425715,0.7512659944981027,22.01154683837335,13.376885078901399,False,False,0.11156659011418016,0.042216466257866625,0.0,0.0,0.19552565078454118,0.2183542029325131,-0.052113370148891815,-0.029273784312769602
265,14.5,9.949951961309278,6.051747840748755,1.9280418525985479,0.763194394628303,21.89470117523249,13.633377372935474,False,False,0.10508195260874031,0.04204363230143164,0.0,0.0,0.19523966251054112,0.2182244141082183,-0.05251328668093636,-0.02936482908626602
265,15.0,9.491105571916776,5.793310343341453,1.869610668053209,0.7481018432451882,21.738403359816477,13.378124791990938,False,False,0.0991554671410664,0.03994907415684196,0.0,0.0,0.1949642766864436,0.21809318511080755,-0.05290183746286545,-0.029457227340434284
265,15.5,8.865311415089481,5.620311508225804,1.7683967318490548,0.7524819745945912,21.628426916807207,13.453927156211659,False,False,0.09174701252001685,0.0391734239388536,0.0,0.0,0.1946964132533066,0.21796395902793345,-0.05328306532890703,-0.02954855405451829
265,16.0,8.303881915098282,5.482438283356434,1.6587841368419278,0.7483820229995195,21.56337716400472,13.41934992093847,False,False,0.0855746475711958,0.0386266185576464,0.0,0.0,0.19444152377445376,0.21783425413609342,-0.05364887144660286,-0.029640558588321562
265,16.5,4.468342417503537,3.6437174907643364,0.8779536464926339,0.7171836024852281,21.62027558211484,17.379995866410486,False,False,0.04621831720332838,0.03768431703485035,0.0,0.0,0.1942006781548206,0.2177051508127373,-0.05399727505714589,-0.029732475559216136
265,17.0,4.174142834043156,3.765386989240178,0.7961625597938777,0.7191376108069136,21.771634975818557,17.00924462024029,False,False,0.04360439340384913,0.03923380004844413,0.0,0.0,0.19405941120441533,0.21758010203017875,-0.05420288401969099,-0.02982182980426907
265.0,17.5,0.0,0.0,0.0,0.0,0.0,0.0,0.0,0.0,0.0,0.0,0.0,0.0,0.19392864202886806,0.21745488282286035,-0.054394045759199046,-0.029911626617246712
265.0,18.0,0.0,0.0,0.0,0.0,0.0,0.0,0.0,0.0,0.0,0.0,0.0,0.0,0.19389940462356842,0.21742138364825897,-0.05443689555981783,-0.029935704039440576
265.0,18.5,0.0,0.0,0.0,0.0,0.0,0.0,0.0,0.0,0.0,0.0,0.0,0.0,0.1938702414243123,0.21738796254067824,-0.054479676677311004,-0.029959748366188112
265.0,19.0,0.0,0.0,0.0,0.0,0.0,0.0,0.0,0.0,0.0,0.0,0.0,0.0,0.1938411520832158,0.2173546192443806,-0.05452238936056025,-0.029983759646097962
265.0,19.5,0.0,0.0,0.0,0.0,0.0,0.0,0.0,0.0,0.0,0.0,0.0,0.0,0.19381213625467109,0.21732135350352386,-0.05456503385717448,-0.030007737928607878
265.0,20.0,0.0,0.0,0.0,0.0,0.0,0.0,0.0,0.0,0.0,0.0,0.0,0.0,0.19378319359532814,0.21728816506219262,-0.054607610413497085,-0.030031683263961925
265.0,20.5,0.0,0.0,0.0,0.0,0.0,0.0,0.0,0.0,0.0,0.0,0.0,0.0,0.19375432376407717,0.21725505366442882,-0.0546501192746126,-0.030055595703187634
265.0,21.0,0.0,0.0,0.0,0.0,0.0,0.0,0.0,0.0,0.0,0.0,0.0,0.0,0.20439116134871985,0.2278845392341824,-0.04133977034823778,-0.023419635343507248
265.0,21.5,0.0,0.0,0.0,0.0,0.0,0.0,0.0,0.0,0.0,0.0,0.0,0.0,0.2070032161292992,0.23048823531554524,-0.03868698180355459,-0.02207047798731311
265.0,22.0,0.0,0.0,0.0,0.0,0.0,0.0,0.0,0.0,0.0,0.0,0.0,0.0,0.20960640521122134,0.23308195031442527,-0.03624255080989424,-0.020817565446297554
265.0,22.5,0.0,0.0,0.0,0.0,0.0,0.0,0.0,0.0,0.0,0.0,0.0,0.0,0.22283006217404314,0.24628774440381862,-0.02633025543803637,-0.01561092040623334
265.0,23.0,0.0,0.0,0.0,0.0,0.0,0.0,0.0,0.0,0.0,0.0,0.0,0.0,0.23592828058239496,0.2593538320640088,-0.01953885455684977,-0.011917334040278301
265.0,23.5,0.0,0.0,0.0,0.0,0.0,0.0,0.0,0.0,0.0,0.0,0.0,0.0,0.23831151976397422,0.2617028621981558,-0.01853965923038094,-0.011369149179070538
265.0,24.0,0.0,0.0,0.0,0.0,0.0,0.0,0.0,0.0,0.0,0.0,0.0,0.0,0.2406678727799317,0.264022988286587,-0.017611024715991616,-0.010856950722541017
266.0,0.5,0.0,0.0,0.0,0.0,0.0,0.0,0.0,0.0,0.0,0.0,0.0,0.0,0.2560616599924581,0.279349079551038,-0.012739587241021685,-0.00808579011745279
266.0,1.0,0.0,0.0,0.0,0.0,0.0,0.0,0.0,0.0,0.0,0.0,0.0,0.0,0.2632381939428482,0.28644375793011073,-0.011027066862289343,-0.007093098171882999
266.0,1.5,0.0,0.0,0.0,0.0,0.0,0.0,0.0,0.0,0.0,0.0,0.0,0.0,0.27272879782233733,0.2958287830903906,-0.009164813124543297,-0.005993938990045761
266.0,2.0,0.0,0.0,0.0,0.0,0.0,0.0,0.0,0.0,0.0,0.0,0.0,0.0,0.2742587507846556,0.29726649283199225,-0.008900922862125122,-0.005844074051801913
266.0,2.5,0.0,0.0,0.0,0.0,0.0,0.0,0.0,0.0,0.0,0.0,0.0,0.0,0.27327876195065737,0.29620981167224075,-0.00906889434208025,-0.005953779538915466
266.0,3.0,0.0,0.0,0.0,0.0,0.0,0.0,0.0,0.0,0.0,0.0,0.0,0.0,0.27241621759580714,0.29527882126706595,-0.009219868680103825,-0.006052474214233613
266.0,3.5,0.0,0.0,0.0,0.0,0.0,0.0,0.0,0.0,0.0,0.0,0.0,0.0,0.2716429139215541,0.2944415976597166,-0.009357774862662135,-0.006142897335879543
266.0,4.0,0.0,0.0,0.0,0.0,0.0,0.0,0.0,0.0,0.0,0.0,0.0,0.0,0.2709399194313059,0.2936771414089132,-0.009485279982850862,-0.006226870314824275
266.0,4.5,0.0,0.0,0.0,0.0,0.0,0.0,0.0,0.0,0.0,0.0,0.0,0.0,0.2702938819170709,0.2929708828884143,-0.009604283619359215,-0.0063056685445643
266.0,5.0,0.0,0.0,0.0,0.0,0.0,0.0,0.0,0.0,0.0,0.0,0.0,0.0,0.2696950165417048,0.2923122940057499,-0.00971618985465593,-0.006380220885661214
266.0,5.5,0.0,0.0,0.0,0.0,0.0,0.0,0.0,0.0,0.0,0.0,0.0,0.0,0.2691359298531458,0.29169351866273735,-0.009822067721639325,-0.006451225076912803
266.0,6.0,0.0,0.0,0.0,0.0,0.0,0.0,0.0,0.0,0.0,0.0,0.0,0.0,0.26861089347174366,0.2911085396531767,-0.009922751127495289,-0.0065192185192884606
266.0,6.5,0.0,0.0,0.0,0.0,0.0,0.0,0.0,0.0,0.0,0.0,0.014971406603161905,0.014971406603161905,0.26811537511768785,0.29055264738361813,-0.01001890387018982,-0.006584623761530799
266,7.0,2.2159868018249784,2.2247418794018774,0.08979083533377338,0.10310610739003692,16.100057752871077,16.41076654172064,False,False,0.07344337714285709,0.08544329971509707,0.09150641392533149,0.09150641392533149,0.2676438166379495,0.2900201798585358,-0.010111439929222548,-0.006648007266285695
266,7.5,7.827150202161249,7.903261228225771,0.3386303447001935,0.5525003145809574,31.918522613521652,33.45677783742458,False,False,0.24503601970134004,0.4109037532743247,0.2568968609617238,0.2568968609617238,0.26717394518985915,0.2894871129492464,-0.010204659576421242,-0.006712191646234113
266,8.0,9.31700263800219,9.387414994950104,0.4281537817925861,0.5818647966881307,31.70968614067194,32.85492047867109,False,False,0.2801631681556992,0.3923783722869266,0.37115666093079114,0.37115666093079114,0.26667169542113817,0.28889549996993563,-0.01030543745664401,-0.006784291757634293
266,8.5,11.429972039268012,11.419477743715133,0.5941069970999692,0.6019304149487458,31.27673128559283,31.136807376424677,False,False,0.31770005609884155,0.33617086003754226,0.6502130543516877,0.6502130543516877,0.2661618103345827,0.28830330951366806,-0.010408962754543762,-0.006857388270367796
266,9.0,11.898136502007526,11.711401130408404,0.7551880946423905,0.6068569389239993,30.34736205841245,28.567775512674586,False,False,0.2845124784197388,0.23372175237745402,0.7024648027274134,0.7024648027274134,0.2863470969781062,0.3083327125295318,-0.007105612300497069,-0.004828498435919089
266,9.5,3.7500447118205744,3.7809028639826368,0.15635847543083164,0.22770561256768365,16.024108181982882,16.770528778231167,False,False,0.12047336606401796,0.17782089790294778,0.10562549445561688,0.10562549445561688,0.30036436091941726,0.32209975407812425,-0.005536059039930548,-0.003843553704219686
266,10.0,11.662937944236585,11.748077101108617,0.4442621349214906,0.5619081120439612,32.685551924484926,33.78118647077548,False,False,0.430030223641073,0.6250790883449727,0.6685518158129365,0.6685518158129365,0.2988612293454582,0.3203651990981098,-0.005683031920454203,-0.003953489126319447
266,10.5,13.000298675339973,13.063474886704594,0.5627489567273035,0.616088219987146,32.243087739987374,32.90179624631405,False,False,0.4347548653790233,0.5335408379067785,1.0364766416069873,1.0364766416069873,0.2999948226583052,0.3212485948154451,-0.005571767632403592,-0.003897038332997804
266,11.0,4.853231336552358,4.8568911294593144,0.2546324620492606,0.26057024887790836,15.566913331559485,15.623008622855895,False,False,0.13161105221940148,0.13614281921876087,0.1988796140894307,0.1988796140894307,0.3061164720638559,0.327042765266502,-0.005013885119684817,-0.0035496789715833907
266,11.5,10.949766066156197,10.989197962623145,0.5015377144623964,0.5555878776307205,31.78295108154532,32.31888775117473,False,False,0.33388444974368564,0.38751941249417143,0.570869499302902,0.570869499302902,0.3096365087269974,0.33017474615500914,-0.004723252400687382,-0.0033773077415493787
266,12.0,11.835971468592199,11.862551850957827,0.551704308943464,0.5773229401531175,31.7334417491002,32.05939893685937,False,False,0.3575141856526859,0.3936084027332231,0.664929954589296,0.664929954589296,0.3080334819904767,0.32817764235559377,-0.00485304595886875,-0.003486035329705628
266,12.5,5.234654138745715,5.23051271581356,0.24279623800112834,0.231743290811335,15.870449126670014,15.800018004688468,False,False,0.15834074360862213,0.15742847172163177,0.348334714350138,0.348334714350138,0.30660951923011837,0.32634303644061247,-0.004971918927348384,-0.003589609722754604
266,13.0,10.366720757257246,10.416984726438834,0.44124760379987205,0.5173919884097365,16.046286101668844,16.44271615865748,False,False,0.3360498800103164,0.4306863518319081,0.45587354866663754,0.45587354866663754,0.3079407179709585,0.327192019213155,-0.004860686073858587,-0.0035412302548999907
266,13.5,12.185692309207289,12.20971394911036,0.5882879623470522,0.6184810308733544,31.64807755141561,31.940697694016993,False,False,0.3622068483698324,0.40734367702509044,0.7999641623425531,0.7999641623425531,0.30669948678032133,0.32543100197511554,-0.004964306472459808,-0.003642462317623977
266,14.0,11.672124063843231,11.479290149552625,0.7790073291732108,0.6148978778205958,30.293391257498097,28.96969749407708,False,False,0.2787276152290748,0.2370323447255194,1.5152650590934433,1.5152650590934433,0.3055017336863193,0.3236889275395907,-0.005066801854044374,-0.0037460161571824984
266,14.5,11.686412678351369,11.024540975017514,1.0228308304310287,0.650836740388905,28.736745847198545,24.44549608298083,False,False,0.2249812714193537,0.14565391736464722,1.0335155133337828,1.0335155133337828,0.3042728300771398,0.3219102526888673,-0.0051745944833499705,-0.0038553854046274945
266,15.0,3.0980234587180107,3.0367420392425974,0.23652552111702307,0.1771478109640402,14.67673189187423,13.456531707321485,False,False,0.06445197153919782,0.04819632943677511,0.07063885509322664,0.07063885509322664,0.30314328209749836,0.32023466582174026,-0.005276089982297259,-0.0039619128485825295
266,15.5,9.975678960228258,9.912245332826064,0.6019016917235294,0.5677116656950927,30.60954108747559,29.827748486755628,False,False,0.24832856343557608,0.24366825986452875,0.8392371425547295,0.8392371425547295,0.30486462818740945,0.32128812345465435,-0.005122347673712416,-0.0038945349005218084
266,16.0,2.211665529540912,2.2035499702836185,0.12259724878434976,0.11367259792977889,15.441100403963652,15.194547019372537,False,False,0.05750961826753588,0.053604947804592656,0.10074789799255705,0.10074789799255705,0.31000868891643707,0.334190146919611,-0.004693711988798926,-0.003170680299526526
266,16.5,6.853797181442582,6.936642724087176,0.2600390133912966,0.5497830074407234,32.40080627115604,34.23228673558811,False,False,0.23706410583813106,0.5328338475244755,0.32393411771089536,0.32393411771089536,0.3124368393640933,0.3364081826871259,-0.004506298220053773,-0.003063007418391575
266,17.0,8.545756077146901,8.614224669942587,0.3475529136320138,0.5117368252736652,32.15600766187996,33.075863584931255,False,False,0.2806488687779748,0.4372810270198775,0.41649568051358205,0.41649568051358205,0.31130801206516084,0.3336609901773141,-0.004592294391611268,-0.0031970304092097863
266.0,17.5,0.0,0.0,0.0,0.0,0.0,0.0,0.0,0.0,0.0,0.0,0.0,0.0,0.3110807174411946,0.3335495109483284,-0.004609845825785375,-0.0032026149016594974
266.0,18.0,0.0,0.0,0.0,0.0,0.0,0.0,0.0,0.0,0.0,0.0,0.0,0.0,0.3101730381244561,0.3311203766512368,-0.004680737478324382,-0.0033272369464623403
266.0,18.5,0.0,0.0,0.0,0.0,0.0,0.0,0.0,0.0,0.0,0.0,0.0,0.0,0.3093268011409415,0.32886113564146713,-0.004748003265091689,-0.003448361078851633
266.0,19.0,0.0,0.0,0.0,0.0,0.0,0.0,0.0,0.0,0.0,0.0,0.0,0.0,0.30853244496324267,0.3267451575389929,-0.004812195602881091,-0.0035665972491155974
266.0,19.5,0.0,0.0,0.0,0.0,0.0,0.0,0.0,0.0,0.0,0.0,0.0,0.0,0.3077826190710744,0.32475901071613644,-0.004873740271160186,-0.003681998227368512
266.0,20.0,0.0,0.0,0.0,0.0,0.0,0.0,0.0,0.0,0.0,0.0,0.0,0.0,0.3070715297319882,0.32289307856533506,-0.0049329737594675845,-0.0037944890067743964
266.0,20.5,0.0,0.0,0.0,0.0,0.0,0.0,0.0,0.0,0.0,0.0,0.0,0.0,0.3063945141556383,0.32113863485739436,-0.00499016763220859,-0.0039040124219922863
266.0,21.0,0.0,0.0,0.0,0.0,0.0,0.0,0.0,0.0,0.0,0.0,0.0,0.0,0.3057477530457326,0.3194871826019742,-0.005045545002301153,-0.004010564230013058
266.0,21.5,0.0,0.0,0.0,0.0,0.0,0.0,0.0,0.0,0.0,0.0,0.0,0.0,0.3051280705153949,0.31793047461989526,-0.005099292011355941,-0.004114189918632896
266.0,22.0,0.0,0.0,0.0,0.0,0.0,0.0,0.0,0.0,0.0,0.0,0.0,0.0,0.30453279109159154,0.316460666044349,-0.005151566040420481,-0.004214971543505418
266.0,22.5,0.0,0.0,0.0,0.0,0.0,0.0,0.0,0.0,0.0,0.0,0.0,0.0,0.30395963515202246,0.31507043661109424,-0.005202501716411003,-0.004313014547836956
266.0,23.0,0.0,0.0,0.0,0.0,0.0,0.0,0.0,0.0,0.0,0.0,0.0,0.0,0.303406640913731,0.3137530539328334,-0.005252215393960213,-0.0044084373382073236
266.0,23.5,0.0,0.0,0.0,0.0,0.0,0.0,0.0,0.0,0.0,0.0,0.0,0.0,0.3028721051880352,0.31250238775851974,-0.005300808558885537,-0.00450136383381459
266.0,24.0,0.0,0.0,0.0,0.0,0.0,0.0,0.0,0.0,0.0,0.0,0.0,0.0,0.30235453766988707,0.31131289183284383,-0.005348370453555158,-0.004591918455352591
267.0,0.5,0.0,0.0,0.0,0.0,0.0,0.0,0.0,0.0,0.0,0.0,0.0,0.0,0.30185262516618944,0.31017956729279766,-0.005394980130733012,-0.004680222917771593
267.0,1.0,0.0,0.0,0.0,0.0,0.0,0.0,0.0,0.0,0.0,0.0,0.0,0.0,0.30136520324221533,0.3090979173011943,-0.005440708080855823,-0.004766394288194016
267.0,1.5,0.0,0.0,0.0,0.0,0.0,0.0,0.0,0.0,0.0,0.0,0.0,0.0,0.30089123348653896,0.30806389904375275,-0.005485617536275903,-0.004850543902873452
267.0,2.0,0.0,0.0,0.0,0.0,0.0,0.0,0.0,0.0,0.0,0.0,0.0,0.0,0.3004297850886226,0.30707387667868924,-0.0055297655276200265,-0.004932776853454646
267.0,2.5,0.0,0.0,0.0,0.0,0.0,0.0,0.0,0.0,0.0,0.0,0.0,0.0,0.2999800197672778,0.30612457716695163,-0.00557320374761806,-0.005013191841918061
267.0,3.0,0.0,0.0,0.0,0.0,0.0,0.0,0.0,0.0,0.0,0.0,0.0,0.0,0.29954117933192514,0.3052130498793411,-0.0056159792637249665,-0.005091881267817849
267.0,3.5,0.0,0.0,0.0,0.0,0.0,0.0,0.0,0.0,0.0,0.0,0.0,0.0,0.3017280266332461,0.3068990360681995,-0.005406625750614018,-0.004947471443669519
267.0,4.0,0.0,0.0,0.0,0.0,0.0,0.0,0.0,0.0,0.0,0.0,0.0,0.0,0.3012561250838091,0.30595895083783364,-0.005451004499030469,-0.00502738155935479
267.0,4.5,0.0,0.0,0.0,0.0,0.0,0.0,0.0,0.0,0.0,0.0,0.0,0.0,0.30079671629374016,0.3050602265725465,-0.005494625947511492,-0.005105217663135922
267.0,5.0,0.0,0.0,0.0,0.0,0.0,0.0,0.0,0.0,0.0,0.0,0.0,0.0,0.30034885604100536,0.30419885374450645,-0.005537551790542226,-0.005181170022393745
267.0,5.5,0.0,0.0,0.0,0.0,0.0,0.0,0.0,0.0,0.0,0.0,0.0,0.0,0.2999117021276682,0.30337147655844876,-0.0055798373595835815,-0.0052553957339808366
267.0,6.0,0.0,0.0,0.0,0.0,0.0,0.0,0.0,0.0,0.0,0.0,0.0,0.0,0.29948449949997064,0.30257524468478186,-0.00562153255006814,-0.005328026647404957
267.0,6.5,0.0,0.0,0.0,0.0,0.0,0.0,0.0,0.0,0.0,0.0,0.0,0.0,0.29906656805804716,0.30180770626219167,-0.0056626825808643155,-0.005399175034237662
267,7.0,0.9379695421034522,0.9569175322313719,0.024621456268016404,0.11762452723848668,16.796695915790323,18.120510165082393,True,True,0.043800876649821276,0.21970245948861483,0.06364989216539772,0.06364989216539772,0.2986572925879831,0.30106672899052506,-0.005703328621373335,-0.0054689377268316314
267,7.5,5.270179656143397,5.333992554289178,0.1388755496395877,0.5798283271223452,16.783105204542938,18.066775661918488,False,False,0.2441563380364951,1.306493104631325,0.18287886840273646,0.18287886840273646,0.2982448657204309,0.30032734049335313,-0.0057446397663620564,-0.005539624020046444
267,8.0,7.712679022338934,7.819977548136611,0.24309012831111224,0.5383206539523493,33.40617737342053,35.48999470732795,False,False,0.3414010712885801,0.9633600056822487,0.61032299730918,0.61032299730918,0.297810273505057,0.2995368902282534,-0.005788557511161404,-0.0056163992660347335
267,8.5,9.642185838188997,9.745559586945205,0.35045329309155365,0.5198649152245163,32.92738456779972,34.398392220692116,False,False,0.37663298838246856,0.6769892255204062,0.7571603210368107,0.7571603210368107,0.29731505294382765,0.2987188131095707,-0.0058390906540412854,-0.005697196739040315
267,9.0,11.662103352206229,11.707269062399021,0.5721297881665711,0.5587465162680436,31.805949516730674,32.2628466732867,False,False,0.363350050924645,0.42625928252646783,1.056453858705644,1.056453858705644,0.29679413422466183,0.2979046043129896,-0.005892814381408842,-0.005778991009126448
267,9.5,12.472751823816889,12.256767664983757,0.8463624186530994,0.6199049601215566,30.359608464944742,28.886721404741536,False,False,0.3050076678836726,0.2629432092775479,1.3728267860180905,1.3728267860180905,0.2962131293837208,0.29706633411508804,-0.005953431270879741,-0.005864668560883108
267,10.0,12.582850739326242,12.052713997314761,0.988960343918352,0.6250756418650342,29.453004831799234,26.177667202712993,False,False,0.2684919121056124,0.18535778229554345,1.6006242688614445,1.6006242688614445,0.2955628025143011,0.29619790538204244,-0.006022164024516374,-0.005955029570294136
267,10.5,12.472659978834022,11.13675269493125,1.2833526827871198,0.6581112513625509,27.93507531523162,21.731183328934986,False,False,0.2212503322570935,0.12052996922805702,1.8521443557545156,1.8521443557545156,0.29487088120199456,0.29531675704354193,-0.006096333629756531,-0.006048414711187069
267,11.0,13.069290813881334,11.469866690352365,1.3973958168159772,0.6942062919937676,27.613932167669,20.63638900151915,False,False,0.22360257925810678,0.11537447326434422,1.6828720374136872,1.6828720374136872,0.2941146894595742,0.2944154185007139,-0.006178640944371088,-0.0061457506314277375
267,11.5,13.2500206489071,11.657367159698325,1.3854025606858285,0.6879702246708963,27.693947234649897,20.333183730608425,False,False,0.22649952917526933,0.11465449687228499,1.1676532021335366,1.1676532021335366,0.29337054590440526,0.29354630217104627,-0.006260932635016156,-0.006241379290265231
267,12.0,12.874229755702572,10.642049905880832,1.555544204320426,0.694155289723357,26.886478955854834,18.335672360351275,False,False,0.2039499976442249,0.09345143868989614,1.800520815014669,1.800520815014669,0.2926983310289518,0.2927581341932098,-0.006336394876705395,-0.006329637674055331
267,12.5,12.244914305185695,10.097627311187544,1.545065315554216,0.7029808973655937,26.674898018017505,18.44888154006169,False,False,0.1899567001499749,0.08930753564655865,2.027430118837554,2.027430118837554,0.29192828471973004,0.29190233430687634,-0.006424175482513915,-0.006427158820401322
267,13.0,12.983781993907364,10.402589392641765,1.6662129421962475,0.7120246820621091,26.463270791866467,17.080222814941457,False,False,0.1973707130014019,0.08550661871952486,1.432739196186852,1.432739196186852,0.29113492791152407,0.2910296577296947,-0.006516133018450119,-0.006528452333756234
267,13.5,11.325565417144709,10.178574015380637,1.2643329958032454,0.678332638139561,27.21002695246236,19.949092015606194,False,False,0.18403255443253203,0.09854115507535202,0.5899062378001849,0.5899062378001849,0.29040597394971457,0.29024418167530674,-0.006602011248928682,-0.006621254501959448
267,14.0,12.077613059218466,10.766929954073094,1.2912841027771567,0.6816356556651936,27.49915692099639,20.40361602640688,False,False,0.20222517728461398,0.10725107339704973,0.8082707725713292,0.8082707725713292,0.2898395013906656,0.28958242164223646,-0.00666967975312411,-0.006700661901217143
267,14.5,11.631104968730465,10.277433350016592,1.2896814339665927,0.6868845615281042,27.29310990640341,20.1053016077459,False,False,0.19061502075224995,0.10204135182706034,0.8057984319596244,0.8057984319596244,0.2892454586707315,0.2889039176176911,-0.0067415313150124955,-0.0067832594433347125
267,15.0,10.376128469427492,9.334369454922761,1.1783296365094313,0.6759787283242998,27.11301686586979,20.216200707926383,False,False,0.1669505305232256,0.09562694641165828,0.5281767744514944,0.5281767744514944,0.28865547381256357,0.28823608301090364,-0.00681380674516706,-0.006865745485920557
267,15.5,12.3198928157065,10.297440298981263,1.5310932238266883,0.7054889447652164,26.657884901134214,17.599185543236963,False,False,0.1902027872323671,0.08880987341357562,1.4722368431570423,1.4722368431570423,0.2881184618656959,0.28761558947635324,-0.006880396685371575,-0.006943457407578873
267,16.0,7.709992578947738,6.884289680941103,0.9673647344151921,0.6578975313764259,26.52970534587924,20.406793912851466,False,False,0.11714164249927644,0.07956350501572734,0.40099043672370244,0.3945368009244423,0.2874194805356207,0.2868811819300167,-0.00696823616069359,-0.007036794689847185
267,16.5,3.6120003516145047,3.678076721652917,0.41480013627955326,0.5416194055462528,13.483648367105037,14.423550722789237,False,False,0.05727249057647312,0.07411729982849045,0.07295872375598463,0.07073425501199926,0.28693203596420513,0.2862999268351051,-0.007030283571898821,-0.007111728693251923
267,17.0,7.369279243366342,7.0232597270983925,0.8157721399482095,0.6229393412536705,27.192880878172765,21.22311141892051,False,False,0.11953629742524538,0.09055584624190921,0.3086828854658175,0.2966443688158667,0.2865599079399649,0.2857841314683618,-0.007078095626203476,-0.007179021143436758
267.0,17.5,0.0,0.0,0.0,0.0,0.0,0.0,0.0,0.0,0.0,0.0,0.0,0.0,0.2861096679706453,0.2852382106025258,-0.007136462680995242,-0.007251071988087521
267.0,18.0,0.0,0.0,0.0,0.0,0.0,0.0,0.0,0.0,0.0,0.0,0.0,0.0,0.2858056790053596,0.2848181665649944,-0.007176194833999243,-0.007307096556532018
267.0,18.5,0.0,0.0,0.0,0.0,0.0,0.0,0.0,0.0,0.0,0.0,0.0,0.0,0.28550459173139475,0.2844064981328407,-0.0072158078005766626,-0.007362505135756031
267.0,19.0,0.0,0.0,0.0,0.0,0.0,0.0,0.0,0.0,0.0,0.0,0.0,0.0,0.2852063565178204,0.28400290572855563,-0.007255302640891768,-0.007417313360956356
267.0,19.5,0.0,0.0,0.0,0.0,0.0,0.0,0.0,0.0,0.0,0.0,0.0,0.0,0.2849109296949866,0.28360710509701825,-0.007294679764384171,-0.007471536237819493
267.0,20.0,0.0,0.0,0.0,0.0,0.0,0.0,0.0,0.0,0.0,0.0,0.0,0.0,0.2846182724693788,0.2832188262252458,-0.007333939050602302,-0.007525188186579973
267.0,20.5,0.0,0.0,0.0,0.0,0.0,0.0,0.0,0.0,0.0,0.0,0.0,0.0,0.2843283500073033,0.2828378123707177,-0.007373079952860948,-0.007578283080364846
267.0,21.0,0.0,0.0,0.0,0.0,0.0,0.0,0.0,0.0,0.0,0.0,0.0,0.0,0.28404113066302905,0.28246381918284946,-0.0074121015869994,-0.0076308342788797
267.0,21.5,0.0,0.0,0.0,0.0,0.0,0.0,0.0,0.0,0.0,0.0,0.0,0.0,0.28375658533054615,0.28209661390500584,-0.007451002807206639,-0.007682854658269748
267.0,22.0,0.0,0.0,0.0,0.0,0.0,0.0,0.0,0.0,0.0,0.0,0.0,0.0,0.2834746869010832,0.28173597464666034,-0.007489782270616638,-0.00773435663781755
267.0,22.5,0.0,0.0,0.0,0.0,0.0,0.0,0.0,0.0,0.0,0.0,0.0,0.0,0.2831954098110534,0.2813816897170717,-0.00752843849215282,-0.007785352204003719
267.0,23.0,0.0,0.0,0.0,0.0,0.0,0.0,0.0,0.0,0.0,0.0,0.0,0.0,0.28291872966724874,0.2810335570132577,-0.007566969890908766,-0.007835852932351683
267.0,23.5,0.0,0.0,0.0,0.0,0.0,0.0,0.0,0.0,0.0,0.0,0.0,0.0,0.28264462293793896,0.28069138345617634,-0.007605374829186654,-0.007885870007394621
267.0,24.0,0.0,0.0,0.0,0.0,0.0,0.0,0.0,0.0,0.0,0.0,0.0,0.0,0.2823730667001068,0.2803549844699468,-0.0076436516451725,-0.007935414241037202
268.0,0.5,0.0,0.0,0.0,0.0,0.0,0.0,0.0,0.0,0.0,0.0,0.0,0.0,0.2821040384344056,0.2800241834996828,-0.00768179868010275,-0.007984496089533537
268.0,1.0,0.0,0.0,0.0,0.0,0.0,0.0,0.0,0.0,0.0,0.0,0.0,0.0,0.28183751586059236,0.27969881156413195,-0.007719814300669053,-0.008033125669261273
268.0,1.5,0.0,0.0,0.0,0.0,0.0,0.0,0.0,0.0,0.0,0.0,0.0,0.0,0.28157347680719613,0.27937870683981336,-0.00775769691731373,-0.008081312771439997
268.0,2.0,0.0,0.0,0.0,0.0,0.0,0.0,0.0,0.0,0.0,0.0,0.0,0.0,0.28131189911005217,0.27906371427377147,-0.007795444998986201,-0.008129066875915593
268.0,2.5,0.0,0.0,0.0,0.0,0.0,0.0,0.0,0.0,0.0,0.0,0.0,0.0,0.2810527605350848,0.27875368522241456,-0.00783305708485842,-0.008176397164112031
268.0,3.0,0.0,0.0,0.0,0.0,0.0,0.0,0.0,0.0,0.0,0.0,0.0,0.0,0.2807960387213742,0.27844847711420323,-0.007870531793434294,-0.008223312531234955
268.0,3.5,0.0,0.0,0.0,0.0,0.0,0.0,0.0,0.0,0.0,0.0,0.0,0.0,0.2805417111411055,0.2781479531342056,-0.007907867829432426,-0.0082698215977987
268.0,4.0,0.0,0.0,0.0,0.0,0.0,0.0,0.0,0.0,0.0,0.0,0.0,0.0,0.2802897550734889,0.2778519819287519,-0.007945063988772965,-0.008315932720536942
268.0,4.5,0.0,0.0,0.0,0.0,0.0,0.0,0.0,0.0,0.0,0.0,0.0,0.0,0.2800401475901594,0.27756043732860447,-0.007982119161956826,-0.00836165400274897
268.0,5.0,0.0,0.0,0.0,0.0,0.0,0.0,0.0,0.0,0.0,0.0,0.0,0.0,0.2797928655499336,0.2772731980892203,-0.008019032336087467,-0.008406993304125962
268.0,5.5,0.0,0.0,0.0,0.0,0.0,0.0,0.0,0.0,0.0,0.0,0.0,0.0,0.2795478856011145,0.27699014764681934,-0.008055802595753312,-0.008451958250096427
268.0,6.0,0.0,0.0,0.0,0.0,0.0,0.0,0.0,0.0,0.0,0.0,0.0,0.0,0.27930518418981104,0.27671117388909694,-0.008092429122959214,-0.008496556240724332
268.0,6.5,0.0,0.0,0.0,0.0,0.0,0.0,0.0,0.0,0.0,0.0,0.0,0.0,0.27906473757297245,0.27643616893952067,-0.008128911196270626,-0.008540794459190414
268,7.0,1.345851615217554,1.369605899390037,0.06566522573406589,0.10697002038313083,15.692981705379854,16.71372360129815,True,True,0.0381362678763697,0.06280025268964953,0.0816440207798089,0.07674601832239769,0.27882652183504303,0.27616502895425044,-0.008165248189311613,-0.008584679879882989
268,7.5,6.856328848000558,6.926422187451632,0.36944372925745683,0.5512471231910214,30.91544050403247,32.61261810868177,False,False,0.17925808530362028,0.2715087336978172,0.24425724997579337,0.22893335379231625,0.2785717408794585,0.2758742424839423,-0.008204326409559275,-0.008632044112982087
268,8.0,9.0163681168363,9.011662107913484,0.555069046719345,0.5719377575591538,30.344268863954944,30.191894573196258,False,False,0.2155024058256981,0.22577657369020965,0.43331688647510175,0.401509010795448,0.278259708935094,0.2755111155081104,-0.008252489766688702,-0.008691629319407876
268,8.5,11.192036387481783,10.927003507531182,0.7922523017546782,0.5941724599353372,29.740871137269643,27.28273660690896,False,False,0.24526798709947323,0.18879656127761663,0.7450411821227183,0.6805027371742127,0.27790208814249934,0.2751269358396092,-0.008308104875087432,-0.00875520334730487
268,9.0,12.037288156181091,11.30574428217584,1.0448563006109919,0.6485629555153279,28.740272951115283,24.14877796653297,False,False,0.2318351167023078,0.14806697030929888,1.088592432536803,0.9755683364584286,0.2774766524388484,0.2747078560425583,-0.008374848873888157,-0.008825185549062652
268,9.5,12.550761550457006,10.982510696901741,1.360080709093724,0.6870266224084031,27.513149583591385,20.289286454303706,False,False,0.2104574404719293,0.10845639846121823,1.3364303397633823,1.1685071383459469,0.2769773564833048,0.2742476439938073,-0.008453996992238623,-0.008902805707638529
268,10.0,12.686110225664251,10.386861317697925,1.5781357933038327,0.7020189674922042,26.68018117774481,17.90256621049397,False,False,0.1966969825416876,0.08898146111387112,1.5862310989887245,1.3474618664756703,0.27640839296533487,0.27376126030088643,-0.008545277836754834,-0.008985725825608219
268,10.5,12.842914272783549,10.097676900953566,1.7083803395857762,0.7164847213078579,26.298130807766654,16.899499720227055,False,False,0.19218613670073154,0.08220418875768676,1.7513066340582868,1.4396506178310486,0.27578186992204146,0.27325339762361067,-0.008647155171493334,-0.009073291722688368
268,11.0,12.578764793858337,9.396149258635337,1.8105754905890086,0.7152863003875845,25.84488206283026,15.908457397139918,False,False,0.18051882208142378,0.07283328151201049,1.9736279448909908,1.5655169533635338,0.275119749769746,0.27273510229528064,-0.008756397766245325,-0.009163706737727043
268,11.5,12.880652434918982,9.209237567602994,1.9435278704237535,0.7176118079865639,25.540968969271454,14.801089399510461,False,True,0.1799459874595163,0.06754360109838792,1.8068965020418222,1.4495237283364575,0.2744182877682649,0.27220400387885646,-0.008873930113365616,-0.009257471064323564
268,12.0,12.46579132175542,8.814424792216808,1.95573057575954,0.7304648827457138,25.31172231335977,14.773406232634933,False,False,0.17055260462730643,0.06470750154605208,1.8076772647816204,1.4728927344151053,0.2737231185150335,0.2716904017596561,-0.008992267174390207,-0.009349235661376656
268,12.5,12.275780935702603,8.584870364709529,1.9620677194690903,0.7239314980678537,25.214860526153988,14.591084904484587,False,False,0.16651408762376946,0.06247670890420245,1.807383800156111,1.497258897501949,0.27302825911596346,0.2711751251145982,-0.00911243525483988,-0.009442390616393312
268,13.0,11.935356341404418,8.383169967584411,1.914697570293525,0.7233232663190798,25.17932015494293,14.81105641985015,False,False,0.161434833743406,0.06190978666199373,1.5229360505582332,1.2845757609371127,0.272334570312331,0.2706604497313461,-0.009234314275124814,-0.009536542948235542
268,13.5,12.203710530192524,8.48237660445024,1.9755616395165436,0.7270402338843143,25.135312083347298,14.400804476634875,False,False,0.16446058892372478,0.06152435429147415,1.5035001961997827,1.291929425349565,0.27168508333680286,0.270175763027943,-0.009350191551452332,-0.009626233676650256
268,14.0,12.446168831237395,8.617973142197153,2.011277299774749,0.7278507565370189,25.138480056447108,14.036594931022819,False,False,0.16760341387446798,0.06149569482068697,1.436881474057445,1.2609754629478702,0.27103221119489845,0.26969241069451644,-0.009468423118984475,-0.009716680177240337
268,14.5,12.204508922051678,8.404306822692261,1.992238118828797,0.7164187233665659,25.063445459645486,13.777539910382743,False,False,0.16327012621924172,0.059335749203928964,1.1985936261972885,1.0769073594480345,0.27038514826906457,0.26921558357120684,-0.009587364406529304,-0.009806899512527932
268,15.0,11.886589254881363,8.457014311630681,1.9028080490704342,0.7180606501044371,25.162574445592952,14.111955806622506,False,False,0.16024557418562935,0.06088092252981192,0.9623820278192182,0.886915103382732,0.26977272560978066,0.2687662943038006,-0.009701581464835818,-0.009892823155760294
268,15.5,11.517201043563468,8.32110816131271,1.8509292529922328,0.7188037327112257,25.147409761330017,14.072364829398929,False,False,0.15457880045730238,0.060221794662837586,0.7623709273570879,0.7206938761989469,0.26920362616112437,0.26834357443659135,-0.009809174743540329,-0.009974485725366833
268,16.0,10.836602980268228,8.156474841112091,1.7297960533337593,0.7239136275574539,25.16126514026704,14.373686818285531,False,False,0.14561433180663796,0.06087635940592357,0.555484125314213,0.5390863754533193,0.26866842915342437,0.2679444537729392,-0.009911658020895393,-0.010052327490895147
268,16.5,9.761789218374597,7.852513185355529,1.5103166559646835,0.71487254899734,25.328603291308003,15.259652853823798,False,False,0.13305244019837806,0.06268493203069339,0.36563587490940935,0.3638606237776769,0.2681768138866721,0.2675702827546833,-0.010006921899759182,-0.010125961428412409
268,17.0,7.385761221055591,6.608401042525083,1.0857084710265503,0.6811722194602746,25.614346961704285,17.25896341164813,False,False,0.10319378645184449,0.06426626189793061,0.1647967159837713,0.16752226251264657,0.2677391196535594,0.26722199929823137,-0.010092656354237896,-0.010195079063330168
268.0,17.5,0.0,0.0,0.0,0.0,0.0,0.0,0.0,0.0,0.0,0.0,0.0,0.0,0.2673828654266651,0.2669053856964097,-0.010163085191601811,-0.010258400010678483
268.0,18.0,0.0,0.0,0.0,0.0,0.0,0.0,0.0,0.0,0.0,0.0,0.0,0.0,0.26718768251186414,0.2666992299691256,-0.010201919681872607,-0.01029988193581678
268.0,18.5,0.0,0.0,0.0,0.0,0.0,0.0,0.0,0.0,0.0,0.0,0.0,0.0,0.2669941941972522,0.26649533307194806,-0.010240591640308681,-0.010341106080749932
268.0,19.0,0.0,0.0,0.0,0.0,0.0,0.0,0.0,0.0,0.0,0.0,0.0,0.0,0.26680237934039636,0.2662936488769848,-0.010279101652891101,-0.010382076401437457
268.0,19.5,0.0,0.0,0.0,0.0,0.0,0.0,0.0,0.0,0.0,0.0,0.0,0.0,0.2666122170086485,0.26609413261486214,-0.010317450336779646,-0.010422796759161208
268.0,20.0,0.0,0.0,0.0,0.0,0.0,0.0,0.0,0.0,0.0,0.0,0.0,0.0,0.2664236864809794,0.2658967408226225,-0.010355638338929777,-0.01046327092362215
268.0,20.5,0.0,0.0,0.0,0.0,0.0,0.0,0.0,0.0,0.0,0.0,0.0,0.0,0.2662367672499134,0.26570143129410173,-0.01039366633467563,-0.010503502575903658
268.0,21.0,0.0,0.0,0.0,0.0,0.0,0.0,0.0,0.0,0.0,0.0,0.0,0.0,0.26605143902349115,0.2655081630326424,-0.010431535026293598,-0.010543495311309072
268.0,21.5,0.0,0.0,0.0,0.0,0.0,0.0,0.0,0.0,0.0,0.0,0.0,0.0,0.2658676817272042,0.26531689620600996,-0.010469245141558519,-0.010583252642080307
268.0,22.0,0.0,0.0,0.0,0.0,0.0,0.0,0.0,0.0,0.0,0.0,0.0,0.0,0.26568547550585414,0.26512759210338754,-0.010506797432302907,-0.010622778000004282
268.0,22.5,0.0,0.0,0.0,0.0,0.0,0.0,0.0,0.0,0.0,0.0,0.0,0.0,0.26550480072529953,0.26494021309433324,-0.010544192672987894,-0.0106620747389132
268.0,23.0,0.0,0.0,0.0,0.0,0.0,0.0,0.0,0.0,0.0,0.0,0.0,0.0,0.2653256379740618,0.2647547225895928,-0.010581431659292906,-0.010701146137084054
268.0,23.5,0.0,0.0,0.0,0.0,0.0,0.0,0.0,0.0,0.0,0.0,0.0,0.0,0.2651479680647669,0.2645710850036652,-0.010618515206730494,-0.010739995399543007
268.0,24.0,0.0,0.0,0.0,0.0,0.0,0.0,0.0,0.0,0.0,0.0,0.0,0.0,0.2649717720354071,0.26438926571902893,-0.010655444149290871,-0.010778625660279035
269.0,0.5,0.0,0.0,0.0,0.0,0.0,0.0,0.0,0.0,0.0,0.0,0.0,0.0,0.26479703115041103,0.26420923105193783,-0.010692219338120267,-0.010817039984371831
269.0,1.0,0.0,0.0,0.0,0.0,0.0,0.0,0.0,0.0,0.0,0.0,0.0,0.0,0.2646237269015144,0.26403094821970663,-0.010728841640236185,-0.010855241370037974
269.0,1.5,0.0,0.0,0.0,0.0,0.0,0.0,0.0,0.0,0.0,0.0,0.0,0.0,0.26445184100842767,0.263854385309406,-0.010765311937282099,-0.01089323275059939
269.0,2.0,0.0,0.0,0.0,0.0,0.0,0.0,0.0,0.0,0.0,0.0,0.0,0.0,0.264281355419299,0.26367951124789657,-0.010801631124323297,-0.010931016996377912
269.0,2.5,0.0,0.0,0.0,0.0,0.0,0.0,0.0,0.0,0.0,0.0,0.0,0.0,0.2641122523109744,0.26350629577313184,-0.010837800108685205,-0.010968596916519269
269.0,3.0,0.0,0.0,0.0,0.0,0.0,0.0,0.0,0.0,0.0,0.0,0.0,0.0,0.26394451408905756,0.2633347094066664,-0.010873819808835073,-0.011005975260750145
269.0,3.5,0.0,0.0,0.0,0.0,0.0,0.0,0.0,0.0,0.0,0.0,0.0,0.0,0.2637781233877744,0.26316472342730945,-0.010909691153307357,-0.01104315472107098
269.0,4.0,0.0,0.0,0.0,0.0,0.0,0.0,0.0,0.0,0.0,0.0,0.0,0.0,0.2636130630696484,0.2629963098458659,-0.010945415079673088,-0.011080137933387699
269.0,4.5,0.0,0.0,0.0,0.0,0.0,0.0,0.0,0.0,0.0,0.0,0.0,0.0,0.2634493162249931,0.26282944138091235,-0.010980992533552895,-0.011116927479085097
269.0,5.0,0.0,0.0,0.0,0.0,0.0,0.0,0.0,0.0,0.0,0.0,0.0,0.0,0.2632868661712304,0.2626640914355572,-0.011016424467673386,-0.011153525886544334
269.0,5.5,0.0,0.0,0.0,0.0,0.0,0.0,0.0,0.0,0.0,0.0,0.0,0.0,0.26312569645204126,0.2625002340751363,-0.011051711840966432,-0.011189935632607282
269.0,6.0,0.0,0.0,0.0,0.0,0.0,0.0,0.0,0.0,0.0,0.0,0.0,0.0,0.26296579083635924,0.2623378440058018,-0.011086855617710218,-0.011226159143989606
269.0,6.5,0.0,0.0,0.0,0.0,0.0,0.0,0.0,0.0,0.0,0.0,0.0,0.0,0.26280713331721445,0.262176896553959,-0.011121856766711615,-0.011262198798645155
269,7.0,1.410806205363406,1.427146411075088,0.08104051543829931,0.10559167219999527,15.360653399447134,16.045863577352655,False,False,0.03574492139018926,0.04684516947457813,0.026333403931596142,0.027080498482353107,0.2626497081104371,0.2620173676465131,-0.011156716260528686,-0.01129805692708358
269,7.5,7.03496437125372,7.088964617233596,0.4346568245039004,0.5745223427894735,30.349425603474106,31.382401248417473,False,False,0.168274768488125,0.22523564997526407,0.11967469913840208,0.12299468443800546,0.2624798166954161,0.2618423270073987,-0.01119448236959887,-0.01133755833818644
269,8.0,9.220131329047188,9.1723869207625,0.6479998482139357,0.6096334038285922,29.77661320220062,29.0681735278297,False,False,0.20305444172350237,0.19413216371418138,0.22815168056383658,0.23364546130740424,0.26225416963373505,0.26159667873841685,-0.0112448784887882,-0.01139327164133463
269,8.5,11.018833632064899,10.65830501628955,0.8772073027947671,0.6177959738859552,29.19325248097882,26.03306388730181,False,False,0.22453381265090594,0.16108629137591474,0.3403344994808577,0.3490689280135864,0.2619886984336127,0.26133380537410533,-0.011304515463890403,-0.01145325332339182
269,9.0,11.772374738474989,11.166292952609401,1.0073063404040792,0.6389533455347685,28.865518747865018,24.66442970876743,False,False,0.2302239360859507,0.14974625548770676,0.43454479177090877,0.4494298268957262,0.26168089429278124,0.2610565109848911,-0.011374134790218444,-0.011516933792174494
269,9.5,12.39385313678974,11.290555387840588,1.2148903100801258,0.6601597946933199,28.11457776504981,22.255673475560005,False,False,0.22394206439364897,0.1253640136615985,0.5324867376801733,0.5575635764956307,0.2613456624683267,0.2607650377309131,-0.01145053971567434,-0.011584325738402757
269,10.0,12.70804086605839,11.253984573951973,1.3236057480775114,0.6684806481987581,27.81517270847687,21.164594033266933,False,False,0.2218878634841333,0.11569052926190626,0.6119553148668289,0.6534142589891218,0.2609726388231056,0.260458367998024,-0.011536278013437307,-0.011655739161566668
269,10.5,12.99476030614564,11.212244062446501,1.4232805084925058,0.6789276111481091,27.56502035480154,20.386744831539417,False,False,0.22099094418119136,0.1094104441291,0.6474722809454166,0.7087520585410515,0.2605767622918755,0.26013968873705756,-0.011628106983675564,-0.011730505678949284
269,11.0,13.033295669047138,10.808888826043052,1.536432208598584,0.6939840667934721,27.15093797619157,19.327871028027854,False,False,0.21211621280582035,0.09920152803034038,0.6621819667048181,0.7475742855271857,0.2601647717675391,0.2598138717870944,-0.011724600178979487,-0.011807538325772556
269,11.5,12.789676049287102,10.317166475748426,1.580206783907253,0.6940539937595287,26.89870194689238,18.891736205806918,False,False,0.2028372151779468,0.0923799026007718,0.6583082361806679,0.7724493414410936,0.2597375875200516,0.2594824149322383,-0.011825661141456285,-0.011886523682724567
269,12.0,12.509986173450304,9.910946692268762,1.6017503709725316,0.69618936405662,26.697612262499778,18.637995613774187,False,False,0.19443886620151374,0.0876256742131238,0.6196146024711213,0.7609830671111949,0.25930640495467944,0.2591489862738401,-0.011928722292081285,-0.01196661490144431
269,12.5,11.743521116513257,9.855001893339326,1.495584043710379,0.6976272740099703,26.55296745405287,17.87394249708239,False,False,0.17882228612215406,0.08326399568736065,0.1835066878082499,0.2376761502057718,0.25887848077573944,0.2588179351102908,-0.012032064417635798,-0.012046771962044407
269,13.0,10.711577438998464,9.291000980186526,1.35708409586579,0.6865859296852247,26.571924140193268,18.685999846146053,False,False,0.16340506221843187,0.08240003937851799,0.13309145831983216,0.18192442747927465,0.25852071977277463,0.2585545574419173,-0.012119281910684619,-0.012111000545180328
269,13.5,12.401613467194375,9.999442984250862,1.6057152438556668,0.7042571241625906,26.473119661922908,17.27995270017895,False,False,0.18741086394880543,0.0822839777658379,0.19302302792886952,0.2781282372514521,0.25818807936219074,0.2583008439173932,-0.012201051898317541,-0.01217325856839594
269,14.0,10.825950986051762,9.124427501855813,1.420776646236292,0.680529082507181,26.3669866110112,17.690548363566283,False,False,0.16196678149951083,0.07732846235326268,0.11232563377146113,0.1747711916913491,0.25781715169088437,0.25803375413601104,-0.012293010170641005,-0.012239211419805048
269,14.5,11.439581074818427,8.914082107491085,1.5895771651686805,0.6953439367173955,26.07426618038158,16.83931982092087,False,False,0.16656193667352526,0.0731481217869904,0.169556237925587,0.2846421450472139,0.25748109583464385,0.2577839773288853,-0.012377037002810594,-0.012301274730505499
269,15.0,9.845916367701776,8.35300713623783,1.327859485412558,0.6821134189040459,26.213280297379633,18.06581563406055,False,False,0.14520547916229365,0.07436594727483883,0.07434923109877856,0.1385248832948475,0.2571172448063318,0.25751941301331505,-0.012468786468756406,-0.012367421751717834
269,15.5,9.058878875022062,7.62791481316661,1.2053743134279653,0.6710382525294223,26.31185608545389,18.952132546535076,False,False,0.13483058374361603,0.07511478926642862,0.07717196986100965,0.15865801655159723,0.25679987400052834,0.25727624012374556,-0.012549477718127467,-0.012428594525673216
269,16.0,7.239523272616424,6.405770459541126,0.9481213815652337,0.6627431675728548,26.39117384297667,20.4747401865278,False,False,0.10855726363072371,0.07579539064062872,0.039671301766133746,0.09050524539203599,0.2564987363227498,0.2570329823378909,-0.012626617587570759,-0.012490149699923658
269,16.5,4.724491822794411,4.529542459538386,0.5745916609035121,0.6077312322684834,26.792498015749487,23.138672227892272,False,False,0.07362950358784735,0.07763850074181261,0.009846997148189346,0.02456715430352023,0.2562361322063946,0.2568005203312892,-0.012694348163893575,-0.012549312757957017
269,17.0,2.7083488901939394,2.822170426542228,0.3115855403311594,0.5457651626370132,13.533850022363909,15.476069005585515,False,False,0.04337815057226134,0.07537340680550202,0.0023419268107269966,0.00614304379157825,0.25602588916409574,0.2565845098991694,-0.01274888600898597,-0.012604588302018327
269.0,17.5,0.0,0.0,0.0,0.0,0.0,0.0,0.0,0.0,0.0,0.0,0.0,0.0,0.255851067098163,0.25637976746727625,-0.012794448203898915,-0.012657248426274786
269.0,18.0,0.0,0.0,0.0,0.0,0.0,0.0,0.0,0.0,0.0,0.0,0.0,0.0,0.25571718727529685,0.25624636528348577,-0.012829471230072047,-0.012691700766446845
269.0,18.5,0.0,0.0,0.0,0.0,0.0,0.0,0.0,0.0,0.0,0.0,0.0,0.0,0.2555842338251392,0.2561139578415029,-0.012864365019267911,-0.012726006748385406
269.0,19.0,0.0,0.0,0.0,0.0,0.0,0.0,0.0,0.0,0.0,0.0,0.0,0.0,0.25545219569904243,0.2559825311309544,-0.012899130549033931,-0.012760167944708696
269.0,19.5,0.0,0.0,0.0,0.0,0.0,0.0,0.0,0.0,0.0,0.0,0.0,0.0,0.25532106201544774,0.2558520714284649,-0.012933768790630266,-0.012794185901407336
269.0,20.0,0.0,0.0,0.0,0.0,0.0,0.0,0.0,0.0,0.0,0.0,0.0,0.0,0.2551908220573776,0.2557225652899945,-0.012968280708880457,-0.012828062138453437
269.0,20.5,0.0,0.0,0.0,0.0,0.0,0.0,0.0,0.0,0.0,0.0,0.0,0.0,0.25506146526994083,0.25559399954342843,-0.013002667262035274,-0.012861798150391868
269.0,21.0,0.0,0.0,0.0,0.0,0.0,0.0,0.0,0.0,0.0,0.0,0.0,0.0,0.25493298125785335,0.25546636128140726,-0.013036929401648878,-0.01289539540691498
269.0,21.5,0.0,0.0,0.0,0.0,0.0,0.0,0.0,0.0,0.0,0.0,0.0,0.0,0.25480535978297425,0.25533963785438946,-0.013071068072466928,-0.012928855353420927
269.0,22.0,0.0,0.0,0.0,0.0,0.0,0.0,0.0,0.0,0.0,0.0,0.0,0.0,0.2546785907618612,0.25521381686393724,-0.013105084212325738,-0.012962179411556203
269.0,22.5,0.0,0.0,0.0,0.0,0.0,0.0,0.0,0.0,0.0,0.0,0.0,0.0,0.25455266426334544,0.25508888615621694,-0.013138978752061947,-0.012995368979743101
269.0,23.0,0.0,0.0,0.0,0.0,0.0,0.0,0.0,0.0,0.0,0.0,0.0,0.0,0.2544275705061276,0.25496483381570584,-0.013172752615432248,-0.013028425433692484
269.0,23.5,0.0,0.0,0.0,0.0,0.0,0.0,0.0,0.0,0.0,0.0,0.0,0.0,0.2543032998563963,0.2548416481590984,-0.013206406719042477,-0.013061350126902238
269.0,24.0,0.0,0.0,0.0,0.0,0.0,0.0,0.0,0.0,0.0,0.0,0.0,0.0,0.2541798428254705,0.2547193177294025,-0.0132399419722855,-0.013094144391142296
270.0,0.5,0.0,0.0,0.0,0.0,0.0,0.0,0.0,0.0,0.0,0.0,0.0,0.0,0.25405719006746597,0.2545978312902218,-0.013273359277287627,-0.013126809536926017
270.0,1.0,0.0,0.0,0.0,0.0,0.0,0.0,0.0,0.0,0.0,0.0,0.0,0.0,0.2539353323769872,0.25447717782021384,-0.013306659528862876,-0.013159346853969092
270.0,1.5,0.0,0.0,0.0,0.0,0.0,0.0,0.0,0.0,0.0,0.0,0.0,0.0,0.25381426068684626,0.2543573465077203,-0.0133398436144746,-0.013191757611635794
270.0,2.0,0.0,0.0,0.0,0.0,0.0,0.0,0.0,0.0,0.0,0.0,0.0,0.0,0.25369396606580796,0.2542383267455609,-0.01337291241420426,-0.013224043059373447
270.0,2.5,0.0,0.0,0.0,0.0,0.0,0.0,0.0,0.0,0.0,0.0,0.0,0.0,0.2535744397163629,0.2541201081259873,-0.013405866800726663,-0.013256204427135019
270.0,3.0,0.0,0.0,0.0,0.0,0.0,0.0,0.0,0.0,0.0,0.0,0.0,0.0,0.25345567297252847,0.25400268043578855,-0.013438707639291548,-0.013288242925790736
270.0,3.5,0.0,0.0,0.0,0.0,0.0,0.0,0.0,0.0,0.0,0.0,0.0,0.0,0.2533376572976785,0.25388603365154544,-0.013471435787710918,-0.01332015974752859
270.0,4.0,0.0,0.0,0.0,0.0,0.0,0.0,0.0,0.0,0.0,0.0,0.0,0.0,0.2532203842824017,0.253770157935026,-0.013504052096351919,-0.013351956066244449
270.0,4.5,0.0,0.0,0.0,0.0,0.0,0.0,0.0,0.0,0.0,0.0,0.0,0.0,0.2531038456423898,0.2536550436287189,-0.013536557408134777,-0.01338363303792197
270.0,5.0,0.0,0.0,0.0,0.0,0.0,0.0,0.0,0.0,0.0,0.0,0.0,0.0,0.25298803321635444,0.253540681251499,-0.013568952558535706,-0.013415191801002447
270.0,5.5,0.0,0.0,0.0,0.0,0.0,0.0,0.0,0.0,0.0,0.0,0.0,0.0,0.25287293896397467,0.2534270614944205,-0.013601238375594118,-0.01344663347674531
270.0,6.0,0.0,0.0,0.0,0.0,0.0,0.0,0.0,0.0,0.0,0.0,0.0,0.0,0.25275855496387295,0.25331417521663363,-0.013633415679924453,-0.013477959169579248
270.0,6.5,0.0,0.0,0.0,0.0,0.0,0.0,0.0,0.0,0.0,0.0,0.0,0.0,0.255300433509101,0.25585777979172186,-0.012939227779901705,-0.012792695161079339
270.0,7.0,0.0,0.0,0.0,0.0,0.0,0.0,0.0,0.0,0.0,0.0,0.006184475387453166,0.011741684605511268,0.25517103602492125,0.2557301299595622,-0.012973533349283417,-0.012826080434297369
270,7.5,2.640991653606474,2.664754045933004,0.07878266219474535,0.13192177073324238,16.64085167906475,17.39332057165827,False,False,0.11298980349562394,0.20213759370449902,0.019714908413081857,0.03743013882066585,0.2550418620863465,0.25560201587006803,-0.013007887795590856,-0.012859691556171865
270,8.0,10.538183328664653,10.635288552907586,0.36170206687821455,0.545808930524738,33.286575928544465,34.68917605082639,False,False,0.4514477190263516,0.9083126230357906,0.10694685088417584,0.20321328718664836,0.25490191816781027,0.2554548299731297,-0.013045228968638389,-0.012898435853270874
270,8.5,11.456398476217359,11.540396917470346,0.40357841118889703,0.501186890774292,33.1742484997049,34.24771745304265,False,False,0.4763735233996874,0.7492429084393519,0.11017032043751702,0.21078145715026292,0.2547157812084457,0.2552347694698151,-0.013095093917590247,-0.012956622956721535
270,9.0,12.169418226104654,12.189871488912592,0.594176647681414,0.5611287063853678,31.814184908484222,32.052146136266835,False,False,0.3824007700775841,0.43893046866131386,0.12346111302138459,0.23946242017092864,0.2545248566053292,0.255020407316455,-0.013146477570336143,-0.013013604288606562
270,9.5,12.487422386347248,10.911740717427246,1.3430754510705312,0.6678837770960893,27.654353266279585,20.93715497070344,False,False,0.2151014184789996,0.11190024965773013,0.19302027891682647,0.38630894569794033,0.25430889308894206,0.25479571081841756,-0.013204889799118545,-0.01307365349318913
270,10.0,11.200803655046684,10.13077344791308,1.220905869857161,0.6571806631361019,27.412374964616205,20.49560242670882,False,False,0.1858465062620661,0.09990115036180466,0.06653616479094446,0.14990379944099916,0.2539895585952184,0.25453963942704605,-0.013291828763674575,-0.013142490490864299
270,10.5,12.08681220565974,10.805743401462522,1.2937099471020912,0.6733347011362,27.535842925503626,20.404706023640898,False,False,0.20316369048384803,0.10612014344091725,0.06973794191798573,0.1787705196651303,0.25370282277168726,0.2543159836645222,-0.013370474391537181,-0.013202967088714749
270,11.0,13.034755525443874,10.978493250102096,1.5055670832480388,0.689428744694615,27.155775307178693,18.71607627861374,False,False,0.21063844060096926,0.09743819749313931,0.0785311118668707,0.23989924693043796,0.25340729842599957,0.25408750087123033,-0.013452111415360887,-0.013265091620458571
270,11.5,13.224827175209075,10.759595909977712,1.6159869137450786,0.6939865975816897,26.855362178617085,17.73138787264139,False,False,0.20738135951410247,0.09017994822661757,0.06544839091744116,0.2673658642488975,0.2530845386176648,0.2538500720754453,-0.013541951579581199,-0.013330017946649682
270,12.0,12.72945418725727,9.802683904902477,1.7404224453995811,0.6991810561450722,26.205842847935266,16.52914265256593,False,False,0.18891048717360182,0.07749112105278723,0.05170736519922933,0.3557715471877945,0.2527502434045062,0.253609442088565,-0.013635757333171426,-0.013396206353515412
270,12.5,12.550941010219335,9.268360020912224,1.850552606838281,0.7033119165924334,25.821188830563948,15.714676518635134,False,False,0.17986386711801514,0.07055695833557023,0.010054780328042403,0.4221353296601004,0.25240269692124234,0.25335774964408925,-0.013734103543314686,-0.013465857069080375
270,13.0,12.536003718225475,8.937432652644286,1.931207283403901,0.7006671681182856,25.53553731632418,14.797977289963445,False,False,0.17501886708048908,0.06514478417351928,0.0,0.38105100294121486,0.2520472656693107,0.2530979250423963,-0.013835556302450364,-0.01353821128678573
270,13.5,12.438764109643142,8.805700840168445,1.964702771705792,0.7130348902893848,25.364851098747806,14.500651562260057,False,False,0.17109383060305658,0.06351752250885387,0.0,0.32963430255152965,0.2516836662364149,0.2528445104252853,-0.013940265864875711,-0.01360922713576116
270,14.0,12.194675054698676,8.458273823863598,1.9893029038069767,0.7127360860136934,25.142813735252062,14.089994083950138,False,False,0.1646168417484294,0.060120448206032046,0.0,0.2701742989977755,0.2513166143274856,0.252596896066968,-0.014046928775010133,-0.013679046676011471
270,14.5,12.539158414795338,8.75735780442578,2.0181895398677496,0.721138770221073,25.213712122597435,13.91330802113929,False,True,0.17002417945272452,0.06168815392898796,0.0,0.2493576390570481,0.2509472312217492,0.2523577081127803,-0.01415525224803274,-0.013746895840175435
270,15.0,12.460468949079425,8.836850636219532,1.9630946614681721,0.7133500969684694,25.32194077756239,14.023314069878133,False,False,0.17042460964472347,0.06264533118894226,0.0,0.2014977985461241,0.2505749587167108,0.2521209006606515,-0.014265431561454392,-0.013814465114744491
270,15.5,12.06088398313886,8.967469362474436,1.8141621111309814,0.7014800189420383,25.57836735597356,14.651849806988464,False,False,0.1685343658657979,0.06557858218893825,0.0,0.14723911642092674,0.2502104871566669,0.25189197092443455,-0.014374293384039442,-0.013880163116624064
270,16.0,11.90371865262593,9.481728373355784,1.6543330340567193,0.7089462636833522,26.057563644425244,15.91332632019174,False,False,0.17305528964802824,0.07436061615098657,0.0,0.11108420814033378,0.2498657631790595,0.2516722424688237,-0.01447816889265323,-0.013943570956814887
270,16.5,10.660255857383392,9.077190202591822,1.3916757829227495,0.6857359730546344,26.38437231998863,17.167872136228514,False,False,0.15974901891457982,0.07850231232944117,0.0,0.06491608356961907,0.24954216428447057,0.2514569325449785,-0.014576493599785526,-0.014006038787385655
270,17.0,7.180138782039832,6.846627354570654,0.8370770971013746,0.6367478080124006,26.996181305806253,20.8680441511935,False,False,0.1141782157719818,0.08621328055976273,0.0,0.021302398011045887,0.24925278335342818,0.2512512150061328,-0.014665095774964457,-0.014066035310990066
270.0,17.5,0.0,0.0,0.0,0.0,0.0,0.0,0.0,0.0,0.0,0.0,0.0,0.0,0.24903481276021686,0.25105803821087963,-0.014732257549159654,-0.014122653361982746
270.0,18.0,0.0,0.0,0.0,0.0,0.0,0.0,0.0,0.0,0.0,0.0,0.0,0.0,0.2489242392339857,0.2509494480268585,-0.014766467891373904,-0.014154599196266918
270.0,18.5,0.0,0.0,0.0,0.0,0.0,0.0,0.0,0.0,0.0,0.0,0.0,0.0,0.24881438167028183,0.25084157675615687,-0.0148005504975018,-0.01418641881724022
270.0,19.0,0.0,0.0,0.0,0.0,0.0,0.0,0.0,0.0,0.0,0.0,0.0,0.0,0.24870523026873897,0.25073441412938935,-0.014834506888618917,-0.014218113828567079
270.0,19.5,0.0,0.0,0.0,0.0,0.0,0.0,0.0,0.0,0.0,0.0,0.0,0.0,0.24859677545725403,0.2506279501247612,-0.014868338549088339,-0.014249685794346205
270.0,20.0,0.0,0.0,0.0,0.0,0.0,0.0,0.0,0.0,0.0,0.0,0.0,0.0,0.24848900788409448,0.2505221749593933,-0.014902046927916494,-0.014281136240557326
270.0,20.5,0.0,0.0,0.0,0.0,0.0,0.0,0.0,0.0,0.0,0.0,0.0,0.0,0.2483819184103649,0.250417079081041,-0.014935633440045067,-0.014312466656440793
270.0,21.0,0.0,0.0,0.0,0.0,0.0,0.0,0.0,0.0,0.0,0.0,0.0,0.0,0.24827549810281233,0.25031265316018686,-0.014969099467582573,-0.01434367849581323
270.0,21.5,0.0,0.0,0.0,0.0,0.0,0.0,0.0,0.0,0.0,0.0,0.0,0.0,0.24816973822695224,0.25020888808248487,-0.015002446360978753,-0.014374773178323353
270.0,22.0,0.0,0.0,0.0,0.0,0.0,0.0,0.0,0.0,0.0,0.0,0.0,0.0,0.24806463024049796,0.2501057749415387,-0.015035675440145002,-0.014405752090650826
270.0,22.5,0.0,0.0,0.0,0.0,0.0,0.0,0.0,0.0,0.0,0.0,0.0,0.0,0.24796016578707747,0.2500033050319955,-0.01506878799552365,-0.014436616587651272
270.0,23.0,0.0,0.0,0.0,0.0,0.0,0.0,0.0,0.0,0.0,0.0,0.0,0.0,0.24785633669022122,0.24990146984293937,-0.015101785289109146,-0.014467367993450378
270.0,23.5,0.0,0.0,0.0,0.0,0.0,0.0,0.0,0.0,0.0,0.0,0.0,0.0,0.24775313494760876,0.249800261051567,-0.015134668555423133,-0.014498007602489774
270.0,24.0,0.0,0.0,0.0,0.0,0.0,0.0,0.0,0.0,0.0,0.0,0.0,0.0,0.2476505527255582,0.24969967051713313,-0.015167439002446631,-0.01452853668052708
271.0,0.5,0.0,0.0,0.0,0.0,0.0,0.0,0.0,0.0,0.0,0.0,0.0,0.0,0.24754858235374827,0.24959969027515025,-0.015200097812510811,-0.014558956465592698
271.0,1.0,0.0,0.0,0.0,0.0,0.0,0.0,0.0,0.0,0.0,0.0,0.0,0.0,0.2474472163201592,0.2495003125318301,-0.01523264614314913,-0.014589268168905482
271.0,1.5,0.0,0.0,0.0,0.0,0.0,0.0,0.0,0.0,0.0,0.0,0.0,0.0,0.2473464472662225,0.24940152965875476,-0.01526508512791242,-0.014619472975749389
271.0,2.0,0.0,0.0,0.0,0.0,0.0,0.0,0.0,0.0,0.0,0.0,0.0,0.0,0.24724626798216912,0.24930333418776596,-0.01529741587714895,-0.014649572046313024
271.0,2.5,0.0,0.0,0.0,0.0,0.0,0.0,0.0,0.0,0.0,0.0,0.0,0.0,0.24714667140256455,0.2492057188060612,-0.015329639478751447,-0.014679566516494177
271.0,3.0,0.0,0.0,0.0,0.0,0.0,0.0,0.0,0.0,0.0,0.0,0.0,0.0,0.24704765060202383,0.2491086763514874,-0.015361756998872524,-0.01470945749867074
271.0,3.5,0.0,0.0,0.0,0.0,0.0,0.0,0.0,0.0,0.0,0.0,0.0,0.0,0.24694919879109603,0.2490121998080209,-0.01539376948260999,-0.01473924608244013
271.0,4.0,0.0,0.0,0.0,0.0,0.0,0.0,0.0,0.0,0.0,0.0,0.0,0.0,0.24685130931231059,0.24891628230142682,-0.015425677954663949,-0.0147689333353283
271.0,4.5,0.0,0.0,0.0,0.0,0.0,0.0,0.0,0.0,0.0,0.0,0.0,0.0,0.2467539756363774,0.24882091709508738,-0.015457483419966696,-0.014798520303470066
271.0,5.0,0.0,0.0,0.0,0.0,0.0,0.0,0.0,0.0,0.0,0.0,0.0,0.0,0.24665719135853378,0.24872609758599182,-0.015489186864286934,-0.014828008012262328
271.0,5.5,0.0,0.0,0.0,0.0,0.0,0.0,0.0,0.0,0.0,0.0,0.0,0.0,0.24656095019503035,0.2486318173008805,-0.015520789254809597,-0.014857397466990906
271.0,6.0,0.0,0.0,0.0,0.0,0.0,0.0,0.0,0.0,0.0,0.0,0.0,0.0,0.24646524597975086,0.24853806989253519,-0.015552291540692232,-0.014886689653433056
271.0,6.5,0.0,0.0,0.0,0.0,0.0,0.0,0.0,0.0,0.0,0.0,0.0,0.0,0.2463700726609578,0.24844484913621,-0.015583694653599487,-0.014915885538435937
271.0,7.0,0.0,0.0,0.0,0.0,0.0,0.0,0.0,0.0,0.0,0.0,0.0,0.0,0.24627542429815996,0.24835214892619503,-0.01561499950821611,-0.014944986070472881
271.0,7.5,0.0,0.0,0.0,0.0,0.0,0.0,0.0,0.0,0.0,0.0,0.0,0.0,0.24618129505909409,0.24825996327250743,-0.015646207002740303,-0.014973992180178225
271,8.0,2.4665804335673123,2.4865403661534895,0.10777788905090992,0.154608472262486,15.928120626566809,16.67015266794762,False,False,0.07628355905005225,0.1099045252333816,0.0,0.002465304568994221,0.2460876792168179,0.24816828629770424,-0.01567731801935756,-0.015002904780861538
271,8.5,3.565067661813455,3.5648497565944277,0.16903468518303225,0.1685289128763734,15.782358897525688,15.771600157901007,False,False,0.10434266801221624,0.10545092482378293,0.0,0.00812692618051477,0.24598083671011178,0.2480570958846398,-0.015712914713984415,-0.015038060735121506
271,9.0,9.845771565335625,9.847692952152205,0.5228124580009098,0.5341014868244209,31.099877546960705,31.07639229852429,False,False,0.2654636062194785,0.2768350728929872,0.0,0.0240037071849704,0.24586669032690026,0.24794390732425123,-0.015751051294398712,-0.01507394932184601
271,9.5,11.31071318122679,11.213831093605986,0.6767896545038817,0.5742159155554178,30.61174541102934,29.526123372453554,False,False,0.2816592601176164,0.24448158302652767,0.0,0.03043749127266344,0.24570795787642447,0.2477826013010317,-0.015804267664477942,-0.015125270969993845
271,10.0,10.895610728659717,10.774931866201111,0.7094500132398677,0.5901187851238165,30.188590326936954,28.79816211826702,False,False,0.2544666289197245,0.21437250700759852,0.0,0.02186881408698123,0.24553009517029864,0.24761584974403344,-0.015864152328571246,-0.015178544191132586
271,10.5,5.609703139472163,5.4307790018587525,0.38906942376284376,0.26167953956603596,14.966480695277163,13.476370910349917,False,False,0.12627537737984382,0.08646763784792103,0.0,0.012984340025026157,0.24534855671085645,0.24744864444650738,-0.01592555359331267,-0.015232186999649304
271,11.0,10.91820753087313,10.679835063427372,0.790677263275931,0.5857228056302217,29.67116348752269,27.213696996331947,False,False,0.2369913912181545,0.17695616309112935,0.0,0.01495335877748156,0.2452083263396039,0.24732490086380773,-0.015973177238009974,-0.015272031896997296
271,11.5,11.842214198643767,11.497684139914785,0.8708999929157313,0.6080092570192757,29.616389907625155,26.659262347574412,False,False,0.2551410961908737,0.1801949056906229,0.0,0.012945559588618255,0.24501739399589578,0.24716008307028206,-0.01603829287281839,-0.015325295542298322
271,12.0,5.472340550220774,5.205889123436474,0.4389781045926208,0.26583516014253733,14.581810219554187,12.370686619418425,False,False,0.11108973017511929,0.06764233596006555,0.0,0.003120789502234884,0.24481670970267033,0.2469931464758939,-0.01610707553165357,-0.015379469689638622
271,12.5,5.630441389117689,5.219714367196704,0.4962464188310575,0.2738291944961993,14.342784883736071,11.557152447242093,False,False,0.10772740720375266,0.059839805711658714,0.0,0.0022761642969802466,0.24467153258202462,0.24687152645204327,-0.01615705278012479,-0.0154190814373796
271,13.0,4.407501722625888,4.21207532223005,0.38638346776947813,0.24500173624600916,14.32958075223865,12.187113569856681,False,False,0.08406186781547029,0.053141750667326036,0.0,0.011867693517524593,0.2471784890877731,0.24940868187801862,-0.015319336361503568,-0.014617283543550004
271,13.5,4.094426652327736,4.063446066819357,0.26916713353906746,0.23656356960803585,15.046757165756128,14.573948764815997,False,False,0.09430880422958193,0.08318530672542859,0.0,0.010384227680508175,0.24702781507868796,0.2492766464512764,-0.015368200310728587,-0.014657765180756536
271,14.0,3.6480065896198974,3.645802028080382,0.19609377285857704,0.19468443870309926,15.504796206655557,15.462499487578606,False,False,0.09687584402816028,0.09691516876992706,0.0,0.01660746525983197,0.24955006266494506,0.25180413931766715,-0.014574084242327758,-0.01390546770063661
271,14.5,2.753118680378319,2.7814728573635907,0.12211899729413389,0.18420007134723695,15.901324370539616,16.739963924321952,False,False,0.0842673081099658,0.12771573653818985,0.005913927296649689,0.021926447143984402,0.26001707652643324,0.26227316949966695,-0.011759424315198141,-0.01124062464205405
271,15.0,2.6904639294208685,2.7114500841090163,0.10832693736058079,0.1502166132966941,16.095793798443214,16.742121948701826,False,False,0.08901059875845796,0.12447686648882474,0.017520635173928142,0.03859150780845294,0.2650933974551754,0.2673444658966364,-0.010629936341938337,-0.010170711402442212
271.0,15.5,0.0,0.0,0.0,0.0,0.0,0.0,0.0,0.0,0.0,0.0,0.0,0.0,0.27273270478270856,0.2749825588965828,-0.009164127464106227,-0.008779237963880993
271.0,16.0,0.0,0.0,0.0,0.0,0.0,0.0,0.0,0.0,0.0,0.0,0.0,0.0,0.28803574748446176,0.29029840512583316,-0.00689072211803699,-0.006614797835743314
271.0,16.5,0.0,0.0,0.0,0.0,0.0,0.0,0.0,0.0,0.0,0.0,0.0,0.0,0.2976446094989794,0.2999246724758071,-0.00580540393340722,-0.005578577221454282
271.0,17.0,0.0,0.0,0.0,0.0,0.0,0.0,0.0,0.0,0.0,0.0,0.0,0.0,0.31665462536768785,0.31896790297155464,-0.004201505046267659,-0.004044781822391536
271.0,17.5,0.0,0.0,0.0,0.0,0.0,0.0,0.0,0.0,0.0,0.0,0.0,0.0,0.3245696274644881,0.3269146461858687,-0.003693232607941207,-0.003556950483150186
271.0,18.0,0.0,0.0,0.0,0.0,0.0,0.0,0.0,0.0,0.0,0.0,0.0,0.0,0.32497013985043355,0.327338657276311,-0.0036695218246240616,-0.00353295293676931
271.0,18.5,0.0,0.0,0.0,0.0,0.0,0.0,0.0,0.0,0.0,0.0,0.0,0.0,0.3231451628989079,0.32553339491219696,-0.0037790548459468933,-0.0036364826377884374
271.0,19.0,0.0,0.0,0.0,0.0,0.0,0.0,0.0,0.0,0.0,0.0,0.0,0.0,0.32156817818639494,0.32397490161735293,-0.0038768532129528945,-0.003728778732183521
271.0,19.5,0.0,0.0,0.0,0.0,0.0,0.0,0.0,0.0,0.0,0.0,0.0,0.0,0.3201479939315382,0.32257260486960215,-0.003967517872499624,-0.0038142189590650117
271.0,20.0,0.0,0.0,0.0,0.0,0.0,0.0,0.0,0.0,0.0,0.0,0.0,0.0,0.3188346608694452,0.32127658567386513,-0.004053617728148248,-0.0038952654145561695
271.0,20.5,0.0,0.0,0.0,0.0,0.0,0.0,0.0,0.0,0.0,0.0,0.0,0.0,0.31759781407839827,0.3200563512336795,-0.004136746091090302,-0.003973454635188886
271.0,21.0,0.0,0.0,0.0,0.0,0.0,0.0,0.0,0.0,0.0,0.0,0.0,0.0,0.31641769572172496,0.3188919638057985,-0.00421796190608068,-0.004049814887313778
271.0,21.5,0.0,0.0,0.0,0.0,0.0,0.0,0.0,0.0,0.0,0.0,0.0,0.0,0.31528242251950417,0.3177697612433812,-0.004297890485417247,-0.004125068803397649
271.0,22.0,0.0,0.0,0.0,0.0,0.0,0.0,0.0,0.0,0.0,0.0,0.0,0.0,0.314185032937507,0.31668007103799994,-0.004376872908803643,-0.004199742172563194
271.0,22.5,0.0,0.0,0.0,0.0,0.0,0.0,0.0,0.0,0.0,0.0,0.0,0.0,0.3131214114709285,0.31561589180030614,-0.004455080698952593,-0.004274226911356174
271.0,23.0,0.0,0.0,0.0,0.0,0.0,0.0,0.0,0.0,0.0,0.0,0.0,0.0,0.31208907899739174,0.3145729832028664,-0.0045325851609346315,-0.004348754898836666
271.0,23.5,0.0,0.0,0.0,0.0,0.0,0.0,0.0,0.0,0.0,0.0,0.0,0.0,0.3110864737260504,0.3135497760569653,-0.004609400346607758,-0.004423384529581724
271.0,24.0,0.0,0.0,0.0,0.0,0.0,0.0,0.0,0.0,0.0,0.0,0.0,0.0,0.31266370672606697,0.3150939229566822,-0.004489247372284105,-0.0043113358024909195
272.0,0.5,0.0,0.0,0.0,0.0,0.0,0.0,0.0,0.0,0.0,0.0,0.0,0.0,0.3141527684834863,0.3165365493420454,-0.004379221126548117,-0.00420969688939716
272.0,1.0,0.0,0.0,0.0,0.0,0.0,0.0,0.0,0.0,0.0,0.0,0.0,0.0,0.3155590250118966,0.31788297067369975,-0.004278251279858026,-0.0041174019561973805
272.0,1.5,0.0,0.0,0.0,0.0,0.0,0.0,0.0,0.0,0.0,0.0,0.0,0.0,0.3143624445217162,0.31662115503381344,-0.004363987606877158,-0.004203825210693068
272.0,2.0,0.0,0.0,0.0,0.0,0.0,0.0,0.0,0.0,0.0,0.0,0.0,0.0,0.3132246331927018,0.3154143916745907,-0.00444741828843814,-0.004288507102206357
272.0,2.5,0.0,0.0,0.0,0.0,0.0,0.0,0.0,0.0,0.0,0.0,0.0,0.0,0.31213783402686074,0.3142563992961515,-0.004528888815208049,-0.004371684168495231
272.0,3.0,0.0,0.0,0.0,0.0,0.0,0.0,0.0,0.0,0.0,0.0,0.0,0.0,0.31109624737245656,0.31314263094865497,-0.0046086440810896015,-0.0044535042396613425
272.0,3.5,0.0,0.0,0.0,0.0,0.0,0.0,0.0,0.0,0.0,0.0,0.0,0.0,0.3100954042497941,0.3120696445777043,-0.004686860934402724,-0.004534059576658527
272.0,4.0,0.0,0.0,0.0,0.0,0.0,0.0,0.0,0.0,0.0,0.0,0.0,0.0,0.30913175877686705,0.31103470753253987,-0.004763669755157682,-0.004613408379207258
272.0,4.5,0.0,0.0,0.0,0.0,0.0,0.0,0.0,0.0,0.0,0.0,0.0,0.0,0.30820241825859646,0.31003554872149547,-0.004839168962427753,-0.004691588621193915
272.0,5.0,0.0,0.0,0.0,0.0,0.0,0.0,0.0,0.0,0.0,0.0,0.0,0.0,0.3098649389533598,0.3116223736355247,-0.0047050954401279535,-0.004568150772520656
272.0,5.5,0.0,0.0,0.0,0.0,0.0,0.0,0.0,0.0,0.0,0.0,0.0,0.0,0.3088982868723176,0.3105837546814622,-0.004782504106183793,-0.004648499927783507
272.0,6.0,0.0,0.0,0.0,0.0,0.0,0.0,0.0,0.0,0.0,0.0,0.0,0.0,0.310526718688333,0.3121359210950187,-0.0046529608855375385,-0.004529033775765408
272.0,6.5,0.0,0.0,0.0,0.0,0.0,0.0,0.0,0.0,0.0,0.0,0.0,0.0,0.31208146515173824,0.31361140590040454,-0.004533162726459577,-0.004418846466376218
272.0,7.0,0.0,0.0,0.0,0.0,0.0,0.0,0.0,0.0,0.0,0.0,0.0,0.0,0.31102477597632205,0.3124819331562591,-0.004614177811351271,-0.004502902934715202
272.0,7.5,0.0,0.0,0.0,0.0,0.0,0.0,0.0,0.0,0.0,0.0,0.01078923782649452,0.01078923782649452,0.31001980841471977,0.31140950237777226,-0.0046928328121922476,-0.004584483143399489
272,8.0,2.6729635422299824,2.694438208032953,0.09579178686981098,0.1468392605884389,16.301597006220575,17.039798222923572,False,False,0.09671013525741613,0.14975175857942685,0.0640989702015181,0.0640989702015181,0.30905830335391105,0.3103850769008995,-0.004769585914431982,-0.004664061198962704
272,8.5,4.095556972870106,4.118394360997509,0.15718546880470896,0.18632216232660334,16.237136251498022,16.623691787533637,False,False,0.14395966633364995,0.17840351532122153,0.2797160357013544,0.2797160357013544,0.30811733378871986,0.3093786784616763,-0.004846152170616219,-0.004743846636339469
272,9.0,11.566423268733445,11.605347224555153,0.5093957417038218,0.552206978537713,32.02220338648663,32.48478295048548,False,False,0.36963934707092994,0.4272175281505265,0.8424399015475504,0.8424399015475504,0.3071764291050003,0.30837873116104886,-0.004924181965471692,-0.0048247364135845855
272,9.5,12.158221398029534,12.0383329049756,0.6964717639132959,0.5786851221496351,30.930971839983386,29.936963570520824,False,False,0.3186890603398123,0.278337370980891,1.1179433534437992,1.1179433534437992,0.3061509495876086,0.3072957486834614,-0.0050109368419179855,-0.004914204274751247
272,10.0,12.439196424092533,12.077688908802427,0.8498890229977462,0.5936207003331899,30.10224311906054,27.571039046014047,False,False,0.28688028450515973,0.2089361490478889,1.274420816402843,1.274420816402843,0.30509580393027386,0.30620659507870496,-0.005102109229359923,-0.005006182782979366
272,10.5,12.638200263657222,12.053794098463937,0.9814585474210165,0.6246722025691563,29.429660995660065,25.763040162722035,False,False,0.2655743730819807,0.17419579327966328,1.2688739263661968,1.2688739263661968,0.3040281754435198,0.3051254221994179,-0.005196379136601559,-0.005099523167837111
272,11.0,12.780616494029372,12.058670380386697,1.0504928826047784,0.630745296059221,29.13033135170135,24.79618251555643,False,False,0.25835187409108096,0.15946403937669212,1.2471961216697385,1.2471961216697385,0.3029695808098423,0.3040687237262917,-0.005291907515429588,-0.005192761073854293
272,11.5,12.332000462555424,11.68076224275419,1.0195652173367478,0.6170981883165507,29.025938063776273,24.53692681430449,False,False,0.24601987146105436,0.1510980573492735,0.9052917609239162,0.9052917609239162,0.3019284118807633,0.30303993981402666,-0.0053879113320794494,-0.0052854937069084645
272,12.0,12.605792722606092,11.864217430345327,1.0608245977017428,0.6353430656003967,28.953504334780092,24.354905359493266,False,False,0.24921813384647584,0.15193798875490777,1.0314865188754343,1.0314865188754343,0.30095680432619343,0.30208082867829356,-0.005479378332796417,-0.005373728456766
272,12.5,12.681576141965166,11.791398392745599,1.0954826396999744,0.6196724350997411,28.83585531787657,23.642335893039313,False,False,0.24710344527602987,0.1428454673292372,1.0986731479507545,1.0986731479507545,0.2999846744906809,0.3011262996821135,-0.005572752118089148,-0.005463289627023841
272,13.0,12.439256669216352,11.255145431397818,1.2010187272533237,0.6425175336416686,28.2622836888804,22.46756853745383,False,False,0.2280736367401679,0.12600771767721392,1.533534474525769,1.533534474525769,0.2990192906219909,0.30018696797902567,-0.005667360134021239,-0.005553166435931884
272,13.5,11.99174998520396,10.940914790576425,1.1815466405900132,0.6489142479909346,28.066078074160252,21.956602956793148,False,False,0.21352890413883335,0.118173283017524,0.8730471794481237,0.8730471794481237,0.298003787030064,0.29920996506118647,-0.005768952762029544,-0.005648523221029977
272,14.0,11.501384662607633,10.594608578539779,1.1264922318059405,0.6459764424307191,28.087392678214545,22.356443508004688,False,False,0.20528707864212836,0.11851901363062109,0.7823926642179645,0.7823926642179645,0.2970927892174522,0.29833596203211554,-0.005861941618365812,-0.005735484419035305
272,14.5,12.55048653699117,10.919670022516899,1.3541786790494474,0.6533915152529398,27.6855261035265,20.29113750997769,False,False,0.21543977252848065,0.10773676061752184,1.9618237858991172,1.9618237858991172,0.296217403819522,0.29749260668713534,-0.005952982609005431,-0.0058209125561589315
272,15.0,11.241419634473797,10.018270786283763,1.20394869164601,0.6557487064936075,27.674375576463156,21.14802330761026,False,False,0.1917606516367584,0.1065211929297998,1.320837253907475,1.320837253907475,0.29517900100559735,0.2965158726365871,-0.00606317148786508,-0.005921753507883726
272,15.5,7.480370520727583,7.2885597752813185,0.7277576074202511,0.5973852254513196,28.052731541982514,24.95368195374744,False,False,0.1329991590966821,0.10885821639058119,0.2755787626666124,0.2755787626666124,0.2942570254763978,0.29563758861402123,-0.006163047781538227,-0.006014211982185669
272,16.0,9.875167540580955,9.044715394659372,1.0431864290138557,0.6382890701015798,27.656553521223678,21.368025110840662,False,False,0.16813325663052464,0.1034829302235212,0.8105859225989877,0.8105859225989877,0.2935438837870964,0.29491626533599274,-0.0062416478476951965,-0.006091435505794474
272,16.5,2.234092166106155,2.3281434166013186,0.21371435436774838,0.4843425703687831,14.048890793191656,16.39989160218549,False,False,0.03992262488431136,0.08987370294972988,0.0,0.0,0.2927367113709036,0.2941371771732213,-0.0063320572668157955,-0.006176174251590324
272.0,17.0,0.0,0.0,0.0,0.0,0.0,0.0,0.0,0.0,0.0,0.0,0.0,0.0,0.2947522129258276,0.2960932102742192,-0.006109163205136512,-0.00596603489635545
272.0,17.5,0.0,0.0,0.0,0.0,0.0,0.0,0.0,0.0,0.0,0.0,0.0,0.0,0.2941417185721457,0.2954593053179086,-0.006175676244831777,-0.00603318960650469
272.0,18.0,0.0,0.0,0.0,0.0,0.0,0.0,0.0,0.0,0.0,0.0,0.0,0.0,0.2935490227314596,0.29484460745458374,-0.006241077193107549,-0.006099171392574211
272.0,18.5,0.0,0.0,0.0,0.0,0.0,0.0,0.0,0.0,0.0,0.0,0.0,0.0,0.292973005774501,0.2942478597463797,-0.0063054299171120525,-0.006164050489981505
272.0,19.0,0.0,0.0,0.0,0.0,0.0,0.0,0.0,0.0,0.0,0.0,0.0,0.0,0.29241267689692024,0.29366795383727434,-0.006368789963597535,-0.00622788782676804
272.0,19.5,0.0,0.0,0.0,0.0,0.0,0.0,0.0,0.0,0.0,0.0,0.0,0.0,0.29186715167144367,0.2931039035830902,-0.0064312061590022845,-0.006290736838480434
272.0,20.0,0.0,0.0,0.0,0.0,0.0,0.0,0.0,0.0,0.0,0.0,0.0,0.0,0.2913356345222767,0.2925548245738645,-0.006492721847353225,-0.0063526448640708905
272.0,20.5,0.0,0.0,0.0,0.0,0.0,0.0,0.0,0.0,0.0,0.0,0.0,0.0,0.2908174048906065,0.2920199180422277,-0.006553375856301598,-0.006413654229831588
272.0,21.0,0.0,0.0,0.0,0.0,0.0,0.0,0.0,0.0,0.0,0.0,0.0,0.0,0.2903118061977651,0.2914984580746709,-0.006613203257203059,-0.006473803098703175
272.0,21.5,0.0,0.0,0.0,0.0,0.0,0.0,0.0,0.0,0.0,0.0,0.0,0.0,0.2898182369502637,0.29098978133726305,-0.00667223596786129,-0.006533126141499335
272.0,22.0,0.0,0.0,0.0,0.0,0.0,0.0,0.0,0.0,0.0,0.0,0.0,0.0,0.2893361435002936,0.290493278735377,-0.006730503234145468,-0.00659165507181494
272.0,22.5,0.0,0.0,0.0,0.0,0.0,0.0,0.0,0.0,0.0,0.0,0.0,0.0,0.28886501409743215,0.2900083885756336,-0.006788032017684821,-0.006649419075762231
272.0,23.0,0.0,0.0,0.0,0.0,0.0,0.0,0.0,0.0,0.0,0.0,0.0,0.0,0.28840437395628854,0.28953459090570594,-0.0068448473102401845,-0.006706445159958477
272.0,23.5,0.0,0.0,0.0,0.0,0.0,0.0,0.0,0.0,0.0,0.0,0.0,0.0,0.28795378113031506,0.28907140278608906,-0.006900972390465083,-0.006762758435521203
272.0,24.0,0.0,0.0,0.0,0.0,0.0,0.0,0.0,0.0,0.0,0.0,0.0,0.0,0.28751282303061715,0.28861837430579207,-0.00695642903512301,-0.00681838235162956
273.0,0.5,0.0,0.0,0.0,0.0,0.0,0.0,0.0,0.0,0.0,0.0,0.0,0.0,0.287081113464995,0.28817508519694934,-0.007011237694084689,-0.0068733388890764024
273.0,1.0,0.0,0.0,0.0,0.0,0.0,0.0,0.0,0.0,0.0,0.0,0.0,0.0,0.2866582900998963,0.2877411419356361,-0.0070654176363536,-0.006927648721877936
273.0,1.5,0.0,0.0,0.0,0.0,0.0,0.0,0.0,0.0,0.0,0.0,0.0,0.0,0.2862440122688323,0.28731617524059455,-0.007118987072784762,-0.006981331353220835
273.0,2.0,0.0,0.0,0.0,0.0,0.0,0.0,0.0,0.0,0.0,0.0,0.0,0.0,0.28583795906677345,0.28689983790017765,-0.007171963259948998,-0.007034405230665236
273.0,2.5,0.0,0.0,0.0,0.0,0.0,0.0,0.0,0.0,0.0,0.0,0.0,0.0,0.2880590135908083,0.28910977264829174,-0.006887815889642268,-0.00675807217451647
273.0,3.0,0.0,0.0,0.0,0.0,0.0,0.0,0.0,0.0,0.0,0.0,0.0,0.0,0.2876187057896676,0.288658852807047,-0.006943064503394096,-0.00681339018426432
273.0,3.5,0.0,0.0,0.0,0.0,0.0,0.0,0.0,0.0,0.0,0.0,0.0,0.0,0.2871887364165437,0.2882187350679365,-0.006997526180748731,-0.006867904052733955
273.0,4.0,0.0,0.0,0.0,0.0,0.0,0.0,0.0,0.0,0.0,0.0,0.0,0.0,0.2867685582725268,0.2877888336842531,-0.007051240101448899,-0.006921654952393803
273.0,4.5,0.0,0.0,0.0,0.0,0.0,0.0,0.0,0.0,0.0,0.0,0.0,0.0,0.28635767443037996,0.28736861780270756,-0.0071042416184916805,-0.006974679964899272
273.0,5.0,0.0,0.0,0.0,0.0,0.0,0.0,0.0,0.0,0.0,0.0,0.0,0.0,0.2859556316294511,0.2869576041400226,-0.007156562785120228,-0.0070270126515059065
273.0,5.5,0.0,0.0,0.0,0.0,0.0,0.0,0.0,0.0,0.0,0.0,0.0,0.0,0.285562014755323,0.28655535087924167,-0.007208232793943189,-0.007078683527106573
273.0,6.0,0.0,0.0,0.0,0.0,0.0,0.0,0.0,0.0,0.0,0.0,0.0,0.0,0.28517644219695126,0.2861614525493042,-0.007259278344927,-0.007129720456532253
273.0,6.5,0.0,0.0,0.0,0.0,0.0,0.0,0.0,0.0,0.0,0.0,0.0,0.0,0.28479856191850483,0.2857755357029469,-0.007309723955446625,-0.007180148987730637
273,7.0,1.341368035416689,1.359529848900113,0.039311352835528404,0.09547355079770638,16.637205137807523,17.711223360650813,False,False,0.05727553830503962,0.14244534185095117,0.05300811312265184,0.05300811312265184,0.28442804811707995,0.285397255247133,-0.007359592222853768,-0.007229992633368209
273,7.5,6.62625158764793,6.698718879658997,0.2010532112928824,0.5348525826213009,33.16956621371363,35.34690617937668,False,False,0.27519226379543194,0.7911850827961922,0.248608597013021,0.248608597013021,0.28405283383674795,0.2850073698779411,-0.007410506791742164,-0.007281797425538331
273,8.0,8.329684009192881,8.400247085883183,0.27484524614515915,0.4394974780877089,32.97730395569847,34.44427506522287,False,False,0.3294030139459631,0.5663587665383975,0.41257370198244986,0.41257370198244986,0.2836388649601771,0.2845435864792122,-0.007467167892687011,-0.0073439982900037285
273,8.5,9.507281072922405,9.587309281180247,0.34667545968753083,0.5149825955357991,32.6519532303136,34.059940961659976,False,False,0.3478390910016945,0.556063752958182,0.49097821113468776,0.49097821113468776,0.28320111784102947,0.28407780197146115,-0.00752764603729286,-0.0074071057423173705
273,9.0,11.463114113380001,11.490877475469269,0.5351608598126302,0.5527933942939726,31.857784627804044,32.186499887715954,False,False,0.35462440045532606,0.4014777688406402,0.8762229314799584,0.8762229314799584,0.28275049993548834,0.2835988900237759,-0.007590512997754704,-0.007472666658796569
273,9.5,12.126616078465247,11.938835466874442,0.7496459918942963,0.5753247775781808,30.60733784950917,29.04834683963994,False,False,0.3017686611497497,0.24626500194472473,1.0822348510035131,1.0822348510035131,0.2822328136407314,0.2830723076813701,-0.0076635106840387416,-0.007545553168078056
273,10.0,12.500327029638346,11.925005224634967,0.966593352386269,0.6025170859304735,29.486227115923803,25.955122947103924,False,False,0.2670665292427524,0.17577602343336496,1.4438099990368918,1.4438099990368918,0.28166736945064186,0.282522614802688,-0.007744200484324053,-0.00762254398781246
273,10.5,12.615281235348455,11.368521247142763,1.219951643062031,0.6360533653171968,28.288264278984865,22.41940978834597,False,False,0.23228752121656365,0.12638543231451121,1.69708619691533,1.69708619691533,0.28103382607969557,0.2819291799032214,-0.007835813750662259,-0.007706714504732025
273,11.0,12.958936451923767,10.878373485009615,1.4664586915322222,0.6644996453997849,27.3345377286635,19.35687102462686,False,False,0.2150682430472744,0.10002336807379512,1.6067025072042993,1.6067025072042993,0.28034115245525454,0.2813047942617298,-0.0079374593208342,-0.007796473343354912
273,11.5,12.841463566862052,10.35479633093097,1.5965286385070825,0.6807626753286722,26.789656807706823,18.001607391746457,False,False,0.2015371320274759,0.08788637752290299,1.705990940515371,1.7368450380824214,0.27963383397757857,0.2806937104347795,-0.008042879345072373,-0.007885528579856232
273,12.0,12.213523151221583,9.616630031543828,1.6071766224524446,0.6776418679679233,26.488149405012884,17.681896037723263,False,False,0.18595858322246434,0.08038847204043281,1.8619266780815247,1.9851250298941443,0.27890236680552183,0.2800691996785447,-0.00815365797550488,-0.007977795697205128
273,12.5,11.902538988488443,9.148775746051264,1.6407896073490782,0.6723760779832773,26.225051693640424,17.125780247616202,False,False,0.17684146610755047,0.07445391748875971,1.824188315695847,1.9991558219248753,0.2781545883428605,0.27941850829059595,-0.008268791355326509,-0.00807530253079932
273,13.0,12.056924436717765,9.19740174394762,1.667220205906649,0.6704771771744763,26.14853105756822,16.54001998379094,False,False,0.17773743250744792,0.07264285259324696,1.4441291053905743,1.6080294019254762,0.2774120988385239,0.2787716003953359,-0.008385032026466696,-0.008173653238372009
273,13.5,12.044518873766137,9.301158570100853,1.647254293628719,0.6791866367272845,26.221486822013713,16.60841425107334,False,False,0.1777652455203991,0.0741010108162064,1.1158153211483761,1.2642209131148938,0.27671929060271283,0.2781795253291694,-0.00849525471230955,-0.008264920780512544
273,14.0,11.174350875285874,8.683522244454805,1.567939620712556,0.6800906261707078,26.05403626870859,17.060157765346442,False,False,0.1631673323940622,0.07179129641923827,1.183958207492619,1.3656804248386258,0.2760753433967835,0.2776347571573153,-0.008599255052410526,-0.008349970463345114
273,14.5,11.086657164087633,8.692580093724793,1.5402536039182642,0.6735844172154265,26.107002711131827,17.02041110513261,False,False,0.1626306852460014,0.0720206516300644,1.0481385917551065,1.2304653110970891,0.2754371667321872,0.2770814117151967,-0.008703823500834134,-0.008437428953746329
273,15.0,10.914624126693486,8.759566674589635,1.4860524864044837,0.6757492249344333,26.238354090056248,17.20932512369648,False,False,0.1613415936153067,0.07399739177639306,0.8920182122137695,1.0664698379414368,0.2748240472909175,0.2765504629292996,-0.008805716188490634,-0.008522375497650156
273,15.5,9.957398458478059,8.26276880214392,1.336721669901661,0.6658972391566407,26.28681431702512,17.803953734299235,False,False,0.14785755121692878,0.07389687691010406,0.6271160339954174,0.7635508617784771,0.27424183111117084,0.27604434904609826,-0.008903791308358833,-0.008604298927164274
273,16.0,6.619860638527246,5.903642377368927,0.8615568443284924,0.6143508459575825,26.43476163517043,20.621949153300903,False,False,0.09967489747841969,0.07095713711678345,0.21546732168266955,0.26665241993545763,0.27371638877559945,0.2755821861772606,-0.008993421919204615,-0.008679928916646453
273,16.5,4.995982154789704,4.776155107787341,0.5955286687987142,0.6217023040766176,26.917644243432232,22.986050667633407,False,False,0.07882701921976314,0.08204418825075016,0.09924047794598856,0.12376484155203792,0.2733078331614289,0.27519389359346774,-0.009063857426465167,-0.008744083417555665
273,17.0,4.582895027574229,4.607097954779683,0.5101963015702018,0.5512803610518139,13.631944621784575,13.87818542966819,False,False,0.07488083175464587,0.0801760451491622,0.08754018380563217,0.10939539204193975,0.2729517623124355,0.27482674484767344,-0.009125781086779153,-0.008805264785838077
273.0,17.5,0.0,0.0,0.0,0.0,0.0,0.0,0.0,0.0,0.0,0.0,0.0,0.0,0.2726117293113995,0.2744741697053075,-0.009185386699801,-0.008864498280102244
273.0,18.0,0.0,0.0,0.0,0.0,0.0,0.0,0.0,0.0,0.0,0.0,0.0,0.0,0.2723514441513461,0.2742094553739252,-0.009231326630859082,-0.008909283141116933
273.0,18.5,0.0,0.0,0.0,0.0,0.0,0.0,0.0,0.0,0.0,0.0,0.0,0.0,0.2720946434104857,0.2739483148406045,-0.00927692010137942,-0.008953727775575208
273.0,19.0,0.0,0.0,0.0,0.0,0.0,0.0,0.0,0.0,0.0,0.0,0.0,0.0,0.27184123855859404,0.27369065667977194,-0.009322173896566612,-0.008997838876436962
273.0,19.5,0.0,0.0,0.0,0.0,0.0,0.0,0.0,0.0,0.0,0.0,0.0,0.0,0.27159114451913696,0.2734363930737627,-0.009367094558760513,-0.009041622892619533
273.0,20.0,0.0,0.0,0.0,0.0,0.0,0.0,0.0,0.0,0.0,0.0,0.0,0.0,0.2713442794745948,0.27318543960473585,-0.009411688402057554,-0.009085086044285597
273.0,20.5,0.0,0.0,0.0,0.0,0.0,0.0,0.0,0.0,0.0,0.0,0.0,0.0,0.2711005646869375,0.27293771506332887,-0.009455961525644884,-0.009128234336725678
273.0,21.0,0.0,0.0,0.0,0.0,0.0,0.0,0.0,0.0,0.0,0.0,0.0,0.0,0.2708599243317296,0.2726931412723121,-0.009499919825989744,-0.009171073572996286
273.0,21.5,0.0,0.0,0.0,0.0,0.0,0.0,0.0,0.0,0.0,0.0,0.0,0.0,0.2706222853445289,0.27245164292372137,-0.009543569008008032,-0.009213609365452898
273.0,22.0,0.0,0.0,0.0,0.0,0.0,0.0,0.0,0.0,0.0,0.0,0.0,0.0,0.2703875772783993,0.27221314742812924,-0.009586914595320845,-0.00925584714630022
273.0,22.5,0.0,0.0,0.0,0.0,0.0,0.0,0.0,0.0,0.0,0.0,0.0,0.0,0.2701557321714945,0.27197758477487827,-0.00962996193969447,-0.009297792177265755
273.0,23.0,0.0,0.0,0.0,0.0,0.0,0.0,0.0,0.0,0.0,0.0,0.0,0.0,0.26992668442378986,0.2717448874022344,-0.009672716229747401,-0.009339449558490491
273.0,23.5,0.0,0.0,0.0,0.0,0.0,0.0,0.0,0.0,0.0,0.0,0.0,0.0,0.26970037068213915,0.2715149900765418,-0.00971518249899831,-0.009380824236718033
273.0,24.0,0.0,0.0,0.0,0.0,0.0,0.0,0.0,0.0,0.0,0.0,0.0,0.0,0.26947672973292663,0.2712878297795616,-0.009757365633320083,-0.009421921012854415
274.0,0.5,0.0,0.0,0.0,0.0,0.0,0.0,0.0,0.0,0.0,0.0,0.0,0.0,0.2692557024016608,0.2710633456032693,-0.009799270377857447,-0.009462744548961791
274.0,1.0,0.0,0.0,0.0,0.0,0.0,0.0,0.0,0.0,0.0,0.0,0.0,0.0,0.2690372314589261,0.2708414786514617,-0.009840901343459068,-0.009503299374742084
274.0,1.5,0.0,0.0,0.0,0.0,0.0,0.0,0.0,0.0,0.0,0.0,0.0,0.0,0.26882126153216845,0.270622171947599,-0.009882263012669621,-0.009543589893559646
274.0,2.0,0.0,0.0,0.0,0.0,0.0,0.0,0.0,0.0,0.0,0.0,0.0,0.0,0.268607739022845,0.27040537034836126,-0.00992335974532174,-0.009583620388046945
274.0,2.5,0.0,0.0,0.0,0.0,0.0,0.0,0.0,0.0,0.0,0.0,0.0,0.0,0.26839661202851406,0.27019102046245536,-0.009964195783763787,-0.009623395025332108
274.0,3.0,0.0,0.0,0.0,0.0,0.0,0.0,0.0,0.0,0.0,0.0,0.0,0.0,0.268187830269482,0.2699790705742567,-0.010004775257755592,-0.009662917861922669
274.0,3.5,0.0,0.0,0.0,0.0,0.0,0.0,0.0,0.0,0.0,0.0,0.0,0.0,0.2679813450196635,0.26976947057190703,-0.01004510218906027,-0.009702192848276274
274.0,4.0,0.0,0.0,0.0,0.0,0.0,0.0,0.0,0.0,0.0,0.0,0.0,0.0,0.2677771090413401,0.26956217187952997,-0.010085180495758184,-0.00974122383308586
274.0,4.5,0.0,0.0,0.0,0.0,0.0,0.0,0.0,0.0,0.0,0.0,0.0,0.0,0.26757507652353385,0.26935712739325623,-0.01012501399630578,-0.00978001456730363
274.0,5.0,0.0,0.0,0.0,0.0,0.0,0.0,0.0,0.0,0.0,0.0,0.0,0.0,0.2673752030237373,0.2691542914207794,-0.010164606413359882,-0.009818568707925952
274.0,5.5,0.0,0.0,0.0,0.0,0.0,0.0,0.0,0.0,0.0,0.0,0.0,0.0,0.26717744541276517,0.2689536196241895,-0.010203961377385967,-0.009856889821558672
274.0,6.0,0.0,0.0,0.0,0.0,0.0,0.0,0.0,0.0,0.0,0.0,0.0,0.0,0.26698176182251093,0.2687550689658537,-0.010243082430067576,-0.009894981387780553
274.0,6.5,0.0,0.0,0.0,0.0,0.0,0.0,0.0,0.0,0.0,0.0,0.0,0.0,0.26678811159641436,0.2685585976571335,-0.01028197302753134,-0.00993284680232084
274.0,7.0,0.0,0.0,0.0,0.0,0.0,0.0,0.0,0.0,0.0,0.0,0.013271984971568602,0.01658048672260503,0.26659645524245745,0.26836416510974676,-0.010320636543402,-0.009970489380065171
274,7.5,6.846855216070499,6.910782965486023,0.3335542040731522,0.48937654304112976,31.444573616948716,32.9995644449365,False,False,0.19606045406678338,0.29152352514700863,0.16436414200673696,0.20532442700073336,0.2664050631024906,0.2681696189919631,-0.010359419749178422,-0.010008324186429834
274,8.0,7.61308518692335,7.654565032787675,0.41401803892589484,0.5011141336707235,30.981586690034653,31.772257102418223,False,False,0.2012310241932337,0.24632203611670767,0.19118241756668036,0.23850231719736564,0.26615382933133197,0.2678906190944304,-0.010410593013315353,-0.010062882347618773
274,8.5,9.428028074482537,9.426030031929553,0.5556883581810966,0.564218875222703,30.69531591736731,30.64603483041996,False,False,0.23788869093853937,0.24817096485611845,0.3946720393953659,0.4924675560329471,0.2658908062497127,0.2676078192403157,-0.010464490673860636,-0.010118545606571775
274,9.0,10.637301771915318,10.537539619516334,0.6896822555555279,0.5918509105183342,30.276813099597746,29.24773944371622,False,False,0.25169382164828347,0.2216371694266579,0.5206523810630923,0.6511822695930026,0.26558564516387934,0.2672865017970154,-0.010527440290053458,-0.01018223608778867
274,9.5,11.51559226636104,11.08476558795019,0.8773136419997096,0.5839618229275175,29.55209543639888,26.35265506285739,False,False,0.24596223790958652,0.16946479692148916,0.7029019448652821,0.8835968541460555,0.2652491672287001,0.2669432899556263,-0.010597373809933154,-0.01025079472977211
274,10.0,11.948980794663317,11.203934325515359,1.0499118324353218,0.6267602800561579,28.80925621128972,24.291117264013565,False,False,0.2320725536765232,0.1425780630244513,0.7800293806174163,0.9904869720393524,0.2648673333564987,0.2665732842130668,-0.010677405695617948,-0.010325322645203422
274,10.5,12.206168392567966,11.074686161760056,1.1975986873797284,0.6429431057060817,28.23755777711152,22.442572252635536,False,False,0.22160035339944412,0.12252870662290116,0.8444037353676468,1.0875878822390619,0.2644554228002509,0.26618598788995185,-0.010764550456601569,-0.010404025924336325
274,11.0,12.603147040595669,11.134640712614804,1.291357063482875,0.6350371220893332,27.95207289845793,20.967946030383636,False,False,0.2215879651357407,0.11115719602204482,0.7224591102876792,0.9482023715280777,0.26401820362931305,0.2657860076889006,-0.010857978356087606,-0.01048605816758068
274,11.5,12.558606618947184,10.874487580352682,1.3729915765472736,0.6588651817056672,27.609542879239495,20.30679655136506,False,False,0.21275069220377987,0.10438454159776345,0.7832118941985583,1.0518399011600363,0.2635862604671825,0.2654065178286797,-0.01095122909936281,-0.010564601407803636
274,12.0,12.610554649280374,10.688313719675506,1.438473504858519,0.6638673691730756,27.363050938466685,19.529265136492793,False,False,0.20816652082310663,0.09808207201741836,0.7252001923157759,1.000325500155124,0.26313782667528496,0.26501247446799714,-0.01104905130202905,-0.010646899748718882
274,12.5,11.889487526294523,9.808971365901348,1.4358886163419449,0.6519229744915311,27.046669762405934,19.23280725250695,False,False,0.19116578952610364,0.08933913535690727,0.7786253415412197,1.1078505047536997,0.2626900659117033,0.2646260181031185,-0.011147767225895023,-0.010728356494202791
274,13.0,12.355315571192794,9.991943885931338,1.5400177860619042,0.6617537312121977,26.82638801478486,17.98085576578944,False,False,0.19319457656198796,0.08420099994736815,0.568799668512185,0.8373962893600421,0.2622374229613275,0.2642290122424529,-0.01124862946238296,-0.010812811268173694
274,13.5,12.000990365210228,10.042330546342866,1.4415917639565834,0.6587035922107521,26.975462546807957,18.495246877750105,False,False,0.1904447488231732,0.08737899267072556,0.34415125778490085,0.5278729404899697,0.2617998180136841,0.2638668205030149,-0.011347176160137409,-0.010890551865729084
274,14.0,11.429520981853656,9.764312441031198,1.3534423702674914,0.6573583955746315,27.045203247491003,19.120229784482984,False,False,0.18264672499726886,0.08894915001525722,0.27721513094504285,0.44293919222599587,0.26140492511748115,0.26354603528329745,-0.011436988376994067,-0.01095996165169613
274,14.5,8.549833252387256,8.035046730513178,0.9765479384263358,0.6443701302987997,27.210027016367242,22.269862733376343,False,False,0.1389288389105179,0.091354654424454,0.11544953432237362,0.19214493462069218,0.26103131062732254,0.2632377921981128,-0.011522741922058067,-0.011027154756483408
274,15.0,3.3343103254345827,2.892962556848263,0.3789555402724265,0.17852709399729388,13.628114877757737,9.533283787802219,False,False,0.05443713182778407,0.025564988903199238,0.04521477072491238,0.07731049608531991,0.26072782881608114,0.2629646846568424,-0.011592962641829413,-0.011087099195261223
274,15.5,2.5479036754199367,2.2567301752702487,0.2852802220992244,0.1411738932731336,13.671109408930498,9.869835508885975,False,False,0.041968349794026846,0.02069728280511008,0.02512000406326925,0.04350953745134456,0.26051091474875665,0.2627670697525598,-0.011643465570929054,-0.011130715927423113
274,16.0,3.612742011060034,3.7103096261943413,0.3811143242839086,0.5570625114035092,13.791602363066048,15.13459363156843,False,False,0.06103094214739106,0.08830776560774287,0.0077752687783484275,0.01359907025799158,0.26030993893743176,0.2625799924263007,-0.01169049179244736,-0.011172195354292397
274.0,16.5,0.0,0.0,0.0,0.0,0.0,0.0,0.0,0.0,0.0,0.0,0.0,0.0,0.2601003773667197,0.26234517456164985,-0.011739768203004387,-0.011224520946615957
274.0,17.0,0.0,0.0,0.0,0.0,0.0,0.0,0.0,0.0,0.0,0.0,0.0,0.0,0.25994176615643105,0.2621844995451654,-0.01177722871198803,-0.011260493223333954
274.0,17.5,0.0,0.0,0.0,0.0,0.0,0.0,0.0,0.0,0.0,0.0,0.0,0.0,0.2597845252938507,0.26202522307243076,-0.01181450623859883,-0.01129628804153886
274.0,18.0,0.0,0.0,0.0,0.0,0.0,0.0,0.0,0.0,0.0,0.0,0.0,0.0,0.26227854144377055,0.26451696570312316,-0.011239422274588509,-0.010751476596585601
274.0,18.5,0.0,0.0,0.0,0.0,0.0,0.0,0.0,0.0,0.0,0.0,0.0,0.0,0.26739334753308275,0.26962891866077027,-0.010161004611632427,-0.009728636108988185
274.0,19.0,0.0,0.0,0.0,0.0,0.0,0.0,0.0,0.0,0.0,0.0,0.0,0.0,0.28815065596711825,0.2903791589042805,-0.006876382803826227,-0.006605195966004263
274.0,19.5,0.0,0.0,0.0,0.0,0.0,0.0,0.0,0.0,0.0,0.0,0.0,0.0,0.3004514494910587,0.3026689834886306,-0.005527683388057712,-0.005319414117983146
274.0,20.0,0.0,0.0,0.0,0.0,0.0,0.0,0.0,0.0,0.0,0.0,0.0,0.0,0.3046014641063896,0.3068079435760886,-0.005145503097254149,-0.004955148033822578
274.0,20.5,0.0,0.0,0.0,0.0,0.0,0.0,0.0,0.0,0.0,0.0,0.0,0.0,0.30861836675678905,0.31081379872067366,-0.004805202556991556,-0.0046305591325501595
274.0,21.0,0.0,0.0,0.0,0.0,0.0,0.0,0.0,0.0,0.0,0.0,0.0,0.0,0.30998964136928187,0.312175035637819,-0.004695218462249252,-0.004526070803522032
274.0,21.5,0.0,0.0,0.0,0.0,0.0,0.0,0.0,0.0,0.0,0.0,0.0,0.0,0.30884156544920044,0.31101810812818675,-0.004787093253065242,-0.0046146944784845175
274.0,22.0,0.0,0.0,0.0,0.0,0.0,0.0,0.0,0.0,0.0,0.0,0.0,0.0,0.3078031183338996,0.3099709095100701,-0.00487204529588226,-0.004696700529771287
274.0,22.5,0.0,0.0,0.0,0.0,0.0,0.0,0.0,0.0,0.0,0.0,0.0,0.0,0.3068472472571567,0.3090056171902308,-0.004951834075790609,-0.004773834692512328
274.0,23.0,0.0,0.0,0.0,0.0,0.0,0.0,0.0,0.0,0.0,0.0,0.0,0.0,0.30595595781137336,0.3081037181630108,-0.005027638421015404,-0.004847270771246817
274.0,23.5,0.0,0.0,0.0,0.0,0.0,0.0,0.0,0.0,0.0,0.0,0.0,0.0,0.3051167145185867,0.3072523581802596,-0.005100283299926882,-0.004917829867226407
274.0,24.0,0.0,0.0,0.0,0.0,0.0,0.0,0.0,0.0,0.0,0.0,0.0,0.0,0.30432047010490754,0.30644232182206443,-0.005170365164355687,-0.004986103033166987
275.0,0.5,0.0,0.0,0.0,0.0,0.0,0.0,0.0,0.0,0.0,0.0,0.0,0.0,0.3035605083596049,0.3056668355920643,-0.0052383262317053534,-0.005052524779150086
275.0,1.0,0.0,0.0,0.0,0.0,0.0,0.0,0.0,0.0,0.0,0.0,0.0,0.0,0.30283172665968444,0.30492081954183836,-0.005304500972326678,-0.005117419575847873
275.0,1.5,0.0,0.0,0.0,0.0,0.0,0.0,0.0,0.0,0.0,0.0,0.0,0.0,0.3021301713110385,0.30420039882764643,-0.0053691464997342115,-0.005181032582728911
275.0,2.0,0.0,0.0,0.0,0.0,0.0,0.0,0.0,0.0,0.0,0.0,0.0,0.0,0.30145272577487997,0.3035025736828728,-0.005432463156233708,-0.005243550682133038
275.0,2.5,0.0,0.0,0.0,0.0,0.0,0.0,0.0,0.0,0.0,0.0,0.0,0.0,0.3007968952837292,0.3028249900747799,-0.005494608871367608,-0.005305117297397207
275.0,3.0,0.0,0.0,0.0,0.0,0.0,0.0,0.0,0.0,0.0,0.0,0.0,0.0,0.3001606543917743,0.3021657766542454,-0.005555709423258029,-0.005365843078664622
275.0,3.5,0.0,0.0,0.0,0.0,0.0,0.0,0.0,0.0,0.0,0.0,0.0,0.0,0.2995423368526241,0.3015234266768842,-0.005615865922127151,-0.005425813755526117
275.0,4.0,0.0,0.0,0.0,0.0,0.0,0.0,0.0,0.0,0.0,0.0,0.0,0.0,0.29894055469404046,0.3008967112096445,-0.0056751603613949785,-0.005485095995471435
275.0,4.5,0.0,0.0,0.0,0.0,0.0,0.0,0.0,0.0,0.0,0.0,0.0,0.0,0.29835413787350495,0.300284614567007,-0.0057336597944248596,-0.0055437418270787705
275.0,5.0,0.0,0.0,0.0,0.0,0.0,0.0,0.0,0.0,0.0,0.0,0.0,0.0,0.29778208871369405,0.2996862858229683,-0.005791419515053632,-0.0056017920107322965
275.0,5.5,0.0,0.0,0.0,0.0,0.0,0.0,0.0,0.0,0.0,0.0,0.0,0.0,0.29722354712348703,0.2991010021189275,-0.005848485504086894,-0.005659278625511134
275.0,6.0,0.0,0.0,0.0,0.0,0.0,0.0,0.0,0.0,0.0,0.0,0.0,0.0,0.2992790351533873,0.3011261712314256,-0.00564171813116783,-0.005463301798391302
275.0,6.5,0.0,0.0,0.0,0.0,0.0,0.0,0.0,0.0,0.0,0.0,0.0,0.0,0.2986798265517436,0.3004966593363462,-0.005701081700680799,-0.005523341332229021
275.0,7.0,0.0,0.0,0.0,0.0,0.0,0.0,0.0,0.0,0.0,0.0,0.0,0.0,0.29809688573194937,0.29988349446862617,-0.0057595491733652025,-0.005582579054329225
275.0,7.5,0.0,0.0,0.0,0.0,0.0,0.0,0.0,0.0,0.0,0.0,0.0,0.0,0.29752906446865424,0.29928558964885227,-0.005817188327102769,-0.005641072860996176
275.0,8.0,0.0,0.0,0.0,0.0,0.0,0.0,0.0,0.0,0.0,0.0,0.01866771584455236,0.01866771584455236,0.29697537099328264,0.29870201074077635,-0.005874056409662318,-0.005698870687144141
275,8.5,3.855269786344426,3.8889425282039514,0.12129470168853822,0.18469800228335292,16.6335680548202,17.332340411262056,False,False,0.1642967152757937,0.2845677119401192,0.22220389225901918,0.22220389225901918,0.29643256223352704,0.2981295678673845,-0.005930450682399877,-0.0057562523918090695
275,9.0,9.062919525841494,9.152410591910467,0.28184226817508595,0.5195901085446969,33.233438033548815,34.956028595409066,False,False,0.3827712127991295,0.8012194405206046,0.41971709933371415,0.41971709933371415,0.29586086364223,0.29752045508921077,-0.005990545363659329,-0.005818067534844527
275,9.5,5.049880941333058,5.08725367515454,0.1839073847401677,0.21227735497914127,16.596527432562752,17.103265504219785,False,False,0.21101862213265,0.32175066060801627,0.3955376231528453,0.3955376231528453,0.29525536819192044,0.2968556709337842,-0.006054985548966921,-0.005886437351907153
275,10.0,10.38591038057067,10.45463427772588,0.3438251069008528,0.4517057519052661,33.160225034204224,34.225560600810475,False,False,0.4302838636775056,0.6587369054570096,0.5651034972685216,0.5651034972685216,0.2946766660045835,0.2962447422561964,-0.006117347563900746,-0.0059501140099849055
275,10.5,11.18523451536981,11.277196033083877,0.38623772363837655,0.545014191860741,33.03700615915413,34.31820241400699,False,False,0.44899133389825036,0.7359403927296024,0.6760288382512057,0.6760288382512057,0.29406667002740716,0.2955928011595529,-0.006183912159419862,-0.006018972750195515
275,11.0,11.572318390246899,11.583696634390202,0.5373079791051181,0.5394430395283373,31.80112953670923,31.936786537828873,False,False,0.3541013956160406,0.37885084982880435,0.7471835399786276,0.7471835399786276,0.29344734065878575,0.2949254832153119,-0.006252380052541351,-0.006090441230757651
275,11.5,10.686885423816731,10.592960142275437,0.6461422420488099,0.5522139713918174,30.565711792056142,29.51534847121339,False,False,0.26422073898314863,0.2347700879685905,0.6165703133385388,0.6165703133385388,0.292809457886125,0.29426003999509304,-0.0063238454180164225,-0.00616271804303719
275,12.0,5.483031088130463,5.374628862203661,0.3308902677855302,0.23876614921497977,15.309182877588167,14.251938037167548,False,False,0.1366800278906591,0.10271491222696773,0.38743476315661235,0.38743476315661235,0.2921837129466059,0.2936194637910516,-0.0063948985537153466,-0.0062332613211132995
275,12.5,4.957609708698172,4.881481157952623,0.29737376551498246,0.22918917098490002,15.285036371875728,14.407102003669,False,False,0.1226542308476216,0.09675469992183959,0.283440943577972,0.283440943577972,0.29163633403971506,0.2930575284407061,-0.006457834391915839,-0.0062959377063644874
275,13.0,10.232334108166814,10.160882570229113,0.645446865248541,0.5735150951983531,30.333975279822532,29.484331526899602,False,False,0.24418785043173172,0.22214795498547063,0.5654503088256975,0.5654503088256975,0.2911151317432949,0.2925192375982867,-0.0065184475626420164,-0.0063566822438621585
275,13.5,11.181805524563469,10.836994223941847,0.8350608319451511,0.5865195945775118,29.530032693745326,26.497139045627755,False,False,0.23812746726805495,0.17047837427094742,0.7127461712200006,0.7127461712200006,0.29052197530159135,0.29190999940501544,-0.006588255285106334,-0.006426277445806606
275,14.0,11.573823887218207,10.836078294732749,0.975027406141358,0.5982293557844597,29.048585233479393,24.776884298747376,False,False,0.23155209830564688,0.1477815433526615,1.2090645302030887,1.2090645302030887,0.2898939325879953,0.2912889177801616,-0.006663141851203341,-0.006498162102537708
275,14.5,11.458557982858412,10.317637049503567,1.1489610966422112,0.6340743521733272,28.085431047105516,22.310582468453646,False,False,0.2057620144521637,0.11790249743627167,1.5343388518626475,1.5343388518626475,0.2891925809828932,0.2906114133419232,-0.006747971648458855,-0.006577672629678327
275,15.0,9.722106072073203,8.94568637741845,0.9726747046052162,0.6174561003622191,27.975839634522156,22.834816870247543,False,False,0.17138381564522503,0.10969436795073341,0.6963539564362138,0.6963539564362138,0.2884351334755254,0.28989595444250016,-0.006841035825471418,-0.006662899147034915
275,15.5,9.351124010317015,8.590119799924457,0.9266486541674066,0.6064573496301328,28.053337311881133,22.801809572552795,False,False,0.16627195729378358,0.11029693251815822,0.8191890760051052,0.8191890760051052,0.28781421731706897,0.2892972245594903,-0.0069184673258422666,-0.006735233488191018
275,16.0,8.954848752276343,8.353342971018028,0.8762950141121912,0.5987106688795842,28.08068323868772,22.772362944255146,False,False,0.15971397609692148,0.1098391565534613,0.6926426025418843,0.6926426025418843,0.287190567412999,0.28869184013868004,-0.006997293182399524,-0.0068093251146298635
275,16.5,7.0000758557847025,6.758426111650253,0.6544603982498561,0.547258655882054,28.276205885663863,24.075994116525614,False,False,0.12764787410015477,0.1066043939340338,0.383748324685116,0.383748324685116,0.28659630157658883,0.28811094955014754,-0.007073402613981363,-0.006881333704099738
275,17.0,3.2310418780953603,3.3402467202994215,0.2882368895448702,0.5431278833238493,14.235287127353645,16.099876067959734,False,False,0.06026137652497096,0.11267664840738392,0.022181390906746642,0.022181390906746642,0.2860763074630867,0.2875831525546207,-0.007140810160197478,-0.006947548621790715
275.0,17.5,0.0,0.0,0.0,0.0,0.0,0.0,0.0,0.0,0.0,0.0,0.0,0.0,0.28565550564308434,0.28710893314948827,-0.007195920124738954,-0.007007690310409251
275.0,18.0,0.0,0.0,0.0,0.0,0.0,0.0,0.0,0.0,0.0,0.0,0.0,0.0,0.28528052690505246,0.28671353853161163,-0.007245456356410146,-0.007058309925923156
275.0,18.5,0.0,0.0,0.0,0.0,0.0,0.0,0.0,0.0,0.0,0.0,0.0,0.0,0.2849116398133618,0.28632474729701896,-0.007294584808620609,-0.007108509526357342
275.0,19.0,0.0,0.0,0.0,0.0,0.0,0.0,0.0,0.0,0.0,0.0,0.0,0.0,0.2845486779666065,0.2859423837682887,-0.007343312010407943,-0.0071582946381335815
275.0,19.5,0.0,0.0,0.0,0.0,0.0,0.0,0.0,0.0,0.0,0.0,0.0,0.0,0.2841914818630917,0.28556627852120625,-0.007391644258280512,-0.007207670713638758
275.0,20.0,0.0,0.0,0.0,0.0,0.0,0.0,0.0,0.0,0.0,0.0,0.0,0.0,0.2838398983381476,0.28519626794437325,-0.0074395876530692065,-0.007256643152927457
275.0,20.5,0.0,0.0,0.0,0.0,0.0,0.0,0.0,0.0,0.0,0.0,0.0,0.0,0.28349378008654985,0.28483219387397984,-0.007487148129003234,-0.007305217318455975
275.0,21.0,0.0,0.0,0.0,0.0,0.0,0.0,0.0,0.0,0.0,0.0,0.0,0.0,0.28315298525398513,0.2844739032870947,-0.007534331476552111,-0.007353398544493819
275.0,21.5,0.0,0.0,0.0,0.0,0.0,0.0,0.0,0.0,0.0,0.0,0.0,0.0,0.28281737708468274,0.28412124804051564,-0.007581143360279676,-0.007401192142510527
275.0,22.0,0.0,0.0,0.0,0.0,0.0,0.0,0.0,0.0,0.0,0.0,0.0,0.0,0.28248682361487115,0.2837740846451124,-0.0076275893327176604,-0.0074486034035585085
275.0,22.5,0.0,0.0,0.0,0.0,0.0,0.0,0.0,0.0,0.0,0.0,0.0,0.0,0.2821611974037496,0.2834322740678499,-0.007673674845072382,-0.007495637598452066
275.0,23.0,0.0,0.0,0.0,0.0,0.0,0.0,0.0,0.0,0.0,0.0,0.0,0.0,0.28184037529529005,0.28309568155544323,-0.007719405255421595,-0.007542299976367626
275.0,23.5,0.0,0.0,0.0,0.0,0.0,0.0,0.0,0.0,0.0,0.0,0.0,0.0,0.2815242382054838,0.2827641764749743,-0.007764785834931917,-0.007588595762350875
275.0,24.0,0.0,0.0,0.0,0.0,0.0,0.0,0.0,0.0,0.0,0.0,0.0,0.0,0.2812126709306936,0.28243763216787354,-0.007809821772523925,-0.007634530154105859
276.0,0.5,0.0,0.0,0.0,0.0,0.0,0.0,0.0,0.0,0.0,0.0,0.0,0.0,0.28090556197360794,0.2821159258145074,-0.007854518178328669,-0.007680108318353453
276.0,1.0,0.0,0.0,0.0,0.0,0.0,0.0,0.0,0.0,0.0,0.0,0.0,0.0,0.28060280338396665,0.2817989383072631,-0.00789888008621165,-0.007725335386977305
276.0,1.5,0.0,0.0,0.0,0.0,0.0,0.0,0.0,0.0,0.0,0.0,0.0,0.0,0.2803042906117685,0.28148655413052487,-0.00794291245558523,-0.007770216453120641
276.0,2.0,0.0,0.0,0.0,0.0,0.0,0.0,0.0,0.0,0.0,0.0,0.0,0.0,0.28000992237110484,0.2811786612463276,-0.00798662017268589,-0.007814756567354194
276.0,2.5,0.0,0.0,0.0,0.0,0.0,0.0,0.0,0.0,0.0,0.0,0.0,0.0,0.2797196005131134,0.28087515098477356,-0.008030008051456709,-0.00785896073400172
276.0,3.0,0.0,0.0,0.0,0.0,0.0,0.0,0.0,0.0,0.0,0.0,0.0,0.0,0.279433229906827,0.2805759179385268,-0.00807308083414602,-0.007902833907683558
276.0,3.5,0.0,0.0,0.0,0.0,0.0,0.0,0.0,0.0,0.0,0.0,0.0,0.0,0.2791507183269176,0.28028085986087914,-0.008115843191709724,-0.007946380990117727
276.0,4.0,0.0,0.0,0.0,0.0,0.0,0.0,0.0,0.0,0.0,0.0,0.0,0.0,0.2788719763475196,0.2799898775670104,-0.00815829972408545,-0.007989606827202858
276.0,4.5,0.0,0.0,0.0,0.0,0.0,0.0,0.0,0.0,0.0,0.0,0.0,0.0,0.2785969172414613,0.2797028748381708,-0.008200454960391295,-0.008032516206394873
276.0,5.0,0.0,0.0,0.0,0.0,0.0,0.0,0.0,0.0,0.0,0.0,0.0,0.0,0.27832545688435173,0.27941975832858407,-0.008242313359089913,-0.00807511385438062
276.0,5.5,0.0,0.0,0.0,0.0,0.0,0.0,0.0,0.0,0.0,0.0,0.0,0.0,0.2780575136630648,0.2791404374749272,-0.00828387930814813,-0.008117404435044624
276.0,6.0,0.0,0.0,0.0,0.0,0.0,0.0,0.0,0.0,0.0,0.0,0.0,0.0,0.2777930083882416,0.2788648244082835,-0.008325157125214661,-0.00815939254772045
276.0,6.5,0.0,0.0,0.0,0.0,0.0,0.0,0.0,0.0,0.0,0.0,0.0,0.0,0.2775318642104875,0.2785928338684907,-0.008366151057832491,-0.008201082725714789
276.0,7.0,0.0,0.0,0.0,0.0,0.0,0.0,0.0,0.0,0.0,0.0,0.0,0.0,0.27727400653999784,0.27832438312083135,-0.00840686528369662,-0.008242479435089711
276.0,7.5,0.0,0.0,0.0,0.0,0.0,0.0,0.0,0.0,0.0,0.0,0.0,0.0,0.27701936296937985,0.27805939187501877,-0.008447303910964916,-0.008283587073687568
276,8.0,2.6951970453209917,2.71784275555331,0.1075176879995278,0.1529140067476975,16.115499499772117,16.801504153620595,False,False,0.08990407264935485,0.130255257583878,0.08324478939647587,0.08324478939647587,0.2767678631994743,0.2777977822064474,-0.008487470978625901,-0.008324409970381773
276,8.5,3.100031592447058,3.121653153516559,0.13184143458262665,0.1706320002337056,15.994982493884562,16.543065183400966,False,False,0.09843320292028256,0.1292993308134557,0.10041224737079876,0.10041224737079876,0.2764951295738245,0.27750938410607107,-0.008531286786437931,-0.008369691173548027
276,9.0,8.811095601745581,8.875358532612152,0.40208486196205184,0.5129018956299908,15.881681837839142,16.44559602065086,False,False,0.2676663407908362,0.36342243704099475,0.397384557391135,0.397384557391135,0.27622011785270434,0.2772197729765954,-0.008575741746347652,-0.008415458470224855
276,9.5,10.71406979252564,10.705575310123546,0.5662104056129604,0.5541525407670649,31.200090469224413,31.06606644833407,False,False,0.293866115336599,0.29756671125386885,0.6342481907854586,0.6342481907854586,0.27587576910163025,0.2768518626745578,-0.008631794640793977,-0.008474030150101494
276,10.0,4.353375494665432,4.3342053703320325,0.24461796236687433,0.22313944681656542,15.424623231995056,15.1436564081445,False,False,0.11259369254722831,0.1046584145482682,0.20189258870522658,0.20189258870522658,0.2754832034829971,0.2764516035365639,-0.008696229629966652,-0.008538304340290825
276,10.5,10.352872781449003,10.280020949233272,0.6347600447178787,0.5554087350055782,30.518055319880773,29.673740010867352,False,False,0.2540807815475773,0.2299570419928313,0.5922736067728434,0.5922736067728434,0.2751895370956799,0.27615164745061765,-0.008744806405764843,-0.008586852694339302
276,11.0,13.039941468902548,12.436396045727015,0.9750844026364476,0.5923746470714862,29.75236498660611,26.33868098111755,False,False,0.2905868839558292,0.19113122497389295,1.3725585932462574,1.3725585932462574,0.2747991689632348,0.27576256163908275,-0.00880988056792698,-0.008650317759587446
276,11.5,13.146643393735552,12.248568637515426,1.082006879903634,0.6152675051980846,29.18980429306091,24.724161767952907,False,False,0.27062943191113276,0.16179304984638676,1.4232762310250007,1.438021405665504,0.27426870358604605,0.2752722275523234,-0.008899236046276402,-0.008731095549684906
276,12.0,12.970394907750629,11.791375615260208,1.1669589579447284,0.6262892461005353,28.70163036599207,23.110471676892367,False,False,0.24864325530198278,0.13747210907471688,1.2005762266188131,1.2478760687977297,0.27372079907976454,0.27477346884723514,-0.008992665142484813,-0.00881418497066299
276,12.5,12.788379468088817,11.439103544000183,1.2068795231298919,0.6222392527782722,28.413149199969702,22.202605578479737,False,False,0.2369178904300568,0.12481001977589676,1.1273482704941022,1.1811864224207884,0.27319304340460115,0.2743003114427613,-0.009083765474395556,-0.008893881623753411
276,13.0,11.686474114529219,10.56020241531507,1.1693609026240679,0.6269689234163159,28.020135098311776,21.735084847082327,False,False,0.20702841486032353,0.111690930539874,0.7697978236285794,0.8138628419692325,0.27267207478417094,0.2738388856943678,-0.009174774745503567,-0.008972430506757403
276,13.5,12.03758244899368,10.658848280782664,1.2393630370141697,0.6442538957581028,27.894944979221407,21.37051523685591,False,False,0.21031631258640004,0.11055027170223086,0.9259327402048826,0.9875164807587882,0.27220394237789647,0.2734263271131726,-0.009257481988202558,-0.009043361461371854
276,14.0,11.105665998216747,9.90439261657708,1.1879591981628457,0.6427548587645857,27.641015056376627,21.108355284447953,False,False,0.18876962675868342,0.10260188488015515,0.6782732010275835,0.7306279845769198,0.27170943446100204,0.2729920428440684,-0.009345815832170389,-0.009118750739468695
276,14.5,10.2358005991432,9.263426518525018,1.0925008155855873,0.6253200422332136,27.637138584999647,21.51551928849443,False,False,0.17391197165663103,0.09976552106854589,0.546760932769212,0.5946211829993419,0.27125543048431044,0.272593238680973,-0.009427800005681452,-0.009188641265993521
276,15.0,8.613975165663422,8.120244013590517,0.9079649101457258,0.6274221682257344,27.681076619778274,23.072135982481882,False,False,0.1470463095927549,0.10150664666627822,0.35516233992715807,0.38958630300332503,0.2708326965130708,0.27221648950344995,-0.009504908908734816,-0.009255253669772734
276,15.5,6.873877744526737,6.641869531951757,0.7187004378028863,0.5756349722992847,27.71191412577271,24.264245897003498,False,False,0.11773127127345254,0.0939840127855493,0.21720283679331076,0.239614478301279,0.27046019525415793,0.27186805200082154,-0.009573478586887386,-0.009317373048233641
276.0,16.0,0.0,0.0,0.0,0.0,0.0,0.0,0.0,0.0,0.0,0.0,0.0,0.0,0.27013164949941454,0.27154772791057313,-0.009634446628850523,-0.009374919085181448
276.0,16.5,0.0,0.0,0.0,0.0,0.0,0.0,0.0,0.0,0.0,0.0,0.0,0.0,0.2699245817542645,0.27133364870066595,-0.009673109762605256,-0.009413614425284619
276,17.0,3.4758970126980238,3.590802452211505,0.31144088032931594,0.5440513987350011,14.174017901076875,15.835992995918769,False,False,0.06390994455966263,0.10989925895478961,0.03701504844423732,0.04096616054027738,0.2697196852286702,0.2711218788478886,-0.009711549594352763,-0.00945207971709319
276.0,17.5,0.0,0.0,0.0,0.0,0.0,0.0,0.0,0.0,0.0,0.0,0.0,0.0,0.2694725143108299,0.2708378231873133,-0.009758162838924072,-0.009503969285307435
276.0,18.0,0.0,0.0,0.0,0.0,0.0,0.0,0.0,0.0,0.0,0.0,0.0,0.0,0.2692718386051437,0.2706305390287228,-0.009796203856141975,-0.009542048983030755
276.0,18.5,0.0,0.0,0.0,0.0,0.0,0.0,0.0,0.0,0.0,0.0,0.0,0.0,0.26907321463287204,0.27042543360392735,-0.009834030056571954,-0.009579907496449743
276.0,19.0,0.0,0.0,0.0,0.0,0.0,0.0,0.0,0.0,0.0,0.0,0.0,0.0,0.2688766046369154,0.27022246569819725,-0.00987164422339839,-0.009617547772964903
276.0,19.5,0.0,0.0,0.0,0.0,0.0,0.0,0.0,0.0,0.0,0.0,0.0,0.0,0.268681971836976,0.2700215951921906,-0.009909049086724452,-0.009654972702256782
276.0,20.0,0.0,0.0,0.0,0.0,0.0,0.0,0.0,0.0,0.0,0.0,0.0,0.0,0.268489280396514,0.2698227830238831,-0.009946247325038009,-0.00969218511792474
276.0,20.5,0.0,0.0,0.0,0.0,0.0,0.0,0.0,0.0,0.0,0.0,0.0,0.0,0.26829849539118766,0.26962599115225855,-0.009983241566604113,-0.009729187799040808
276.0,21.0,0.0,0.0,0.0,0.0,0.0,0.0,0.0,0.0,0.0,0.0,0.0,0.0,0.26810958277868596,0.26943118252264575,-0.010020034390790694,-0.009765983471626527
276.0,21.5,0.0,0.0,0.0,0.0,0.0,0.0,0.0,0.0,0.0,0.0,0.0,0.0,0.2679225093698673,0.269238321033597,-0.010056628329333217,-0.009802574810059793
276.0,22.0,0.0,0.0,0.0,0.0,0.0,0.0,0.0,0.0,0.0,0.0,0.0,0.0,0.27038329224371654,0.27169268006583747,-0.009587708127798496,-0.009348826212772735
276.0,22.5,0.0,0.0,0.0,0.0,0.0,0.0,0.0,0.0,0.0,0.0,0.0,0.0,0.28596607303835114,0.2872626759513193,-0.007155198162947073,-0.0069881245572810955
276.0,23.0,0.0,0.0,0.0,0.0,0.0,0.0,0.0,0.0,0.0,0.0,0.0,0.0,0.28553232630543934,0.28681706376234467,-0.007212147987254578,-0.007045014330090743
276.0,23.5,0.0,0.0,0.0,0.0,0.0,0.0,0.0,0.0,0.0,0.0,0.0,0.0,0.29034082980859627,0.29161162192864265,-0.006609751340052869,-0.006460693077912715
276.0,24.0,0.0,0.0,0.0,0.0,0.0,0.0,0.0,0.0,0.0,0.0,0.0,0.0,0.2898297582582599,0.29108778342906727,-0.006670850837704694,-0.006521646706239797
277.0,0.5,0.0,0.0,0.0,0.0,0.0,0.0,0.0,0.0,0.0,0.0,0.0,0.0,0.2893406868208974,0.29058691101035483,-0.006729951291638894,-0.006580569824917969
277.0,1.0,0.0,0.0,0.0,0.0,0.0,0.0,0.0,0.0,0.0,0.0,0.0,0.0,0.28887111872947646,0.29010634308592365,-0.00678728285403054,-0.006637701490101731
277.0,1.5,0.0,0.0,0.0,0.0,0.0,0.0,0.0,0.0,0.0,0.0,0.0,0.0,0.28841897720766624,0.2896438729372511,-0.0068430374714487496,-0.0066932404867981595
277.0,2.0,0.0,0.0,0.0,0.0,0.0,0.0,0.0,0.0,0.0,0.0,0.0,0.0,0.2879825167647058,0.28919765120905094,-0.006897376799445548,-0.006747353793453189
277.0,2.5,0.0,0.0,0.0,0.0,0.0,0.0,0.0,0.0,0.0,0.0,0.0,0.0,0.28756025667837365,0.28876611316384876,-0.006950438169280039,-0.006800182931089555
277.0,3.0,0.0,0.0,0.0,0.0,0.0,0.0,0.0,0.0,0.0,0.0,0.0,0.0,0.28715093031790434,0.28834792350497007,-0.00700233915700673,-0.006851848803826752
277.0,3.5,0.0,0.0,0.0,0.0,0.0,0.0,0.0,0.0,0.0,0.0,0.0,0.0,0.2867534459845466,0.28794193390554984,-0.007053181131366224,-0.006902455443064683
277.0,4.0,0.0,0.0,0.0,0.0,0.0,0.0,0.0,0.0,0.0,0.0,0.0,0.0,0.2863668562655676,0.28754714988472746,-0.007103052043321704,-0.006952092941422543
277.0,4.5,0.0,0.0,0.0,0.0,0.0,0.0,0.0,0.0,0.0,0.0,0.0,0.0,0.28599033377475924,0.28716270466605803,-0.0071520286441520186,-0.007000839778748278
277.0,5.0,0.0,0.0,0.0,0.0,0.0,0.0,0.0,0.0,0.0,0.0,0.0,0.0,0.28562315174831665,0.28678783832408145,-0.007200178267222811,-0.007048764685724611
277.0,5.5,0.0,0.0,0.0,0.0,0.0,0.0,0.0,0.0,0.0,0.0,0.0,0.0,0.2852646683771325,0.2864218809865312,-0.007247560272585373,-0.00709592815137468
277.0,6.0,0.0,0.0,0.0,0.0,0.0,0.0,0.0,0.0,0.0,0.0,0.0,0.0,0.28491431404644757,0.2860642391826828,-0.007294227228154234,-0.007142383653213627
277.0,6.5,0.0,0.0,0.0,0.0,0.0,0.0,0.0,0.0,0.0,0.0,0.0,0.0,0.2845715808608368,0.28571438465795973,-0.0073402258830072694,-0.007188178669131597
277.0,7.0,0.0,0.0,0.0,0.0,0.0,0.0,0.0,0.0,0.0,0.0,0.010299455702215785,0.010299455702215785,0.2842360139824212,0.2853718451404995,-0.007385597975121252,-0.007233355515865102
277,7.5,6.686046191999142,6.758074515922553,0.24623936004003905,0.5060051548003762,32.526722932387486,34.50045641368108,False,False,0.23777151896725335,0.5072435551040515,0.2348248799319381,0.2348248799319381,0.28390589193181265,0.2850348841780211,-0.007430560310559109,-0.007278127076541953
277,8.0,2.5545133796983475,2.5681739279825453,0.10778355770868617,0.13367321103734078,16.013532763417533,16.480995876133846,False,False,0.08171686589124037,0.10207425878680519,0.06577847629658246,0.06577847629658246,0.28352216714442136,0.2846113386350874,-0.007483233822698456,-0.007334872257031964
277,8.5,3.612817772749328,3.6044809715105264,0.18524488957659882,0.17350205417541792,15.64099257977028,15.480353343806131,False,False,0.1005117968190612,0.09536523025717082,0.18962331029466412,0.18962331029466412,0.28581300542954696,0.28689144299038943,-0.007175234156506366,-0.007035480332194322
277,9.0,8.937111671210928,8.95031485508375,0.5050995007347885,0.53385665618225,30.839882591133094,30.98359039688492,False,False,0.2307939678844666,0.2468730663766936,0.40762499397270086,0.40762499397270086,0.28541398228569065,0.2864866444677565,-0.0072277799220626425,-0.007087554313389859
277,9.5,10.750757792467041,10.641644543465983,0.6541107614642107,0.5407747626154662,30.552657370558002,29.274528428290402,False,False,0.265261723438204,0.2234899163780591,0.6631879594576073,0.6631879594576073,0.2849540108436926,0.2860158812658503,-0.00728892169455065,-0.007148692826706319
277,10.0,5.001159193949273,4.929814575294662,0.31054565832895215,0.24386181236014431,15.237611818497752,14.477517656451258,False,False,0.12193301362639437,0.09758385030059809,0.3901709621609296,0.3901709621609296,0.2923124947390538,0.29337889094778424,-0.006380198003135218,-0.006260002578133496
277,10.5,4.937898452462141,4.935528237131403,0.2340847586221873,0.2222848291691522,15.848934050155542,15.797244654929958,False,False,0.1481521258442261,0.1469771626373439,0.36781048656377324,0.36781048656377324,0.29696285122149146,0.2980258080625594,-0.005875349913988565,-0.005766726840451841
277,11.0,11.78484210330678,11.797391004896294,0.5545439488621737,0.5329506424371366,31.885684800498552,32.016996361619874,False,False,0.3665663025722956,0.38528801554868075,1.0477771441334696,1.0477771441334696,0.2989074603360326,0.29995932493916455,-0.005678442777941482,-0.0055752122135306155
277,11.5,12.110564235893893,11.98660149883952,0.6979320449187233,0.57024477276728,30.947768886923136,29.928175592859514,False,False,0.31832088570079736,0.27475878929758724,1.165333272002351,1.165333272002351,0.2980855105522976,0.2991282706933409,-0.0057606971623119715,-0.005656584739055378
277,12.0,10.650037801468343,10.603005362430753,0.5968463499585718,0.538436870212619,30.917825672379344,30.320383040857806,False,False,0.27855345245592655,0.25588296839096636,0.6298080801886708,0.6298080801886708,0.3075848964063615,0.3086262892342889,-0.004890125031798178,-0.004804558368317652
277,12.5,11.669527181489979,11.694234700995235,0.5346762948400653,0.5381261759336347,31.978753211707797,32.27187524998931,False,False,0.3697072390003736,0.4071857868756932,0.9664455499362463,0.9664455499362463,0.3065519743470249,0.30758479429007185,-0.004976795285403017,-0.0048901335108493945
277,13.0,11.74243145622947,11.611200579365544,0.6843039754499962,0.5500260240741804,30.95981222164422,29.88255315658244,False,False,0.30926007306290443,0.2666295931365289,1.250559150646671,1.250559150646671,0.30554381573480915,0.30656115051371585,-0.005063158278054271,-0.004976017314537328
277,13.5,9.378648562563656,9.366764702800491,0.5540139781466049,0.542092646247188,30.647184176427317,30.418204492178166,False,False,0.23484983345178242,0.23287340054742717,0.45598293044154775,0.45598293044154775,0.30452862184691953,0.3055485782239656,-0.005151934405045436,-0.005062746125713578
277,14.0,11.020032036314165,10.829625464545071,0.7215035520739193,0.5772022454174675,30.28391416791993,28.63610722998464,False,False,0.2610254655622451,0.2162307169833856,0.9355406545493338,0.9355406545493338,0.3036709973053033,0.3046782629326331,-0.005228379709504325,-0.00513873281692959
277,14.5,10.195768558535299,9.735950113126119,0.8219559894947674,0.5525351650654308,29.272215710466053,25.76866295285975,False,False,0.20988492002013726,0.14533444865105113,1.140326320482024,1.140326320482024,0.302764161733843,0.30377569437292334,-0.00531068630162534,-0.0052189753458427995
277,15.0,7.494700648605077,7.457115062840018,0.5978769100703257,0.5669997883158361,29.166730170093707,28.185414732674882,False,False,0.15220448825396876,0.14439034322529062,0.2780870412023554,0.2780870412023554,0.30184669910290146,0.30287840730392207,-0.005395533333740398,-0.005300232538386982
277,15.5,3.9064785655783116,3.9584819110631635,0.2735118017203486,0.39048886275621797,14.896398622447995,15.918843033839467,False,False,0.08622534937584042,0.12308348384913194,0.1322630574175633,0.1322630574175633,0.3036817501571481,0.3047014391878423,-0.005227412909936679,-0.005136691775230529
277,16.0,8.69195087697406,8.671058762793482,0.4991599986004665,0.5010294563983366,30.8014950436557,30.150605404612577,False,False,0.22307277328627648,0.23060408796057003,0.5968929149806975,0.5968929149806975,0.30293409125431225,0.3039229108290939,-0.005295146201889424,-0.005205785769850876
277,16.5,2.5174285598086144,2.576666474013122,0.13230912039285492,0.4412797398806805,15.510303782163271,17.545617395009604,False,False,0.06697555974098904,0.22396209841971226,0.05085440313806898,0.05085440313806898,0.30212405042399193,0.30309659820400253,-0.005369714632352356,-0.005280335554779435
277.0,17.0,0.0,0.0,0.0,0.0,0.0,0.0,0.0,0.0,0.0,0.0,0.0,0.0,0.343113356754347,0.3439513617137931,-0.002763018048212901,-0.002728039954267822
277.0,17.5,0.0,0.0,0.0,0.0,0.0,0.0,0.0,0.0,0.0,0.0,0.0,0.0,0.37646957621502747,0.3772113405342812,-0.001701956621125673,-0.0016845496405616853
277.0,18.0,0.0,0.0,0.0,0.0,0.0,0.0,0.0,0.0,0.0,0.0,0.0,0.0,0.3716089228668881,0.37235068718614195,-0.0018214792452009379,-0.0018026076666242592
277.0,18.5,0.0,0.0,0.0,0.0,0.0,0.0,0.0,0.0,0.0,0.0,0.0,0.0,0.36674826951874884,0.36749003383800266,-0.0019511383265136033,-0.0019306571689950245
277.0,19.0,0.0,0.0,0.0,0.0,0.0,0.0,0.0,0.0,0.0,0.0,0.0,0.0,0.3613854906958866,0.3613012097389572,-0.002107170574880319,-0.002109739021005177
277.0,19.5,0.0,0.0,0.0,0.0,0.0,0.0,0.0,0.0,0.0,0.0,0.0,0.0,0.3557537885439355,0.35573502087449144,-0.0022873088179013604,-0.0022879391272232503
277.0,20.0,0.0,0.0,0.0,0.0,0.0,0.0,0.0,0.0,0.0,0.0,0.0,0.0,0.3508931351957961,0.35087436752635215,-0.002457699586100522,-0.0024583862328549817
277.0,20.5,0.0,0.0,0.0,0.0,0.0,0.0,0.0,0.0,0.0,0.0,0.0,0.0,0.34603248184765684,0.3460137141782129,-0.0026434315071850473,-0.0026441804206808186
277.0,21.0,0.0,0.0,0.0,0.0,0.0,0.0,0.0,0.0,0.0,0.0,0.0,0.0,0.3438441346791308,0.34382536700968686,-0.002732486023073377,-0.002733265094466249
277.0,21.5,0.0,0.0,0.0,0.0,0.0,0.0,0.0,0.0,0.0,0.0,0.0,0.0,0.33898348133099154,0.3389647136615476,-0.00294340807418843,-0.0029442593179219993
277.0,22.0,0.0,0.0,0.0,0.0,0.0,0.0,0.0,0.0,0.0,0.0,0.0,0.0,0.33412282798285226,0.33410406031340834,-0.0031740181365520364,-0.0031749494295344035
277.0,22.5,0.0,0.0,0.0,0.0,0.0,0.0,0.0,0.0,0.0,0.0,0.0,0.0,0.32926217463471297,0.32924340696526905,-0.00342648157324714,-0.0034275017860140185
277.0,23.0,0.0,0.0,0.0,0.0,0.0,0.0,0.0,0.0,0.0,0.0,0.0,0.0,0.32448609101339715,0.32453697053614045,-0.003698201041498716,-0.0036951739716765066
277.0,23.5,0.0,0.0,0.0,0.0,0.0,0.0,0.0,0.0,0.0,0.0,0.0,0.0,0.32157758103508965,0.3216412656673009,-0.003876261211113107,-0.0038722544708582603
277.0,24.0,0.0,0.0,0.0,0.0,0.0,0.0,0.0,0.0,0.0,0.0,0.0,0.0,0.3192661518393272,0.3193360838321846,-0.004025086582340711,-0.0040204850851807495
278.0,0.5,0.0,0.0,0.0,0.0,0.0,0.0,0.0,0.0,0.0,0.0,0.0,0.0,0.31728818538381076,0.3173618937524164,-0.004157873090729721,-0.004152832085925145
278.0,1.0,0.0,0.0,0.0,0.0,0.0,0.0,0.0,0.0,0.0,0.0,0.0,0.0,0.31553392939255837,0.31561012937382726,-0.004280028690992173,-0.004274634503314161
278.0,1.5,0.0,0.0,0.0,0.0,0.0,0.0,0.0,0.0,0.0,0.0,0.0,0.0,0.31394521379301005,0.31402311711037095,-0.00439436296498438,-0.004388672344724592
278.0,2.0,0.0,0.0,0.0,0.0,0.0,0.0,0.0,0.0,0.0,0.0,0.0,0.0,0.31248662549922007,0.31256569871120604,-0.004502549805251126,-0.004496603989525772
278.0,2.5,0.0,0.0,0.0,0.0,0.0,0.0,0.0,0.0,0.0,0.0,0.0,0.0,0.3111345258957308,0.3112143850269001,-0.00460568358730945,-0.004599514505216749
278.0,3.0,0.0,0.0,0.0,0.0,0.0,0.0,0.0,0.0,0.0,0.0,0.0,0.0,0.30987206629434605,0.30995242353671676,-0.004704530256879205,-0.004698163689267885
278.0,3.5,0.0,0.0,0.0,0.0,0.0,0.0,0.0,0.0,0.0,0.0,0.0,0.0,0.3086866397054339,0.30876727334327025,-0.004799654555757501,-0.004793111926064312
278.0,4.0,0.0,0.0,0.0,0.0,0.0,0.0,0.0,0.0,0.0,0.0,0.0,0.0,0.3101032024541038,0.31018395001719035,-0.004686245411533731,-0.0046798775552171264
278.0,4.5,0.0,0.0,0.0,0.0,0.0,0.0,0.0,0.0,0.0,0.0,0.0,0.0,0.308929220666459,0.3090099171666179,-0.004780003561822038,-0.004773487759924253
278.0,5.0,0.0,0.0,0.0,0.0,0.0,0.0,0.0,0.0,0.0,0.0,0.0,0.0,0.3078248677736995,0.30790538439520404,-0.004870247717941603,-0.004863599942239633
278.0,5.5,0.0,0.0,0.0,0.0,0.0,0.0,0.0,0.0,0.0,0.0,0.0,0.0,0.3067809161429095,0.3068611501351948,-0.004957428432107434,-0.004950662462820645
278.0,6.0,0.0,0.0,0.0,0.0,0.0,0.0,0.0,0.0,0.0,0.0,0.0,0.0,0.3057901238732669,0.30586999218789973,-0.005041894762909743,-0.005035022673219969
278.0,6.5,0.0,0.0,0.0,0.0,0.0,0.0,0.0,0.0,0.0,0.0,0.0,0.0,0.3048466609591444,0.30492609597354003,-0.0051239246296745,-0.005116957112080226
278.0,7.0,0.0,0.0,0.0,0.0,0.0,0.0,0.0,0.0,0.0,0.0,0.0008287123805067634,0.0008287123805067634,0.3039457349188007,0.30402468140018857,-0.00520374444710926,-0.00519669104540986
278,7.5,4.286697597200729,4.3476307654422515,0.10899341292457262,0.5499671431758443,33.73952652395727,36.3222170731282,False,False,0.20915027127129648,1.2251723114524211,0.20573064804505617,0.20573064804505617,0.3030832316524622,0.3031616445036489,-0.0052815518983269465,-0.0052744211649121036
278,8.0,5.576539167428428,5.656626001809599,0.15157875419660466,0.4995607151685406,33.66261285039375,35.97793674595094,False,False,0.2658119040824615,1.0196670074584786,0.3676351224878189,0.3676351224878189,0.30221585440242427,0.30223750241600583,-0.005361201022381485,-0.005359195798165987
278,8.5,7.084892520004981,7.182953444273592,0.20698913885955364,0.5104430558161182,33.512675467643405,35.6404792819644,False,False,0.32318943974992936,0.9173341857581483,0.5452353018676458,0.5452353018676458,0.30135462242700034,0.3013313261372311,-0.005441705840003802,-0.005443903422844644
278,9.0,9.028910282505993,9.118776056843283,0.3382001396989198,0.47515085737656165,32.739677526521845,34.07685758705868,False,False,0.3371391017052425,0.5292969229825066,0.8542315012109168,0.8542315012109168,0.30049336394085263,0.3004307739366222,-0.005523657692124003,-0.0055296704702821045
278,9.5,10.369471038294432,10.364963332827088,0.5472236607833905,0.5249066910832265,31.305720428942713,31.232244129824483,False,False,0.2896903826493137,0.2940943089581477,1.039344316198459,1.039344316198459,0.299603453181458,0.29952276956678303,-0.005609885429600479,-0.005617782269369859
278,10.0,10.987030830287594,10.833993926873873,0.6986377049151621,0.5440825764859102,30.545062241409195,29.197966254278846,False,False,0.27077249342617526,0.22476700432700908,1.4766940380380862,1.4766940380380862,0.29868880040934,0.2986103072848908,-0.005700187187432959,-0.005708017043860579
278,10.5,11.25035984005379,11.126957974045574,0.6916399474543311,0.5719969365673881,30.54072871427698,29.351521164110782,False,False,0.2770761526598205,0.23607511080030363,0.9409028953893085,0.9409028953893085,0.2977228624946894,0.2976634055999826,-0.005797439093581661,-0.005803489617132243
278,11.0,11.391793264046404,11.015560708560207,0.864294235969051,0.5930471998294319,29.642383936823443,26.95043334853601,False,False,0.24630386836797413,0.17705399472788114,1.6284997299415402,1.6284997299415402,0.2968482814634357,0.2968034118924796,-0.005887202685806315,-0.0058918524129009005
278,11.5,4.301675923495685,4.312868054996782,0.23417012949418478,0.2383858427851646,15.547437021439702,15.660101734958376,True,True,0.11588434824916868,0.12227047836859686,0.43508752905271775,0.43508752905271775,0.30105382972028594,0.3010427088345015,-0.005470161666690474,-0.005471217127540182
278,12.0,10.7939363854737,10.685176100036308,0.6901024669757111,0.5268495459812059,30.78619532433172,29.896398163177878,False,False,0.27920250873168584,0.2463700890430338,1.8975926706689517,1.8975926706689517,0.3001852626044405,0.30017281884711916,-0.005553331204036183,-0.0055545336583478645
278,12.5,11.353972812587806,10.801003883576893,0.940628236001653,0.5805731255559918,29.223697733060092,25.578496229738306,False,False,0.23369807241221963,0.15305197522862785,2.0268034447635146,2.0268034447635146,0.299105952303356,0.29911355762894953,-0.005658789478897772,-0.005658038065797782
278,13.0,11.334627592864948,10.656597443242061,1.0068156270704993,0.6064673238014655,28.670956477400182,23.96315091519415,False,False,0.21648528565943176,0.13216436176098845,1.025832567356027,1.025832567356027,0.2980084294545608,0.2980611936266349,-0.005768483413107032,-0.005763152153347686
278,13.5,10.496999233966847,9.707683434846663,1.0274532837921238,0.608462747562006,28.20361762478717,23.16259357854111,False,False,0.18983545332287582,0.11482734901534034,1.4708484852000432,1.4708484852000432,0.2996411786633769,0.29974418522079815,-0.005606197618462992,-0.005596143031659952
278,14.0,11.506100461046358,10.14758824510201,1.276563386404461,0.6323817908905598,27.48528716736058,20.130986181595063,False,False,0.1930482920930106,0.09763590143313473,1.903642636831895,1.903642636831895,0.2985766866680518,0.2987323553389028,-0.005711374691530458,-0.005695848011030558
278,14.5,11.153297408615314,9.966096441812557,1.2331005588212576,0.6395422716126398,27.493249464567956,20.46851928410138,False,False,0.18663257259788096,0.0981339094705253,1.5784883056561807,1.5784883056561807,0.2974559090176531,0.29769297665086714,-0.00582466415948266,-0.005800479432573762
278,15.0,10.94748317150516,9.910564156057937,1.1614720577731088,0.6138264327791063,27.70348327092353,20.831149468256914,False,False,0.18733127450419101,0.10024152962196355,1.3749899417303497,1.3749899417303497,0.29640962631504136,0.29672167806801747,-0.005932847744639361,-0.005900333544685314
278,15.5,11.037801215300918,9.881414996210221,1.2191974367842373,0.6247283377169105,27.44838253822655,19.909747521049628,False,False,0.1838323346748698,0.09489368653876414,1.2608450432918072,1.2608450432918072,0.29542336792233737,0.29580458533246845,-0.006037023650573651,-0.005996500254250257
278,16.0,8.737494268424275,8.355945772826082,0.8509178370327171,0.6024243685698807,28.100841504759412,23.351323805015557,False,False,0.15619035574878745,0.11073524073366613,0.5982491162829136,0.5982491162829136,0.29446711848309665,0.2949234967576678,-0.0061401173122413435,-0.006090655481183642
278,16.5,8.618228839679567,8.433812925344915,0.7121813868293566,0.547135890005652,28.94906329050123,25.560818642935093,False,False,0.17028949260129758,0.13097452917630364,0.5014967032839522,0.5014967032839522,0.2936632337073326,0.2941507086684105,-0.006228410652223213,-0.0061746905380035515
278.0,17.0,0.0,0.0,0.0,0.0,0.0,0.0,0.0,0.0,0.0,0.0,0.0,0.0,0.2929087898610191,0.2934167482269072,-0.006312653003658153,-0.006255785442892357
278.0,17.5,0.0,0.0,0.0,0.0,0.0,0.0,0.0,0.0,0.0,0.0,0.0,0.0,0.2923270813477938,0.29283450814226414,-0.006378535469225001,-0.00632102060601707
278.0,18.0,0.0,0.0,0.0,0.0,0.0,0.0,0.0,0.0,0.0,0.0,0.0,0.0,0.2917622547307011,0.2922691640052353,-0.006443291325739262,-0.006385139744067442
278.0,18.5,0.0,0.0,0.0,0.0,0.0,0.0,0.0,0.0,0.0,0.0,0.0,0.0,0.29121325711425017,0.2917196600913355,-0.006506984459402487,-0.006448206373331833
278.0,19.0,0.0,0.0,0.0,0.0,0.0,0.0,0.0,0.0,0.0,0.0,0.0,0.0,0.29067915037323516,0.29118505577912446,-0.006569671198366489,-0.006510276506123158
278.0,19.5,0.0,0.0,0.0,0.0,0.0,0.0,0.0,0.0,0.0,0.0,0.0,0.0,0.2901590927221866,0.290664507096036,-0.006631401626725196,-0.006571399951322149
278.0,20.0,0.0,0.0,0.0,0.0,0.0,0.0,0.0,0.0,0.0,0.0,0.0,0.0,0.2896523240325894,0.2901572520095001,-0.006692220622272753,-0.0066316213421519134
278.0,20.5,0.0,0.0,0.0,0.0,0.0,0.0,0.0,0.0,0.0,0.0,0.0,0.0,0.28915815401465345,0.2896625985820301,-0.006752168683380195,-0.006690980955630607
278.0,21.0,0.0,0.0,0.0,0.0,0.0,0.0,0.0,0.0,0.0,0.0,0.0,0.0,0.28867595261169243,0.28917991533950616,-0.006811282593376927,-0.006749515371428733
278.0,21.5,0.0,0.0,0.0,0.0,0.0,0.0,0.0,0.0,0.0,0.0,0.0,0.0,0.28820514212047543,0.2887086233667331,-0.006869595958638025,-0.006807258005847029
278.0,22.0,0.0,0.0,0.0,0.0,0.0,0.0,0.0,0.0,0.0,0.0,0.0,0.0,0.2877451906705408,0.28824818976365146,-0.006927139647721441,-0.0068642395479011
278.0,22.5,0.0,0.0,0.0,0.0,0.0,0.0,0.0,0.0,0.0,0.0,0.0,0.0,0.2872956067829957,0.2877981221829156,-0.0069839421523918265,-0.006920488318082989
278.0,23.0,0.0,0.0,0.0,0.0,0.0,0.0,0.0,0.0,0.0,0.0,0.0,0.0,0.2868559347940557,0.2873579642341397,-0.007040029886537855,-0.006976030565608287
278.0,23.5,0.0,0.0,0.0,0.0,0.0,0.0,0.0,0.0,0.0,0.0,0.0,0.0,0.28642575097689527,0.2869272915883509,-0.0070954274353740455,-0.0070308907163904935
278.0,24.0,0.0,0.0,0.0,0.0,0.0,0.0,0.0,0.0,0.0,0.0,0.0,0.0,0.28600466023178933,0.28650570865253844,-0.007150157764585944,-0.007085091581290162
279.0,0.5,0.0,0.0,0.0,0.0,0.0,0.0,0.0,0.0,0.0,0.0,0.0,0.0,0.2855922932421742,0.28609284571180954,-0.007204242396999125,-0.007138654532134833
279.0,1.0,0.0,0.0,0.0,0.0,0.0,0.0,0.0,0.0,0.0,0.0,0.0,0.0,0.2851883040154332,0.28568835645782475,-0.00725770156275856,-0.007191599651433043
279.0,1.5,0.0,0.0,0.0,0.0,0.0,0.0,0.0,0.0,0.0,0.0,0.0,0.0,0.2847923677435519,0.2852919158385181,-0.0073105543277742786,-0.00724394586049056
279.0,2.0,0.0,0.0,0.0,0.0,0.0,0.0,0.0,0.0,0.0,0.0,0.0,0.0,0.28440417893147923,0.284903218176804,-0.007362818704234157,-0.007295711029693363
279.0,2.5,0.0,0.0,0.0,0.0,0.0,0.0,0.0,0.0,0.0,0.0,0.0,0.0,0.2840234497509686,0.284521975515912,-0.007414511746236836,-0.007346912073983604
279.0,3.0,0.0,0.0,0.0,0.0,0.0,0.0,0.0,0.0,0.0,0.0,0.0,0.0,0.2836499085854898,0.28414791615682133,-0.007465649633011696,-0.007397565035974667
279.0,3.5,0.0,0.0,0.0,0.0,0.0,0.0,0.0,0.0,0.0,0.0,0.0,0.0,0.28328329873800834,0.28378078335947593,-0.007516247741728012,-0.00744768515869224
279.0,4.0,0.0,0.0,0.0,0.0,0.0,0.0,0.0,0.0,0.0,0.0,0.0,0.0,0.2829233772783704,0.283420334184416,-0.007566320711527048,-0.007497286949564029
279.0,4.5,0.0,0.0,0.0,0.0,0.0,0.0,0.0,0.0,0.0,0.0,0.0,0.0,0.28256991401099474,0.28306633845543544,-0.007615882500117036,-0.007546384236989018
279.0,5.0,0.0,0.0,0.0,0.0,0.0,0.0,0.0,0.0,0.0,0.0,0.0,0.0,0.28222269054677696,0.282718577827085,-0.0076649464340342284,-0.00759499022058372
279.0,5.5,0.0,0.0,0.0,0.0,0.0,0.0,0.0,0.0,0.0,0.0,0.0,0.0,0.28188149946570357,0.282376844943444,-0.007713525253483378,-0.007643117516013915
279.0,6.0,0.0,0.0,0.0,0.0,0.0,0.0,0.0,0.0,0.0,0.0,0.0,0.0,0.2815461435587904,0.28204094267670865,-0.007761631152517088,-0.007690778195168231
279.0,6.5,0.0,0.0,0.0,0.0,0.0,0.0,0.0,0.0,0.0,0.0,0.0,0.0,0.28121643513969685,0.2817106834358893,-0.0078092758151879155,-0.007737983822304891
279.0,7.0,0.0,0.0,0.0,0.0,0.0,0.0,0.0,0.0,0.0,0.0,0.0,0.0,0.2808921954177978,0.2813858885373441,-0.007856470448205113,-0.007784745486702353
279.0,7.5,0.0,0.0,0.0,0.0,0.0,0.0,0.0,0.0,0.0,0.0,0.0,0.0,0.28582586833684803,0.28631885414888103,-0.007173547878220201,-0.007109273699306446
279.0,8.0,0.0,0.0,0.0,0.0,0.0,0.0,0.0,0.0,0.0,0.0,0.0,0.0,0.29585866902970714,0.2963505420024269,-0.005990777446773364,-0.005939028041085248
279.0,8.5,0.0,0.0,0.0,0.0,0.0,0.0,0.0,0.0,0.0,0.0,0.0,0.0,0.29523542908277073,0.2957262306947341,-0.006057121587794705,-0.006004802823290806
279.0,9.0,0.0,0.0,0.0,0.0,0.0,0.0,0.0,0.0,0.0,0.0,0.0,0.0,0.30496414031622726,0.3054533129052718,-0.005113624110471524,-0.005070998120471889
279.0,9.5,0.0,0.0,0.0,0.0,0.0,0.0,0.0,0.0,0.0,0.0,0.0,0.0,0.31172617414685155,0.31221323255684397,-0.004560211912424127,-0.00452317957102887
279,10.0,2.1665655923494174,2.190544931935714,0.06652946755231562,0.19852024563617807,16.55011971705837,17.820588669703216,False,False,0.08837921821711713,0.2658987956162914,0.008498341241843238,0.008498341241843238,0.31565973847831486,0.3161443634544395,-0.004271127033836524,-0.0042370427567089254
279,10.5,3.2579310889489874,3.2889517062299696,0.1029165134489233,0.18641791142723343,16.536485166538483,17.409348308297467,False,False,0.13197569923248176,0.24469453080738351,0.12991531347571889,0.12991531347571889,0.31692535535009614,0.3173905560560293,-0.004182794011701356,-0.004150873802792281
279,11.0,2.843691236983289,2.8739791231934655,0.0908918619215809,0.21579994850832465,16.497433559669496,17.633807787320293,False,False,0.11294883845777653,0.2715610054095025,0.05739551371593807,0.05739551371593807,0.3206745819673651,0.3211258525208968,-0.00393360875680473,-0.0039048240919882507
279,11.5,2.307787715087497,2.3352015278441427,0.07316416002007964,0.22326313321753663,16.499637120203293,17.820453605005238,False,False,0.09176421042425116,0.28215673041335054,0.01035669784961567,0.01035669784961567,0.3242654751541641,0.32469656328507657,-0.0037113607788624658,-0.0036856981585014392
279,12.0,3.249642411770811,3.2787484574026555,0.10354732152157194,0.19118109070660902,16.512928963488758,17.40861905448224,False,False,0.13007937605000117,0.24433085840845734,0.09807259929950296,0.09807259929950296,0.32769233352002286,0.32809859753924053,-0.0035130835416500744,-0.0034904238543589706
279,12.5,3.7157093781647976,3.749343668647307,0.12001786404683032,0.19713208198606622,16.515155999339274,17.29529818306476,False,False,0.14890237485611427,0.25256756696837773,0.18062841645186298,0.18062841645186298,0.3259986515969232,0.32638785826257294,-0.003609458829719129,-0.003587035929555682
279,13.0,4.2276851221096745,4.258193204177746,0.1434241008051776,0.1812617106754097,16.483189977404646,16.95935523098152,False,False,0.16673389974879257,0.22336528154904112,0.3394665788425832,0.3394665788425832,0.3244424716056615,0.32481566787965227,-0.003700798524327675,-0.0036786451905867945
279,13.5,10.103057921091601,10.173034465331888,0.37392519177709865,0.5017534529066805,32.612885101499444,33.76334362901977,False,False,0.3663448538286026,0.5133109904363699,0.578708523255428,0.578708523255428,0.3254655079472498,0.32582663275630974,-0.0036404458837904705,-0.003619422342005531
279,14.0,10.706224551660458,10.729623326425727,0.47696740873843524,0.511441617286023,31.98675767734447,32.31917806436524,False,False,0.3397300097230964,0.3834732260108781,0.8802222652049461,0.8802222652049461,0.3238581411571065,0.3241954376951891,-0.0037358051667968272,-0.003715550176434048
279,14.5,11.608018532087778,11.482361887851807,0.6828345422909595,0.54665202132402,30.92738207304177,29.768964474719155,False,False,0.30408737921811985,0.2594379409222464,1.7426898492816234,1.7426898492816234,0.322270095506825,0.32259509253572255,-0.0038329551801259596,-0.003812830525335473
279,15.0,8.04636458117335,8.09101994267714,0.41703375748442195,0.5231948630266992,31.223305114036123,31.80999390326965,False,False,0.2215830495827687,0.2817907051655292,0.34810703726859044,0.34810703726859044,0.32059700653386725,0.32093104813847084,-0.0039385823998618836,-0.003917218959322595
279,15.5,7.636979232464714,7.6560916693106025,0.40989594366923465,0.49685530655540894,31.107395339435005,31.360267259281635,False,False,0.20617241713888063,0.2556675758489977,0.46183309330355937,0.46183309330355937,0.31917576469075387,0.31948682975523646,-0.004031043320412946,-0.004010587363252955
279,16.0,5.522420546703344,5.494613982111178,0.4275101620658455,0.5342157697099071,29.34372985438483,28.46296317258127,False,False,0.11474360197998808,0.1437506047049486,0.2247164875793981,0.2247164875793981,0.3177769183023573,0.31806628014562666,-0.004124583604709515,-0.004105023715802372
279,16.5,3.156794181621398,3.2411131554016004,0.2342299210171776,0.5173520928164802,14.754462986514389,16.73850345937036,False,False,0.06703759622232815,0.14785801440309265,0.08260442472414213,0.08260442472414213,0.31644109522617253,0.31670532592407685,-0.004216333189731834,-0.00419799338771194
279.0,17.0,0.0,0.0,0.0,0.0,0.0,0.0,0.0,0.0,0.0,0.0,0.0,0.0,0.3151835012123069,0.3153995645618317,-0.004304940115559163,-0.0042895601342024985
279.0,17.5,0.0,0.0,0.0,0.0,0.0,0.0,0.0,0.0,0.0,0.0,0.0,0.0,0.31400252998436745,0.3142062958794572,-0.004390175322913735,-0.004375326204901454
279.0,18.0,0.0,0.0,0.0,0.0,0.0,0.0,0.0,0.0,0.0,0.0,0.0,0.0,0.31285838034226343,0.3130499286748413,-0.004474677387189598,-0.004460396267276396
279.0,18.5,0.0,0.0,0.0,0.0,0.0,0.0,0.0,0.0,0.0,0.0,0.0,0.0,0.3117512414779459,0.31193087483775284,-0.0045582971802879705,-0.004544604134921435
279.0,19.0,0.0,0.0,0.0,0.0,0.0,0.0,0.0,0.0,0.0,0.0,0.0,0.0,0.3106808828301929,0.31084905955412845,-0.004640914962972385,-0.004627816489661069
279.0,19.5,0.0,0.0,0.0,0.0,0.0,0.0,0.0,0.0,0.0,0.0,0.0,0.0,0.3096467017257234,0.3098039786707813,-0.0047224404244729885,-0.004709932769662097
279.0,20.0,0.0,0.0,0.0,0.0,0.0,0.0,0.0,0.0,0.0,0.0,0.0,0.0,0.3086478005122118,0.30879478834520185,-0.004802809772570302,-0.004790881785290433
279.0,20.5,0.0,0.0,0.0,0.0,0.0,0.0,0.0,0.0,0.0,0.0,0.0,0.0,0.31023530632733737,0.31037152948647406,-0.004675832894317446,-0.004665124547482106
279.0,21.0,0.0,0.0,0.0,0.0,0.0,0.0,0.0,0.0,0.0,0.0,0.0,0.0,0.32664239424922475,0.3267580112038319,-0.0035724613957918505,-0.003565864567062353
279.0,21.5,0.0,0.0,0.0,0.0,0.0,0.0,0.0,0.0,0.0,0.0,0.0,0.0,0.324689419989661,0.3247901778550362,-0.0036861216719822664,-0.003680153269472946
279.0,22.0,0.0,0.0,0.0,0.0,0.0,0.0,0.0,0.0,0.0,0.0,0.0,0.0,0.32295042883660335,0.3230391415871426,-0.003790971079134867,-0.003785536994685965
279.0,22.5,0.0,0.0,0.0,0.0,0.0,0.0,0.0,0.0,0.0,0.0,0.0,0.0,0.32135864627315913,0.3214370050517066,-0.0038900732980532452,-0.0038851230966938087
279.0,23.0,0.0,0.0,0.0,0.0,0.0,0.0,0.0,0.0,0.0,0.0,0.0,0.0,0.3198755103803869,0.3199447623394363,-0.003985200879869627,-0.003980697841690741
279.0,23.5,0.0,0.0,0.0,0.0,0.0,0.0,0.0,0.0,0.0,0.0,0.0,0.0,0.3234656672044352,0.32352495575801266,-0.0037595394594201973,-0.0037559425748220393
279.0,24.0,0.0,0.0,0.0,0.0,0.0,0.0,0.0,0.0,0.0,0.0,0.0,0.0,0.33401303883537986,0.33405844680904134,-0.003179470736358381,-0.003177214229367623
280.0,0.5,0.0,0.0,0.0,0.0,0.0,0.0,0.0,0.0,0.0,0.0,0.0,0.0,0.3316547256487015,0.33169081413236573,-0.003299334514812921,-0.00329746013067138
280.0,1.0,0.0,0.0,0.0,0.0,0.0,0.0,0.0,0.0,0.0,0.0,0.0,0.0,0.32954413581697567,0.3295730493252786,-0.003411197594636668,-0.00340963490633964
280.0,1.5,0.0,0.0,0.0,0.0,0.0,0.0,0.0,0.0,0.0,0.0,0.0,0.0,0.32758901300000925,0.32761213235355524,-0.0035188742509711848,-0.0035175775149502643
280.0,2.0,0.0,0.0,0.0,0.0,0.0,0.0,0.0,0.0,0.0,0.0,0.0,0.0,0.32574496829827776,0.3257633652906913,-0.0036241639029702764,-0.0036230951004733933
280.0,2.5,0.0,0.0,0.0,0.0,0.0,0.0,0.0,0.0,0.0,0.0,0.0,0.0,0.35829660146472386,0.3583149984571375,-0.0022037895448220454,-0.002203198661533442
280.0,3.0,0.0,0.0,0.0,0.0,0.0,0.0,0.0,0.0,0.0,0.0,0.0,0.0,0.35343594811658463,0.35345434510899815,-0.0023667431998010925,-0.002366099899518718
280.0,3.5,0.0,0.0,0.0,0.0,0.0,0.0,0.0,0.0,0.0,0.0,0.0,0.0,0.3539199071276718,0.35393830412008537,-0.00234988940421586,-0.0023492515581934673
280.0,4.0,0.0,0.0,0.0,0.0,0.0,0.0,0.0,0.0,0.0,0.0,0.0,0.0,0.34905925377953256,0.3490776507719461,-0.0025258887913926966,-0.0025251936270113216
280.0,4.5,0.0,0.0,0.0,0.0,0.0,0.0,0.0,0.0,0.0,0.0,0.0,0.0,0.352215518970233,0.3522339159626465,-0.0024098881021658524,-0.00240923080543828
280.0,5.0,0.0,0.0,0.0,0.0,0.0,0.0,0.0,0.0,0.0,0.0,0.0,0.0,0.3633887026997732,0.3634070996921867,-0.002047205583138224,-0.002046664373794661
280.0,5.5,0.0,0.0,0.0,0.0,0.0,0.0,0.0,0.0,0.0,0.0,0.0,0.0,0.3612003555312471,0.36121875252366065,-0.0021128174379931616,-0.002112255499685687
280.0,6.0,0.0,0.0,0.0,0.0,0.0,0.0,0.0,0.0,0.0,0.0,0.0,0.0,0.3616843145423343,0.3617027115347478,-0.0020980939471977713,-0.002097536671398102
280.0,6.5,0.0,0.0,0.0,0.0,0.0,0.0,0.0,0.0,0.0,0.0,0.0,0.0,0.36082398974137664,0.3608238497172685,-0.0021243527674290577,-0.002124357073006433
280.0,7.0,0.0,0.0,0.0,0.0,0.0,0.0,0.0,0.0,0.0,0.0,0.0,0.0,0.3559633363932373,0.3559631963691292,-0.0022802852176487414,-0.002280289902373457
280.0,7.5,0.0,0.0,0.0,0.0,0.0,0.0,0.0,0.0,0.0,0.0,0.013009567772354975,0.013009567772354975,0.351102683045098,0.3511025430209899,-0.0024500484236043393,-0.0024500535267821385
280,8.0,2.084194450499231,2.099441013486951,0.09736209533436971,0.12640903294569814,15.837175042070767,16.452834506973094,False,False,0.062256094831061044,0.08114283229906043,0.05098159085862617,0.05098159085862617,0.34624037185147777,0.3462402318273697,-0.0026351526528978755,-0.0026351582187063914
280,8.5,2.4481226022742137,2.46892114068274,0.12351341243752856,0.1544071786887286,15.688929752491584,16.267263594973702,False,False,0.06927040470028414,0.087247963608671,0.11203720924104422,0.11203720924104422,0.3573946517316289,0.3573908101753026,-0.002232991735302385,-0.002233117094909541
280.0,9.0,0.0,0.0,0.0,0.0,0.0,0.0,0.0,0.0,0.0,0.0,0.0,0.0,0.3724467063775674,0.3724395450746423,-0.001800181863498393,-0.001800362650456251
280,9.5,1.8052119792483179,1.84143792836754,0.054576255722901146,0.20937242688869317,16.628733356870814,18.00338852298622,True,True,0.07673240169268405,0.3093507231230249,0.10213111361815506,0.10213111361815506,0.37269037536851884,0.3726851643619506,-0.0017940433136093498,-0.001794174328930885
280,10.0,5.996757053728926,6.094888781180727,0.18821589739596578,0.5299233962292382,16.645728655125826,17.86430997455227,False,False,0.25723462982720874,0.838902689661725,0.41069462081617464,0.41069462081617464,0.3648320299033842,0.36480920085842306,-0.0020052583997061213,-0.0020059138601864353
280,10.5,6.61572311769013,6.718525466583574,0.22288173276925652,0.4988219758708292,32.990466365964444,35.24936250120568,False,False,0.26248211677632194,0.6284741534724283,0.4962995716982512,0.4962995716982512,0.36214603707596155,0.3620811990392047,-0.0020841607739047197,-0.0020861106909023878
280,11.0,8.156390561250902,8.275560274250916,0.3150725812106136,0.5085897662965458,32.65982620501545,34.4322488478531,True,True,0.298955916951009,0.5315822667299168,1.0138781176034983,1.0138781176034983,0.3639038747690471,0.3638065254988174,-0.0020321143115501687,-0.0020349558434796
280,11.5,8.427319732994803,8.514167768399961,0.40679381058607333,0.5018035163007917,31.931115102386183,33.17997276140164,False,False,0.26448028348378105,0.36365385414640483,1.7516683376647204,1.7516683376647204,0.35887386952936096,0.35875185982487245,-0.0021853382130940457,-0.0021892226453611584
280,12.0,9.859276989927281,9.87817289867862,0.5617952408348885,0.5526981671716267,31.032884071272015,31.215797947097304,False,False,0.26284326451522455,0.27212524591601095,1.3396244595021305,1.3396244595021305,0.3537381573336927,0.35360404027759784,-0.0023562019915496298,-0.0023608731427794748
280,12.5,3.7799934100861137,3.812420506235727,0.18934587829650515,0.22823993865976436,15.720913245481817,16.22479308047728,False,False,0.10818703080937121,0.1330811876540171,0.29413437462905107,0.29413437462905107,0.35774033729455934,0.3576302425736484,-0.002221745394644467,-0.002225319815235994
280,13.0,7.210675403872473,7.298344762227714,0.3002674225373058,0.5020671055416898,32.15769320591983,34.11155283143956,False,False,0.23688627755907046,0.40631711508743,0.4221741258634095,0.4221741258634095,0.3667755872487466,0.366699370990877,-0.001950379468057207,-0.0019524975559755938
280,13.5,7.468906171837832,7.557016675068731,0.33319547640925845,0.5053400437922705,31.90284653465399,33.59360069454927,False,False,0.23310176032953384,0.3631167529252252,0.5035760852453335,0.5035760852453335,0.36359703396881615,0.3635161614038272,-0.0020410867722916036,-0.002043459455661689
280,14.0,7.476590194307919,7.556647997951515,0.3625920778712737,0.5096644374762738,31.556204305076562,33.11028837746319,False,False,0.21848318467555186,0.3138337895227703,0.4704992610566086,0.4704992610566086,0.3586297484883597,0.35852693906135485,-0.0021931185529779464,-0.002196405048331442
280,14.5,7.961071035294735,8.016136850512538,0.42601262087178304,0.5048498175958352,31.191101424008565,32.068540556579535,False,False,0.21801880937290147,0.2665704386136072,0.71788475500687,0.71788475500687,0.3536629319889428,0.35354138072123936,-0.0023588206510309277,-0.0023630592882408026
280,15.0,8.718080850615419,8.739911420034849,0.5071726941945828,0.5348628133375963,30.855110370228786,31.067733020712545,False,False,0.2256955849044865,0.2468639452716848,0.983757957352761,0.983757957352761,0.3486565086099713,0.3485249108985575,-0.0025411645519032083,-0.002546179776146384
280,15.5,1.7361816850532898,1.7417020500380493,0.0971538910931324,0.10389266974409714,15.458912902883428,15.680164715624391,False,False,0.045410111351498146,0.048687113135867245,0.06327557690909173,0.06327557690909173,0.34360586181344444,0.3434707354729715,-0.002742396730746127,-0.0027480361986440397
280,16.0,3.703843407117738,3.766553904848116,0.2143074431642567,0.4469823537943118,15.360653326532995,16.96296200561202,False,False,0.09384250716057163,0.1963822877949249,0.12468297306831704,0.12468297306831704,0.33872476449105515,0.3385887794092367,-0.002955168564446192,-0.002961372482627802
280.0,16.5,0.0,0.0,0.0,0.0,0.0,0.0,0.0,0.0,0.0,0.0,0.0,0.0,0.33649321882896843,0.33632758333478635,-0.0030589668693570098,-0.0030668430217000104
280.0,17.0,0.0,0.0,0.0,0.0,0.0,0.0,0.0,0.0,0.0,0.0,0.0,0.0,0.3610279334565748,0.3608622979623928,-0.0021180927577354046,-0.002123175224914763
280.0,17.5,0.0,0.0,0.0,0.0,0.0,0.0,0.0,0.0,0.0,0.0,0.0,0.0,0.36860321243704325,0.3685228074305496,-0.001900399275299741,-0.0019025657841422953
280.0,18.0,0.0,0.0,0.0,0.0,0.0,0.0,0.0,0.0,0.0,0.0,0.0,0.0,0.3653295770445615,0.36526734104330333,-0.0019910361665416666,-0.001992808571874609
280.0,18.5,0.0,0.0,0.0,0.0,0.0,0.0,0.0,0.0,0.0,0.0,0.0,0.0,0.3649429742594771,0.3649029343743541,-0.0020020766308904165,-0.0020032242389899954
280.0,19.0,0.0,0.0,0.0,0.0,0.0,0.0,0.0,0.0,0.0,0.0,0.0,0.0,0.3598335676032287,0.3598071546038366,-0.0021550688703154716,-0.0021558952377968995
280.0,19.5,0.0,0.0,0.0,0.0,0.0,0.0,0.0,0.0,0.0,0.0,0.0,0.0,0.3549729142550895,0.35494650125569727,-0.002313710083278124,-0.0023146094334488805
280.0,20.0,0.0,0.0,0.0,0.0,0.0,0.0,0.0,0.0,0.0,0.0,0.0,0.0,0.3501122609069502,0.350085847907558,-0.0024864632785754916,-0.002487443199934654
280.0,20.5,0.0,0.0,0.0,0.0,0.0,0.0,0.0,0.0,0.0,0.0,0.0,0.0,0.3505962199180374,0.3505698069186452,-0.0024685895766993027,-0.0024695611107246143
280.0,21.0,0.0,0.0,0.0,0.0,0.0,0.0,0.0,0.0,0.0,0.0,0.0,0.0,0.36226858328260125,0.3622577770483969,-0.0020804812886727948,-0.002080805437646858
280.0,21.5,0.0,0.0,0.0,0.0,0.0,0.0,0.0,0.0,0.0,0.0,0.0,0.0,0.3674813977320905,0.36747686296528864,-0.0019308941459625071,-0.0019310185950068247
280.0,22.0,0.0,0.0,0.0,0.0,0.0,0.0,0.0,0.0,0.0,0.0,0.0,0.0,0.36579477137582117,0.3657927761742269,-0.0019778473203821713,-0.001977903664197189
280.0,22.5,0.0,0.0,0.0,0.0,0.0,0.0,0.0,0.0,0.0,0.0,0.0,0.0,0.36333304167323244,0.3633338790627644,-0.002048844077963202,-0.0020488194161358145
280.0,23.0,0.0,0.0,0.0,0.0,0.0,0.0,0.0,0.0,0.0,0.0,0.0,0.0,0.366605463713737,0.36660699719318973,-0.001955111056080764,-0.001955068344894494
280.0,23.5,0.0,0.0,0.0,0.0,0.0,0.0,0.0,0.0,0.0,0.0,0.0,0.0,0.3709561495281708,0.3709573806466708,-0.0018382817683934934,-0.0018382499057573397
280.0,24.0,0.0,0.0,0.0,0.0,0.0,0.0,0.0,0.0,0.0,0.0,0.0,0.0,0.36415153242918863,0.364151913772615,-0.0020249067065569184,-0.0020248956317910766
281.0,0.5,0.0,0.0,0.0,0.0,0.0,0.0,0.0,0.0,0.0,0.0,0.0,0.0,0.3584534644580951,0.358453713119432,-0.0021987573969328,-0.002198749430779045
281.0,1.0,0.0,0.0,0.0,0.0,0.0,0.0,0.0,0.0,0.0,0.0,0.0,0.0,0.3593340006249739,0.35933420099230773,-0.002170762674276965,-0.0021707563525312197
281.0,1.5,0.0,0.0,0.0,0.0,0.0,0.0,0.0,0.0,0.0,0.0,0.0,0.0,0.3564775769115445,0.35647777727887836,-0.0022631575845711203,-0.0022631509409391836
281.0,2.0,0.0,0.0,0.0,0.0,0.0,0.0,0.0,0.0,0.0,0.0,0.0,0.0,0.35161692356340524,0.3516171239307391,-0.002431392059475104,-0.002431384823314458
281.0,2.5,0.0,0.0,0.0,0.0,0.0,0.0,0.0,0.0,0.0,0.0,0.0,0.0,0.3547640643048895,0.35476422263353735,-0.0023208327124878765,-0.0023208273029527928
281.0,3.0,0.0,0.0,0.0,0.0,0.0,0.0,0.0,0.0,0.0,0.0,0.0,0.0,0.3499034109567502,0.349903569285398,-0.0024942241840040093,-0.0024942182895575505
281.0,3.5,0.0,0.0,0.0,0.0,0.0,0.0,0.0,0.0,0.0,0.0,0.0,0.0,0.3477150637882242,0.347715222116872,-0.002577304187250636,-0.0025772980581339807
281.0,4.0,0.0,0.0,0.0,0.0,0.0,0.0,0.0,0.0,0.0,0.0,0.0,0.0,0.34552671661969814,0.34552687494834594,-0.002663702473352742,-0.002663696098652166
281.0,4.5,0.0,0.0,0.0,0.0,0.0,0.0,0.0,0.0,0.0,0.0,0.0,0.0,0.3540275941696251,0.3540277524982729,-0.002346158692690527,-0.002346153212748109
281.0,5.0,0.0,0.0,0.0,0.0,0.0,0.0,0.0,0.0,0.0,0.0,0.0,0.0,0.34916694082148586,0.3491670991501336,-0.0025218228736821747,-0.002521816901443194
281.0,5.5,0.0,0.0,0.0,0.0,0.0,0.0,0.0,0.0,0.0,0.0,0.0,0.0,0.34697859365295974,0.3469787519816075,-0.002606002825568773,-0.0026059966150495275
281.0,6.0,0.0,0.0,0.0,0.0,0.0,0.0,0.0,0.0,0.0,0.0,0.0,0.0,0.34211794030482046,0.3421180986334682,-0.002805263269572148,-0.0028052564892008004
281.0,6.5,0.0,0.0,0.0,0.0,0.0,0.0,0.0,0.0,0.0,0.0,0.0,0.0,0.3372572869566812,0.3372574452853289,-0.003022945099796275,-0.003022937687980566
281.0,7.0,0.0,0.0,0.0,0.0,0.0,0.0,0.0,0.0,0.0,0.0,0.021615817415491914,0.021615817415491914,0.3324054864521,0.3324055464725817,-0.003260601110221972,-0.00326059803536055
281,7.5,6.9149447656891425,6.986001410942046,0.22041892274606148,0.4777424709375761,33.01918922707745,34.913458586655636,False,False,0.2763334381466512,0.6281937994054447,0.27609580116659854,0.27609580116659854,0.32922510056226,0.32922514179634843,-0.0034284972729905533,-0.003428495030328038
281,8.0,7.6908229711688625,7.76124517981906,0.26400786456810094,0.4658712228425861,32.788604953457934,34.45476392141323,False,False,0.2905113419529589,0.5373004163775595,0.32519717956803285,0.32519717956803285,0.3265490768450466,0.32651631726221636,-0.0035777964716287402,-0.0035796716298980282
281,8.5,8.85670573792546,8.932005183333509,0.32313265359023746,0.5087929400234764,32.610944480606676,34.07288988838502,False,False,0.32100914250142976,0.5342903609623493,0.4301169162635763,0.4301169162635763,0.3241919534242779,0.3241334639433475,-0.0037157587405052535,-0.003719261930521561
281,9.0,9.24049625441582,9.293277262064393,0.385665166658538,0.48896470029913275,32.102508737872796,33.01465835853935,False,False,0.30014968073956394,0.39288005107282514,0.4717947081662735,0.4717947081662735,0.3220467635352956,0.32196461070850235,-0.003846857856752266,-0.0038519870765586087
281,9.5,4.4403578175229335,4.423070298546441,0.21730348334509286,0.19564523009282817,15.754868686285587,15.51208675059806,False,False,0.12865927761254656,0.11926271504846063,0.3349314547605866,0.3349314547605866,0.32006827526594467,0.3199729819459781,-0.003972681578330429,-0.003978864629165551
281,10.0,3.2689250466979383,3.2908631539143096,0.15796964012492554,0.20252583385120196,15.725725158367164,16.29638310024917,False,False,0.09372204175235566,0.12052211098659633,0.07938314941547271,0.07938314941547271,0.3182754088189269,0.3181829560643335,-0.004090956099911605,-0.004097168093857556
281,10.5,10.009775830358349,10.01872583006352,0.5022000570607649,0.5150346558770486,31.36977355714096,31.496829452492662,False,False,0.28282301616463346,0.2969635818064126,0.5738724871479217,0.5738724871479217,0.31664627210630447,0.3165483032930767,-0.004202083951662952,-0.004208880574932845
281,11.0,10.378301318795854,10.237703644498946,0.6766286705181908,0.549112076434168,30.18462546930028,28.549311099071524,False,False,0.24224387671537512,0.1988593676498083,0.6366426231017737,0.6366426231017737,0.315016658961725,0.31491731082365965,-0.004316861374168805,-0.0043239787090874025
281,11.5,9.589418635289457,9.440120298398263,0.7159956760544796,0.5609031524136405,14.742704888526717,13.756399411198384,False,False,0.20300336506298178,0.1599737105302763,0.48519661599739006,0.48519661599739006,0.3134498126562423,0.31336706657174745,-0.004430757066548838,-0.004436870863232659
281,12.0,4.744996300423491,4.550253007601366,0.3772907582336468,0.23969611368499597,14.602502790971064,12.636576682683327,False,False,0.09683588538769738,0.061741888453193096,0.2975416642586349,0.2975416642586349,0.31197943241525294,0.3119168938698384,-0.004540911118688307,-0.004545668112136017
281,12.5,4.331701666423887,4.23031642822958,0.3292177736224262,0.23786332790958728,14.709463948857826,13.376013887876477,False,False,0.09089587372899506,0.06577597236015571,0.2075681213753832,0.2075681213753832,0.31064940080146036,0.3106049227274221,-0.004643371852076202,-0.004646845607483681
281,13.0,4.425585346811499,4.280815887749712,0.3366689972724386,0.22613921597466335,14.717725800586448,13.079634318184764,False,False,0.09306876960198847,0.06279861297913825,0.2739956133956098,0.2739956133956098,0.30940276516472076,0.30937052565787965,-0.004741918182487971,-0.004744499585979038
281,13.5,3.87810007871619,3.779684776191163,0.2840512459704742,0.19767892204838522,14.806468071620888,13.340653561437012,False,False,0.0835147943507704,0.05819124210189095,0.1743472151510272,0.1743472151510272,0.30820617314167054,0.3081886723406407,-0.004838861061125512,-0.00484029633012313
281,14.0,2.8747991507565693,2.8730555397356667,0.16096946950278984,0.15875109978415608,15.426381920345325,15.378199988474229,False,False,0.07439502018003766,0.07334354138233469,0.060417557633865374,0.060417557633865374,0.31962197569005607,0.3196166635267991,-0.004001738582188315,-0.004002085960564607
281.0,14.5,0.0,0.0,0.0,0.0,0.0,0.0,0.0,0.0,0.0,0.0,0.0045579652223752985,0.0045579652223752985,0.32528239569441986,0.32527889979179997,-0.003651161679856655,-0.003651366626674768
281.0,15.0,0.0,0.0,0.0,0.0,0.0,0.0,0.0,0.0,0.0,0.0,0.0,0.0,0.33054663963077496,0.3305450347789477,-0.0033575097266719026,-0.003357594864557625
281.0,15.5,0.0,0.0,0.0,0.0,0.0,0.0,0.0,0.0,0.0,0.0,0.0,0.0,0.33773193286910086,0.337732768747923,-0.0030008225051302625,-0.003000783716451499
281.0,16.0,0.0,0.0,0.0,0.0,0.0,0.0,0.0,0.0,0.0,0.0,0.0,0.0,0.34749762625390573,0.34751939831953693,-0.0025857379026886004,-0.0025848919531380517
281.0,16.5,0.0,0.0,0.0,0.0,0.0,0.0,0.0,0.0,0.0,0.0,0.0,0.0,0.35163904733061946,0.3516511864463073,-0.002430593226259368,-0.00243015504639223
281.0,17.0,0.0,0.0,0.0,0.0,0.0,0.0,0.0,0.0,0.0,0.0,0.0,0.0,0.34826681050681374,0.34827893597248893,-0.002556050341489361,-0.002555585606337787
281.0,17.5,0.0,0.0,0.0,0.0,0.0,0.0,0.0,0.0,0.0,0.0,0.0,0.0,0.34514079829964545,0.3451528290581443,-0.0026792946571463907,-0.0026788069412463093
281.0,18.0,0.0,0.0,0.0,0.0,0.0,0.0,0.0,0.0,0.0,0.0,0.0,0.0,0.34211692560826373,0.34212874810622407,-0.0028053067240761584,-0.0028048004739172428
281.0,18.5,0.0,0.0,0.0,0.0,0.0,0.0,0.0,0.0,0.0,0.0,0.0,0.0,0.3437583073651238,0.3437696617179805,-0.002736050994342975,-0.002735579055669413
281.0,19.0,0.0,0.0,0.0,0.0,0.0,0.0,0.0,0.0,0.0,0.0,0.0,0.0,0.3576037972742772,0.357615151627134,-0.0022261794291516222,-0.0022258103033918615
281.0,19.5,0.0,0.0,0.0,0.0,0.0,0.0,0.0,0.0,0.0,0.0,0.0,0.0,0.3580877562853644,0.3580991106382212,-0.002210510588560995,-0.002210144556189236
281.0,20.0,0.0,0.0,0.0,0.0,0.0,0.0,0.0,0.0,0.0,0.0,0.0,0.0,0.3532271029372251,0.35323845729008185,-0.002374060663102418,-0.0023736621399368402
281.0,20.5,0.0,0.0,0.0,0.0,0.0,0.0,0.0,0.0,0.0,0.0,0.0,0.0,0.34836644958908586,0.3483778039419426,-0.00255223443817496,-0.0025518000285743455
281.0,21.0,0.0,0.0,0.0,0.0,0.0,0.0,0.0,0.0,0.0,0.0,0.0,0.0,0.3435057962409465,0.34351715059380333,-0.0027465716188447677,-0.0027460975172589976
281.0,21.5,0.0,0.0,0.0,0.0,0.0,0.0,0.0,0.0,0.0,0.0,0.0,0.0,0.3386451428928073,0.33865649724566405,-0.002958799183792387,-0.0029582811184405066
281.0,22.0,0.0,0.0,0.0,0.0,0.0,0.0,0.0,0.0,0.0,0.0,0.0,0.0,0.333784489544668,0.33379584389752476,-0.0031908573149714323,-0.003190290482813052
281.0,22.5,0.0,0.0,0.0,0.0,0.0,0.0,0.0,0.0,0.0,0.0,0.0,0.0,0.3299893833581967,0.3299924332400736,-0.0033872275924973177,-0.003387064094752105
281.0,23.0,0.0,0.0,0.0,0.0,0.0,0.0,0.0,0.0,0.0,0.0,0.0,0.0,0.3270774633291475,0.3270779965918125,-0.003547712701212042,-0.0035476824924016107
281.0,23.5,0.0,0.0,0.0,0.0,0.0,0.0,0.0,0.0,0.0,0.0,0.0,0.0,0.324606373869966,0.3246058137442634,-0.0036910495889905994,-0.0036910828532222407
281.0,24.0,0.0,0.0,0.0,0.0,0.0,0.0,0.0,0.0,0.0,0.0,0.0,0.0,0.3224257169629966,0.32242461864204564,-0.003823302947124074,-0.0038233709676107003
282.0,0.5,0.0,0.0,0.0,0.0,0.0,0.0,0.0,0.0,0.0,0.0,0.0,0.0,0.32046069164726887,0.3204593158599564,-0.003947340206082677,-0.00394742871432576
282.0,1.0,0.0,0.0,0.0,0.0,0.0,0.0,0.0,0.0,0.0,0.0,0.0,0.0,0.31866638511084827,0.3186648675347409,-0.00406480976503634,-0.004064910866562883
282.0,1.5,0.0,0.0,0.0,0.0,0.0,0.0,0.0,0.0,0.0,0.0,0.0,0.0,0.31701259935666287,0.31701101526368747,-0.004176785456820186,-0.004176894462691667
282.0,2.0,0.0,0.0,0.0,0.0,0.0,0.0,0.0,0.0,0.0,0.0,0.0,0.0,0.3154774907178445,0.3154758836226024,-0.004284029206685921,-0.004284143186874265
282.0,2.5,0.0,0.0,0.0,0.0,0.0,0.0,0.0,0.0,0.0,0.0,0.0,0.0,0.31404445691093275,0.31404285259727094,-0.004387115064029079,-0.004387232116585718
282.0,3.0,0.0,0.0,0.0,0.0,0.0,0.0,0.0,0.0,0.0,0.0,0.0,0.0,0.31270043036651074,0.31269884426725597,-0.0044864945389146245,-0.004486613392614506
282.0,3.5,0.0,0.0,0.0,0.0,0.0,0.0,0.0,0.0,0.0,0.0,0.0,0.0,0.3114348577828723,0.31143329908070266,-0.004582534125234691,-0.00458265391100136
282.0,4.0,0.0,0.0,0.0,0.0,0.0,0.0,0.0,0.0,0.0,0.0,0.0,0.0,0.3102390474179029,0.3102375214244009,-0.004675538420616574,-0.004675658533980174
282.0,4.5,0.0,0.0,0.0,0.0,0.0,0.0,0.0,0.0,0.0,0.0,0.0,0.0,0.30910572890242316,0.3091042384869087,-0.004765765221590377,-0.004765885236801567
282.0,5.0,0.0,0.0,0.0,0.0,0.0,0.0,0.0,0.0,0.0,0.0,0.0,0.0,0.3080287436768506,0.3080272901491205,-0.004853435863051432,-0.004853555477756695
282.0,5.5,0.0,0.0,0.0,0.0,0.0,0.0,0.0,0.0,0.0,0.0,0.0,0.0,0.30700281987511463,0.3070014035435673,-0.004938742586710014,-0.004938861585354698
282.0,6.0,0.0,0.0,0.0,0.0,0.0,0.0,0.0,0.0,0.0,0.0,0.0,0.0,0.30602340412275003,0.30602202465397804,-0.005021853967540132,-0.005021972196597919
282.0,6.5,0.0,0.0,0.0,0.0,0.0,0.0,0.0,0.0,0.0,0.0,0.0,0.0,0.30508653303587924,0.3050851896898598,-0.005102919020533453,-0.005103036371401811
282.0,7.0,0.0,0.0,0.0,0.0,0.0,0.0,0.0,0.0,0.0,0.0,0.0,0.0,0.30418873321828177,0.3041874250039832,-0.005182070380228687,-0.005182186777208559
282,7.5,1.8152345238459289,1.8264841670601069,0.08484967963373295,0.10327112167521568,15.80595377691576,16.265887527711584,False,False,0.05359372666750829,0.0657141119064083,0.07166405043898372,0.07166405043898372,0.3033269422121457,0.3033256679913085,-0.005259426809850985,-0.0052595422015676045
282,8.0,2.474709636124801,2.491397256626234,0.11453547229786878,0.13931024757101312,15.837175030805684,16.29683637105105,False,False,0.073921009505146,0.09139201130477374,0.14019978041533998,0.14019978041533998,0.3024785001908117,0.30247491125176607,-0.005336932761200579,-0.005337263493158409
282,8.5,2.8334748761507917,2.845742519868041,0.134987981860327,0.15632441236621036,15.761877441728833,16.108222735579186,False,False,0.08231002699013425,0.09619672383258991,0.10089234975780229,0.10089234975780229,0.30164841693708216,0.30164170240976995,-0.005414082165242811,-0.005414711622349992
282,9.0,2.448321896990613,2.468285859890282,0.12026284318801093,0.16649817235504347,15.676827613572717,16.407927255587364,False,False,0.06897907697217277,0.09540792832161157,0.02054725769204855,0.02054725769204855,0.30084944754520876,0.30084004434031414,-0.005489597972607628,-0.005490494175379322
282,9.5,3.686055520422214,3.691870983366733,0.18528904922513045,0.1952862561430077,15.648895785844195,15.770914809106818,False,False,0.10283360076299768,0.10942176652058734,0.14538100694901465,0.14538100694901465,0.3000893599325509,0.3000740939234854,-0.00556260640981311,-0.005564084560875579
282,10.0,4.662534733724934,4.618197782607143,0.26242423054966124,0.218106514327061,15.437557689017506,14.879716633220822,False,False,0.12109896393152329,0.1029367138260316,0.33854603270606937,0.33854603270606937,0.29933009145858863,0.29931357950609283,-0.005636694117497358,-0.005638318333887347
282,10.5,10.356231322845161,10.290523986972655,0.6248439068772326,0.5558283933940382,30.537481695586145,29.72015056771202,False,False,0.2549272234865674,0.230735142998738,0.6417521400739519,0.6417521400739519,0.2985598051748997,0.2985489679028455,-0.005713061511930449,-0.005714144698865929
282,11.0,11.429113455323174,11.123690401024765,0.7780309252192181,0.5527722115653769,30.007233630231575,27.390646107296618,False,False,0.260003853767712,0.18866599332007544,0.9042292469429236,0.9042292469429236,0.29772668370234606,0.29772466780561746,-0.005797050492386815,-0.005797255496973921
282,11.5,11.158509416153127,10.785011694287215,0.8151238519674283,0.5498903778443888,29.63196693644648,26.361631879515585,False,False,0.240918903296381,0.16462963287696403,0.8039810394927435,0.8039810394927435,0.2968612693525731,0.29688798501977703,-0.005885857597708453,-0.005883091946123464
282,12.0,9.710046706637684,9.564765375955702,0.6754248167741711,0.5465111593355846,29.842640900789583,28.10125992852018,False,False,0.21581656224047566,0.17595586775830774,0.5492239061571608,0.5492239061571608,0.29602338270870965,0.2960839239643416,-0.005973388492854354,-0.005967012222954062
282,12.5,4.64206101237133,4.550427511356111,0.30109979533175063,0.22315145883423773,15.093303713086499,13.994460304408273,False,False,0.10838362944495372,0.08108386145632085,0.27739992153826326,0.27739992153826326,0.29525414771231856,0.2953311430149748,-0.006055116270835057,-0.006046876118483039
282,13.0,3.988306253511987,3.975395901280314,0.2221120734109573,0.20803494560003022,15.4310795568739,15.21679030996292,False,False,0.10336871844785225,0.09758023563553032,0.18026852357313014,0.18026852357313014,0.2971799303044298,0.2972668881311203,-0.00585296995565235,-0.005844033464457503
282,13.5,8.875914376182195,8.941195802626888,0.378813892777029,0.5015707503015833,32.00765828068709,33.07578561330385,False,False,0.2828297303313177,0.38832572986645303,0.4568163847585206,0.4568163847585206,0.29647919077029306,0.2965679711934251,-0.005925581030885394,-0.005916322411409233
282,14.0,3.299615291476924,3.3175341753519163,0.1374792843956483,0.16633275391499192,16.03064909647205,16.43663413665435,False,False,0.10628372361077403,0.13082441302803985,0.1360116247184392,0.1360116247184392,0.295744739141008,0.29581790383902534,-0.006002840407060269,-0.00599509036670967
282,14.5,3.2467573725696224,3.255504200906921,0.13225628341959803,0.14291167513718164,16.0949423997642,16.28523948481795,False,False,0.10737683935274862,0.11946562520231069,0.17688919293556776,0.17688919293556776,0.2951018270586333,0.29517134039665266,-0.006071457303984201,-0.0060639933700779676
282,15.0,2.8986233466283484,2.9079046464986376,0.11956035434510362,0.13010523981637057,16.080533542326492,16.2920884996884,False,False,0.09529243891742546,0.10685913996134129,0.20060709207816296,0.20060709207816296,0.2944728846126272,0.29454106269327474,-0.006139489406255006,-0.006132070912184626
282,15.5,1.8662101881357787,1.8685630849091186,0.08991924125390073,0.0931548176065201,15.74093229969522,15.825032616942893,False,False,0.05380027005910953,0.05595476745602266,0.07475982658739458,0.07475982658739458,0.2938598258217058,0.2939266789588292,-0.006206679312117121,-0.006199309942175726
282,16.0,3.194623541636705,3.273281801978862,0.17998779630883638,0.4138153363282038,15.374877850026907,17.07071340474941,False,False,0.08130906209312737,0.18740424425343563,0.1300790588760037,0.1300790588760037,0.29328278269581926,0.29334923785102274,-0.006270723840741444,-0.006263308169144078
282,16.5,2.4673538535602364,2.54889475295163,0.1461186287138102,0.4809620201525637,15.24989769495393,17.443464289730784,False,False,0.060383831160380444,0.19869086130594524,0.059288412763858524,0.059288412763858524,0.29270244272642854,0.2927391098544816,-0.006335930017980905,-0.006331786316196033
282.0,17.0,0.0,0.0,0.0,0.0,0.0,0.0,0.0,0.0,0.0,0.0,0.0,0.0,0.29475338781559496,0.2947473891105746,-0.006109036026778205,-0.006109685402001348
282.0,17.5,0.0,0.0,0.0,0.0,0.0,0.0,0.0,0.0,0.0,0.0,0.0,0.0,0.29417737850486536,0.2941713769395051,-0.006171767462913518,-0.006172425104419113
282.0,18.0,0.0,0.0,0.0,0.0,0.0,0.0,0.0,0.0,0.0,0.0,0.0,0.0,0.2936190759035038,0.2936130642179794,-0.006233304327696744,-0.006233970911582141
282.0,18.5,0.0,0.0,0.0,0.0,0.0,0.0,0.0,0.0,0.0,0.0,0.0,0.0,0.2930772031568803,0.2930711742040979,-0.006293730605759158,-0.006294406832930856
282.0,19.0,0.0,0.0,0.0,0.0,0.0,0.0,0.0,0.0,0.0,0.0,0.0,0.0,0.29255064141095455,0.29254458836360775,-0.006353119289805362,-0.006353805859786965
282.0,19.5,0.0,0.0,0.0,0.0,0.0,0.0,0.0,0.0,0.0,0.0,0.0,0.0,0.29203840275152815,0.2920323192310501,-0.006411534321944339,-0.0064122319146907745
282.0,20.0,0.0,0.0,0.0,0.0,0.0,0.0,0.0,0.0,0.0,0.0,0.0,0.0,0.29153960881021096,0.29153348896106523,-0.00646903212612035,-0.006469741389683601
282.0,20.5,0.0,0.0,0.0,0.0,0.0,0.0,0.0,0.0,0.0,0.0,0.0,0.0,0.2910534736712269,0.291047312197094,-0.0065256628296738485,-0.006526384372155057
282.0,21.0,0.0,0.0,0.0,0.0,0.0,0.0,0.0,0.0,0.0,0.0,0.0,0.0,0.29057929008080347,0.2905730822544332,-0.006581471245904962,-0.006582205630546229
282.0,21.5,0.0,0.0,0.0,0.0,0.0,0.0,0.0,0.0,0.0,0.0,0.0,0.0,0.29011641821998135,0.2901101598751209,-0.006636497671010707,-0.006637245413579884
282.0,22.0,0.0,0.0,0.0,0.0,0.0,0.0,0.0,0.0,0.0,0.0,0.0,0.0,0.28966427648694903,0.2896579639983658,-0.006690778535492151,-0.006691540103332464
282.0,22.5,0.0,0.0,0.0,0.0,0.0,0.0,0.0,0.0,0.0,0.0,0.0,0.0,0.28922233386925844,0.2892159641251706,-0.006744346940476662,-0.006745122752752677
282.0,23.0,0.0,0.0,0.0,0.0,0.0,0.0,0.0,0.0,0.0,0.0,0.0,0.0,0.2887901035847495,0.288783673954743,-0.00679723310229966,-0.006798023531089826
282.0,23.5,0.0,0.0,0.0,0.0,0.0,0.0,0.0,0.0,0.0,0.0,0.0,0.0,0.2883671377430535,0.28836064604367606,-0.00684946472340789,-0.006850270095381724
282.0,24.0,0.0,0.0,0.0,0.0,0.0,0.0,0.0,0.0,0.0,0.0,0.0,0.0,0.2879530228342891,0.2879464672938605,-0.006901067303676656,-0.00690188790216083
283.0,0.5,0.0,0.0,0.0,0.0,0.0,0.0,0.0,0.0,0.0,0.0,0.0,0.0,0.2875473758929962,0.2875407551167042,-0.00695206440322138,-0.006952900470508768
283.0,1.0,0.0,0.0,0.0,0.0,0.0,0.0,0.0,0.0,0.0,0.0,0.0,0.0,0.2871498412169807,0.2871431541529875,-0.007002477865480096,-0.007003329605273188
283.0,1.5,0.0,0.0,0.0,0.0,0.0,0.0,0.0,0.0,0.0,0.0,0.0,0.0,0.28676008754510257,0.2867533334521373,-0.007052328007564888,-0.0070531955874735845
283.0,2.0,0.0,0.0,0.0,0.0,0.0,0.0,0.0,0.0,0.0,0.0,0.0,0.0,0.2863778056169432,0.286370984033671,-0.007101633783498494,-0.007102517337534071
283.0,2.5,0.0,0.0,0.0,0.0,0.0,0.0,0.0,0.0,0.0,0.0,0.0,0.0,0.28600270605205985,0.2859958167683927,-0.007150412924870458,-0.007151312555893479
283.0,3.0,0.0,0.0,0.0,0.0,0.0,0.0,0.0,0.0,0.0,0.0,0.0,0.0,0.28563451749817503,0.28562756052859156,-0.007198682062594357,-0.007199597844687155
283.0,3.5,0.0,0.0,0.0,0.0,0.0,0.0,0.0,0.0,0.0,0.0,0.0,0.0,0.2852729850068659,0.2852659605657426,-0.0072464568327713,-0.007247388813515025
283.0,4.0,0.0,0.0,0.0,0.0,0.0,0.0,0.0,0.0,0.0,0.0,0.0,0.0,0.28491786860266916,0.2849107770815812,-0.00729375196912589,-0.007294700171769026
283.0,4.5,0.0,0.0,0.0,0.0,0.0,0.0,0.0,0.0,0.0,0.0,0.0,0.0,0.28456894201741817,0.28456178396433474,-0.007340581384047643,-0.007341545809558547
283.0,5.0,0.0,0.0,0.0,0.0,0.0,0.0,0.0,0.0,0.0,0.0,0.0,0.0,0.28422599156638373,0.284218767666666,-0.007386958239922084,-0.007387938868922059
283.0,5.5,0.0,0.0,0.0,0.0,0.0,0.0,0.0,0.0,0.0,0.0,0.0,0.0,0.2838888151466509,0.28388152620574725,-0.007432895012153091,-0.007433891806729193
283.0,6.0,0.0,0.0,0.0,0.0,0.0,0.0,0.0,0.0,0.0,0.0,0.0,0.0,0.28355722134131106,0.28354986826903933,-0.0074784035450471634,-0.0074794164504464996
283.0,6.5,0.0,0.0,0.0,0.0,0.0,0.0,0.0,0.0,0.0,0.0,0.0,0.0,0.2832310286156246,0.28322361241192845,-0.007523495101542478,-0.007524524047751038
283.0,7.0,0.0,0.0,0.0,0.0,0.0,0.0,0.0,0.0,0.0,0.0,0.0,0.0,0.2829100645934336,0.2829025863355033,-0.007568180407610201,-0.007569225310820387
283.0,7.5,0.0,0.0,0.0,0.0,0.0,0.0,0.0,0.0,0.0,0.0,0.0,0.0,0.28259416540385907,0.282586626234508,-0.007612469692028078,-0.007613530455999891
283.0,8.0,0.0,0.0,0.0,0.0,0.0,0.0,0.0,0.0,0.0,0.0,0.0,0.0,0.2822831750897747,0.2822755762069697,-0.007656372722120171,-0.007657449239441275
283.0,8.5,0.0,0.0,0.0,0.0,0.0,0.0,0.0,0.0,0.0,0.0,0.0,0.0,0.2846075389846937,0.2845998742958836,-0.007335383701943022,-0.007336415522509798
283.0,9.0,0.0,0.0,0.0,0.0,0.0,0.0,0.0,0.0,0.0,0.0,0.010567256693186153,0.010567256693186153,0.28689248046558885,0.2868847439319453,-0.007035347456415819,-0.007036338393473115
283,9.5,2.7614279245220805,2.7943227300731204,0.09780467948256724,0.17824761281347415,16.309357129003356,17.25973042864393,False,False,0.10026477697278514,0.18440738757661831,0.06702513283096248,0.06702513283096248,0.2917497918963877,0.2917419682065297,-0.006444728965351095,-0.00644563165568406
283,10.0,3.3377868357371803,3.3704111363816747,0.11831677644559786,0.18449786336745974,16.318133576543783,17.072792466695553,False,False,0.12167929984060731,0.19260598174580443,0.11752960322931867,0.11752960322931867,0.2964724340697268,0.2964542561182296,-0.005926286371706718,-0.005928184488520213
283,10.5,4.695082849537922,4.7264671145484,0.17304662931072526,0.2175362239425028,16.299662863789706,16.76938135195914,False,False,0.16972284256736997,0.222971628110549,0.29716118544684905,0.29716118544684905,0.2958684059104449,0.2958416994026707,-0.005989747840702221,-0.0059925723685149545
283,11.0,9.914143803718904,9.985439611554071,0.3793238708723175,0.4910257335466969,32.47427249630098,33.495229201212794,False,False,0.34848418503796574,0.47346758262335153,0.6043648974009634,0.6043648974009634,0.2952582357924224,0.2952257721885776,-0.006054678422206443,-0.006058156435205431
283,11.5,12.465908325766012,12.399793251741137,0.6117876792969869,0.533210662263258,31.693446510556896,31.23377716367326,False,False,0.3737039117639412,0.3527356598318741,1.3533672091334064,1.3533672091334064,0.2946036645092398,0.29455688523024837,-0.0061252685784630315,-0.006130350780562447
283,12.0,11.603189432427182,10.936415231252685,0.8861840205420458,0.5750361694592907,29.622282853923103,26.519794217116484,False,False,0.2514023633738703,0.17276596558851348,2.011596316370868,2.011596316370868,0.29384281641862275,0.2938059754402547,-0.006208555961787559,-0.0062126229502093
283,12.5,11.65566792403945,10.351858277497092,1.1288052625686358,0.5963937839307558,28.26286350033372,22.275937050096974,False,False,0.21221901950386238,0.1147718490332793,1.6531409472007452,1.6531409472007452,0.29298003431355496,0.29298277508280923,-0.006304639936253143,-0.006304331916248819
283,13.0,11.886010650697344,9.939171414568717,1.3590888614810668,0.6180151830679221,27.325709230613366,19.433936910917986,False,False,0.19615966714509722,0.09148023532641116,2.259736814594945,2.259736814594945,0.2921473331305472,0.292217858570679,-0.0063990586486606825,-0.00639099687377394
283,13.5,11.667233437862954,9.748016097414066,1.366355408146391,0.6262571848720929,27.187848841830228,19.066834489459495,False,False,0.18915591011488808,0.0884279821942337,2.061625574906785,2.061625574906785,0.29122194763548614,0.29138685524146596,-0.006505970382349034,-0.006486763330718997
283,14.0,10.409866711733814,8.971884766260864,1.1913840813407732,0.6122305177429598,27.267467948786503,20.179091618293526,False,False,0.17015142215073897,0.08843319298798072,1.3816850267603848,1.3816850267603848,0.29033367897289564,0.290592851663635,-0.006610601623871884,-0.006579867252879068
283,14.5,10.437758891908064,9.101761873016889,1.1611674101333656,0.6011891776912202,27.41818085275945,20.177587833388998,False,False,0.17329081655504022,0.09062938925949388,1.310744026412387,1.310744026412387,0.2895661468478988,0.2898990818914187,-0.0067026290345150825,-0.006662523747648212
283,15.0,9.753065643494049,8.7009884386092,1.074631197357109,0.6002460142716061,27.439884945543184,20.731896453744902,False,False,0.16229094322054102,0.09119638834017796,1.0197467007380694,1.0197467007380694,0.2888224278253533,0.28922668769924387,-0.0067932609692802634,-0.00674381672057086
283,15.5,6.714977915218947,6.396913302234784,0.6732694190936975,0.547795657657211,27.919005446560334,24.025649473306515,False,False,0.11763252680073713,0.09567084142823504,0.32531752569837835,0.32531752569837835,0.2881369827622894,0.2886016648574621,-0.006878087204512386,-0.006820444379575981
283,16.0,7.423495490030703,7.063253464881332,0.7604570301668355,0.5746824066721743,27.795929914903184,22.95303043998089,False,False,0.12830535469665397,0.09688647810012965,0.45938984758115964,0.45938984758115964,0.28760067659586397,0.2880813213095691,-0.006945337987447122,-0.006885030747196733
283,16.5,3.4260321589602,3.5166165584437445,0.3450433266695264,0.5323795692038688,13.929399097282275,15.410438747915471,False,False,0.05962170507320885,0.09157969814955494,0.08394695805144094,0.08394695805144094,0.28704508836908804,0.2875493813766961,-0.007015834557748502,-0.006951811175692666
283.0,17.0,0.0,0.0,0.0,0.0,0.0,0.0,0.0,0.0,0.0,0.0,0.0,0.0,0.28659867637020925,0.2870790706192665,-0.007073096509773188,-0.007011498268685594
283.0,17.5,0.0,0.0,0.0,0.0,0.0,0.0,0.0,0.0,0.0,0.0,0.0,0.0,0.28621486525106976,0.2866952311744174,-0.0071227742039690805,-0.007060664223143247
283.0,18.0,0.0,0.0,0.0,0.0,0.0,0.0,0.0,0.0,0.0,0.0,0.0,0.0,0.28583857437552995,0.28631890784811836,-0.007171882628369562,-0.007109266735607658
283.0,18.5,0.0,0.0,0.0,0.0,0.0,0.0,0.0,0.0,0.0,0.0,0.0,0.0,0.28546943208344855,0.28594972733434604,-0.007220450596837094,-0.0071573345741736075
283.0,19.0,0.0,0.0,0.0,0.0,0.0,0.0,0.0,0.0,0.0,0.0,0.0,0.0,0.28510710244810267,0.2855873522009475,-0.00726850379392944,-0.007204893396289566
283.0,19.5,0.0,0.0,0.0,0.0,0.0,0.0,0.0,0.0,0.0,0.0,0.0,0.0,0.2847512804246502,0.28523147604094684,-0.0073160652154799465,-0.007251966183777158
283.0,20.0,0.0,0.0,0.0,0.0,0.0,0.0,0.0,0.0,0.0,0.0,0.0,0.0,0.28440168778214525,0.28488181940367846,-0.0073631555387269456,-0.0072985736086001556
283.0,20.5,0.0,0.0,0.0,0.0,0.0,0.0,0.0,0.0,0.0,0.0,0.0,0.0,0.28405806967655256,0.2845381263642499,-0.007409793434534986,-0.00734473434168409
283.0,21.0,0.0,0.0,0.0,0.0,0.0,0.0,0.0,0.0,0.0,0.0,0.0,0.0,0.28372019175097607,0.28420016161835465,-0.007455995831769596,-0.007390465314656284
283.0,21.5,0.0,0.0,0.0,0.0,0.0,0.0,0.0,0.0,0.0,0.0,0.0,0.0,0.2833878376716885,0.2838677080116314,-0.007501778141949672,-0.007435781942477737
283.0,22.0,0.0,0.0,0.0,0.0,0.0,0.0,0.0,0.0,0.0,0.0,0.0,0.0,0.2830608070260837,0.2835405644301542,-0.007547154450776316,-0.007480698313443304
283.0,22.5,0.0,0.0,0.0,0.0,0.0,0.0,0.0,0.0,0.0,0.0,0.0,0.0,0.28273891352251107,0.28321854399236257,-0.007592137681927878,-0.0075252273518415765
283.0,23.0,0.0,0.0,0.0,0.0,0.0,0.0,0.0,0.0,0.0,0.0,0.0,0.0,0.282421983442944,0.28290147249364744,-0.007636739737546152,-0.00756938095762001
283.0,23.5,0.0,0.0,0.0,0.0,0.0,0.0,0.0,0.0,0.0,0.0,0.0,0.0,0.282109854308224,0.28258918706352604,-0.007680971619063522,-0.007613170126641411
283.0,24.0,0.0,0.0,0.0,0.0,0.0,0.0,0.0,0.0,0.0,0.0,0.0,0.0,0.28180237372268363,0.28228153500235414,-0.007724843531395333,-0.007656605054503921
284.0,0.5,0.0,0.0,0.0,0.0,0.0,0.0,0.0,0.0,0.0,0.0,0.0,0.0,0.28149939837066307,0.281978372770191,-0.007768364973013276,-0.0076996952263985105
284.0,1.0,0.0,0.0,0.0,0.0,0.0,0.0,0.0,0.0,0.0,0.0,0.0,0.0,0.28120079314207125,0.28167956510503783,-0.007811544814000877,-0.007742449495071155
284.0,1.5,0.0,0.0,0.0,0.0,0.0,0.0,0.0,0.0,0.0,0.0,0.0,0.0,0.2809064303679276,0.2813849842514343,-0.007854391363852013,-0.007784876148622826
284.0,2.0,0.0,0.0,0.0,0.0,0.0,0.0,0.0,0.0,0.0,0.0,0.0,0.0,0.28061618914992315,0.28109450928347723,-0.007896912430493072,-0.007826982969605911
284.0,2.5,0.0,0.0,0.0,0.0,0.0,0.0,0.0,0.0,0.0,0.0,0.0,0.0,0.2803299547705906,0.28080802550886547,-0.007939115371777872,-0.007868777286648082
284.0,3.0,0.0,0.0,0.0,0.0,0.0,0.0,0.0,0.0,0.0,0.0,0.0,0.0,0.2800476181727846,0.28052542394267704,-0.007981007140511767,-0.007910266019645399
284.0,3.5,0.0,0.0,0.0,0.0,0.0,0.0,0.0,0.0,0.0,0.0,0.0,0.0,0.27976907549892155,0.28024660084131914,-0.00802259432390137,-0.007951455719409676
284.0,4.0,0.0,0.0,0.0,0.0,0.0,0.0,0.0,0.0,0.0,0.0,0.0,0.0,0.2794942276818822,0.2799714572885478,-0.008063883178192052,-0.007992352602522663
284.0,4.5,0.0,0.0,0.0,0.0,0.0,0.0,0.0,0.0,0.0,0.0,0.0,0.0,0.2792229800806978,0.2796998988266595,-0.008104879659143114,-0.008032962582039692
284.0,5.0,0.0,0.0,0.0,0.0,0.0,0.0,0.0,0.0,0.0,0.0,0.0,0.0,0.2789552421551558,0.2794318351269755,-0.008145589448895787,-0.008073291294592012
284.0,5.5,0.0,0.0,0.0,0.0,0.0,0.0,0.0,0.0,0.0,0.0,0.0,0.0,0.2786909271743156,0.2791671796945875,-0.008186017979709729,-0.008113344124358901
284.0,6.0,0.0,0.0,0.0,0.0,0.0,0.0,0.0,0.0,0.0,0.0,0.0,0.0,0.27842995195464376,0.2789058496030572,-0.008226170454975942,-0.00815312622431375
284.0,6.5,0.0,0.0,0.0,0.0,0.0,0.0,0.0,0.0,0.0,0.0,0.0,0.0,0.27817223662408846,0.27864776525536356,-0.008266051867856792,-0.008192642535092396
284.0,7.0,0.0,0.0,0.0,0.0,0.0,0.0,0.0,0.0,0.0,0.0,0.0,0.0,0.27791770440892144,0.27839285016790954,-0.008305667017855553,-0.008231897801783744
284.0,7.5,0.0,0.0,0.0,0.0,0.0,0.0,0.0,0.0,0.0,0.0,0.004753993756100142,0.004753993756100142,0.2776662814406169,0.2781410307748354,-0.008345020525576055,-0.008270896588901915
284,8.0,2.5553280239515903,2.5408914875519457,0.14777584656903056,0.13202165022339674,15.331953641958547,14.931288574720911,False,False,0.06415660714790086,0.05747217310259362,0.09152401095803112,0.09152401095803112,0.27741729076573196,0.2778916304355818,-0.008384212468908525,-0.00830973790561302
284,8.5,2.3144436067639704,2.323709222416536,0.13821916038995305,0.1563611152159275,15.246150474257718,15.561114272384204,False,False,0.05657641119877229,0.06386353286158732,0.01744063795984847,0.01744063795984847,0.27714138079697714,0.27761730548502533,-0.008427898039444603,-0.008352712226410935
284,9.0,3.8063040567600694,3.7224229154808843,0.2492283840766678,0.18084090487291882,15.053064317842693,13.816278566224335,False,False,0.08783276602434299,0.06416649331290658,0.2228469615765091,0.2228469615765091,0.27687903270850256,0.2773522103424229,-0.00846968807867706,-0.008394492466250974
284,9.5,4.331821669139141,4.203403704106282,0.3062041302795431,0.2126085671502521,14.875780946395528,13.406173573577641,False,False,0.09506975889910665,0.06665807907713098,0.3073040149368414,0.3073040149368414,0.2765792024449209,0.27706064745223047,-0.008517751451764661,-0.008440732020507234
284,10.0,4.314236836636819,4.187005457760749,0.3129069063689977,0.2152375958059962,14.79871440899601,13.220264018683482,False,False,0.09271236256205555,0.06405316543588427,0.23900661822035446,0.23900661822035446,0.2762641268625714,0.2767570396558803,-0.008568609282936545,-0.008489204709900174
284,10.5,11.251233473496676,10.659614443139613,0.928092774408017,0.5815566509185565,29.006405147047058,24.77180724381025,False,False,0.22391039861739787,0.14246959197147427,1.009236631658575,1.009236631658575,0.2759596186887733,0.27646450681217516,-0.008618105546776679,-0.008536223272387585
284,11.0,11.379472947889896,10.471398768055389,1.0676245771460762,0.6031020606013215,28.30044858538428,22.632114908287924,False,False,0.208085370051461,0.11871063415376829,1.0075621334993405,1.0075621334993405,0.2754812236810956,0.27602978968243425,-0.008696556040487743,-0.008606669466253518
284,11.5,9.720063112719513,9.028459786291618,0.9991906702198334,0.5797457811955492,27.746924220662446,21.833937460505368,False,False,0.16710876236214525,0.096853631478239,0.5546664762185375,0.5546664762185375,0.27498786591607755,0.27559513422904736,-0.008778353106856082,-0.00867779929331273
284,12.0,9.182724414736724,8.702579527555345,0.9058478268671345,0.5716229515678819,13.963035607303038,11.537542564221534,False,False,0.16098760703708742,0.10118716085309577,0.4653522559416933,0.4653522559416933,0.2745634934085707,0.2752237091071281,-0.008849446890260973,-0.008739137256704539
284,12.5,9.272862407493196,8.755814465791282,0.9203390383042637,0.5736016927240708,27.936690329150156,22.903786530837507,False,False,0.16275834055412078,0.10130929074002572,0.494577370704365,0.494577370704365,0.2741648958907315,0.27486718893599565,-0.008916848280197738,-0.008798500273778851
284,13.0,10.467995732077767,9.583089178363275,1.0519828995131344,0.5828061380586205,27.88558963649969,21.534492397431542,False,False,0.18270532966400005,0.10137987896488637,0.7028109590159051,0.7109925872092163,0.2737631753344283,0.2745091303534889,-0.008985397545225803,-0.008858603645509614
284,13.5,4.308589650552541,3.8149218766813453,0.4487094989111415,0.22318319425044816,13.845013174216627,10.126103154968238,False,False,0.07362120779906361,0.03663087349408768,0.28188581551952036,0.29218452021699726,0.27332054204671513,0.2741247096978414,-0.009061656515664906,-0.008923677503398992
284,14.0,8.222085005666198,7.813179014748288,0.8577792403063452,0.5699008668236996,27.65377498681923,22.872503445188826,False,False,0.1399464817382131,0.09274208391547623,0.35246985848738066,0.36920101986873427,0.27301077648937533,0.27384182874071716,-0.009115483268377958,-0.008971926896705137
284,14.5,7.362059023320542,7.142871686822739,0.7225505485588618,0.5471242757234891,27.976435447170182,24.60599077967613,False,False,0.12978886036176002,0.09799271788243058,0.27133999327138747,0.28919485352669916,0.27264219247066496,0.27350724646201563,-0.00918002782398947,-0.009029396524658598
284,15.0,3.9142044385243215,3.9302519585117524,0.3738392569503983,0.40452695504339303,14.055630411790531,14.294963956110355,False,False,0.07005184811976495,0.07554594610414277,0.1458990348011365,0.15771002798734718,0.2723034400697929,0.27318801400380655,-0.009239829150231407,-0.009084638916705527
284,15.5,4.089497596501348,4.166097796653693,0.37923014481382683,0.5422535404980835,14.119725529074845,15.290833635780082,False,False,0.07425999108665199,0.10554286797237664,0.04638424236756718,0.05013085962103025,0.2720273272646684,0.27290591746616305,-0.009288916040730592,-0.009133790459017336
284,16.0,2.303883761557133,2.377741423195974,0.20600707847304747,0.4246553488690526,14.221710407575873,16.297600617161333,False,False,0.042832817116022937,0.08785482541820949,0.0,0.0,0.27176538385874427,0.27262214623190206,-0.009335771373238249,-0.009183553805371248
284,16.5,2.3222187724746,2.399055996205872,0.20293150705893276,0.4449065973875159,14.277532781795566,16.44547749741955,False,False,0.043744463907682406,0.09530906369983158,0.0,0.0,0.2715335596380393,0.27236187566318015,-0.009377474171572767,-0.009229480226726986
284.0,17.0,0.0,0.0,0.0,0.0,0.0,0.0,0.0,0.0,0.0,0.0,0.0,0.0,0.2713042216049377,0.27210111147474625,-0.009418948308963053,-0.009275768445163526
284.0,17.5,0.0,0.0,0.0,0.0,0.0,0.0,0.0,0.0,0.0,0.0,0.0,0.0,0.27110279931345066,0.2718990917027287,-0.009455554458632439,-0.009311819181975937
284.0,18.0,0.0,0.0,0.0,0.0,0.0,0.0,0.0,0.0,0.0,0.0,0.0,0.0,0.2709033950545179,0.27169908339525006,-0.009491960944447575,-0.009347675544937437
284.0,18.5,0.0,0.0,0.0,0.0,0.0,0.0,0.0,0.0,0.0,0.0,0.0,0.0,0.2707059722664284,0.27150105030504157,-0.009528170312422004,-0.009383339995778641
284.0,19.0,0.0,0.0,0.0,0.0,0.0,0.0,0.0,0.0,0.0,0.0,0.0,0.0,0.2705104953659817,0.27130495715929537,-0.00956418505218099,-0.009418814940300078
284.0,19.5,0.0,0.0,0.0,0.0,0.0,0.0,0.0,0.0,0.0,0.0,0.0,0.0,0.27031692970975457,0.2711107696199947,-0.009600007599491929,-0.009454102731063065
284.0,20.0,0.0,0.0,0.0,0.0,0.0,0.0,0.0,0.0,0.0,0.0,0.0,0.0,0.2701252415577051,0.2709184542467454,-0.009635640338591383,-0.00948920566985482
284.0,20.5,0.0,0.0,0.0,0.0,0.0,0.0,0.0,0.0,0.0,0.0,0.0,0.0,0.2699353980389151,0.2707279784618888,-0.00967108560432997,-0.009524126009951098
284.0,21.0,0.0,0.0,0.0,0.0,0.0,0.0,0.0,0.0,0.0,0.0,0.0,0.0,0.269747367119294,0.2705393105177008,-0.009706345684153024,-0.009558865958197004
284.0,21.5,0.0,0.0,0.0,0.0,0.0,0.0,0.0,0.0,0.0,0.0,0.0,0.0,0.26956111757108436,0.2703524194655005,-0.009741422819933763,-0.009593427676924402
284.0,22.0,0.0,0.0,0.0,0.0,0.0,0.0,0.0,0.0,0.0,0.0,0.0,0.0,0.26937661894402526,0.2701672751265111,-0.009776319209673387,-0.00962781328572224
284.0,22.5,0.0,0.0,0.0,0.0,0.0,0.0,0.0,0.0,0.0,0.0,0.0,0.0,0.26919384153804593,0.269983848064331,-0.00981103700908102,-0.009662024863074554
284.0,23.0,0.0,0.0,0.0,0.0,0.0,0.0,0.0,0.0,0.0,0.0,0.0,0.0,0.26901275637737077,0.2698021095588874,-0.009845578333045425,-0.0096960644478791
284.0,23.5,0.0,0.0,0.0,0.0,0.0,0.0,0.0,0.0,0.0,0.0,0.0,0.0,0.2688333351859335,0.2696220315817585,-0.00987994525700832,-0.009729934040858083
284.0,24.0,0.0,0.0,0.0,0.0,0.0,0.0,0.0,0.0,0.0,0.0,0.0,0.0,0.26865555036400274,0.2694435867727593,-0.009914139818249096,-0.00976363560587171
285.0,0.5,0.0,0.0,0.0,0.0,0.0,0.0,0.0,0.0,0.0,0.0,0.0,0.0,0.2684793749659343,0.26926674841769827,-0.009948164017088763,-0.009797171071143461
285.0,1.0,0.0,0.0,0.0,0.0,0.0,0.0,0.0,0.0,0.0,0.0,0.0,0.0,0.2683047826789712,0.2690914904272187,-0.009982019818020795,-0.00983054233040576
285.0,1.5,0.0,0.0,0.0,0.0,0.0,0.0,0.0,0.0,0.0,0.0,0.0,0.0,0.26813174780302046,0.2689177873166498,-0.010015709150775307,-0.009863751243973018
285.0,2.0,0.0,0.0,0.0,0.0,0.0,0.0,0.0,0.0,0.0,0.0,0.0,0.0,0.26796024523134226,0.26874561418679527,-0.01004923391132261,-0.009896799639749265
285.0,2.5,0.0,0.0,0.0,0.0,0.0,0.0,0.0,0.0,0.0,0.0,0.0,0.0,0.2677902504320912,0.268574946705598,-0.010082595962821392,-0.009929689314175703
285.0,3.0,0.0,0.0,0.0,0.0,0.0,0.0,0.0,0.0,0.0,0.0,0.0,0.0,0.2676217394306568,0.26840576109062086,-0.01011579713651633,-0.009962422033124075
285.0,3.5,0.0,0.0,0.0,0.0,0.0,0.0,0.0,0.0,0.0,0.0,0.0,0.0,0.26745468879275325,0.26823803409229297,-0.010148839232589408,-0.009994999532740223
285.0,4.0,0.0,0.0,0.0,0.0,0.0,0.0,0.0,0.0,0.0,0.0,0.0,0.0,0.26728907560821247,0.2680717429778709,-0.010181724020968825,-0.010027423520242443
285.0,4.5,0.0,0.0,0.0,0.0,0.0,0.0,0.0,0.0,0.0,0.0,0.0,0.0,0.26712487747544067,0.26790686551607207,-0.010214453242098789,-0.01005969567467835
285.0,5.0,0.0,0.0,0.0,0.0,0.0,0.0,0.0,0.0,0.0,0.0,0.0,0.0,0.26696207248649745,0.26774337996233993,-0.010247028607673653,-0.010091817647643638
285.0,5.5,0.0,0.0,0.0,0.0,0.0,0.0,0.0,0.0,0.0,0.0,0.0,0.0,0.2668006392127644,0.2675812650447019,-0.010279451801338801,-0.010123791063966244
285.0,6.0,0.0,0.0,0.0,0.0,0.0,0.0,0.0,0.0,0.0,0.0,0.0,0.0,0.26664055669117004,0.2674204999501886,-0.010311724479361128,-0.010155617522358098
285.0,6.5,0.0,0.0,0.0,0.0,0.0,0.0,0.0,0.0,0.0,0.0,0.0,0.0,0.2691313351877985,0.269910504818405,-0.009822943521806769,-0.009675744874790417
285.0,7.0,0.0,0.0,0.0,0.0,0.0,0.0,0.0,0.0,0.0,0.0,0.0,0.0,0.2689517340227889,0.2697301316922523,-0.009857250748000864,-0.009709585376401266
285,7.5,2.5065993419387373,2.538497062072607,0.05993677309601435,0.4353755114913194,16.890172943076923,18.254032283714068,False,False,0.12384884559370742,1.0251210637168078,0.11127830572968746,0.11490308479029314,0.268774012479493,0.2695516398177254,-0.009891339551314451,-0.009743211838658018
285,8.0,3.8849662305941144,3.9516479782525677,0.09838028748708594,0.5085742857703753,33.780345911953646,36.36191966361399,True,True,0.1919527284553869,1.1730444801316857,0.2790603270908186,0.2889396966475603,0.26857630725559506,0.2693048607391179,-0.009929426605358638,-0.00978993189806302
285,8.5,6.3002014064420955,6.3948756567956675,0.1914640169121038,0.4967614986409412,33.716494210240654,35.90181625817381,False,False,0.30523399921796274,1.1200287682437644,0.6984102708039912,0.7271856994517116,0.2683541138679108,0.2690283690654336,-0.009972439939154093,-0.009842594569194757
285,9.0,8.695254158267375,8.797366780722095,0.28215596418749794,0.4934385075855759,33.5020970984533,35.19234958820679,False,False,0.3954492829926749,0.951061698082117,0.7306695789570203,0.7658507258087832,0.2680683701270755,0.26869928785963026,-0.01002808246541035,-0.009905714428383106
285,9.5,10.464520979533196,10.423503673118457,0.5414848204627343,0.4970984693024735,31.311015756444647,30.875055732761993,False,False,0.29261789542826017,0.2854611174980882,0.860883243039806,0.8998259198942402,0.267768669294966,0.2683674153720035,-0.010086840766972154,-0.009969858726555147
285,10.0,10.774224024167069,10.014510248306939,0.9696096921119177,0.5719324236633785,28.58631277399207,23.618637185152853,False,False,0.2037116641083324,0.12354870643905,1.2396771622142686,1.2968904083591108,0.26742100090330617,0.26801967808948557,-0.010155518164317454,-0.010037601054448224
285,10.5,10.751414786676992,9.601971635827969,1.1052446237863212,0.5792317196478151,27.85183492951992,21.304443574749477,False,False,0.18695964835393455,0.1002379835419297,1.3742745043942541,1.446728794084235,0.266972141009109,0.2676134433791267,-0.010245010427206335,-0.010117435042155353
285,11.0,10.565522449389018,9.384105084720726,1.1138764884843526,0.5880292815372654,27.7026307305307,21.34472787209048,False,False,0.18170947660104056,0.09858718880197415,1.5282773479507408,1.622680359552361,0.26649044594578847,0.2671887869540893,-0.010342096576330407,-0.010201699440091739
285,11.5,10.803822040303327,9.547724715776587,1.1588024832676431,0.5959682283307247,27.6234320018942,21.007933380188117,False,False,0.1842994162892585,0.09776567975979564,1.5790693585829427,1.6917985071974775,0.2659895933656929,0.2667421564091699,-0.01044420870862898,-0.010291227978976933
285,12.0,10.810191799907045,9.636081072709729,1.12542382356179,0.5937890402114981,27.787916589895918,21.343467368116507,False,False,0.18667742245263375,0.10084301189110724,1.2744007998276303,1.3793317365542501,0.2654780780949711,0.26628724269386644,-0.010549737053106308,-0.010383380925499815
285,12.5,10.679090062132481,9.43732439323956,1.133023580293358,0.5894998983791129,27.675491736094926,20.973264618161814,False,False,0.18219001375450733,0.09693311653343947,1.1769201915876266,1.2868255233612222,0.26501114467291625,0.26587393026255435,-0.010647178775042086,-0.010467960171166541
285,13.0,10.555939486041153,9.31834804687764,1.142425684961824,0.59731296745569,27.564638077481405,20.83115750723185,False,False,0.1779731904097003,0.09510870007294688,1.2013327503519196,1.3279250480191276,0.26455713831739053,0.2654744275750187,-0.010742952736483959,-0.010550494728361375
285,13.5,11.28078630202972,9.843574092137324,1.2430883106239308,0.610213502165093,27.447062511301297,19.98000685121756,False,False,0.1885901655409986,0.09486487106863548,1.398399829990873,1.5637420798289188,0.2641002669776634,0.26507013749912056,-0.01084036908944614,-0.010634808888965328
285,14.0,9.661446384304043,8.588729005894692,1.050446386852324,0.5738746767771006,27.473433572816273,20.79603023725423,False,False,0.16133255239366978,0.08901931637747523,0.6915336248170801,0.784295401163424,0.2636068710470853,0.26463557018162986,-0.010946757926276434,-0.010726334189507117
285,14.5,9.535630092081407,8.522079153944567,1.0611004237890103,0.5921374223413459,27.332355917528105,20.6491304274078,False,False,0.15690796802466472,0.08829927859338754,0.6581432988053932,0.7550160928760035,0.2632294906604751,0.264306351028925,-0.011028971163671322,-0.010796297092699414
285,15.0,9.650526652040881,8.693380134936433,1.0478799439942368,0.5806169484965583,27.45636307576207,20.56792702235186,False,False,0.1608619619186528,0.08977486738317114,0.6073286057006202,0.7050541355313792,0.2628563700292958,0.26397989981837405,-0.011110980673916816,-0.010866209306296771
285,15.5,8.463709373122917,7.8303730413310735,0.8982984928163099,0.5703521762196528,27.547774132166143,21.499068044182142,False,False,0.14244358793822592,0.09056683998814916,0.38317468731670506,0.45038284942599216,0.2624927465412081,0.2636626221509514,-0.011191602772587978,-0.010934674409288999
285,16.0,7.329133585455279,7.005245170599251,0.7488087007476331,0.5593542729720112,27.731645487711628,22.796246189585894,False,False,0.12579583074631404,0.0937549726827201,0.23923977446385183,0.2839268952420504,0.2621780615340397,0.26338042010951235,-0.011261937439264336,-0.010996002839135025
285,16.5,4.964261016410464,4.949474358178915,0.4818045900633428,0.47664771338713186,13.984645778696896,13.804798398161878,False,False,0.08744783141763864,0.08582020689246815,0.09556919738807099,0.11417547923616994,0.2619020569577122,0.26312212179878736,-0.011324060616037529,-0.01105249602030375
285.0,17.0,0.0,0.0,0.0,0.0,0.0,0.0,0.0,0.0,0.0,0.0,0.0,0.0,0.261679651212093,0.2628972621558058,-0.011374416984962096,-0.011101957481374162
285.0,17.5,0.0,0.0,0.0,0.0,0.0,0.0,0.0,0.0,0.0,0.0,0.0,0.0,0.261532064846931,0.26274893766895185,-0.011407980290057771,-0.011134728195548439
285.0,18.0,0.0,0.0,0.0,0.0,0.0,0.0,0.0,0.0,0.0,0.0,0.0,0.0,0.26138569980842324,0.26260183643712565,-0.011441382451892742,-0.01116734253972349
285.0,18.5,0.0,0.0,0.0,0.0,0.0,0.0,0.0,0.0,0.0,0.0,0.0,0.0,0.2612405350412111,0.26245593745357987,-0.011474625858313839,-0.01119980282004577
285.0,19.0,0.0,0.0,0.0,0.0,0.0,0.0,0.0,0.0,0.0,0.0,0.0,0.0,0.2610965501083994,0.2623112203304157,-0.011507712824263387,-0.011232111271549623
285.0,19.5,0.0,0.0,0.0,0.0,0.0,0.0,0.0,0.0,0.0,0.0,0.0,0.0,0.26095372516426313,0.26216766527099306,-0.011540645595261073,-0.0112642700616092
285.0,20.0,0.0,0.0,0.0,0.0,0.0,0.0,0.0,0.0,0.0,0.0,0.0,0.0,0.26081204092854976,0.2620252530439737,-0.011573426350672567,-0.011296281293175916
285.0,20.5,0.0,0.0,0.0,0.0,0.0,0.0,0.0,0.0,0.0,0.0,0.0,0.0,0.2606714786622659,0.2618839649588808,-0.011606057206779898,-0.011328147007817278
285.0,21.0,0.0,0.0,0.0,0.0,0.0,0.0,0.0,0.0,0.0,0.0,0.0,0.0,0.2605320201448429,0.26174378284306704,-0.011638540219668073,-0.011359869188570995
285.0,21.5,0.0,0.0,0.0,0.0,0.0,0.0,0.0,0.0,0.0,0.0,0.0,0.0,0.26039364765258666,0.2616046890199945,-0.011670877387940534,-0.01139144976262769
285.0,22.0,0.0,0.0,0.0,0.0,0.0,0.0,0.0,0.0,0.0,0.0,0.0,0.0,0.26025634393832475,0.26146666628873383,-0.011703070655275446,-0.011422890603854088
285.0,22.5,0.0,0.0,0.0,0.0,0.0,0.0,0.0,0.0,0.0,0.0,0.0,0.0,0.26012009221216853,0.2613296979046008,-0.011735121912833784,-0.011454193535167962
285.0,23.0,0.0,0.0,0.0,0.0,0.0,0.0,0.0,0.0,0.0,0.0,0.0,0.0,0.25998487612331644,0.26119376756085255,-0.011767033001529375,-0.011485360330774916
285.0,23.5,0.0,0.0,0.0,0.0,0.0,0.0,0.0,0.0,0.0,0.0,0.0,0.0,0.25985067974282916,0.2610588593713734,-0.011798805714170314,-0.011516392718276477
285.0,24.0,0.0,0.0,0.0,0.0,0.0,0.0,0.0,0.0,0.0,0.0,0.0,0.0,0.25971748754731416,0.2609249578542842,-0.011830441797479998,-0.01154729238065823
286.0,0.5,0.0,0.0,0.0,0.0,0.0,0.0,0.0,0.0,0.0,0.0,0.0,0.0,0.25958528440345907,0.26079204791641536,-0.011861942954006345,-0.01157806095816602
286.0,1.0,0.0,0.0,0.0,0.0,0.0,0.0,0.0,0.0,0.0,0.0,0.0,0.0,0.25945405555336126,0.2606601148385872,-0.011893310843926001,-0.011608700050077676
286.0,1.5,0.0,0.0,0.0,0.0,0.0,0.0,0.0,0.0,0.0,0.0,0.0,0.0,0.259323786600602,0.26052914426164664,-0.011924547086750791,-0.011639211216377099
286.0,2.0,0.0,0.0,0.0,0.0,0.0,0.0,0.0,0.0,0.0,0.0,0.0,0.0,0.25919446349701963,0.2603991221732113,-0.011955653262942307,-0.011669595979337128
286.0,2.5,0.0,0.0,0.0,0.0,0.0,0.0,0.0,0.0,0.0,0.0,0.0,0.0,0.25906607253013714,0.2602700348950783,-0.011986630915441079,-0.011699855825017065
286.0,3.0,0.0,0.0,0.0,0.0,0.0,0.0,0.0,0.0,0.0,0.0,0.0,0.0,0.25893860031120536,0.2601418690712543,-0.012017481551115134,-0.011729992204680375
286.0,3.5,0.0,0.0,0.0,0.0,0.0,0.0,0.0,0.0,0.0,0.0,0.0,0.0,0.25881203376382395,0.2600146116565718,-0.01204820664213336,-0.011760006536137449
286.0,4.0,0.0,0.0,0.0,0.0,0.0,0.0,0.0,0.0,0.0,0.0,0.0,0.0,0.25868636011310486,0.2598882499058527,-0.012078807627268418,-0.011789900205018477
286.0,4.5,0.0,0.0,0.0,0.0,0.0,0.0,0.0,0.0,0.0,0.0,0.0,0.0,0.25856156687534765,0.2597627713635892,-0.01210928591313316,-0.011819674565980471
286.0,5.0,0.0,0.0,0.0,0.0,0.0,0.0,0.0,0.0,0.0,0.0,0.0,0.0,0.2584376418481945,0.25963816385410976,-0.012139642875355116,-0.01184933094385265
286.0,5.5,0.0,0.0,0.0,0.0,0.0,0.0,0.0,0.0,0.0,0.0,0.0,0.0,0.2583145731012394,0.25951441547220155,-0.01216987985969238,-0.01187887063472407
286.0,6.0,0.0,0.0,0.0,0.0,0.0,0.0,0.0,0.0,0.0,0.0,0.0,0.0,0.2581923489670634,0.259391514574164,-0.012199998183094658,-0.011908294906976837
286.0,6.5,0.0,0.0,0.0,0.0,0.0,0.0,0.0,0.0,0.0,0.0,0.0,0.0,0.25807095803267255,0.25926944976926775,-0.012229999134712745,-0.011937605002268144
286.0,7.0,0.0,0.0,0.0,0.0,0.0,0.0,0.0,0.0,0.0,0.0,0.0,0.0,0.2579503891313166,0.25914820991159593,-0.012259883976859178,-0.011966802136464536
286,7.5,2.8099655244895567,2.847751042703257,0.11278633876093007,0.3198162038397481,16.057069408916938,17.592397448985754,False,False,0.09149052624336101,0.26349556727167994,0.05542514196333058,0.06629778934242235,0.2578306313346654,0.25902778409224686,-0.012289653945923485,-0.011995887500530747
286,8.0,5.100924857125314,5.189050245326353,0.24406683697255607,0.4586451710277871,31.49298792771956,33.893678183647,False,False,0.14734966440904798,0.28370531414497363,0.2110055872587441,0.25143409075006684,0.25769023828750426,0.25885895804956494,-0.012324663266802184,-0.012036804472778386
286,8.5,6.293164646669867,6.376423860829003,0.35169390711383564,0.4984890448112726,30.85511040061252,32.48263501555831,False,False,0.16291882355393944,0.23658822250318515,0.32175698893609406,0.3820560912113108,0.25751407968447515,0.2586496411118233,-0.01236875955535132,-0.01208776601892703
286,9.0,7.723937090436795,7.736997758072335,0.5072095690891639,0.5306450634007831,30.139305252645027,30.29550178511202,False,False,0.17909641322297482,0.19205872068479266,0.4650707452323092,0.5512664784611593,0.2573108721811088,0.2584193838933463,-0.012419860477422233,-0.012144123046081997
286,9.5,8.77386878849372,8.658503920098598,0.6384734011090918,0.5435505824085857,29.66941385220798,28.36749322416803,False,False,0.1904007659990312,0.16671922198006306,0.5849615495044788,0.6944336265247921,0.2570703536427052,0.2581642386210217,-0.012480669501315213,-0.01220693765695646
286,10.0,9.892908421444428,9.56044892834284,0.7900731367317363,0.5567346289089292,29.180751392767753,26.187224737583527,False,False,0.20126822924855553,0.14490365644239098,0.593450261741486,0.7079011235865497,0.25679858955730056,0.2578899673728281,-0.012549805548618058,-0.012274893155826219
286,10.5,10.485886791721498,9.94571486333307,0.8927624221365994,0.5676254562003515,28.809973023300863,24.56477570976635,False,False,0.2036742336217748,0.13100967398774663,0.4846343305006971,0.583280224345081,0.2565071750988203,0.25761305301074333,-0.012624448217560763,-0.012343961307853315
286,11.0,10.681902891010989,10.00699478829059,0.9489791564401987,0.567963269457914,28.596549870859448,23.716982693959707,False,False,0.20221215466957287,0.12258099808431445,0.532839555596455,0.6490847171971338,0.2562172820678851,0.25735137531395336,-0.012699226602215287,-0.012409655046380015
286,11.5,10.707362402861907,9.9670172243116,0.9721381674613042,0.5652026585775838,28.45399754172095,23.12562627307514,False,False,0.19931305553303977,0.11688485370513518,0.439758766417971,0.5434890228676081,0.2559148136822729,0.2570820033883128,-0.012777812105768619,-0.012477715994866316
286,12.0,10.72013149922901,9.952518656894402,0.9975776101277011,0.5838505484355048,28.322251172376838,22.976567170127588,False,False,0.19652114932491033,0.11603742204781828,0.4292591128032424,0.5391091103811267,0.2556219779664089,0.2568271650029238,-0.012854447543557189,-0.012542514603082228
286,12.5,10.74529069518615,9.80534422235604,1.0530242405297692,0.5808319681935991,28.062434403873496,22.01106632895391,False,False,0.1912560512154028,0.10673189342703172,0.4654952788797829,0.5948829974325852,0.25532795186652174,0.2565712249036825,-0.012931946118096768,-0.012607997297564852
286,13.0,10.520238158634804,9.44178578939129,1.0908094492899332,0.5812861144463588,27.74465747104774,21.094007399084294,False,False,0.1808211941678058,0.09728859868360185,0.4440468147492654,0.5792596307883372,0.255022947070845,0.25630926981332297,-0.013012927430319282,-0.01267544119044639
286,13.5,10.210825160321123,9.14732236447513,1.1046013922727356,0.5950453515071705,27.484669888125353,20.72826133757539,False,False,0.17070774963897384,0.09244854644824776,0.35332983727522477,0.47182162062950483,0.25471655656688724,0.2560499469797363,-0.013094885733279438,-0.012742631194805341
286,14.0,9.554481513894343,8.55197069383134,1.0536013932673158,0.5839221408961254,27.38240386107183,20.805445783709686,False,False,0.15803629686027926,0.08812565392012442,0.338478025797571,0.46352626451174317,0.2544206565552018,0.25580325269125415,-0.013174622316621091,-0.012806943383229047
286,14.5,8.878250508245259,8.050580969974863,0.9696753178819154,0.576714348552025,27.418180882094653,21.323646742550853,False,False,0.14739938870850602,0.0879609435253202,0.2445690614451115,0.3435241273716998,0.25413382769367737,0.25555971551678025,-0.013252467243263146,-0.012870812221003003
286,15.0,7.78390903553912,7.180190641340207,0.8478980430370381,0.5604480064250057,27.42082240698604,21.955366364484092,False,False,0.12926643782720038,0.08549386907949477,0.15690375777312465,0.2256975270513222,0.2538703322203617,0.25533306351662977,-0.013324462934935022,-0.012930594056683687
286,15.5,6.44227485476382,6.098006845760604,0.6757784996466274,0.5356984215404591,27.61945854877026,23.287147338602978,False,False,0.10925154671444198,0.08655751385546186,0.09979143322726416,0.14650714528016773,0.25363419002429954,0.25512416586734515,-0.013389381075153016,-0.01298598618828081
286,16.0,5.180098284428905,5.046586084823397,0.5317181692949788,0.5260820890885914,27.7231787154396,24.363058653326497,False,False,0.08882905746210826,0.08767483523196645,0.05089427703361542,0.07580353354117457,0.25342791510739465,0.2549291722907695,-0.013446396931696835,-0.013037946758992062
286,16.5,2.6989537945488893,2.7774058041035117,0.2566145240778272,0.48413768093452914,14.053483664353745,16.001264144235435,False,False,0.04827939425470744,0.09056747165425685,0.0001755458686576875,0.0002637017092093235,0.2532468772632347,0.25474506516199147,-0.013496675572819562,-0.013087233891887495
286.0,17.0,0.0,0.0,0.0,0.0,0.0,0.0,0.0,0.0,0.0,0.0,0.0,0.0,0.25310800031200525,0.25457657290834135,-0.01353539697365229,-0.013132535444702649
286.0,17.5,0.0,0.0,0.0,0.0,0.0,0.0,0.0,0.0,0.0,0.0,0.0,0.0,0.2530024798857609,0.25447044541513103,-0.013564906485219162,-0.013161165249306236
286.0,18.0,0.0,0.0,0.0,0.0,0.0,0.0,0.0,0.0,0.0,0.0,0.0,0.0,0.25289758525233536,0.2543649468054708,-0.013594316994549254,-0.01318969913740183
286.0,18.5,0.0,0.0,0.0,0.0,0.0,0.0,0.0,0.0,0.0,0.0,0.0,0.0,0.252793309281486,0.2542600699477237,-0.013623629377560112,-0.013218137949141917
286.0,19.0,0.0,0.0,0.0,0.0,0.0,0.0,0.0,0.0,0.0,0.0,0.0,0.0,0.2526896449673806,0.25415580783404257,-0.013652844496356857,-0.013246482511525248
286.0,19.5,0.0,0.0,0.0,0.0,0.0,0.0,0.0,0.0,0.0,0.0,0.0,0.0,0.2525865854255183,0.2540521535773091,-0.013681963199581858,-0.013274733638731813
286.0,20.0,0.0,0.0,0.0,0.0,0.0,0.0,0.0,0.0,0.0,0.0,0.0,0.0,0.2524841238897549,0.25394910040817564,-0.01371098632275146,-0.013302892132445657
286.0,20.5,0.0,0.0,0.0,0.0,0.0,0.0,0.0,0.0,0.0,0.0,0.0,0.0,0.25238225370942613,0.25384664167220633,-0.013739914688580534,-0.013330958782165557
286.0,21.0,0.0,0.0,0.0,0.0,0.0,0.0,0.0,0.0,0.0,0.0,0.0,0.0,0.2522809683465656,0.2537447708271122,-0.013768749107295596,-0.01335893436550457
286.0,21.5,0.0,0.0,0.0,0.0,0.0,0.0,0.0,0.0,0.0,0.0,0.0,0.0,0.25218026137321314,0.2536434814400769,-0.013797490376936703,-0.013386819648478836
286.0,22.0,0.0,0.0,0.0,0.0,0.0,0.0,0.0,0.0,0.0,0.0,0.0,0.0,0.25208012646880995,0.253542767185169,-0.013826139283648797,-0.013414615385785937
286.0,22.5,0.0,0.0,0.0,0.0,0.0,0.0,0.0,0.0,0.0,0.0,0.0,0.0,0.25198055741767633,0.25344262184083743,-0.013854696601963175,-0.013442322321073634
286.0,23.0,0.0,0.0,0.0,0.0,0.0,0.0,0.0,0.0,0.0,0.0,0.0,0.0,0.2518815481065698,0.25334303928748625,-0.01388316309506905,-0.013469941187199156
286.0,23.5,0.0,0.0,0.0,0.0,0.0,0.0,0.0,0.0,0.0,0.0,0.0,0.0,0.2517830925223193,0.25324401350512565,-0.01391153951507612,-0.013497472706479715
286.0,24.0,0.0,0.0,0.0,0.0,0.0,0.0,0.0,0.0,0.0,0.0,0.0,0.0,0.2516851847495325,0.25314553857109656,-0.013939826603268259,-0.013524917590934207
287.0,0.5,0.0,0.0,0.0,0.0,0.0,0.0,0.0,0.0,0.0,0.0,0.0,0.0,0.2515878189683744,0.25304760865786485,-0.01396802509034869,-0.013552276542517111
287.0,1.0,0.0,0.0,0.0,0.0,0.0,0.0,0.0,0.0,0.0,0.0,0.0,0.0,0.25149098945241266,0.2529502180308835,-0.013996135696677361,-0.01357955025334433
287.0,1.5,0.0,0.0,0.0,0.0,0.0,0.0,0.0,0.0,0.0,0.0,0.0,0.0,0.2513946905665282,0.2528533610465191,-0.014024159132500477,-0.013606739405911823
287.0,2.0,0.0,0.0,0.0,0.0,0.0,0.0,0.0,0.0,0.0,0.0,0.0,0.0,0.2512989167648891,0.25275703215004125,-0.014052096098172468,-0.013633844673306751
287.0,2.5,0.0,0.0,0.0,0.0,0.0,0.0,0.0,0.0,0.0,0.0,0.0,0.0,0.2512036625889832,0.2526612258736705,-0.014079947284371298,-0.013660866719412372
287.0,3.0,0.0,0.0,0.0,0.0,0.0,0.0,0.0,0.0,0.0,0.0,0.0,0.0,0.2511089226657098,0.2525659368346854,-0.014107713372306657,-0.013687806199105758
287.0,3.5,0.0,0.0,0.0,0.0,0.0,0.0,0.0,0.0,0.0,0.0,0.0,0.0,0.25101469170552637,0.2524711597335837,-0.014135395033921697,-0.01371466375844978
287.0,4.0,0.0,0.0,0.0,0.0,0.0,0.0,0.0,0.0,0.0,0.0,0.0,0.0,0.2509209645006486,0.2523768893522971,-0.014162992932088876,-0.013741440034878821
287.0,4.5,0.0,0.0,0.0,0.0,0.0,0.0,0.0,0.0,0.0,0.0,0.0,0.0,0.25082773592330254,0.25228312055245716,-0.014190507720799364,-0.013768135657378895
287.0,5.0,0.0,0.0,0.0,0.0,0.0,0.0,0.0,0.0,0.0,0.0,0.0,0.0,0.2507350009240263,0.25218984827371144,-0.014217940045346954,-0.013794751246662013
287.0,5.5,0.0,0.0,0.0,0.0,0.0,0.0,0.0,0.0,0.0,0.0,0.0,0.0,0.25064275453001916,0.2520970675320855,-0.014245290542506528,-0.013821287415335644
287.0,6.0,0.0,0.0,0.0,0.0,0.0,0.0,0.0,0.0,0.0,0.0,0.0,0.0,0.2505509918435375,0.252004773418392,-0.01427255984070709,-0.013847744768066803
287.0,6.5,0.0,0.0,0.0,0.0,0.0,0.0,0.0,0.0,0.0,0.0,0.0,0.0,0.25045970804033457,0.2519129610966836,-0.01429974856019983,-0.013874123901741383
287.0,7.0,0.0,0.0,0.0,0.0,0.0,0.0,0.0,0.0,0.0,0.0,0.0,0.0,0.25036889836814363,0.2518216258027482,-0.014326857313221192,-0.013900425405618833
287,7.5,0.907137274274078,0.9292223076158271,0.03641641447552005,0.09544724483224432,16.083912804186294,17.53206668257171,True,True,0.02986390917997057,0.07931582961431954,0.02251662174009007,0.03371065741002606,0.250278558145202,0.25173076284264573,-0.014353886704151437,-0.013926649861482196
287,8.0,5.086814750883779,5.177425904527178,0.23610520760329634,0.48375258038060814,31.598975550153284,34.155046579030284,False,False,0.1498256024230958,0.31437164067112633,0.09977242776172879,0.1491740645893149,0.2501811727577552,0.2516239086398176,-0.01438309205632672,-0.01395756509861308
287,8.5,6.0155136497947685,6.09896456397993,0.32493978634597653,0.4722951345289616,30.996172445391487,32.71033949504981,False,False,0.15938988687730915,0.23732399080557104,0.16889647483323497,0.25142924470331957,0.25004895583968306,0.2514533209331308,-0.014422856593030815,-0.014007089463875381
287,9.0,6.720744558284206,6.792014313984673,0.3992274385642897,0.5059968329003833,30.593047854626654,31.78568621716387,True,False,0.16687149827256537,0.21694792139289668,0.22284693760164492,0.33187094025809905,0.24989706562648972,0.2512716212776934,-0.014468699704530678,-0.014060070258329935
287,9.5,7.557099912367355,7.560860774268988,0.4865472009016599,0.49003630009126664,30.217452007088248,30.229531156977146,False,False,0.177246858183408,0.18253054845045175,0.23305650057417046,0.3481560947930353,0.24972928507198228,0.2510758302443111,-0.014519540758189332,-0.014117427368951949
287,10.0,8.383697657933837,8.320826938756804,0.5816133383154629,0.519560437246643,29.883870509546263,29.07805430782335,False,False,0.18741658641890896,0.1718776178200594,0.2775269525995369,0.41816905186506176,0.2495495231327951,0.2508804477131655,-0.01457424880853829,-0.01417494293851623
287,10.5,9.184899289101295,8.959242026995128,0.6922522624536046,0.522901815658813,29.486247625260773,27.229295439497264,False,False,0.19446156587808516,0.15085899629874452,0.3123341290894947,0.47698520561627866,0.24935242241859848,0.2506728264614551,-0.014634516204624168,-0.014236367515643758
287,11.0,9.696083786687822,9.339141798598982,0.7657745922901966,0.527761597331929,29.216790507515352,26.012238840414444,False,False,0.1981772957396016,0.13919903320740462,0.2729812091179019,0.42573235039231,0.24913722563755092,0.25045772563111784,-0.01470065623494445,-0.014300339701579502
287,11.5,9.911715908136296,9.36166898119676,0.8690142627514958,0.5518187977998825,28.720558363583187,24.604680677360594,False,False,0.19044257920459456,0.12434160143512984,0.3387566805673001,0.5429286365846326,0.24891810892217234,0.25024897394843865,-0.014768367316183983,-0.014362751366916013
287,12.0,10.119576172577116,9.432621770895285,0.9324740463637701,0.5619438025861687,28.42760156286255,23.57325334052821,False,False,0.187791630709894,0.1155452880708279,0.2937902493232722,0.48821000281782145,0.24867788439753027,0.2500226549680393,-0.01484302857160024,-0.014430782251407313
287,12.5,10.11832416474715,9.322460289014032,0.982372267990177,0.5653598710905401,28.15132023819003,22.68799368817011,False,False,0.18190572540880573,0.10694217153629995,0.2978228151961424,0.5175125851340433,0.24843572942507075,0.24980244764226,-0.014918745410171916,-0.01449734482472675
287,13.0,10.04164490383615,9.071447501768496,1.0438366127628715,0.5675926286379351,27.751461014336865,21.3589695106472,False,False,0.172722130072403,0.09548737160342799,0.25152424864763745,0.46153500574556083,0.2481871241205756,0.24957849584473618,-0.01499695838190777,-0.014565414785132376
287,13.5,10.235770406266596,9.02862042384047,1.149756276157239,0.5855190271040948,27.302375415938997,19.880196254545766,False,False,0.16790801409228287,0.08670678249055587,0.22689432699677697,0.4456380270534438,0.24793700447968994,0.24936181390516582,-0.015076141299640513,-0.014631637844993111
287,14.0,9.6448808822726,8.48234061996072,1.1356408994950293,0.5939426409678701,26.995214966789774,19.479252524499586,False,False,0.15335762094243674,0.08077662843458695,0.1504281815467285,0.3232216999479266,0.24767694025842307,0.24914529045929365,-0.015159001292255437,-0.014698171122998734
287,14.5,10.07303396047814,8.785630522445201,1.181641927228275,0.5850494412364594,27.013111450886193,18.81271581756103,False,False,0.16045244915313261,0.07997508817098885,0.1386019264775718,0.330722041858687,0.2474288296614251,0.2489437066871083,-0.015238558938310283,-0.014760437996623963
287,15.0,9.595878327865238,8.492477204249989,1.1349840136472507,0.5920962789189618,26.940973458399196,18.997076700389897,False,False,0.1517557071763388,0.07940738785262325,0.08930693975966762,0.24401423591381122,0.24717677086928927,0.24874270988381586,-0.01531989253960422,-0.014822836735912838
287,15.5,9.235338884124273,8.344957398767026,1.0744383719175268,0.592372540713619,27.01747474899812,19.480060770435784,False,False,0.14717317879085237,0.08115956414650305,0.05806268111162231,0.18649805200820496,0.2469373426885336,0.24855227023293464,-0.01539762995994988,-0.01488224821553267
287,16.0,8.392299096098643,7.82844900231925,0.9118345642361998,0.5548181603825459,27.382928294176757,20.698199241817605,False,False,0.13882073617792534,0.08425336100406314,0.031006367702866213,0.12122336522393129,0.2467100109415035,0.24836952686862004,-0.01547187525961339,-0.01493952562307775
287,16.5,5.273368375581884,5.265196107000096,0.5259711174247487,0.5288037218091332,13.913484287740344,13.811990213570448,False,False,0.09145163756892898,0.09142501622807418,0.007110333390954514,0.03458254215425802,0.2465072438778674,0.24820028570281902,-0.01553845801559245,-0.014992805427023213
287.0,17.0,0.0,0.0,0.0,0.0,0.0,0.0,0.0,0.0,0.0,0.0,0.0,0.0,0.24635708579591817,0.24804579532369966,-0.01558798561752415,-0.015041639214902024
287.0,17.5,0.0,0.0,0.0,0.0,0.0,0.0,0.0,0.0,0.0,0.0,0.0,0.0,0.24627524842920756,0.24796349009575738,-0.01561505774640581,-0.01506773293722187
287.0,18.0,0.0,0.0,0.0,0.0,0.0,0.0,0.0,0.0,0.0,0.0,0.0,0.0,0.24619379624089188,0.24788157264067964,-0.015642058099532077,-0.015093757292331735
287.0,18.5,0.0,0.0,0.0,0.0,0.0,0.0,0.0,0.0,0.0,0.0,0.0,0.0,0.24611272579532426,0.2478000395081202,-0.015668987163609906,-0.015119712747571536
287.0,19.0,0.0,0.0,0.0,0.0,0.0,0.0,0.0,0.0,0.0,0.0,0.0,0.0,0.24603203370217058,0.2477188872930159,-0.015695845419918256,-0.015145599765125155
287.0,19.5,0.0,0.0,0.0,0.0,0.0,0.0,0.0,0.0,0.0,0.0,0.0,0.0,0.24595171661560444,0.24763811263478686,-0.01572263334439716,-0.01517141880210404
287.0,20.0,0.0,0.0,0.0,0.0,0.0,0.0,0.0,0.0,0.0,0.0,0.0,0.0,0.24587177123352047,0.2475577122165542,-0.015749351407734518,-0.015197170310629239
287.0,20.5,0.0,0.0,0.0,0.0,0.0,0.0,0.0,0.0,0.0,0.0,0.0,0.0,0.24579219429676552,0.24747768276437618,-0.015776000075451175,-0.01522285473791129
287.0,21.0,0.0,0.0,0.0,0.0,0.0,0.0,0.0,0.0,0.0,0.0,0.0,0.0,0.24571298258838783,0.24739802104650124,-0.015802579807983642,-0.015248472526328424
287.0,21.5,0.0,0.0,0.0,0.0,0.0,0.0,0.0,0.0,0.0,0.0,0.0,0.0,0.24563413293290226,0.24731872387263784,-0.015829091060765473,-0.015274024113502932
287.0,22.0,0.0,0.0,0.0,0.0,0.0,0.0,0.0,0.0,0.0,0.0,0.0,0.0,0.24555564219557263,0.24723978809324076,-0.015855534284306395,-0.015299509932375908
287.0,22.5,0.0,0.0,0.0,0.0,0.0,0.0,0.0,0.0,0.0,0.0,0.0,0.0,0.24547750728170983,0.247161210598813,-0.015881909924269962,-0.015324930411280302
287.0,23.0,0.0,0.0,0.0,0.0,0.0,0.0,0.0,0.0,0.0,0.0,0.0,0.0,0.24539972513598543,0.24708298831922323,-0.01590821842154929,-0.01535028597401233
287.0,23.5,0.0,0.0,0.0,0.0,0.0,0.0,0.0,0.0,0.0,0.0,0.0,0.0,0.24532229274176032,0.24700511822303828,-0.015934460212341368,-0.015375577039901356
287.0,24.0,0.0,0.0,0.0,0.0,0.0,0.0,0.0,0.0,0.0,0.0,0.0,0.0,0.24524520712042816,0.2469275973168699,-0.015960635728219576,-0.015400804023878313
288.0,0.5,0.0,0.0,0.0,0.0,0.0,0.0,0.0,0.0,0.0,0.0,0.0,0.0,0.2451684653307732,0.246850422644736,-0.01598674539620474,-0.015425967336542536
288.0,1.0,0.0,0.0,0.0,0.0,0.0,0.0,0.0,0.0,0.0,0.0,0.0,0.0,0.24509206446834167,0.24677359128743534,-0.016012789638834592,-0.015451067384227324
288.0,1.5,0.0,0.0,0.0,0.0,0.0,0.0,0.0,0.0,0.0,0.0,0.0,0.0,0.24501600166482723,0.24669710036193573,-0.016038768874231897,-0.015476104569064038
288.0,2.0,0.0,0.0,0.0,0.0,0.0,0.0,0.0,0.0,0.0,0.0,0.0,0.0,0.24494027408746868,0.24662094702077558,-0.016064683516171036,-0.015501079289044789
288.0,2.5,0.0,0.0,0.0,0.0,0.0,0.0,0.0,0.0,0.0,0.0,0.0,0.0,0.24486487893846168,0.24654512845147752,-0.016090533974143166,-0.015525991938083917
288.0,3.0,0.0,0.0,0.0,0.0,0.0,0.0,0.0,0.0,0.0,0.0,0.0,0.0,0.24478981345438192,0.2464696418759749,-0.01611632065342016,-0.01555084290607825
288.0,3.5,0.0,0.0,0.0,0.0,0.0,0.0,0.0,0.0,0.0,0.0,0.0,0.0,0.24471507490562078,0.2463944845500501,-0.016142043955117175,-0.015575632578965914
288.0,4.0,0.0,0.0,0.0,0.0,0.0,0.0,0.0,0.0,0.0,0.0,0.0,0.0,0.24464066059583306,0.24631965376278453,-0.01616770427625386,-0.01560036133878421
288.0,4.5,0.0,0.0,0.0,0.0,0.0,0.0,0.0,0.0,0.0,0.0,0.0,0.0,0.24456656786139574,0.24624514683602003,-0.016193302009814496,-0.015625029563726123
288.0,5.0,0.0,0.0,0.0,0.0,0.0,0.0,0.0,0.0,0.0,0.0,0.0,0.0,0.24449279407087846,0.24617096112383152,-0.01621883754480671,-0.01564963762819583
288.0,5.5,0.0,0.0,0.0,0.0,0.0,0.0,0.0,0.0,0.0,0.0,0.0,0.0,0.24441933662452434,0.24609709401201035,-0.016244311266319273,-0.015674185902862958
288.0,6.0,0.0,0.0,0.0,0.0,0.0,0.0,0.0,0.0,0.0,0.0,0.0,0.0,0.24434619295374205,0.24602354291755807,-0.016269723555578437,-0.015698674754715952
288.0,6.5,0.0,0.0,0.0,0.0,0.0,0.0,0.0,0.0,0.0,0.0,0.0,0.0,0.24427336052060786,0.2459503052881909,-0.0162950747900035,-0.015723104547114206
288.0,7.0,0.0,0.0,0.0,0.0,0.0,0.0,0.0,0.0,0.0,0.0,0.0,0.0,0.2442008368173779,0.24587737860185363,-0.01632036534326098,-0.015747475639839376
288,7.5,1.436545825958619,1.4737630886983286,0.04933803226351702,0.4414579798986829,16.336826019458577,18.230727609952712,True,True,0.05282193312725607,0.4934264632461229,0.003134740478272001,0.017672461545689813,0.24412861936601027,0.24580476036624396,-0.01634559558531795,-0.015771788389145464
288,8.0,2.4541655014927843,2.5247556371468054,0.09783844250858126,0.46896051843692377,32.18988496964562,35.910500230272255,True,True,0.0811642215784936,0.4022229207266147,0.009755170022732868,0.05437583183135287,0.24405001896601647,0.2456739398465228,-0.016373108639781357,-0.01581570034952791
288,8.5,3.463436937329943,3.5604344826952348,0.16415026132702823,0.44611356645013756,31.54347194463989,34.94274698180202,True,True,0.10097343745709528,0.28283431540256704,0.016865632192060016,0.09453328615499282,0.2439646957467986,0.24553524094241225,-0.016403037412756033,-0.01586241600286165
288,9.0,4.365432693009913,4.481406683128016,0.23601933955217452,0.49087236276576895,31.004706841183747,33.97874275513607,True,True,0.11583321879769663,0.24826158175428775,0.02315829711232712,0.13461672650080653,0.2438703151129876,0.24539463726045974,-0.016436219211542143,-0.01590994111813625
288,9.5,5.544263486267787,5.648400735296886,0.34368188280376344,0.5049349511743,30.408685863605633,32.38121902190336,True,True,0.13380985679813248,0.20279251102858553,0.027137390000374757,0.16957443410193418,0.24376627073788706,0.2452435206656738,-0.01647289125585845,-0.01596120896027648
288,10.0,6.9298992151488505,6.949387810280912,0.49195424652492803,0.5132094363283224,29.773921977331455,30.007059106372445,True,True,0.15255994662503192,0.16411107468172997,0.027232682939665336,0.19726914320977024,0.24364829384904702,0.24508645369743953,-0.01651459204020092,-0.016014704282876647
288,10.5,7.931637654827758,7.789635321831291,0.6304186485472963,0.5059633493697206,29.202652468183462,27.45762675773622,False,False,0.16182001279418717,0.13335720558449507,0.021703315844017964,0.21572345901843695,0.2435117020379678,0.24492509717076344,-0.016563029777781315,-0.016069883189759365
288,11.0,8.862272610251871,8.50618297926924,0.7821593810130334,0.5373485937022716,28.6640143593108,25.308762712852335,False,False,0.16912367390938837,0.11934176543813567,0.010204473978264699,0.22403522459768374,0.24335845964391953,0.24476260414789083,-0.016617573716906545,-0.016125679817637115
288,11.5,9.533632409853148,8.945973153124967,0.8958684694904898,0.5539001550951136,28.329970985792116,23.71890600690947,False,False,0.1749258968455385,0.11092794676947468,0.0,0.22274186923084408,0.2431876332773937,0.2445953419537271,-0.016678628821015114,-0.016183355337217223
288,12.0,10.004331098213608,9.103130293630297,1.0219285117061336,0.5605122656753662,27.857637095451956,21.725643599511255,False,False,0.17407878917094483,0.09753475716137305,0.0,0.2142636054012101,0.24300390224115814,0.24442642264871606,-0.016744594759886645,-0.016241851884120924
288,12.5,10.125964169862876,9.134933319729083,1.0517105619627478,0.5674839043820255,27.75657023953508,21.321038269545582,False,False,0.17426874281791024,0.09588471670651799,0.0,0.1963996983538474,0.2428043900288894,0.2442580262187182,-0.01681657907679179,-0.01630041829125645
288,13.0,10.202714782997448,9.155652494589779,1.076817488704069,0.5734475903432863,27.65877749168756,20.98789942265158,False,False,0.17375138944904922,0.09421180986292216,0.0,0.1728819277915151,0.24260136343317149,0.24409130069286364,-0.016890210222801346,-0.016358651630968973
288,13.5,10.221946135080938,9.08252539419031,1.1146240134675873,0.5789729758600277,27.459558804513712,20.322682356929437,False,False,0.17044386983320506,0.08988370135943044,0.0,0.14738967048513046,0.24239541606240425,0.24392709283581393,-0.016965293430188887,-0.016416248053518268
288,14.0,10.171644438604712,9.009806934685633,1.1161821724036356,0.5714941621293501,27.41079261413624,19.991268002230566,False,False,0.16874259203207806,0.08743141714738908,0.0,0.120222119746863,0.24218492744007972,0.24376570797096556,-0.017042443562272906,-0.016473089876658256
288,14.5,10.026564705227132,8.909600748770343,1.1173511392946007,0.5864821382738074,27.302375435123146,19.878410257110033,False,False,0.1644761948540539,0.08709527245173834,0.0,0.09284149351182144,0.24197451468907016,0.24360901462617549,-0.017119984041495073,-0.016528503799549635
288,15.0,9.699213086030436,8.735647851369585,1.0559318926163688,0.5693469884365734,27.410792654612102,20.21268926721561,False,False,0.16090518762104267,0.08719507485854723,0.0,0.06650857215893197,0.24176422532135272,0.24345417485142204,-0.017197899395520997,-0.016583480525443835
288,15.5,9.113790503701647,8.36223114476967,0.9784544290710817,0.5621141668089158,27.46329031649885,20.658083629125144,False,False,0.15202560180830116,0.0874348444170768,0.0,0.043235639834271,0.24156203306679183,0.24330514660034133,-0.017273213373722368,-0.016636599719198276
288,16.0,7.908033167494018,7.495235154615587,0.8170498290987915,0.545270902607636,27.646558544714743,21.913668310366525,False,False,0.13449721555545852,0.08951987560718627,0.0,0.022591799307945217,0.24136998223095896,0.2431602759977779,-0.017345113972848002,-0.01668843140598567
288,16.5,6.779478646784529,6.612703325679495,0.670843776338769,0.5159697944526809,13.926497374721905,12.511559845003644,False,False,0.11790538151780633,0.09007339751682127,0.0,0.008319616552169978,0.2411987658675435,0.2430204506683867,-0.01740951533953297,-0.01673864056657173
288.0,17.0,0.0,0.0,0.0,0.0,0.0,0.0,0.0,0.0,0.0,0.0,0.0,0.0,0.24104644519029658,0.24288644418578348,-0.017467048877327574,-0.016786929259654287
288.0,17.5,0.0,0.0,0.0,0.0,0.0,0.0,0.0,0.0,0.0,0.0,0.0,0.0,0.24097987427544856,0.24281951356088793,-0.017492264716378544,-0.0168111095845029
288.0,18.0,0.0,0.0,0.0,0.0,0.0,0.0,0.0,0.0,0.0,0.0,0.0,0.0,0.24091356368126302,0.24275284517032017,-0.017517425080617918,-0.016835236437383036
288.0,18.5,0.0,0.0,0.0,0.0,0.0,0.0,0.0,0.0,0.0,0.0,0.0,0.0,0.24084751147942313,0.2426864370729497,-0.01754253028177333,-0.016859310117859655
288.0,19.0,0.0,0.0,0.0,0.0,0.0,0.0,0.0,0.0,0.0,0.0,0.0,0.0,0.24078171576255816,0.24262028734866697,-0.0175675806287584,-0.01688333092281532
288.0,19.5,0.0,0.0,0.0,0.0,0.0,0.0,0.0,0.0,0.0,0.0,0.0,0.0,0.2407161746439422,0.24255439409808255,-0.017592576427708475,-0.016907299146483683
288.0,20.0,0.0,0.0,0.0,0.0,0.0,0.0,0.0,0.0,0.0,0.0,0.0,0.0,0.24065088625719894,0.24248875544223206,-0.017617517982015534,-0.016931215080482606
288.0,20.5,0.0,0.0,0.0,0.0,0.0,0.0,0.0,0.0,0.0,0.0,0.0,0.0,0.24058584875601088,0.24242336952228621,-0.017642405592362787,-0.01695507901384655
288.0,21.0,0.0,0.0,0.0,0.0,0.0,0.0,0.0,0.0,0.0,0.0,0.0,0.0,0.24052106031383483,0.24235823449926586,-0.017667239556758342,-0.016978891233058603
288.0,21.5,0.0,0.0,0.0,0.0,0.0,0.0,0.0,0.0,0.0,0.0,0.0,0.0,0.2404565191236216,0.24229334855376244,-0.017692020170568628,-0.017002652022081836
288.0,22.0,0.0,0.0,0.0,0.0,0.0,0.0,0.0,0.0,0.0,0.0,0.0,0.0,0.2403922233975411,0.2422287098856632,-0.017716747726551074,-0.01702636166239024
288.0,22.5,0.0,0.0,0.0,0.0,0.0,0.0,0.0,0.0,0.0,0.0,0.0,0.0,0.24032817136671222,0.24216431671388094,-0.01774142251488639,-0.0170500204329991
288.0,23.0,0.0,0.0,0.0,0.0,0.0,0.0,0.0,0.0,0.0,0.0,0.0,0.0,0.24026436128093737,0.24210016727608927,-0.01776604482321023,-0.017073628610494936
288.0,23.5,0.0,0.0,0.0,0.0,0.0,0.0,0.0,0.0,0.0,0.0,0.0,0.0,0.24020079140844192,0.24203625982846147,-0.017790614936644234,-0.017097186469064957
288.0,24.0,0.0,0.0,0.0,0.0,0.0,0.0,0.0,0.0,0.0,0.0,0.0,0.0,0.24013746003561798,0.24197259264541485,-0.017815133137826893,-0.017120694280525935
289.0,0.5,0.0,0.0,0.0,0.0,0.0,0.0,0.0,0.0,0.0,0.0,0.0,0.0,0.24007436546677258,0.24190916401935908,-0.017839599706943602,-0.01714415231435275
289.0,1.0,0.0,0.0,0.0,0.0,0.0,0.0,0.0,0.0,0.0,0.0,0.0,0.0,0.24001150602388055,0.2418459722604487,-0.017864014921756318,-0.017167560837706413
289.0,1.5,0.0,0.0,0.0,0.0,0.0,0.0,0.0,0.0,0.0,0.0,0.0,0.0,0.23994888004634146,0.24178301569634017,-0.01788837905763285,-0.01719092011546177
289.0,2.0,0.0,0.0,0.0,0.0,0.0,0.0,0.0,0.0,0.0,0.0,0.0,0.0,0.23988648589074046,0.2417202926719532,-0.0179126923875756,-0.017214230410234465
289.0,2.5,0.0,0.0,0.0,0.0,0.0,0.0,0.0,0.0,0.0,0.0,0.0,0.0,0.239824321930614,0.24165780154923563,-0.017936955182249754,-0.017237491982407895
289.0,3.0,0.0,0.0,0.0,0.0,0.0,0.0,0.0,0.0,0.0,0.0,0.0,0.0,0.2397623865562188,0.24159554070693298,-0.017961167710011248,-0.017260705090159357
289.0,3.5,0.0,0.0,0.0,0.0,0.0,0.0,0.0,0.0,0.0,0.0,0.0,0.0,0.2397006781743048,0.24153350854036137,-0.01798533023693419,-0.017283869989486056
289.0,4.0,0.0,0.0,0.0,0.0,0.0,0.0,0.0,0.0,0.0,0.0,0.0,0.0,0.23963919520789276,0.24147170346118443,-0.01800944302683767,-0.017306986934230672
289.0,4.5,0.0,0.0,0.0,0.0,0.0,0.0,0.0,0.0,0.0,0.0,0.0,0.0,0.23957793609605457,0.24141012389719402,-0.018033506341312552,-0.017330056176106362
289.0,5.0,0.0,0.0,0.0,0.0,0.0,0.0,0.0,0.0,0.0,0.0,0.0,0.0,0.23951689929369802,0.24134876829209473,-0.018057520439747444,-0.017353077964721582
289.0,5.5,0.0,0.0,0.0,0.0,0.0,0.0,0.0,0.0,0.0,0.0,0.0,0.0,0.23945608327135465,0.2412876351052917,-0.018081485579354625,-0.017376052547604413
289.0,6.0,0.0,0.0,0.0,0.0,0.0,0.0,0.0,0.0,0.0,0.0,0.0,0.0,0.23939548651497172,0.24122672281168211,-0.018105402015195175,-0.01739898017022662
289.0,6.5,0.0,0.0,0.0,0.0,0.0,0.0,0.0,0.0,0.0,0.0,0.0,0.0,0.23933510752570705,0.2411660299014503,-0.018129270000204197,-0.01742186107602714
289.0,7.0,0.0,0.0,0.0,0.0,0.0,0.0,0.0,0.0,0.0,0.0,0.0,0.0,0.23927494481972775,0.24110555487986585,-0.018153089785215182,-0.017444695506435542
289,7.5,1.648151645401,1.68307253425445,0.042814466164392065,0.5470211281713355,16.765644871585994,18.34000173448772,True,True,0.07558670260177698,1.0621478042710495,0.0,0.002403354173475986,0.23921499692801182,0.24104529626708543,-0.018176861618984408,-0.01746748370089481
289,8.0,2.2073061935118594,2.259153227512705,0.064965475802118,0.4970721368763361,33.2382275547306,36.46576477399202,True,True,0.09334397839330869,0.7611471865051656,0.0,0.005541020550125424,0.23914980642939948,0.240915237904839,-0.018202754474745123,-0.017516789296161732
289,8.5,3.1299141342566577,3.2118578361035937,0.11657620218585407,0.4631872984743681,32.49477519209661,35.83050083908826,True,True,0.11051779389263955,0.4624678871311162,0.0,0.007623107585246802,0.23908200508576702,0.24079135833319862,-0.01822973096145934,-0.017563906756982932
289,9.0,4.341993996696401,4.448035045392719,0.2019512278942534,0.44641459376985554,31.67728116748782,34.563400483877444,True,True,0.1297692954531164,0.30057178397828427,0.0,0.007234017585349434,0.2390078373375551,0.24067174353146528,-0.018259295056029818,-0.017609545481939645
289,9.5,5.665011736845299,5.763285662292274,0.3210761929251859,0.4780686537356073,30.868042902036496,32.78260978959864,True,True,0.1469663681182547,0.22917197675799494,0.0,0.004379229063953356,0.2389229990942995,0.24055452633951008,-0.018293182603686304,-0.017654406545817507
289,10.0,7.204577508761174,7.215987163651285,0.4955474569838911,0.5008976526744071,29.945091981103953,30.041294822795283,True,True,0.16245512578352533,0.1700096848758174,0.0,0.0,0.23882318810933906,0.24043384840230103,-0.01833314680784402,-0.017700734429155807
289,10.5,8.553001434786843,8.352542900662021,0.6906688550967313,0.5350854579770424,29.124936333510156,27.007867565524798,False,False,0.1727749311318692,0.13761991878385954,0.0,0.0,0.23870135006539125,0.24031102719115996,-0.018382071704915275,-0.017748033917228956
289,11.0,8.929442474354826,8.570832094932507,0.7708137439328793,0.5317581593135131,28.772852620709905,25.46029940403708,False,False,0.1726598358867776,0.12212718842566406,0.0,0.0,0.238554852087692,0.24018405578344526,-0.01844110510121423,-0.017797090080771336
289,11.5,9.47180519389418,8.96352395063168,0.8567495638270067,0.5456762345679769,28.544923006098415,24.381828243958456,False,False,0.1782097447201929,0.11670094072858227,0.0,0.0,0.2383983445959878,0.2400577134659053,-0.018504421710204225,-0.017846063631771564
289,12.0,9.850363173479746,9.106051273006088,0.9544370499064364,0.550074279412708,28.16806515160141,22.7543209914642,False,False,0.17742411334062086,0.10494893385157683,0.0,0.0,0.23823108829167255,0.23992980125820637,-0.018572373387889356,-0.017895809374263136
289,12.5,9.925277878400337,9.11800218613488,0.9900274295036106,0.5568409874288014,27.993745684579032,22.203127948152506,False,False,0.17531324384687297,0.10086578842696915,0.0,0.0,0.23805158429604828,0.23980153098315987,-0.018645632005381284,-0.01794586037093269
289,13.0,9.965505943637204,9.128986266227658,1.0031063553730266,0.563733188854855,27.933738334663747,22.018091151268237,False,False,0.17485874639042337,0.10035235881865376,0.0,0.0,0.2378677444981796,0.23967259946712502,-0.018721017294555668,-0.017996337551797498
289,13.5,9.995717444043073,9.06838662418059,1.024929141443045,0.5552929861651978,27.816599091877666,21.35242452442649,False,False,0.17315166978090785,0.09554291411404284,0.0,0.0,0.2376824362897396,0.2395429894025788,-0.018797372516911673,-0.01804725098236169
289,14.0,9.972947422148643,8.97038374433162,1.0581188211099772,0.5634245923572222,27.606792201945474,20.688503716168846,False,False,0.16889852468717287,0.09118731615947408,0.0,0.0,0.2374945441231438,0.23941465333754583,-0.018875171597120908,-0.018097833146256317
289,14.5,9.81804990858852,8.887043483610269,1.0339246958047585,0.5581559892563707,27.62442431380137,20.76420081384246,False,False,0.1665879359795273,0.09081206890756882,0.0,0.0,0.23730261820270368,0.23928547818969087,-0.018955037326428472,-0.01814891669269941
289,15.0,9.511288972062147,8.7168858251917,0.9842149472008279,0.5548651128248624,27.6967500440744,21.09767373234439,False,False,0.16263759432610347,0.0922296811218128,0.0,0.0,0.23711396983806526,0.23915717030675976,-0.01903393186001861,-0.018199827433484358
289,15.5,8.961444175914858,8.36009282074334,0.9237347039554985,0.5616510169615492,27.690026443592757,21.579971218334265,False,False,0.1531248963962322,0.09325917750429158,0.0,0.0,0.23693184929970612,0.23902947639537322,-0.019110467841196584,-0.018250663587140944
289,16.0,7.892280209921886,7.551941184532706,0.7779074485963867,0.537012669814607,27.906079585431947,22.651285713969703,False,False,0.1380599110426778,0.09510035265208816,0.0,0.0,0.23675762785715546,0.23890111108910467,-0.01918402763989765,-0.018301937643395574
289,16.5,6.649060256354643,6.536846178477782,0.6288410344434681,0.5144676630898615,14.055937194049179,12.99393901552279,False,False,0.1190053111594706,0.09681165523662039,0.0,0.0,0.2366021802851657,0.23877607762550218,-0.019249945676473503,-0.01835204592461814
289.0,17.0,0.0,0.0,0.0,0.0,0.0,0.0,0.0,0.0,0.0,0.0,0.0,0.0,0.23646591813749263,0.2386541080136534,-0.01930795013856925,-0.01840108391619127
289.0,17.5,0.0,0.0,0.0,0.0,0.0,0.0,0.0,0.0,0.0,0.0,0.0,0.0,0.23640997922138607,0.23859788810954327,-0.019331822655262267,-0.018423739736748632
289.0,18.0,0.0,0.0,0.0,0.0,0.0,0.0,0.0,0.0,0.0,0.0,0.0,0.0,0.23635422737263928,0.23854185665716235,-0.019355650338694602,-0.018446352690061278
289.0,18.5,0.0,0.0,0.0,0.0,0.0,0.0,0.0,0.0,0.0,0.0,0.0,0.0,0.23629866140391964,0.23848601245995601,-0.01937943340498865,-0.018468922982690747
289.0,19.0,0.0,0.0,0.0,0.0,0.0,0.0,0.0,0.0,0.0,0.0,0.0,0.0,0.23624328013893234,0.23843035433247609,-0.019403172068601995,-0.01849145081961508
289.0,19.5,0.0,0.0,0.0,0.0,0.0,0.0,0.0,0.0,0.0,0.0,0.0,0.0,0.23618808241228537,0.23837488110024563,-0.019426866542344934,-0.018513936404245458
289.0,20.0,0.0,0.0,0.0,0.0,0.0,0.0,0.0,0.0,0.0,0.0,0.0,0.0,0.23613306706935672,0.23831959159962535,-0.01945051703739793,-0.018536379938442666
289.0,20.5,0.0,0.0,0.0,0.0,0.0,0.0,0.0,0.0,0.0,0.0,0.0,0.0,0.23607823296616307,0.2382644846776823,-0.019474123763328893,-0.01855878162253331
289.0,21.0,0.0,0.0,0.0,0.0,0.0,0.0,0.0,0.0,0.0,0.0,0.0,0.0,0.2360235789692312,0.23820955919206052,-0.01949768692811011,-0.01858114165532587
289.0,21.5,0.0,0.0,0.0,0.0,0.0,0.0,0.0,0.0,0.0,0.0,0.0,0.0,0.2359691039554706,0.2381548140108536,-0.019521206738135014,-0.018603460234126446
289.0,22.0,0.0,0.0,0.0,0.0,0.0,0.0,0.0,0.0,0.0,0.0,0.0,0.0,0.23591480681204868,0.23810024801247898,-0.01954468339823457,-0.01862573755475437
289.0,22.5,0.0,0.0,0.0,0.0,0.0,0.0,0.0,0.0,0.0,0.0,0.0,0.0,0.2358606864362671,0.23804586008555464,-0.019568117111693824,-0.018647973811557573
289.0,23.0,0.0,0.0,0.0,0.0,0.0,0.0,0.0,0.0,0.0,0.0,0.0,0.0,0.23580674173544083,0.23799164912877677,-0.019591508080267647,-0.01867016919742777
289.0,23.5,0.0,0.0,0.0,0.0,0.0,0.0,0.0,0.0,0.0,0.0,0.0,0.0,0.23575297162677822,0.2379376140508002,-0.019614856504196844,-0.018692323903815405
289.0,24.0,0.0,0.0,0.0,0.0,0.0,0.0,0.0,0.0,0.0,0.0,0.0,0.0,0.23569937503726315,0.23788375377011994,-0.019638162582223725,-0.018714438120744414
290.0,0.5,0.0,0.0,0.0,0.0,0.0,0.0,0.0,0.0,0.0,0.0,0.0,0.0,0.23564595090353926,0.2378300672149547,-0.019661426511607457,-0.01873651203682683
290.0,1.0,0.0,0.0,0.0,0.0,0.0,0.0,0.0,0.0,0.0,0.0,0.0,0.0,0.2355926981717952,0.237776553323132,-0.01968464848813946,-0.0187585458392772
290.0,1.5,0.0,0.0,0.0,0.0,0.0,0.0,0.0,0.0,0.0,0.0,0.0,0.0,0.23553961579765226,0.23772321104197525,-0.019707828706158226,-0.018780539713926715
290.0,2.0,0.0,0.0,0.0,0.0,0.0,0.0,0.0,0.0,0.0,0.0,0.0,0.0,0.23548670274605293,0.23767003932819206,-0.019730967358564375,-0.018802493845237297
290.0,2.5,0.0,0.0,0.0,0.0,0.0,0.0,0.0,0.0,0.0,0.0,0.0,0.0,0.23543395799115197,0.2376170371477647,-0.0197540646368351,-0.018824408416315292
290.0,3.0,0.0,0.0,0.0,0.0,0.0,0.0,0.0,0.0,0.0,0.0,0.0,0.0,0.23538138051620824,0.23756420347584137,-0.01977712073103875,-0.018846283608925332
290.0,3.5,0.0,0.0,0.0,0.0,0.0,0.0,0.0,0.0,0.0,0.0,0.0,0.0,0.2353289693134785,0.2375115372966301,-0.019800135829849016,-0.018868119603503628
290.0,4.0,0.0,0.0,0.0,0.0,0.0,0.0,0.0,0.0,0.0,0.0,0.0,0.0,0.23527672338411276,0.23745903760329318,-0.019823110120558998,-0.01888991657917135
290.0,4.5,0.0,0.0,0.0,0.0,0.0,0.0,0.0,0.0,0.0,0.0,0.0,0.0,0.23522464173805113,0.23740670339784367,-0.01984604378909514,-0.018911674713747766
290.0,5.0,0.0,0.0,0.0,0.0,0.0,0.0,0.0,0.0,0.0,0.0,0.0,0.0,0.23517272339392192,0.23735453369104323,-0.019868937020030942,-0.01893339418376318
290.0,5.5,0.0,0.0,0.0,0.0,0.0,0.0,0.0,0.0,0.0,0.0,0.0,0.0,0.2351209673789416,0.23730252750230155,-0.019891789996600382,-0.018955075164471726
290.0,6.0,0.0,0.0,0.0,0.0,0.0,0.0,0.0,0.0,0.0,0.0,0.0,0.0,0.23506937272881576,0.23725068385957693,-0.019914602900711436,-0.01897671782986404
290.0,6.5,0.0,0.0,0.0,0.0,0.0,0.0,0.0,0.0,0.0,0.0,0.0,0.0,0.23501793848764188,0.2371990017992786,-0.019937375912959146,-0.01899832235267966
290.0,7.0,0.0,0.0,0.0,0.0,0.0,0.0,0.0,0.0,0.0,0.0,0.0,0.0,0.2349666637078132,0.23714748036617014,-0.019960109212638737,-0.01901988890441947
290,7.5,0.4054432631127086,0.417685178393174,0.01657779998687059,0.07810870350563545,16.04794085494991,17.942568698288717,True,True,0.01315180515279842,0.06260363633288264,0.0,0.0,0.23491554744992416,0.23709611861327443,-0.01998280297775835,-0.01904141765535773
290,8.0,2.663152497751683,2.7418857407532613,0.11907618180992027,0.4597325412115399,31.749867539601112,35.54007514035123,True,True,0.08069414383292803,0.3186182655947951,0.0,0.0,0.23486247622741965,0.23703496199199092,-0.020006397212232806,-0.019067089895243913
290,8.5,3.3524816627988354,3.4517539639024646,0.16692867995482621,0.46999730726365974,31.34428541716448,34.83405592151236,True,True,0.09429641346057915,0.2724399010620918,0.0,0.0,0.23479650001780006,0.23692533179208525,-0.020035775001729032,-0.019113213606543625
290,9.0,4.381346188829296,4.497258074237333,0.25001428983188695,0.49264476539156316,30.777264009706677,33.71892127341931,True,True,0.11200629874844988,0.22664752370148344,0.0,0.0,0.23472458158297235,0.2368145504123387,-0.020067857307748155,-0.019159956746086917
290,9.5,5.504371749817942,5.588461156880304,0.3557547349380835,0.4716579502128371,30.21945010220097,31.79153226537206,True,True,0.1291394984059817,0.17564166946531043,0.0,0.0,0.2346422301617871,0.23670103897692338,-0.020104668897410242,-0.019207993155307385
290,10.0,6.790622074286076,6.796856539956893,0.5030563904577269,0.5077146201646088,29.564876672640718,29.60461766399279,True,True,0.1452906410361185,0.15029826712346253,0.0,0.0,0.23454655788567463,0.23659035701584197,-0.020147536068506694,-0.019254970406133914
290,10.5,8.097600743000532,7.8630992312008825,0.7028169479196386,0.5236384865688918,28.756533096118176,26.19816756048094,False,False,0.15626536026695975,0.11914548257447596,0.0,0.0,0.2344322676016413,0.23647523441945065,-0.020198888111686672,-0.019303977730736024
290,11.0,8.694344281463344,8.239746945846807,0.8257112039328743,0.533237902394546,28.26921180111254,24.13385085108861,False,False,0.1584162167239907,0.1042770801910188,0.0,0.0,0.23429267344106292,0.2363582358753044,-0.02026182121813267,-0.01935393598479341
290,11.5,9.142308387889361,8.540616648943745,0.8991466507431883,0.5466817963413256,28.081902369575936,23.208640044622364,False,False,0.16307969897307667,0.10109791650706959,0.0,0.0,0.23413756981392356,0.23624016644159873,-0.02033202064916456,-0.019404507754380053
290,12.0,9.31419162290624,8.652999803394303,0.9176095956444003,0.5428238586099072,28.073983508608514,22.876317382938513,False,False,0.16599833826855243,0.10013950426946196,0.0,0.0,0.23397325852448844,0.23612053532906344,-0.02040670377737044,-0.019455909091850153
290,12.5,9.75513240513106,8.922503085571808,0.9870436413953426,0.545261876218094,27.933148286709113,21.91226511852324,False,False,0.17115630908972967,0.09642437050185254,0.0,0.0,0.2338067440095764,0.23600154648900298,-0.020482722015665724,-0.019507195473052654
290,13.0,9.862295020904144,8.922185603729668,1.035541634908527,0.5575847413691861,27.71923273352502,21.245432606352715,False,False,0.1690481276097378,0.09268621483333649,0.0,0.0,0.23363153002466855,0.2358823967482485,-0.020563076384979666,-0.019558712691991293
290,13.5,9.918173685026215,8.842385204931086,1.083255732473013,0.5628433216003934,27.478780932244362,20.36033818149393,False,False,0.1657125530486463,0.08734679385303493,0.0,0.0,0.2334502836613443,0.2357618255983116,-0.020646592777122837,-0.019611009592997983
290,14.0,9.806704901502485,8.74116861523297,1.0753482381767625,0.5544615219862236,27.44253882871215,20.13913108177325,False,False,0.16322881243243811,0.08509868571797104,0.0,0.0,0.23326310397282446,0.23564073241303096,-0.020733267746794657,-0.019663700701323842
290,14.5,9.634361765357344,8.690637764165015,1.0508275378776928,0.5566323191792778,27.451041302747882,20.32500057267704,False,False,0.1605030133993983,0.08566274565257855,0.0,0.0,0.2330770781397682,0.23552085458340943,-0.020819838288139488,-0.019716029204074333
290,15.0,9.321859736239047,8.56819467615653,0.9730973869947531,0.5456941289404567,27.676608234940357,20.99186261964763,False,False,0.15905410594983832,0.08960094797714811,0.0,0.0,0.23289432240243235,0.2354008465289875,-0.02090530674319272,-0.019768580825844397
290,15.5,8.723259626204225,8.173479287925105,0.907269526468762,0.5497482610390639,27.66991376816254,21.50829950637599,False,False,0.1487337033421452,0.09019815931453591,0.0,0.0,0.23272161656937457,0.23528237793783974,-0.020986459661758706,-0.019820622091108565
290,16.0,7.6390823105925465,7.337851132524499,0.7835405971567295,0.5379855283505449,27.724871163493198,22.212459278897597,False,False,0.1310199648010133,0.08969773966491337,0.0,0.0,0.23255744308530757,0.23516353747664487,-0.021063951525694048,-0.0198729907967377
290.0,16.5,0.0,0.0,0.0,0.0,0.0,0.0,0.0,0.0,0.0,0.0,0.0,0.0,0.23240917963825855,0.23504633991942384,-0.02113422678502713,-0.019924797067917926
290.0,17.0,0.0,0.0,0.0,0.0,0.0,0.0,0.0,0.0,0.0,0.0,0.0,0.0,0.2323609070681468,0.23499784249723513,-0.021157167716331138,-0.019946282037773846
290.0,17.5,0.0,0.0,0.0,0.0,0.0,0.0,0.0,0.0,0.0,0.0,0.0,0.0,0.23231277581947177,0.23494948741490215,-0.021180071032448344,-0.019967731436687074
290.0,18.0,0.0,0.0,0.0,0.0,0.0,0.0,0.0,0.0,0.0,0.0,0.0,0.0,0.23226478510537168,0.2349012738791176,-0.021202936892639013,-0.019989145415493178
290.0,18.5,0.0,0.0,0.0,0.0,0.0,0.0,0.0,0.0,0.0,0.0,0.0,0.0,0.23221693414540603,0.23485320110304447,-0.021225765455085623,-0.02001052412400945
290.0,19.0,0.0,0.0,0.0,0.0,0.0,0.0,0.0,0.0,0.0,0.0,0.0,0.0,0.23216922216548638,0.23480526830624682,-0.021248556876902962,-0.020031867711044274
290.0,19.5,0.0,0.0,0.0,0.0,0.0,0.0,0.0,0.0,0.0,0.0,0.0,0.0,0.23212164839780858,0.23475747471462133,-0.02127131131414799,-0.02005317632440648
290.0,20.0,0.0,0.0,0.0,0.0,0.0,0.0,0.0,0.0,0.0,0.0,0.0,0.0,0.2320742120807857,0.2347098195603299,-0.021294028921829546,-0.02007445011091452
290.0,20.5,0.0,0.0,0.0,0.0,0.0,0.0,0.0,0.0,0.0,0.0,0.0,0.0,0.23202691245898202,0.23466230208173322,-0.021316709853918033,-0.02009568921640545
290.0,21.0,0.0,0.0,0.0,0.0,0.0,0.0,0.0,0.0,0.0,0.0,0.0,0.0,0.23197974878304736,0.23461492152332467,-0.021339354263354995,-0.020116893785744085
290.0,21.5,0.0,0.0,0.0,0.0,0.0,0.0,0.0,0.0,0.0,0.0,0.0,0.0,0.23193272030965284,0.23456767713566612,-0.021361962302062592,-0.0201380639628316
290.0,22.0,0.0,0.0,0.0,0.0,0.0,0.0,0.0,0.0,0.0,0.0,0.0,0.0,0.2318858263014275,0.23452056817532355,-0.021384534120952717,-0.02015919989061452
290.0,22.5,0.0,0.0,0.0,0.0,0.0,0.0,0.0,0.0,0.0,0.0,0.0,0.0,0.23183906602689516,0.23447359390480393,-0.02140706986993643,-0.020180301711093227
290.0,23.0,0.0,0.0,0.0,0.0,0.0,0.0,0.0,0.0,0.0,0.0,0.0,0.0,0.2317924387604127,0.23442675359249304,-0.021429569697932936,-0.020201369565330675
290.0,23.5,0.0,0.0,0.0,0.0,0.0,0.0,0.0,0.0,0.0,0.0,0.0,0.0,0.2317459437821089,0.23438004651259395,-0.021452033752878664,-0.020222403593460628
290.0,24.0,0.0,0.0,0.0,0.0,0.0,0.0,0.0,0.0,0.0,0.0,0.0,0.0,0.23169958037782407,0.23433347194506626,-0.021474462181736022,-0.020243403934696213
291.0,0.5,0.0,0.0,0.0,0.0,0.0,0.0,0.0,0.0,0.0,0.0,0.0,0.0,0.2316533478390505,0.2342870291755661,-0.021496855130502316,-0.02026437072733813
291.0,1.0,0.0,0.0,0.0,0.0,0.0,0.0,0.0,0.0,0.0,0.0,0.0,0.0,0.23160724546287367,0.23424071749538714,-0.021519212744218443,-0.020285304108782813
291.0,1.5,0.0,0.0,0.0,0.0,0.0,0.0,0.0,0.0,0.0,0.0,0.0,0.0,0.23156127255191417,0.2341945362014022,-0.021541535166977422,-0.02030620421553044
291.0,2.0,0.0,0.0,0.0,0.0,0.0,0.0,0.0,0.0,0.0,0.0,0.0,0.0,0.23151542841427059,0.23414848459600535,-0.02156382254193278,-0.0203270711831931
291.0,2.5,0.0,0.0,0.0,0.0,0.0,0.0,0.0,0.0,0.0,0.0,0.0,0.0,0.23146971236346262,0.2341025619870553,-0.021586075011307247,-0.02034790514650251
291.0,3.0,0.0,0.0,0.0,0.0,0.0,0.0,0.0,0.0,0.0,0.0,0.0,0.0,0.2314241237183756,0.23405676768781905,-0.02160829271640079,-0.020368706239317923
291.0,3.5,0.0,0.0,0.0,0.0,0.0,0.0,0.0,0.0,0.0,0.0,0.0,0.0,0.2313786618032052,0.23401110101691652,-0.021630475797598872,-0.020389474594633757
291.0,4.0,0.0,0.0,0.0,0.0,0.0,0.0,0.0,0.0,0.0,0.0,0.0,0.0,0.23133332594740302,0.23396556129826565,-0.021652624394380628,-0.0204102103445874
291.0,4.5,0.0,0.0,0.0,0.0,0.0,0.0,0.0,0.0,0.0,0.0,0.0,0.0,0.2312881154856229,0.23392014786102844,-0.021674738645326846,-0.02043091362046655
291.0,5.0,0.0,0.0,0.0,0.0,0.0,0.0,0.0,0.0,0.0,0.0,0.0,0.0,0.23124302975766778,0.23387486003955751,-0.021696818688127943,-0.020451584552716874
291.0,5.5,0.0,0.0,0.0,0.0,0.0,0.0,0.0,0.0,0.0,0.0,0.0,0.0,0.2311980681084375,0.2338296971733434,-0.021718864659591695,-0.020472223270949223
291.0,6.0,0.0,0.0,0.0,0.0,0.0,0.0,0.0,0.0,0.0,0.0,0.0,0.0,0.23115322988787695,0.23378465860696263,-0.021740876695651088,-0.020492829903946932
291.0,6.5,0.0,0.0,0.0,0.0,0.0,0.0,0.0,0.0,0.0,0.0,0.0,0.0,0.23110851445092498,0.23373974369002598,-0.021762854931371967,-0.020513404579673294
291.0,7.0,0.0,0.0,0.0,0.0,0.0,0.0,0.0,0.0,0.0,0.0,0.0,0.0,0.2310639211574641,0.2336949517771281,-0.021784799500960593,-0.02053394742527833
291,7.5,0.023909351129980532,0.024591355740807355,0.0005902071399481518,0.051222961451757094,16.890175001399143,18.4627691457828,True,True,0.001181339788453142,0.10519468184722214,0.0,0.0,0.23101944937227056,0.23365028222779713,-0.021806710537771157,-0.020554458567106106
291,8.0,0.40661131792723987,0.416479935679538,0.010900161280470276,0.3257569479376445,33.57704977725075,36.84901421508889,True,True,0.018897095103495895,0.5987300568429723,0.0,0.0,0.23097502325322444,0.23359920692170097,-0.02182862529734125,-0.020577940993490154
291,8.5,0.8538746215987941,0.8769419278977997,0.027323989114871005,0.5511804010216563,33.082031860214435,36.771701413369094,True,True,0.03466964738429636,0.7568396368996206,0.0,0.0,0.23092940356029196,0.2335132680817636,-0.02185115614229649,-0.020617524488091767
291,9.0,1.5509184672560241,1.5986878957025494,0.06160730361239562,0.4602538192623536,32.36469253599151,36.359141162065015,True,True,0.05322634659559927,0.4239715283338155,0.0,0.0,0.23088181056467288,0.23339872337416953,-0.02187469110886541,-0.020670425004574545
291,9.5,2.382548587431865,2.4602755071663944,0.11402053672180566,0.4316143004395354,31.67142140235088,35.57446146689276,True,True,0.07112898882303346,0.2863456694009662,0.0,0.0,0.23082996776607037,0.23329588554435027,-0.021900361999951577,-0.020718056723649445
291,10.0,3.7229093978297882,3.8327751555971075,0.2149913229813587,0.4464547905555902,30.881019028599965,34.046298883294355,True,True,0.09678757642435998,0.21243946384179238,0.0,0.0,0.2307715642069444,0.23319681656173752,-0.021929324577046914,-0.02076406653805564
291,10.5,5.321615099713836,5.4169107849417575,0.3692107471228181,0.4836213220111418,30.006285159937875,31.668299369558227,True,True,0.12104637642350287,0.1658066646874951,0.0,0.0,0.23070041145608683,0.23309597503571763,-0.02196467122353821,-0.020811024643438824
291,11.0,6.775001764894078,6.765718236993102,0.5384544220470132,0.5053904864874845,29.321102330256124,28.957413611317406,True,True,0.1403546443305784,0.13704774777873602,0.0,0.0,0.23060972328884954,0.23299051528932735,-0.022009820951848134,-0.020860268699714343
291,11.5,7.9322260669517295,7.685574536687916,0.7240480842101437,0.5181566520638118,28.576779565317853,25.70829576342676,False,True,0.14980736763197486,0.11061000359125872,0.0,0.0,0.23049758452528687,0.2328823988492209,-0.022065803005808567,-0.02091089748384946
291,12.0,8.630106917453745,8.126932517140576,0.869803680400749,0.5424114026469988,28.00452301686134,23.415856924748347,False,False,0.15261887071947522,0.09734274779820812,0.0,0.0,0.23036191104763398,0.2327727723944153,-0.02213376105438709,-0.020962382937106117
291,12.5,9.393200345236043,8.620584972897507,0.9896229544975944,0.547566108938158,27.76168513152147,21.758007884761533,False,True,0.16174731565695588,0.09145828050696661,0.0,0.0,0.23020777894278038,0.23266017130874225,-0.022211267727711807,-0.0210154227269267
291,13.0,9.571336943128465,8.745993809327452,1.0093419557603798,0.5492891571823427,27.74409097925814,21.49736445265571,False,False,0.1645014705815246,0.09130160953676297,0.0,0.0,0.23003849276403174,0.23254702897474178,-0.02229676769713813,-0.02106887860015402
291,13.5,9.628102080288786,8.66957366398893,1.0481908407642333,0.5492067638495821,27.551576731871798,20.648768586925474,False,False,0.16210544481407552,0.08630315225560302,0.0,0.0,0.22986680798798553,0.23243378211320234,-0.02238387992617307,-0.02112254617076468
291,14.0,9.712648258190807,8.641395310081167,1.0977541802191915,0.5570250753254951,27.32044417661625,19.872395775832672,False,False,0.15962410985063677,0.08201607069696745,0.0,0.0,0.22969028626437307,0.2323206602159509,-0.022473869548833403,-0.021176317209875204
291,14.5,9.112429944041114,8.186115268040368,1.0415111409189375,0.5562585004684155,27.223181694971977,19.953515278571025,False,False,0.1482698722318333,0.07962847589058528,0.0,0.0,0.22950756164879313,0.23220665589782086,-0.022567475786676137,-0.02123067278420179
291,15.0,8.920486924644836,8.094302379145521,1.0028891254627548,0.5495749300659325,27.29568191327454,20.058560030884337,False,False,0.14623111495280883,0.08038752293959955,0.0,0.0,0.2293321167755987,0.23209286258272457,-0.02265779021040684,-0.02128509360984386
291,15.5,7.527128150376322,7.053834095690965,0.836318888772457,0.5271957052635601,27.33131885281434,21.13727880537128,False,False,0.12384495542070256,0.07791642183524392,0.0,0.0,0.22916170558539303,0.23198003372202572,-0.022745926004655522,-0.021339217371304453
291,16.0,5.652932173305184,5.530095289264516,0.6085190954253589,0.5141668670369627,27.492713416175093,23.06493131072711,False,False,0.09458742997712893,0.07955877519127774,0.0,0.0,0.2290126323175398,0.23187016889301035,-0.022823361069894254,-0.021392076937411117
291.0,16.5,0.0,0.0,0.0,0.0,0.0,0.0,0.0,0.0,0.0,0.0,0.0,0.0,0.22889269907011517,0.23176207599028514,-0.022885887630702508,-0.021444236297158487
291.0,17.0,0.0,0.0,0.0,0.0,0.0,0.0,0.0,0.0,0.0,0.0,0.0,0.0,0.2288504214139791,0.23171961587413173,-0.022907977501248032,-0.021464766526957457
291.0,17.5,0.0,0.0,0.0,0.0,0.0,0.0,0.0,0.0,0.0,0.0,0.0,0.0,0.2288082535178496,0.23167726627618815,-0.022930035332524523,-0.021485266650689182
291.0,18.0,0.0,0.0,0.0,0.0,0.0,0.0,0.0,0.0,0.0,0.0,0.0,0.0,0.2287661948387929,0.23163502664903554,-0.02295206124517844,-0.021505736782031094
291.0,18.5,0.0,0.0,0.0,0.0,0.0,0.0,0.0,0.0,0.0,0.0,0.0,0.0,0.22872424483781537,0.23159289644922865,-0.022974055359129,-0.02152617703397573
291.0,19.0,0.0,0.0,0.0,0.0,0.0,0.0,0.0,0.0,0.0,0.0,0.0,0.0,0.22868240297982617,0.2315508751372577,-0.022996017793574203,-0.021546587518836598
291.0,19.5,0.0,0.0,0.0,0.0,0.0,0.0,0.0,0.0,0.0,0.0,0.0,0.0,0.22864066873360012,0.23150896217751107,-0.023017948666996718,-0.021566968348253664
291.0,20.0,0.0,0.0,0.0,0.0,0.0,0.0,0.0,0.0,0.0,0.0,0.0,0.0,0.22859904157174085,0.23146715703823842,-0.023039848097169798,-0.021587319633198845
291.0,20.5,0.0,0.0,0.0,0.0,0.0,0.0,0.0,0.0,0.0,0.0,0.0,0.0,0.2285575209706448,0.23142545919151397,-0.023061716201163006,-0.021607641483981564
291.0,21.0,0.0,0.0,0.0,0.0,0.0,0.0,0.0,0.0,0.0,0.0,0.0,0.0,0.228516106410465,0.23138386811320044,-0.023083553095348146,-0.021627934010254014
291.0,21.5,0.0,0.0,0.0,0.0,0.0,0.0,0.0,0.0,0.0,0.0,0.0,0.0,0.2284747973750758,0.23134238328291343,-0.02310535889540482,-0.02164819732101662
291.0,22.0,0.0,0.0,0.0,0.0,0.0,0.0,0.0,0.0,0.0,0.0,0.0,0.0,0.22843359335203794,0.23130100418398605,-0.023127133716326166,-0.02166843152462333
291.0,22.5,0.0,0.0,0.0,0.0,0.0,0.0,0.0,0.0,0.0,0.0,0.0,0.0,0.22839249383256385,0.231259730303434,-0.023148877672424305,-0.021688636728786764
291.0,23.0,0.0,0.0,0.0,0.0,0.0,0.0,0.0,0.0,0.0,0.0,0.0,0.0,0.22835149831148344,0.2312185611319213,-0.023170590877336007,-0.0217088130405835
291.0,23.5,0.0,0.0,0.0,0.0,0.0,0.0,0.0,0.0,0.0,0.0,0.0,0.0,0.22831060628721025,0.2311774961637259,-0.023192273444028102,-0.02172896056645915
291.0,24.0,0.0,0.0,0.0,0.0,0.0,0.0,0.0,0.0,0.0,0.0,0.0,0.0,0.22826981726170803,0.2311365348967064,-0.023213925484802916,-0.02174907941223346
292.0,0.5,0.0,0.0,0.0,0.0,0.0,0.0,0.0,0.0,0.0,0.0,0.0,0.0,0.22822913074045795,0.23109567683226842,-0.023235547111303514,-0.021769169683105275
292.0,1.0,0.0,0.0,0.0,0.0,0.0,0.0,0.0,0.0,0.0,0.0,0.0,0.0,0.22818854623242543,0.23105492147533185,-0.023257138434519188,-0.02178923148365767
292.0,1.5,0.0,0.0,0.0,0.0,0.0,0.0,0.0,0.0,0.0,0.0,0.0,0.0,0.22814806325002845,0.23101426833429825,-0.023278699564790544,-0.021809264917862756
292.0,2.0,0.0,0.0,0.0,0.0,0.0,0.0,0.0,0.0,0.0,0.0,0.0,0.0,0.22810768130910516,0.23097371692101887,-0.02330023061181476,-0.02182927008908647
292.0,2.5,0.0,0.0,0.0,0.0,0.0,0.0,0.0,0.0,0.0,0.0,0.0,0.0,0.22806739992888256,0.23093326675076262,-0.023321731684650786,-0.021849247100093637
292.0,3.0,0.0,0.0,0.0,0.0,0.0,0.0,0.0,0.0,0.0,0.0,0.0,0.0,0.2280272186319454,0.23089291734218478,-0.02334320289172427,-0.0218691960530526
292.0,3.5,0.0,0.0,0.0,0.0,0.0,0.0,0.0,0.0,0.0,0.0,0.0,0.0,0.2279871369442051,0.23085266821729597,-0.02336464434083274,-0.021889117049539886
292.0,4.0,0.0,0.0,0.0,0.0,0.0,0.0,0.0,0.0,0.0,0.0,0.0,0.0,0.22794715439486943,0.23081251890143126,-0.023386056139150572,-0.021909010190545062
292.0,4.5,0.0,0.0,0.0,0.0,0.0,0.0,0.0,0.0,0.0,0.0,0.0,0.0,0.22790727051641232,0.23077246892321998,-0.023407438393233886,-0.02192887557647528
292.0,5.0,0.0,0.0,0.0,0.0,0.0,0.0,0.0,0.0,0.0,0.0,0.0,0.0,0.22786748484454425,0.23073251781455562,-0.02342879120902536,-0.021948713307159827
292.0,5.5,0.0,0.0,0.0,0.0,0.0,0.0,0.0,0.0,0.0,0.0,0.0,0.0,0.22782779691818242,0.23069266511056605,-0.023450114691859272,-0.02196852348185474
292.0,6.0,0.0,0.0,0.0,0.0,0.0,0.0,0.0,0.0,0.0,0.0,0.0,0.0,0.22778820627942192,0.23065291034958443,-0.023471408946466096,-0.02198830619924727
292.0,6.5,0.0,0.0,0.0,0.0,0.0,0.0,0.0,0.0,0.0,0.0,0.0,0.0,0.22774871247350686,0.23061325307311983,-0.023492674076977353,-0.022008061557460344
292.0,7.0,0.0,0.0,0.0,0.0,0.0,0.0,0.0,0.0,0.0,0.0,0.0,0.0,0.227709315048802,0.23057369282582887,-0.023513910186930182,-0.022027789654056926
292.0,7.5,0.0,0.0,0.0,0.0,0.0,0.0,0.0,0.0,0.0,0.0,0.0,0.0,0.22767001355676428,0.23053422915548707,-0.023535117379272205,-0.02204749058604455
292,8.0,1.1513005687656783,1.185128502449296,0.04135662760644205,0.5331374020362211,32.62650365905547,36.62063839063599,True,True,0.04187705896738241,0.5648245969022803,0.0,0.0,0.22763080755191523,0.23049486161296096,-0.02355629575636589,-0.022067164449879363
292,8.5,2.3592529963773963,2.432276854134913,0.10856550674195642,0.4062897714792934,31.746875356758196,35.5763639535309,True,True,0.07144519935037345,0.27625545881880786,0.0,0.0,0.2275864264014901,0.23038765056709998,-0.02358029706034111,-0.022120849134043507
292,9.0,4.21632860174139,4.330725601218897,0.2546364875066046,0.4785118854482717,30.595243044649195,33.528495323538614,True,True,0.10472444019517875,0.2024005622997308,0.0,0.0,0.22753357524159057,0.2302966993070563,-0.02360891696083578,-0.02216651395529997
292,9.5,5.447694706273046,5.523355128362683,0.3846500691569802,0.47031838581775237,29.863662882673808,31.158556020516656,True,True,0.12143773467588462,0.15201029788835208,0.0,0.0,0.22746220401835598,0.23019663938041993,-0.023647631536505703,-0.022216881873625836
292,10.0,6.18889136867279,6.204457583914831,0.4719606164328765,0.47452451656311395,29.473700637050705,29.565238635640096,True,True,0.1308120120734825,0.13417578416432194,0.0,0.0,0.22737435853741741,0.2300977179359189,-0.02369538629781671,-0.022266810806133953
292,10.5,7.053290858953401,6.984832898586243,0.5937067850670615,0.5051954048121873,28.995923412991417,27.860410723379097,True,True,0.14018347234288844,0.12213167876605224,0.0,0.0,0.22727548013490279,0.2299983544200057,-0.02374927632579498,-0.022317097514672007
292,11.0,7.893118425246006,7.649307704094783,0.7194334987797099,0.5106481117314491,28.594500537885672,25.71026754817591,False,True,0.14938305958037457,0.1087166995520223,0.0,0.0,0.22716118015594594,0.2298951759237103,-0.023811753391640426,-0.022369458210715492
292,11.5,8.401094263405202,7.981777364587683,0.8180027060079836,0.5195511525610695,28.240713503268367,24.086070523592248,False,False,0.15257500136860086,0.0992619047661375,0.0,0.0,0.22703095092381254,0.2297913956419097,-0.023883176311485534,-0.022422272020822406
292,12.0,9.35799701841835,8.615511411437234,0.9736848974851899,0.5354159961038597,27.886173572074668,22.01390883383172,False,False,0.16334220202922345,0.09199449625132752,0.0,0.0,0.22688825277331803,0.2296865734635575,-0.02396173097186349,-0.02247576693419676
292,12.5,9.335253016934786,8.480344819815866,0.9938002800379058,0.5313398434266811,27.72712758054594,21.354859216502902,False,False,0.16015041386644402,0.08714044893978395,0.0,0.0,0.22672580721859603,0.2295798218042028,-0.02405153149768147,-0.02253040290205271
292,13.0,9.43783848428981,8.525334120408045,1.0118221912939656,0.5316463044077203,27.68890667076373,21.0545151610282,False,False,0.16124569093592978,0.08627552050468194,0.0,0.0,0.2265608894996559,0.22947368138087174,-0.024143109130822127,-0.022584882995798746
292,13.5,9.675893285847543,8.703408112168615,1.0443349402253854,0.5393811788952938,27.654330520859318,20.75741147946203,False,False,0.16470125520516965,0.08659939389969935,0.0,0.0,0.22639376597985963,0.2293675932879921,-0.0242363357715723,-0.022639493146147934
292,14.0,9.051795529865348,8.27892871134764,0.9678052476668816,0.5414717013902507,27.664342247841983,21.425817557115884,False,False,0.15424321506919708,0.08722070576824402,0.0,0.0,0.22622258964060726,0.2292606104880051,-0.024332268190117325,-0.022694723259471253
292,14.5,8.663212839828592,7.960858588510252,0.9237605418160734,0.5239929074306144,27.652664033290222,21.35663644914764,False,False,0.14743730603992491,0.08411717400743306,0.0,0.0,0.22606125565609908,0.22915345184504876,-0.02442309907778623,-0.022750205158238723
292,15.0,8.168121172721158,7.628348439986847,0.8408726175217762,0.5124123697450337,27.82466230831821,22.204965162125873,False,False,0.14161731899690747,0.08653347903070203,0.0,0.0,0.2259056239686064,0.22904861072302218,-0.02451110264954894,-0.022804643621471464
292,15.5,6.519002454681619,6.267079336623807,0.6563786995908434,0.5095638357124598,27.921359618456258,23.761435957506997,False,False,0.11422905409802751,0.0885614132458559,0.0,0.0,0.22576064407506774,0.22894533508475517,-0.02459342316387823,-0.022858421026122934
292,16.0,5.103789489364016,5.039930288012105,0.48476875873974096,0.4799816741086649,28.204870413014334,25.240130029406963,False,False,0.09231382504336627,0.09098430303157024,0.0,0.0,0.22563926351045313,0.2288425117834324,-0.024662597270578422,-0.02291211306537825
292.0,16.5,0.0,0.0,0.0,0.0,0.0,0.0,0.0,0.0,0.0,0.0,0.0,0.0,0.2255398400362978,0.2287435471591324,-0.02471943091714559,-0.02296393215946352
292.0,17.0,0.0,0.0,0.0,0.0,0.0,0.0,0.0,0.0,0.0,0.0,0.0,0.0,0.2255022799588457,0.2287058364791103,-0.02474094206405494,-0.022983714669367883
292.0,17.5,0.0,0.0,0.0,0.0,0.0,0.0,0.0,0.0,0.0,0.0,0.0,0.0,0.22546480745188996,0.2286682139455035,-0.02476242528739695,-0.02300347117590548
292.0,18.0,0.0,0.0,0.0,0.0,0.0,0.0,0.0,0.0,0.0,0.0,0.0,0.0,0.2254274221258454,0.22863067916555627,-0.024783880681781008,-0.02302320176751206
292.0,18.5,0.0,0.0,0.0,0.0,0.0,0.0,0.0,0.0,0.0,0.0,0.0,0.0,0.2253901235936723,0.2285932317490809,-0.024805308341302474,-0.02304290653214248
292.0,19.0,0.0,0.0,0.0,0.0,0.0,0.0,0.0,0.0,0.0,0.0,0.0,0.0,0.22535291147085482,0.2285558713084352,-0.024826708359546208,-0.023062585557274376
292.0,19.5,0.0,0.0,0.0,0.0,0.0,0.0,0.0,0.0,0.0,0.0,0.0,0.0,0.2253157853753792,0.22851859745850103,-0.024848080829590637,-0.023082238929911583
292.0,20.0,0.0,0.0,0.0,0.0,0.0,0.0,0.0,0.0,0.0,0.0,0.0,0.0,0.2252787449277122,0.22848140981666265,-0.024869425844011438,-0.023101866736587588
292.0,20.5,0.0,0.0,0.0,0.0,0.0,0.0,0.0,0.0,0.0,0.0,0.0,0.0,0.22524178975078027,0.2284443080027851,-0.02489074349488512,-0.02312146906336927
292.0,21.0,0.0,0.0,0.0,0.0,0.0,0.0,0.0,0.0,0.0,0.0,0.0,0.0,0.22520491946994828,0.22840729163919343,-0.024912033873792847,-0.02314104599585996
292.0,21.5,0.0,0.0,0.0,0.0,0.0,0.0,0.0,0.0,0.0,0.0,0.0,0.0,0.2251681337129989,0.2283703603506514,-0.024933297071824054,-0.023160597619203277
292.0,22.0,0.0,0.0,0.0,0.0,0.0,0.0,0.0,0.0,0.0,0.0,0.0,0.0,0.22513143211011202,0.22833351376434113,-0.024954533179580175,-0.023180124018086157
292.0,22.5,0.0,0.0,0.0,0.0,0.0,0.0,0.0,0.0,0.0,0.0,0.0,0.0,0.2250948142938446,0.2282967515098424,-0.02497574228717795,-0.023199625276742342
292.0,23.0,0.0,0.0,0.0,0.0,0.0,0.0,0.0,0.0,0.0,0.0,0.0,0.0,0.22505827989911031,0.2282600732191125,-0.024996924484253263,-0.023219101478955752
292.0,23.5,0.0,0.0,0.0,0.0,0.0,0.0,0.0,0.0,0.0,0.0,0.0,0.0,0.2250218285631599,0.22822347852646602,-0.02501807985996454,-0.023238552708063676
292.0,24.0,0.0,0.0,0.0,0.0,0.0,0.0,0.0,0.0,0.0,0.0,0.0,0.0,0.2249854599255613,0.22818696706855535,-0.02503920850299619,-0.02325797904695996
293.0,0.5,0.0,0.0,0.0,0.0,0.0,0.0,0.0,0.0,0.0,0.0,0.0,0.0,0.22494917362818023,0.22815053848435043,-0.02506031050156226,-0.02327738057809855
293.0,1.0,0.0,0.0,0.0,0.0,0.0,0.0,0.0,0.0,0.0,0.0,0.0,0.0,0.2249129693151611,0.22811419241512002,-0.02508138594340952,-0.0232967573834963
293.0,1.5,0.0,0.0,0.0,0.0,0.0,0.0,0.0,0.0,0.0,0.0,0.0,0.0,0.22487684663290777,0.22807792850441203,-0.025102434915821092,-0.02331610954473631
293.0,2.0,0.0,0.0,0.0,0.0,0.0,0.0,0.0,0.0,0.0,0.0,0.0,0.0,0.22484080523006456,0.22804174639803454,-0.02512345750561988,-0.023335437142971156
293.0,2.5,0.0,0.0,0.0,0.0,0.0,0.0,0.0,0.0,0.0,0.0,0.0,0.0,0.2248048447574978,0.22800564574403706,-0.025144453799171674,-0.023354740258925845
293.0,3.0,0.0,0.0,0.0,0.0,0.0,0.0,0.0,0.0,0.0,0.0,0.0,0.0,0.22476896486827724,0.22796962619269184,-0.025165423882388557,-0.023374018972900937
293.0,3.5,0.0,0.0,0.0,0.0,0.0,0.0,0.0,0.0,0.0,0.0,0.0,0.0,0.22473316521765782,0.22793368739647543,-0.025186367840732176,-0.02339327336477566
293.0,4.0,0.0,0.0,0.0,0.0,0.0,0.0,0.0,0.0,0.0,0.0,0.0,0.0,0.22469744546306145,0.22789782901005037,-0.02520728575921698,-0.02341250351401089
293.0,4.5,0.0,0.0,0.0,0.0,0.0,0.0,0.0,0.0,0.0,0.0,0.0,0.0,0.22466180526405918,0.22786205069024723,-0.025228177722413453,-0.02343170949965208
293.0,5.0,0.0,0.0,0.0,0.0,0.0,0.0,0.0,0.0,0.0,0.0,0.0,0.0,0.2246262442823534,0.22782635209604662,-0.025249043814451196,-0.023450891400332297
293.0,5.5,0.0,0.0,0.0,0.0,0.0,0.0,0.0,0.0,0.0,0.0,0.0,0.0,0.22459076218176038,0.22779073288856144,-0.02526988411902217,-0.023470049294275288
293.0,6.0,0.0,0.0,0.0,0.0,0.0,0.0,0.0,0.0,0.0,0.0,0.0,0.0,0.22455535862819276,0.2277551927310195,-0.025290698719383834,-0.02348918325929813
293.0,6.5,0.0,0.0,0.0,0.0,0.0,0.0,0.0,0.0,0.0,0.0,0.0,0.0,0.2245200332896425,0.2277197312887461,-0.025311487698362087,-0.023508293372814307
293.0,7.0,0.0,0.0,0.0,0.0,0.0,0.0,0.0,0.0,0.0,0.0,0.0,0.0,0.2244847858361637,0.22768434822914668,-0.02533225113835452,-0.02352737971183662
293.0,7.5,0.0,0.0,0.0,0.0,0.0,0.0,0.0,0.0,0.0,0.0,0.0,0.0,0.22444961593985588,0.22764904322169027,-0.025352989121333373,-0.023546442352979775
293,8.0,1.7885243077346997,1.8243943067834527,0.049111694642343544,0.38819837630279513,16.752368961819432,18.26161798101406,True,True,0.08140130343018166,0.7086148442476036,0.0,0.0,0.2244145232748472,0.2276138159378922,-0.025373701728848497,-0.0235654813724634
293,8.5,0.7859847549603705,0.8032396794090534,0.02192344056280757,0.12989248970032713,16.768316089370156,18.196574758179864,True,True,0.03610204070766343,0.22766949236698436,0.0,0.0,0.2243732490771476,0.2275291968502347,-0.025398088645658463,-0.023611289798240953
293,9.0,3.270807283880273,3.3381824245284166,0.0937487640223134,0.44552496257541163,33.486307949683756,36.22728752192709,True,True,0.14808378800343022,0.7829848047185284,0.0,0.0,0.2243355161400189,0.22747757147440864,-0.025420407642372703,-0.023639289234128863
293,9.5,4.015583633968356,4.092096224752317,0.12035431687258137,0.3984480396592453,33.36071461288725,35.92214753217162,True,True,0.17552897585922383,0.637946526328812,0.0,0.0,0.22428870656742453,0.2273858009231637,-0.025448127945620617,-0.02368915945762317
293,10.0,5.270420894017308,5.353637827489175,0.17348414522185174,0.38887986517267176,33.025857937260994,35.252274447263105,True,False,0.21096876965028127,0.5034805514392643,0.0,0.0,0.22423858252284734,0.2273001059452709,-0.025477850997609092,-0.023735841292202214
293,10.5,5.901587288259959,6.010384493667443,0.22281002208578488,0.4669128222444786,32.59160411899725,34.92281954486492,True,True,0.21296317148539434,0.47515525337262415,0.0,0.0,0.22418176362796022,0.2272157063778762,-0.025511594062220994,-0.02378192463058486
293,11.0,6.501230909082006,6.604640831907231,0.2907794240353305,0.4449981995125005,32.01896578255635,33.849701495834374,True,True,0.20763106179012514,0.3393683908194641,0.0,0.0,0.2241187343168623,0.227121438648077,-0.02554908762396987,-0.02383352221026815
293,11.5,6.243493429868369,6.33669562966387,0.27958881964693627,0.43400834209640343,31.89815760386505,33.74143732526893,True,True,0.1946780012746893,0.3128188666314652,0.0,0.0,0.22404711848106523,0.22703003903992122,-0.025591768667207988,-0.023883677324276927
293,12.0,2.58198472504817,2.6307938194038694,0.11023290584521765,0.19269715767024417,16.053744156555684,17.11198928368379,True,True,0.08395335456433702,0.15322240784911767,0.0,0.0,0.22397700339058493,0.22694011506741696,-0.025633637634241722,-0.02393314546362815
293,12.5,2.4218694144837105,2.458567988316874,0.09637068446219933,0.17991631941473044,16.14156133287202,17.223318125763615,False,False,0.0816793734097571,0.15585762792927266,0.0,0.0,0.22392854418329453,0.22688101690841106,-0.025662622570489815,-0.023965722475674214
293,13.0,2.3909276915032294,2.4219742677543508,0.096841041330726,0.15927925037409651,16.10861873660664,17.036491454897824,False,False,0.07952503721961121,0.13356851057578695,0.0,0.0,0.22388192555811684,0.22682362199503175,-0.025690543458552446,-0.023997411181311993
293,13.5,6.626089709880915,6.713253797773971,0.2960315089956855,0.45166069237123324,31.920094159569715,33.65739291488602,False,False,0.20749990741660024,0.33042011012644396,0.0,0.0,0.22383532077004745,0.22676893116162772,-0.02571849224505707,-0.024027653379405368
293,14.0,6.371597088600343,6.439312993943482,0.30140989826764175,0.4470899701840777,31.617670070334746,33.256116111782134,False,False,0.18831904652044013,0.2848503228182606,0.0,0.0,0.2237634060587334,0.22667705528172544,-0.025761690450586728,-0.024078559944257234
293,14.5,6.4079472991128785,6.464904785182837,0.3182170322129039,0.4233345447281107,31.43496785481651,32.69576264251709,False,False,0.18317555275498798,0.24948070559702784,0.0,0.0,0.22369087913656616,0.22658583549392278,-0.02580534398967993,-0.024129230164154594
293,15.0,1.4683161696004097,1.4826723043970036,0.07165243649038217,0.09371445033290313,15.741626519789191,16.382452006371405,False,False,0.042340186525941355,0.05570476788389194,0.0,0.0,0.22628307049545127,0.22916448435167963,-0.02429832128416638,-0.022744485568417322
293.0,15.5,0.0,0.0,0.0,0.0,0.0,0.0,0.0,0.0,0.0,0.0,0.0,0.0,0.22623448645206004,0.22911294249924552,-0.024325586243949125,-0.022771221149382636
293.0,16.0,0.0,0.0,0.0,0.0,0.0,0.0,0.0,0.0,0.0,0.0,0.0,0.0,0.22619514292306006,0.22907345327717013,-0.02434769221875229,-0.02279173017529289
293.0,16.5,0.0,0.0,0.0,0.0,0.0,0.0,0.0,0.0,0.0,0.0,0.0,0.0,0.22615590832788326,0.22903407367471826,-0.024369760826976075,-0.02281220418996021
293.0,17.0,0.0,0.0,0.0,0.0,0.0,0.0,0.0,0.0,0.0,0.0,0.0,0.0,0.22611678196362703,0.22899480298282748,-0.024391792296051224,-0.022832643406908795
293.0,17.5,0.0,0.0,0.0,0.0,0.0,0.0,0.0,0.0,0.0,0.0,0.0,0.0,0.2260777631352382,0.22895564050037587,-0.0244137868507807,-0.02285304803719066
293.0,18.0,0.0,0.0,0.0,0.0,0.0,0.0,0.0,0.0,0.0,0.0,0.0,0.0,0.22603885115538844,0.22891658553405506,-0.024435744713382418,-0.022873418289425844
293.0,18.5,0.0,0.0,0.0,0.0,0.0,0.0,0.0,0.0,0.0,0.0,0.0,0.0,0.22600004534435125,0.22887763739824635,-0.024457666103531197,-0.022893754369841885
293.0,19.0,0.0,0.0,0.0,0.0,0.0,0.0,0.0,0.0,0.0,0.0,0.0,0.0,0.22596134502988283,0.22883879541489885,-0.024479551238399382,-0.022914056482312394
293.0,19.5,0.0,0.0,0.0,0.0,0.0,0.0,0.0,0.0,0.0,0.0,0.0,0.0,0.22592274954710384,0.2288000589134104,-0.024501400332697352,-0.02293432482839498
293.0,20.0,0.0,0.0,0.0,0.0,0.0,0.0,0.0,0.0,0.0,0.0,0.0,0.0,0.22588425823838468,0.22876142723051057,-0.02452321359871262,-0.02295455960736836
293.0,20.5,0.0,0.0,0.0,0.0,0.0,0.0,0.0,0.0,0.0,0.0,0.0,0.0,0.22584587045323237,0.22872289971014642,-0.024544991246348503,-0.022974761016268577
293.0,21.0,0.0,0.0,0.0,0.0,0.0,0.0,0.0,0.0,0.0,0.0,0.0,0.0,0.22580758554818,0.2286844757033699,-0.02456673348316187,-0.022994929249924963
293.0,21.5,0.0,0.0,0.0,0.0,0.0,0.0,0.0,0.0,0.0,0.0,0.0,0.0,0.22576940288667835,0.22864615456822804,-0.024588440514400088,-0.023015064500994768
293.0,22.0,0.0,0.0,0.0,0.0,0.0,0.0,0.0,0.0,0.0,0.0,0.0,0.0,0.22573132183898934,0.22860793566965526,-0.024610112543037545,-0.02303516695999751
293.0,22.5,0.0,0.0,0.0,0.0,0.0,0.0,0.0,0.0,0.0,0.0,0.0,0.0,0.22569334178208186,0.22856981837936735,-0.02463174976981115,-0.02305523681534862
293.0,23.0,0.0,0.0,0.0,0.0,0.0,0.0,0.0,0.0,0.0,0.0,0.0,0.0,0.22565546209952947,0.22853180207575782,-0.024653352393255272,-0.023075274253392362
293.0,23.5,0.0,0.0,0.0,0.0,0.0,0.0,0.0,0.0,0.0,0.0,0.0,0.0,0.22561768218141035,0.22849388614379657,-0.024674920609735865,-0.023095279458433947
293.0,24.0,0.0,0.0,0.0,0.0,0.0,0.0,0.0,0.0,0.0,0.0,0.0,0.0,0.22558000142420873,0.22845606997492962,-0.024696454613484246,-0.023115252612771475
294.0,0.5,0.0,0.0,0.0,0.0,0.0,0.0,0.0,0.0,0.0,0.0,0.0,0.0,0.22554241923071858,0.22841835296698207,-0.024717954596629888,-0.02313519389672667
294.0,1.0,0.0,0.0,0.0,0.0,0.0,0.0,0.0,0.0,0.0,0.0,0.0,0.0,0.22550493500994911,0.22838073452406157,-0.024739420749232705,-0.023155103488675575
294.0,1.5,0.0,0.0,0.0,0.0,0.0,0.0,0.0,0.0,0.0,0.0,0.0,0.0,0.22813383857647918,0.23100948466804402,-0.02328628124244903,-0.021811623700395553
294.0,2.0,0.0,0.0,0.0,0.0,0.0,0.0,0.0,0.0,0.0,0.0,0.0,0.0,0.22809058015083872,0.23096607369261365,-0.023309355844995952,-0.02183304316055105
294.0,2.5,0.0,0.0,0.0,0.0,0.0,0.0,0.0,0.0,0.0,0.0,0.0,0.0,0.22804746470741447,0.2309228065617478,-0.023332381291971536,-0.021854416588232593
294.0,3.0,0.0,0.0,0.0,0.0,0.0,0.0,0.0,0.0,0.0,0.0,0.0,0.0,0.22800449105825543,0.23087968207728546,-0.023355357986415214,-0.021875744361548426
294.0,3.5,0.0,0.0,0.0,0.0,0.0,0.0,0.0,0.0,0.0,0.0,0.0,0.0,0.22796165803234544,0.23083669905819468,-0.023378286325487017,-0.02189702685307751
294.0,4.0,0.0,0.0,0.0,0.0,0.0,0.0,0.0,0.0,0.0,0.0,0.0,0.0,0.2279189644752709,0.23079385634023586,-0.02340116670058262,-0.021918264429977814
294.0,4.5,0.0,0.0,0.0,0.0,0.0,0.0,0.0,0.0,0.0,0.0,0.0,0.0,0.22787640924889685,0.2307511527756328,-0.023423999497445783,-0.021939457454092468
294.0,5.0,0.0,0.0,0.0,0.0,0.0,0.0,0.0,0.0,0.0,0.0,0.0,0.0,0.23582755353625878,0.23870207566174073,-0.019582479927734018,-0.018381779876626557
294.0,5.5,0.0,0.0,0.0,0.0,0.0,0.0,0.0,0.0,0.0,0.0,0.0,0.0,0.24108525704900788,0.24395949411674075,-0.017452367644284022,-0.016404864092405002
294.0,6.0,0.0,0.0,0.0,0.0,0.0,0.0,0.0,0.0,0.0,0.0,0.0,0.0,0.243658458586437,0.24653237621484167,-0.016510994206430443,-0.015530186784015283
294.0,6.5,0.0,0.0,0.0,0.0,0.0,0.0,0.0,0.0,0.0,0.0,0.0,0.0,0.2568262835750321,0.259699612597719,-0.01254273942151209,-0.011834695179852455
294.0,7.0,0.0,0.0,0.0,0.0,0.0,0.0,0.0,0.0,0.0,0.0,0.0,0.0,0.25663706475310644,0.25950982975004344,-0.012591113227672937,-0.011879966966766464
294.0,7.5,0.0,0.0,0.0,0.0,0.0,0.0,0.0,0.0,0.0,0.0,0.0,0.0,0.2564520786322233,0.2593243021215356,-0.012638619976481372,-0.0119244232812379
294.0,8.0,0.0,0.0,0.0,0.0,0.0,0.0,0.0,0.0,0.0,0.0,0.0,0.0,0.256271091897612,0.2591427945606583,-0.012685306463481507,-0.011968108251913624
294.0,8.5,0.0,0.0,0.0,0.0,0.0,0.0,0.0,0.0,0.0,0.0,0.0008793695678057916,0.003676156959021407,0.25609389006036526,0.25896509093720055,-0.01273121582767035,-0.012011062549446097
294,9.0,1.2115574891184977,1.2364045189939583,0.03358954094718811,0.14521019852027603,16.75633776329412,18.083095800569687,True,True,0.05526725846968291,0.2514399107880344,0.011560455356915255,0.04832757064883998,0.2559201634418386,0.25879052369919664,-0.012776417138827703,-0.012053437691212539
294,9.5,1.3905413480187963,1.4204164355820117,0.040660875431992226,0.16407551213182595,16.694203704084384,18.044896542423878,True,True,0.06124933924179735,0.2633145765892565,0.017448387377927768,0.07292904107258504,0.2557442001175122,0.2585951829376445,-0.012822395468024014,-0.012101066845198747
294,10.0,3.940090445959995,4.017078664797366,0.12078700041697783,0.4376240110926942,33.20961334306999,35.93191941369399,True,True,0.16536322499090894,0.6362513021844468,0.033287038235506855,0.13915770994997742,0.2555698213900476,0.25839755417132754,-0.012868154368965573,-0.012149482249691531
294,10.5,4.317711874791179,4.413759971632716,0.15338350737842182,0.4341448811828076,32.80715736530635,35.52460492139626,True,True,0.16381789907553068,0.4980223968420341,0.05958652916903998,0.24970341252774556,0.2553862931912333,0.25815972022168054,-0.012916524500022543,-0.012208053532428795
294,11.0,4.474749379412876,4.567831193330784,0.1697971785121302,0.45209009424144736,32.47985106529152,35.261168482581084,True,True,0.15748247386072217,0.4376477218717373,0.03607478793312504,0.15233892882257283,0.25519819403705724,0.2579111898128961,-0.01296632430158616,-0.012269618863149865
294,11.5,4.567521779276055,4.658777701757408,0.18181400600023187,0.4250227622900176,32.30244382691026,34.96258535318344,True,True,0.15467670119759236,0.37574568034119143,0.034873578415382744,0.14874248649620012,0.2550137986270173,0.2576755913636151,-0.013015365736696403,-0.012328322559541227
294,12.0,5.084787354871045,5.193788968081005,0.2260100958435865,0.4639459817875377,31.921666439521406,34.51437351589378,True,True,0.1592824139378511,0.34197793094101775,0.04788960642570604,0.20703618089856982,0.25483069830011407,0.2574465851518094,-0.013064281567379814,-0.012385704682425475
294,12.5,5.027279585448941,5.119498390977421,0.23118233246027736,0.4611101471539371,15.866720877115856,17.160577676238585,False,False,0.15185266133916497,0.3183992392800395,0.028186966625273095,0.12436584149252666,0.254642863175809,0.25720775680771346,-0.013114690099037901,-0.012445887261670351
294,13.0,5.476190073518892,5.572006762408817,0.262825567937763,0.4410858327799015,31.60041007639935,33.7619222727413,True,True,0.16133700553324332,0.2820576659278774,0.04051528848185769,0.18287218026067412,0.2544593258560428,0.25698228082802727,-0.01316416925279549,-0.012503025170020214
294,13.5,5.538373423457884,5.618755555322384,0.30858811441452705,0.4552414010583827,30.91186516440088,32.7745561292753,False,False,0.14471522616180238,0.2174747029892708,0.030953939709857783,0.14414839798805715,0.2542725285728234,0.256754253739861,-0.013214755799227743,-0.012561127707206864
294,14.0,5.811290988073167,5.8756861566747824,0.3403782451800093,0.4489366533577533,30.684069637511914,32.13134716466848,False,False,0.14636982192369227,0.19687289805235914,0.028851791670084444,0.1401828305153783,0.25408336528853426,0.2565316134148029,-0.013266219291639248,-0.012618168324299739
294,14.5,5.190676387755312,5.246836975037795,0.3079822839898849,0.44334355634141925,30.575530733372194,32.36319416156484,False,False,0.12852953925777283,0.18643573670573393,0.014105205961410638,0.07231443869271191,0.25389257570342355,0.256312447021146,-0.013318367299324849,-0.01267462060375175
294,15.0,4.825765762984661,4.88886963223951,0.2683800226994607,0.4627549791688052,30.845732447621856,32.94735652318968,False,False,0.12474010820002127,0.2180886701078811,0.01132116640915193,0.0611225009156181,0.253709865715726,0.2561047218838064,-0.013368536028718986,-0.012728403849716135
294,15.5,4.0180534102189345,4.0746855832391695,0.22426139528745692,0.42403073711554906,30.810766442460015,32.95483694567993,False,False,0.1032749705921756,0.1973526686244664,0.00846473201376841,0.047845228681527296,0.2535345494331903,0.2558979489434072,-0.013416886404184994,-0.012782210828331484
294,16.0,3.3832925288285547,3.4355451459920503,0.18720449362621938,0.4194093280068759,15.407705079604122,17.057544945950642,False,False,0.08702517476027506,0.1962012858283241,0.006064659065411238,0.035677060827490115,0.25336713647735126,0.25569972679196284,-0.013463251721471718,-0.01283404731625642
294.0,16.5,0.0,0.0,0.0,0.0,0.0,0.0,0.0,0.0,0.0,0.0,0.0,0.0,0.25320659796367523,0.2555054970704859,-0.013507892564369926,-0.01288508288494263
294.0,17.0,0.0,0.0,0.0,0.0,0.0,0.0,0.0,0.0,0.0,0.0,0.0,0.0,0.2530724677582779,0.2553710459728727,-0.01354532534676721,-0.012920552748121006
294.0,17.5,0.0,0.0,0.0,0.0,0.0,0.0,0.0,0.0,0.0,0.0,0.0,0.0,0.2529400538818209,0.25523831710306044,-0.01358240043459324,-0.012955682435182877
294.0,18.0,0.0,0.0,0.0,0.0,0.0,0.0,0.0,0.0,0.0,0.0,0.0,0.0,0.252809296613882,0.25510725044718036,-0.01361913039174263,-0.012990483909686639
294.0,18.5,0.0,0.0,0.0,0.0,0.0,0.0,0.0,0.0,0.0,0.0,0.0,0.0,0.2526801394253204,0.2549777892037674,-0.013655527123068731,-0.01302496850642071
294.0,19.0,0.0,0.0,0.0,0.0,0.0,0.0,0.0,0.0,0.0,0.0,0.0,0.0,0.25255252875803896,0.25484987956170124,-0.013691601918663603,-0.013059146973729669
294.0,19.5,0.0,0.0,0.0,0.0,0.0,0.0,0.0,0.0,0.0,0.0,0.0,0.0,0.2524264138232688,0.25472347049685196,-0.013727365494500345,-0.013093029512357222
294.0,20.0,0.0,0.0,0.0,0.0,0.0,0.0,0.0,0.0,0.0,0.0,0.0,0.0,0.2523017464165432,0.25459851358557717,-0.013762828029790845,-0.013126625811144276
294.0,20.5,0.0,0.0,0.0,0.0,0.0,0.0,0.0,0.0,0.0,0.0,0.0,0.0,0.25217848074773436,0.25447496283342536,-0.013797999201372892,-0.013159945079883653
294.0,21.0,0.0,0.0,0.0,0.0,0.0,0.0,0.0,0.0,0.0,0.0,0.0,0.0,0.25205657328471004,0.25435277451758587,-0.013832888215405813,-0.013192996079598736
294.0,21.5,0.0,0.0,0.0,0.0,0.0,0.0,0.0,0.0,0.0,0.0,0.0,0.0,0.25193598260932326,0.25423190704178616,-0.013867503836623931,-0.013225787150485372
294.0,22.0,0.0,0.0,0.0,0.0,0.0,0.0,0.0,0.0,0.0,0.0,0.0,0.0,0.25181666928459034,0.25411232080247903,-0.013901854415370236,-0.01325832623772969
294.0,22.5,0.0,0.0,0.0,0.0,0.0,0.0,0.0,0.0,0.0,0.0,0.0,0.0,0.25169859573203285,0.25399397806528373,-0.013935947912609627,-0.013290620915393361
294.0,23.0,0.0,0.0,0.0,0.0,0.0,0.0,0.0,0.0,0.0,0.0,0.0,0.0,0.2515817261182682,0.25387684285075657,-0.013969791923099958,-0.013322678408537045
294.0,23.5,0.0,0.0,0.0,0.0,0.0,0.0,0.0,0.0,0.0,0.0,0.0,0.0,0.25146602625002556,0.2537608808286608,-0.014003393696881987,-0.013354505613735796
294.0,24.0,0.0,0.0,0.0,0.0,0.0,0.0,0.0,0.0,0.0,0.0,0.0,0.0,0.25135146347685233,0.2536460592199914,-0.014036760159231727,-0.01338610911812453
295.0,0.5,0.0,0.0,0.0,0.0,0.0,0.0,0.0,0.0,0.0,0.0,0.0,0.0,0.25123800660084517,0.2535323467060839,-0.014069897929205943,-0.013417495217098356
295.0,1.0,0.0,0.0,0.0,0.0,0.0,0.0,0.0,0.0,0.0,0.0,0.0,0.0,0.2511256257928096,0.25341971334420454,-0.014102813336897667,-0.013448669930779873
295.0,1.5,0.0,0.0,0.0,0.0,0.0,0.0,0.0,0.0,0.0,0.0,0.0,0.0,0.2510142925143085,0.2533081304890772,-0.014135512439508176,-0.01347963901935519
295.0,2.0,0.0,0.0,0.0,0.0,0.0,0.0,0.0,0.0,0.0,0.0,0.0,0.0,0.2509039794451118,0.2531975707198552,-0.014168001036331179,-0.013510407997370345
295.0,2.5,0.0,0.0,0.0,0.0,0.0,0.0,0.0,0.0,0.0,0.0,0.0,0.0,0.25079466041560716,0.25308800777209317,-0.014200284682736484,-0.013540982147071742
295.0,3.0,0.0,0.0,0.0,0.0,0.0,0.0,0.0,0.0,0.0,0.0,0.0,0.0,0.2506863103437725,0.25297941647431554,-0.014232368703231729,-0.013571366530865873
295.0,3.5,0.0,0.0,0.0,0.0,0.0,0.0,0.0,0.0,0.0,0.0,0.0,0.0,0.2505789051763456,0.2528717726888162,-0.014264258203674801,-0.013601566002967226
295.0,4.0,0.0,0.0,0.0,0.0,0.0,0.0,0.0,0.0,0.0,0.0,0.0,0.0,0.25047242183386526,0.2527650532563566,-0.01429595808270118,-0.013631585220296956
295.0,4.5,0.0,0.0,0.0,0.0,0.0,0.0,0.0,0.0,0.0,0.0,0.0,0.0,0.2503668381592797,0.2526592359444603,-0.014327473042426948,-0.01366142865268897
295.0,5.0,0.0,0.0,0.0,0.0,0.0,0.0,0.0,0.0,0.0,0.0,0.0,0.0,0.25026213286985355,0.25255429939902857,-0.014358807598480709,-0.013691100592455896
295.0,5.5,0.0,0.0,0.0,0.0,0.0,0.0,0.0,0.0,0.0,0.0,0.0,0.0,0.2501582855121214,0.25245022309902543,-0.014389966089414986,-0.013720605163361911
295.0,6.0,0.0,0.0,0.0,0.0,0.0,0.0,0.0,0.0,0.0,0.0,0.0,0.0,0.25005527641966185,0.2523469873140039,-0.014420952685541878,-0.013749946329046142
295.0,6.5,0.0,0.0,0.0,0.0,0.0,0.0,0.0,0.0,0.0,0.0,0.0,0.0,0.24995308667348468,0.25224457306426296,-0.014451771397234676,-0.013779127900936234
295.0,7.0,0.0,0.0,0.0,0.0,0.0,0.0,0.0,0.0,0.0,0.0,0.0,0.0,0.2498516980648392,0.2521429620834435,-0.014482426082733842,-0.013808153545688689
295.0,7.5,0.0,0.0,0.0,0.0,0.0,0.0,0.0,0.0,0.0,0.0,0.0,0.0,0.24975109306027113,0.2520421367833881,-0.014512920455492021,-0.013837026792189172
295.0,8.0,0.0,0.0,0.0,0.0,0.0,0.0,0.0,0.0,0.0,0.0,0.0008022979708780306,0.0048772329348784685,0.2496512547687682,0.2519420802211034,-0.014543258091090017,-0.013865751038143456
295,8.5,0.9211511655033006,0.9424477081669467,0.028929683132461893,0.11941734055327391,16.555839152211256,18.011207896438574,True,True,0.03768642702584161,0.16181120427651452,0.006090410087105384,0.037024009185018046,0.24955206467177915,0.2518421545482896,-0.014573473616550394,-0.013894508642824675
295,9.0,3.506623727004108,3.586135993149189,0.12467990520075165,0.4407633768190626,32.681580256040306,35.714260554695315,True,True,0.12917562395609472,0.4768869903306754,0.015577819907936902,0.09495473535161333,0.2494492488422876,0.2517236513023976,-0.014604872603243375,-0.013928704848288677
295,9.5,3.938292554826971,4.028308442873502,0.16032311574988337,0.4187147278042554,32.19840836049808,35.12071141885514,True,True,0.13047851547766648,0.3520881401424381,0.018138009036935035,0.11231989126512171,0.2493337418824982,0.25155753723946894,-0.014640243534222898,-0.013976808953190194
295,10.0,4.512286794141308,4.616527702478468,0.20785680216396527,0.4275289852392176,31.77993043300118,34.449597794083644,True,True,0.13751075266021429,0.29538132445940996,0.02893607387905136,0.18452492692890912,0.24921407153852654,0.2513927268294199,-0.014676997095103011,-0.014024731284550373
295,10.5,5.061592433909695,5.166586882222499,0.26483493339045355,0.4470082884643891,31.220718579289034,33.52656512065215,True,True,0.13932517100371655,0.24202567836572433,0.02708380025507235,0.18117170726401338,0.24908765869024393,0.2512182845784616,-0.014715940901865674,-0.014075667718594522
295,11.0,5.385027351105107,5.475991584092457,0.30022562531959623,0.4253542462690803,30.97310395481525,32.74885298262841,True,True,0.14213808776936765,0.2079714662484292,0.031188939220614862,0.22462434187704022,0.24895489824714248,0.2510424663438586,-0.014756972824568356,-0.014127229124713845
295,11.5,6.115250154841785,6.173680555950352,0.3863862679410076,0.4468690957487245,30.44128760315371,31.377229223987552,True,True,0.14832415952074623,0.1779296189572639,0.037028036406071885,0.2952388159202139,0.24881776882057854,0.2508645360584207,-0.014799498256333523,-0.014179639201204196
295,12.0,6.637921013909709,6.639505916888157,0.47602200541107437,0.4691912958268239,29.84720189529424,29.860407994763392,True,True,0.1476292350600081,0.1507645893617026,0.03566978565074957,0.33579485017802824,0.24866956696399237,0.2506755185185387,-0.014845621656408568,-0.014235569045811131
295,12.5,6.829672911041676,6.805853344593444,0.5033656555373308,0.47259191968861763,29.67641758920555,29.30687603980364,False,True,0.1483517206315805,0.143142144972092,0.022971066377284563,0.286245796697647,0.2485107547073144,0.2504791289310271,-0.01489523746047463,-0.014293958917919037
295,13.0,6.773304990174053,6.763881108289484,0.4908793421057535,0.47463574915709683,29.74087119710434,29.565167314709203,False,False,0.1484336561672487,0.147027852889375,0.012160668972767845,0.24077956860651947,0.24835070334676232,0.2502892489295637,-0.014945440403433109,-0.01435068490158432
295,13.5,6.780503060088875,6.757015276370596,0.4903429842227873,0.4611815522786646,29.749778277580646,29.345539298464605,False,False,0.1487739465586151,0.14324755503230044,0.004534595429039162,0.2357105197759205,0.24819423637001645,0.2501055195759545,-0.014994714039972944,-0.01440582891038315
295,14.0,6.459091029584483,6.461111630455064,0.4519666441205917,0.4601828381051408,29.855424241875077,29.86443949248114,False,False,0.14381732760295093,0.1483748002644486,0.0,0.140490445137973,0.24803941401982837,0.2499247567182146,-0.015043660391743001,-0.01446032912487718
295,14.5,5.940849659020274,5.979622316900857,0.3747892259798291,0.4428081393328025,30.348393756564413,31.1261198799399,False,False,0.14208174549802893,0.17038649545180445,0.0,0.12914032675840226,0.24789065359306878,0.24975685048563906,-0.015090869726833317,-0.014511173260358586
295,15.0,5.856991411753541,5.883053547902288,0.3683686128374635,0.4122631420653347,30.345299461373592,30.82946789001008,False,False,0.14001105307282355,0.1585585043184851,0.0,0.10752407342758988,0.24775231129841488,0.24959318944130537,-0.015134931338475016,-0.014560937022345634
295,15.5,5.3235159011052335,5.3640494636012965,0.3439936108919211,0.43422664309626874,30.18561633718712,31.05446198538363,False,False,0.12427627282783017,0.15781590058317102,0.0,0.06596655733553386,0.24761536025736083,0.24943674998742563,-0.01517870089945025,-0.014608695128221617
295,16.0,3.430751977938703,3.480472779013456,0.20289164469349436,0.39321313857479645,15.274700285564316,16.777273754747004,False,False,0.08460684597702206,0.1641798140303236,0.0,0.020281183120270982,0.24748207861579008,0.24928337213333387,-0.01522144260397047,-0.01465569988206908
295.0,16.5,0.0,0.0,0.0,0.0,0.0,0.0,0.0,0.0,0.0,0.0,0.0,0.0,0.24736733168119077,0.2491415976797729,-0.015258355382870433,-0.01469930896209002
295.0,17.0,0.0,0.0,0.0,0.0,0.0,0.0,0.0,0.0,0.0,0.0,0.0,0.0,0.24727898423456846,0.24905306180769352,-0.015286848433886441,-0.014726620559265463
295.0,17.5,0.0,0.0,0.0,0.0,0.0,0.0,0.0,0.0,0.0,0.0,0.0,0.0,0.247191172251702,0.24896506278440833,-0.015315231633550905,-0.014753826482965948
295.0,18.0,0.0,0.0,0.0,0.0,0.0,0.0,0.0,0.0,0.0,0.0,0.0,0.0,0.24710388701873692,0.2488775918745434,-0.0153435068210872,-0.01478092850047057
295.0,18.5,0.0,0.0,0.0,0.0,0.0,0.0,0.0,0.0,0.0,0.0,0.0,0.0,0.24701712007403515,0.24879064059573083,-0.015371675780084183,-0.014807928325563137
295.0,19.0,0.0,0.0,0.0,0.0,0.0,0.0,0.0,0.0,0.0,0.0,0.0,0.0,0.2469308631982977,0.24870420070868912,-0.015399740240667693,-0.014834827620623228
295.0,19.5,0.0,0.0,0.0,0.0,0.0,0.0,0.0,0.0,0.0,0.0,0.0,0.0,0.24684510840515753,0.2486182642077775,-0.015427701881570931,-0.014861627998619325
295.0,20.0,0.0,0.0,0.0,0.0,0.0,0.0,0.0,0.0,0.0,0.0,0.0,0.0,0.24675984793221697,0.24853282331199622,-0.01545556233210866,-0.014888331025009662
295.0,20.5,0.0,0.0,0.0,0.0,0.0,0.0,0.0,0.0,0.0,0.0,0.0,0.0,0.24667507423250415,0.2484478704564082,-0.015483323174061255,-0.014914938219555869
295.0,21.0,0.0,0.0,0.0,0.0,0.0,0.0,0.0,0.0,0.0,0.0,0.0,0.0,0.24659077996632633,0.2483633982839603,-0.015510985943472664,-0.014941451058053645
295.0,21.5,0.0,0.0,0.0,0.0,0.0,0.0,0.0,0.0,0.0,0.0,0.0,0.0,0.24650695799349837,0.24827939963768067,-0.015538552132367317,-0.014967870973985485
295.0,22.0,0.0,0.0,0.0,0.0,0.0,0.0,0.0,0.0,0.0,0.0,0.0,0.0,0.2464236013659259,0.24819586755323272,-0.015566023190390082,-0.014994199360099226
295.0,22.5,0.0,0.0,0.0,0.0,0.0,0.0,0.0,0.0,0.0,0.0,0.0,0.0,0.24634070332052402,0.24811279525180735,-0.015593400526373445,-0.015020437569916134
295.0,23.0,0.0,0.0,0.0,0.0,0.0,0.0,0.0,0.0,0.0,0.0,0.0,0.0,0.24625825727245507,0.24803017613333428,-0.015620685509835325,-0.015046586919172586
295.0,23.5,0.0,0.0,0.0,0.0,0.0,0.0,0.0,0.0,0.0,0.0,0.0,0.0,0.24617625680866662,0.24794800376999623,-0.01564787947241167,-0.015072648687198629
295.0,24.0,0.0,0.0,0.0,0.0,0.0,0.0,0.0,0.0,0.0,0.0,0.0,0.0,0.24609469568171602,0.2478662719000305,-0.015674983709226542,-0.015098624118236382
296.0,0.5,0.0,0.0,0.0,0.0,0.0,0.0,0.0,0.0,0.0,0.0,0.0,0.0,0.2460135678038655,0.24778497442180228,-0.01570199948020331,-0.015124514422701688
296.0,1.0,0.0,0.0,0.0,0.0,0.0,0.0,0.0,0.0,0.0,0.0,0.0,0.0,0.24593286724143443,0.2477041053881368,-0.0157289280113196,-0.015150320778391676
296.0,1.5,0.0,0.0,0.0,0.0,0.0,0.0,0.0,0.0,0.0,0.0,0.0,0.0,0.2458525882093954,0.24762365900089608,-0.015755770495809177,-0.015176044331640937
296.0,2.0,0.0,0.0,0.0,0.0,0.0,0.0,0.0,0.0,0.0,0.0,0.0,0.0,0.24577272506620199,0.2475436296057887,-0.015782528095312866,-0.015201686198428828
296.0,2.5,0.0,0.0,0.0,0.0,0.0,0.0,0.0,0.0,0.0,0.0,0.0,0.0,0.2456932723088369,0.24746401168740023,-0.01580920194098142,-0.015227247465440616
296.0,3.0,0.0,0.0,0.0,0.0,0.0,0.0,0.0,0.0,0.0,0.0,0.0,0.0,0.24561422456806856,0.2473847998644342,-0.0158357931345326,-0.015252729191084077
296.0,3.5,0.0,0.0,0.0,0.0,0.0,0.0,0.0,0.0,0.0,0.0,0.0,0.0,0.2455355766039071,0.2473059888851525,-0.015862302749264524,-0.015278132406464355
296.0,4.0,0.0,0.0,0.0,0.0,0.0,0.0,0.0,0.0,0.0,0.0,0.0,0.0,0.2454573233012493,0.24722757362300565,-0.015888731831027444,-0.015303458116318688
296.0,4.5,0.0,0.0,0.0,0.0,0.0,0.0,0.0,0.0,0.0,0.0,0.0,0.0,0.245379459665703,0.247149549072444,-0.01591508139915612,-0.01532870729991304
296.0,5.0,0.0,0.0,0.0,0.0,0.0,0.0,0.0,0.0,0.0,0.0,0.0,0.0,0.24530198081958327,0.24707191034490011,-0.015941352447364325,-0.015353880911902545
296.0,5.5,0.0,0.0,0.0,0.0,0.0,0.0,0.0,0.0,0.0,0.0,0.0,0.0,0.24522488199807138,0.2469946526649361,-0.015967545944603485,-0.0153789798831571
296.0,6.0,0.0,0.0,0.0,0.0,0.0,0.0,0.0,0.0,0.0,0.0,0.0,0.0,0.24514815854552877,0.2469177713665458,-0.015993662835887122,-0.015404005121554215
296.0,6.5,0.0,0.0,0.0,0.0,0.0,0.0,0.0,0.0,0.0,0.0,0.0,0.0,0.24507180591195948,0.246841261889606,-0.016019704043082478,-0.015428957512740302
296.0,7.0,0.0,0.0,0.0,0.0,0.0,0.0,0.0,0.0,0.0,0.0,0.0,0.0,0.24499581964961298,0.246765119776469,-0.016045670465671152,-0.015453837920861975
296.0,7.5,0.0,0.0,0.0,0.0,0.0,0.0,0.0,0.0,0.0,0.0,0.0,0.0005939315422842848,0.2449201954097222,0.24668934066869072,-0.016071562981479735,-0.015478647189268512
296.0,8.0,0.0,-0.05204931841197127,0.0,0.415325686587202,0.0,37.0,0.0,0.0,0.0,0.5226049271762552,0.0,0.02854550586995712,0.2448449289393689,0.24661384461753488,-0.01609738244738232,-0.01550341099103845
296,8.5,0.3048764207209532,0.31587171228165417,0.012145421223075683,0.5084787660965377,32.28662874021138,36.849682962337354,True,True,0.010289832310184493,0.44924551776132027,0.0,0.05916618124685397,0.24477001607847207,0.24648221508316517,-0.016123129699975706,-0.015546700387448818
296,9.0,0.6991413604029846,0.7242340823992438,0.030874827492481927,0.4625880792622989,31.934271185074373,36.62472335719103,True,True,0.021955293928733702,0.34438531847845194,0.11352259332801425,0.2172550681666136,0.2526718008224761,0.2543129866045961,-0.013657880936682434,-0.013203779743434
296,9.5,0.9869166004972131,1.0228068979102145,0.04583081021864985,0.46551891854340316,31.764867192760313,36.437969943641335,True,True,0.029989482251530204,0.32047277008742703,0.14983055907117995,0.2823005245701875,0.25254085463542036,0.25411358585208227,-0.013694907791030208,-0.013257981522371821
296,10.0,1.0892855413776248,1.1286829661395057,0.05070614566219114,0.4696997382972207,31.77239094350743,36.401028346772335,True,True,0.03314781148898399,0.32399910259753284,0.18052876450541472,0.33504052519777344,0.25240439006029747,0.2539065400488139,-0.013733622386417224,-0.013314542188009034
296,10.5,1.5912217066409067,1.6486064319368714,0.08005833647080879,0.40733884152314187,31.459720206545107,35.88061602419063,True,True,0.04568937651139637,0.2442213834953502,0.20621366791417303,0.37683764864406943,0.2522643811445874,0.25369323249856557,-0.013773478101745002,-0.013373114370094951
296,11.0,2.4109176763825078,2.495867676815455,0.1390982205762755,0.40584498084427323,30.865688496189776,34.877108561270916,True,True,0.06252199083026691,0.19060444067728102,0.22885478822464117,0.4135832768570859,0.25211832321258826,0.2534835128023462,-0.013815202723031236,-0.013431000903265603
296,11.5,2.8848582155808273,2.9849072089341053,0.17626659021667046,0.4383094051661723,30.60513619235612,34.3938336423807,True,True,0.07176445974828902,0.18619413568367432,0.23935357605298707,0.4296072982509684,0.2519627975637175,0.253270244746615,-0.013859797673886128,-0.013490173275757503
296,12.0,3.1737714398734376,3.2761437551844663,0.1999149196050697,0.4250161646399006,30.469902001630146,33.874041328226525,True,True,0.077316501825488,0.17157165291480297,0.2414744379554771,0.43098467333081086,0.25180211622007803,0.25305171900138856,-0.013906051209222762,-0.01355112689947523
296,12.5,3.879201652058801,3.97280882697149,0.27647451602568546,0.4123396590837604,29.85725345675695,32.206784962475126,True,True,0.08639594623675072,0.1333401492009515,0.24162369412644902,0.42983972281206284,0.25163904812994575,0.2528356114043029,-0.013953179947773394,-0.013611729016190286
296,13.0,4.236917655356075,4.318612489759087,0.32602423240209255,0.42928831027334485,29.435451748579894,31.24777232662079,True,True,0.08910114305512845,0.12014784394109351,0.22409529993836302,0.4002523454827582,0.2514670811804635,0.2526221439829187,-0.014003086887270451,-0.013671908041722167
296,13.5,4.602239126386621,4.66428037314518,0.3692275811430406,0.4379640016428289,29.2120728356945,30.43036432433044,True,True,0.09400772631811452,0.11394994274157211,0.19474612128857396,0.35063915719201144,0.25129189009609276,0.25241114601316417,-0.01405414836860368,-0.013731702677121453
296,14.0,4.4883495356372975,4.544404556539255,0.36510564119844496,0.4321282369643858,29.107256977434126,30.211037204454126,True,True,0.09046382696731793,0.10866621619497033,0.14748662960768216,0.2688768353533153,0.2511157707929987,0.252206204441867,-0.014105704157900644,-0.013790079524204867
296,14.5,4.159421105771181,4.226965513829266,0.3366009525141234,0.4332036678458529,29.101890490954027,30.804016280207716,True,True,0.08377722780230623,0.10878509491952036,0.09247560703246246,0.17085191392704696,0.25094701797065044,0.252013246836621,-0.014155315071869604,-0.013845313234221163
296,15.0,4.499496366639781,4.5554097837189875,0.377509140923372,0.4438930952642673,28.92986912987473,30.024629384345243,True,True,0.08869508821591823,0.10559937963998095,0.11628780454276118,0.21725418611181938,0.25078970881881907,0.25183344703877303,-0.014201749041676662,-0.013897017941008255
296,15.5,3.3605961404385383,3.4161237412590486,0.2609049280968646,0.41444991145320803,29.261869062269355,31.7302725886178,False,False,0.06908702282499493,0.10988138118342025,0.020273006985814426,0.03848998474394426,0.25062493607805697,0.25164715796963677,-0.014250580826918017,-0.01395083160920796
296,16.0,3.7529304452884427,3.8330931789631766,0.2888926038388093,0.4508009806007033,29.309031146206372,31.687514836953696,True,True,0.07762571875111328,0.12184828030690645,0.0351410195177885,0.06705918902908374,0.25048802537938597,0.25148817087255765,-0.014291307693556361,-0.013996954968520048
296.0,16.5,0.0,0.0,0.0,0.0,0.0,0.0,0.0,0.0,0.0,0.0,0.0,0.0,0.25034640495827215,0.25132166436256154,-0.014333581566867494,-0.01404545468416535
296.0,17.0,0.0,0.0,0.0,0.0,0.0,0.0,0.0,0.0,0.0,0.0,0.0,0.0,0.2502468131923745,0.25122188837386744,-0.014363399075378239,-0.014074613197358461
296.0,17.5,0.0,0.0,0.0,0.0,0.0,0.0,0.0,0.0,0.0,0.0,0.0,0.0,0.2501479427595011,0.25112283567758703,-0.014393073750942596,-0.014103631705019088
296.0,18.0,0.0,0.0,0.0,0.0,0.0,0.0,0.0,0.0,0.0,0.0,0.0,0.0,0.2500497793559092,0.251024491922522,-0.014422608513588599,-0.014132513069780398
296.0,18.5,0.0,0.0,0.0,0.0,0.0,0.0,0.0,0.0,0.0,0.0,0.0,0.0,0.24995230916516506,0.25092684324687764,-0.01445200618131891,-0.014161260054151817
296.0,19.0,0.0,0.0,0.0,0.0,0.0,0.0,0.0,0.0,0.0,0.0,0.0,0.0,0.24985551883606247,0.2508298762560611,-0.014481269474679205,-0.014189875325008166
296.0,19.5,0.0,0.0,0.0,0.0,0.0,0.0,0.0,0.0,0.0,0.0,0.0,0.0,0.24975939546175735,0.2507335780017036,-0.014510401021080631,-0.014218361457836686
296.0,20.0,0.0,0.0,0.0,0.0,0.0,0.0,0.0,0.0,0.0,0.0,0.0,0.0,0.24966392656003955,0.250637935961827,-0.014539403358891574,-0.014246720940757244
296.0,20.5,0.0,0.0,0.0,0.0,0.0,0.0,0.0,0.0,0.0,0.0,0.0,0.0,0.24956910005466929,0.2505429380220824,-0.014568278941313375,-0.014274956178329917
296.0,21.0,0.0,0.0,0.0,0.0,0.0,0.0,0.0,0.0,0.0,0.0,0.0,0.0,0.24947490425771046,0.25044857245799146,-0.014597030140053415,-0.014303069495163386
296.0,21.5,0.0,0.0,0.0,0.0,0.0,0.0,0.0,0.0,0.0,0.0,0.0,0.0,0.24938132785279912,0.25035482791812924,-0.014625659248807777,-0.014331063139335838
296.0,22.0,0.0,0.0,0.0,0.0,0.0,0.0,0.0,0.0,0.0,0.0,0.0,0.0,0.24928835987928818,0.2502616934081883,-0.01465416848656531,-0.014358939285640424
296.0,22.5,0.0,0.0,0.0,0.0,0.0,0.0,0.0,0.0,0.0,0.0,0.0,0.0,0.24919598971721496,0.25016915827587105,-0.014682560000743892,-0.014386700038665557
296.0,23.0,0.0,0.0,0.0,0.0,0.0,0.0,0.0,0.0,0.0,0.0,0.0,0.0,0.2491042070730415,0.2500772121965593,-0.014710835870168543,-0.014414347435719725
296.0,23.5,0.0,0.0,0.0,0.0,0.0,0.0,0.0,0.0,0.0,0.0,0.0,0.0,0.24901300196612125,0.24998584515971453,-0.014738998107901042,-0.0144418834496105
296.0,24.0,0.0,0.0,0.0,0.0,0.0,0.0,0.0,0.0,0.0,0.0,0.0,0.0,0.2489223647158478,0.24989504745596497,-0.014767048663929737,-0.014469309991285602
297.0,0.5,0.0,0.0,0.0,0.0,0.0,0.0,0.0,0.0,0.0,0.0,0.0,0.0,0.24883228592944695,0.24980480966483876,-0.014794989427727404,-0.014496628912344739
297.0,1.0,0.0,0.0,0.0,0.0,0.0,0.0,0.0,0.0,0.0,0.0,0.0,0.0,0.248742756490373,0.24971512264310575,-0.014822822230684849,-0.014523842007428987
297.0,1.5,0.0,0.0,0.0,0.0,0.0,0.0,0.0,0.0,0.0,0.0,0.0,0.0,0.24865376754727472,0.24962597751369173,-0.014850548848427542,-0.014550951016495318
297.0,2.0,0.0,0.0,0.0,0.0,0.0,0.0,0.0,0.0,0.0,0.0,0.0,0.0,0.24856531050349892,0.2495373656551333,-0.014878171003021244,-0.01457795762698207
297.0,2.5,0.0,0.0,0.0,0.0,0.0,0.0,0.0,0.0,0.0,0.0,0.0,0.0,0.24847737700709907,0.24944927869154127,-0.01490569036507389,-0.014604863475872166
297.0,3.0,0.0,0.0,0.0,0.0,0.0,0.0,0.0,0.0,0.0,0.0,0.0,0.0,0.2483899589413232,0.2493617084830453,-0.014933108555738001,-0.01463167015165896
297.0,3.5,0.0,0.0,0.0,0.0,0.0,0.0,0.0,0.0,0.0,0.0,0.0,0.0,0.24830304841555143,0.24927464711669126,-0.014960427148620715,-0.014658379196220853
297.0,4.0,0.0,0.0,0.0,0.0,0.0,0.0,0.0,0.0,0.0,0.0,0.0,0.0,0.2482166377566605,0.24918808689776703,-0.01498764767160488,-0.01468499210660913
297.0,4.5,0.0,0.0,0.0,0.0,0.0,0.0,0.0,0.0,0.0,0.0,0.0,0.0,0.24813071950078996,0.24910202034153367,-0.015014771608587444,-0.014711510336753667
297.0,5.0,0.0,0.0,0.0,0.0,0.0,0.0,0.0,0.0,0.0,0.0,0.0,0.0,0.2480452863854898,0.2490164401653382,-0.015041800401138308,-0.014737935299091388
297.0,5.5,0.0,0.0,0.0,0.0,0.0,0.0,0.0,0.0,0.0,0.0,0.0,0.0,0.24796033134222725,0.24893133928108907,-0.015068735450084829,-0.014764268366120971
297.0,6.0,0.0,0.0,0.0,0.0,0.0,0.0,0.0,0.0,0.0,0.0,0.0,0.0,0.24787584748923486,0.24884671078807377,-0.015095578117025173,-0.014790510871888127
297.0,6.5,0.0,0.0,0.0,0.0,0.0,0.0,0.0,0.0,0.0,0.0,0.0,0.0,0.24779182812468098,0.24876254796610078,-0.015122329725774706,-0.014816664113404746
297.0,7.0,0.0,0.0,0.0,0.0,0.0,0.0,0.0,0.0,0.0,0.0,0.0,0.0,0.24770826672014565,0.2486788442689487,-0.015148991563748672,-0.014842729352005668
297.0,7.5,0.0,0.0,0.0,0.0,0.0,0.0,0.0,0.0,0.0,0.0,0.0,0.0,0.2476251569143862,0.24859559331810624,-0.015175564883284373,-0.014868707814645934
297.0,8.0,0.0,0.0,0.0,0.0,0.0,0.0,0.0,0.0,0.0,0.0,0.0016302734004240186,0.0031314059735447508,0.2475424925073773,0.24851278889678816,-0.015202050902906087,-0.014894600695141862
297.0,8.5,0.0,-0.013410208155642932,0.0,0.12707464416710754,0.0,18.5,0.0,0.0,0.0,0.26445049405411997,0.013296046633217231,0.025538837731630456,0.24746005970432858,0.2484300259004224,-0.015228517579835463,-0.014920534323990204
297.0,9.0,0.0,-0.016382272758187835,0.0,0.14639307403877036,0.0,18.5,0.0,0.0,0.0,0.3071939454322779,0.009934261475478849,0.018923664014645947,0.2473765737590839,0.24832864854498332,-0.015255378365636231,-0.014952374075771725
297.0,9.5,0.0,-0.018811449691025075,0.0,0.16102398423150568,0.0,18.5,0.0,0.0,0.0,0.3389609022762042,0.014235475580653578,0.026855999065329147,0.24729394392569934,0.24822608117173928,-0.015282019308718088,-0.014984669998038904
297,10.0,0.023308028935474293,0.024793455069290638,0.0005891276141729708,0.04905939485607299,33.78035443090251,36.925515321575176,True,True,0.0011516289932839902,0.09989048276335827,0.036723451434095354,0.06853887644234098,0.2472111880770796,0.24812106167011747,-0.015308756458178259,-0.015017824189639241
297,10.5,0.2212252942019105,0.226813417326494,0.0057774017694778865,0.4730045340206749,33.72798513910368,36.924137817965516,True,True,0.01075562499024604,0.9703405667884217,0.0485587480893447,0.09033409686071282,0.24712590807464,0.24802541604258713,-0.015336367455689488,-0.015048095162692524
297,11.0,0.14681622408905473,0.1503589755127033,0.0039748911467689255,0.11284812516761872,16.817351424202435,18.42470832409175,True,True,0.0069401171501939805,0.212267192561168,0.024290799750672012,0.04376319769291644,0.24703886999273475,0.2478733808000015,-0.015364608868509967,-0.015096362702473595
297,11.5,0.6723466434087221,0.6887981895898565,0.0195380889394839,0.5637972062225072,33.48893321679452,36.84706349955107,True,True,0.030462838712400887,0.9904641569746767,0.12664783560645707,0.18650076614872904,0.24961578976593407,0.25043379411600947,-0.01455405294482423,-0.01430747821970048
297,12.0,0.9262216422477931,0.9499259070803614,0.02852594464184006,0.4025240691509179,33.19541463057193,36.69730427568547,True,True,0.038727888629094764,0.579682297433141,0.1338675655499087,0.1657668143023346,0.25482135916210846,0.2555621864787245,-0.01306678241326744,-0.012870162295803154
297,12.5,0.36861203149231636,0.37851863326345814,0.011946451058214949,0.1748824985250277,16.528590776969004,18.349264236563958,True,True,0.014872327724238955,0.23122418517516127,0.08041820864883972,0.09831176946418357,0.25468142472205596,0.25537033714658713,-0.013104322619377473,-0.012920740053318714
297,13.0,0.819929948998346,0.841686608839293,0.02598436313378564,0.5061886369228825,16.559281720362513,18.382907570384063,True,True,0.033604737149089625,0.7276042513209572,0.11142485225841324,0.13101519460549935,0.25720651836533626,0.2578721745644225,-0.012446200244806336,-0.012279317183500466
297,13.5,0.2802218606198695,0.28760529801856355,0.008708267238272891,0.17455583051987297,16.585953464213258,18.386854251469263,True,True,0.011644899156713188,0.24706640433877808,0.07692542710930925,0.08915618832617203,0.257055120491138,0.2576568779057127,-0.012484532748990194,-0.01233299969251462
297,14.0,0.263735140175048,0.27054106510437326,0.007970902610586713,0.15852044579187974,16.613135000387555,18.386708556494913,True,True,0.011117659786512185,0.2320456679029915,0.04595793093616393,0.052996769119850955,0.2569118258795112,0.25749068557606597,-0.012520943222415573,-0.012374629733168902
297,14.5,0.6847785563070877,0.7020581199470624,0.020422622216771352,0.3960935017070524,16.61313484018208,18.38315954658955,True,True,0.02886659325362612,0.6046412567213095,0.060044309828209394,0.0689217600919111,0.25677402992233583,0.2573326066879053,-0.012556075906617606,-0.01241438286793256
297,15.0,0.8346869670253854,0.8549819557792462,0.024518079995577115,0.3408020865451432,16.62752728128728,18.344395896025397,True,True,0.03545637925023978,0.5269146111015872,0.04946337146753005,0.0561194297765618,0.25663426594845684,0.25714364118527483,-0.012591830408877566,-0.012462103099571268
297,15.5,1.0173977697137502,1.040880921597792,0.029274785431522576,0.4086481849370519,16.633568102151376,18.34305618961184,True,True,0.04335756534729683,0.6442820860634652,0.025146048801438534,0.028248557259215417,0.2564966998242047,0.2569647278407564,-0.012627141180118383,-0.012507486374108838
297.0,16.0,0.0,0.0,0.0,0.0,0.0,0.0,0.0,0.0,0.0,0.0,0.004735221806414845,0.005255740610563159,0.2563629573790072,0.2567820546161949,-0.012661583644635604,-0.01255402669925892
297.0,16.5,0.0,0.0,0.0,0.0,0.0,0.0,0.0,0.0,0.0,0.0,0.0,0.0,0.25623683907338757,0.2566556823025803,-0.012694165269313083,-0.012586343802125585
297.0,17.0,0.0,0.0,0.0,0.0,0.0,0.0,0.0,0.0,0.0,0.0,0.0,0.0,0.2561125801035005,0.25653123866748745,-0.012726364292500809,-0.012618264594694917
297.0,17.5,0.0,0.0,0.0,0.0,0.0,0.0,0.0,0.0,0.0,0.0,0.0,0.0,0.2559895420879651,0.2564080188856871,-0.012758342859336975,-0.012649966542322574
297.0,18.0,0.0,0.0,0.0,0.0,0.0,0.0,0.0,0.0,0.0,0.0,0.0,0.0,0.2558676916575933,0.25628598948200637,-0.012790107166742315,-0.012681455800781385
297.0,18.5,0.0,0.0,0.0,0.0,0.0,0.0,0.0,0.0,0.0,0.0,0.0,0.0,0.25574699693857367,0.2561651184828536,-0.01282166313249474,-0.012712738248269401
297.0,19.0,0.0,0.0,0.0,0.0,0.0,0.0,0.0,0.0,0.0,0.0,0.0,0.0,0.2556274274649596,0.25604537532825444,-0.012853016411246709,-0.01274381950135439
297.0,19.5,0.0,0.0,0.0,0.0,0.0,0.0,0.0,0.0,0.0,0.0,0.0,0.0,0.25550895409737784,0.2559267307901447,-0.012884172409429415,-0.012774704929809548
297.0,20.0,0.0,0.0,0.0,0.0,0.0,0.0,0.0,0.0,0.0,0.0,0.0,0.0,0.25539154894743427,0.2558091568963969,-0.012915136299135934,-0.012805399670431475
297.0,20.5,0.0,0.0,0.0,0.0,0.0,0.0,0.0,0.0,0.0,0.0,0.0,0.0,0.2552751853073502,0.2556926268601076,-0.012945913031065069,-0.012835908639922542
297.0,21.0,0.0,0.0,0.0,0.0,0.0,0.0,0.0,0.0,0.0,0.0,0.0,0.0,0.2551598375844025,0.2555771150137173,-0.01297650734660122,-0.012866236546912423
297.0,21.5,0.0,0.0,0.0,0.0,0.0,0.0,0.0,0.0,0.0,0.0,0.0,0.0,0.2550454812397825,0.2554625967475763,-0.013006923789098217,-0.012896387903186358
297.0,22.0,0.0,0.0,0.0,0.0,0.0,0.0,0.0,0.0,0.0,0.0,0.0,0.0,0.25493209273152423,0.25534904845260087,-0.013037166714428533,-0.012926367034182326
297.0,22.5,0.0,0.0,0.0,0.0,0.0,0.0,0.0,0.0,0.0,0.0,0.0,0.0,0.2548196494611836,0.25523644746670365,-0.01306724030085471,-0.0129561780888124
297.0,23.0,0.0,0.0,0.0,0.0,0.0,0.0,0.0,0.0,0.0,0.0,0.0,0.0,0.25470812972397855,0.2551247720247044,-0.013097148558273894,-0.012985825048660174
297.0,23.5,0.0,0.0,0.0,0.0,0.0,0.0,0.0,0.0,0.0,0.0,0.0,0.0,0.2545975126621276,0.2550140012114551,-0.013126895336882426,-0.013015311736600713
297.0,24.0,0.0,0.0,0.0,0.0,0.0,0.0,0.0,0.0,0.0,0.0,0.0,0.0,0.2544877782211446,0.25490411491793974,-0.013156484335303413,-0.013044641824885347
298.0,0.5,0.0,0.0,0.0,0.0,0.0,0.0,0.0,0.0,0.0,0.0,0.0,0.0,0.2543789071088704,0.2547950938001241,-0.01318591910821631,-0.01307381884273101
298.0,1.0,0.0,0.0,0.0,0.0,0.0,0.0,0.0,0.0,0.0,0.0,0.0,0.0,0.2542708807570412,0.25468691924035597,-0.013215203073524296,-0.013102846183449307
298.0,1.5,0.0,0.0,0.0,0.0,0.0,0.0,0.0,0.0,0.0,0.0,0.0,0.0,0.25416368128520705,0.25457957331112924,-0.013244339519092686,-0.013131727111148173
298.0,2.0,0.0,0.0,0.0,0.0,0.0,0.0,0.0,0.0,0.0,0.0,0.0,0.0,0.254057291466835,0.2544730387410418,-0.013273331609088097,-0.013160464767036556
298.0,2.5,0.0,0.0,0.0,0.0,0.0,0.0,0.0,0.0,0.0,0.0,0.0,0.0,0.25395169469743867,0.25436729888279186,-0.013302182389946458,-0.013189062175359416
298.0,3.0,0.0,0.0,0.0,0.0,0.0,0.0,0.0,0.0,0.0,0.0,0.0,0.0,0.25384687496459457,0.2542623376830698,-0.013330894795995349,-0.013217522248988573
298.0,3.5,0.0,0.0,0.0,0.0,0.0,0.0,0.0,0.0,0.0,0.0,0.0,0.0,0.2537428168197126,0.25415813965421363,-0.013359471654753994,-0.013245847794692785
298.0,4.0,0.0,0.0,0.0,0.0,0.0,0.0,0.0,0.0,0.0,0.0,0.0,0.0,0.2536395053514418,0.2540546898475071,-0.013387915691932751,-0.013274041518108839
298.0,4.5,0.0,0.0,0.0,0.0,0.0,0.0,0.0,0.0,0.0,0.0,0.0,0.0,0.2535369261605993,0.2539519738280085,-0.013416229536151918,-0.013302106028433227
298.0,5.0,0.0,0.0,0.0,0.0,0.0,0.0,0.0,0.0,0.0,0.0,0.0,0.0,0.2534350653365205,0.2538499776508081,-0.01344441572339857,-0.01333004384285304
298.0,5.5,0.0,0.0,0.0,0.0,0.0,0.0,0.0,0.0,0.0,0.0,0.0,0.0,0.2533339094347367,0.2537486878386186,-0.013472476701238167,-0.013357857390733075
298.0,6.0,0.0,0.0,0.0,0.0,0.0,0.0,0.0,0.0,0.0,0.0,0.0,0.0,0.25323344545589205,0.25364809136061184,-0.013500414832796905,-0.013385549017574477
298.0,6.5,0.0,0.0,0.0,0.0,0.0,0.0,0.0,0.0,0.0,0.0,0.0,0.0,0.25313366082582,0.25354817561241877,-0.013528232400529434,-0.013413120988760248
298.0,7.0,0.0,0.0,0.0,0.0,0.0,0.0,0.0,0.0,0.0,0.0,0.0,0.0,0.2530345433767043,0.25344892839722033,-0.013555931609785275,-0.013440575493100165
298.0,7.5,0.0,0.0,0.0,0.0,0.0,0.0,0.0,0.0,0.0,0.0,0.0,0.0,0.25293608132925494,0.25335033790785777,-0.013583514592186848,-0.013467914646188312
298,8.0,0.2870126367217618,0.29317525933720745,0.007084363253222058,0.12090453809149657,16.8901730970968,18.38669303850266,True,True,0.01418103928061475,0.2517541376130673,0.0,0.0,0.25549598758428127,0.25591009956772637,-0.012887587789253066,-0.012779041476644567
298,8.5,0.5920830416197209,0.6046730214162446,0.014919408976024425,0.13884550431254034,16.890173007546238,18.31051295056981,True,True,0.029254296836883815,0.28985550066574906,0.0,0.0,0.2553835985727394,0.2557830634077139,-0.012917236297520694,-0.012812223746664925
298,9.0,0.7924097576554787,0.8089111819847232,0.019903212806353637,0.15074796889754452,16.890172986160906,18.271971063339596,True,True,0.039152261823748244,0.3153097966807357,0.0,0.0,0.2552711044937044,0.25565463617040596,-0.012946993940419389,-0.012845873775453502
298,9.5,1.0248793806200946,1.0462491007228656,0.02643748644579008,0.1644906707208702,16.890172972005693,18.233069369636087,True,True,0.05063837927301859,0.3452512555638097,0.0,0.0,0.25781494746889166,0.25818164716283326,-0.01229355909201911,-0.012202639534815483
298,10.0,1.2820527383074773,1.3075857932084793,0.03312721481399052,0.1577341279962813,16.89017296216815,18.156381213328707,True,True,0.06334508629800527,0.3314362566035986,0.0,0.0,0.2603409379801584,0.2606898686242524,-0.011683223602930639,-0.011601781838541223
298,10.5,4.031789801936816,4.104064757550299,0.1042843434132407,0.41733028405951844,33.7803458966015,36.18834008134499,True,True,0.19920715061711722,0.8923568902720781,0.0,0.0,0.2654964170529891,0.26582924653809875,-0.010545931733703206,-0.010477153221229892
298,11.0,2.0195929393079086,2.0550989739695114,0.05227044596572768,0.16763578715415575,16.890172947723208,18.00282782481301,True,True,0.09978629209605851,0.35266269485138535,0.0,0.0,0.2679477767758619,0.2682404697558929,-0.010051676413452912,-0.00999452554808378
298,11.5,2.2116098393808876,2.247606322175347,0.05633399330217777,0.18367597979231706,16.89017294523276,18.000823869048276,True,True,0.10927367646205263,0.38818982369168026,0.0,0.0,0.2782881364582247,0.2785657461511041,-0.008248087944635003,-0.008205248558953772
298,12.0,5.6228254814346075,5.68936159377702,0.1428958618777906,0.38104719560489125,33.77447388403657,35.77388384267911,False,False,0.27731304647793364,0.8013304569657467,0.0,0.0,0.28057848066692204,0.28083945945595573,-0.007902456926626937,-0.007864178510860024
298,12.5,2.166522906342122,2.190046486655767,0.05358493544053721,0.17075644165901244,16.871210198324842,17.966161646970985,False,False,0.10579971716242602,0.3490187537425373,0.0,0.0,0.300981089091922,0.301210788569168,-0.005477069732012875,-0.005455290862430809
298,13.0,2.3164169746024283,2.348622021560338,0.060275666515236616,0.14483205020269574,16.858247107810072,17.81694594526947,True,False,0.11222644664840391,0.28860384583273496,0.0,0.0,0.32502715536927645,0.32523974697594077,-0.0036661612086608536,-0.0036536628918510615
298.0,13.5,0.0,0.0,0.0,0.0,0.0,0.0,0.0,0.0,0.0,0.0,0.0,0.0,0.339610409847463,0.3398098553463913,-0.0029151402957731895,-0.002906215333829379
298,14.0,1.7107154168188745,1.73171215555389,0.04527273879199266,0.12570531066369306,16.78445796928481,17.859553173175055,False,False,0.07931634033100657,0.22565894724925528,0.0,0.0,0.3414683291815473,0.34183726596772185,-0.002833247795225209,-0.002817313813484636
298,14.5,1.525174017362095,1.5474674027731556,0.04285816663334727,0.10350326930406187,16.714598461602222,17.748546666782836,False,False,0.06794691660749189,0.16951008605250795,0.0,0.0,0.3416924170818553,0.34201990691274303,-0.0028235569176742817,-0.0028094652683834536
298.0,15.0,0.0,0.0,0.0,0.0,0.0,0.0,0.0,0.0,0.0,0.0,0.0,0.0,0.3420852115436069,0.34238076252930794,-0.002806665287116176,-0.0027940348324235953
298,15.5,4.054102412881135,4.105195540482015,0.12150336545329089,0.4139119086101968,33.169566272666515,35.49281272947154,False,False,0.16836934213892396,0.5960270832019063,0.0,0.0,0.3400996249257929,0.34037518686528245,-0.0028933064108361607,-0.002881093751076328
298,16.0,2.895827550892296,2.9326333379595897,0.0903874887202587,0.4208950556282416,16.491938932491685,18.03725300563882,False,False,0.11470491907916792,0.5472241642429067,0.0,0.0,0.33825820337012147,0.33847753798881597,-0.0029765188693163286,-0.0029664590862405185
298.0,16.5,0.0,0.0,0.0,0.0,0.0,0.0,0.0,0.0,0.0,0.0,0.0,0.0,0.336513854919109,0.33667201214815107,-0.0030579872895233995,-0.0030504920798685234
298.0,17.0,0.0,0.0,0.0,0.0,0.0,0.0,0.0,0.0,0.0,0.0,0.0,0.0,0.3348356790739578,0.3349741928390056,-0.003138884650326188,-0.0031321117512305954
298.0,17.5,0.0,0.0,0.0,0.0,0.0,0.0,0.0,0.0,0.0,0.0,0.0,0.0,0.3331884386920989,0.33330653612799643,-0.003220782580850164,-0.00321482691970465
298.0,18.0,0.0,0.0,0.0,0.0,0.0,0.0,0.0,0.0,0.0,0.0,0.0,0.0,0.331557131113984,0.331654023791619,-0.0033044097971803438,-0.0032993709808469616
298.0,18.5,0.0,0.0,0.0,0.0,0.0,0.0,0.0,0.0,0.0,0.0,0.0,0.0,0.32993238795885577,0.3300073806599183,-0.003390284726377841,-0.003386262931005418
298.0,19.0,0.0,0.0,0.0,0.0,0.0,0.0,0.0,0.0,0.0,0.0,0.0,0.0,0.32830872439306896,0.32836128727320824,-0.003478772208925827,-0.003475864819271478
298.0,19.5,0.0,0.0,0.0,0.0,0.0,0.0,0.0,0.0,0.0,0.0,0.0,0.0,0.3266849409039342,0.3267150504206427,-0.003570032095218073,-0.0035683141113333687
298.0,20.0,0.0,0.0,0.0,0.0,0.0,0.0,0.0,0.0,0.0,0.0,0.0,0.0,0.3250609428870627,0.3250685833089189,-0.0036641714309075123,-0.0036637216578898095
298.0,20.5,0.0,0.0,0.0,0.0,0.0,0.0,0.0,0.0,0.0,0.0,0.0,0.0,0.32591518426524185,0.3259001852254178,-0.0036142892585530753,-0.003615158100510867
298.0,21.0,0.0,0.0,0.0,0.0,0.0,0.0,0.0,0.0,0.0,0.0,0.0,0.0,0.324139185706735,0.3241065768001505,-0.003718919055567422,-0.0037208736389451346
298.0,21.5,0.0,0.0,0.0,0.0,0.0,0.0,0.0,0.0,0.0,0.0,0.0,0.0,0.32732980744327256,0.3272813089304399,-0.003533451831586053,-0.0035361873465799463
298.0,22.0,0.0,0.0,0.0,0.0,0.0,0.0,0.0,0.0,0.0,0.0,0.0,0.0,0.34175209900884335,0.3416838052705366,-0.002820982583702553,-0.0028239286125679684
298.0,22.5,0.0,0.0,0.0,0.0,0.0,0.0,0.0,0.0,0.0,0.0,0.0,0.0,0.3636145074568366,0.36354621371852974,-0.0020405745568880685,-0.002042577380984251
298.0,23.0,0.0,0.0,0.0,0.0,0.0,0.0,0.0,0.0,0.0,0.0,0.0,0.0,0.37745999736598995,0.3773917036276831,-0.0016787619399765742,-0.001680349171984149
298.0,23.5,0.0,0.0,0.0,0.0,0.0,0.0,0.0,0.0,0.0,0.0,0.0,0.0,0.3700280263893531,0.37000047861027885,-0.0018624909404866556,-0.001863215282325048
298.0,24.0,0.0,0.0,0.0,0.0,0.0,0.0,0.0,0.0,0.0,0.0,0.0,0.0,0.3619588356753804,0.36196540679007844,-0.0020897965301110376,-0.0020895983974078916
299.0,0.5,0.0,0.0,0.0,0.0,0.0,0.0,0.0,0.0,0.0,0.0,0.0,0.0,0.35496142562703215,0.3550719100994974,-0.002314101214471414,-0.0023103430239877916
299.0,1.0,0.0,0.0,0.0,0.0,0.0,0.0,0.0,0.0,0.0,0.0,0.0,0.0,0.35010077227889286,0.3502112567513581,-0.0024868894497453065,-0.002482794626375308
299.0,1.5,0.0,0.0,0.0,0.0,0.0,0.0,0.0,0.0,0.0,0.0,0.0,0.0,0.3452401189307536,0.3453506034032188,-0.0026752714562008804,-0.0026708044931516455
299.0,2.0,0.0,0.0,0.0,0.0,0.0,0.0,0.0,0.0,0.0,0.0,0.0,0.0,0.34305177176222756,0.34316225623469276,-0.002765609602938657,-0.0027609623724517947
299.0,2.5,0.0,0.0,0.0,0.0,0.0,0.0,0.0,0.0,0.0,0.0,0.0,0.0,0.3381911184140882,0.3383016028865535,-0.0029796038347260426,-0.0029745251286417093
299.0,3.0,0.0,0.0,0.0,0.0,0.0,0.0,0.0,0.0,0.0,0.0,0.0,0.0,0.33333046506594893,0.33344094953841424,-0.003213621781061907,-0.0032080644013164567
299.0,3.5,0.0,0.0,0.0,0.0,0.0,0.0,0.0,0.0,0.0,0.0,0.0,0.0,0.32846981171780965,0.32858029619027496,-0.0034698712040193208,-0.0034637819850837437
299.0,4.0,0.0,0.0,0.0,0.0,0.0,0.0,0.0,0.0,0.0,0.0,0.0,0.0,0.3236091583696703,0.3237196428421356,-0.0037508412621952932,-0.0037441602116999374
299.0,4.5,0.0,0.0,0.0,0.0,0.0,0.0,0.0,0.0,0.0,0.0,0.0,0.0,0.3203100511792105,0.3204478977172247,-0.0039570453888081725,-0.003948163366614098
299.0,5.0,0.0,0.0,0.0,0.0,0.0,0.0,0.0,0.0,0.0,0.0,0.0,0.0,0.3178452520861403,0.3179929517019695,-0.004119954472946071,-0.004109969998318423
299.0,5.5,0.0,0.0,0.0,0.0,0.0,0.0,0.0,0.0,0.0,0.0,0.0,0.0,0.31822019120416006,0.3183732711521554,-0.004094664876439378,-0.004084392852766101
299.0,6.0,0.0,0.0,0.0,0.0,0.0,0.0,0.0,0.0,0.0,0.0,0.0,0.0,0.3162581370423459,0.3164139181893774,-0.00422908795152785,-0.004218224910496181
299.0,6.5,0.0,0.0,0.0,0.0,0.0,0.0,0.0,0.0,0.0,0.0,0.0,0.0,0.3145200300058821,0.3146772135444376,-0.00435258015051499,-0.0043412371657416075
299.0,7.0,0.0,0.0,0.0,0.0,0.0,0.0,0.0,0.0,0.0,0.0,0.0,0.0,0.3129471275257437,0.3131049739568462,-0.004468053969674946,-0.004456302348704485
299.0,7.5,0.0,0.0,0.0,0.0,0.0,0.0,0.0,0.0,0.0,0.0,0.0,0.0,0.3115038068168356,0.3116618505717636,-0.004577239144289034,-0.004565129562583466
299,8.0,0.9063770576747876,0.9220854214931267,0.02269095375060899,0.08501313118388033,16.878469759132475,18.048900427801158,True,True,0.04446006633473333,0.17141360873978104,0.061493939866312346,0.061493939866312346,0.3101663659436332,0.31032429329362976,-0.00468126337925763,-0.004668834418031861
299.0,8.5,0.0,0.0,0.0,0.0,0.0,0.0,0.0,0.0,0.0,0.0,0.010422017034795148,0.010422017034795148,0.3089072276646017,0.30905687497866496,-0.004781781213925595,-0.004769701043674314
299,9.0,1.3399415682420173,1.3624778691889206,0.03361488675825078,0.13763749198721928,16.87121021135776,18.082843464251397,True,True,0.0654345442271527,0.2780314066773638,0.07220867603722032,0.07220867603722032,0.3077339387115449,0.3078830857360508,-0.004877768207907778,-0.004865439926044568
299,9.5,1.5993797743495652,1.627182037480276,0.041710362660451944,0.12788980795810506,16.87121020612062,17.96859018011338,True,True,0.07810391815666669,0.2583706980560986,0.21214151131590278,0.21214151131590278,0.306615189908791,0.3067504593006056,-0.0049714387017806465,-0.00495999968015905
299,10.0,1.7858192139334503,1.8188215131738497,0.04709980416280918,0.16801408497840623,16.86111640844491,18.040140900642836,True,True,0.08667136690548066,0.33877221444196454,0.22495068002915236,0.22495068002915236,0.30553649290561596,0.3056600662473158,-0.005063792083726943,-0.0050531092105148764
299,10.5,1.9939733024963173,2.02881935880014,0.054158166085396905,0.15183029937126338,16.846834387089483,17.92650358760643,True,True,0.09593768588071702,0.2995924754603882,0.2907449951781126,0.2907449951781126,0.3045080378550258,0.30461541820953886,-0.005153753519296961,-0.005144272169077299
299,11.0,5.246607136270843,5.331739544920149,0.1472434146712165,0.3982450930366979,33.63192757997365,35.8044968071175,True,True,0.24780689393446165,0.7625598990924829,0.6922624620029052,0.6922624620029052,0.3035175747280224,0.30361167004959855,-0.005242197318033535,-0.005233717713856574
299,11.5,6.075124943480456,6.161301354432894,0.18718590747294253,0.3481237387765498,33.49682363330271,35.281736104165475,True,True,0.2758731742917848,0.6030533947279282,1.0430620986994903,1.0430620986994903,0.30250689625620036,0.30256812680109424,-0.005334316835696894,-0.005328681302415411
299,12.0,6.901987500521518,6.976594301932456,0.2927625895388034,0.3725054203208898,32.4318241658373,33.72101941801298,False,False,0.24035193110295672,0.35026157393874946,1.469033726622219,1.469033726622219,0.30148542274465845,0.30152523599439934,-0.005429386808972137,-0.005425643717001653
299,12.5,7.356166807148986,7.353257860895458,0.4022473577373175,0.4004581100179156,31.02428626197755,30.985742292041408,False,False,0.19582946713151084,0.20001465142177446,0.7388157023358886,0.7388157023358886,0.3004319152618203,0.3004606376177375,-0.0055295607578271086,-0.005526800610395469
299,13.0,7.667935496712939,7.605935793005354,0.4803112015339414,0.4165912760075598,30.41497511923324,29.508243794290976,False,False,0.18524107321074157,0.16423243381115116,0.8374366289468808,0.8374366289468808,0.2994903404298389,0.299518349127188,-0.005620959974457471,-0.005618215298676058
299,13.5,7.354220650846624,7.308941868480661,0.4529685094008298,0.4111841863926598,30.48802468596495,29.816333708837735,False,False,0.17965535545577904,0.16631911419305972,0.8297915566292731,0.8297915566292731,0.29855655984116125,0.298591741104708,-0.005713385857851413,-0.005709870933479576
299,14.0,6.750049902588096,6.744847984050658,0.38720757656455207,0.38496974383241966,30.777263937855558,30.667311787557697,False,False,0.17256068645838846,0.17402252407658464,0.5872525573469247,0.5872525573469247,0.29765531986992405,0.2976948784791105,-0.005804313027889176,-0.005800285899680595
299,14.5,6.152596744745287,6.188973484776034,0.3223260111046822,0.38178031271711116,31.203949452466123,31.96877979778111,False,False,0.16886612712721738,0.2047178655275842,0.7124050139969496,0.7124050139969496,0.2968194692209645,0.2968583706590604,-0.005890187927507937,-0.005886157768568526
299,15.0,5.20695203741584,5.267061026984638,0.23996923859373712,0.3982958611071512,31.693446604117604,33.38094495941739,False,False,0.15609438910501156,0.2645045628920039,0.4887579663851695,0.4887579663851695,0.2960002701181688,0.29603066177867854,-0.005975824876658268,-0.005972621424195848
299,15.5,3.3535227210305214,3.399993990792845,0.1524390417366549,0.3224699726719864,31.68608967380557,33.98249787383571,False,False,0.10039296433153344,0.21319218271417198,0.1249820129195064,0.1249820129195064,0.2952428085610957,0.29525210303925564,-0.006056330933685397,-0.006055335277100241
299.0,16.0,0.0,0.0,0.0,0.0,0.0,0.0,0.0,0.0,0.0,0.0,0.0,0.0,0.29456416695480814,0.2945508873962461,-0.006129559348178219,-0.00613100276154783
299.0,16.5,0.0,0.0,0.0,0.0,0.0,0.0,0.0,0.0,0.0,0.0,0.0,0.0,0.29394088780188227,0.29392671830985395,-0.006197745013432895,-0.006199305607495803
299.0,17.0,0.0,0.0,0.0,0.0,0.0,0.0,0.0,0.0,0.0,0.0,0.0,0.0,0.29333643760200667,0.29332139626501436,-0.00626473572471998,-0.006266413714456213
299.0,17.5,0.0,0.0,0.0,0.0,0.0,0.0,0.0,0.0,0.0,0.0,0.0,0.0,0.2927497387711979,0.2927338448469095,-0.006330585760611673,-0.00633238110889835
299.0,18.0,0.0,0.0,0.0,0.0,0.0,0.0,0.0,0.0,0.0,0.0,0.0,0.0,0.2921798048424175,0.2921630784651033,-0.006395345297674947,-0.006397257746740105
299.0,18.5,0.0,0.0,0.0,0.0,0.0,0.0,0.0,0.0,0.0,0.0,0.0,0.0,0.29162573008077114,0.29160819200757987,-0.006459060868525569,-0.006461089968798963
299.0,19.0,0.0,0.0,0.0,0.0,0.0,0.0,0.0,0.0,0.0,0.0,0.0,0.0,0.2910866806193852,0.2910683520132731,-0.006521775749642159,-0.006523920885880962
299.0,19.5,0.0,0.0,0.0,0.0,0.0,0.0,0.0,0.0,0.0,0.0,0.0,0.0,0.29056188684043627,0.29054278908654135,-0.006583530292653804,-0.006585790707381175
299.0,20.0,0.0,0.0,0.0,0.0,0.0,0.0,0.0,0.0,0.0,0.0,0.0,0.0,0.2900506367852941,0.29003079133715287,-0.006644362209634304,-0.006646737024022017
299.0,20.5,0.0,0.0,0.0,0.0,0.0,0.0,0.0,0.0,0.0,0.0,0.0,0.0,0.2895522704224682,0.28953169867444484,-0.006704306820588165,-0.006706795052964281
299.0,21.0,0.0,0.0,0.0,0.0,0.0,0.0,0.0,0.0,0.0,0.0,0.0,0.0,0.28906617463609185,0.28904489781856874,-0.006763397269561147,-0.006765997851745463
299.0,21.5,0.0,0.0,0.0,0.0,0.0,0.0,0.0,0.0,0.0,0.0,0.0,0.0,0.28859177882390313,0.2885698179180634,-0.006821664714483558,-0.006824376506158811
299.0,22.0,0.0,0.0,0.0,0.0,0.0,0.0,0.0,0.0,0.0,0.0,0.0,0.0,0.2881285510140993,0.2881059266834554,-0.006879138494844265,-0.006881960296165475
299.0,22.5,0.0,0.0,0.0,0.0,0.0,0.0,0.0,0.0,0.0,0.0,0.0,0.0,0.2876759944265018,0.287652726962656,-0.006935846280513397,-0.00693877684314649
299.0,23.0,0.0,0.0,0.0,0.0,0.0,0.0,0.0,0.0,0.0,0.0,0.0,0.0,0.28723364441622123,0.2872097536966622,-0.006991814204424818,-0.006994852241191054
299.0,23.5,0.0,0.0,0.0,0.0,0.0,0.0,0.0,0.0,0.0,0.0,0.0,0.0,0.2868010657482302,0.2867765712042633,-0.0070470669813515385,-0.007050211174638833
299.0,24.0,0.0,0.0,0.0,0.0,0.0,0.0,0.0,0.0,0.0,0.0,0.0,0.0,0.28637785015950856,0.2863527707526817,-0.007101628014628422,-0.007104877023714634
300.0,0.5,0.0,0.0,0.0,0.0,0.0,0.0,0.0,0.0,0.0,0.0,0.0,0.0,0.28596361417214033,0.28593796837776314,-0.007155519492373229,-0.007158871959791393
300.0,1.0,0.0,0.0,0.0,0.0,0.0,0.0,0.0,0.0,0.0,0.0,0.0,0.0,0.28555799712625796,0.28553180292281743,-0.007208762474511985,-0.007212217031573107
300.0,1.5,0.0,0.0,0.0,0.0,0.0,0.0,0.0,0.0,0.0,0.0,0.0,0.0,0.28516065940627017,0.2851339342697249,-0.0072613769717159455,-0.007264932243291923
300.0,2.0,0.0,0.0,0.0,0.0,0.0,0.0,0.0,0.0,0.0,0.0,0.0,0.0,0.2847712808375939,0.28474404173968365,-0.007313382017193838,-0.00731703662585108
300.0,2.5,0.0,0.0,0.0,0.0,0.0,0.0,0.0,0.0,0.0,0.0,0.0,0.0,0.2843895592342609,0.2843618226441005,-0.007364795732148685,-0.007368548301712366
300.0,3.0,0.0,0.0,0.0,0.0,0.0,0.0,0.0,0.0,0.0,0.0,0.0,0.0,0.2840152090804216,0.2839869909687632,-0.007415635385596819,-0.007419484544215942
300.0,3.5,0.0,0.0,0.0,0.0,0.0,0.0,0.0,0.0,0.0,0.0,0.0,0.0,0.2836479603310075,0.28361927617664984,-0.00746591744915268,-0.007469861831927915
300.0,4.0,0.0,0.0,0.0,0.0,0.0,0.0,0.0,0.0,0.0,0.0,0.0,0.0,0.28328755731870736,0.2832584221166157,-0.007515657647305029,-0.007519695898533569
300.0,4.5,0.0,0.0,0.0,0.0,0.0,0.0,0.0,0.0,0.0,0.0,0.0,0.0,0.2829337577560311,0.2829041860268001,-0.007564871003643386,-0.007569001778728359
300.0,5.0,0.0,0.0,0.0,0.0,0.0,0.0,0.0,0.0,0.0,0.0,0.0,0.0,0.2825863318226161,0.28255633762296783,-0.007613571883437026,-0.007617793850503508
300.0,5.5,0.0,0.0,0.0,0.0,0.0,0.0,0.0,0.0,0.0,0.0,0.0,0.0,0.28224506132911825,0.2822146582631787,-0.00766177403292081,-0.007666085874174905
300.0,6.0,0.0,0.0,0.0,0.0,0.0,0.0,0.0,0.0,0.0,0.0,0.0,0.0,0.2819097389500525,0.28187894018119203,-0.007709490615600499,-0.0077138910284638195
300.0,6.5,0.0,0.0,0.0,0.0,0.0,0.0,0.0,0.0,0.0,0.0,0.0,0.0,0.2815801675188321,0.2815489857818916,-0.007756734245854722,-0.007761221943902479
300.0,7.0,0.0,0.0,0.0,0.0,0.0,0.0,0.0,0.0,0.0,0.0,0.0,0.0,0.2812561593790229,0.2812246069927783,-0.007803517020079785,-0.007808090733807256
300.0,7.5,0.0,-0.02609780354417504,0.0,0.24969223212705968,0.0,0.0,0.0,0.0,0.0,0.547404474529103,0.05898152070566106,0.05898152070566106,0.28093753578649666,0.2809056246662402,-0.007849850545596723,-0.007854509023035828
300.0,8.0,0.0,-0.033636147043840416,0.0,0.32829757029787127,0.0,37.0,0.0,0.0,0.0,0.4920778973194255,0.3811312040543648,0.3811312040543648,0.280616610178176,0.2805525328712421,-0.00789685055044557,-0.007906274874956761
300.0,8.5,0.0,-0.035316439822247275,0.0,0.3356975718456437,0.0,37.0,0.0,0.0,0.0,0.513686113713193,0.7186629481306914,0.7186629481306914,0.28025968376898647,0.2801534345241004,-0.007949517312366908,-0.007965275825823829
300.0,9.0,0.0,-0.04311477539176164,0.0,0.34146347170801195,0.0,37.0,0.0,0.0,0.0,0.43289436544133597,0.9943291416630337,0.9943291416630337,0.27986464122675186,0.27971528782119637,-0.008008297068116711,-0.008030654686409797
300,9.5,0.03720904346769782,0.03955963761652405,0.001362192075513591,0.15150023984850722,32.72355044456428,36.925010120336694,True,True,0.0013841412858487476,0.16627836597674123,0.6427851253580694,0.6427851253580694,0.27943921804177485,0.27924603614351073,-0.008072177349660254,-0.00810138531384396
300,10.0,0.41106698148330795,0.42394908029699907,0.015386104887582065,0.3325976313545687,32.68356628397236,36.772290493940446,True,True,0.01514968810395849,0.36427732055772744,0.7281098290699591,0.7281098290699591,0.27906302611009004,0.2788504069601418,-0.008129171571709152,-0.008161596078790325
300,10.5,0.877517225391784,0.9058982096262873,0.036695629705244,0.3840311973362013,32.364692719501974,36.54565798061728,True,True,0.03011572624120501,0.35606932675623437,1.1193333121572986,1.1193333121572986,0.278678645039058,0.2784253078098932,-0.008187902410182708,-0.008226887104578652
300,11.0,1.7000784469489996,1.7600264514637203,0.08470713472316717,0.4120853051864867,31.717092978841322,35.94019550188597,True,True,0.05119319475365662,0.2821098472520722,1.2784032146620774,1.2784032146620774,0.2782460352431329,0.27794815068439244,-0.00825460804826641,-0.008300916496404048
300,11.5,2.24953527134065,2.3251538330601025,0.11977332854948614,0.36588404974557126,31.41583229412253,35.23211115720499,True,True,0.06408414556576304,0.21825982501721422,1.4017678022627325,1.4017678022627325,0.2777912538936633,0.27745137452374286,-0.008325431742910535,-0.008378834639141207
300,12.0,2.7748275826673856,2.865561789770674,0.15809728001345774,0.3857357912608097,31.036575199487743,34.60272941360746,True,True,0.07402126495219913,0.19599917813907142,1.452710757966726,1.4345749435707849,0.277320381802588,0.27694887282399755,-0.008399525518469862,-0.008458539016009738
300,12.5,3.554284300992375,3.653212278037608,0.22687872601042597,0.3902745129031994,30.506230560298818,33.29987241384073,True,True,0.08707060211620851,0.16105207764659474,1.5729310352513903,1.5145875952883403,0.27684211879099013,0.27644365412407984,-0.008475587976381895,-0.008539586739473226
300,13.0,4.009091313508382,4.1030620492551755,0.2816989349632824,0.40577745127114334,30.004388464404855,32.188811067614836,True,True,0.09116675837038958,0.1393180807977566,1.6126277424328004,1.5419266195842707,0.27634364613836104,0.27593154484923393,-0.00855573964755583,-0.00862268593604581
300,13.5,4.3142433436872825,4.3823477966423345,0.3309567609677298,0.40259509967972634,29.513982141412395,30.889398111519565,True,True,0.09167903397496646,0.11672752535406748,1.3938351670562072,1.3301839781009048,0.2758368995170674,0.275417755177305,-0.008638149188944552,-0.008707027850632239
300,14.0,4.314965661788174,4.363541877448845,0.3629833922470626,0.4174742228690666,28.947583881935607,29.92253429820022,True,True,0.08524469910946286,0.1007197672978427,0.9323508353314621,0.8886818482141846,0.27535542719092376,0.2749350323238281,-0.00871732610874953,-0.008787166966704498
300,14.5,4.7951359320272955,4.808502674442003,0.41494387469203375,0.4247658522352476,28.783528804651823,28.915880937448925,True,True,0.09283929487275808,0.09744762561470521,0.9113859231133664,0.8678063075086704,0.2749322552868235,0.27451025681198343,-0.008787630532025269,-0.008858413793607543
300,15.0,5.135437724785632,5.080206788532302,0.4599528466257085,0.4046868864999959,28.547625653762033,27.60283572083707,True,True,0.09665292203330608,0.08656597348199274,0.7209544414855835,0.6862029449653959,0.274508614173067,0.2740907009667143,-0.008858690643530346,-0.008929461800534519
300,15.5,4.627163777151524,4.632091441963532,0.39040934319309617,0.40247672099305787,28.80424241419351,28.753099118318644,False,False,0.08981357798634537,0.0936966719899409,0.4779158930891448,0.45514239643624976,0.2741068961050978,0.2737002453372111,-0.008926706730552321,-0.008996192665316562
300,16.0,4.259345774974746,4.267696403054341,0.34874623340132627,0.38024602837965693,14.40247895516228,14.559807418591406,False,False,0.08268142748923854,0.08975160910687609,0.2267878310112998,0.21588472654522203,0.27374831690729595,0.27334282937233506,-0.00898794499291099,-0.009057798358362724
300.0,16.5,0.0,0.0,0.0,0.0,0.0,0.0,0.0,0.0,0.0,0.0,0.0,0.0,0.27343027202685966,0.27302196621308433,-0.009042680057812589,-0.009113532252890837
300.0,17.0,0.0,0.0,0.0,0.0,0.0,0.0,0.0,0.0,0.0,0.0,0.0,0.0,0.2731887127052699,0.27278022063027746,-0.009084517569144319,-0.009155793457751048
300.0,17.5,0.0,0.0,0.0,0.0,0.0,0.0,0.0,0.0,0.0,0.0,0.0,0.0,0.2729502204773889,0.27254154929507746,-0.009126050318679194,-0.009197746490986996
300.0,18.0,0.0,0.0,0.0,0.0,0.0,0.0,0.0,0.0,0.0,0.0,0.0,0.0,0.2727147215610335,0.27230587825445507,-0.009167283975258168,-0.009239397072249977
300.0,18.5,0.0,0.0,0.0,0.0,0.0,0.0,0.0,0.0,0.0,0.0,0.0,0.0,0.2724821448099607,0.2720731361913315,-0.009208224031680453,-0.00928075074477984
300.0,19.0,0.0,0.0,0.0,0.0,0.0,0.0,0.0,0.0,0.0,0.0,0.0,0.0,0.2722524215856639,0.27184325429707784,-0.00924887581293751,-0.00932181288355607
300.0,19.5,0.0,0.0,0.0,0.0,0.0,0.0,0.0,0.0,0.0,0.0,0.0,0.0,0.27202548563731854,0.27161616615204937,-0.009289244483899173,-0.009362588702914447
300.0,20.0,0.0,0.0,0.0,0.0,0.0,0.0,0.0,0.0,0.0,0.0,0.0,0.0,0.27180127298921974,0.27139180761351517,-0.009329335056500519,-0.009403083263675338
300.0,20.5,0.0,0.0,0.0,0.0,0.0,0.0,0.0,0.0,0.0,0.0,0.0,0.0,0.2715797218351226,0.2711701167104042,-0.009369152396471847,-0.009443301479825392
300.0,21.0,0.0,0.0,0.0,0.0,0.0,0.0,0.0,0.0,0.0,0.0,0.0,0.0,0.27136077243894785,0.27095103354434585,-0.009408701229650745,-0.009483248124789661
300.0,21.5,0.0,0.0,0.0,0.0,0.0,0.0,0.0,0.0,0.0,0.0,0.0,0.0,0.2711443670413733,0.2707345001965302,-0.009447986147909974,-0.009522927837327567
300.0,22.0,0.0,0.0,0.0,0.0,0.0,0.0,0.0,0.0,0.0,0.0,0.0,0.0,0.27093044977186687,0.2705204606399593,-0.009487011614733065,-0.009562345127082487
300.0,22.5,0.0,0.0,0.0,0.0,0.0,0.0,0.0,0.0,0.0,0.0,0.0,0.0,0.2707189665657677,0.2703088606566968,-0.009525781970464439,-0.009601504379812276
300.0,23.0,0.0,0.0,0.0,0.0,0.0,0.0,0.0,0.0,0.0,0.0,0.0,0.0,0.2705098650860476,0.2700996477597599,-0.009564301437260161,-0.009640409862324914
300.0,23.5,0.0,0.0,0.0,0.0,0.0,0.0,0.0,0.0,0.0,0.0,0.0,0.0,0.27030309464942487,0.26989277111932874,-0.009602574123761344,-0.009679065727141391
300.0,24.0,0.0,0.0,0.0,0.0,0.0,0.0,0.0,0.0,0.0,0.0,0.0,0.0,0.2700986061565258,0.2696881814929737,-0.009640604029511276,-0.00971747601690593
301.0,0.5,0.0,0.0,0.0,0.0,0.0,0.0,0.0,0.0,0.0,0.0,0.0,0.0,0.26989635202581824,0.2694858311596298,-0.009678395049134578,-0.009755644668561665
301.0,1.0,0.0,0.0,0.0,0.0,0.0,0.0,0.0,0.0,0.0,0.0,0.0,0.0,0.2696962861310623,0.2692856738570674,-0.009715950976295646,-0.009793575517308256
301.0,1.5,0.0,0.0,0.0,0.0,0.0,0.0,0.0,0.0,0.0,0.0,0.0,0.0,0.2694983637420455,0.2690876647226287,-0.009753275507451746,-0.00983127230035661
301.0,2.0,0.0,0.0,0.0,0.0,0.0,0.0,0.0,0.0,0.0,0.0,0.0,0.0,0.26930254146838883,0.26889176023701955,-0.009790372245414769,-0.009868738660494416
301.0,2.5,0.0,0.0,0.0,0.0,0.0,0.0,0.0,0.0,0.0,0.0,0.0,0.0,0.26910877720622495,0.26869791817096145,-0.009827244702734727,-0.00990597814947508
301.0,3.0,0.0,0.0,0.0,0.0,0.0,0.0,0.0,0.0,0.0,0.0,0.0,0.0,0.26891703008756873,0.2685060975345236,-0.009863896304916447,-0.009942994231241637
301.0,3.5,0.0,0.0,0.0,0.0,0.0,0.0,0.0,0.0,0.0,0.0,0.0,0.0,0.2687272604322093,0.2683162585289693,-0.009900330393480941,-0.009979790284996183
301.0,4.0,0.0,0.0,0.0,0.0,0.0,0.0,0.0,0.0,0.0,0.0,0.0,0.0,0.26853942970197175,0.26812836250096317,-0.009936550228880445,-0.01001636960812447
301.0,4.5,0.0,0.0,0.0,0.0,0.0,0.0,0.0,0.0,0.0,0.0,0.0,0.0,0.2683535004572025,0.2679423718989963,-0.009972558993277071,-0.010052735418984902
301.0,5.0,0.0,0.0,0.0,0.0,0.0,0.0,0.0,0.0,0.0,0.0,0.0,0.0,0.26816943631534595,0.2677582502318985,-0.010008359793193084,-0.010088890859569714
301.0,5.5,0.0,0.0,0.0,0.0,0.0,0.0,0.0,0.0,0.0,0.0,0.0,0.0,0.2679872019114888,0.2675759620293139,-0.010043955662040622,-0.010124838998046495
301.0,6.0,0.0,0.0,0.0,0.0,0.0,0.0,0.0,0.0,0.0,0.0,0.0,0.0,0.2678067628607578,0.26739547280402687,-0.010079349562538085,-0.01016058283118669
301.0,6.5,0.0,0.0,0.0,0.0,0.0,0.0,0.0,0.0,0.0,0.0,0.0,0.0,0.2676280857224637,0.26721674901603293,-0.010114544389019781,-0.010196125286687667
301.0,7.0,0.0,0.0,0.0,0.0,0.0,0.0,0.0,0.0,0.0,0.0,0.0,0.0,0.2674511379658929,0.26703975803825397,-0.010149542969644832,-0.010231469225394718
301.0,7.5,0.0,0.0,0.0,0.0,0.0,0.0,0.0,0.0,0.0,0.0,0.0,0.0,0.2672758879376529,0.26686446812380865,-0.01018434806851142,-0.010266617443428092
301.0,8.0,0.0,0.0,0.0,0.0,0.0,0.0,0.0,0.0,0.0,0.0,0.0,0.0,0.2671023048304871,0.26669084837475027,-0.010218962387681198,-0.010301572674220712
301.0,8.5,0.0,-0.010403727074216074,0.0,0.12183044463043226,0.0,18.5,0.0,0.0,0.0,0.2624763843377696,0.0697290099702297,0.06642288704938255,0.2669303586534775,0.2665188687121923,-0.010253388569119016,-0.010336337590471206
301.0,9.0,0.0,-0.012690855483143864,0.0,0.1413403064295004,0.0,18.5,0.0,0.0,0.0,0.31227092691241487,0.1458765271045628,0.13868897943610803,0.266751134441473,0.2663245102009994,-0.01028941910607761,-0.010375794686720476
301.0,9.5,0.0,-0.038771656586754556,0.0,0.3780799395049424,0.0,0.0,0.0,0.0,0.0,0.9167018056272291,0.20742740982122473,0.19675779185234082,0.2665637858237637,0.26612003869707723,-0.010327244329092175,-0.010417498709871974
301.0,10.0,0.0,-0.041958786589461824,0.0,0.38719305907714113,0.0,37.0,0.0,0.0,0.0,0.8889707929062679,0.2566929500875645,0.24197859797279253,0.26637014518224944,0.265879553416009,-0.01036651414277761,-0.010466803967107243
301.0,10.5,0.0,-0.019173083750331957,0.0,0.17319272151001117,0.0,18.5,0.0,0.0,0.0,0.3772274839299712,0.24093727148370464,0.2256681672854876,0.2661717510741031,0.2656336716200544,-0.010406932610900343,-0.01051750338258872
301,11.0,0.0,-0.015050271851506538,0.0,0.501489259901555,0.0,36.999666824737425,True,True,0.0,1.1045969505167625,0.32078162999034,0.2995895674467755,0.26597686302207413,0.2654186399881765,-0.01044681974260199,-0.010562081662537307
301,11.5,0.5081655526328587,0.5195392683109974,0.013758984514845014,0.3503899353212972,33.7803462457217,36.846933405621954,True,True,0.02510800829277729,0.7440013886538821,0.622911636622099,0.5768251102635782,0.26577327279768503,0.26515382790217873,-0.010488682609468813,-0.010617289665236241
301,12.0,1.1046492107976542,1.129370507121813,0.032814003638123174,0.451794732701112,33.78034603090874,36.767647852048285,True,True,0.05457973568183963,0.9717828211697598,1.083925507643854,0.9979066370358038,0.26553087556750904,0.2648743921468655,-0.010538786041401063,-0.01067591966264635
301,12.5,1.7992019621709843,1.8388595000908978,0.05408960820663291,0.41187085464016054,33.78034596062646,36.61367520577954,True,True,0.08889696980150874,0.8794969993477064,1.149619336651503,1.0505136334898064,0.2652287250417918,0.2645298002680511,-0.010601640317796533,-0.010748752471795133
301,13.0,2.497335161329149,2.550725085101022,0.07428415769547954,0.397043955713684,33.780345929916614,36.45968229317487,True,True,0.12339111066388742,0.8451637016114133,1.077752088228712,0.9783706203991309,0.2649168911926032,0.2641849940564225,-0.010666977870895336,-0.010822223925034326
301,13.5,3.6236098077538426,3.7103554383947843,0.1553778022231448,0.35409444692887626,32.22927581521119,35.00837490027975,True,True,0.12082960919324882,0.3020511672499336,1.007809711088247,0.9092661719905631,0.26461301836723555,0.2638526493062106,-0.010731109444636906,-0.010893607075487468
301,14.0,4.779642591982475,4.851087025958917,0.28634879302447025,0.3780242723490521,30.689688956414926,32.22591767022581,True,True,0.12049274785886133,0.16591602200302114,0.8967394889265947,0.8057598024374364,0.26430907808960313,0.26353593984320767,-0.010795715331284083,-0.010962154589893363
301,14.5,5.293030576850962,5.308256159534913,0.35234357884200307,0.3631535673217867,30.129519283895355,30.413227077791788,True,True,0.12255570418916184,0.12931977975698958,0.7235029748027832,0.6485756592705644,0.2640039332890497,0.2632307048236087,-0.01086104398295574,-0.011028705478024339
301,15.0,5.380581255960201,5.378238586273355,0.40120563752938593,0.3991274670058242,29.52918642967375,29.345048986786097,False,False,0.11457174911833644,0.11531580908265743,0.5652672417084104,0.5062617187480211,0.2637137645197122,0.26294870738924286,-0.01092360376496229,-0.01109061805490182
301,15.5,5.042397146208547,5.053972944167471,0.3688597183396986,0.39343171346464534,29.583692192342347,29.561618044848096,False,False,0.10815971642568206,0.11612711432010078,0.3551259541158011,0.31780626310698845,0.2634388224051794,0.26268155220663336,-0.010983277231412413,-0.011149654363046622
301,16.0,3.7707466083090173,3.804719554446597,0.25328053805473283,0.34199526724453205,14.960433134401743,15.795463598780303,False,False,0.0847351279152184,0.11414626950875031,0.12970743584309083,0.11592694769857624,0.2631960494142473,0.26244040868312885,-0.01103629184363815,-0.011203264347850824
301.0,16.5,0.0,0.0,0.0,0.0,0.0,0.0,0.0,0.0,0.0,0.0,0.0,0.0,0.2629979789351565,0.2622327961904255,-0.011079770682094918,-0.011249666044245477
301.0,17.0,0.0,0.0,0.0,0.0,0.0,0.0,0.0,0.0,0.0,0.0,0.0,0.0,0.26284994229405934,0.26208476863464425,-0.011112399802459868,-0.011282890291475061
301.0,17.5,0.0,0.0,0.0,0.0,0.0,0.0,0.0,0.0,0.0,0.0,0.0,0.0,0.2627031151067043,0.2619379525004706,-0.011144875496372247,-0.011315958183001412
301.0,18.0,0.0,0.0,0.0,0.0,0.0,0.0,0.0,0.0,0.0,0.0,0.0,0.0,0.26255747865240053,0.2617923290162949,-0.011177199591427173,-0.011348871581366075
301.0,18.5,0.0,0.0,0.0,0.0,0.0,0.0,0.0,0.0,0.0,0.0,0.0,0.0,0.2624130146357294,0.2616478798367545,-0.011209373880156998,-0.011381632313501717
301.0,19.0,0.0,0.0,0.0,0.0,0.0,0.0,0.0,0.0,0.0,0.0,0.0,0.0,0.2622697051737288,0.26150458702993484,-0.011241400120982315,-0.011414242171687135
301.0,19.5,0.0,0.0,0.0,0.0,0.0,0.0,0.0,0.0,0.0,0.0,0.0,0.0,0.2621275327835654,0.26136243306505236,-0.011273280039128114,-0.011446702914468256
301.0,20.0,0.0,0.0,0.0,0.0,0.0,0.0,0.0,0.0,0.0,0.0,0.0,0.0,0.2619864803706712,0.26122140080059864,-0.011305015327507155,-0.011479016267546792
301.0,20.5,0.0,0.0,0.0,0.0,0.0,0.0,0.0,0.0,0.0,0.0,0.0,0.0,0.2618465312173227,0.26108147347292393,-0.011336607647571911,-0.011511183924637639
301.0,21.0,0.0,0.0,0.0,0.0,0.0,0.0,0.0,0.0,0.0,0.0,0.0,0.0,0.26170766897164394,0.26094263468523976,-0.011368058630136343,-0.011543207548296979
301.0,21.5,0.0,0.0,0.0,0.0,0.0,0.0,0.0,0.0,0.0,0.0,0.0,0.0,0.26156987763701217,0.2608048683970229,-0.011399369876169286,-0.011575088770721883
301.0,22.0,0.0,0.0,0.0,0.0,0.0,0.0,0.0,0.0,0.0,0.0,0.0,0.0,0.26143314156184944,0.26066815891380235,-0.01143054295756047,-0.011606829194522971
301.0,22.5,0.0,0.0,0.0,0.0,0.0,0.0,0.0,0.0,0.0,0.0,0.0,0.0,0.26129744542978267,0.2605324908773122,-0.011461579417860383,-0.011638430393471195
301.0,23.0,0.0,0.0,0.0,0.0,0.0,0.0,0.0,0.0,0.0,0.0,0.0,0.0,0.2611627742501564,0.26039784925599535,-0.011492480772995086,-0.011669893913219797
301.0,23.5,0.0,0.0,0.0,0.0,0.0,0.0,0.0,0.0,0.0,0.0,0.0,0.0,0.26102911334888107,0.2602642193358422,-0.011523248511957471,-0.011701221272002592
301.0,24.0,0.0,0.0,0.0,0.0,0.0,0.0,0.0,0.0,0.0,0.0,0.0,0.0,0.2608964483596049,0.26013158671155,-0.011553884097475315,-0.011732413961309543
302.0,0.5,0.0,0.0,0.0,0.0,0.0,0.0,0.0,0.0,0.0,0.0,0.0,0.0,0.26076476521519354,0.2599999372779899,-0.011584388966657654,-0.011763473446540449
302.0,1.0,0.0,0.0,0.0,0.0,0.0,0.0,0.0,0.0,0.0,0.0,0.0,0.0,0.26063405013950514,0.2598692572219678,-0.011614764531620208,-0.011794401167637934
302.0,1.5,0.0,0.0,0.0,0.0,0.0,0.0,0.0,0.0,0.0,0.0,0.0,0.0,0.2605042896394484,0.25973953301426744,-0.011645012180090616,-0.011825198539700231
302.0,2.0,0.0,0.0,0.0,0.0,0.0,0.0,0.0,0.0,0.0,0.0,0.0,0.0,0.26037547049731197,0.2596107514019644,-0.011675133275994424,-0.011855866953574741
302.0,2.5,0.0,0.0,0.0,0.0,0.0,0.0,0.0,0.0,0.0,0.0,0.0,0.0,0.2602475797633531,0.2594828994009982,-0.011705129160022702,-0.011886407776433237
302.0,3.0,0.0,0.0,0.0,0.0,0.0,0.0,0.0,0.0,0.0,0.0,0.0,0.0,0.2601206047486359,0.25935596428899443,-0.01173500115018187,-0.011916822352329192
302.0,3.5,0.0,0.0,0.0,0.0,0.0,0.0,0.0,0.0,0.0,0.0,0.0,0.0,0.259994533018109,0.2592299335983244,-0.011764750542326318,-0.011947112002738106
302.0,4.0,0.0,0.0,0.0,0.0,0.0,0.0,0.0,0.0,0.0,0.0,0.0,0.0,0.2598693523839113,0.25910479510939477,-0.011794378610675046,-0.011977278027081466
302.0,4.5,0.0,0.0,0.0,0.0,0.0,0.0,0.0,0.0,0.0,0.0,0.0,0.0,0.2597450508988998,0.25898053684415645,-0.011823886608312103,-0.012007321703234855
302.0,5.0,0.0,0.0,0.0,0.0,0.0,0.0,0.0,0.0,0.0,0.0,0.0,0.0,0.25962161685038676,0.25885714705982554,-0.011853275767672453,-0.012037244288020969
302.0,5.5,0.0,0.0,0.0,0.0,0.0,0.0,0.0,0.0,0.0,0.0,0.0,0.0,0.2594990387540818,0.25873461424280636,-0.01188254730101274,-0.012067047017688006
302.0,6.0,0.0,0.0,0.0,0.0,0.0,0.0,0.0,0.0,0.0,0.0,0.0,0.0,0.25937730534822784,0.2586129271028104,-0.01191170240086852,-0.012096731108373969
302.0,6.5,0.0,0.0,0.0,0.0,0.0,0.0,0.0,0.0,0.0,0.0,0.0,0.0,0.2592564055879253,0.2584920745671625,-0.011940742240497758,-0.012126297756557427
302.0,7.0,0.0,0.0,0.0,0.0,0.0,0.0,0.0,0.0,0.0,0.0,0.0,0.0,0.259136328639636,0.2583720457752872,-0.01196966797431151,-0.012155748139495288
302.0,7.5,0.0,0.0,0.0,0.0,0.0,0.0,0.0,0.0,0.0,0.0,0.0,0.0,0.25901706387586104,0.25825283007336924,-0.011998480738292064,-0.012185083415647908
302.0,8.0,0.0,0.0,0.0,0.0,0.0,0.0,0.0,0.0,0.0,0.0,0.03536198235723593,0.0315580236445497,0.2588986008699851,0.2581344170091801,-0.012027181650399026,-0.012214304725092157
302,8.5,0.11295551812539856,0.11609137337682589,0.002882639870748867,0.2355438462676059,33.78034791215093,36.92474757667962,True,True,0.005581031754540217,0.4835700547562425,0.19873092809635828,0.17735822071252952,0.2587764231153102,0.25801277480015583,-0.012056868291413211,-0.012244409887481218
302,9.0,0.3780134683375514,0.3864728999465007,0.009784196295608517,0.2618528852352998,33.78034642210616,36.84845437522565,True,True,0.0186773094882682,0.5391851603064257,0.27117344935338106,0.24082165359734148,0.25863384094520464,0.2578433191749613,-0.012091623245995668,-0.012286495865541909
302,9.5,0.7452834679618203,0.7625168788809629,0.02083286624201786,0.3579251007862379,33.566210706283,36.77162060339484,True,True,0.03452741542208755,0.642056133771387,0.3197755325632238,0.2824521947196236,0.2584819193723059,0.25766319603467885,-0.012128786150700208,-0.012331420339697027
302,10.0,1.2215766415236837,1.2528818294504864,0.03930373099898827,0.388842859873155,33.16489206068033,36.5830039941216,True,True,0.050670987257954325,0.5420283104539744,0.436751625979453,0.3829471510887989,0.25832315830033453,0.2574662877950412,-0.012167767637154983,-0.012380755294445609
302,10.5,1.724330476719998,1.7731156785796256,0.06531486112367357,0.36590369997403166,32.63040540990974,36.207930714197275,True,True,0.06277628374007256,0.37706248812438575,0.5245436105901717,0.45634493629063205,0.25814788931353555,0.2572533864970879,-0.012210975899591116,-0.01243436211504962
302,11.0,2.392552320314712,2.4599257041202107,0.10437298956258952,0.32579893629424567,32.12580960493,35.463081878608826,True,True,0.0780863641899025,0.25915020423032054,0.7116793088229794,0.623879435847628,0.2606143970149193,0.25969034221361353,-0.011619339726397228,-0.011836901805015095
302,11.5,3.5406689247170586,3.6309347639798917,0.19880971750523782,0.35871294897486716,31.05508362565292,33.75368956724786,True,True,0.09474489534200839,0.17837601737508607,0.8067793034322789,0.7038754759017632,0.26038085288854446,0.2594398326207465,-0.011673872883130066,-0.01189671651234347
302,12.0,4.383962472872316,4.447029433266302,0.30333776615313573,0.37405935386072825,30.088673111020036,31.49863743200143,True,True,0.10090708148970787,0.12866556988764313,1.0432683261923725,0.9066939191772243,0.26012421390574114,0.2591759936372198,-0.011734150810890917,-0.011960103716871418
302,12.5,5.258036455127009,5.231937561146851,0.4183014340149588,0.37538335217009644,29.390983368916615,28.870614093057767,True,True,0.1099287557928746,0.10138995724703151,1.1294668169843884,0.97929815516559,0.2598251566509694,0.25888539247994646,-0.011804860196776802,-0.012030386811169073
302,13.0,5.850422608759255,5.724796317931176,0.5298809075899782,0.41094544536228506,28.691847641328522,26.838207735262777,True,True,0.11202089536384147,0.08865320642141866,1.1563424147864145,1.002346083616229,0.25950148401458084,0.25858639039359665,-0.01188196253378662,-0.012103215964643308
302,13.5,6.24599299204845,6.015337449927493,0.6008039707403662,0.41860189033460504,28.349328932474737,25.283765938405008,True,True,0.11485977122640881,0.08123884643274201,0.9889921548791755,0.858261381570087,0.25916116833661984,0.25828092080427034,-0.011963677414509754,-0.01217816357141814
302,14.0,6.269811916097624,5.993382818680051,0.6161336021053471,0.4092317647591213,28.209884037708918,24.507534335901706,False,True,0.11346872130955125,0.0761746742101995,0.8142433936796931,0.7083566230613594,0.2588341233047617,0.257993819951837,-0.012042837484696506,-0.0122491089699281
302,14.5,6.126077394281826,5.896770778648983,0.6017867250490397,0.41467029330084887,28.189862845811355,24.840299322894595,False,False,0.11061551877472298,0.07676462001114479,0.6501658418200488,0.5673820190434068,0.25852835870057267,0.25772798177272277,-0.012117411784821388,-0.012315239641024472
302,15.0,5.902730414469488,5.711500515058553,0.5646479163619992,0.3995813936039994,28.310054774768822,24.98728194477716,False,False,0.10805681370217397,0.07676154121786131,0.4832618756709399,0.42290453037115,0.2582462795000038,0.25748036422540815,-0.012186697751282788,-0.012377220678291462
302,15.5,5.283274483671419,5.2027339927413445,0.49333289343995457,0.4036922638786702,28.41643036598247,26.246634711890827,False,False,0.09791550665190661,0.08010875322367031,0.29034664676545224,0.25470190320289104,0.25799113390847583,0.25725401313129176,-0.012249775038756103,-0.012434203928322157
302,16.0,3.710820395719191,3.723429197699577,0.3306216602729922,0.3537771533003377,14.312325395235568,14.591028916103557,False,False,0.07048281910963235,0.0750033130594728,0.08557317310065189,0.07512533581858956,0.2577705758605996,0.25704948923092746,-0.01230461524728587,-0.012485961241796475
302.0,16.5,0.0,0.0,0.0,0.0,0.0,0.0,0.0,0.0,0.0,0.0,0.0,0.0,0.2575977479036714,0.2568751111465039,-0.012347792202150097,-0.012530292612461996
302.0,17.0,0.0,0.0,0.0,0.0,0.0,0.0,0.0,0.0,0.0,0.0,0.0,0.0,0.2574788422971194,0.25675627532946427,-0.01237760277915771,-0.012560611183610591
302.0,17.5,0.0,0.0,0.0,0.0,0.0,0.0,0.0,0.0,0.0,0.0,0.0,0.0,0.25736080759483015,0.25663831094554834,-0.012407279862464754,-0.01259079391207922
302.0,18.0,0.0,0.0,0.0,0.0,0.0,0.0,0.0,0.0,0.0,0.0,0.0,0.0,0.2572436296298834,0.2565212038117896,-0.01243682543532253,-0.012620842815976252
302.0,18.5,0.0,0.0,0.0,0.0,0.0,0.0,0.0,0.0,0.0,0.0,0.0,0.0,0.25712729463016254,0.2564049401401555,-0.012466241423888145,-0.012650759855410691
302.0,19.0,0.0,0.0,0.0,0.0,0.0,0.0,0.0,0.0,0.0,0.0,0.0,0.0,0.2570117892024567,0.2562895065216682,-0.012495529699607622,-0.01268054693490835
302.0,19.5,0.0,0.0,0.0,0.0,0.0,0.0,0.0,0.0,0.0,0.0,0.0,0.0,0.25689710031738466,0.2561748899113437,-0.012524692081473998,-0.012710205905701743
302.0,20.0,0.0,0.0,0.0,0.0,0.0,0.0,0.0,0.0,0.0,0.0,0.0,0.0,0.25678321529508785,0.2560610776138992,-0.012553730338168673,-0.01273973856790152
302.0,20.5,0.0,0.0,0.0,0.0,0.0,0.0,0.0,0.0,0.0,0.0,0.0,0.0,0.256670121791646,0.2559480572701813,-0.012582646190092932,-0.012769146672556764
302.0,21.0,0.0,0.0,0.0,0.0,0.0,0.0,0.0,0.0,0.0,0.0,0.0,0.0,0.25655780778617276,0.25583581684427203,-0.012611441311296158,-0.012798431923610767
302.0,21.5,0.0,0.0,0.0,0.0,0.0,0.0,0.0,0.0,0.0,0.0,0.0,0.0,0.2564462615685493,0.255724344611232,-0.012640117331307071,-0.012827595979758456
302.0,22.0,0.0,0.0,0.0,0.0,0.0,0.0,0.0,0.0,0.0,0.0,0.0,0.0,0.25633547172775817,0.255613629145442,-0.012668675836873835,-0.012856640456211587
302.0,22.5,0.0,0.0,0.0,0.0,0.0,0.0,0.0,0.0,0.0,0.0,0.0,0.0,0.2562254271407827,0.25550365930951036,-0.012697118373618142,-0.012885566926376591
302.0,23.0,0.0,0.0,0.0,0.0,0.0,0.0,0.0,0.0,0.0,0.0,0.0,0.0,0.25611611696203945,0.25539442424370984,-0.01272544644760832,-0.012914376923450877
302.0,23.5,0.0,0.0,0.0,0.0,0.0,0.0,0.0,0.0,0.0,0.0,0.0,0.0,0.2560075306133113,0.25528591335591655,-0.012753661526856383,-0.012943071941941598
302.0,24.0,0.0,0.0,0.0,0.0,0.0,0.0,0.0,0.0,0.0,0.0,0.0,0.0,0.2558996577741544,0.25517811631202053,-0.012781765042743138,-0.012971653439111736
303.0,0.5,0.0,0.0,0.0,0.0,0.0,0.0,0.0,0.0,0.0,0.0,0.0,0.0,0.2557924883727514,0.2550710230267821,-0.012809758391375471,-0.013000122836357484
303.0,1.0,0.0,0.0,0.0,0.0,0.0,0.0,0.0,0.0,0.0,0.0,0.0,0.0,0.25568601257718554,0.25496462365510836,-0.01283764293487971,-0.013028481520520864
303.0,1.5,0.0,0.0,0.0,0.0,0.0,0.0,0.0,0.0,0.0,0.0,0.0,0.0,0.25558022078711284,0.2548589085837277,-0.012865420002634598,-0.013056730845140968
303.0,2.0,0.0,0.0,0.0,0.0,0.0,0.0,0.0,0.0,0.0,0.0,0.0,0.0,0.25547510362581116,0.2547538684232387,-0.012893090892446979,-0.013084872131647609
303.0,2.5,0.0,0.0,0.0,0.0,0.0,0.0,0.0,0.0,0.0,0.0,0.0,0.0,0.2553706519325832,0.2546494940005153,-0.01292065687167394,-0.013112906670500073
303.0,3.0,0.0,0.0,0.0,0.0,0.0,0.0,0.0,0.0,0.0,0.0,0.0,0.0,0.2552668567554974,0.25454577635144654,-0.012948119178293548,-0.013140835722274296
303.0,3.5,0.0,0.0,0.0,0.0,0.0,0.0,0.0,0.0,0.0,0.0,0.0,0.0,0.25516370934444604,0.25444270671399505,-0.01297547902192756,-0.013168660518701122
303.0,4.0,0.0,0.0,0.0,0.0,0.0,0.0,0.0,0.0,0.0,0.0,0.0,0.0,0.25506120114450564,0.2543402765215562,-0.013002737584818362,-0.013196382263658204
303.0,4.5,0.0,0.0,0.0,0.0,0.0,0.0,0.0,0.0,0.0,0.0,0.0,0.0,0.2549593237895819,0.2542384773966025,-0.013029896022762728,-0.013224002134118151
303.0,5.0,0.0,0.0,0.0,0.0,0.0,0.0,0.0,0.0,0.0,0.0,0.0,0.0,0.2548580690963268,0.2541373011445982,-0.013056955466004416,-0.013251521281055036
303.0,5.5,0.0,0.0,0.0,0.0,0.0,0.0,0.0,0.0,0.0,0.0,0.0,0.0,0.25475742905831045,0.2540367397481709,-0.013083917020088268,-0.01327894083031155
303.0,6.0,0.0,0.0,0.0,0.0,0.0,0.0,0.0,0.0,0.0,0.0,0.0,0.0,0.25465739584043856,0.25393678536152553,-0.013110781766677002,-0.01330626188342892
303.0,6.5,0.0,0.0,0.0,0.0,0.0,0.0,0.0,0.0,0.0,0.0,0.0,0.0,0.25455796177359963,0.25383743030508993,-0.013137550764333497,-0.013333485518441185
303.0,7.0,0.0,0.0,0.0,0.0,0.0,0.0,0.0,0.0,0.0,0.0,0.0,0.0,0.25445911934953197,0.25373866706037973,-0.013164225049269724,-0.013360612790636042
303.0,7.5,0.0,0.0,0.0,0.0,0.0,0.0,0.0,0.0,0.0,0.0,0.0,0.0,0.2543608612158999,0.25364048826507124,-0.013190805636064134,-0.013387644733283705
303.0,8.0,0.0,0.0,0.0,0.0,0.0,0.0,0.0,0.0,0.0,0.0,0.0,0.0,0.2542631801715674,0.25354288670827274,-0.013217293518349313,-0.013414582358335394
303.0,8.5,0.0,0.0,0.0,0.0,0.0,0.0,0.0,0.0,0.0,0.0,0.0,0.0,0.2541660691620608,0.2534458553259839,-0.013243689669471051,-0.013441426657093095
303.0,9.0,0.0,0.0,0.0,0.0,0.0,0.0,0.0,0.0,0.0,0.0,0.0,0.0,0.25406952127521065,0.2533493871967348,-0.013269995043120519,-0.013468178600851805
303,9.5,1.7365453954489911,1.7599440258488597,0.060923385205344426,0.13879782654244863,16.373888963350282,17.56083179417675,False,False,0.0649660494154424,0.15000620400125828,0.03366540518643454,0.029518044359200316,0.2539735297369641,0.2532534755373951,-0.013296210573940757,-0.013494839141515853
303,10.0,2.008599143907115,2.036207627994815,0.07314107100590567,0.13640412807417096,16.324994147438368,17.3367626628584,False,False,0.0734546179010398,0.139827305010941,0.07678394096096468,0.06717404390012698,0.2538660341941666,0.2531366647385938,-0.013325641155294434,-0.013527393985095518
303,10.5,2.3132438273481504,2.3527996889303355,0.09281724119586882,0.16633829235205919,16.179654904368686,17.22368027118485,True,True,0.0792966960723607,0.14718324729046364,0.15874173198103028,0.138609612503025,0.25375203020132653,0.25301590366919485,-0.013356938496338117,-0.013561148179556823
303,11.0,5.101130301453379,5.159018000990537,0.22709049169012818,0.3496061019120808,15.961619685481807,16.869513551907083,False,False,0.15984387198386346,0.25470394967672033,0.24931097636042163,0.21719937553705615,0.2536256115252026,0.25288276168324186,-0.013391746485791228,-0.013598479372626109
303,11.5,5.230971727287724,5.271762352122713,0.24711011473056074,0.3188157884163615,15.836442579098206,16.463482020771202,False,False,0.15620918768246678,0.2064022642959519,0.23821113124427293,0.20667925595728043,0.25347107109862715,0.25271678109947443,-0.013434444415802592,-0.013645189669473753
303,12.0,2.8355793051663127,2.8546101136433744,0.14622643533524035,0.1618463570527441,15.690279313026021,16.038065095448495,True,True,0.0802721528115271,0.09120926687509276,0.22060384013890408,0.19085536046607512,0.25331591841438433,0.25255658931297037,-0.013477474775498257,-0.013690452275573415
303,12.5,6.080315326043213,6.109458190863148,0.3254893126612838,0.3598389560866101,31.178297708838834,31.819391530597017,False,False,0.1661469474951594,0.18644848548751353,0.35141558887277363,0.3037314759876694,0.2531763837545704,0.25241893552284334,-0.013516313917756,-0.013729489678663127
303,13.0,5.810687618910895,5.818625620945473,0.33291631497054264,0.34014517903597064,30.851590802290637,31.044904583157262,False,False,0.15034224146960543,0.15453114623296413,0.2439743737771105,0.2104026533204294,0.252997847899013,0.2522421794077704,-0.013566203607441162,-0.013779810823363147
303,13.5,7.175839641155886,7.071462208960922,0.4887609274572436,0.3824659872010798,30.20050823042473,28.745987706079966,False,False,0.167885245246706,0.13588465178320647,0.7913794163016066,0.6814477828180049,0.25283256380959995,0.2520803328101186,-0.013612585946245212,-0.013826080175927026
303,14.0,6.281181614058276,6.2252015423027665,0.4222249022472779,0.37001809124401014,30.158947758773962,29.23313671751013,False,False,0.14606114456149516,0.12944637699616424,0.36796329602792704,0.31721352436531475,0.252578163637931,0.25185356759056965,-0.013684345981526376,-0.013891220491578342
303,14.5,6.1452842670472245,6.084471207090898,0.43259655234214817,0.37992857069999364,29.9404222119339,28.827455279171993,False,False,0.1384775922153323,0.12304358250764333,0.3924801635166098,0.3382895726796272,0.2523866948242546,0.25167529946029116,-0.013738652017384816,-0.013942686425257087
303,15.0,4.4013217864545675,4.425380180390853,0.28064458182577934,0.35625205238327295,30.345299482746036,30.939830128612584,False,False,0.10521335185795826,0.13382890535459194,0.11087903057472144,0.09554941599377902,0.2521912699705428,0.25149357256644567,-0.013794345100384265,-0.013995384917461913
303.0,15.5,0.0,0.0,0.0,0.0,0.0,0.0,0.0,0.0,0.0,0.0,0.04251532340993025,0.0365061937903708,0.2520515785073285,0.25134628043046076,-0.013834319923826163,-0.014038271962387697
303.0,16.0,0.0,0.0,0.0,0.0,0.0,0.0,0.0,0.0,0.0,0.0,0.0,0.0,0.251956841358499,0.25125238976586206,-0.013861508945280923,-0.014065691829695103
303.0,16.5,0.0,0.0,0.0,0.0,0.0,0.0,0.0,0.0,0.0,0.0,0.0,0.0,0.2518679960700539,0.25116362521673025,-0.01388706490550485,-0.014091673364232464
303.0,17.0,0.0,0.0,0.0,0.0,0.0,0.0,0.0,0.0,0.0,0.0,0.0,0.0,0.2517796196858971,0.25107532958079243,-0.013912541701284812,-0.014117574395622494
303.0,17.5,0.0,0.0,0.0,0.0,0.0,0.0,0.0,0.0,0.0,0.0,0.0,0.0,0.2516917071849872,0.25098749783083635,-0.01393794004023976,-0.014143395644442289
303.0,18.0,0.0,0.0,0.0,0.0,0.0,0.0,0.0,0.0,0.0,0.0,0.0,0.0,0.2516042536329356,0.25090012502644377,-0.013963260618082618,-0.014169137819150015
303.0,18.5,0.0,0.0,0.0,0.0,0.0,0.0,0.0,0.0,0.0,0.0,0.0,0.0,0.2515172541798411,0.2508132063118228,-0.013988504118930732,-0.01419480161640019
303.0,19.0,0.0,0.0,0.0,0.0,0.0,0.0,0.0,0.0,0.0,0.0,0.0,0.0,0.25143070405819473,0.2507267369137119,-0.014013671215605887,-0.014220387721348334
303.0,19.5,0.0,0.0,0.0,0.0,0.0,0.0,0.0,0.0,0.0,0.0,0.0,0.0,0.2513445985808548,0.2506407121393528,-0.014038762569923606,-0.014245896807944821
303.0,20.0,0.0,0.0,0.0,0.0,0.0,0.0,0.0,0.0,0.0,0.0,0.0,0.0,0.2512589331390876,0.2505551273745296,-0.014063778832972659,-0.01427132953921897
303.0,20.5,0.0,0.0,0.0,0.0,0.0,0.0,0.0,0.0,0.0,0.0,0.0,0.0,0.25117370320067195,0.25046997808167204,-0.01408872064538514,-0.014296686567553105
303.0,21.0,0.0,0.0,0.0,0.0,0.0,0.0,0.0,0.0,0.0,0.0,0.0,0.0,0.25108890430806485,0.25038525979801846,-0.014113588637597149,-0.014321968534947759
303.0,21.5,0.0,0.0,0.0,0.0,0.0,0.0,0.0,0.0,0.0,0.0,0.0,0.0,0.2510045320766254,0.2503009681338388,-0.01413838343010097,-0.014347176073277635
303.0,22.0,0.0,0.0,0.0,0.0,0.0,0.0,0.0,0.0,0.0,0.0,0.0,0.0,0.250920582192895,0.2502170987707125,-0.014163105633688784,-0.01437230980453942
303.0,22.5,0.0,0.0,0.0,0.0,0.0,0.0,0.0,0.0,0.0,0.0,0.0,0.0,0.25083705041293225,0.2501336474598612,-0.014187755849688179,-0.014397370341091153
303.0,23.0,0.0,0.0,0.0,0.0,0.0,0.0,0.0,0.0,0.0,0.0,0.0,0.0,0.2507539325606986,0.2500506100205333,-0.014212334670190214,-0.014422358285883842
303.0,23.5,0.0,0.0,0.0,0.0,0.0,0.0,0.0,0.0,0.0,0.0,0.0,0.0,0.2506712245264952,0.24996798233843767,-0.014236842678269758,-0.01444727423268573
303.0,24.0,0.0,0.0,0.0,0.0,0.0,0.0,0.0,0.0,0.0,0.0,0.0,0.0,0.25058892226544643,0.24988576036422627,-0.014261280448199033,-0.014472118766299119
304.0,0.5,0.0,0.0,0.0,0.0,0.0,0.0,0.0,0.0,0.0,0.0,0.0,0.0,0.25050702179603074,0.2498039401120225,-0.014285648545654043,-0.014496892462770326
304.0,1.0,0.0,0.0,0.0,0.0,0.0,0.0,0.0,0.0,0.0,0.0,0.0,0.0,0.2504255191986552,0.24972251765799378,-0.014309947527914533,-0.014521595889593068
304.0,1.5,0.0,0.0,0.0,0.0,0.0,0.0,0.0,0.0,0.0,0.0,0.0,0.0,0.253004444912417,0.25230153459069005,-0.013564356252003657,-0.013762888377995088
304.0,2.0,0.0,0.0,0.0,0.0,0.0,0.0,0.0,0.0,0.0,0.0,0.0,0.0,0.2529116416539647,0.2522088222862042,-0.013590371435082843,-0.013789331978717827
304.0,2.5,0.0,0.0,0.0,0.0,0.0,0.0,0.0,0.0,0.0,0.0,0.0,0.0,0.25281940717246054,0.25211667849625247,-0.01361628609911731,-0.013815673428776641
304.0,3.0,0.0,0.0,0.0,0.0,0.0,0.0,0.0,0.0,0.0,0.0,0.0,0.0,0.25272773325115533,0.2520250950064709,-0.013642101627363415,-0.01384191413385317
304.0,3.5,0.0,0.0,0.0,0.0,0.0,0.0,0.0,0.0,0.0,0.0,0.0,0.0,0.2526366118793442,0.2519340638083831,-0.013667819367144472,-0.013868055463141484
304.0,4.0,0.0,0.0,0.0,0.0,0.0,0.0,0.0,0.0,0.0,0.0,0.0,0.0,0.2525460352450535,0.2518435770920976,-0.01369344063114967,-0.013894098750665856
304.0,4.5,0.0,0.0,0.0,0.0,0.0,0.0,0.0,0.0,0.0,0.0,0.0,0.0,0.2630790865986995,0.2623767777295224,-0.011061941949646638,-0.011217461682699232
304.0,5.0,0.0,0.0,0.0,0.0,0.0,0.0,0.0,0.0,0.0,0.0,0.0,0.0,0.2761429377799098,0.2754408997034263,-0.008588267274474122,-0.008703207444126773
304.0,5.5,0.0,0.0,0.0,0.0,0.0,0.0,0.0,0.0,0.0,0.0,0.0,0.0,0.2863537341995988,0.2856521108990135,-0.0071047521775379745,-0.007196366770954173
304.0,6.0,0.0,0.0,0.0,0.0,0.0,0.0,0.0,0.0,0.0,0.0,0.0,0.0,0.2885130277932264,0.28781183495531776,-0.006831395060897314,-0.006918766423746571
304.0,6.5,0.0,0.0,0.0,0.0,0.0,0.0,0.0,0.0,0.0,0.0,0.0,0.0,0.2880287448449539,0.28732795010268203,-0.0068915971215441916,-0.006979837267706657
304.0,7.0,0.0,0.0,0.0,0.0,0.0,0.0,0.0,0.0,0.0,0.0,0.0,0.0,0.28756933471191387,0.2868689147008432,-0.0069492923153086205,-0.007038366405237318
304.0,7.5,0.0,0.0,0.0,0.0,0.0,0.0,0.0,0.0,0.0,0.0,0.0,0.0,0.2871316668623681,0.2864316069219052,-0.007004793044169114,-0.00709466984806133
304.0,8.0,0.0,0.0,0.0,0.0,0.0,0.0,0.0,0.0,0.0,0.0,0.0,0.0,0.2867131659451531,0.28601345962371616,-0.007058357830628384,-0.0071490089487051
304.0,8.5,0.0,0.0,0.0,0.0,0.0,0.0,0.0,0.0,0.0,0.0,0.0,0.0,0.28631168838803933,0.28561233684823817,-0.007110203025635405,-0.007201602301178571
304.0,9.0,0.0,0.0,0.0,0.0,0.0,0.0,0.0,0.0,0.0,0.0,0.0,0.0,0.28592543154484523,0.2852264429259858,-0.007160511479640988,-0.007252634552073915
304,9.5,1.7701339980019912,1.798065251729745,0.052607665559172546,0.14014918799365267,16.677854760896565,17.82062372778213,False,False,0.07726973341632738,0.21301071455291115,0.14014150444221474,0.14014150444221474,0.2855528655802884,0.2848542543526193,-0.007209439080319848,-0.007302263041723334
304,10.0,5.166212954824751,5.239200644841775,0.16982781547486736,0.3332638920838646,33.13007533104468,35.07643964694465,False,False,0.21236652060914574,0.4430071509657356,0.7336518620344767,0.7336518620344767,0.28516811900943256,0.28445874968052304,-0.007260384983353938,-0.007355444661615613
304,10.5,5.424332229117681,5.481070095704488,0.19742223689601876,0.31294024287607713,32.71751131406818,34.369683892664646,False,False,0.20149594725259384,0.3300580865265491,0.5554925637635613,0.5554925637635613,0.2847040559081103,0.28397428227965205,-0.007322405377528628,-0.007421218880628827
304,11.0,5.501619204666156,5.549401433757556,0.2133955566380284,0.31165666351174326,32.46684963051923,33.961683637983874,False,False,0.19306638286025407,0.2883860660685771,0.47810352065554285,0.47810352065554285,0.28426945482534094,0.28352541299753947,-0.0073810614675377615,-0.00748278640566315
304,11.5,5.77535066227675,5.812870556789934,0.2400033918732278,0.3103129681498426,32.2069537898921,33.334297253753974,False,False,0.19168273627013188,0.25207007083354077,0.4804152957983122,0.4804152957983122,0.28385210107367254,0.28309602387944527,-0.0074379174420015175,-0.007542252343897916
304,12.0,6.707658550831486,6.7370745271561585,0.3032363040972195,0.33283951255389,31.931115116550092,32.54961098113647,False,False,0.21051099177957497,0.2374309521771904,0.7329428457090683,0.7329428457090683,0.2834397336108681,0.2826752201767166,-0.0074946073718339164,-0.007601076371127241
304,12.5,6.520335284861563,6.54542464957835,0.31809913049131355,0.3504442285371263,31.58751971952478,32.186016506920254,False,False,0.19164163137522544,0.2141660184917033,0.586432676268497,0.586432676268497,0.28299513891444583,0.2822274166994617,-0.007556305447356289,-0.007664276087848389
304,13.0,3.1555399111648974,3.1397515746610174,0.1625295995273653,0.13994529466369657,15.69027930960664,15.371872190292896,False,False,0.08932988807274589,0.07809608421900222,0.30669699733429745,0.30669699733429745,0.28257474646690744,0.2818035086783479,-0.007615202301203402,-0.007724681045628168
304,13.5,5.6456233863901675,5.672827654191562,0.29291714359804877,0.33395056751935137,31.301753975483614,32.07710526070896,False,False,0.15761115928450947,0.18075019598566539,0.3874801514377152,0.3874801514377152,0.2822167321528391,0.28144902325473614,-0.007665791657925145,-0.007775629492306721
304,14.0,4.940413652387694,4.966269816970163,0.2706879860241956,0.31420509317380974,31.058796159600135,31.825132390868486,False,False,0.13228332854736002,0.15382905412962755,0.28217794713867866,0.28217794713867866,0.2818382495983241,0.2810660088885924,-0.007719709336224366,-0.007831128945244051
304,14.5,1.8811738884033713,1.8752101604419709,0.10514921343611706,0.09486310638809924,15.495044189523002,15.268534719215163,False,False,0.04979401065730708,0.04501967714357032,0.0909435245835314,0.0909435245835314,0.28148204486595374,0.2807050033610102,-0.007770866582290874,-0.007883871867602893
304.0,15.0,0.0,0.0,0.0,0.0,0.0,0.0,0.0,0.0,0.0,0.0,0.06842590246884324,0.06842590246884324,0.2811769573345268,0.28040201973239365,-0.007815003902151264,-0.007928464717154254
304.0,15.5,0.0,0.0,0.0,0.0,0.0,0.0,0.0,0.0,0.0,0.0,0.0,0.0,0.2808934546093034,0.280119359095561,-0.007856286510669752,-0.007970337653917286
304.0,16.0,0.0,0.0,0.0,0.0,0.0,0.0,0.0,0.0,0.0,0.0,0.0,0.0,0.2806236830010118,0.27985047883454484,-0.007895811118418925,-0.008010413937045763
304.0,16.5,0.0,0.0,0.0,0.0,0.0,0.0,0.0,0.0,0.0,0.0,0.0,0.0,0.28299443802616175,0.28222229389169223,-0.00755640318896951,-0.007665002697819584
304.0,17.0,0.0,0.0,0.0,0.0,0.0,0.0,0.0,0.0,0.0,0.0,0.0,0.0,0.28533112238094227,0.2845602329932483,-0.0072387488280713196,-0.0073417547963464435
304.0,17.5,0.0,0.0,0.0,0.0,0.0,0.0,0.0,0.0,0.0,0.0,0.0,0.0,0.28763155229956183,0.28686214124210174,-0.006941445097547007,-0.007039234420982879
304.0,18.0,0.0,0.0,0.0,0.0,0.0,0.0,0.0,0.0,0.0,0.0,0.0,0.0,0.28726999730122166,0.2865021291043905,-0.006987194445839004,-0.007085553913451681
304.0,18.5,0.0,0.0,0.0,0.0,0.0,0.0,0.0,0.0,0.0,0.0,0.0,0.0,0.2869179134666898,0.2861516547894276,-0.007032091031695439,-0.007130995518390471
304.0,19.0,0.0,0.0,0.0,0.0,0.0,0.0,0.0,0.0,0.0,0.0,0.0,0.0,0.28657455551672867,0.2858099748445805,-0.007076206353980427,-0.007175631523426598
304.0,19.5,0.0,0.0,0.0,0.0,0.0,0.0,0.0,0.0,0.0,0.0,0.0,0.0,0.2862392669114216,0.28547643420166513,-0.007119603483173159,-0.007219525690379929
304.0,20.0,0.0,0.0,0.0,0.0,0.0,0.0,0.0,0.0,0.0,0.0,0.0,0.0,0.28591146671437423,0.2851504530173747,-0.007162338274383004,-0.007262734493091551
304.0,20.5,0.0,0.0,0.0,0.0,0.0,0.0,0.0,0.0,0.0,0.0,0.0,0.0,0.2855906387757851,0.2848315158522596,-0.007204460370869725,-0.007305308139756075
304.0,21.0,0.0,0.0,0.0,0.0,0.0,0.0,0.0,0.0,0.0,0.0,0.0,0.0,0.2852763227590326,0.28451916270634087,-0.0072460140403632235,-0.007347291423507178
304.0,21.5,0.0,0.0,0.0,0.0,0.0,0.0,0.0,0.0,0.0,0.0,0.0,0.0,0.2849681066457301,0.2842129815417355,-0.007287038876777448,-0.007388724434930156
304.0,22.0,0.0,0.0,0.0,0.0,0.0,0.0,0.0,0.0,0.0,0.0,0.0,0.0,0.2846656204361296,0.28391260200597246,-0.007327570392684017,-0.0074296431626752835
304.0,22.5,0.0,0.0,0.0,0.0,0.0,0.0,0.0,0.0,0.0,0.0,0.0,0.0,0.28436853082327573,0.28361769013215304,-0.007367640522464986,-0.00747008000270303
304.0,23.0,0.0,0.0,0.0,0.0,0.0,0.0,0.0,0.0,0.0,0.0,0.0,0.0,0.284076536665975,0.2833279438394504,-0.007407278051920252,-0.0075100641924019515
304.0,23.5,0.0,0.0,0.0,0.0,0.0,0.0,0.0,0.0,0.0,0.0,0.0,0.0,0.28905041505008866,0.28830475710251524,-0.006765323387718973,-0.006857208447722336
304.0,24.0,0.0,0.0,0.0,0.0,0.0,0.0,0.0,0.0,0.0,0.0,0.0,0.0,0.29131243462774464,0.2905701489460287,-0.006495422841464104,-0.006582552674321536
305.0,0.5,0.0,0.0,0.0,0.0,0.0,0.0,0.0,0.0,0.0,0.0,0.0,0.0,0.29614544028823664,0.29540747941342427,-0.005960541562562927,-0.006038719669431489
305.0,1.0,0.0,0.0,0.0,0.0,0.0,0.0,0.0,0.0,0.0,0.0,0.0,0.0,0.29826115458573843,0.29752807986579427,-0.0057430014276747855,-0.005817288868778216
305.0,1.5,0.0,0.0,0.0,0.0,0.0,0.0,0.0,0.0,0.0,0.0,0.0,0.0,0.30033068732366336,0.2996031193471567,-0.0055393016157051535,-0.005609918076088399
305.0,2.0,0.0,0.0,0.0,0.0,0.0,0.0,0.0,0.0,0.0,0.0,0.0,0.0,0.29975531177827236,0.2990332792053601,-0.005595058242031975,-0.005665975646789393
305.0,2.5,0.0,0.0,0.0,0.0,0.0,0.0,0.0,0.0,0.0,0.0,0.0,0.0,0.301804093136129,0.30108834236809157,-0.005399512627056376,-0.005466887685196114
305.0,3.0,0.0,0.0,0.0,0.0,0.0,0.0,0.0,0.0,0.0,0.0,0.0,0.0,0.30120830610716254,0.3004989119018321,-0.00545552568398654,-0.005523125097046553
305.0,3.5,0.0,0.0,0.0,0.0,0.0,0.0,0.0,0.0,0.0,0.0,0.0,0.0,0.30323442527734,0.3025322858084403,-0.005267812865459502,-0.005331979172211782
305.0,4.0,0.0,0.0,0.0,0.0,0.0,0.0,0.0,0.0,0.0,0.0,0.0,0.0,0.30520886286614507,0.30451498091757173,-0.005092246101446368,-0.005153139839284868
305.0,4.5,0.0,0.0,0.0,0.0,0.0,0.0,0.0,0.0,0.0,0.0,0.0,0.0,0.3071304280915022,0.3064459301006471,-0.004928035087942019,-0.004985796418108078
305.0,5.0,0.0,0.0,0.0,0.0,0.0,0.0,0.0,0.0,0.0,0.0,0.0,0.0,0.3089980147165497,0.30832408586668375,-0.004774448152157514,-0.0048292040544040465
305.0,5.5,0.0,0.0,0.0,0.0,0.0,0.0,0.0,0.0,0.0,0.0,0.0,0.0,0.31081055403877644,0.3101484383944385,-0.004630811606283212,-0.004682676776466643
305.0,6.0,0.0,0.0,0.0,0.0,0.0,0.0,0.0,0.0,0.0,0.0,0.0,0.0,0.31256693988120765,0.3119179435150325,-0.004496510735829234,-0.004545588221914151
305.0,6.5,0.0,0.0,0.0,0.0,0.0,0.0,0.0,0.0,0.0,0.0,0.0,0.0,0.3117021920227143,0.3110661863356905,-0.004562044649606748,-0.004610970616992733
305.0,7.0,0.0,0.0,0.0,0.0,0.0,0.0,0.0,0.0,0.0,0.0,0.0,0.0,0.31087838355364894,0.3102553625373683,-0.004625537097021415,-0.004674254461489097
305.0,7.5,0.0,0.0,0.0,0.0,0.0,0.0,0.0,0.0,0.0,0.0,0.0,0.0,0.31008785283282425,0.3094778923606148,-0.004687457069815916,-0.0047359092705705945
305.0,8.0,0.0,0.0,0.0,0.0,0.0,0.0,0.0,0.0,0.0,0.0,0.0,0.0,0.30932472950213563,0.30872795835250344,-0.0047481693435757815,-0.004796300624021313
305.0,8.5,0.0,0.0,0.0,0.0,0.0,0.0,0.0,0.0,0.0,0.0,0.0,0.0,0.30858442996638835,0.30800101052914797,-0.004807963173782845,-0.0048557187042891255
305.0,9.0,0.0,0.0,0.0,0.0,0.0,0.0,0.0,0.0,0.0,0.0,0.0,0.0,0.3078633199506942,0.30729343476872706,-0.0048670716020934954,-0.0049143975387699835
305.0,9.5,0.0,0.0,0.0,0.0,0.0,0.0,0.0,0.0,0.0,0.0,0.037768545974865904,0.037768545974865904,0.30715848183236005,0.3066023238493968,-0.004925684832114255,-0.004972528352985223
305,10.0,2.276003797035753,2.296992332091182,0.060814460243627314,0.13791612591547278,16.79533044802841,17.741589012716346,False,False,0.10619866101791102,0.2466089336996232,0.0834005247137271,0.0834005247137271,0.3064627912104891,0.3059206006283229,-0.004984363935614489,-0.005030673959719134
305,10.5,2.672563728444422,2.6960834048879705,0.07263404667278957,0.140601353382243,16.792603819830983,17.626617164473306,False,False,0.12450306080191266,0.2508138895075661,0.15988813039122088,0.15988813039122088,0.3057658818686953,0.3052280639412388,-0.005043982822104021,-0.00509057327990705
305,11.0,2.6364138799242447,2.6594893174725605,0.07214247988332616,0.14198533196567664,16.77233305680599,17.62741769780181,False,False,0.12137795872362754,0.24679242604833904,0.13825695047917422,0.13825695047917422,0.305068960055353,0.3045368646607302,-0.005104454400000582,-0.005151206159309854
305,11.5,2.990118061966797,3.0165377990084012,0.08547736376035162,0.14242693888554916,16.74446644736018,17.477423376080214,False,False,0.13547696734370224,0.2383265795512762,0.2589569963029206,0.2589569963029206,0.3043853619500446,0.30385887152273067,-0.005164610911804058,-0.005211518362314659
305,12.0,3.1813920290119198,3.2076673884021987,0.10279715393374031,0.1449213022078906,16.568502277439947,17.179742627447503,False,False,0.13101144973378337,0.19521417322486542,0.33285590605077503,0.33285590605077503,0.30369471614491816,0.30317552202536124,-0.0052262474083861225,-0.005273160361310552
305,12.5,2.588566011649238,2.60635445162245,0.10026708531293564,0.13605718801034847,16.201311255588674,16.81591032849805,False,False,0.08957056979525872,0.12277462368733186,0.12495155856183333,0.12495155856183333,0.30300219283245444,0.30249215808112123,-0.005288933505980357,-0.005335674367150568
305,13.0,5.904969884311493,5.929150074047373,0.2479367118440939,0.28375119408326416,32.130823442057505,32.81123687012429,False,False,0.19292051937826243,0.22451307476942134,0.500603825692377,0.500603825692377,0.3023460728659827,0.30184590739688033,-0.005349152543223745,-0.005395607245283143
305,13.5,6.530548003022649,6.554346091128048,0.30623353127826614,0.3391531523359697,31.73940583767186,32.290458492462484,False,False,0.1974836227713515,0.22426013424896352,0.6943495623885841,0.6943495623885841,0.30163277444241865,0.3011423131349703,-0.0054155487146814955,-0.00546177252252984
305,14.0,6.023846377539057,6.036249232049947,0.2994919384151154,0.32226113059221556,31.46662558062826,31.77612481245588,False,False,0.17318093770539827,0.18911618245580686,0.5339362300048242,0.5339362300048242,0.30089684040773823,0.30041623321847744,-0.005485083695074013,-0.005531068456595271
305,14.5,1.851695499338885,1.8458387654869322,0.0989860333860091,0.08985778346027405,15.571339392573606,15.343741404902486,False,False,0.05029059586691448,0.0457870517401304,0.10126672964803572,0.10126672964803572,0.3001916891485103,0.2997219622231053,-0.005552710321281407,-0.005598310424798696
305.0,15.0,0.0,0.0,0.0,0.0,0.0,0.0,0.0,0.0,0.0,0.0,0.0,0.0,0.2995767158852653,0.29912162673176973,-0.005612500853500336,-0.005657240961059025
305.0,15.5,0.0,0.0,0.0,0.0,0.0,0.0,0.0,0.0,0.0,0.0,0.0,0.0,0.2989967602699767,0.29855480651838084,-0.00566959087028324,-0.0057135610979846905
305.0,16.0,0.0,0.0,0.0,0.0,0.0,0.0,0.0,0.0,0.0,0.0,0.0,0.0,0.29842630321275065,0.29799712131237693,-0.0057264221278975815,-0.005769626745378361
305.0,16.5,0.0,0.0,0.0,0.0,0.0,0.0,0.0,0.0,0.0,0.0,0.0,0.0,0.2978653300332655,0.2974485387369021,-0.005782971696031987,-0.005825417970756316
305.0,17.0,0.0,0.0,0.0,0.0,0.0,0.0,0.0,0.0,0.0,0.0,0.0,0.0,0.29731380827142884,0.2969090145922683,-0.0058392183231604534,-0.005880916017843951
305.0,17.5,0.0,0.0,0.0,0.0,0.0,0.0,0.0,0.0,0.0,0.0,0.0,0.0,0.2967716863007935,0.29637849067239463,-0.005895142701376804,-0.005936103618048282
305.0,18.0,0.0,0.0,0.0,0.0,0.0,0.0,0.0,0.0,0.0,0.0,0.0,0.0,0.29884172388237895,0.2984610707860151,-0.0056849694654803416,-0.005722939075112411
305.0,18.5,0.0,0.0,0.0,0.0,0.0,0.0,0.0,0.0,0.0,0.0,0.0,0.0,0.29825351535480255,0.29788481508461007,-0.005743769714356073,-0.005780996359465739
305.0,19.0,0.0,0.0,0.0,0.0,0.0,0.0,0.0,0.0,0.0,0.0,0.0,0.0,0.2976787028316706,0.2973214008198018,-0.005801932203408561,-0.005838439588470963
305.0,19.5,0.0,0.0,0.0,0.0,0.0,0.0,0.0,0.0,0.0,0.0,0.0,0.0,0.29711669058646994,0.296770264164259,-0.005859479208857116,-0.005895290243644074
305.0,20.0,0.0,0.0,0.0,0.0,0.0,0.0,0.0,0.0,0.0,0.0,0.0,0.0,0.29656693878893003,0.29623089455596,-0.005916429978396161,-0.005951566831562349
305.0,20.5,0.0,0.0,0.0,0.0,0.0,0.0,0.0,0.0,0.0,0.0,0.0,0.0,0.2960289538535422,0.29570282548524013,-0.005972801394870311,-0.006007285528833816
305.0,21.0,0.0,0.0,0.0,0.0,0.0,0.0,0.0,0.0,0.0,0.0,0.0,0.0,0.2955022809069556,0.2951856272822671,-0.00602860848883673,-0.006062460682901242
305.0,21.5,0.0,0.0,0.0,0.0,0.0,0.0,0.0,0.0,0.0,0.0,0.0,0.0,0.2949864978715547,0.29467890143779996,-0.006083864834804187,-0.006117105201255398
305.0,22.0,0.0,0.0,0.0,0.0,0.0,0.0,0.0,0.0,0.0,0.0,0.0,0.0,0.29448121078733913,0.29418227610419334,-0.006138582857670331,-0.006171230854022613
305.0,22.5,0.0,0.0,0.0,0.0,0.0,0.0,0.0,0.0,0.0,0.0,0.0,0.0,0.29398605008651807,0.29369540250844134,-0.006192774069681074,-0.006224848509158581
305.0,23.0,0.0,0.0,0.0,0.0,0.0,0.0,0.0,0.0,0.0,0.0,0.0,0.0,0.2935006676039932,0.29321795207257284,-0.006246449253552678,-0.006277968315127875
305.0,23.5,0.0,0.0,0.0,0.0,0.0,0.0,0.0,0.0,0.0,0.0,0.0,0.0,0.2930247341584438,0.29274961408457334,-0.006299618603835067,-0.006330599842621737
305.0,24.0,0.0,0.0,0.0,0.0,0.0,0.0,0.0,0.0,0.0,0.0,0.0,0.0,0.2925579375775695,0.2922900937992661,-0.006352291835870758,-0.006382752194309556
306.0,0.5,0.0,0.0,0.0,0.0,0.0,0.0,0.0,0.0,0.0,0.0,0.0,0.0,0.294711854695501,0.29445183281556125,-0.006113533780683607,-0.006141782224088485
306.0,1.0,0.0,0.0,0.0,0.0,0.0,0.0,0.0,0.0,0.0,0.0,0.0,0.0,0.29420600801093383,0.29395340303599693,-0.006168631438250479,-0.006196367004677513
306.0,1.5,0.0,0.0,0.0,0.0,0.0,0.0,0.0,0.0,0.0,0.0,0.0,0.0,0.29371199236765355,0.29346643308782977,-0.006223012415453837,-0.006250255902004628
306.0,2.0,0.0,0.0,0.0,0.0,0.0,0.0,0.0,0.0,0.0,0.0,0.0,0.0,0.29322917046015107,0.29299031514116697,-0.006276714007297999,-0.006303484623009409
306.0,2.5,0.0,0.0,0.0,0.0,0.0,0.0,0.0,0.0,0.0,0.0,0.0,0.0,0.29275696803954104,0.2925245008581771,-0.006329769356497259,-0.0063560849288927575
306.0,3.0,0.0,0.0,0.0,0.0,0.0,0.0,0.0,0.0,0.0,0.0,0.0,0.0,0.29229486491844825,0.29206849298677634,-0.006382208081535199,-0.00640808522657838
306.0,3.5,0.0,0.0,0.0,0.0,0.0,0.0,0.0,0.0,0.0,0.0,0.0,0.0,0.2918423875475901,0.2916218384077841,-0.006434056794331288,-0.006459511057377736
306.0,4.0,0.0,0.0,0.0,0.0,0.0,0.0,0.0,0.0,0.0,0.0,0.0,0.0,0.29139910285031084,0.2911841223487254,-0.0064853395292494434,-0.006510385502848516
306.0,4.5,0.0,0.0,0.0,0.0,0.0,0.0,0.0,0.0,0.0,0.0,0.0,0.0,0.2909646130710115,0.29075496354041025,-0.006536078100435779,-0.006560729523525058
306.0,5.0,0.0,0.0,0.0,0.0,0.0,0.0,0.0,0.0,0.0,0.0,0.0,0.0,0.29053855144609475,0.2903340101401854,-0.006586292400868831,-0.006610562242912914
306.0,5.5,0.0,0.0,0.0,0.0,0.0,0.0,0.0,0.0,0.0,0.0,0.0,0.0,0.29012057854622797,0.2899209362823201,-0.00663600065374323,-0.006659901186612925
306.0,6.0,0.0,0.0,0.0,0.0,0.0,0.0,0.0,0.0,0.0,0.0,0.0,0.0,0.28971037916965303,0.28951543914422706,-0.006685219624672888,-0.006708762484478918
306.0,6.5,0.0,0.0,0.0,0.0,0.0,0.0,0.0,0.0,0.0,0.0,0.0,0.0,0.28930765969025396,0.28911723643918286,-0.006733964801535663,-0.006757161042181316
306.0,7.0,0.0,0.0,0.0,0.0,0.0,0.0,0.0,0.0,0.0,0.0,0.0,0.0,0.2889121457828355,0.2887260642634292,-0.006782250547475501,-0.006805110687341796
306.0,7.5,0.0,0.0,0.0,0.0,0.0,0.0,0.0,0.0,0.0,0.0,0.0,0.0,0.28852358046281057,0.2883416752391215,-0.006830090231545347,-0.006852624294447319
306.0,8.0,0.0,0.0,0.0,0.0,0.0,0.0,0.0,0.0,0.0,0.0,0.0,0.0,0.28814172238916624,0.28796383690536725,-0.006877496340653061,-0.0068997138919890885
306.0,8.5,0.0,0.0,0.0,0.0,0.0,0.0,0.0,0.0,0.0,0.0,0.02535928065872073,0.02535928065872073,0.287766344388879,0.2875923303182104,-0.006924480575815033,-0.006946390754659564
306,9.0,1.6870744835003249,1.7156833487165437,0.0656866838956611,0.12811893038715666,16.191349511469227,17.304993555229228,True,False,0.05812491439075937,0.11532328779864282,0.15916606480635925,0.15916606480635925,0.28739400056457653,0.28722371722351,-0.006971463333455631,-0.006993076393892354
306,9.5,4.214343310227933,4.261550861947796,0.17709858789102065,0.2980747732806519,32.076076099124876,34.05134684352534,False,False,0.13615538865469368,0.23144333225244873,0.34392517696640873,0.34392517696640873,0.2870022979674818,0.2868276558712972,-0.00702129935264474,-0.0070436556842574955
306,10.0,4.707072230915662,4.746133572058719,0.2172966287293988,0.2903334294018386,31.718575779477625,33.05178960748115,False,False,0.14178035698997604,0.19112716738173477,0.4324927594629576,0.4324927594629576,0.2865787249191482,0.2863921367151122,-0.0070756686864097695,-0.007099777998771926
306,10.5,5.25063436033861,5.269647288973697,0.2770251983770887,0.3048034422291875,31.17829772623223,31.71991859662041,False,False,0.14347559700512466,0.15911492056358106,0.5392597814728859,0.5392597814728859,0.2861444324466961,0.2859518864461883,-0.007131935594308277,-0.00715705233103351
306,11.0,6.309985847900748,6.255781589127018,0.3940482496313832,0.3373011844806216,30.462463778435882,29.573205500345885,False,False,0.15354318093844604,0.13306121621405392,0.9269884138463643,0.9269884138463643,0.28569443974331915,0.28550158844035683,-0.00719079992911712,-0.007216204243180687
306,11.5,6.659272238084739,6.516331206809898,0.4610066168531144,0.3387608852102183,29.962885530408254,27.8001070315805,False,False,0.150538786345404,0.11147162351515935,0.8904622568152106,0.8904622568152106,0.28518547763041124,0.2850029828555994,-0.007258077234853308,-0.00728238284879937
306,12.0,6.812826676211023,6.59496435868081,0.4951924598422809,0.33913034452041546,29.741761206265693,26.912496423728008,False,False,0.14931806189221528,0.10321557996234997,1.0192287855251396,1.0192287855251396,0.2846778336435764,0.28451393776097705,-0.007325928693553631,-0.007347996147631576
306,12.5,6.622882020870421,6.426943829267882,0.5014539694067089,0.3453232215600648,29.519044138095307,26.61898729161682,False,False,0.14083356789730786,0.09743781524537219,0.8151409039093246,0.8151409039093246,0.28415447148877204,0.2840133843582409,-0.007396673775476455,-0.007415884219200862
306,13.0,5.916901684661447,5.793770112754707,0.45930250418646595,0.33594644255290096,29.374630138216254,26.882242336205543,False,False,0.1234382322396034,0.09031944614185297,0.5173832515099492,0.5173832515099492,0.2836612243329902,0.2835428598154523,-0.007464094343917071,-0.00748038203585095
306,13.5,5.855784682619786,5.711701325488351,0.46190709261185203,0.3272252771760736,29.29779211432795,26.437788244514522,False,False,0.12094449817825567,0.08569675224294261,0.5024247327001028,0.5024247327001028,0.28321606288647344,0.28311615381850974,-0.007525571663638536,-0.00753945200560598
306,14.0,5.239285727710971,5.168540676559362,0.4176075245246519,0.33887663691018755,29.238084746628097,27.437027359305223,False,False,0.10737902071954819,0.08706630796553597,0.36467465869613647,0.36467465869613647,0.28277711677310285,0.2826970198540002,-0.007586782267594479,-0.007598015605697305
306.0,14.5,0.0,0.0,0.0,0.0,0.0,0.0,0.0,0.0,0.0,0.0,0.0,0.0,0.2823658874690832,0.28229838990705064,-0.007644666693515289,-0.00765421781372441
306.0,15.0,0.0,0.0,0.0,0.0,0.0,0.0,0.0,0.0,0.0,0.0,0.0,0.0,0.28205874634826894,0.2819937359626449,-0.0076882431877367974,-0.007697504629770042
306.0,15.5,0.0,0.0,0.0,0.0,0.0,0.0,0.0,0.0,0.0,0.0,0.0,0.0,0.2843869097699133,0.28432461347477533,-0.007365154088043275,-0.0073735860246519225
306.0,16.0,0.0,0.0,0.0,0.0,0.0,0.0,0.0,0.0,0.0,0.0,0.0,0.0,0.2866755023577265,0.28661614244237427,-0.007063202365311467,-0.007070845667122858
306.0,16.5,0.0,0.0,0.0,0.0,0.0,0.0,0.0,0.0,0.0,0.0,0.0,0.0,0.2889221545181615,0.28886594324874976,-0.006781023568133335,-0.006787917985390154
306.0,17.0,0.0,0.0,0.0,0.0,0.0,0.0,0.0,0.0,0.0,0.0,0.0,0.0,0.29112475970452945,0.2910718939399859,-0.006517321750657965,-0.006523506281723065
306.0,17.5,0.0,0.0,0.0,0.0,0.0,0.0,0.0,0.0,0.0,0.0,0.0,0.0,0.29328152730281914,0.2932321834958424,-0.006270864029574245,-0.006276377176040128
306.0,18.0,0.0,0.0,0.0,0.0,0.0,0.0,0.0,0.0,0.0,0.0,0.0,0.0,0.29278394699167015,0.2927378809182327,-0.00632672372023587,-0.006331925144288171
306.0,18.5,0.0,0.0,0.0,0.0,0.0,0.0,0.0,0.0,0.0,0.0,0.0,0.0,0.29491162275309457,0.2948689941845458,-0.0060919363454290335,-0.006096537389426353
306.0,19.0,0.0,0.0,0.0,0.0,0.0,0.0,0.0,0.0,0.0,0.0,0.0,0.0,0.2943871621940928,0.2943477215860612,-0.0061488320897679066,-0.006153136317573111
306.0,19.5,0.0,0.0,0.0,0.0,0.0,0.0,0.0,0.0,0.0,0.0,0.0,0.0,0.30167406154651105,0.3016387922564834,-0.005411678899258464,-0.00541498446337766
306.0,20.0,0.0,0.0,0.0,0.0,0.0,0.0,0.0,0.0,0.0,0.0,0.0,0.0,0.3035682902352472,0.3035371911946591,-0.005237624948006319,-0.005240428187801783
306.0,20.5,0.0,0.0,0.0,0.0,0.0,0.0,0.0,0.0,0.0,0.0,0.0,0.0,0.30283553339646585,0.30280814181780774,-0.005304152734575529,-0.0053066591052947625
306.0,21.0,0.0,0.0,0.0,0.0,0.0,0.0,0.0,0.0,0.0,0.0,0.0,0.0,0.3072974806629078,0.307274261405193,-0.004914059621367332,-0.004915999295106053
306.0,21.5,0.0,0.0,0.0,0.0,0.0,0.0,0.0,0.0,0.0,0.0,0.0,0.0,0.3090406367607765,0.3090215034629215,-0.004771010101828584,-0.004772553098778035
306.0,22.0,0.0,0.0,0.0,0.0,0.0,0.0,0.0,0.0,0.0,0.0,0.0,0.0,0.31073715449432365,0.3107220097057473,-0.004636527323243539,-0.004637707713294301
306.0,22.5,0.0,0.0,0.0,0.0,0.0,0.0,0.0,0.0,0.0,0.0,0.0,0.0,0.30982790802025256,0.3098162457080088,-0.00470803321816503,-0.004708958877828236
306.0,23.0,0.0,0.0,0.0,0.0,0.0,0.0,0.0,0.0,0.0,0.0,0.0,0.0,0.3089714690326956,0.3089629118977783,-0.004776590916097438,-0.0047772818910435675
306.0,23.5,0.0,0.0,0.0,0.0,0.0,0.0,0.0,0.0,0.0,0.0,0.0,0.0,0.3081578426430688,0.30815209661209697,-0.004842825957501973,-0.004843297602922097
306.0,24.0,0.0,0.0,0.0,0.0,0.0,0.0,0.0,0.0,0.0,0.0,0.0,0.0,0.3073795324656438,0.30737635950419884,-0.004907212537309773,-0.004907477104199827
307.0,0.5,0.0,0.0,0.0,0.0,0.0,0.0,0.0,0.0,0.0,0.0,0.0,0.0,0.3066308418153757,0.3066300368915219,-0.004970113495390148,-0.004970181635941317
307.0,1.0,0.0,0.0,0.0,0.0,0.0,0.0,0.0,0.0,0.0,0.0,0.0,0.0,0.30590741064293814,0.3059087894743369,-0.005031806925650879,-0.005031688475431079
307.0,1.5,0.0,0.0,0.0,0.0,0.0,0.0,0.0,0.0,0.0,0.0,0.0,0.0,0.30520587949841516,0.3052092719267823,-0.0050925060749373,-0.005092210456747556
307.0,2.0,0.0,0.0,0.0,0.0,0.0,0.0,0.0,0.0,0.0,0.0,0.0,0.0,0.30452364383940544,0.30452889027920743,-0.005152374267274247,-0.005151910687344098
307.0,2.5,0.0,0.0,0.0,0.0,0.0,0.0,0.0,0.0,0.0,0.0,0.0,0.0,0.30385867233046865,0.30386562192927313,-0.0052115362050949255,-0.005210913733154304
307.0,3.0,0.0,0.0,0.0,0.0,0.0,0.0,0.0,0.0,0.0,0.0,0.0,0.0,0.3032093709406799,0.3032178806880272,-0.005270086618132522,-0.005269314203124292
307.0,3.5,0.0,0.0,0.0,0.0,0.0,0.0,0.0,0.0,0.0,0.0,0.0,0.0,0.3025744802976119,0.30258441464203834,-0.005328096945996503,-0.005327183397730264
307.0,4.0,0.0,0.0,0.0,0.0,0.0,0.0,0.0,0.0,0.0,0.0,0.0,0.0,0.30195299755268384,0.30196422826935965,-0.005385620541741037,-0.005384574496551115
307.0,4.5,0.0,0.0,0.0,0.0,0.0,0.0,0.0,0.0,0.0,0.0,0.0,0.0,0.3013441165605297,0.301356522719574,-0.005442696747276314,-0.005441526628460061
307.0,5.0,0.0,0.0,0.0,0.0,0.0,0.0,0.0,0.0,0.0,0.0,0.0,0.0,0.3007471819027758,0.300760649853331,-0.005499354097517459,-0.005498068076848569
307.0,5.5,0.0,0.0,0.0,0.0,0.0,0.0,0.0,0.0,0.0,0.0,0.0,0.0,0.30016165347705925,0.3001760768020581,-0.0055556128447147215,-0.005554218808510769
307.0,6.0,0.0,0.0,0.0,0.0,0.0,0.0,0.0,0.0,0.0,0.0,0.0,0.0,0.2995870792076234,0.2996023586286088,-0.005611486948054773,-0.00560999246949581
307.0,6.5,0.0,0.0,0.0,0.0,0.0,0.0,0.0,0.0,0.0,0.0,0.0,0.0,0.29902307403162165,0.2990391172577105,-0.005666985640163912,-0.0056653979584367214
307.0,7.0,0.0,0.0,0.0,0.0,0.0,0.0,0.0,0.0,0.0,0.0,0.0,0.0,0.29846930375112196,0.2984860252747443,-0.0057221146575062685,-0.0057204406636596145
307.0,7.5,0.0,0.0,0.0,0.0,0.0,0.0,0.0,0.0,0.0,0.0,0.0,0.0,0.2979254726642094,0.29794279351082165,-0.005776877203171282,-0.005775123432165453
307.0,8.0,0.0,0.0,0.0,0.0,0.0,0.0,0.0,0.0,0.0,0.0,0.0,0.0,0.2973913141322796,0.2974091615732896,-0.005831274696405496,-0.005829447324628202
307,8.5,3.80751236645177,3.849262023696992,0.212478338533761,0.31091642048087303,15.431079559573384,16.366956076863172,False,False,0.0986829116866077,0.14432914382650092,0.18920757148525796,0.18920757148525796,0.29686658342665323,0.2968848906652707,-0.005885307352267457,-0.005883412199701891
307,9.0,5.965495509306608,5.902918459668844,0.38195817814301647,0.3257023062640871,30.31756028238106,29.20058692961095,False,False,0.14201287807655694,0.1220130509962977,0.6704856485019351,0.6704856485019351,0.2962998643860804,0.2963060259861968,-0.0059443350981817295,-0.005943689541964712
307,9.5,5.645055441449213,5.550269853165106,0.4085647355022799,0.3141881641163099,29.710728709704753,27.655453188180992,False,False,0.1231970622002884,0.0948254047204112,0.5143530586451888,0.5143530586451888,0.2956592013636757,0.2956728744683321,-0.006011916218658195,-0.006010464364485981
307,10.0,6.486740320435409,6.2755238944380265,0.48512064987759856,0.3283792193327969,29.576840485768933,26.545204444342225,False,False,0.13901253876348774,0.09465242988815047,0.8862432763099524,0.8862432763099524,0.2950438219367778,0.29506981334864574,-0.00607769393229441,-0.006074898429241039
307,10.5,6.6856373744574595,6.423333968172839,0.5158881494001137,0.3362032186050457,29.428008064363464,26.027468856110225,False,False,0.14045879227022684,0.09218169043600258,1.0085851708139384,1.0085851708139384,0.29437987506214913,0.29442608575382695,-0.006149627077953786,-0.006144587805106176
307.0,11.0,0.0,0.0,0.0,0.0,0.0,0.0,0.0,0.0,0.0,0.0,0.0,0.0,0.30150842169254816,0.30157781568468944,-0.0054272241592340335,-0.005420705082779766
307,11.5,3.2255207236834815,3.215289193468712,0.16781118891849528,0.15399675527434903,15.620080884112381,15.41592021100067,False,False,0.08908525098335687,0.08253494145047562,0.3389364513974643,0.3389364513974643,0.3034261622801465,0.303495793635755,-0.005250450829409704,-0.005244162500931321
307,12.0,6.314593739629794,6.17930509633115,0.42655041914178704,0.3061237429272735,30.056863166573372,27.65564465483763,False,False,0.14467914919065764,0.1042913142479821,0.7508495111088785,0.7508495111088785,0.30521872006738915,0.3052902914892599,-0.005091387248018121,-0.005085156436105612
307,12.5,2.945082401761628,2.910487753986801,0.18835469496756033,0.15130985189958843,15.151115886650876,14.419863910796055,False,False,0.0699493351765946,0.05632631364196652,0.2313117012772226,0.2313117012772226,0.30686554174679603,0.30695257092550843,-0.004950292444846946,-0.004942966539325079
307,13.0,2.297066797099899,2.2902431043956195,0.1510248828882744,0.14080018617178097,15.078489499969821,14.865863767176643,False,False,0.05340009183102886,0.049720670324792264,0.06645571166383511,0.06645571166383511,0.3059816033236106,0.30607338071539986,-0.00502543802894362,-0.005017572898161329
307,13.5,5.7212388074597325,5.590305667371376,0.4283626928307594,0.3105714118206166,29.535961528656344,26.918309872296568,False,False,0.12193614494190319,0.08847456896615462,0.5345510003338637,0.5345510003338637,0.30516150664195396,0.3052545389140304,-0.005096374635060624,-0.005088267821008271
307,14.0,5.508399284757259,5.331093935191021,0.4579345335250412,0.32377842641324256,29.004906028307666,25.738202524261467,False,False,0.10960190258086686,0.07749188878224189,0.4870042275308806,0.4870042275308806,0.3042791880020183,0.3043871103149296,-0.005174029810208268,-0.005164455981995047
307,14.5,2.277639064866432,2.2966180102884275,0.18576346658736542,0.21662179818582425,14.541007617598865,15.087979665319741,False,False,0.04576005009660905,0.053246046540783375,0.14094714342208686,0.14094714342208686,0.3085755996893838,0.30870037916167065,-0.00480868178988525,-0.00479853898177145
307.0,15.0,0.0,0.0,0.0,0.0,0.0,0.0,0.0,0.0,0.0,0.0,0.08734813162497795,0.08734813162497795,0.3076550052139394,0.3077755208694873,-0.004884307799188641,-0.00487432734754229
307,15.5,2.5854306030903142,2.6240534658118237,0.19567542359086124,0.2733227743985815,14.722283401700954,15.75052871087828,False,False,0.05443644648832557,0.07579882935183416,0.17462659365703914,0.17462659365703914,0.3093727137229529,0.30949275600142195,-0.0047443243355938915,-0.00473472150460738
307.0,16.0,0.0,0.0,0.0,0.0,0.0,0.0,0.0,0.0,0.0,0.0,0.0,0.0,0.30843046308126126,0.30854002918429413,-0.00482051149879139,-0.004811577846806143
307.0,16.5,0.0,0.0,0.0,0.0,0.0,0.0,0.0,0.0,0.0,0.0,0.0,0.0,0.307576023211849,0.3076848951500414,-0.004890861867680881,-0.0048818302083633094
307.0,17.0,0.0,0.0,0.0,0.0,0.0,0.0,0.0,0.0,0.0,0.0,0.0,0.0,0.30675633929391444,0.3068644014239064,-0.004959503151656337,-0.004950388520295757
307.0,17.5,0.0,0.0,0.0,0.0,0.0,0.0,0.0,0.0,0.0,0.0,0.0,0.0,0.30853942003200585,0.3086464510122511,-0.004811627460478513,-0.0048029194476123995
307.0,18.0,0.0,0.0,0.0,0.0,0.0,0.0,0.0,0.0,0.0,0.0,0.0,0.0,0.32286726494569656,0.32297211323117014,-0.0037960737114104415,-0.003789641947456036
307.0,18.5,0.0,0.0,0.0,0.0,0.0,0.0,0.0,0.0,0.0,0.0,0.0,0.0,0.3213583120171626,0.32146092926763803,-0.003890094430278644,-0.0038836132151205665
307.0,19.0,0.0,0.0,0.0,0.0,0.0,0.0,0.0,0.0,0.0,0.0,0.0,0.0,0.3199822018296485,0.3200824320045085,-0.003978265901690388,-0.003971764003692113
307.0,19.5,0.0,0.0,0.0,0.0,0.0,0.0,0.0,0.0,0.0,0.0,0.0,0.0,0.31870124949235457,0.31879888613646024,-0.004062487910859284,-0.004055994032813284
307.0,20.0,0.0,0.0,0.0,0.0,0.0,0.0,0.0,0.0,0.0,0.0,0.0,0.0,0.3174914099858785,0.317586223487493,-0.004143991941325922,-0.0041375346480679
307.0,20.5,0.0,0.0,0.0,0.0,0.0,0.0,0.0,0.0,0.0,0.0,0.0,0.0,0.31633691736531067,0.3164286947664623,-0.004223590225847892,-0.004217196227117935
307.0,21.0,0.0,0.0,0.0,0.0,0.0,0.0,0.0,0.0,0.0,0.0,0.0,0.0,0.3152274939743514,0.31531606446473665,-0.004301803270176156,-0.004295496126008305
307.0,21.5,0.0,0.0,0.0,0.0,0.0,0.0,0.0,0.0,0.0,0.0,0.0,0.0,0.3141564316361149,0.31424167804358794,-0.004378954445552061,-0.0043727538870773595
307.0,22.0,0.0,0.0,0.0,0.0,0.0,0.0,0.0,0.0,0.0,0.0,0.0,0.0,0.31566328868068244,0.3157447631471664,-0.00427087615846159,-0.00426512357980641
307.0,22.5,0.0,0.0,0.0,0.0,0.0,0.0,0.0,0.0,0.0,0.0,0.0,0.0,0.3170793749342135,0.3171567014468631,-0.004172193523760511,-0.004166883551648101
307.0,23.0,0.0,0.0,0.0,0.0,0.0,0.0,0.0,0.0,0.0,0.0,0.0,0.0,0.31588332631380106,0.315956663588694,-0.00425536138831925,-0.0042502053315619254
307.0,23.5,0.0,0.0,0.0,0.0,0.0,0.0,0.0,0.0,0.0,0.0,0.0,0.0,0.31473833720108246,0.3148078457197341,-0.004336835754541169,-0.004331837022837958
307.0,24.0,0.0,0.0,0.0,0.0,0.0,0.0,0.0,0.0,0.0,0.0,0.0,0.0,0.3136380160420895,0.31370386307596454,-0.0044168887650722945,-0.0044120488563748235
308.0,0.5,0.0,0.0,0.0,0.0,0.0,0.0,0.0,0.0,0.0,0.0,0.0,0.0,0.31257777321686264,0.31264013330502377,-0.004495696885042695,-0.004491015515294886
308.0,1.0,0.0,0.0,0.0,0.0,0.0,0.0,0.0,0.0,0.0,0.0,0.0,0.0,0.3115542100358595,0.31161326305866827,-0.004573373011780231,-0.004568848352498009
308.0,1.5,0.0,0.0,0.0,0.0,0.0,0.0,0.0,0.0,0.0,0.0,0.0,0.0,0.31056471475310893,0.3106206430349569,-0.004649988531398993,-0.0046456174914918024
308.0,2.0,0.0,0.0,0.0,0.0,0.0,0.0,0.0,0.0,0.0,0.0,0.0,0.0,0.30960719675276477,0.30966018204530327,-0.004725588325261933,-0.004721366835059784
308.0,2.5,0.0,0.0,0.0,0.0,0.0,0.0,0.0,0.0,0.0,0.0,0.0,0.0,0.30867991263870825,0.30873013343214367,-0.00480020087205619,-0.0047961241450738944
308.0,3.0,0.0,0.0,0.0,0.0,0.0,0.0,0.0,0.0,0.0,0.0,0.0,0.0,0.307781353246222,0.307828982599404,-0.004873844958530803,-0.004869907719005703
308.0,3.5,0.0,0.0,0.0,0.0,0.0,0.0,0.0,0.0,0.0,0.0,0.0,0.0,0.30691017084504635,0.30695537477414003,-0.004946534060628736,-0.004942730733003885
308.0,4.0,0.0,0.0,0.0,0.0,0.0,0.0,0.0,0.0,0.0,0.0,0.0,0.0,0.30606513268206326,0.30610806906730575,-0.005018279137294274,-0.005014603998663095
308.0,4.5,0.0,0.0,0.0,0.0,0.0,0.0,0.0,0.0,0.0,0.0,0.0,0.0,0.305245091637569,0.30528590957157337,-0.005089090353577645,-0.0050855376526679295
308.0,5.0,0.0,0.0,0.0,0.0,0.0,0.0,0.0,0.0,0.0,0.0,0.0,0.0,0.3044489678804097,0.30448780737137054,-0.005158978090578446,-0.005155542137938568
308.0,5.5,0.0,0.0,0.0,0.0,0.0,0.0,0.0,0.0,0.0,0.0,0.0,0.0,0.30367573749609794,0.30371272944307764,-0.005227953487996185,-0.005224628722240459
308.0,6.0,0.0,0.0,0.0,0.0,0.0,0.0,0.0,0.0,0.0,0.0,0.0,0.0,0.3029244254593399,0.3029596918271418,-0.005296028686877362,-0.005292809721550388
308.0,6.5,0.0,0.0,0.0,0.0,0.0,0.0,0.0,0.0,0.0,0.0,0.0,0.0,0.30219410125243934,0.3022277553860523,-0.005363216885761094,-0.0053600985408506375
308.0,7.0,0.0,0.0,0.0,0.0,0.0,0.0,0.0,0.0,0.0,0.0,0.0,0.0,0.3014838760461977,0.301516023077089,-0.005429532285818241,-0.005426509607337981
308.0,7.5,0.0,0.0,0.0,0.0,0.0,0.0,0.0,0.0,0.0,0.0,0.0,0.0,0.3007929007637701,0.30082363807127505,-0.005494989974747083,-0.005492058245213378
308.0,8.0,0.0,0.0,0.0,0.0,0.0,0.0,0.0,0.0,0.0,0.0,0.04189601789674332,0.04189601789674332,0.30012036461066666,0.30014978231096995,-0.0055596057815757325,-0.0055567605236599375
308,8.5,1.9914774777026751,2.016792713177833,0.05696655818342008,0.19280894521170355,16.651849084508292,17.9254024622483,False,False,0.08570856601512847,0.30293807116307714,0.27655809098464046,0.27655809098464046,0.2994601548968007,0.2994883363394897,-0.005623919755282752,-0.005621156423917031
308,9.0,3.851724217637085,3.9045002669111923,0.1165241482897524,0.26731648941672365,33.183636099447355,35.29891204996781,False,False,0.16055419661467285,0.3851840964933034,0.47415877565349845,0.47415877565349845,0.2987797095924184,0.298789421076488,-0.005691134790259235,-0.005690168769899281
308,9.5,4.7167097094058885,4.771069956535758,0.1760813081749185,0.2694993354755889,32.506013932440965,34.040022717739234,False,False,0.16696432414280643,0.26576318694707557,0.7195438066929697,0.7195438066929697,0.29808271813166587,0.29807212581302706,-0.005760979016506076,-0.0057620483061886565
308,10.0,5.460130108397338,5.49169300509074,0.2545989932361807,0.28983770814745313,31.696393668329435,32.371605243214006,False,False,0.16377513575252767,0.19442433993193892,1.051894352931506,1.051894352931506,0.2973624216057054,0.2973389027722669,-0.005834234404340965,-0.00583664496059637
308,10.5,6.1081173875300445,6.084505389518373,0.32921119937248305,0.30259074301039,31.11367154323961,30.742590887217315,False,False,0.16507417663490065,0.1583652895610555,1.3256239542708563,1.3256239542708563,0.296604684590845,0.2965757143571513,-0.0059124987297345735,-0.005915515719732298
308,11.0,6.36818576440003,6.264376356283492,0.38710228450353484,0.3069467299981588,30.579902729290062,29.19343842080884,False,False,0.15779395876550179,0.13015050804172945,1.540652324891821,1.540652324891821,0.2958168698740823,0.29579038817124714,-0.005995199807354132,-0.005998003590573376
308,11.5,6.431007522100458,6.24495332037181,0.4392158569551178,0.3165623236420461,30.04152859042761,27.823518814362096,False,False,0.147021695270652,0.11019297062877842,1.6655160812320713,1.6655160812320713,0.2950080145332409,0.2949908969670698,-0.006081547703838433,-0.0060833910103335305
308,12.0,6.481534829814521,6.195671120951447,0.4667120058843434,0.3012939461105947,29.762279849429692,26.46271378840017,False,False,0.14245979916397913,0.09501034928338366,1.744517434363632,1.744517434363632,0.29418980049091936,0.29418751302612467,-0.006170406547638434,-0.006170657128512125
308,12.5,6.516350717904935,6.191616238338591,0.4927768743500931,0.310410577037541,29.50640017428711,25.833937806078907,False,False,0.13833440572722855,0.08974282294639006,1.728884698320955,1.728884698320955,0.29337069373438135,0.29338873342796784,-0.006260916157901109,-0.0062589058431578625
308,13.0,6.541271976936787,6.217952321248241,0.49706861353399456,0.31362704788214263,29.475371430233416,25.75898742894774,False,False,0.13829083379035945,0.08975051919797239,1.685160804865599,1.685160804865599,0.2925624481283713,0.29260301948701506,-0.006351780361203446,-0.0063471819701103206
308,13.5,6.504559914158159,6.208865339804047,0.48778185035149413,0.31515021164869006,29.52495755674251,25.97885941045311,False,False,0.13842690564063015,0.0918276126025575,1.5592090724555308,1.5592090724555308,0.2917709559289129,0.2918342381099673,-0.006442287832958522,-0.0064349952174967175
308,14.0,6.212758882316678,6.003236709180886,0.43510750282524563,0.3091995543342755,29.83262441969323,27.01337483191114,False,False,0.13789248288327882,0.10016637009760021,1.2367661903874254,1.2367661903874254,0.2910079882425813,0.2910926432855787,-0.006530991663297524,-0.0065210780746237755
308,14.5,5.95652957690721,5.789796802365174,0.40109532525294594,0.2991803024356991,29.986415587729184,27.346793385291637,False,False,0.13510441112414567,0.10246675957953515,1.0158002064866216,1.0158002064866216,0.2903036984362584,0.29040380928483,-0.006614167935932953,-0.006602268269736601
308,15.0,4.4730633147253025,4.444318452561428,0.28143227782490576,0.2992850069073472,30.24249883643551,29.42429679784614,False,False,0.1053016478424943,0.11260653543513116,0.4269273060756934,0.4269273060756934,0.2896423829546901,0.28975492675004294,-0.00669342031468718,-0.0066798534497810105
308,15.5,2.5821132081254246,2.620212825426175,0.14633280343604055,0.25074046892498325,15.331953643029225,16.55615567373835,False,False,0.06482910262492671,0.11084652013370966,0.1831809234849282,0.1831809234849282,0.2890814656989479,0.28919121235623335,-0.006761529038247041,-0.006748138440114088
308.0,16.0,0.0,0.0,0.0,0.0,0.0,0.0,0.0,0.0,0.0,0.0,0.0,0.0,0.2885785773811095,0.28867452693742635,-0.006823294710164187,-0.006811458281378013
308.0,16.5,0.0,0.0,0.0,0.0,0.0,0.0,0.0,0.0,0.0,0.0,0.0,0.0,0.2881270925107653,0.28822257772835425,-0.006879320363916066,-0.006867425849147061
308.0,17.0,0.0,0.0,0.0,0.0,0.0,0.0,0.0,0.0,0.0,0.0,0.0,0.0,0.287684697096043,0.28777974372949294,-0.006934750548680316,-0.006922796876485554
308.0,17.5,0.0,0.0,0.0,0.0,0.0,0.0,0.0,0.0,0.0,0.0,0.0,0.0,0.2872510827594894,0.2873457146514308,-0.006989597669455298,-0.006977583885345467
308.0,18.0,0.0,0.0,0.0,0.0,0.0,0.0,0.0,0.0,0.0,0.0,0.0,0.0,0.2868259549362925,0.2869201941497698,-0.007043873841508709,-0.007031799102287657
308.0,18.5,0.0,0.0,0.0,0.0,0.0,0.0,0.0,0.0,0.0,0.0,0.0,0.0,0.2864090320376444,0.28650289898340614,-0.00709759090561585,-0.007085454473333729
308.0,19.0,0.0,0.0,0.0,0.0,0.0,0.0,0.0,0.0,0.0,0.0,0.0,0.0,0.2860000447036705,0.2860935582613671,-0.00715076043871472,-0.007138561674438934
308.0,19.5,0.0,0.0,0.0,0.0,0.0,0.0,0.0,0.0,0.0,0.0,0.0,0.0,0.2855987351286539,0.2856919127613546,-0.007203393761395421,-0.007191132118951308
308.0,20.0,0.0,0.0,0.0,0.0,0.0,0.0,0.0,0.0,0.0,0.0,0.0,0.0,0.2852048564455024,0.28529771430724954,-0.007255501943261418,-0.007243176963054019
308.0,20.5,0.0,0.0,0.0,0.0,0.0,0.0,0.0,0.0,0.0,0.0,0.0,0.0,0.2848181721595396,0.2849107251958813,-0.007307095806916197,-0.0072947071099132045
308.0,21.0,0.0,0.0,0.0,0.0,0.0,0.0,0.0,0.0,0.0,0.0,0.0,0.0,0.2844384556240367,0.28453071766563887,-0.007358185931116599,-0.007345733213047993
308.0,21.5,0.0,0.0,0.0,0.0,0.0,0.0,0.0,0.0,0.0,0.0,0.0,0.0,0.2840654895516437,0.2841574734011894,-0.007408782653475901,-0.007396265679287621
308.0,22.0,0.0,0.0,0.0,0.0,0.0,0.0,0.0,0.0,0.0,0.0,0.0,0.0,0.28369906555717334,0.28379078306983446,-0.007458896072982765,-0.007446314671567147
308.0,22.5,0.0,0.0,0.0,0.0,0.0,0.0,0.0,0.0,0.0,0.0,0.0,0.0,0.2833389837281671,0.2834304458859747,-0.00750853605251536,-0.0074958901117306515
308.0,23.0,0.0,0.0,0.0,0.0,0.0,0.0,0.0,0.0,0.0,0.0,0.0,0.0,0.28298505222039433,0.2830762692008634,-0.007557712221466816,-0.007545001683449849
308.0,23.5,0.0,0.0,0.0,0.0,0.0,0.0,0.0,0.0,0.0,0.0,0.0,0.0,0.28263708687598516,0.28272806811535783,-0.0076064339785518785,-0.007593658835322171
308.0,24.0,0.0,0.0,0.0,0.0,0.0,0.0,0.0,0.0,0.0,0.0,0.0,0.0,0.2822949108623047,0.2823856651137778,-0.007654710494832115,-0.007641870784181144
309.0,0.5,0.0,0.0,0.0,0.0,0.0,0.0,0.0,0.0,0.0,0.0,0.0,0.0,0.2819583543299912,0.2820488897172845,-0.007702550716972797,-0.0076896465186295495
309.0,1.0,0.0,0.0,0.0,0.0,0.0,0.0,0.0,0.0,0.0,0.0,0.0,0.0,0.2816272540888114,0.2817175781554235,-0.00774996337072971,-0.007736994802790957
309.0,1.5,0.0,0.0,0.0,0.0,0.0,0.0,0.0,0.0,0.0,0.0,0.0,0.0,0.28130145330017187,0.2813915730546515,-0.007796956964652249,-0.007783924180265259
309.0,2.0,0.0,0.0,0.0,0.0,0.0,0.0,0.0,0.0,0.0,0.0,0.0,0.0,0.28098080118526264,0.2810707231428083,-0.007843539793983074,-0.007830442978267255
309.0,2.5,0.0,0.0,0.0,0.0,0.0,0.0,0.0,0.0,0.0,0.0,0.0,0.0,0.2806651527479188,0.2807548829685973,-0.007889719944730367,-0.007876559311924292
309.0,3.0,0.0,0.0,0.0,0.0,0.0,0.0,0.0,0.0,0.0,0.0,0.0,0.0,0.28035436851137324,0.2804439126352318,-0.00793550529788676,-0.007922281088706825
309.0,3.5,0.0,0.0,0.0,0.0,0.0,0.0,0.0,0.0,0.0,0.0,0.0,0.0,0.2800483142681427,0.2801376775474679,-0.00798090353376878,-0.00796761601296599
309.0,4.0,0.0,0.0,0.0,0.0,0.0,0.0,0.0,0.0,0.0,0.0,0.0,0.0,0.2797468608423482,0.2798360481713062,-0.008025922136450824,-0.008012571590552759
309.0,4.5,0.0,0.0,0.0,0.0,0.0,0.0,0.0,0.0,0.0,0.0,0.0,0.0,0.27944988386381775,0.2795388998056945,-0.00807056839826913,-0.008057155133494306
309.0,5.0,0.0,0.0,0.0,0.0,0.0,0.0,0.0,0.0,0.0,0.0,0.0,0.0,0.27915726355336146,0.279246112365601,-0.008114849424372904,-0.008101373764705636
309.0,5.5,0.0,0.0,0.0,0.0,0.0,0.0,0.0,0.0,0.0,0.0,0.0,0.0,0.2788688845186444,0.27895757017587086,-0.008158772137301205,-0.008145234422715484
309.0,6.0,0.0,0.0,0.0,0.0,0.0,0.0,0.0,0.0,0.0,0.0,0.0,0.0,0.2785846355601155,0.278673161775307,-0.008202343281566693,-0.00818874386638835
309.0,6.5,0.0,0.0,0.0,0.0,0.0,0.0,0.0,0.0,0.0,0.0,0.0,0.0,0.27830440948647944,0.2783927797304489,-0.008245569428228901,-0.008231908679625874
309.0,7.0,0.0,0.0,0.0,0.0,0.0,0.0,0.0,0.0,0.0,0.0,0.0,0.0,0.2780281029392247,0.27811632045854945,-0.008288456979441946,-0.008274735276033174
309.0,7.5,0.0,0.0,0.0,0.0,0.0,0.0,0.0,0.0,0.0,0.0,0.0,0.0,0.27775561622574635,0.27784368405927673,-0.008331012172963208,-0.008317229903537312
309.0,8.0,0.0,0.0,0.0,0.0,0.0,0.0,0.0,0.0,0.0,0.0,0.0,0.0,0.27748685316062505,0.2775747741546901,-0.00837324108661153,-0.008359398648947048
309.0,8.5,0.0,0.0,0.0,0.0,0.0,0.0,0.0,0.0,0.0,0.0,0.05477420686414213,0.05477420686414213,0.2772217209146449,0.27730949773706515,-0.00841514964266499,-0.008401247442444278
309,9.0,1.222600000863717,1.2453899156668133,0.030463330720264064,0.12168188204564942,16.89017296334032,18.081831905779786,True,True,0.06040757938311857,0.25820742811520875,0.20302342036598284,0.20302342036598284,0.2769531498413106,0.27704078499431517,-0.008457856814428061,-0.008443893074839446
309,9.5,3.0927556496459374,3.1422948492747715,0.07644897076475013,0.29294129240164835,33.78034590912599,36.119601584867794,True,True,0.15281030777571614,0.6282569660811901,0.45927267491847396,0.45927267491847396,0.2766652595921,0.27674113119000543,-0.00850392314874047,-0.00849175371751315
309,10.0,3.8898102810496997,3.949360075819927,0.1093052242248251,0.25406256844603115,33.72510684845949,35.66714847567234,True,True,0.18895028134209216,0.5199168975325109,1.1231065290770343,1.1231065290770343,0.27634222577470396,0.27639037203767053,-0.008555969321326204,-0.00854818813188901
309,10.5,4.646111333457107,4.71186809075769,0.13702300214690397,0.25975478645021455,33.618099131623694,35.37089213733688,True,False,0.2185470749047371,0.49089593980827484,1.3748731594453576,1.3748731594453576,0.2759337010896473,0.2759632654791483,-0.008622334031672275,-0.008617510767207263
309,11.0,5.727884420396219,5.727135051637581,0.27574813448743424,0.26272053778006754,31.686089539131892,31.670850055423077,False,False,0.17147320717578945,0.17542411113231032,1.641917455606271,1.641917455606271,0.2754927731569075,0.27550656440281085,-0.008694652080805101,-0.008692379210340894
309,11.5,6.0720791380053445,5.7924165657352376,0.44929351068404055,0.2898181159692419,29.614662475494804,26.239917419207476,False,False,0.1307926471134308,0.08717614323871027,1.7505228330244185,1.7498151322007847,0.27500327365891575,0.2750185937988647,-0.00877578472463148,-0.00877323183297849
309,12.0,6.20342885552429,5.814402879038125,0.5109887888328687,0.3054143191601837,29.056918800715074,24.687169048610876,False,False,0.12423931774172081,0.07642034417619968,1.7741687901740981,1.7773571010290132,0.27448088270455506,0.2745164859172937,-0.00886336605427545,-0.008857364035530127
309,12.5,6.324718727096869,5.829969245570454,0.554151814282399,0.314171843889813,28.719153386314304,23.61714140715578,False,False,0.12150180509265888,0.07062817101106765,1.762660586221223,1.7710187784842606,0.2739506097240919,0.27401187572063423,-0.008953336050474558,-0.008942885797381476
309,13.0,6.2399256094483455,5.653037770221726,0.5736092533555519,0.3099979289383217,28.437482182483908,22.620309253689356,False,False,0.11592955732589896,0.06383962178924449,1.4824846837548864,1.4948180622146048,0.2734192278897834,0.2735098838273192,-0.00904458786185821,-0.00902894180474555
309,13.5,6.298012072907694,5.612667913541793,0.6108164960844215,0.31352135639621764,28.13402071867973,21.510891432843188,False,False,0.11300379538460138,0.05893825250994311,1.4053297291590368,1.422757286624462,0.2729239291372729,0.2730464813685418,-0.009130642712520634,-0.009109259583385683
309,14.0,6.198095759759194,5.491946270240657,0.6259442126667388,0.3226509303521238,27.88091917868455,20.997108127473542,False,False,0.10812434002875457,0.05630654418555416,1.2021943444096939,1.2228552540078637,0.27243651617089076,0.27259460940362995,-0.009216281497570221,-0.009188399955704385
309,14.5,5.921777028126987,5.308102544022631,0.5970730633734707,0.3194891383277204,27.86228420781947,21.147779933710552,False,False,0.10309335096485808,0.055465172601605536,0.9286002436073123,0.9492721505286797,0.27197579487856044,0.27216978283193355,-0.00929811175779776,-0.00926355182438433
309,15.0,5.482363755003098,4.952080039217158,0.5733076889128368,0.3190697785939828,27.63658526718824,20.778069596221034,False,False,0.09314291710411246,0.05189082780591122,0.6722659052762919,0.6904708758691241,0.2715562910791916,0.27178289747882567,-0.009373375217532568,-0.009332629839372034
309,15.5,4.496606790792893,4.24057226895914,0.4562595041598055,0.3084108747196609,27.774782779925474,21.927460810058356,False,False,0.07753977619982089,0.05224811494765425,0.36427228241133075,0.3757985886079355,0.27117509673511864,0.271431662195571,-0.00944239577738913,-0.009395874675347166
309.0,16.0,0.0,0.0,0.0,0.0,0.0,0.0,0.0,0.0,0.0,0.0,0.0,0.0,0.2708506261040006,0.27112444547204373,-0.00950162323358675,-0.009451612402738079
309.0,16.5,0.0,0.0,0.0,0.0,0.0,0.0,0.0,0.0,0.0,0.0,0.0,0.0,0.2706332232017826,0.2709069257500282,-0.009541554719261628,-0.009491314872364135
309.0,17.0,0.0,0.0,0.0,0.0,0.0,0.0,0.0,0.0,0.0,0.0,0.0,0.0,0.27041827267357627,0.2706918595684541,-0.00958123249632967,-0.009530765023436125
309.0,17.5,0.0,0.0,0.0,0.0,0.0,0.0,0.0,0.0,0.0,0.0,0.0,0.0,0.2702057234210371,0.27047919579152324,-0.009620660478065594,-0.009569966751101769
309.0,18.0,0.0,0.0,0.0,0.0,0.0,0.0,0.0,0.0,0.0,0.0,0.0,0.0,0.26999552588466325,0.27026888482441613,-0.009659842482241528,-0.009608923855281892
309.0,18.5,0.0,0.0,0.0,0.0,0.0,0.0,0.0,0.0,0.0,0.0,0.0,0.0,0.2697876319820762,0.27006087855139804,-0.009698782234570696,-0.009647640044116758
309.0,19.0,0.0,0.0,0.0,0.0,0.0,0.0,0.0,0.0,0.0,0.0,0.0,0.0,0.2695819950495294,0.2698551302771689,-0.009737483371963175,-0.009686118937223645
309.0,19.5,0.0,0.0,0.0,0.0,0.0,0.0,0.0,0.0,0.0,0.0,0.0,0.0,0.26937856978642355,0.26965159467123684,-0.009775949445608879,-0.009724364068780515
309.0,20.0,0.0,0.0,0.0,0.0,0.0,0.0,0.0,0.0,0.0,0.0,0.0,0.0,0.2691773122026301,0.26945022771511284,-0.009814183923901062,-0.009762378890449407
309.0,20.5,0.0,0.0,0.0,0.0,0.0,0.0,0.0,0.0,0.0,0.0,0.0,0.0,0.26897817956843806,0.2692509866521412,-0.009852190195212478,-0.009800166774151863
309.0,21.0,0.0,0.0,0.0,0.0,0.0,0.0,0.0,0.0,0.0,0.0,0.0,0.0,0.26878113036695717,0.2690538299397969,-0.009889971570535004,-0.009837731014707118
309.0,21.5,0.0,0.0,0.0,0.0,0.0,0.0,0.0,0.0,0.0,0.0,0.0,0.0,0.2685861242488215,0.2688587172042945,-0.00992753128599271,-0.009875074832343114
309.0,22.0,0.0,0.0,0.0,0.0,0.0,0.0,0.0,0.0,0.0,0.0,0.0,0.0,0.26839312198905424,0.26866560919736504,-0.00996487250523677,-0.009912201375089249
309.0,22.5,0.0,0.0,0.0,0.0,0.0,0.0,0.0,0.0,0.0,0.0,0.0,0.0,0.2682020854459591,0.2684744677550694,-0.010001998321731008,-0.009949113721058847
309.0,23.0,0.0,0.0,0.0,0.0,0.0,0.0,0.0,0.0,0.0,0.0,0.0,0.0,0.2680129775219204,0.2682852557585259,-0.010038911760934598,-0.009985814880628984
309.0,23.5,0.0,0.0,0.0,0.0,0.0,0.0,0.0,0.0,0.0,0.0,0.0,0.0,0.2678257621259986,0.2680979370964406,-0.010075615782389165,-0.010022307798524047
309.0,24.0,0.0,0.0,0.0,0.0,0.0,0.0,0.0,0.0,0.0,0.0,0.0,0.0,0.2676404041382184,0.26791247662933493,-0.010112113281715962,-0.010058595355809379
310.0,0.5,0.0,0.0,0.0,0.0,0.0,0.0,0.0,0.0,0.0,0.0,0.0,0.0,0.2674568693754519,0.2677288401553749,-0.010148407092528927,-0.010094680371800549
310.0,1.0,0.0,0.0,0.0,0.0,0.0,0.0,0.0,0.0,0.0,0.0,0.0,0.0,0.2672751245588106,0.2675469943777124,-0.010184499988268484,-0.01013056560589309
310.0,1.5,0.0,0.0,0.0,0.0,0.0,0.0,0.0,0.0,0.0,0.0,0.0,0.0,0.26709513728245954,0.26736690687325365,-0.01022039468396091,-0.010166253759317874
310.0,2.0,0.0,0.0,0.0,0.0,0.0,0.0,0.0,0.0,0.0,0.0,0.0,0.0,0.26691687598377967,0.2671885460627789,-0.010256093837907402,-0.010201747476826008
310.0,2.5,0.0,0.0,0.0,0.0,0.0,0.0,0.0,0.0,0.0,0.0,0.0,0.0,0.2667403099148038,0.2670118811823401,-0.010291600053306937,-0.010237049348307456
310.0,3.0,0.0,0.0,0.0,0.0,0.0,0.0,0.0,0.0,0.0,0.0,0.0,0.0,0.2665654091148605,0.2668368822558687,-0.01032691587981644,-0.010272161910346835
310.0,3.5,0.0,0.0,0.0,0.0,0.0,0.0,0.0,0.0,0.0,0.0,0.0,0.0,0.26639214438436254,0.2666635200689312,-0.010362043815051581,-0.010307087647720066
310.0,4.0,0.0,0.0,0.0,0.0,0.0,0.0,0.0,0.0,0.0,0.0,0.0,0.0,0.2662204872596805,0.26649176614357256,-0.010396986306031622,-0.010341828994834665
310.0,4.5,0.0,0.0,0.0,0.0,0.0,0.0,0.0,0.0,0.0,0.0,0.0,0.0,0.26605040998904733,0.2663215927141925,-0.010431745750570721,-0.01037638833711684
310.0,5.0,0.0,0.0,0.0,0.0,0.0,0.0,0.0,0.0,0.0,0.0,0.0,0.0,0.26588188550944186,0.26615297270440275,-0.010466324498618673,-0.010410768012347953
310.0,5.5,0.0,0.0,0.0,0.0,0.0,0.0,0.0,0.0,0.0,0.0,0.0,0.0,0.2657148874244018,0.2659858797048159,-0.010500724853553767,-0.01044497031195304
310.0,6.0,0.0,0.0,0.0,0.0,0.0,0.0,0.0,0.0,0.0,0.0,0.0,0.0,0.26554938998272226,0.26582028795172247,-0.010534949073429577,-0.010478997482243159
310.0,6.5,0.0,0.0,0.0,0.0,0.0,0.0,0.0,0.0,0.0,0.0,0.0,0.0,0.2653853680579958,0.2656561723066087,-0.010568999372178258,-0.010512851725614746
310.0,7.0,0.0,0.0,0.0,0.0,0.0,0.0,0.0,0.0,0.0,0.0,0.0,0.0,0.26522279712895364,0.26549350823647944,-0.01060287792077234,-0.01054653520170701
310.0,7.5,0.0,0.0,0.0,0.0,0.0,0.0,0.0,0.0,0.0,0.0,0.0,0.0,0.26506165326057096,0.2653322717949448,-0.010636586848346702,-0.010580050028519876
310.0,8.0,0.0,0.0,0.0,0.0,0.0,0.0,0.0,0.0,0.0,0.0,0.0,0.0,0.26490191308589894,0.26517243960403597,-0.010670128243282836,-0.01061339828349405
310,8.5,1.563894482907068,1.586899084834593,0.0708894938052815,0.1394466031431747,15.82767803752371,17.07993034041573,False,False,0.04654841761711176,0.09226624087644275,0.17247073705764032,0.1782844872121597,0.2647435537885914,0.26501398883671556,-0.010703504154256725,-0.010646582004555025
310,9.0,3.10366439278058,3.155309180594201,0.15911229439655694,0.25319572644394295,31.18597484753325,33.19905595351619,True,True,0.08492080396052964,0.13710302471406952,0.3896997538141005,0.40238038036233104,0.26455554101359036,0.26481640784164007,-0.010743291500045729,-0.010688133959418398
310,9.5,3.7643687779678467,3.7856488430633344,0.22218281200209075,0.24769368046326967,30.60733798741179,31.195377988649916,True,True,0.09367564033123454,0.10664306242783303,0.6241601654878676,0.6434856410797883,0.2643299404920259,0.264577111670125,-0.010791266009255234,-0.0107387177700744
310,10.0,4.623672200674926,4.573956642882605,0.3190500356432955,0.2774506912694592,29.904177336925606,28.930637810193637,False,True,0.10365745360569353,0.09248097301556668,0.837002608804975,0.8626271296612609,0.2640677403418301,0.2643091080072268,-0.010847344626336165,-0.010795708949191313
310,10.5,5.334910626966256,5.127367880609894,0.42512575584516427,0.29109230500896854,29.190905984089664,26.085751364610715,False,False,0.10867827828683649,0.07618468448497737,1.01038639937001,1.0422479012631767,0.2637673678167223,0.2640106818125074,-0.01091201474107177,-0.010859594102408327
310,11.0,5.644842609056482,5.241023660065105,0.5028971230569126,0.2936483300787796,28.615721603611412,23.759961034868812,False,False,0.10710318827679816,0.06398845612344382,1.1396192755715184,1.1786775760879482,0.2634326574754586,0.26368890263900624,-0.010984619714267441,-0.01092898387731361
310,11.5,5.826476099010735,5.16553336152483,0.596380635423155,0.30118523078848763,27.855075389680664,21.264800041523166,False,True,0.10206402641837317,0.053124414731978556,1.2140975278134647,1.2609894308797762,0.26307282265087345,0.2633506672635386,-0.011063317644719173,-0.011002492609891874
310,12.0,5.938423096447137,5.071394180093657,0.6570378928293683,0.30805261271059176,27.40155224777958,19.755925268109756,False,True,0.09903499753464737,0.04761286134493945,1.2237197125763264,1.278740859972999,0.262692819236983,0.26300221793778755,-0.011147157008718468,-0.011078838035531906
310,12.5,6.0156210387429425,5.026122734967939,0.6964112716156942,0.3139617287838624,27.16627564336435,18.840025070086583,False,True,0.09731475421363392,0.04478066327477284,1.1970061858653143,1.2602089112297137,0.2623050761997626,0.26265184812298115,-0.011233485419355553,-0.011156241514214797
310,13.0,6.047614830810516,4.881163366722452,0.7349555925394374,0.3111853902126258,26.872738099286693,17.656549995150986,False,True,0.0949966593238227,0.04094639280453584,1.1050042818964512,1.1733370246993984,0.2619169176204999,0.26230428507455905,-0.011320705391308722,-0.011233662370735103
310,13.5,6.021292582748847,4.83840575748583,0.7367191171282711,0.3122823526979362,26.79758920097992,17.445799341552835,False,True,0.09388650562699513,0.0402401966796563,0.9776528958815864,1.048412750761707,0.26153675089361095,0.261969326211417,-0.011406912801950204,-0.011308882085748529
310,14.0,5.938041981726086,4.718056498260269,0.7552712201612944,0.3176065167356599,26.55648885692088,16.95595891353443,False,True,0.0904509181486557,0.03839046579080041,0.8173288188776832,0.8856072612581126,0.2611737500443927,0.2616513093261553,-0.01148995857887356,-0.011380853208644652
310,14.5,5.676232110934691,4.660772352551074,0.7009046303099737,0.31357812078724356,26.69587449267184,17.488439647723716,False,False,0.08763251090448819,0.039323100855691705,0.6303411083716823,0.690655518067148,0.26082996010860765,0.26135450568663704,-0.01156927435930485,-0.011448516360555447
310,15.0,5.187546162848486,4.485527112934924,0.617539327569723,0.3097242524107772,26.884986225405804,18.490172285283613,False,False,0.08158526737748506,0.04089670294771416,0.4305345925086755,0.47663424505690805,0.26051805416430424,0.26108418662123195,-0.011641799172698595,-0.011510559183280871
310,15.5,4.278189132587568,4.032473645098075,0.44122160923931186,0.29200624242274015,27.670471767466204,21.742329302657772,False,False,0.07294852668772862,0.048100662098434326,0.23069711390662814,0.2576195663071613,0.26024334452396275,0.2608427433569031,-0.011706124075737586,-0.011566313481568625
310.0,16.0,0.0,0.0,0.0,0.0,0.0,0.0,0.0,0.0,0.0,0.0,0.0,0.0,0.2600176640629689,0.260632562702711,-0.011759285539685149,-0.011615110727834888
310.0,16.5,0.0,0.0,0.0,0.0,0.0,0.0,0.0,0.0,0.0,0.0,0.0,0.0,0.25987868684102255,0.2604935015854614,-0.011792166242733724,-0.011647531138317858
310.0,17.0,0.0,0.0,0.0,0.0,0.0,0.0,0.0,0.0,0.0,0.0,0.0,0.0,0.25974077280705293,0.26035550407653574,-0.011824903751655175,-0.011679810223004674
310.0,17.5,0.0,0.0,0.0,0.0,0.0,0.0,0.0,0.0,0.0,0.0,0.0,0.0,0.2596039067117451,0.26021855492240753,-0.011857499617862121,-0.011711949513786101
310.0,18.0,0.0,0.0,0.0,0.0,0.0,0.0,0.0,0.0,0.0,0.0,0.0,0.0,0.2594680736229697,0.2600826391869798,-0.01188995536634622,-0.011743950516411982
310.0,18.5,0.0,0.0,0.0,0.0,0.0,0.0,0.0,0.0,0.0,0.0,0.0,0.0,0.2593332589171518,0.25994774224293,-0.011922272496296408,-0.011775814711106685
310.0,19.0,0.0,0.0,0.0,0.0,0.0,0.0,0.0,0.0,0.0,0.0,0.0,0.0,0.2591994482709327,0.2598138497633496,-0.011954452481697913,-0.011807543553165366
310.0,19.5,0.0,0.0,0.0,0.0,0.0,0.0,0.0,0.0,0.0,0.0,0.0,0.0,0.25906662765311206,0.25968094771366573,-0.011986496771912974,-0.011839138473531905
310.0,20.0,0.0,0.0,0.0,0.0,0.0,0.0,0.0,0.0,0.0,0.0,0.0,0.0,0.25893478331685676,0.2595490223438336,-0.012018406792244526,-0.011870600879359075
310.0,20.5,0.0,0.0,0.0,0.0,0.0,0.0,0.0,0.0,0.0,0.0,0.0,0.0,0.25880390179217083,0.2594180601807881,-0.01205018394448235,-0.011901932154551834
310.0,21.0,0.0,0.0,0.0,0.0,0.0,0.0,0.0,0.0,0.0,0.0,0.0,0.0,0.2586739698786101,0.25928804802114475,-0.01208182960743366,-0.011933133660294437
310.0,21.5,0.0,0.0,0.0,0.0,0.0,0.0,0.0,0.0,0.0,0.0,0.0,0.0,0.2585449746382358,0.2591589729241397,-0.012113345137437805,-0.01196420673556169
310.0,22.0,0.0,0.0,0.0,0.0,0.0,0.0,0.0,0.0,0.0,0.0,0.0,0.0,0.25841690338879686,0.25903082220479934,-0.01214473186886606,-0.011995152697615337
310.0,22.5,0.0,0.0,0.0,0.0,0.0,0.0,0.0,0.0,0.0,0.0,0.0,0.0,0.25828974369713087,0.2589035834273304,-0.012175991114607019,-0.012025972842485941
310.0,23.0,0.0,0.0,0.0,0.0,0.0,0.0,0.0,0.0,0.0,0.0,0.0,0.0,0.2581634833727758,0.25877724439872196,-0.01220712416653826,-0.012056668445440883
310.0,23.5,0.0,0.0,0.0,0.0,0.0,0.0,0.0,0.0,0.0,0.0,0.0,0.0,0.2580381104617855,0.2586517931625515,-0.01223813229598431,-0.012087240761438833
310.0,24.0,0.0,0.0,0.0,0.0,0.0,0.0,0.0,0.0,0.0,0.0,0.0,0.0,0.25791361324073936,0.2585272179929865,-0.012269016754162016,-0.012117691025571453
311.0,0.5,0.0,0.0,0.0,0.0,0.0,0.0,0.0,0.0,0.0,0.0,0.0,0.0,0.2577899802109399,0.2584035073889747,-0.012299778772613349,-0.012148020453492602
311.0,1.0,0.0,0.0,0.0,0.0,0.0,0.0,0.0,0.0,0.0,0.0,0.0,0.0,0.2576672000927909,0.2582806500686156,-0.012330419563626308,-0.012178230241835513
311.0,1.5,0.0,0.0,0.0,0.0,0.0,0.0,0.0,0.0,0.0,0.0,0.0,0.0,0.2575452618203495,0.25815863496370645,-0.012360940320644147,-0.012208321568618473
311.0,2.0,0.0,0.0,0.0,0.0,0.0,0.0,0.0,0.0,0.0,0.0,0.0,0.0,0.25742415453604517,0.2580374512144561,-0.012391342218663556,-0.012238295593639347
311.0,2.5,0.0,0.0,0.0,0.0,0.0,0.0,0.0,0.0,0.0,0.0,0.0,0.0,0.2573038675855607,0.25791708816436076,-0.012421626414621982,-0.01226815345885929
311.0,3.0,0.0,0.0,0.0,0.0,0.0,0.0,0.0,0.0,0.0,0.0,0.0,0.0,0.2571843905128678,0.2577975353552358,-0.012451794047774528,-0.012297896288776007
311.0,3.5,0.0,0.0,0.0,0.0,0.0,0.0,0.0,0.0,0.0,0.0,0.0,0.0,0.2570657130554126,0.257678782522397,-0.01248184624006091,-0.012327525190787189
311.0,4.0,0.0,0.0,0.0,0.0,0.0,0.0,0.0,0.0,0.0,0.0,0.0,0.0,0.2569478251394456,0.257560819589987,-0.012511784096462525,-0.012357041255544031
311.0,4.5,0.0,0.0,0.0,0.0,0.0,0.0,0.0,0.0,0.0,0.0,0.0,0.0,0.25683071687549025,0.2574436366664412,-0.01254160870535027,-0.012386445557295485
311.0,5.0,0.0,0.0,0.0,0.0,0.0,0.0,0.0,0.0,0.0,0.0,0.0,0.0,0.2567143785539462,0.25732722404008795,-0.012571321138823146,-0.012415739154223447
311.0,5.5,0.0,0.0,0.0,0.0,0.0,0.0,0.0,0.0,0.0,0.0,0.0,0.0,0.25659880064082163,0.2572115721748785,-0.012600922453038085,-0.012444923088769114
311.0,6.0,0.0,0.0,0.0,0.0,0.0,0.0,0.0,0.0,0.0,0.0,0.0,0.0,0.2564839737735902,0.25709667170624206,-0.012630413688531458,-0.012473998387951041
311.0,6.5,0.0,0.0,0.0,0.0,0.0,0.0,0.0,0.0,0.0,0.0,0.0,0.0,0.2563698887571692,0.2569825134370617,-0.012659795870531988,-0.012502966063674749
311.0,7.0,0.0,0.0,0.0,0.0,0.0,0.0,0.0,0.0,0.0,0.0,0.0,0.0,0.2562565365600132,0.2568690883337667,-0.012689070009266015,-0.012531827113034629
311.0,7.5,0.0,0.0,0.0,0.0,0.0,0.0,0.0,0.0,0.0,0.0,0.0,0.0,0.2561439083103203,0.25675638752253727,-0.01271823710025486,-0.012560582518608044
311.0,8.0,0.0,0.0,0.0,0.0,0.0,0.0,0.0,0.0,0.0,0.0,0.0,0.0,0.2560319952923472,0.2566444022856181,-0.012747298124604732,-0.012589233248742056
311.0,8.5,0.0,0.0,0.0,0.0,0.0,0.0,0.0,0.0,0.0,0.0,0.10575434831852804,0.11861261985804518,0.25592078894282816,0.2565331240577369,-0.012776254049289493,-0.012617780257832768
311,9.0,1.6039982269440163,1.6523432245957195,0.07440002775949456,0.23497554425777623,31.59038063215429,35.17672169239367,True,True,0.047168646256050085,0.1510795587521755,0.2425953723996868,0.27208897672347093,0.2557968042761355,0.256407429285883,-0.01280862963843912,-0.012650118462352625
311,9.5,2.138318206179644,2.1959819839761705,0.11442678368596691,0.23507145617960895,31.01326057793572,33.95407713865608,True,True,0.05681960627114371,0.1186746898861391,0.3926291328652114,0.4387804829970105,0.2556465905589807,0.25623292332771,-0.012847985359554037,-0.0126951784678013
311,10.0,2.5777520774616933,2.635331793330897,0.1521251582912725,0.2438348268227845,30.598538103627185,32.87938774698552,True,True,0.06405871540347717,0.10472620527254681,0.5225367884365819,0.5824466823373581,0.2554728387597088,0.2560378453777746,-0.012893687872469129,-0.01274577704458261
311,10.5,3.036231728065,3.0775388344247565,0.19427475634981256,0.24676042782281749,30.240489452398506,31.582852004385373,True,True,0.07145554087880127,0.09278397539064612,0.6279354411912731,0.6986467825952858,0.2552784023288974,0.25582401710751407,-0.012945060995246052,-0.012801515302448552
311,11.0,3.6533632748758427,3.643218620793321,0.2587577916099175,0.25050412165468033,29.761385754253446,29.54633886694154,True,True,0.08028856102030632,0.07950204106863451,0.7124115392990569,0.7920193269807408,0.2550658294341232,0.25559567466861016,-0.013001505379066086,-0.012861357913662353
311,11.5,4.2989256832146,4.199300594665675,0.3402719342603667,0.26724208888214485,29.192470403755756,27.29250801002233,True,True,0.08759161786112987,0.07001087396760061,0.7694104809653037,0.856206484247259,0.2548349325645554,0.2553556150681854,-0.01306314789872378,-0.0129246310494133
311,12.0,4.76976463300765,4.534103993412359,0.41026639404289106,0.2696454263997455,28.752993217875513,25.037008804424595,True,True,0.09200614784271327,0.06139596165494432,0.77887752006137,0.8693197432890356,0.2545870353012917,0.2551058939950042,-0.013129717045748751,-0.012990844663578588
311,12.5,4.899790078722328,4.625366921085956,0.4289937849479101,0.27079425465591267,28.65500610466018,24.445411127123105,True,True,0.09340447881851402,0.05980404517739181,0.7459078094230726,0.8368505568105125,0.25432965529163737,0.2548548391773671,-0.013199260774136174,-0.013057819735354224
311,13.0,4.7866540013873236,4.551362502242399,0.4093527606551802,0.2691614401482571,28.770010189472195,25.001535408343805,True,True,0.09252284731632425,0.06160564346105292,0.677486320407817,0.7646496469814853,0.25407472613801263,0.2546084118407421,-0.013268575342988668,-0.01312396079293271
311,13.5,4.333022901878818,4.217630746668126,0.33698183538070764,0.25632914855337596,29.264254274306218,26.998313892948474,True,True,0.08910561023337865,0.06866448252369982,0.5814577273525171,0.6599834567892062,0.2538316477388403,0.2543720223654414,-0.013335072004489107,-0.013187783127791008
311,14.0,3.8077191858441157,3.787686725593903,0.27073330360512377,0.25654745590578537,29.706314250559004,29.180184638304773,True,True,0.08304894379076772,0.07971727199040204,0.4824729049149406,0.5497113505817244,0.25361065056712007,0.2541512279759551,-0.013395872968753459,-0.013247729245311793
311,14.5,3.530897547516819,3.539283513839228,0.23954607437745,0.25437275517044766,29.91529608406529,30.06891605974068,True,True,0.07928292385189628,0.08500190303283563,0.3673065990882521,0.4191635226092285,0.25341132417084095,0.25394507299494495,-0.013450995341487079,-0.013303994036648349
311,15.0,3.3665833181956275,3.3802374496725816,0.2224677368044683,0.24348969260097994,30.01863361294415,30.476314338406816,False,False,0.07671233066386321,0.08441653980982253,0.2487349302676155,0.28402037367740335,0.2532312557772077,0.2537564392953095,-0.013501024531049882,-0.013355726447541497
311,15.5,3.0806055465570514,3.101252451295296,0.2002338935509981,0.24360651285550794,30.069365521747525,30.772070051551587,False,False,0.07070975180345385,0.08615529855119604,0.1325449714643858,0.15139829726755769,0.2530690746525547,0.2535870154475804,-0.013546273889445445,-0.013402395018403767
311.0,16.0,0.0,0.0,0.0,0.0,0.0,0.0,0.0,0.0,0.0,0.0,0.0,0.0,0.25292512762549246,0.25343507179319946,-0.013586587274814687,-0.013444413934518548
311.0,16.5,0.0,0.0,0.0,0.0,0.0,0.0,0.0,0.0,0.0,0.0,0.0,0.0,0.2528241753664566,0.25333405284342597,-0.013614944960963044,-0.013472436869831511
311.0,17.0,0.0,0.0,0.0,0.0,0.0,0.0,0.0,0.0,0.0,0.0,0.0,0.0,0.25272380450495285,0.2532336156005861,-0.013643209271326317,-0.013500367458761752
311.0,17.5,0.0,0.0,0.0,0.0,0.0,0.0,0.0,0.0,0.0,0.0,0.0,0.0,0.25262400871129004,0.25313375373346014,-0.013671380981619083,-0.013528206468356157
311.0,18.0,0.0,0.0,0.0,0.0,0.0,0.0,0.0,0.0,0.0,0.0,0.0,0.0,0.25252478175616816,0.25303446101124893,-0.013699460857381258,-0.013555954655592535
311.0,18.5,0.0,0.0,0.0,0.0,0.0,0.0,0.0,0.0,0.0,0.0,0.0,0.0,0.25242611750859806,0.2529357313014897,-0.01372744965415919,-0.013583612767559677
311.0,19.0,0.0,0.0,0.0,0.0,0.0,0.0,0.0,0.0,0.0,0.0,0.0,0.0,0.2523280099338731,0.2528375585680262,-0.013755348117682904,-0.013611181541633249
311.0,19.5,0.0,0.0,0.0,0.0,0.0,0.0,0.0,0.0,0.0,0.0,0.0,0.0,0.25223045309159386,0.25273993686902996,-0.013783156984039154,-0.01363866170564775
311.0,20.0,0.0,0.0,0.0,0.0,0.0,0.0,0.0,0.0,0.0,0.0,0.0,0.0,0.2521334411337416,0.2526428603550724,-0.01381087697984073,-0.013666053978064524
311.0,20.5,0.0,0.0,0.0,0.0,0.0,0.0,0.0,0.0,0.0,0.0,0.0,0.0,0.252036968302801,0.2525463232672448,-0.013838508822391933,-0.013693359068136068
311.0,21.0,0.0,0.0,0.0,0.0,0.0,0.0,0.0,0.0,0.0,0.0,0.0,0.0,0.2519410289299292,0.25245031993532596,-0.013866053219850592,-0.013720577676066771
311.0,21.5,0.0,0.0,0.0,0.0,0.0,0.0,0.0,0.0,0.0,0.0,0.0,0.0,0.2518456174331714,0.25235484477599585,-0.01389351087138616,-0.013747710493169845
311.0,22.0,0.0,0.0,0.0,0.0,0.0,0.0,0.0,0.0,0.0,0.0,0.0,0.0,0.25175072831571976,0.2522598922910931,-0.013920882467334727,-0.013774758202020995
311.0,22.5,0.0,0.0,0.0,0.0,0.0,0.0,0.0,0.0,0.0,0.0,0.0,0.0,0.25165635616421594,0.252165457065916,-0.013948168689350417,-0.013801721476608696
311.0,23.0,0.0,0.0,0.0,0.0,0.0,0.0,0.0,0.0,0.0,0.0,0.0,0.0,0.2515624956470951,0.25207153376756514,-0.013975370210553568,-0.01382860098248114
311.0,23.5,0.0,0.0,0.0,0.0,0.0,0.0,0.0,0.0,0.0,0.0,0.0,0.0,0.2514691415129703,0.25197811714332713,-0.014002487695675785,-0.013855397376889967
311.0,24.0,0.0,0.0,0.0,0.0,0.0,0.0,0.0,0.0,0.0,0.0,0.0,0.0,0.2513762885890564,0.2518852020190968,-0.014029521801201766,-0.013882111308930974
312.0,0.5,0.0,0.0,0.0,0.0,0.0,0.0,0.0,0.0,0.0,0.0,0.0,0.0,0.25128393177963204,0.2517927832978388,-0.014056473175508242,-0.013908743419681763
312.0,1.0,0.0,0.0,0.0,0.0,0.0,0.0,0.0,0.0,0.0,0.0,0.0,0.0,0.25119206606453864,0.25170085595808517,-0.014083342458999818,-0.013935294342336414
312.0,1.5,0.0,0.0,0.0,0.0,0.0,0.0,0.0,0.0,0.0,0.0,0.0,0.0,0.2511006864977156,0.2516094150524705,-0.014110130284241995,-0.013961764702337303
312.0,2.0,0.0,0.0,0.0,0.0,0.0,0.0,0.0,0.0,0.0,0.0,0.0,0.0,0.2510097882057702,0.25151845570630044,-0.014136837276091498,-0.013988155117504201
312.0,2.5,0.0,0.0,0.0,0.0,0.0,0.0,0.0,0.0,0.0,0.0,0.0,0.0,0.2509193663865817,0.2514279731161557,-0.01416346405182368,-0.014014466198160552
312.0,3.0,0.0,0.0,0.0,0.0,0.0,0.0,0.0,0.0,0.0,0.0,0.0,0.0,0.2508294163079386,0.25133796254852847,-0.014190011221257404,-0.014040698547257148
312.0,3.5,0.0,0.0,0.0,0.0,0.0,0.0,0.0,0.0,0.0,0.0,0.0,0.0,0.25073993330620764,0.2512484193384911,-0.014216479386877284,-0.014066852760493156
312.0,4.0,0.0,0.0,0.0,0.0,0.0,0.0,0.0,0.0,0.0,0.0,0.0,0.0,0.25065091278503415,0.2511593388883961,-0.014242869143953465,-0.014092929426434858
312.0,4.5,0.0,0.0,0.0,0.0,0.0,0.0,0.0,0.0,0.0,0.0,0.0,0.0,0.2505623502140731,0.2510707166666064,-0.014269181080658805,-0.014118929126631548
312.0,5.0,0.0,0.0,0.0,0.0,0.0,0.0,0.0,0.0,0.0,0.0,0.0,0.0,0.2504742411277489,0.2509825482062556,-0.014295415778183766,-0.014144852435729428
312.0,5.5,0.0,0.0,0.0,0.0,0.0,0.0,0.0,0.0,0.0,0.0,0.0,0.0,0.25038658112404477,0.2508948291040361,-0.014321573810848955,-0.014170699921582947
312.0,6.0,0.0,0.0,0.0,0.0,0.0,0.0,0.0,0.0,0.0,0.0,0.0,0.0,0.25029936586331925,0.2508075550190165,-0.014347655746215283,-0.014196472145363818
312.0,6.5,0.0,0.0,0.0,0.0,0.0,0.0,0.0,0.0,0.0,0.0,0.0,0.0,0.25021259106715005,0.25072072167148424,-0.014373662145192123,-0.014222169661668197
312.0,7.0,0.0,0.0,0.0,0.0,0.0,0.0,0.0,0.0,0.0,0.0,0.0,0.0,0.25012625251720494,0.25063432484181686,-0.014399593562142874,-0.0142477930186211
312.0,7.5,0.0,0.0,0.0,0.0,0.0,0.0,0.0,0.0,0.0,0.0,0.0,0.0,0.2500403460541371,0.25054836036937733,-0.01442545054498894,-0.01427334275797923
312.0,8.0,0.0,0.0,0.0,0.0,0.0,0.0,0.0,0.0,0.0,0.0,0.0,0.0,0.24995486757650656,0.25046282415143495,-0.014451233635311218,-0.014298819415231569
312.0,8.5,0.0,0.0,0.0,0.0,0.0,0.0,0.0,0.0,0.0,0.0,0.06401974414475164,0.07308399687003622,0.2498698130397253,0.2503777121421108,-0.014476943368449745,-0.014324223519697856
312,9.0,2.4880567294863702,2.53542596919036,0.1231608827536907,0.21620502886914533,31.340277273379364,33.657952161649206,True,True,0.06993287287074315,0.12360519519339377,0.158816907337909,0.18130255427571967,0.24977702024059675,0.25028370705392883,-0.01450505435901903,-0.014352344541820139
312,9.5,2.7518820912276594,2.8007427493107393,0.1455506769994909,0.22317370485292756,31.079903476644205,33.02870546704605,True,True,0.07394644190749497,0.11460216719758357,0.2488767957780518,0.2834081691027694,0.2496568684583179,0.250148776047242,-0.014541550268349303,-0.014392823345402674
312,10.0,3.083466655098797,3.1216081317631454,0.1768754326173586,0.22621234411611163,30.742908945249123,32.03031032410131,True,True,0.07839403704400535,0.10164867701932842,0.3507316616895778,0.3986290036855931,0.24952279903756117,0.2500003578015656,-0.01458240287016534,-0.014437505474582302
312,10.5,3.3332249067163047,3.3653644316362965,0.20538034725959659,0.24153162740510017,30.426531445167605,31.326807281403962,True,True,0.0806652116200687,0.09630377809512781,0.4045200070125837,0.4593669269235937,0.24937216647717944,0.24983727799486982,-0.014628465707636321,-0.014486792258346102
312,11.0,3.5972508281446114,3.5956267909029855,0.241913013883942,0.23889857481209512,30.039615899947286,29.994849290595678,True,True,0.0822155116682722,0.0826818390280936,0.49456164501880007,0.5614526628890467,0.2492114515927146,0.24966491080307104,-0.014677802970669505,-0.01453910400518735
312,11.5,3.8588657785103826,3.825066101142884,0.278608333118433,0.2470831240290085,29.70014166845099,28.884848715373685,True,True,0.08409331835588632,0.07597799027196986,0.5304208387281325,0.6029362987506522,0.2490350078028867,0.24948027114971733,-0.014732197288394474,-0.014595390198937921
312,12.0,4.0756430968872035,3.9981170594439863,0.3127027483442795,0.25107826464093747,29.398362794929085,27.775781918146798,True,True,0.08529140266924812,0.06966781674640402,0.5457944575140943,0.6220183632990698,0.24884971532607228,0.24928969953665486,-0.014789578241669977,-0.014653757201933695
312,12.5,4.237760314619857,4.109617437243836,0.33831630594657147,0.24766030944061282,29.190123909688648,26.70357698411859,True,True,0.0863194164730247,0.06417146638464993,0.5233961326042277,0.598910883519688,0.24865851251160623,0.2490965809002608,-0.01484906888339551,-0.014713188215745786
312,13.0,4.4380033066015505,4.265967955871151,0.36763378860346013,0.25578621835095855,28.99143883222976,25.96342117514108,True,True,0.08815549220684865,0.06217358697580551,0.48314367547960524,0.5559250923400613,0.24846728990621034,0.2489072326652711,-0.014908851065165233,-0.014771737948030815
312,13.5,4.458539029330689,4.279015789283414,0.3701287791522493,0.2533136496029083,28.974290544483395,25.74035183868414,False,True,0.0883741784376316,0.06118846089350717,0.40248378035334037,0.4663094724821765,0.24827784718107077,0.248722713383103,-0.014968359788497127,-0.014829061751275787
312,14.0,4.292622874575821,4.134769154082328,0.34732879274680845,0.24276130536099416,29.09194149081286,26.001655678876716,False,True,0.08635134595627225,0.060883588025030785,0.3439844897245422,0.40150843906754613,0.2480987481510989,0.24855031233259894,-0.015024879722283228,-0.014882860493822769
312,14.5,4.127892615957747,4.019897193441641,0.3327329847657919,0.25213506887831194,29.098061244824954,26.704293310054553,False,True,0.08310190499532966,0.06338136863555233,0.28507085831832785,0.33510825890809987,0.24793038880152976,0.24838789351230278,-0.015078242445012893,-0.014933757092387617
312,15.0,3.9219020944893375,3.827098286054321,0.30930347565126187,0.23308835278735077,29.194035456011875,26.62938352069117,False,False,0.07992569414125109,0.0604232314375836,0.1916824608074466,0.22673127034256452,0.2477717730601464,0.24823311807373175,-0.015128723569014789,-0.014982451598350988
312,15.5,2.665208311973721,2.670254609625694,0.20243272654569514,0.21451536511803815,14.673486020733574,14.825290219459761,False,False,0.0554005545378311,0.05858767340688752,0.06879138148096414,0.08186393334893587,0.24762841649845774,0.24809495359106487,-0.015174521626233665,-0.015026079954700724
312.0,16.0,0.0,0.0,0.0,0.0,0.0,0.0,0.0,0.0,0.0,0.0,0.0,0.0,0.24751470857159044,0.24797798645769434,-0.015210965355768168,-0.015063133157530991
312.0,16.5,0.0,0.0,0.0,0.0,0.0,0.0,0.0,0.0,0.0,0.0,0.0,0.0,0.24743592967258854,0.24789915419551445,-0.015236275387482316,-0.01508816729769978
312.0,17.0,0.0,0.0,0.0,0.0,0.0,0.0,0.0,0.0,0.0,0.0,0.0,0.0,0.2473575137387034,0.24782068514449884,-0.015261518653316573,-0.015113135340858492
312.0,17.5,0.0,0.0,0.0,0.0,0.0,0.0,0.0,0.0,0.0,0.0,0.0,0.0,0.24727945759259407,0.24774257612606254,-0.01528669560173175,-0.015138037730831498
312.0,18.0,0.0,0.0,0.0,0.0,0.0,0.0,0.0,0.0,0.0,0.0,0.0,0.0,0.24720175809759995,0.2476648240023053,-0.01531180667640417,-0.015162874906709223
312.0,18.5,0.0,0.0,0.0,0.0,0.0,0.0,0.0,0.0,0.0,0.0,0.0,0.0,0.2471244121570583,0.2475874256753291,-0.01533685231629522,-0.015187647302916895
312.0,19.0,0.0,0.0,0.0,0.0,0.0,0.0,0.0,0.0,0.0,0.0,0.0,0.0,0.2470474167136364,0.24751037808656975,-0.015361832955719376,-0.015212355349282116
312.0,19.5,0.0,0.0,0.0,0.0,0.0,0.0,0.0,0.0,0.0,0.0,0.0,0.0,0.24697076874867663,0.2474336782161423,-0.015386749024411355,-0.015236999471101183
312.0,20.0,0.0,0.0,0.0,0.0,0.0,0.0,0.0,0.0,0.0,0.0,0.0,0.0,0.2468944652815559,0.24735732308220007,-0.01541160094759158,-0.015261580089204058
312.0,20.5,0.0,0.0,0.0,0.0,0.0,0.0,0.0,0.0,0.0,0.0,0.0,0.0,0.24681850336905747,0.24728130974030665,-0.015436389146030965,-0.015286097620018334
312.0,21.0,0.0,0.0,0.0,0.0,0.0,0.0,0.0,0.0,0.0,0.0,0.0,0.0,0.2467428801047559,0.24720563528282055,-0.01546111403611408,-0.015310552475632034
312.0,21.5,0.0,0.0,0.0,0.0,0.0,0.0,0.0,0.0,0.0,0.0,0.0,0.0,0.24666759261841445,0.24713029683829277,-0.015485776029901538,-0.015334945063855085
312.0,22.0,0.0,0.0,0.0,0.0,0.0,0.0,0.0,0.0,0.0,0.0,0.0,0.0,0.24659263807539442,0.24705529157087583,-0.015510375535191029,-0.015359275788279973
312.0,22.5,0.0,0.0,0.0,0.0,0.0,0.0,0.0,0.0,0.0,0.0,0.0,0.0,0.24651801367607679,0.24698061667974566,-0.015534912955577363,-0.015383545048341083
312.0,23.0,0.0,0.0,0.0,0.0,0.0,0.0,0.0,0.0,0.0,0.0,0.0,0.0,0.24644371665529502,0.24690626939853413,-0.01555938869051145,-0.015407753239373094
312.0,23.5,0.0,0.0,0.0,0.0,0.0,0.0,0.0,0.0,0.0,0.0,0.0,0.0,0.24636974428177955,0.2468322469947738,-0.01558380313535823,-0.015431900752668247
312.0,24.0,0.0,0.0,0.0,0.0,0.0,0.0,0.0,0.0,0.0,0.0,0.0,0.0,0.24629609385761309,0.24675854676935274,-0.015608156681453515,-0.015455987975532808
313.0,0.5,0.0,0.0,0.0,0.0,0.0,0.0,0.0,0.0,0.0,0.0,0.0,0.0,0.24622276271769666,0.2466851660559812,-0.015632449716159975,-0.01548001529134224
313.0,1.0,0.0,0.0,0.0,0.0,0.0,0.0,0.0,0.0,0.0,0.0,0.0,0.0,0.24614974822922658,0.24661210222066793,-0.015656682622921993,-0.015503983079595711
313.0,1.5,0.0,0.0,0.0,0.0,0.0,0.0,0.0,0.0,0.0,0.0,0.0,0.0,0.2460770477911813,0.24653935266120758,-0.01568085578131965,-0.01552789171596931
313.0,2.0,0.0,0.0,0.0,0.0,0.0,0.0,0.0,0.0,0.0,0.0,0.0,0.0,0.24600465883381836,0.24646691480667737,-0.015704969567121804,-0.015551741572368749
313.0,2.5,0.0,0.0,0.0,0.0,0.0,0.0,0.0,0.0,0.0,0.0,0.0,0.0,0.24593257881818154,0.24639478611694418,-0.01572902435233808,-0.015575533016980767
313.0,3.0,0.0,0.0,0.0,0.0,0.0,0.0,0.0,0.0,0.0,0.0,0.0,0.0,0.24586080523561696,0.24632296408218107,-0.015753020505270277,-0.01559926641432387
313.0,3.5,0.0,0.0,0.0,0.0,0.0,0.0,0.0,0.0,0.0,0.0,0.0,0.0,0.24578933560729932,0.24625144622239287,-0.015776958390562437,-0.015622942125298167
313.0,4.0,0.0,0.0,0.0,0.0,0.0,0.0,0.0,0.0,0.0,0.0,0.0,0.0,0.24571816748376657,0.24618023008695167,-0.01580083836925059,-0.01564656050723421
313.0,4.5,0.0,0.0,0.0,0.0,0.0,0.0,0.0,0.0,0.0,0.0,0.0,0.0,0.24564729844446387,0.24610931325414007,-0.015824660798811185,-0.01567012191394131
313.0,5.0,0.0,0.0,0.0,0.0,0.0,0.0,0.0,0.0,0.0,0.0,0.0,0.0,0.2455767260972964,0.24603869333070466,-0.01584842603320901,-0.01569362669575457
313.0,5.5,0.0,0.0,0.0,0.0,0.0,0.0,0.0,0.0,0.0,0.0,0.0,0.0,0.24550644807819053,0.2459683679514167,-0.015872134422944086,-0.01571707519958159
313.0,6.0,0.0,0.0,0.0,0.0,0.0,0.0,0.0,0.0,0.0,0.0,0.0,0.0,0.24543646205066325,0.2458983347786418,-0.01589578631509794,-0.015740467768948125
313.0,6.5,0.0,0.0,0.0,0.0,0.0,0.0,0.0,0.0,0.0,0.0,0.0,0.0,0.24536676570539992,0.24582859150191796,-0.015919382053379033,-0.01576380474404294
313.0,7.0,0.0,0.0,0.0,0.0,0.0,0.0,0.0,0.0,0.0,0.0,0.0,0.0,0.24529735675984007,0.24575913583754083,-0.015942921978167365,-0.01578708646176211
313.0,7.5,0.0,0.0,0.0,0.0,0.0,0.0,0.0,0.0,0.0,0.0,0.0,0.0,0.2452282329577709,0.24568996552815767,-0.0159664064265584,-0.015810313255752367
313.0,8.0,0.0,0.0,0.0,0.0,0.0,0.0,0.0,0.0,0.0,0.0,0.0,0.0,0.2451593920689281,0.2456210783423681,-0.015989835732406307,-0.01583348545645395
313.0,8.5,0.0,0.0,0.0,0.0,0.0,0.0,0.0,0.0,0.0,0.0,0.043887219286308315,0.05228906201202498,0.24509083188860464,0.245552472074333,-0.01601321022636638,-0.015856603391142424
313,9.0,1.1134859929434708,1.1413656914924806,0.03470197227266122,0.22861746422527277,33.091121354915245,36.36155748098704,True,True,0.045315711819812074,0.30859299490806175,0.10661961678205371,0.1270309325072077,0.24501695756659236,0.24547748120248022,-0.016038442074720393,-0.015881918736437628
313,9.5,1.700436462941765,1.7450887886533804,0.06601236187959206,0.21272234557230943,32.36828578999971,35.50532329163573,True,True,0.05840296517191576,0.194466707332073,0.16262005323552395,0.19206207986531115,0.24493094328552295,0.24536410898632355,-0.016067880049584336,-0.01592028231255897
313,10.0,2.3769289261897244,2.4299186459533977,0.11724889155538597,0.2098711874091391,31.444573758212016,33.83736731855116,True,True,0.06806362188869028,0.1252359294339906,0.2243274643206592,0.2632422859498142,0.24483407698647514,0.24524474967887722,-0.01610110918456684,-0.015960791211829146
313,10.5,2.983906572115859,3.0178295228792664,0.1758523737459514,0.21318189142731506,30.703207933128667,31.836790135140888,True,True,0.07538451002110563,0.0942143481908023,0.3036294245590761,0.3550431329731545,0.24472309006395,0.24511695535284328,-0.016139282980094233,-0.01600429905240693
313,11.0,3.44158172710046,3.4361534691947435,0.22843790637085198,0.21918126998849558,30.149114793310847,29.98725194476446,True,True,0.07991487877554752,0.07881060024483574,0.3368694704119937,0.39376156106492555,0.24459479952167534,0.2449773109555472,-0.016183542778632366,-0.016052002946548877
313,11.5,3.855633915834934,3.805183519222588,0.2840661630793508,0.24030291317148722,29.633701469288905,28.54621157325814,True,True,0.08326504579969993,0.07214591907919093,0.3647114035084117,0.42736869574768943,0.24445583998268247,0.24483223624199751,-0.01623164660418816,-0.016101741428138295
313,12.0,4.40865650844151,4.195327787844998,0.3660927803832486,0.23471477597575827,29.031966173045433,25.362314802126317,True,True,0.08801796905211595,0.057725173463277504,0.36905557921187226,0.43462691083374383,0.24430650956454086,0.24468045344895345,-0.016283530566267634,-0.016153976447274926
313,12.5,4.6887365057903025,4.366835962866011,0.41019458816201654,0.23833864281745834,28.744509107626154,23.957366574893324,False,True,0.09035021171979549,0.05351571642875639,0.341307317680708,0.4064109978788959,0.24414643662180108,0.24452872197983883,-0.01633936654583374,-0.016206395725530016
313,13.0,4.693917292121282,4.370708171550676,0.4192938816842305,0.245311456510876,28.615721650174514,23.773749373560122,False,True,0.08906067756206484,0.052920921604031765,0.29603990703281435,0.3576968736380458,0.2439845416562123,0.24438038649806393,-0.01639607026197326,-0.016257837808801922
313,13.5,4.605951838429265,4.26032865237746,0.4151291626339206,0.23767690498625313,28.54762555030968,23.367155804630418,False,False,0.08668758687896456,0.05021452100224422,0.23241849240692924,0.28530504537868384,0.24382751568058855,0.24423763041196878,-0.016451292742647713,-0.01630752879646652
313,14.0,4.629917011926629,4.303845411990723,0.41266811160082034,0.23850604710918752,28.59860007998344,23.441527630891972,False,False,0.08766733372954102,0.05118820900269402,0.2151504777109944,0.2686398549659597,0.24367938591946692,0.24410533054611275,-0.016503589865678868,-0.016353741789226082
313,14.5,4.34117338329985,4.083114243887861,0.3797570076703941,0.23361610893542348,28.66817845669687,23.924696617432126,False,False,0.082886427394535,0.051241034297729755,0.14385711092873657,0.18286398602913717,0.2435340264006857,0.24397530502051534,-0.01655510162565939,-0.016399312457909355
313,15.0,1.146210162578163,1.056803071006414,0.09895506618235772,0.05600733343410731,14.366258952417262,11.727083238847582,False,True,0.02205500844120569,0.012515390293491416,0.03978106420936574,0.05141061304473936,0.2434022001555753,0.24385708769385886,-0.016601983253667643,-0.01644087601834881
313.0,15.5,0.0,0.0,0.0,0.0,0.0,0.0,0.0,0.0,0.0,0.0,0.005950758994304947,0.007727209095236158,0.24331967230855406,0.2437785075353633,-0.016631413310384615,-0.016468573152945813
313.0,16.0,0.0,0.0,0.0,0.0,0.0,0.0,0.0,0.0,0.0,0.0,0.0,0.0,0.24325431613111936,0.24371288189777648,-0.016654763931319524,-0.016491746820006148
313.0,16.5,0.0,0.0,0.0,0.0,0.0,0.0,0.0,0.0,0.0,0.0,0.0,0.0,0.24318996689156983,0.24364848976777828,-0.01667779296442339,-0.01651452268545666
313.0,17.0,0.0,0.0,0.0,0.0,0.0,0.0,0.0,0.0,0.0,0.0,0.0,0.0,0.24312586444446518,0.24358434462088702,-0.016700771408329287,-0.01653724846314005
313.0,17.5,0.0,0.0,0.0,0.0,0.0,0.0,0.0,0.0,0.0,0.0,0.0,0.0,0.2430620069857862,0.24352044465203468,-0.01672369954770227,-0.016559924434840726
313.0,18.0,0.0,0.0,0.0,0.0,0.0,0.0,0.0,0.0,0.0,0.0,0.0,0.0,0.24299839273085322,0.24345678807549806,-0.016746577664652304,-0.016582550879814913
313.0,18.5,0.0,0.0,0.0,0.0,0.0,0.0,0.0,0.0,0.0,0.0,0.0,0.0,0.24293501991405408,0.2433933731246264,-0.016769406038765595,-0.01660512807482186
313.0,19.0,0.0,0.0,0.0,0.0,0.0,0.0,0.0,0.0,0.0,0.0,0.0,0.0,0.24287188678857669,0.24333019805157385,-0.016792184947135365,-0.016627656294154226
313.0,19.5,0.0,0.0,0.0,0.0,0.0,0.0,0.0,0.0,0.0,0.0,0.0,0.0,0.24280899162614603,0.2432672611270369,-0.016814914664392226,-0.01665013580966808
313.0,20.0,0.0,0.0,0.0,0.0,0.0,0.0,0.0,0.0,0.0,0.0,0.0,0.0,0.24274633271676616,0.2432045606399959,-0.016837595462734018,-0.016672566890812427
313.0,20.5,0.0,0.0,0.0,0.0,0.0,0.0,0.0,0.0,0.0,0.0,0.0,0.0,0.24268390836846584,0.24314209489746122,-0.016860227611955297,-0.016694949804658417
313.0,21.0,0.0,0.0,0.0,0.0,0.0,0.0,0.0,0.0,0.0,0.0,0.0,0.0,0.24262171690704976,0.24307986222422387,-0.01688281137947617,-0.016717284815927862
313.0,21.5,0.0,0.0,0.0,0.0,0.0,0.0,0.0,0.0,0.0,0.0,0.0,0.0,0.2425597566758527,0.2430178609626101,-0.016905347030370933,-0.016739572187021545
313.0,22.0,0.0,0.0,0.0,0.0,0.0,0.0,0.0,0.0,0.0,0.0,0.0,0.0,0.24249802603549864,0.2429560894722405,-0.016927834827396158,-0.016761812178047
313.0,22.5,0.0,0.0,0.0,0.0,0.0,0.0,0.0,0.0,0.0,0.0,0.0,0.0,0.24243652336366409,0.24289454612979292,-0.016950275031018272,-0.016784005046845858
313.0,23.0,0.0,0.0,0.0,0.0,0.0,0.0,0.0,0.0,0.0,0.0,0.0,0.0,0.2423752470548448,0.2428332293287697,-0.016972667899440897,-0.016806151049020755
313.0,23.5,0.0,0.0,0.0,0.0,0.0,0.0,0.0,0.0,0.0,0.0,0.0,0.0,0.2423141955201269,0.24277213747926832,-0.01699501368863165,-0.01682825043796203
313.0,24.0,0.0,0.0,0.0,0.0,0.0,0.0,0.0,0.0,0.0,0.0,0.0,0.0,0.24225336718696172,0.24271126900775675,-0.01701731265234857,-0.016850303464873696
314.0,0.5,0.0,0.0,0.0,0.0,0.0,0.0,0.0,0.0,0.0,0.0,0.0,0.0,0.2421927604989444,0.2426506223568516,-0.017039565042166204,-0.01687231037879931
314.0,1.0,0.0,0.0,0.0,0.0,0.0,0.0,0.0,0.0,0.0,0.0,0.0,0.0,0.2421323739155961,0.24259019598510057,-0.017061771107501268,-0.016894271426647362
314.0,1.5,0.0,0.0,0.0,0.0,0.0,0.0,0.0,0.0,0.0,0.0,0.0,0.0,0.24207220591215028,0.24252998836676845,-0.01708393109563781,-0.016916186853216216
314.0,2.0,0.0,0.0,0.0,0.0,0.0,0.0,0.0,0.0,0.0,0.0,0.0,0.0,0.2420122549793417,0.24246999799162658,-0.0171060452517523,-0.016938056901218825
314.0,2.5,0.0,0.0,0.0,0.0,0.0,0.0,0.0,0.0,0.0,0.0,0.0,0.0,0.2419525196231998,0.24241022336474588,-0.017128113818937956,-0.01695988181130683
314.0,3.0,0.0,0.0,0.0,0.0,0.0,0.0,0.0,0.0,0.0,0.0,0.0,0.0,0.24189299836484487,0.24235066300629304,-0.017150137038229134,-0.016981661822094707
314.0,3.5,0.0,0.0,0.0,0.0,0.0,0.0,0.0,0.0,0.0,0.0,0.0,0.0,0.24183368974028788,0.24229131545133056,-0.017172115148624937,-0.01700339717018313
314.0,4.0,0.0,0.0,0.0,0.0,0.0,0.0,0.0,0.0,0.0,0.0,0.0,0.0,0.24177459230023357,0.2422321792496195,-0.01719404838711285,-0.01702508809018227
314.0,4.5,0.0,0.0,0.0,0.0,0.0,0.0,0.0,0.0,0.0,0.0,0.0,0.0,0.24171570460988645,0.2421732529654258,-0.017215936988691786,-0.017046734814734735
314.0,5.0,0.0,0.0,0.0,0.0,0.0,0.0,0.0,0.0,0.0,0.0,0.0,0.0,0.24165702524876054,0.24211453517732984,-0.017237781186394897,-0.017068337574537944
314.0,5.5,0.0,0.0,0.0,0.0,0.0,0.0,0.0,0.0,0.0,0.0,0.0,0.0,0.24159855281049164,0.24205602447803862,-0.01725958121131202,-0.017089896598366534
314.0,6.0,0.0,0.0,0.0,0.0,0.0,0.0,0.0,0.0,0.0,0.0,0.0,0.0,0.24154028590265283,0.2419977194742016,-0.017281337292611894,-0.017111412113094127
314.0,6.5,0.0,0.0,0.0,0.0,0.0,0.0,0.0,0.0,0.0,0.0,0.0,0.0,0.2414822231465732,0.24193961878622902,-0.017303049657563865,-0.01713288434371496
314.0,7.0,0.0,0.0,0.0,0.0,0.0,0.0,0.0,0.0,0.0,0.0,0.0,0.0,0.24142436317715904,0.2418817210481134,-0.0173247185315595,-0.017154313513365164
314.0,7.5,0.0,0.0,0.0,0.0,0.0,0.0,0.0,0.0,0.0,0.0,0.0,0.0,0.24136670464271825,0.24182402490725374,-0.01734634413813371,-0.01717569984334374
314.0,8.0,0.0,0.0,0.0,0.0,0.0,0.0,0.0,0.0,0.0,0.0,0.0,0.0,0.2413092462047876,0.24176652902428272,-0.017367926698985642,-0.01719704355313321
314.0,8.5,0.0,0.0,0.0,0.0,0.0,0.0,0.0,0.0,0.0,0.0,0.0029721215735055992,0.0038593152248346915,0.24125198653796226,0.24170923207289655,-0.017389466433999388,-0.01721834486041998
314.0,9.0,0.0,0.0,0.0,0.0,0.0,0.0,0.0,0.0,0.0,0.0,0.03784962331604162,0.049147909488244615,0.24119454558399267,0.2416516409363918,-0.01741110635243098,-0.017239787224228535
314,9.5,2.7832631681549183,2.793107838363545,0.1608125780728452,0.18054785400976883,15.317483040959523,15.596318508838463,False,False,0.069561638899749,0.07818099915182744,0.04738136217872895,0.06152488880727417,0.24113285625157133,0.24158847486559407,-0.0174343825192353,-0.017263341845572815
314,10.0,1.7910264491883088,1.7889571870613923,0.10763725868821492,0.10675679612365874,15.234419354438328,15.15449661460673,False,False,0.04362423661662393,0.043353126121714214,0.06448796453882792,0.08389828300564445,0.24104965433964742,0.24150091887496616,-0.017465834405148924,-0.017296054909165647
314,10.5,4.082132123368619,3.986600546133265,0.2805645595181463,0.20818958298884357,29.893088830674884,27.63690625859659,False,False,0.09137395437862922,0.0686911611249646,0.1351611531630442,0.17624537223736178,0.24097124236162595,0.24142010893422633,-0.017495537502259708,-0.017326313044384048
314,11.0,4.4985407596989955,4.216483638733527,0.3731647136009578,0.2216490127477392,28.971314935231145,24.42108886059914,False,False,0.0891340185470666,0.05372929445559385,0.17202963463618431,0.2268377135758733,0.24086198002847165,0.24131479757402952,-0.017537027393330303,-0.01736584009577894
314,11.5,4.606123091559958,4.17873597344936,0.42654086626272397,0.22790707155053855,28.407905765235082,22.543364892599783,False,True,0.08528109276440517,0.04631257141463191,0.19974777198319535,0.26866692219146276,0.24073641022995212,0.2412015151570208,-0.01758485454497333,-0.017408478972728368
314,12.0,4.6418701308265815,4.151435418113528,0.4497523426099183,0.23154254350755,28.134637785077445,21.649603029835355,False,True,0.0832938141701087,0.04337522156961806,0.1603302663197307,0.2214226412884625,0.2406006962052097,0.24108229484499694,-0.0176367202972669,-0.017453487628996883
314,12.5,4.653119698105202,4.030144448116275,0.48559927663113434,0.23377357912727517,27.79077682453982,20.717108291452796,False,True,0.08037805156176396,0.03959281307822418,0.18341990000641353,0.261256365544666,0.24046723597838043,0.24096882049693377,-0.017687902564266215,-0.017496455882129107
314,13.0,4.5886612765832915,3.905100523307258,0.5021281874426903,0.2358328022502807,27.46702476023139,19.813975963115496,False,False,0.07657266850672172,0.03632238176231937,0.14633226146916994,0.21647991088728624,0.2403264527037873,0.2408501732752117,-0.017742085159931347,-0.01754151775457547
314,13.5,4.7734481308755665,3.9545596203295057,0.5423659347639969,0.24067650130945206,27.266445380831072,18.856758344326714,False,True,0.07801479749219271,0.03501875207205345,0.1681058288599779,0.2597955178686692,0.2401884754848877,0.24073715598084094,-0.01779537979091652,-0.017584570044220326
314,14.0,4.509968500939195,3.966985532355098,0.4613702366680474,0.23031666264955286,27.832162039297597,20.744991847799767,False,False,0.0782569338947389,0.03936869105865512,0.11691422697082562,0.19071259460528364,0.240042780998787,0.24061818677025495,-0.017851862446353096,-0.017630025716421603
314,14.5,4.124064855750274,3.757124601026404,0.406468205001443,0.23180324182181225,28.011722193181843,22.18351669979636,False,False,0.07299031642489956,0.041793779122051886,0.07078532962697286,0.1212549866108832,0.23991411533518178,0.24050952514874444,-0.017901921079523514,-0.017671665451040274
314,15.0,3.364614051606985,3.171046781383412,0.317099885388106,0.21899163462419755,28.228734615897825,23.66876405820931,False,False,0.06102239447257156,0.04212168579512196,0.032689139756002246,0.058565762593161416,0.23979850698091978,0.24040970807059014,-0.017947042345978496,-0.017710019204911606
314,15.5,2.6913639097626705,2.650704139981733,0.22384325754196305,0.18221859262489457,14.43167080939978,13.491578571260476,False,False,0.05261900044684878,0.042655177985607036,0.02549634742719996,0.047280291015437646,0.23969932328181326,0.24031969391964492,-0.017985861192837654,-0.017744691352418438
314.0,16.0,0.0,0.0,0.0,0.0,0.0,0.0,0.0,0.0,0.0,0.0,0.0,0.0,0.2396131204815183,0.24023598449584252,-0.018019680813036277,-0.017777007611365147
314.0,16.5,0.0,0.0,0.0,0.0,0.0,0.0,0.0,0.0,0.0,0.0,0.0,0.0,0.23955887093371844,0.24018170011287682,-0.018041003181076605,-0.01779800173354904
314.0,17.0,0.0,0.0,0.0,0.0,0.0,0.0,0.0,0.0,0.0,0.0,0.0,0.0,0.23950479947059927,0.24012759396053557,-0.018062285474431852,-0.017818956328166075
314.0,17.5,0.0,0.0,0.0,0.0,0.0,0.0,0.0,0.0,0.0,0.0,0.0,0.0,0.23945090497557026,0.2400736649214168,-0.018083527886873983,-0.017839871586368832
314.0,18.0,0.0,0.0,0.0,0.0,0.0,0.0,0.0,0.0,0.0,0.0,0.0,0.0,0.2393971863423273,0.24001991188841004,-0.01810473061067587,-0.017860747697831535
314.0,18.5,0.0,0.0,0.0,0.0,0.0,0.0,0.0,0.0,0.0,0.0,0.0,0.0,0.23934364247472867,0.23996633376457183,-0.01812589383662706,-0.017881584850765603
314.0,19.0,0.0,0.0,0.0,0.0,0.0,0.0,0.0,0.0,0.0,0.0,0.0,0.0,0.23929027228667168,0.2399129294630026,-0.01814701775404962,-0.0179023832319352
314.0,19.5,0.0,0.0,0.0,0.0,0.0,0.0,0.0,0.0,0.0,0.0,0.0,0.0,0.23923707470197245,0.23985969790672604,-0.018168102550813272,-0.017923143026672403
314.0,20.0,0.0,0.0,0.0,0.0,0.0,0.0,0.0,0.0,0.0,0.0,0.0,0.0,0.23918404865424603,0.23980663802856983,-0.018189148413350967,-0.017943864418892192
314.0,20.5,0.0,0.0,0.0,0.0,0.0,0.0,0.0,0.0,0.0,0.0,0.0,0.0,0.2391311930867896,0.2397537487710484,-0.018210155526673735,-0.017964547591107306
314.0,21.0,0.0,0.0,0.0,0.0,0.0,0.0,0.0,0.0,0.0,0.0,0.0,0.0,0.23907850695246669,0.23970102908624713,-0.01823112407438551,-0.01798519272444285
314.0,21.5,0.0,0.0,0.0,0.0,0.0,0.0,0.0,0.0,0.0,0.0,0.0,0.0,0.23902598921359322,0.23964847793570843,-0.018252054238697843,-0.01800579999865081
314.0,22.0,0.0,0.0,0.0,0.0,0.0,0.0,0.0,0.0,0.0,0.0,0.0,0.0,0.23897363884182526,0.23959609429031964,-0.018272946200444395,-0.018026369592124218
314.0,22.5,0.0,0.0,0.0,0.0,0.0,0.0,0.0,0.0,0.0,0.0,0.0,0.0,0.2389214548180487,0.2395438771302023,-0.018293800139095033,-0.018046901681911195
314.0,23.0,0.0,0.0,0.0,0.0,0.0,0.0,0.0,0.0,0.0,0.0,0.0,0.0,0.2388694361322699,0.23949182544460323,-0.018314616232770045,-0.018067396443728928
314.0,23.5,0.0,0.0,0.0,0.0,0.0,0.0,0.0,0.0,0.0,0.0,0.0,0.0,0.23881758178350865,0.2394399382317872,-0.018335394658253984,-0.018087854051977197
314.0,24.0,0.0,0.0,0.0,0.0,0.0,0.0,0.0,0.0,0.0,0.0,0.0,0.0,0.23876589077969218,0.23938821449893094,-0.018356135591009373,-0.018108274679752047
315.0,0.5,0.0,0.0,0.0,0.0,0.0,0.0,0.0,0.0,0.0,0.0,0.0,0.0,0.23871436213755093,0.2393366532620189,-0.01837683920519026,-0.018128658498859092
315.0,1.0,0.0,0.0,0.0,0.0,0.0,0.0,0.0,0.0,0.0,0.0,0.0,0.0,0.23866299488251583,0.2392852535457407,-0.018397505673655543,-0.018149005679826555
315.0,1.5,0.0,0.0,0.0,0.0,0.0,0.0,0.0,0.0,0.0,0.0,0.0,0.0,0.23861178804861702,0.23923401438338932,-0.018418135167982165,-0.01816931639191854
315.0,2.0,0.0,0.0,0.0,0.0,0.0,0.0,0.0,0.0,0.0,0.0,0.0,0.0,0.23856074067838395,0.23918293481676195,-0.018438727858478117,-0.018189590803147467
315.0,2.5,0.0,0.0,0.0,0.0,0.0,0.0,0.0,0.0,0.0,0.0,0.0,0.0,0.2385098518227471,0.23913201389606095,-0.01845928391419533,-0.01820982908028715
315.0,3.0,0.0,0.0,0.0,0.0,0.0,0.0,0.0,0.0,0.0,0.0,0.0,0.0,0.2384591205409409,0.2390812506797972,-0.01847980350294228,-0.018230031388884974
315.0,3.5,0.0,0.0,0.0,0.0,0.0,0.0,0.0,0.0,0.0,0.0,0.0,0.0,0.2384085459004084,0.23903064423469447,-0.01850028679129656,-0.01825019789327441
315.0,4.0,0.0,0.0,0.0,0.0,0.0,0.0,0.0,0.0,0.0,0.0,0.0,0.0,0.23835812697670655,0.23898019363559497,-0.018520733944617226,-0.018270328756587215
315.0,4.5,0.0,0.0,0.0,0.0,0.0,0.0,0.0,0.0,0.0,0.0,0.0,0.0,0.23830786285341382,0.23892989796536668,-0.018541145127057023,-0.01829042414076531
315.0,5.0,0.0,0.0,0.0,0.0,0.0,0.0,0.0,0.0,0.0,0.0,0.0,0.0,0.23825775262203824,0.23887975631481162,-0.01856152050157441,-0.018310484206572795
315.0,5.5,0.0,0.0,0.0,0.0,0.0,0.0,0.0,0.0,0.0,0.0,0.0,0.0,0.23820779538192746,0.23882976778257559,-0.018581860229945426,-0.018330509113607656
315.0,6.0,0.0,0.0,0.0,0.0,0.0,0.0,0.0,0.0,0.0,0.0,0.0,0.0,0.2381579902401794,0.23877993147505902,-0.01860216447277553,-0.0183504990203133
315.0,6.5,0.0,0.0,0.0,0.0,0.0,0.0,0.0,0.0,0.0,0.0,0.0,0.0,0.23810833631155465,0.23873024650632943,-0.018622433389511105,-0.018370454083990004
315.0,7.0,0.0,0.0,0.0,0.0,0.0,0.0,0.0,0.0,0.0,0.0,0.0,0.0,0.23805883271839004,0.23868071199803456,-0.01864266713845093,-0.018390374460806262
315.0,7.5,0.0,0.0,0.0,0.0,0.0,0.0,0.0,0.0,0.0,0.0,0.0,0.0,0.23800947859051322,0.2386313270793173,-0.01866286587675753,-0.01841026030580984
315.0,8.0,0.0,0.0,0.0,0.0,0.0,0.0,0.0,0.0,0.0,0.0,0.0,0.0,0.23796027306515835,0.23858209088673146,-0.018683029760468317,-0.01843011177293888
315.0,8.5,0.0,0.0,0.0,0.0,0.0,0.0,0.0,0.0,0.0,0.0,0.0,0.0,0.23791121528688355,0.2385330025641587,-0.018703158944506606,-0.01844992901503267
315.0,9.0,0.0,0.0,0.0,0.0,0.0,0.0,0.0,0.0,0.0,0.0,0.0,0.0,0.23786230440748857,0.23848406126272684,-0.018723253582692594,-0.018469712183842493
315.0,9.5,0.0,0.0,0.0,0.0,0.0,0.0,0.0,0.0,0.0,0.0,0.00033498954563317097,0.0006358893295493436,0.23781353958593465,0.23843526614072888,-0.018743313827753936,-0.01848946143004219
315.0,10.0,0.0,0.0,0.0,0.0,0.0,0.0,0.0,0.0,0.0,0.0,0.0026673430785000454,0.005063246576093805,0.23776487729961296,0.23838653533039414,-0.01876335742563163,-0.018509209763063268
315.0,10.5,0.0,0.0,0.0,0.0,0.0,0.0,0.0,0.0,0.0,0.0,0.0043007618603180635,0.008163859267819252,0.2377160621919097,0.2383373848467847,-0.018783489633203018,-0.0185291536326602
315.0,11.0,0.0,0.0,0.0,0.0,0.0,0.0,0.0,0.0,0.0,0.0,0.004725963699201523,0.008970990789767989,0.23766718250999977,0.2382879829399731,-0.018803674265588714,-0.018549225329229285
315,11.5,0.4187196135235009,0.4275544274701543,0.010215283032237697,0.12547370825023646,16.8901730421584,18.348668213815042,True,True,0.02068856394186205,0.2631463527398478,0.006688815043511695,0.012696941901894365,0.23761839140715693,0.23823862106082652,-0.018823848098099148,-0.01856930664242507
315,12.0,0.42890411924748384,0.4379930762759864,0.010488535893959325,0.12930981591821686,16.890173039365052,18.348681341861656,True,True,0.021191771317589758,0.27121195697540895,0.007846704692045568,0.014737263430056628,0.23756819036802593,0.23817293698461953,-0.018844631824518027,-0.01859606830432496
315,12.5,0.46270491804272623,0.4723212186750238,0.011310160138769995,0.10878256242872192,16.890173030751406,18.311246103760606,True,True,0.022861838743562242,0.22740341745373174,0.0071940560243028825,0.013361652494436126,0.2375179481120288,0.23810664533394518,-0.018865459996082384,-0.01862312411599566
315.0,13.0,0.0,0.0,0.0,0.0,0.0,0.0,0.0,0.0,0.0,0.0,0.005061178871034679,0.009315505233746286,0.23746782468753755,0.2380432853078971,-0.01888626624224032,-0.018649027281603375
315.0,13.5,0.0,0.0,0.0,0.0,0.0,0.0,0.0,0.0,0.0,0.0,0.004117515236663949,0.0075786154782005845,0.23741955392476685,0.23799444305320241,-0.018906329296188164,-0.018669024522545517
315.0,14.0,0.0,0.0,0.0,0.0,0.0,0.0,0.0,0.0,0.0,0.0,0.003036849113243619,0.005589562311495089,0.23737154221365278,0.23794596104894372,-0.01892630987403465,-0.0186888995396977
315.0,14.5,0.0,0.0,0.0,0.0,0.0,0.0,0.0,0.0,0.0,0.0,0.00107025354375243,0.001969886447086769,0.23732380623917598,0.2378978706547513,-0.01894620064878244,-0.01870863892834675
315.0,15.0,0.0,0.0,0.0,0.0,0.0,0.0,0.0,0.0,0.0,0.0,0.0,0.0,0.23727645813050996,0.2378503788975114,-0.018965954415482295,-0.01872815698167847
315.0,15.5,0.0,0.0,0.0,0.0,0.0,0.0,0.0,0.0,0.0,0.0,0.0,0.0,0.23722938290328188,0.23780327477833027,-0.01898561866756634,-0.018747539694187167
315.0,16.0,0.0,0.0,0.0,0.0,0.0,0.0,0.0,0.0,0.0,0.0,0.0,0.0,0.23718244341729658,0.2377563065136684,-0.01900525040967558,-0.01876689030685025
315.0,16.5,0.0,0.0,0.0,0.0,0.0,0.0,0.0,0.0,0.0,0.0,0.0,0.0,0.23713563892389172,0.23770947335425122,-0.019024849780333114,-0.018786208956473566
315.0,17.0,0.0,0.0,0.0,0.0,0.0,0.0,0.0,0.0,0.0,0.0,0.0,0.0,0.23708896868047963,0.23766277455688276,-0.019044416917115958,-0.018805495778928757
315.0,17.5,0.0,0.0,0.0,0.0,0.0,0.0,0.0,0.0,0.0,0.0,0.0,0.0,0.23704243195048266,0.2376162093843808,-0.019063951956663744,-0.01882475090916208
315.0,18.0,0.0,0.0,0.0,0.0,0.0,0.0,0.0,0.0,0.0,0.0,0.0,0.0,0.23699602800326908,0.2375697771055128,-0.01908345503468765,-0.018843974481202966
315.0,18.5,0.0,0.0,0.0,0.0,0.0,0.0,0.0,0.0,0.0,0.0,0.0,0.0,0.23694975611408975,0.23752347699493265,-0.019102926285978927,-0.01886316662817265
315.0,19.0,0.0,0.0,0.0,0.0,0.0,0.0,0.0,0.0,0.0,0.0,0.0,0.0,0.23690361556401598,0.23747730833311836,-0.019122365844417503,-0.01888232748229242
315.0,19.5,0.0,0.0,0.0,0.0,0.0,0.0,0.0,0.0,0.0,0.0,0.0,0.0,0.23685760563987782,0.23743127040631046,-0.019141773842980363,-0.01890145717489219
315.0,20.0,0.0,0.0,0.0,0.0,0.0,0.0,0.0,0.0,0.0,0.0,0.0,0.0,0.23681172563420344,0.2373853625064512,-0.019161150413749977,-0.018920555836418503
315.0,20.5,0.0,0.0,0.0,0.0,0.0,0.0,0.0,0.0,0.0,0.0,0.0,0.0,0.23676597484515907,0.23733958393112467,-0.019180495687922502,-0.01893962359644288
315.0,21.0,0.0,0.0,0.0,0.0,0.0,0.0,0.0,0.0,0.0,0.0,0.0,0.0,0.2367203525764899,0.23729393398349752,-0.019199809795815925,-0.018958660583669712
315.0,21.5,0.0,0.0,0.0,0.0,0.0,0.0,0.0,0.0,0.0,0.0,0.0,0.0,0.23667485813746175,0.23724841197226057,-0.0192190928668781,-0.018977666925944284
315.0,22.0,0.0,0.0,0.0,0.0,0.0,0.0,0.0,0.0,0.0,0.0,0.0,0.0,0.2366294908428033,0.23720301721157128,-0.01923834502969479,-0.018996642750260594
315.0,22.5,0.0,0.0,0.0,0.0,0.0,0.0,0.0,0.0,0.0,0.0,0.0,0.0,0.23658425001264924,0.23715774902099657,-0.019257566411997485,-0.019015588182769164
315.0,23.0,0.0,0.0,0.0,0.0,0.0,0.0,0.0,0.0,0.0,0.0,0.0,0.0,0.23653913497248422,0.2371126067254569,-0.019276757140671164,-0.01903450334878468
315.0,23.5,0.0,0.0,0.0,0.0,0.0,0.0,0.0,0.0,0.0,0.0,0.0,0.0,0.23649414505308722,0.23706758965517064,-0.019295917341761993,-0.01905338837279364
315.0,24.0,0.0,0.0,0.0,0.0,0.0,0.0,0.0,0.0,0.0,0.0,0.0,0.0,0.236449279590477,0.2370226971455995,-0.019315047140484976,-0.019072243378461733
316.0,0.5,0.0,0.0,0.0,0.0,0.0,0.0,0.0,0.0,0.0,0.0,0.0,0.0,0.236404537925858,0.2369779285373942,-0.01933414666123141,-0.01909106848864143
316.0,1.0,0.0,0.0,0.0,0.0,0.0,0.0,0.0,0.0,0.0,0.0,0.0,0.0,0.23635991940556697,0.23693328317634144,-0.01935321602757631,-0.019109863825379096
316.0,1.5,0.0,0.0,0.0,0.0,0.0,0.0,0.0,0.0,0.0,0.0,0.0,0.0,0.2363154233810203,0.23688876041331086,-0.019372255362285828,-0.01912862950992252
316.0,2.0,0.0,0.0,0.0,0.0,0.0,0.0,0.0,0.0,0.0,0.0,0.0,0.0,0.2362710492086622,0.23684435960420347,-0.019391264787324433,-0.01914736566272779
316.0,2.5,0.0,0.0,0.0,0.0,0.0,0.0,0.0,0.0,0.0,0.0,0.0,0.0,0.23622679624991325,0.23680008010989992,-0.019410244423862074,-0.019166072403466555
316.0,3.0,0.0,0.0,0.0,0.0,0.0,0.0,0.0,0.0,0.0,0.0,0.0,0.0,0.23618266387111958,0.23675592129620993,-0.019429194392281385,-0.019184749851033005
316.0,3.5,0.0,0.0,0.0,0.0,0.0,0.0,0.0,0.0,0.0,0.0,0.0,0.0,0.23613865144350304,0.23671188253382228,-0.019448114812184614,-0.019203398123550763
316.0,4.0,0.0,0.0,0.0,0.0,0.0,0.0,0.0,0.0,0.0,0.0,0.0,0.0,0.23609475834311178,0.23666796319825537,-0.01946700580240055,-0.01922201733837966
316.0,4.5,0.0,0.0,0.0,0.0,0.0,0.0,0.0,0.0,0.0,0.0,0.0,0.0,0.23605098395077131,0.23662416266980832,-0.019485867480991414,-0.019240607612122696
316.0,5.0,0.0,0.0,0.0,0.0,0.0,0.0,0.0,0.0,0.0,0.0,0.0,0.0,0.23600732765203655,0.23658048033351275,-0.01950469996525959,-0.019259169060632582
316.0,5.5,0.0,0.0,0.0,0.0,0.0,0.0,0.0,0.0,0.0,0.0,0.0,0.0,0.2359637888371439,0.23653691557908543,-0.0195235033717545,-0.019277701799018335
316.0,6.0,0.0,0.0,0.0,0.0,0.0,0.0,0.0,0.0,0.0,0.0,0.0,0.0,0.23592036690096455,0.23649346780088093,-0.019542277816278972,-0.019296205941651948
316.0,6.5,0.0,0.0,0.0,0.0,0.0,0.0,0.0,0.0,0.0,0.0,0.0,0.0,0.23587706124295807,0.23645013639784548,-0.019561023413895987,-0.019314681602174782
316.0,7.0,0.0,0.0,0.0,0.0,0.0,0.0,0.0,0.0,0.0,0.0,0.0,0.0,0.23583387126712638,0.23640692077347092,-0.0195797402789351,-0.019333128893503956
316.0,7.5,0.0,0.0,0.0,0.0,0.0,0.0,0.0,0.0,0.0,0.0,0.0,0.0,0.2357907963819687,0.23636382033574954,-0.019598428524998837,-0.019351547927838712
316.0,8.0,0.0,0.0,0.0,0.0,0.0,0.0,0.0,0.0,0.0,0.0,0.0,0.0,0.2357478360004367,0.23632083449712926,-0.01961708826496909,-0.019369938816666668
316.0,8.5,0.0,0.0,0.0,0.0,0.0,0.0,0.0,0.0,0.0,0.0,0.005958865133912688,0.01096770000193736,0.2357049895398904,0.23627796267446957,-0.019635719611013312,-0.019388301670769974
316.0,9.0,0.0,0.0,0.0,0.0,0.0,0.0,0.0,0.0,0.0,0.0,0.02176565169922082,0.04006116847526977,0.2356614970672624,0.2362338066444179,-0.019654653435341195,-0.019407236263187532
316,9.5,0.32370649451738404,0.3312796047136735,0.009086769113442394,0.09378469550408039,16.737916838789463,18.312642953182937,True,True,0.014612052888424112,0.1585304755306798,0.04227285264695423,0.0778060602109655,0.2356161030605233,0.2361860560153307,-0.019674438270088822,-0.0194277370602738
316,10.0,0.5499238741043874,0.5653815136114193,0.019870039764284465,0.10754257740126495,16.348749055281882,18.08900374522676,True,True,0.020332825659828913,0.1158738214641085,0.06001004862996248,0.10955489467499381,0.23556705001077877,0.23612165649692218,-0.019695844568701888,-0.019455426612402342
316,10.5,0.7450640966184873,0.7659422032907237,0.032405775275451805,0.0912707264091716,16.01191181960358,17.607062990255358,True,True,0.023818483630606565,0.07016600708251534,0.07321737685164854,0.13263743760569124,0.23551447415212534,0.2360515696574624,-0.019718819007180068,-0.019485614965754686
316,11.0,0.910728582799978,0.936309291696595,0.04597996908438639,0.09979392658836875,15.705191713631711,17.199401492978584,True,True,0.025919295227387375,0.05836071853753857,0.07825947271420589,0.14125826210394554,0.23545872885551397,0.23598072607746867,-0.01974321330118037,-0.019516186004008684
316,11.5,1.0353613433928583,1.062088392810195,0.05757458469187826,0.10208555947515516,15.495044263598986,16.792135422611512,True,True,0.027405650314881,0.05022199282693767,0.08157215925238631,0.14695460342255298,0.2354007217485396,0.23590780839398026,-0.01976863555409361,-0.019547711777296736
316,12.0,1.2464499417350665,1.2703017136110721,0.0786869549709676,0.10603882062501553,15.226990033398094,16.088112525059923,True,True,0.030291010488129065,0.04242919397185033,0.09598469754529737,0.17295260157533465,0.23534092492484707,0.2358339828345761,-0.0197948830070918,-0.01957969190243563
316,12.5,1.402605052875294,1.41247471332326,0.09698188824092405,0.1034623312523342,15.002194277302616,15.274031464461828,True,True,0.031895246564655755,0.03516087933436572,0.09254301214062355,0.16748166703975967,0.2352767104764857,0.23575645000724593,-0.01982311580039949,-0.01961334509544345
316,13.0,1.4258798704717404,1.427119816562838,0.10264276380454586,0.1009458813174195,14.896849206225388,14.904342513943993,True,True,0.03147652268850997,0.03186757621954131,0.08426875132128478,0.1539066784158219,0.23521071210593011,0.2356800516447621,-0.01985218293034037,-0.01964657330675567
316,13.5,2.624237205089467,2.6100314273284395,0.1947966941772993,0.18046913054756558,29.57855259522279,29.10669824444833,True,True,0.05625106072778216,0.05294524008072436,0.07142694133465724,0.13194121994987815,0.23514515509405184,0.23560581227699226,-0.019881105964569285,-0.0196789267745503
316,14.0,2.7531953532849998,2.71956727502966,0.2076781210602953,0.17779044633220742,29.481224635755865,28.365071624826694,True,True,0.05825137228305953,0.0504928756420434,0.05540052197655161,0.10489445633648928,0.23506959890841517,0.2355243460399922,-0.019914502825950975,-0.019714502785910967
316,14.5,1.016913158749806,1.010737039492481,0.0730889534975051,0.06751483807736633,14.836019616562892,14.53608997673716,True,True,0.02207582630048941,0.020423714203315093,0.012166816004007448,0.023760052770223354,0.23499455075573936,0.23544677514667017,-0.019947741320887273,-0.01974844895767136
316.0,15.0,0.0,0.0,0.0,0.0,0.0,0.0,0.0,0.0,0.0,0.0,0.005232360581493587,0.010329325404274408,0.23494226979615013,0.23539370298208243,-0.019970935392371773,-0.01977171425013483
316.0,15.5,0.0,0.0,0.0,0.0,0.0,0.0,0.0,0.0,0.0,0.0,0.0,0.0,0.23490029264601991,0.23535105222821776,-0.019989581512910783,-0.019790434769417702
316.0,16.0,0.0,0.0,0.0,0.0,0.0,0.0,0.0,0.0,0.0,0.0,0.0,0.0,0.2348590879521423,0.23530982353887187,-0.020007904687720682,-0.019808551185727368
316.0,16.5,0.0,0.0,0.0,0.0,0.0,0.0,0.0,0.0,0.0,0.0,0.0,0.0,0.23481798842253349,0.23526870010117498,-0.02002620103589593,-0.019826641040292296
316.0,17.0,0.0,0.0,0.0,0.0,0.0,0.0,0.0,0.0,0.0,0.0,0.0,0.0,0.23477699354323675,0.23522768140072078,-0.020044470658840973,-0.019844704433536187
316.0,17.5,0.0,0.0,0.0,0.0,0.0,0.0,0.0,0.0,0.0,0.0,0.0,0.0,0.23473610280399446,0.23518676692680476,-0.02006271365734494,-0.0198627414652735
316.0,18.0,0.0,0.0,0.0,0.0,0.0,0.0,0.0,0.0,0.0,0.0,0.0,0.0,0.23469531569821303,0.23514595617238948,-0.020080930131586624,-0.01988075223471441
316.0,18.5,0.0,0.0,0.0,0.0,0.0,0.0,0.0,0.0,0.0,0.0,0.0,0.0,0.23465463172292841,0.2351052486340695,-0.020099120181139647,-0.01989873684046995
316.0,19.0,0.0,0.0,0.0,0.0,0.0,0.0,0.0,0.0,0.0,0.0,0.0,0.0,0.23461405037877162,0.23506464381203757,-0.0201172839049775,-0.019916695380556775
316.0,19.5,0.0,0.0,0.0,0.0,0.0,0.0,0.0,0.0,0.0,0.0,0.0,0.0,0.234573571169935,0.2350241412100502,-0.020135421401478344,-0.019934627952402275
316.0,20.0,0.0,0.0,0.0,0.0,0.0,0.0,0.0,0.0,0.0,0.0,0.0,0.0,0.23453319360413863,0.23498374033539465,-0.020153532768430155,-0.019952534652849376
316.0,20.5,0.0,0.0,0.0,0.0,0.0,0.0,0.0,0.0,0.0,0.0,0.0,0.0,0.2344929171925974,0.23494344069885556,-0.02017161810303542,-0.01997041557816126
316.0,21.0,0.0,0.0,0.0,0.0,0.0,0.0,0.0,0.0,0.0,0.0,0.0,0.0,0.2344527414499882,0.23490324181468228,-0.020189677501916005,-0.019988270824026273
316.0,21.5,0.0,0.0,0.0,0.0,0.0,0.0,0.0,0.0,0.0,0.0,0.0,0.0,0.23441266589441767,0.2348631432005566,-0.020207711061117847,-0.020006100485562492
316.0,22.0,0.0,0.0,0.0,0.0,0.0,0.0,0.0,0.0,0.0,0.0,0.0,0.0,0.23437269004739017,0.23482314437756072,-0.02022571887611584,-0.02002390465732255
316.0,22.5,0.0,0.0,0.0,0.0,0.0,0.0,0.0,0.0,0.0,0.0,0.0,0.0,0.23433281343377627,0.23478324487014574,-0.02024370104181827,-0.020041683433298037
316.0,23.0,0.0,0.0,0.0,0.0,0.0,0.0,0.0,0.0,0.0,0.0,0.0,0.0,0.2342930355817816,0.23474344420610022,-0.02026165765257156,-0.02005943690692433
316.0,23.5,0.0,0.0,0.0,0.0,0.0,0.0,0.0,0.0,0.0,0.0,0.0,0.0,0.23425335602291583,0.23470374191651966,-0.020279588802164853,-0.020077165171084856
316.0,24.0,0.0,0.0,0.0,0.0,0.0,0.0,0.0,0.0,0.0,0.0,0.0,0.0,0.23421377429196233,0.23466413753577567,-0.020297494583834483,-0.020094868318115692
317.0,0.5,0.0,0.0,0.0,0.0,0.0,0.0,0.0,0.0,0.0,0.0,0.0,0.0,0.23417428992694794,0.23462463060148595,-0.0203153750902684,-0.020112546439810013
317.0,1.0,0.0,0.0,0.0,0.0,0.0,0.0,0.0,0.0,0.0,0.0,0.0,0.0,0.23680089720139444,0.23725121207001976,-0.01916572700998829,-0.018976497174531204
317.0,1.5,0.0,0.0,0.0,0.0,0.0,0.0,0.0,0.0,0.0,0.0,0.0,0.0,0.23675534422427186,0.23720563341194664,-0.01918499407336113,-0.01899554851785256
317.0,2.0,0.0,0.0,0.0,0.0,0.0,0.0,0.0,0.0,0.0,0.0,0.0,0.0,0.2367099360886561,0.2371601997191003,-0.019204222846609786,-0.019014561951787797
317.0,2.5,0.0,0.0,0.0,0.0,0.0,0.0,0.0,0.0,0.0,0.0,0.0,0.0,0.23666467172198202,0.23711490991769446,-0.019223413596909683,-0.019033537740921196
317.0,3.0,0.0,0.0,0.0,0.0,0.0,0.0,0.0,0.0,0.0,0.0,0.0,0.0,0.23661955006540125,0.2370697629476808,-0.01924256658791497,-0.019052476146348637
317.0,3.5,0.0,0.0,0.0,0.0,0.0,0.0,0.0,0.0,0.0,0.0,0.0,0.0,0.23657457007353236,0.2370247577624983,-0.019261682079823764,-0.019071377425742483
317.0,4.0,0.0,0.0,0.0,0.0,0.0,0.0,0.0,0.0,0.0,0.0,0.0,0.0,0.23652973071421718,0.23697989332882907,-0.019280760329441902,-0.019090241833414557
317.0,4.5,0.0,0.0,0.0,0.0,0.0,0.0,0.0,0.0,0.0,0.0,0.0,0.0,0.23648503096828244,0.23693516862635972,-0.01929980159024528,-0.01910906962037806
317.0,5.0,0.0,0.0,0.0,0.0,0.0,0.0,0.0,0.0,0.0,0.0,0.0,0.0,0.23644046982930694,0.23689058264754798,-0.01931880611244076,-0.01912786103440783
317.0,5.5,0.0,0.0,0.0,0.0,0.0,0.0,0.0,0.0,0.0,0.0,0.0,0.0,0.23639604630339395,0.23684613439739466,-0.01933777414302564,-0.01914661632009939
317.0,6.0,0.0,0.0,0.0,0.0,0.0,0.0,0.0,0.0,0.0,0.0,0.0,0.0,0.23635175940894912,0.23680182289322096,-0.01935670592584576,-0.019165335718926448
317.0,6.5,0.0,0.0,0.0,0.0,0.0,0.0,0.0,0.0,0.0,0.0,0.0,0.0,0.23630760817646262,0.23675764716445058,-0.019375601701652468,-0.019184019469297417
317.0,7.0,0.0,0.0,0.0,0.0,0.0,0.0,0.0,0.0,0.0,0.0,0.0,0.0,0.2362635916482972,0.236713606252397,-0.019394461708158076,-0.019202667806610268
317.0,7.5,0.0,0.0,0.0,0.0,0.0,0.0,0.0,0.0,0.0,0.0,0.0,0.0,0.23621970887848007,0.2366696992100552,-0.01941328618009022,-0.01922128096330652
317.0,8.0,0.0,0.0,0.0,0.0,0.0,0.0,0.0,0.0,0.0,0.0,0.0,0.0,0.23617595893249999,0.23662592510189823,-0.01943207534924497,-0.019239859168923814
317.0,8.5,0.0,0.0,0.0,0.0,0.0,0.0,0.0,0.0,0.0,0.0,0.02126877246797785,0.029607859200241917,0.23613234088710852,0.23658228300367826,-0.01945082944453878,-0.01925840265014734
317,9.0,1.2734420404494748,1.2918685552331954,0.037799389111180956,0.07707612800648447,16.626322265739798,17.564130128413613,True,True,0.05405931582339424,0.11393147927656659,0.06077881813481605,0.08460902800188178,0.23608614349117096,0.2365349989902122,-0.019470716083075698,-0.019278517616610757
317,9.5,1.5775123171522099,1.6050726438973062,0.05352638996782622,0.09245924664944642,16.560430985938716,17.45144854948603,True,True,0.06469247709296465,0.12624091806636514,0.14500497381584854,0.20144881334779366,0.23603022442559377,0.23647101419319783,-0.019494820036370496,-0.019305777089732013
317,10.0,1.8941371874431305,1.9170538493210516,0.08177669661593989,0.10095266846484319,16.088994275394725,16.63700482154393,True,True,0.062488406206350204,0.08386219420080587,0.17253002310190077,0.23931878847223995,0.23596169724719326,0.2363903091659451,-0.0195244072246241,-0.019340225413025613
317,10.5,2.188078246606881,2.1834638981026946,0.11124030618422333,0.10222147470051139,15.722286821939829,15.600115112522671,True,True,0.06265586185559838,0.06098226962246731,0.16894920686659806,0.23460884110537278,0.23588619077613382,0.23630382434370614,-0.019557069757124734,-0.019377222122751985
317,11.0,2.391278909047218,2.3511279881079936,0.13053763814265973,0.10096265973359778,15.539329248724547,14.823510258652606,True,True,0.06424308374708211,0.051750801992226314,0.1567616262068875,0.2187187411490534,0.23580751343521913,0.236217905586893,-0.019591173228627995,-0.019414060206938394
317,11.5,2.45410101160462,2.4033068127229607,0.14215376592105183,0.10692665613044706,15.407124349913541,14.564975491900023,True,True,0.06311262359479983,0.049349637234212554,0.15929459618986935,0.22394648550724794,0.23572805666591465,0.23613429885481166,-0.019625686488102315,-0.019449987130965525
317,12.0,2.4544637810081475,2.3916185562195658,0.146161792970521,0.10590713355021919,15.330836712567775,14.306168786872453,True,True,0.06160249052001235,0.04613510515475935,0.14288683064753266,0.20269014350411985,0.23564692257506512,0.236049391768208,-0.01966100309706177,-0.019486553937036143
317,12.5,2.4011787182756033,2.34064018730096,0.14514732155361046,0.10620740564509205,15.286673444189937,14.269109764191679,True,True,0.0594368631585319,0.044751217768878464,0.12375271484837536,0.1773297939605737,0.23556749351507722,0.23596744835663472,-0.019695650903237914,-0.01952192207883723
317,13.0,2.279809958145555,2.2178967456499703,0.13874282686622724,0.09928939984811866,15.247220275839314,14.084466403109849,False,False,0.0557481230626218,0.040624756485241456,0.09181991195129917,0.13295159733348483,0.23549075611320716,0.23588882258909477,-0.019729193693951905,-0.019555930194913265
317,13.5,2.1903177473180913,2.0690955923829977,0.1518178610251284,0.0911594703218786,14.937795928656303,12.902022933771876,False,True,0.048907400808765863,0.02982110339541334,0.0820258516577755,0.120043758643523,0.23541902738687806,0.2358168569866283,-0.019760608696871816,-0.0195871194682618
317,14.0,3.628207042607638,3.434034539989394,0.26487923758917586,0.16373862055768948,29.62590249800874,25.73833599259715,False,False,0.07827073902499002,0.04912083183344387,0.11169873432016576,0.16578897068099938,0.23534700299247174,0.2357476948204957,-0.019792213181203548,-0.019617149621028986
317,14.5,3.6512423181698113,3.4453503823115774,0.2787785566464166,0.1715449709597499,29.3901641514407,25.182177595313448,False,False,0.07632760148866793,0.04757118257271434,0.10291667708646807,0.1567333134334473,0.2352569112070561,0.23566357598305376,-0.019831830505393427,-0.01965374791426619
317,15.0,1.06223700606631,0.9883295929929408,0.07750994485412999,0.04462421279763208,14.800865522153787,12.503315268556074,True,True,0.022840602161393445,0.013267302388058821,0.04011882036220189,0.06292587915181275,0.23516628815511148,0.2355797372863518,-0.019871776809571383,-0.01969030529924845
317.0,15.5,0.0,0.0,0.0,0.0,0.0,0.0,0.0,0.0,0.0,0.0,0.009012778690923944,0.01426405655137589,0.235109435885488,0.2355241467515328,-0.01989688601706432,-0.019714589908373277
317.0,16.0,0.0,0.0,0.0,0.0,0.0,0.0,0.0,0.0,0.0,0.0,0.0,0.0,0.23506654413458575,0.23548056329311395,-0.019915854482800973,-0.01973365421040989
317.0,16.5,0.0,0.0,0.0,0.0,0.0,0.0,0.0,0.0,0.0,0.0,0.0,0.0,0.2350249194212161,0.23543891615249643,-0.019934283217329457,-0.01975189205376108
317.0,17.0,0.0,0.0,0.0,0.0,0.0,0.0,0.0,0.0,0.0,0.0,0.0,0.0,0.234983412463538,0.2353973868620938,-0.019952680052416308,-0.019770098290008826
317.0,17.5,0.0,0.0,0.0,0.0,0.0,0.0,0.0,0.0,0.0,0.0,0.0,0.0,0.23494202251155666,0.2353559746711502,-0.0199710451747297,-0.019788273104144355
317.0,18.0,0.0,0.0,0.0,0.0,0.0,0.0,0.0,0.0,0.0,0.0,0.0,0.0,0.23490074882348239,0.2353146788371259,-0.01998937876883564,-0.019806416679075074
317.0,18.5,0.0,0.0,0.0,0.0,0.0,0.0,0.0,0.0,0.0,0.0,0.0,0.0,0.23485959066560122,0.23527349862556754,-0.020007681017232132,-0.019824529195658372
317.0,19.0,0.0,0.0,0.0,0.0,0.0,0.0,0.0,0.0,0.0,0.0,0.0,0.0,0.234818547312148,0.2352324333099809,-0.02002595210038256,-0.019842610832734857
317.0,19.5,0.0,0.0,0.0,0.0,0.0,0.0,0.0,0.0,0.0,0.0,0.0,0.0,0.23477761804518213,0.23519148217170643,-0.020044192196748443,-0.019860661767160906
317.0,20.0,0.0,0.0,0.0,0.0,0.0,0.0,0.0,0.0,0.0,0.0,0.0,0.0,0.23473680215446605,0.2351506444997975,-0.0200624014828215,-0.019878682173840284
317.0,20.5,0.0,0.0,0.0,0.0,0.0,0.0,0.0,0.0,0.0,0.0,0.0,0.0,0.2346960989373454,0.23510991959090047,-0.02008058013315521,-0.019896672225755595
317.0,21.0,0.0,0.0,0.0,0.0,0.0,0.0,0.0,0.0,0.0,0.0,0.0,0.0,0.23465550769863242,0.23506930674913765,-0.020098728320395515,-0.019914632093998675
317.0,21.5,0.0,0.0,0.0,0.0,0.0,0.0,0.0,0.0,0.0,0.0,0.0,0.0,0.234615027750491,0.23502880528599282,-0.02011684621531112,-0.019932561947800465
317.0,22.0,0.0,0.0,0.0,0.0,0.0,0.0,0.0,0.0,0.0,0.0,0.0,0.0,0.23457465841232458,0.23498841452019797,-0.02013493398682303,-0.019950461954560638
317.0,22.5,0.0,0.0,0.0,0.0,0.0,0.0,0.0,0.0,0.0,0.0,0.0,0.0,0.23453439901066583,0.23494813377762358,-0.020152991802033532,-0.019968332279876055
317.0,23.0,0.0,0.0,0.0,0.0,0.0,0.0,0.0,0.0,0.0,0.0,0.0,0.0,0.23449424887906845,0.23490796239116993,-0.020171019826254733,-0.0199861730875692
317.0,23.5,0.0,0.0,0.0,0.0,0.0,0.0,0.0,0.0,0.0,0.0,0.0,0.0,0.23445420735800154,0.23486789970066124,-0.020189018223036335,-0.02000398453971568
317.0,24.0,0.0,0.0,0.0,0.0,0.0,0.0,0.0,0.0,0.0,0.0,0.0,0.0,0.23441427379474558,0.23482794505274182,-0.020206987154193057,-0.02002176679667134
318.0,0.5,0.0,0.0,0.0,0.0,0.0,0.0,0.0,0.0,0.0,0.0,0.0,0.0,0.23437444754329054,0.23478809780077353,-0.020224926779831336,-0.020039520017098925
318.0,1.0,0.0,0.0,0.0,0.0,0.0,0.0,0.0,0.0,0.0,0.0,0.0,0.0,0.23433472796423618,0.23474835730473623,-0.02024283725837562,-0.020057244357994043
318.0,1.5,0.0,0.0,0.0,0.0,0.0,0.0,0.0,0.0,0.0,0.0,0.0,0.0,0.23429511442469378,0.23470872293112943,-0.020260718746594263,-0.020074939974710673
318.0,2.0,0.0,0.0,0.0,0.0,0.0,0.0,0.0,0.0,0.0,0.0,0.0,0.0,0.23425560629819037,0.23466919405287612,-0.02027857139962459,-0.02009260702098634
318.0,2.5,0.0,0.0,0.0,0.0,0.0,0.0,0.0,0.0,0.0,0.0,0.0,0.0,0.23421620296457418,0.23462977004922822,-0.020296395370997748,-0.020110245648966536
318.0,3.0,0.0,0.0,0.0,0.0,0.0,0.0,0.0,0.0,0.0,0.0,0.0,0.0,0.23417690380992248,0.23459045030567413,-0.020314190812663013,-0.020127856009228954
318.0,3.5,0.0,0.0,0.0,0.0,0.0,0.0,0.0,0.0,0.0,0.0,0.0,0.0,0.23413770822645036,0.2345512342138477,-0.020331957875011762,-0.020145438250807043
318.0,4.0,0.0,0.0,0.0,0.0,0.0,0.0,0.0,0.0,0.0,0.0,0.0,0.0,0.2340986156124223,0.23451212117143924,-0.020349696706900507,-0.0201629925212131
318.0,4.5,0.0,0.0,0.0,0.0,0.0,0.0,0.0,0.0,0.0,0.0,0.0,0.0,0.2340596253720643,0.23447311058210785,-0.0203674074556742,-0.020180518966461194
318.0,5.0,0.0,0.0,0.0,0.0,0.0,0.0,0.0,0.0,0.0,0.0,0.0,0.0,0.23402073691547845,0.2344342018553956,-0.02038509026718852,-0.02019801773108943
318.0,5.5,0.0,0.0,0.0,0.0,0.0,0.0,0.0,0.0,0.0,0.0,0.0,0.0,0.23398194965855865,0.2343953944066435,-0.020402745285832056,-0.020215488958181625
318.0,6.0,0.0,0.0,0.0,0.0,0.0,0.0,0.0,0.0,0.0,0.0,0.0,0.0,0.23394326302290824,0.23435668765690837,-0.0204203726545478,-0.020232932789389122
318.0,6.5,0.0,0.0,0.0,0.0,0.0,0.0,0.0,0.0,0.0,0.0,0.0,0.0,0.2339046764357587,0.23431808103288204,-0.020437972514854644,-0.020250349364951653
318.0,7.0,0.0,0.0,0.0,0.0,0.0,0.0,0.0,0.0,0.0,0.0,0.0,0.0,0.23386618932989026,0.23427957396681162,-0.020455545006868064,-0.020267738823717962
318.0,7.5,0.0,0.0,0.0,0.0,0.0,0.0,0.0,0.0,0.0,0.0,0.0,0.0,0.23382780114355362,0.23424116589642102,-0.020473090269320662,-0.020285101303166363
318.0,8.0,0.0,0.0,0.0,0.0,0.0,0.0,0.0,0.0,0.0,0.0,0.0,0.0,0.23378951132039358,0.23420285626483456,-0.020490608439582232,-0.020302436939424306
318.0,8.5,0.0,0.0,0.0,0.0,0.0,0.0,0.0,0.0,0.0,0.0,0.0,0.0,0.23375131930937346,0.2341646445205012,-0.020508099653679474,-0.020319745867288273
318.0,9.0,0.0,0.0,0.0,0.0,0.0,0.0,0.0,0.0,0.0,0.0,0.0,0.0,0.23371322456470134,0.23412653011712067,-0.02052556404631538,-0.020337028220242796
318.0,9.5,0.0,0.0,0.0,0.0,0.0,0.0,0.0,0.0,0.0,0.0,0.004546985283111544,0.007196252930123372,0.23367522654575737,0.23408851251357082,-0.020543001750888253,-0.020354284130479225
318,10.0,1.5826556377018952,1.6122193230510788,0.06977589510231205,0.14297218628725777,15.915053724737438,17.196108054477936,True,False,0.048699125693097506,0.10052774072040743,0.025297832984874705,0.04003742618996319,0.23363674528201478,0.23404967413526825,-0.020560679213827673,-0.020371930601446635
318,10.5,1.1687716137239776,1.187177653272148,0.055688375805844965,0.08556783920187777,15.76750433746218,16.68054804168218,True,True,0.03402173242059407,0.05264577329977327,0.038842650232609285,0.06123666370099045,0.23358682360284527,0.23398852710337512,-0.020583639172250524,-0.020399750110102963
318,11.0,1.3474227349510908,1.3647719181608389,0.07051786521414434,0.09396516996635687,15.576410559579719,16.271911422879437,True,True,0.036658419621751336,0.04929010603746037,0.04727845321142713,0.07455609343099105,0.23353706621590542,0.23393208899632953,-0.020606553973653966,-0.020425467419937584
318,11.5,1.5833053451884964,1.575307085153398,0.09997466705392537,0.09242277003706534,15.173681122939769,14.941346599629053,True,True,0.03786056142310967,0.03542932035291852,0.07065784616089532,0.11166261232849073,0.23348443868147592,0.23387297814768013,-0.02063082364877289,-0.02045244405253358
318,12.0,1.7028813898040998,1.6784018078069287,0.11987658496228987,0.10043375684713736,14.903166076180312,14.275768676228772,True,True,0.037657394320318935,0.03175464143134124,0.058804113156970775,0.09370997558246318,0.23342517218124156,0.23380942943366428,-0.020658195728870437,-0.020481493375175287
318,12.5,1.6016094355612405,1.5875135983935882,0.11436927546470296,0.10082754158134387,14.85624788677128,14.387636977953193,False,False,0.034961821067467334,0.030866963677597763,0.03700094808475608,0.059668281033740306,0.23336497366509296,0.2337472412697362,-0.020686042565384352,-0.020509968369195528
318,13.0,1.5354470009712768,1.5202338836168623,0.10839301416792309,0.09449210848707267,14.887858058793817,14.387897986847266,False,False,0.03381086434976665,0.029528984822990503,0.015327755757495638,0.024995613212665805,0.2333083484792156,0.23368943410386037,-0.02071227726836558,-0.020536479682540368
318,13.5,1.4064438418437684,1.394377510732321,0.09792185757450624,0.08627805221967697,14.919953524617084,14.462571720947441,False,False,0.0312478384161968,0.027561543036407146,0.01035917272655477,0.01708300733005281,0.23325533931894993,0.23363694536353918,-0.020736872583639678,-0.020560587253826867
318.0,14.0,0.0,0.0,0.0,0.0,0.0,0.0,0.0,0.0,0.0,0.0,0.0,0.0,0.2332043897692794,0.23358660384009797,-0.02076054507936554,-0.020583740312959193
318.0,14.5,0.0,0.0,0.0,0.0,0.0,0.0,0.0,0.0,0.0,0.0,0.0,0.0,0.2438269269199377,0.2442091084867526,-0.016451500213066014,-0.016317478475083063
318.0,15.0,0.0,0.0,0.0,0.0,0.0,0.0,0.0,0.0,0.0,0.0,0.0,0.0,0.24908344776111493,0.24946558746093153,-0.014717240273634583,-0.014599877560201676
318.0,15.5,0.0,0.0,0.0,0.0,0.0,0.0,0.0,0.0,0.0,0.0,0.0,0.0,0.25165531501945454,0.25203740777302375,-0.01394847007517514,-0.013838382799636227
318.0,16.0,0.0,0.0,0.0,0.0,0.0,0.0,0.0,0.0,0.0,0.0,0.0,0.0,0.2515559316738412,0.25193797832005016,-0.013977274865523935,-0.01386693012743091
318.0,16.5,0.0,0.0,0.0,0.0,0.0,0.0,0.0,0.0,0.0,0.0,0.0,0.0,0.2514575748580619,0.25183957620133496,-0.014005851937922528,-0.013895251605138657
318.0,17.0,0.0,0.0,0.0,0.0,0.0,0.0,0.0,0.0,0.0,0.0,0.0,0.0,0.2513602167450641,0.25174217355725187,-0.014034207425789582,-0.013923353318169594
318.0,17.5,0.0,0.0,0.0,0.0,0.0,0.0,0.0,0.0,0.0,0.0,0.0,0.0,0.25126383065998786,0.25164574368212916,-0.014062347214469051,-0.013951241105706348
318.0,18.0,0.0,0.0,0.0,0.0,0.0,0.0,0.0,0.0,0.0,0.0,0.0,0.0,0.2538264420964565,0.2542083061162472,-0.013336500399959234,-0.013232201354718368
318.0,18.5,0.0,0.0,0.0,0.0,0.0,0.0,0.0,0.0,0.0,0.0,0.0,0.0,0.2537180120633127,0.25409982802152875,-0.013366294404179337,-0.013261730988785752
318.0,19.0,0.0,0.0,0.0,0.0,0.0,0.0,0.0,0.0,0.0,0.0,0.0,0.0,0.25361080858517177,0.2539925773800339,-0.013395829376811205,-0.01329100371077024
318.0,19.5,0.0,0.0,0.0,0.0,0.0,0.0,0.0,0.0,0.0,0.0,0.0,0.0,0.2535047952547355,0.25388651774442234,-0.013425112958657424,-0.013320027101709882
318.0,20.0,0.0,0.0,0.0,0.0,0.0,0.0,0.0,0.0,0.0,0.0,0.0,0.0,0.2533999373083762,0.25378161431335444,-0.013454152453749273,-0.01334880840839269
318.0,20.5,0.0,0.0,0.0,0.0,0.0,0.0,0.0,0.0,0.0,0.0,0.0,0.0,0.25329620152969223,0.25367783383487863,-0.013482954848580026,-0.01337735456245304
318.0,21.0,0.0,0.0,0.0,0.0,0.0,0.0,0.0,0.0,0.0,0.0,0.0,0.0,0.2531935561599952,0.2535751445167646,-0.013511526829987764,-0.013405672198126451
318.0,21.5,0.0,0.0,0.0,0.0,0.0,0.0,0.0,0.0,0.0,0.0,0.0,0.0,0.2530919708151399,0.2534735159431931,-0.013539874801799768,-0.0134337676687745
318.0,22.0,0.0,0.0,0.0,0.0,0.0,0.0,0.0,0.0,0.0,0.0,0.0,0.0,0.25299141640816686,0.2533729189972692,-0.013568004900340389,-0.013461647062281047
318.0,22.5,0.0,0.0,0.0,0.0,0.0,0.0,0.0,0.0,0.0,0.0,0.0,0.0,0.25289186507727784,0.2532733257888797,-0.013595923008894225,-0.013489316215410616
318.0,23.0,0.0,0.0,0.0,0.0,0.0,0.0,0.0,0.0,0.0,0.0,0.0,0.0,0.2527932901187097,0.25317470958745764,-0.013623634771208166,-0.013516780727212714
318.0,23.5,0.0,0.0,0.0,0.0,0.0,0.0,0.0,0.0,0.0,0.0,0.0,0.0,0.2526956659241129,0.2530770447592611,-0.013651145604107979,-0.013544045971546459
318.0,24.0,0.0,0.0,0.0,0.0,0.0,0.0,0.0,0.0,0.0,0.0,0.0,0.0,0.2525989679220783,0.2529803067088077,-0.013678460709298313,-0.013571117108794427
319.0,0.5,0.0,0.0,0.0,0.0,0.0,0.0,0.0,0.0,0.0,0.0,0.0,0.0,0.25250317252348686,0.25288447182413876,-0.013705585084408754,-0.013597999096827866
319.0,1.0,0.0,0.0,0.0,0.0,0.0,0.0,0.0,0.0,0.0,0.0,0.0,0.0,0.25240825707038705,0.2527895174256186,-0.013732523533343198,-0.013624696701279918
319.0,1.5,0.0,0.0,0.0,0.0,0.0,0.0,0.0,0.0,0.0,0.0,0.0,0.0,0.2523141997881312,0.2526954217179982,-0.013759280675984469,-0.013651214505178855
319.0,2.0,0.0,0.0,0.0,0.0,0.0,0.0,0.0,0.0,0.0,0.0,0.0,0.0,0.2522209797405252,0.25260216374549715,-0.013785860957301936,-0.013677556917988403
319.0,2.5,0.0,0.0,0.0,0.0,0.0,0.0,0.0,0.0,0.0,0.0,0.0,0.0,0.2521285767877666,0.25250972334968036,-0.0138122686559058,-0.013703728184098507
319.0,3.0,0.0,0.0,0.0,0.0,0.0,0.0,0.0,0.0,0.0,0.0,0.0,0.0,0.2520369715469679,0.252418081129923,-0.013838507892087583,-0.01372973239080625
319.0,3.5,0.0,0.0,0.0,0.0,0.0,0.0,0.0,0.0,0.0,0.0,0.0,0.0,0.25194614535507487,0.2523272184062754,-0.013864582635383949,-0.013755573475823218
319.0,4.0,0.0,0.0,0.0,0.0,0.0,0.0,0.0,0.0,0.0,0.0,0.0,0.0,0.2518560802340107,0.2522371171845576,-0.013890496711696725,-0.013781255234342546
319.0,4.5,0.0,0.0,0.0,0.0,0.0,0.0,0.0,0.0,0.0,0.0,0.0,0.0,0.25176675885788574,0.2521477601235229,-0.013916253810000802,-0.013806781325696309
319.0,5.0,0.0,0.0,0.0,0.0,0.0,0.0,0.0,0.0,0.0,0.0,0.0,0.0,0.2516781645221299,0.252059130503947,-0.013941857488667452,-0.013832155279631624
319.0,5.5,0.0,0.0,0.0,0.0,0.0,0.0,0.0,0.0,0.0,0.0,0.0,0.0,0.25159028111441345,0.25197121219950896,-0.013967311181429659,-0.013857380502231037
319.0,6.0,0.0,0.0,0.0,0.0,0.0,0.0,0.0,0.0,0.0,0.0,0.0,0.0,0.25150309308723395,0.2518839896493406,-0.013992618203013512,-0.013882460281501448
319.0,6.5,0.0,0.0,0.0,0.0,0.0,0.0,0.0,0.0,0.0,0.0,0.0,0.0,0.2514165854320565,0.25179744783213204,-0.014017781754457594,-0.0139073977926534
319.0,7.0,0.0,0.0,0.0,0.0,0.0,0.0,0.0,0.0,0.0,0.0,0.0,0.0,0.25133074365490377,0.25171157224168916,-0.014042804928141065,-0.013932196103090929
319.0,7.5,0.0,0.0,0.0,0.0,0.0,0.0,0.0,0.0,0.0,0.0,0.0,0.0,0.2512455537532981,0.2516263488638455,-0.014067690712539377,-0.013956858177131347
319.0,8.0,0.0,0.0,0.0,0.0,0.0,0.0,0.0,0.0,0.0,0.0,0.0,0.0,0.25116100219446946,0.25154176415464163,-0.014092441996724962,-0.013981386880471557
319.0,8.5,0.0,0.0,0.0,0.0,0.0,0.0,0.0,0.0,0.0,0.0,0.0,0.0,0.2510770758947455,0.2514578050196883,-0.014117061574629204,-0.014005784984417805
319.0,9.0,0.0,0.0,0.0,0.0,0.0,0.0,0.0,0.0,0.0,0.0,0.04861867468401515,0.051660629025691664,0.2509937622000475,0.25137445879463843,-0.014141552149080932,-0.014030055169892995
319,9.5,1.9355371172646232,1.945909287799301,0.10495559707284847,0.12463206967282733,15.491400059707834,15.93796048277306,False,False,0.051170930905146676,0.06077226641169865,0.1887342530301652,0.20054054702907578,0.2509048532542015,0.2512851299687537,-0.014167743339125738,-0.014056123127666029
319,10.0,1.5262300184872521,1.5214197508668883,0.08247443147499872,0.07714150776147699,15.509078522512914,15.311256540184553,False,False,0.04058833471754023,0.03807976278543681,0.14790041758191289,0.15710833807218122,0.25078530271817484,0.25116153554630527,-0.014203052229767157,-0.014092285702907189
319,10.5,1.5922857968438207,1.5907766700227992,0.0869429363961891,0.0850519017791721,15.485342009284874,15.421927811682364,False,False,0.042011600397862336,0.04120906196316042,0.14754045772400048,0.1567580395314121,0.2506743976296836,0.25105010498298097,-0.014235901497336199,-0.014124984304828603
319,11.0,1.763959101914096,1.7478191465439057,0.09974880605574116,0.08456331474797002,15.414687800484833,14.903497456559638,False,False,0.04547530813007157,0.03874938737151768,0.23659342555583404,0.25140999211833637,0.2505635349073727,0.25093827721298484,-0.01426882872633518,-0.01415789038756054
319,11.5,1.774067120707003,1.7625228997559563,0.10488944248696218,0.09229354724325331,15.310287710363019,14.903696568193066,False,False,0.04423894789485514,0.03903521984762112,0.3964338606300887,0.4214442995119268,0.2504402471944742,0.2508150053673274,-0.014305552916579927,-0.014194269862573874
319,12.0,1.8315146140540515,1.8129696580907038,0.10978238850964032,0.09152461475987897,15.280133582194505,14.681202940975643,False,False,0.045243770284736244,0.03783970395219366,0.1993086902390592,0.21196651881799075,0.2502964802164442,0.2506696254750054,-0.01434851967269844,-0.01423731700445192
319,12.5,1.7738606221665876,1.7587522766741062,0.10446682186598934,0.08884786497459715,15.318592358802784,14.791943770440461,False,False,0.04434926509902938,0.03782271125714363,0.17042029047368049,0.18133875739157537,0.2501777445456207,0.25055157277018036,-0.014384121448036642,-0.014272387010068608
319.0,13.0,0.0,0.0,0.0,0.0,0.0,0.0,0.0,0.0,0.0,0.0,0.0344654687832841,0.036690718575152735,0.2500638923930502,0.25043828919990124,-0.014418357833816354,-0.014306137059878548
319,13.5,1.6351606240754972,1.6187224721046045,0.09557184021862489,0.07914098813720352,15.335867963646361,14.718917612794534,False,False,0.04110475612620431,0.03412352892056162,0.14046705478293317,0.14953484203295234,0.24998119313831352,0.25035527619040393,-0.014443287142478944,-0.014330929122696177
319.0,14.0,0.0,0.0,0.0,0.0,0.0,0.0,0.0,0.0,0.0,0.0,0.016597422046108617,0.01767727135818949,0.24987331288621728,0.2502483042716451,-0.014475884383032529,-0.014362952105579719
319.0,14.5,0.0,0.0,0.0,0.0,0.0,0.0,0.0,0.0,0.0,0.0,0.025696512939683763,0.027368107083130158,0.24979389377847944,0.25016871780904293,-0.01449993779302469,-0.01438683233256986
319.0,15.0,0.0,0.0,0.0,0.0,0.0,0.0,0.0,0.0,0.0,0.0,0.010301746101850605,0.010971787793257552,0.24971380355447897,0.2500883850320558,-0.014524242703064532,-0.014410984483250403
319.0,15.5,0.0,0.0,0.0,0.0,0.0,0.0,0.0,0.0,0.0,0.0,0.0023477297103602006,0.0025004066710992653,0.2496361550859181,0.25001062184463324,-0.014547852972867368,-0.014434410113281513
319.0,16.0,0.0,0.0,0.0,0.0,0.0,0.0,0.0,0.0,0.0,0.0,0.0,0.0,0.24955999196957707,0.24993441013632978,-0.014571056035802575,-0.014457412405462021
319.0,16.5,0.0,0.0,0.0,0.0,0.0,0.0,0.0,0.0,0.0,0.0,0.0,0.0,0.24948459180518653,0.24985898102808243,-0.014594070111906885,-0.014480221509283842
319.0,17.0,0.0,0.0,0.0,0.0,0.0,0.0,0.0,0.0,0.0,0.0,0.0,0.0,0.24940964766292564,0.24978400812861581,-0.014616987928110886,-0.014502935159527015
319.0,17.5,0.0,0.0,0.0,0.0,0.0,0.0,0.0,0.0,0.0,0.0,0.0,0.0,0.2493351520058945,0.24970948389582692,-0.014639811106479961,-0.014525554965140913
319.0,18.0,0.0,0.0,0.0,0.0,0.0,0.0,0.0,0.0,0.0,0.0,0.0,0.0,0.24926109750447567,0.24963540099508708,-0.014662541224113533,-0.014548082490463472
319.0,18.5,0.0,0.0,0.0,0.0,0.0,0.0,0.0,0.0,0.0,0.0,0.0,0.0,0.24918747702879113,0.2495617522916904,-0.014685179814753419,-0.014570519256817243
319.0,19.0,0.0,0.0,0.0,0.0,0.0,0.0,0.0,0.0,0.0,0.0,0.0,0.0,0.249114283641495,0.24948853084363798,-0.014707728370322084,-0.014592866744035881
319.0,19.5,0.0,0.0,0.0,0.0,0.0,0.0,0.0,0.0,0.0,0.0,0.0,0.0,0.24904151059088336,0.2494157298947406,-0.01473018834239483,-0.014615126391924938
319.0,20.0,0.0,0.0,0.0,0.0,0.0,0.0,0.0,0.0,0.0,0.0,0.0,0.0,0.24896915130430686,0.24934334286802332,-0.014752561143608482,-0.014637299601659865
319.0,20.5,0.0,0.0,0.0,0.0,0.0,0.0,0.0,0.0,0.0,0.0,0.0,0.0,0.24889719938186744,0.24927136335941605,-0.0147748481490108,-0.014659387737124862
319.0,21.0,0.0,0.0,0.0,0.0,0.0,0.0,0.0,0.0,0.0,0.0,0.0,0.0,0.2488256485903878,0.24919978513171595,-0.014797050697352656,-0.01468139212619524
319.0,21.5,0.0,0.0,0.0,0.0,0.0,0.0,0.0,0.0,0.0,0.0,0.0,0.0,0.24875449285763745,0.24912860210880716,-0.014819170092326433,-0.014703314061966222
319.0,22.0,0.0,0.0,0.0,0.0,0.0,0.0,0.0,0.0,0.0,0.0,0.0,0.0,0.2486837262668035,0.24905780837012595,-0.014841207603753051,-0.01472515480393078
319.0,22.5,0.0,0.0,0.0,0.0,0.0,0.0,0.0,0.0,0.0,0.0,0.0,0.0,0.24861334305119343,0.2489873981453577,-0.014863164468720278,-0.014746915579109125
319.0,23.0,0.0,0.0,0.0,0.0,0.0,0.0,0.0,0.0,0.0,0.0,0.0,0.0,0.24854333758915892,0.2489173658093553,-0.014885041892674438,-0.014768597583132008
319.0,23.5,0.0,0.0,0.0,0.0,0.0,0.0,0.0,0.0,0.0,0.0,0.0,0.0,0.24847370439922944,0.24884770587726798,-0.014906841050468082,-0.014790201981280188
319.0,24.0,0.0,0.0,0.0,0.0,0.0,0.0,0.0,0.0,0.0,0.0,0.0,0.0,0.24840443813544538,0.24877841299986897,-0.014928563087365496,-0.014811729909482272
320.0,0.5,0.0,0.0,0.0,0.0,0.0,0.0,0.0,0.0,0.0,0.0,0.0,0.0,0.24833553358288113,0.24870948195907483,-0.014950209120008249,-0.014833182475272492
320.0,1.0,0.0,0.0,0.0,0.0,0.0,0.0,0.0,0.0,0.0,0.0,0.0,0.0,0.2482669856533496,0.24864090766364438,-0.0149717802373422,-0.01485456075871095
320.0,1.5,0.0,0.0,0.0,0.0,0.0,0.0,0.0,0.0,0.0,0.0,0.0,0.0,0.24819878938127782,0.2485726851450516,-0.014993277501508674,-0.014875865813267252
320.0,2.0,0.0,0.0,0.0,0.0,0.0,0.0,0.0,0.0,0.0,0.0,0.0,0.0,0.2481309399197481,0.24850480955352136,-0.015014701948700252,-0.014897098666670185
320.0,2.5,0.0,0.0,0.0,0.0,0.0,0.0,0.0,0.0,0.0,0.0,0.0,0.0,0.2480634325366942,0.24843727615422284,-0.015036054589984018,-0.014918260321724136
320.0,3.0,0.0,0.0,0.0,0.0,0.0,0.0,0.0,0.0,0.0,0.0,0.0,0.0,0.24799626261124771,0.24837008032361174,-0.0150573364120927,-0.014939351757094278
320.0,3.5,0.0,0.0,0.0,0.0,0.0,0.0,0.0,0.0,0.0,0.0,0.0,0.0,0.24792942563022594,0.2483032175459148,-0.01507854837818607,-0.01496037392806193
320.0,4.0,0.0,0.0,0.0,0.0,0.0,0.0,0.0,0.0,0.0,0.0,0.0,0.0,0.24786291718475584,0.24823668340975055,-0.015099691428583178,-0.014981327767251008
320.0,4.5,0.0,0.0,0.0,0.0,0.0,0.0,0.0,0.0,0.0,0.0,0.0,0.0,0.2477967329670275,0.24817047360487957,-0.015120766481467167,-0.015002214185327439
320.0,5.0,0.0,0.0,0.0,0.0,0.0,0.0,0.0,0.0,0.0,0.0,0.0,0.0,0.2477308687671711,0.24810458391907841,-0.015141774433563843,-0.01502303407167224
320.0,5.5,0.0,0.0,0.0,0.0,0.0,0.0,0.0,0.0,0.0,0.0,0.0,0.0,0.24766532047025203,0.2480390102351319,-0.015162716160794992,-0.015043788295029859
320.0,6.0,0.0,0.0,0.0,0.0,0.0,0.0,0.0,0.0,0.0,0.0,0.0,0.0,0.2476000840533791,0.24797374852793846,-0.015183592518907578,-0.015064477704132353
320.0,6.5,0.0,0.0,0.0,0.0,0.0,0.0,0.0,0.0,0.0,0.0,0.0,0.0,0.24753515558292016,0.2479087948617233,-0.015204404344080203,-0.015085103128301051
320.0,7.0,0.0,0.0,0.0,0.0,0.0,0.0,0.0,0.0,0.0,0.0,0.0,0.0,0.2501328816986997,0.25050649231409566,-0.014397600541112034,-0.014285806245361372
320.0,7.5,0.0,0.0,0.0,0.0,0.0,0.0,0.0,0.0,0.0,0.0,0.0,0.0,0.2500587368643129,0.2504323189705948,-0.014419910444999054,-0.01430791837889626
320.0,8.0,0.0,0.0,0.0,0.0,0.0,0.0,0.0,0.0,0.0,0.0,0.0,0.0,0.24998502032763442,0.25035857407461565,-0.01444213232115646,-0.014329943224595678
320.0,8.5,0.0,0.0,0.0,0.0,0.0,0.0,0.0,0.0,0.0,0.0,0.0,0.0,0.2525728523678719,0.252946373939341,-0.013685848956918066,-0.013580628111001464
320.0,9.0,0.0,0.0,0.0,0.0,0.0,0.0,0.0,0.0,0.0,0.0,0.0,0.0,0.25248897089451655,0.2528624605175733,-0.013709611714472011,-0.013604182294298972
320.0,9.5,0.0,0.0,0.0,0.0,0.0,0.0,0.0,0.0,0.0,0.0,0.02067345725946703,0.02175026150229075,0.2524056706238877,0.25277912851750073,-0.013733258488711009,-0.01362762146002483
320.0,10.0,0.0,0.0,0.0,0.0,0.0,0.0,0.0,0.0,0.0,0.0,0.0,0.0,0.2523203059784895,0.25269359513360473,-0.013757541720349094,-0.013651729876507106
320.0,10.5,0.0,0.0,0.0,0.0,0.0,0.0,0.0,0.0,0.0,0.0,0.0,0.0,0.2548980215607707,0.25527127504344543,-0.01304627052480852,-0.012946948763743214
320.0,11.0,0.0,0.0,0.0,0.0,0.0,0.0,0.0,0.0,0.0,0.0,0.057717464582570155,0.06003898422348598,0.26011883444467837,0.26049204221007327,-0.011735418271363604,-0.011647871945234966
320.0,11.5,0.0,0.0,0.0,0.0,0.0,0.0,0.0,0.0,0.0,0.0,0.1755049849641815,0.18255009570358058,0.25998914270079576,0.26036200955385397,-0.011766024507863874,-0.01167828613075908
320.0,12.0,0.0,0.0,0.0,0.0,0.0,0.0,0.0,0.0,0.0,0.0,0.1147347250007789,0.1193313830995793,0.2598458568157913,0.26021778142069807,-0.011799949505475449,-0.011712131338558062
320.0,12.5,0.0,0.0,0.0,0.0,0.0,0.0,0.0,0.0,0.0,0.0,0.04395301723895716,0.04395301723895716,0.2676686250436417,0.26803989991911625,-0.010106546354393358,-0.010033646672826586
320.0,13.0,0.0,0.0,0.0,0.0,0.0,0.0,0.0,0.0,0.0,0.0,0.1112942675607133,0.1112942675607133,0.27277806365400253,0.27314925876202845,-0.009156171583271781,-0.009091372791251856
320.0,13.5,0.0,0.0,0.0,0.0,0.0,0.0,0.0,0.0,0.0,0.0,0.06438271437348576,0.06438271437348576,0.2751810897901279,0.27555219785208396,-0.008746208492210672,-0.008684863620778156
320.0,14.0,0.0,0.0,0.0,0.0,0.0,0.0,0.0,0.0,0.0,0.0,0.008546251235994473,0.008546251235994473,0.2801964861649529,0.2805674876819242,-0.007958886077067942,-0.007904074161817652
320.0,14.5,0.0,0.0,0.0,0.0,0.0,0.0,0.0,0.0,0.0,0.0,0.0,0.0,0.2877601611892574,0.28813101828498605,-0.006925257692672829,-0.006878830849853897
320.0,15.0,0.0,0.0,0.0,0.0,0.0,0.0,0.0,0.0,0.0,0.0,0.0,0.0,0.2899469823976761,0.29031768773321565,-0.006656777218386663,-0.006612503564501952
320.0,15.5,0.0,0.0,0.0,0.0,0.0,0.0,0.0,0.0,0.0,0.0,0.0,0.0,0.29210004620545577,0.2924705898564747,-0.00640447081090934,-0.006362206328625651
320.0,16.0,0.0,0.0,0.0,0.0,0.0,0.0,0.0,0.0,0.0,0.0,0.0,0.0,0.2968194210760961,0.2971897719466175,-0.005890192917315729,-0.005851957732030067
320.0,16.5,0.0,0.0,0.0,0.0,0.0,0.0,0.0,0.0,0.0,0.0,0.0,0.0,0.29883460078939117,0.2992047490161568,-0.0056856772230973705,-0.0056490375258322675
320.0,17.0,0.0,0.0,0.0,0.0,0.0,0.0,0.0,0.0,0.0,0.0,0.0,0.0,0.3034021992753378,0.3037721084963999,-0.005252616978747005,-0.005219297111975653
320.0,17.5,0.0,0.0,0.0,0.0,0.0,0.0,0.0,0.0,0.0,0.0,0.0,0.0,0.3078422322372522,0.3082118627680197,-0.00486881312289563,-0.004838394554895989
320.0,18.0,0.0,0.0,0.0,0.0,0.0,0.0,0.0,0.0,0.0,0.0,0.0,0.0,0.30959248004961637,0.309961821401768,-0.004726761645132836,-0.0046974197830837216
320.0,18.5,0.0,0.0,0.0,0.0,0.0,0.0,0.0,0.0,0.0,0.0,0.0,0.0,0.3087560656148593,0.309125133683524,-0.004794020687276246,-0.00476420298667205
320.0,19.0,0.0,0.0,0.0,0.0,0.0,0.0,0.0,0.0,0.0,0.0,0.0,0.0,0.30798607276812345,0.30835487474634793,-0.004856948829300477,-0.004826686238954565
320.0,19.5,0.0,0.0,0.0,0.0,0.0,0.0,0.0,0.0,0.0,0.0,0.0,0.0,0.3098499410833396,0.3102184472550196,-0.004706285004134432,-0.004677160202264148
320.0,20.0,0.0,0.0,0.0,0.0,0.0,0.0,0.0,0.0,0.0,0.0,0.0,0.0,0.3090978657452005,0.3094660757810511,-0.004766398440315971,-0.004736853796638173
320.0,20.5,0.0,0.0,0.0,0.0,0.0,0.0,0.0,0.0,0.0,0.0,0.0,0.0,0.30839124764827464,0.3087591560725005,-0.00482371379514673,-0.0047937700818316215
320.0,21.0,0.0,0.0,0.0,0.0,0.0,0.0,0.0,0.0,0.0,0.0,0.0,0.0,0.307721941809664,0.3080895390928428,-0.004878761471178146,-0.004848435989036104
320.0,21.5,0.0,0.0,0.0,0.0,0.0,0.0,0.0,0.0,0.0,0.0,0.0,0.0,0.307083698445989,0.30745097148626366,-0.004931952920552412,-0.004901260327166692
320.0,22.0,0.0,0.0,0.0,0.0,0.0,0.0,0.0,0.0,0.0,0.0,0.0,0.0,0.30647161257619043,0.3068385450959522,-0.004983614687340274,-0.0049525675859360884
320.0,22.5,0.0,0.0,0.0,0.0,0.0,0.0,0.0,0.0,0.0,0.0,0.0,0.0,0.30588176722692456,0.30624833900709725,-0.005034010460657708,-0.00500261992823876
320.0,23.0,0.0,0.0,0.0,0.0,0.0,0.0,0.0,0.0,0.0,0.0,0.0,0.0,0.30531098726478245,0.30567717410648765,-0.005083356412256463,-0.005051632358946569
320.0,23.5,0.0,0.0,0.0,0.0,0.0,0.0,0.0,0.0,0.0,0.0,0.0,0.0,0.30994857345046156,0.3103142430598187,-0.004698468490822564,-0.004669624204068925
320.0,24.0,0.0,0.0,0.0,0.0,0.0,0.0,0.0,0.0,0.0,0.0,0.0,0.0,0.3092698277008859,0.3096349452751491,-0.004752573217175858,-0.004723376960272034
321.0,0.5,0.0,0.0,0.0,0.0,0.0,0.0,0.0,0.0,0.0,0.0,0.0,0.0,0.30861480559025506,0.30897932968766,-0.004805492154374504,-0.004775956285723675
321.0,1.0,0.0,0.0,0.0,0.0,0.0,0.0,0.0,0.0,0.0,0.0,0.0,0.0,0.30797985771693087,0.3083437409060315,-0.004857460748307307,-0.004827596547994376
321.0,1.5,0.0,0.0,0.0,0.0,0.0,0.0,0.0,0.0,0.0,0.0,0.0,0.0,0.30736202107729477,0.3077252105912737,-0.004908672878423853,-0.004878490814031009
321.0,2.0,0.0,0.0,0.0,0.0,0.0,0.0,0.0,0.0,0.0,0.0,0.0,0.0,0.30675886194701685,0.3071213002785275,-0.00495929014760107,-0.004928800076016872
321.0,2.5,0.0,0.0,0.0,0.0,0.0,0.0,0.0,0.0,0.0,0.0,0.0,0.0,0.30616836172443784,0.306529987156614,-0.00500944866224546,-0.004978659986155506
321.0,3.0,0.0,0.0,0.0,0.0,0.0,0.0,0.0,0.0,0.0,0.0,0.0,0.0,0.3055888323584302,0.30594957944224027,-0.005059264074105308,-0.005028185865100764
321.0,3.5,0.0,0.0,0.0,0.0,0.0,0.0,0.0,0.0,0.0,0.0,0.0,0.0,0.30501885258877276,0.3053786525788094,-0.0051088353929217584,-0.005077476489266147
321.0,4.0,0.0,0.0,0.0,0.0,0.0,0.0,0.0,0.0,0.0,0.0,0.0,0.0,0.30445721911235174,0.3048160003715527,-0.005158247913529383,-0.005126616998208916
321.0,4.5,0.0,0.0,0.0,0.0,0.0,0.0,0.0,0.0,0.0,0.0,0.0,0.0,0.3039029086400843,0.3042605970215758,-0.005207575494172503,-0.00517568115728339
321.0,5.0,0.0,0.0,0.0,0.0,0.0,0.0,0.0,0.0,0.0,0.0,0.0,0.0,0.3033550480249801,0.303711567237062,-0.005256882352298177,-0.005224733140765643
321.0,5.5,0.0,0.0,0.0,0.0,0.0,0.0,0.0,0.0,0.0,0.0,0.0,0.0,0.3028128904565735,0.3031681624150486,-0.005306224496598994,-0.00527382895349044
321.0,6.0,0.0,0.0,0.0,0.0,0.0,0.0,0.0,0.0,0.0,0.0,0.0,0.0,0.30227579627372303,0.3026297414443269,-0.0053556508814856085,-0.0053230175766626935
321.0,6.5,0.0,0.0,0.0,0.0,0.0,0.0,0.0,0.0,0.0,0.0,0.0,0.0,0.30174321733490933,0.3020957550674697,-0.005405204347408861,-0.005372341900891245
321.0,7.0,0.0,0.0,0.0,0.0,0.0,0.0,0.0,0.0,0.0,0.0,0.0,0.0,0.3012147529980762,0.30156573301378764,-0.005454915883329322,-0.005421839493444745
321.0,7.5,0.0,0.0,0.0,0.0,0.0,0.0,0.0,0.0,0.0,0.0,0.0,0.0,0.30069020598092955,0.3010393964788743,-0.005504798551567643,-0.00547153154343232
321.0,8.0,0.0,0.0,0.0,0.0,0.0,0.0,0.0,0.0,0.0,0.0,0.0,0.0,0.3001695279732715,0.30051664728390526,-0.005554851711067856,-0.005521422940085988
321.0,8.5,0.0,0.0,0.0,0.0,0.0,0.0,0.0,0.0,0.0,0.0,0.0,0.0,0.2996527767383567,0.2999975175330241,-0.005605064442525729,-0.005571506234256569
321.0,9.0,0.0,0.0,0.0,0.0,0.0,0.0,0.0,0.0,0.0,0.0,0.11901380077343443,0.11901380077343443,0.29914008237770034,0.2994821299246754,-0.00565541832661894,-0.005621764854989951
321.0,9.5,0.0,0.0,0.0,0.0,0.0,0.0,0.0,0.0,0.0,0.0,0.31415180006042326,0.31415180006042326,0.29861645473430926,0.29895550036921137,-0.005707403360370447,-0.0056736787370216145
321.0,10.0,0.0,0.0,0.0,0.0,0.0,0.0,0.0,0.0,0.0,0.0,0.4481499927684128,0.4481499927684128,0.3006786888846061,0.30101404216614025,-0.005505899872086591,-0.005473938942319207
321,10.5,1.1871134561381718,1.2030800260198544,0.04852327184809787,0.07561148394605344,16.063739982326158,16.90170808452482,False,False,0.03875741855495265,0.061047539556150915,0.6639837321537733,0.6639837321537733,0.3000598211854438,0.30039119002339015,-0.005565466960517848,-0.005533477168451664
321,11.0,1.2515001151662997,1.2600647904292255,0.05810724408544463,0.06867972085932386,15.816782755806134,16.199674440732636,True,True,0.037098923678391536,0.044227752378953426,0.7514941551334122,0.7514941551334122,0.2994153867511523,0.29973905545793916,-0.005628312824381831,-0.005596643245011429
321,11.5,1.2446808991107097,1.2541873587228858,0.058116347968049216,0.07026715332619925,15.803795893787493,16.237256147220112,True,True,0.03671905632730462,0.04473124047329358,0.7339039983389055,0.7339039983389055,0.29876658860780103,0.2990844300575204,-0.00569244027068973,-0.00566091654080958
321,12.0,1.2303083115396405,1.2402470937329737,0.056794377349691304,0.07048280356194767,15.824038858485768,16.310843839960864,False,False,0.0365696166240203,0.0456828245051223,0.6598281957975696,0.6598281957975696,0.29812796033095174,0.2984395752152952,-0.005756414498042187,-0.005725092226475026
321.0,12.5,0.0,0.0,0.0,0.0,0.0,0.0,0.0,0.0,0.0,0.0,0.5325645661429174,0.5325645661429174,0.29750681029299564,0.29781183824976953,-0.0058194612941549284,-0.005788398669691856
321,13.0,1.1715286869381842,1.1808956199158587,0.0559723358254277,0.06913148090579713,15.752771433580522,16.237519104860123,False,False,0.03391910501470219,0.042112596290856445,0.5893794841100877,0.5893794841100877,0.2969169378316587,0.29721699164436327,-0.005880096449567156,-0.005849159242444017
321,13.5,1.1968319949233361,1.2024945400098592,0.06184681517747104,0.0675003124415115,15.604550681310185,15.830966834912399,True,True,0.032877854789531175,0.036258791638348054,0.7483742030946536,0.7483742030946536,0.2963204728739228,0.29661377525372284,-0.005942176256441841,-0.005911552396658418
321.0,14.0,0.0,0.0,0.0,0.0,0.0,0.0,0.0,0.0,0.0,0.0,0.4140070013181875,0.4140070013181875,0.29571073661498154,0.2959981726804476,-0.006006446219633869,-0.00597604603393317
321.0,14.5,0.0,0.0,0.0,0.0,0.0,0.0,0.0,0.0,0.0,0.0,0.22201502631333642,0.22201502631333642,0.29515918439076805,0.29544142980658006,-0.006065297821493633,-0.006035096324025781
321.0,15.0,0.0,0.0,0.0,0.0,0.0,0.0,0.0,0.0,0.0,0.0,0.06243284923508341,0.06243284923508341,0.2946397410704435,0.29491677503576086,-0.006121352571112073,-0.006091380522614761
321.0,15.5,0.0,0.0,0.0,0.0,0.0,0.0,0.0,0.0,0.0,0.0,0.0,0.0,0.2941482192706422,0.29442004234552,-0.006174963465854385,-0.006145246558656814
321.0,16.0,0.0,0.0,0.0,0.0,0.0,0.0,0.0,0.0,0.0,0.0,0.0,0.0,0.29367217400722373,0.293938805547517,-0.00622742042368419,-0.006197974318621952
321.0,16.5,0.0,0.0,0.0,0.0,0.0,0.0,0.0,0.0,0.0,0.0,0.0,0.0,0.29320357624322796,0.2934650519446586,-0.0062795760874560244,-0.006250409533851528
321.0,17.0,0.0,0.0,0.0,0.0,0.0,0.0,0.0,0.0,0.0,0.0,0.0,0.0,0.29274234484852335,0.2929987144402456,-0.0063314208889867895,-0.00630254093471318
321.0,17.5,0.0,0.0,0.0,0.0,0.0,0.0,0.0,0.0,0.0,0.0,0.0,0.0,0.29228839092363706,0.2925397160371031,-0.006382946408748983,-0.006354358570124305
321.0,18.0,0.0,0.0,0.0,0.0,0.0,0.0,0.0,0.0,0.0,0.0,0.0,0.0,0.2944548529757326,0.2947005997197635,-0.006141453226212647,-0.006114753297253477
321.0,18.5,0.0,0.0,0.0,0.0,0.0,0.0,0.0,0.0,0.0,0.0,0.0,0.0,0.2939596803382686,0.29419998744130765,-0.006195675970299571,-0.00616929076295266
321.0,19.0,0.0,0.0,0.0,0.0,0.0,0.0,0.0,0.0,0.0,0.0,0.0,0.0,0.29347470850848806,0.2937097138567676,-0.006249335477509211,-0.006223264552932013
321.0,19.5,0.0,0.0,0.0,0.0,0.0,0.0,0.0,0.0,0.0,0.0,0.0,0.0,0.29560928964208955,0.29583850425838254,-0.006017219553398594,-0.005992910398941987
321.0,20.0,0.0,0.0,0.0,0.0,0.0,0.0,0.0,0.0,0.0,0.0,0.0,0.0,0.29508524656814944,0.2953088795988573,-0.006073239236165738,-0.006049257408683342
321.0,20.5,0.0,0.0,0.0,0.0,0.0,0.0,0.0,0.0,0.0,0.0,0.0,0.0,0.2945740151839931,0.29479226251812796,-0.006128489162493446,-0.006104829733097952
321.0,21.0,0.0,0.0,0.0,0.0,0.0,0.0,0.0,0.0,0.0,0.0,0.0,0.0,0.29668170762873636,0.2968941261304802,-0.005904486383519355,-0.005882456426717702
321.0,21.5,0.0,0.0,0.0,0.0,0.0,0.0,0.0,0.0,0.0,0.0,0.0,0.0,0.29873434041262575,0.298940520782736,-0.005695650341096798,-0.005675163723681949
321.0,22.0,0.0,0.0,0.0,0.0,0.0,0.0,0.0,0.0,0.0,0.0,0.0,0.0,0.2981358040435776,0.2983360827151975,-0.0057556235785129065,-0.005735472301698785
321.0,22.5,0.0,0.0,0.0,0.0,0.0,0.0,0.0,0.0,0.0,0.0,0.0,0.0,0.29755639019405045,0.29775106255024414,-0.005814398815568782,-0.005794571993716072
321.0,23.0,0.0,0.0,0.0,0.0,0.0,0.0,0.0,0.0,0.0,0.0,0.0,0.0,0.29959373248037086,0.2997824224172011,-0.005610836133849231,-0.005592416124685538
321.0,23.5,0.0,0.0,0.0,0.0,0.0,0.0,0.0,0.0,0.0,0.0,0.0,0.0,0.2989811860010525,0.29916423131687087,-0.005671133494415241,-0.005653034493034566
321.0,24.0,0.0,0.0,0.0,0.0,0.0,0.0,0.0,0.0,0.0,0.0,0.0,0.0,0.29838880059236733,0.29856649570769755,-0.005730182012594769,-0.005712392914332934
322.0,0.5,0.0,0.0,0.0,0.0,0.0,0.0,0.0,0.0,0.0,0.0,0.0,0.0,0.2978146886762077,0.2979872940013631,-0.005788109328538349,-0.0057706205745469575
322.0,1.0,0.0,0.0,0.0,0.0,0.0,0.0,0.0,0.0,0.0,0.0,0.0,0.0,0.2972572566281744,0.29742500551167755,-0.00584502247478635,-0.005827825660056422
322.0,1.5,0.0,0.0,0.0,0.0,0.0,0.0,0.0,0.0,0.0,0.0,0.0,0.0,0.29671514759465756,0.29687825154018654,-0.005901011808291675,-0.005884099393254715
322.0,2.0,0.0,0.0,0.0,0.0,0.0,0.0,0.0,0.0,0.0,0.0,0.0,0.0,0.29618719720868564,0.2963458498342773,-0.005956154079489122,-0.00593951917671132
322.0,2.5,0.0,0.0,0.0,0.0,0.0,0.0,0.0,0.0,0.0,0.0,0.0,0.0,0.29567239889607794,0.2958267789680646,-0.00601051485526273,-0.005994151071209444
322.0,3.0,0.0,0.0,0.0,0.0,0.0,0.0,0.0,0.0,0.0,0.0,0.0,0.0,0.29516987641463444,0.29532015019349256,-0.006064150451129877,-0.0060480517686893834
322.0,3.5,0.0,0.0,0.0,0.0,0.0,0.0,0.0,0.0,0.0,0.0,0.0,0.0,0.29467886191865794,0.2948251849883894,-0.006117109485767973,-0.006101270177157206
322.0,4.0,0.0,0.0,0.0,0.0,0.0,0.0,0.0,0.0,0.0,0.0,0.0,0.0,0.29680785473170695,0.2969499127842569,-0.00589139181689464,-0.005876687030146429
322.0,4.5,0.0,0.0,0.0,0.0,0.0,0.0,0.0,0.0,0.0,0.0,0.0,0.0,0.2962792869233183,0.2964172801167497,-0.005946491622345967,-0.005932047707697073
322.0,5.0,0.0,0.0,0.0,0.0,0.0,0.0,0.0,0.0,0.0,0.0,0.0,0.0,0.2957643494239241,0.29589845991399544,-0.006000761998792857,-0.005986571172461581
322.0,5.5,0.0,0.0,0.0,0.0,0.0,0.0,0.0,0.0,0.0,0.0,0.0,0.0,0.29786858076517597,0.29799852733490195,-0.005782642090612189,-0.005769484571968835
322.0,6.0,0.0,0.0,0.0,0.0,0.0,0.0,0.0,0.0,0.0,0.0,0.0,0.0,0.29731735865909786,0.2974433610181976,-0.0058388541599235936,-0.005825947602554792
322.0,6.5,0.0,0.0,0.0,0.0,0.0,0.0,0.0,0.0,0.0,0.0,0.0,0.0,0.296781549464979,0.296903803986122,-0.00589411954965472,-0.0058814550694963556
322.0,7.0,0.0,0.0,0.0,0.0,0.0,0.0,0.0,0.0,0.0,0.0,0.0,0.0,0.29886409325026064,0.2989823476377711,-0.005682747505143122,-0.005671018417577899
322.0,7.5,0.0,0.0,0.0,0.0,0.0,0.0,0.0,0.0,0.0,0.0,0.0,0.0,0.29829292080424713,0.2984074027101347,-0.00573980797360943,-0.005728316660241956
322.0,8.0,0.0,0.0,0.0,0.0,0.0,0.0,0.0,0.0,0.0,0.0,0.038368076860022554,0.038368076860022554,0.29773860935442953,0.29784951975430385,-0.005795837901887274,-0.005784575086121075
322.0,8.5,0.0,0.0,0.0,0.0,0.0,0.0,0.0,0.0,0.0,0.0,0.07193693084854018,0.07193693084854018,0.2971948038367132,0.2973023221962745,-0.00585144027723395,-0.0058403966352068536
322.0,9.0,0.0,0.0,0.0,0.0,0.0,0.0,0.0,0.0,0.0,0.0,0.0,0.0,0.29666086459307645,0.2967651528206701,-0.005906653309562426,-0.005895820566058659
322.0,9.5,0.0,0.0,0.0,0.0,0.0,0.0,0.0,0.0,0.0,0.0,0.0,0.0,0.29614916132483066,0.2962503668248839,-0.005960150429562426,-0.005949524033051113
322.0,10.0,0.0,0.0,0.0,0.0,0.0,0.0,0.0,0.0,0.0,0.0,0.0,0.0,0.2956495972382995,0.29574785529214737,-0.006012936265374618,-0.006002510082495248
322.0,10.5,0.0,0.0,0.0,0.0,0.0,0.0,0.0,0.0,0.0,0.0,0.0,0.0,0.29516136372567475,0.2952567993637294,-0.006065063934186623,-0.006054832264778804
322.0,11.0,0.0,0.0,0.0,0.0,0.0,0.0,0.0,0.0,0.0,0.0,0.0,0.0,0.29468375333202207,0.29477648281583346,-0.006116579204809449,-0.006106536701336157
322.0,11.5,0.0,0.0,0.0,0.0,0.0,0.0,0.0,0.0,0.0,0.0,0.0,0.0,0.2942161435591971,0.2943062755637834,-0.006167521663580277,-0.0061576632689246385
322.0,12.0,0.0,0.0,0.0,0.0,0.0,0.0,0.0,0.0,0.0,0.0,0.0,0.0,0.29375798360873684,0.293845620173079,-0.006217925677265257,-0.006208246576660549
322.0,12.5,0.0,0.0,0.0,0.0,0.0,0.0,0.0,0.0,0.0,0.0,0.0,0.0,0.29330878346972983,0.29339402076688553,-0.006267821192404002,-0.006258316776271035
322.0,13.0,0.0,0.0,0.0,0.0,0.0,0.0,0.0,0.0,0.0,0.0,0.0,0.0,0.2928681048914448,0.2929510338575718,-0.00631723440190034,-0.006307900237120563
322.0,13.5,0.0,0.0,0.0,0.0,0.0,0.0,0.0,0.0,0.0,0.0,0.0,0.0,0.292435553880854,0.29251626073334375,-0.006366188303145344,-0.006357020110864712
322.0,14.0,0.0,0.0,0.0,0.0,0.0,0.0,0.0,0.0,0.0,0.0,0.0,0.0,0.29201077444128004,0.292089341109345,-0.0064147031669864,-0.006405696805474671
322.0,14.5,0.0,0.0,0.0,0.0,0.0,0.0,0.0,0.0,0.0,0.0,0.0,0.0,0.2942102736812291,0.2942865256764365,-0.00616816434692148,-0.006159821850892903
322,15.0,0.874122575657386,0.8805170148873802,0.028209072452017068,0.033011554858514494,16.565037716275043,16.90476350538058,True,True,0.03593238830871248,0.04463191854800467,1.1999267108759883,1.1999267108759883,0.29374798237880523,0.2938220257642278,-0.006219031414901434,-0.0062108507157044674
322.0,15.5,0.0,0.0,0.0,0.0,0.0,0.0,0.0,0.0,0.0,0.0,0.0,0.0,0.2931390672329189,0.29321038795007387,-0.006286796726221398,-0.006278814214693347
322.0,16.0,0.0,0.0,0.0,0.0,0.0,0.0,0.0,0.0,0.0,0.0,0.0,0.0,0.29269597439653944,0.2927652753066039,-0.006336661330273544,-0.006328831368455905
322.0,16.5,0.0,0.0,0.0,0.0,0.0,0.0,0.0,0.0,0.0,0.0,0.0,0.0,0.2922616966149791,0.2923290623881677,-0.006385991838267058,-0.0063783097165421646
322.0,17.0,0.0,0.0,0.0,0.0,0.0,0.0,0.0,0.0,0.0,0.0,0.0,0.0,0.2944515648246195,0.2945168477854313,-0.006141811418405668,-0.006134704525824377
322.0,17.5,0.0,0.0,0.0,0.0,0.0,0.0,0.0,0.0,0.0,0.0,0.0,0.0,0.2939806833729146,0.29404398804322385,-0.006193364526885557,-0.006186403881548554
322.0,18.0,0.0,0.0,0.0,0.0,0.0,0.0,0.0,0.0,0.0,0.0,0.0,0.0,0.2935205809762157,0.29358200267563783,-0.006244236290888636,-0.006237416411160375
322.0,18.5,0.0,0.0,0.0,0.0,0.0,0.0,0.0,0.0,0.0,0.0,0.0,0.0,0.29568341450523117,0.2957428221309912,-0.0060093454746379055,-0.006003043628599554
322.0,19.0,0.0,0.0,0.0,0.0,0.0,0.0,0.0,0.0,0.0,0.0,0.0,0.0,0.29518753540917403,0.29524504110646055,-0.006062256015311715,-0.00605609175792073
322.0,19.5,0.0,0.0,0.0,0.0,0.0,0.0,0.0,0.0,0.0,0.0,0.0,0.0,0.2947041951554273,0.29475989960591836,-0.006114363687533575,-0.006108331201837467
322.0,20.0,0.0,0.0,0.0,0.0,0.0,0.0,0.0,0.0,0.0,0.0,0.0,0.0,0.29423247784034645,0.29428647212563525,-0.006165733669721447,-0.006159827705002107
322.0,20.5,0.0,0.0,0.0,0.0,0.0,0.0,0.0,0.0,0.0,0.0,0.0,0.0,0.2937715836851007,0.2938239507696809,-0.006216422426390296,-0.00621063820212834
322.0,21.0,0.0,0.0,0.0,0.0,0.0,0.0,0.0,0.0,0.0,0.0,0.0,0.0,0.2933208106216511,0.29337162654338855,-0.0062664790588104705,-0.006260812188289645
322.0,21.5,0.0,0.0,0.0,0.0,0.0,0.0,0.0,0.0,0.0,0.0,0.0,0.0,0.29287953923515625,0.2929288740687479,-0.006315946418608191,-0.006310392847758119
322.0,22.0,0.0,0.0,0.0,0.0,0.0,0.0,0.0,0.0,0.0,0.0,0.0,0.0,0.29244722036927884,0.2924951390120358,-0.0063648620318092555,-0.006359417989962185
322.0,22.5,0.0,0.0,0.0,0.0,0.0,0.0,0.0,0.0,0.0,0.0,0.0,0.0,0.292023364862043,0.2920699276795408,-0.006413258870015423,-0.006407920830040916
322.0,23.0,0.0,0.0,0.0,0.0,0.0,0.0,0.0,0.0,0.0,0.0,0.0,0.0,0.2916075349995012,0.29165279835992614,-0.006461165997338615,-0.006455930643203884
322.0,23.5,0.0,0.0,0.0,0.0,0.0,0.0,0.0,0.0,0.0,0.0,0.0,0.0,0.29119933736421516,0.2912433540837244,-0.006508609115637236,-0.006503473315878596
322.0,24.0,0.0,0.0,0.0,0.0,0.0,0.0,0.0,0.0,0.0,0.0,0.0,0.0,0.29079841682359603,0.29084123654010585,-0.006555611025966339,-0.0065505718118876914
323.0,0.5,0.0,0.0,0.0,0.0,0.0,0.0,0.0,0.0,0.0,0.0,0.0,0.0,0.2904044514552534,0.2904461209443271,-0.00660219202058852,-0.0065972465682559165
323.0,1.0,0.0,0.0,0.0,0.0,0.0,0.0,0.0,0.0,0.0,0.0,0.0,0.0,0.29001714824675445,0.29005771169039846,-0.0066483702171251146,-0.006643515832420726
323.0,1.5,0.0,0.0,0.0,0.0,0.0,0.0,0.0,0.0,0.0,0.0,0.0,0.0,0.2896362394385731,0.2896757386555288,-0.006694161844259102,-0.006689395950409033
323.0,2.0,0.0,0.0,0.0,0.0,0.0,0.0,0.0,0.0,0.0,0.0,0.0,0.0,0.2892614794036597,0.2892999540480511,-0.006739581486688916,-0.00673490161379754
323.0,2.5,0.0,0.0,0.0,0.0,0.0,0.0,0.0,0.0,0.0,0.0,0.0,0.0,0.2888926419765769,0.2889301297104216,-0.006784642295669987,-0.006780046071885802
323.0,3.0,0.0,0.0,0.0,0.0,0.0,0.0,0.0,0.0,0.0,0.0,0.0,0.0,0.2885295181607068,0.2885660548047297,-0.006829356170387863,-0.00682484131439977
323.0,3.5,0.0,0.0,0.0,0.0,0.0,0.0,0.0,0.0,0.0,0.0,0.0,0.0,0.28817191415452126,0.2882075338208654,-0.006873733914525279,-0.006869298229146002
323.0,4.0,0.0,0.0,0.0,0.0,0.0,0.0,0.0,0.0,0.0,0.0,0.0,0.0,0.28781964964799006,0.28785438485774584,-0.006917785371668669,-0.006913426738309011
323.0,4.5,0.0,0.0,0.0,0.0,0.0,0.0,0.0,0.0,0.0,0.0,0.0,0.0,0.2900980487056824,0.29013182447059643,-0.006638692732555874,-0.006634657370820853
323.0,5.0,0.0,0.0,0.0,0.0,0.0,0.0,0.0,0.0,0.0,0.0,0.0,0.0,0.28971155469219206,0.289744412670451,-0.006685077955966291,-0.006681119506682635
323.0,5.5,0.0,0.0,0.0,0.0,0.0,0.0,0.0,0.0,0.0,0.0,0.0,0.0,0.2893321091543729,0.28936408813845543,-0.0067309933893855015,-0.006727109251085744
323.0,6.0,0.0,0.0,0.0,0.0,0.0,0.0,0.0,0.0,0.0,0.0,0.0,0.0,0.2889593809575195,0.28899051718281565,-0.006776462267991893,-0.006772649999970317
323.0,6.5,0.0,0.0,0.0,0.0,0.0,0.0,0.0,0.0,0.0,0.0,0.0,0.0,0.2912161778842128,0.29124640523374623,-0.00650664362042387,-0.0065031174916053355
323.0,7.0,0.0,0.0,0.0,0.0,0.0,0.0,0.0,0.0,0.0,0.0,0.0,0.0,0.29080957458082946,0.29083893728655213,-0.006554297486794678,-0.006550842280955793
323.0,7.5,0.0,0.0,0.0,0.0,0.0,0.0,0.0,0.0,0.0,0.0,0.0,0.0,0.2904113443889169,0.29043988302165147,-0.006601373642985385,-0.006597986621505287
323.0,8.0,0.0,0.0,0.0,0.0,0.0,0.0,0.0,0.0,0.0,0.0,0.0,0.0,0.29002101024645616,0.290048762183549,-0.006647907854643466,-0.006644586491444477
323.0,8.5,0.0,0.0,0.0,0.0,0.0,0.0,0.0,0.0,0.0,0.0,0.0,0.0,0.28963814340681643,0.2896651432229193,-0.006693932022601823,-0.006690673976516365
323.0,9.0,0.0,0.0,0.0,0.0,0.0,0.0,0.0,0.0,0.0,0.0,0.0,0.0,0.2892623571402592,0.28928863693587287,-0.006739474679801392,-0.006736277771480877
323.0,9.5,0.0,0.0,0.0,0.0,0.0,0.0,0.0,0.0,0.0,0.0,0.0,0.0,0.28889330139097524,0.2889188910702817,-0.006784561415390642,-0.006781423607912749
323.0,10.0,0.0,0.0,0.0,0.0,0.0,0.0,0.0,0.0,0.0,0.0,0.0,0.0,0.28853065822452856,0.288555585731655,-0.006829215238209818,-0.0068261346207135675
323.0,10.5,0.0,0.0,0.0,0.0,0.0,0.0,0.0,0.0,0.0,0.0,0.0,0.0,0.2881741379327989,0.28819842945381774,-0.006873456889535392,-0.006870431663347538
323.0,11.0,0.0,0.0,0.0,0.0,0.0,0.0,0.0,0.0,0.0,0.0,0.008407278947219541,0.008407278947219541,0.2878234756887137,0.28784715582524983,-0.006917305113129187,-0.006914333579949878
323.0,11.5,0.0,0.0,0.0,0.0,0.0,0.0,0.0,0.0,0.0,0.0,0.15395306068166995,0.15395306068166995,0.2874773572999484,0.2875004492191408,-0.00696091237410402,-0.006957992858200255
323.0,12.0,0.0,0.0,0.0,0.0,0.0,0.0,0.0,0.0,0.0,0.0,0.3221376890827533,0.3221376890827533,0.28711808349985557,0.28714060906453226,-0.007006523985149926,-0.007003653808836559
323.0,12.5,0.0,0.0,0.0,0.0,0.0,0.0,0.0,0.0,0.0,0.0,0.36426490972182496,0.36426490972182496,0.2867425633734724,0.28676454325569395,-0.007054579293735382,-0.007051755730152947
323.0,13.0,0.0,0.0,0.0,0.0,0.0,0.0,0.0,0.0,0.0,0.0,0.2869342033833749,0.2869342033833749,0.2863666702456685,0.2863881240262342,-0.007103076141230341,-0.007100297557837053
323.0,13.5,0.0,0.0,0.0,0.0,0.0,0.0,0.0,0.0,0.0,0.0,0.11383153090203421,0.11383153090203421,0.2860054503057075,0.2860263965618623,-0.007150054606486227,-0.007147320349500822
323.0,14.0,0.0,0.0,0.0,0.0,0.0,0.0,0.0,0.0,0.0,0.0,0.0,0.0,0.2856709438498964,0.2856914002330549,-0.007193889337661198,-0.007191199496688541
323.0,14.5,0.0,0.0,0.0,0.0,0.0,0.0,0.0,0.0,0.0,0.0,0.0,0.0,0.28535544485603354,0.28537542816092754,-0.007235526989470264,-0.007232881210723412
323.0,15.0,0.0,0.0,0.0,0.0,0.0,0.0,0.0,0.0,0.0,0.0,0.0,0.0,0.28504430467728226,0.28506383090364956,-0.0072768709085946175,-0.007274268024135684
323.0,15.5,0.0,0.0,0.0,0.0,0.0,0.0,0.0,0.0,0.0,0.0,0.0,0.0,0.28473738969030266,0.284756474098046,-0.007317929446944619,-0.0073153683343597335
323.0,16.0,0.0,0.0,0.0,0.0,0.0,0.0,0.0,0.0,0.0,0.0,0.0,0.0,0.2844345745236869,0.28445323168234876,-0.00735871031891959,-0.007356189898302782
323.0,16.5,0.0,0.0,0.0,0.0,0.0,0.0,0.0,0.0,0.0,0.0,0.0,0.0,0.28413574126415037,0.2841539850974772,-0.00739922066939018,-0.007396739900661924
323.0,17.0,0.0,0.0,0.0,0.0,0.0,0.0,0.0,0.0,0.0,0.0,0.0,0.0,0.28384077875660185,0.2838586225828485,-0.007439467133604385,-0.0074370250141163885
323.0,17.5,0.0,0.0,0.0,0.0,0.0,0.0,0.0,0.0,0.0,0.0,0.0,0.0,0.283549581985636,0.28356703855416043,-0.007479455890057912,-0.007477051452443515
323.0,18.0,0.0,0.0,0.0,0.0,0.0,0.0,0.0,0.0,0.0,0.0,0.0,0.0,0.2832620515278061,0.2832791330524196,-0.007519192707222854,-0.007516825017458914
323.0,18.5,0.0,0.0,0.0,0.0,0.0,0.0,0.0,0.0,0.0,0.0,0.0,0.0,0.2829780930655592,0.28299481125502784,-0.007558682984905033,-0.007556351140556492
323.0,19.0,0.0,0.0,0.0,0.0,0.0,0.0,0.0,0.0,0.0,0.0,0.0,0.0,0.28269761695500517,0.2827139830410391,-0.007597931790894937,-0.007595634919517816
323.0,19.5,0.0,0.0,0.0,0.0,0.0,0.0,0.0,0.0,0.0,0.0,0.0,0.0,0.2824205378407744,0.28243656260379524,-0.007636943893488464,-0.007634681151170488
323.0,20.0,0.0,0.0,0.0,0.0,0.0,0.0,0.0,0.0,0.0,0.0,0.0,0.0,0.2821467743121472,0.2821624681050788,-0.007675723790377113,-0.007673494360398729
323.0,20.5,0.0,0.0,0.0,0.0,0.0,0.0,0.0,0.0,0.0,0.0,0.0,0.0,0.281876248595419,0.2818916213657174,-0.007714275734342338,-0.007712078825943
323.0,21.0,0.0,0.0,0.0,0.0,0.0,0.0,0.0,0.0,0.0,0.0,0.0,0.0,0.28160888627813985,0.2816239475882448,-0.0077526037561328285,-0.0077504386033700355
323.0,21.5,0.0,0.0,0.0,0.0,0.0,0.0,0.0,0.0,0.0,0.0,0.0,0.0,0.2813446160614372,0.28135937510780623,-0.007790711684855386,-0.007788577545545567
323.0,22.0,0.0,0.0,0.0,0.0,0.0,0.0,0.0,0.0,0.0,0.0,0.0,0.0,0.2810833695371255,0.28109783516798864,-0.007828603166168503,-0.00782649932090052
323.0,22.5,0.0,0.0,0.0,0.0,0.0,0.0,0.0,0.0,0.0,0.0,0.0,0.0,0.28082508098672737,0.28083926171868445,-0.007866281678532162,-0.00786420742974534
323.0,23.0,0.0,0.0,0.0,0.0,0.0,0.0,0.0,0.0,0.0,0.0,0.0,0.0,0.28056968719989706,0.28058359123346316,-0.00790375054773579,-0.007901705218855859
323.0,23.5,0.0,0.0,0.0,0.0,0.0,0.0,0.0,0.0,0.0,0.0,0.0,0.0,0.2803171273100489,0.28033076254424244,-0.007941012959900007,-0.00793899589452674
323.0,24.0,0.0,0.0,0.0,0.0,0.0,0.0,0.0,0.0,0.0,0.0,0.0,0.0,0.2800673426452705,0.2800807166913246,-0.007978071973123562,-0.00797608253426534
324.0,0.5,0.0,0.0,0.0,0.0,0.0,0.0,0.0,0.0,0.0,0.0,0.0,0.0,0.27982027659283004,0.27983339678710145,-0.008014930527927192,-0.00801296809727774
324.0,1.0,0.0,0.0,0.0,0.0,0.0,0.0,0.0,0.0,0.0,0.0,0.0,0.0,0.2795758744757973,0.27958874789193666,-0.008051591456627481,-0.008049655433881196
324.0,1.5,0.0,0.0,0.0,0.0,0.0,0.0,0.0,0.0,0.0,0.0,0.0,0.0,0.2793340834404725,0.27934671690091406,-0.00808805749175896,-0.008086147293961276
324.0,2.0,0.0,0.0,0.0,0.0,0.0,0.0,0.0,0.0,0.0,0.0,0.0,0.0,0.27909485235347425,0.2791072524402959,-0.008124331273648294,-0.008122446334578306
324.0,2.5,0.0,0.0,0.0,0.0,0.0,0.0,0.0,0.0,0.0,0.0,0.0,0.0,0.2788581317074721,0.2788703047726726,-0.008160415357232961,-0.00815855512681558
324.0,3.0,0.0,0.0,0.0,0.0,0.0,0.0,0.0,0.0,0.0,0.0,0.0,0.0,0.2786238735346673,0.27863582570990186,-0.008196312218206008,-0.008194476161951474
324.0,3.5,0.0,0.0,0.0,0.0,0.0,0.0,0.0,0.0,0.0,0.0,0.0,0.0,0.2783920313272301,0.2784037685330417,-0.008232024258559192,-0.008230211857027943
324.0,4.0,0.0,0.0,0.0,0.0,0.0,0.0,0.0,0.0,0.0,0.0,0.0,0.0,0.27816255996399114,0.27817408791857184,-0.008267553811588797,-0.008265764559879847
324.0,4.5,0.0,0.0,0.0,0.0,0.0,0.0,0.0,0.0,0.0,0.0,0.0,0.0,0.2779354156427637,0.27794673987027646,-0.008302903146421197,-0.008301136553682526
324.0,5.0,0.0,0.0,0.0,0.0,0.0,0.0,0.0,0.0,0.0,0.0,0.0,0.0,0.2777105558177452,0.2777216816562349,-0.008338074472108785,-0.008336330061068197
324.0,5.5,0.0,0.0,0.0,0.0,0.0,0.0,0.0,0.0,0.0,0.0,0.0,0.0,0.2774879391415063,0.27749887175042487,-0.008373069941341281,-0.00837134724785664
324.0,6.0,0.0,0.0,0.0,0.0,0.0,0.0,0.0,0.0,0.0,0.0,0.0,0.0,0.2772675254111295,0.2772782697784992,-0.00840789165381279,-0.008406190226440312
324.0,6.5,0.0,0.0,0.0,0.0,0.0,0.0,0.0,0.0,0.0,0.0,0.0,0.0,0.27704927551810804,0.2770598364673446,-0.00844254165928005,-0.008440861058859724
324.0,7.0,0.0,0.0,0.0,0.0,0.0,0.0,0.0,0.0,0.0,0.0,0.0,0.0,0.27683315140165815,0.2768435335980731,-0.008477021960343917,-0.008475361759601075
324.0,7.5,0.0,0.0,0.0,0.0,0.0,0.0,0.0,0.0,0.0,0.0,0.0,0.0,0.2766191160051321,0.2766293239621334,-0.008511334514982443,-0.008509694298144646
324.0,8.0,0.0,0.0,0.0,0.0,0.0,0.0,0.0,0.0,0.0,0.0,0.0,0.0,0.2764071332352567,0.2764171713202637,-0.00854548123886087,-0.008543860601289307
324.0,8.5,0.0,0.0,0.0,0.0,0.0,0.0,0.0,0.0,0.0,0.0,0.0,0.0,0.2761971679239461,0.2762070403640358,-0.008579464007441199,-0.008577862555275916
324.0,9.0,0.0,0.0,0.0,0.0,0.0,0.0,0.0,0.0,0.0,0.0,0.0,0.0,0.2759891857924679,0.27599889667976635,-0.008613284657911632,-0.008611702007729774
324.0,9.5,0.0,0.0,0.0,0.0,0.0,0.0,0.0,0.0,0.0,0.0,0.0,0.0,0.27578315341776116,0.2757927067145937,-0.008646944990953753,-0.00864538076944047
324.0,10.0,0.0,0.0,0.0,0.0,0.0,0.0,0.0,0.0,0.0,0.0,0.0,0.0,0.27557903820072727,0.2755884377445406,-0.008680446772363891,-0.008678900615995123
324.0,10.5,0.0,0.0,0.0,0.0,0.0,0.0,0.0,0.0,0.0,0.0,0.0,0.0,0.27537680833633094,0.2753860578443988,-0.00871379173454293,-0.008712263289279591
324.0,11.0,0.0,0.0,0.0,0.0,0.0,0.0,0.0,0.0,0.0,0.0,0.0,0.0,0.2751764327853665,0.2751855358592899,-0.008746981577867593,-0.008745470498860711
324.0,11.5,0.0,0.0,0.0,0.0,0.0,0.0,0.0,0.0,0.0,0.0,0.0,0.0,0.27497788124775735,0.27498684137776974,-0.008780017971954882,-0.008778523923261193
324.0,12.0,0.0,0.0,0.0,0.0,0.0,0.0,0.0,0.0,0.0,0.0,0.0,0.0,0.27478112413726946,0.2747899447063577,-0.0088129025568299,-0.00881142521113738
324.0,12.5,0.0,0.0,0.0,0.0,0.0,0.0,0.0,0.0,0.0,0.0,0.08757962375432933,0.08757962375432933,0.27458613255753306,0.274594816845381,-0.00884563694400653,-0.008844175982369678
324.0,13.0,0.0,0.0,0.0,0.0,0.0,0.0,0.0,0.0,0.0,0.0,0.0,0.0,0.27438171776371933,0.2743902689504854,-0.008880108924024705,-0.008878663669859939
324.0,13.5,0.0,0.0,0.0,0.0,0.0,0.0,0.0,0.0,0.0,0.0,0.0,0.0,0.2741901732031068,0.27419859437304167,-0.008912555855547198,-0.008911126375372133
324.0,14.0,0.0,0.0,0.0,0.0,0.0,0.0,0.0,0.0,0.0,0.0,0.0,0.0,0.27400031140115455,0.2740086055460675,-0.008944857231353907,-0.008943443229756553
324.0,14.5,0.0,0.0,0.0,0.0,0.0,0.0,0.0,0.0,0.0,0.0,0.0,0.0,0.2738121060054797,0.2738202760280626,-0.008977014558301256,-0.008975615747266812
324.0,15.0,0.0,0.0,0.0,0.0,0.0,0.0,0.0,0.0,0.0,0.0,0.0,0.0,0.27362553125133193,0.27363357996834486,-0.009009029318886084,-0.009007645417574537
324.0,15.5,0.0,0.0,0.0,0.0,0.0,0.0,0.0,0.0,0.0,0.0,0.0,0.0,0.2734405619434922,0.2734484920888186,-0.009040902971983629,-0.009039533706514825
324.0,16.0,0.0,0.0,0.0,0.0,0.0,0.0,0.0,0.0,0.0,0.0,0.0,0.0,0.2732571734389857,0.2732649876665615,-0.009072636953537997,-0.00907128205678412
324.0,16.5,0.0,0.0,0.0,0.0,0.0,0.0,0.0,0.0,0.0,0.0,0.0,0.0,0.2730753416305531,0.2730830425171768,-0.009104232677209683,-0.009102891888594717
324.0,17.0,0.0,0.0,0.0,0.0,0.0,0.0,0.0,0.0,0.0,0.0,0.0,0.0,0.2728950429308332,0.27290263297886236,-0.009135691534983802,-0.009134364600289784
324.0,17.5,0.0,0.0,0.0,0.0,0.0,0.0,0.0,0.0,0.0,0.0,0.0,0.0,0.2727162542572113,0.2727237358971499,-0.009167014897742845,-0.009165701568922605
324.0,18.0,0.0,0.0,0.0,0.0,0.0,0.0,0.0,0.0,0.0,0.0,0.0,0.0,0.2725389530172922,0.27254632861027495,-0.009198204115806814,-0.009196904150802945
324.0,18.5,0.0,0.0,0.0,0.0,0.0,0.0,0.0,0.0,0.0,0.0,0.0,0.0,0.2723631170949614,0.27237038893513843,-0.009229260519443715,-0.009227973682013703
324.0,19.0,0.0,0.0,0.0,0.0,0.0,0.0,0.0,0.0,0.0,0.0,0.0,0.0,0.2721887248369983,0.27219589515382575,-0.0092601854193531,-0.009258911478900114
324.0,19.5,0.0,0.0,0.0,0.0,0.0,0.0,0.0,0.0,0.0,0.0,0.0,0.0,0.27201575504020997,0.2720228260006504,-0.009290980107124874,-0.009289718838534222
324.0,20.0,0.0,0.0,0.0,0.0,0.0,0.0,0.0,0.0,0.0,0.0,0.0,0.0,0.27184418693905804,0.2718511606496942,-0.009321645855675255,-0.009320397039156233
324.0,20.5,0.0,0.0,0.0,0.0,0.0,0.0,0.0,0.0,0.0,0.0,0.0,0.0,0.2716740001937487,0.2716808787028148,-0.009352183919662159,-0.00935094734059513
324.0,21.0,0.0,0.0,0.0,0.0,0.0,0.0,0.0,0.0,0.0,0.0,0.0,0.0,0.27150517487876275,0.27151196017809714,-0.009382595535881453,-0.00938137098466985
324.0,21.5,0.0,0.0,0.0,0.0,0.0,0.0,0.0,0.0,0.0,0.0,0.0,0.0,0.27133769147180187,0.27134438549872425,-0.009412881923645647,-0.009411669195572887
324.0,22.0,0.0,0.0,0.0,0.0,0.0,0.0,0.0,0.0,0.0,0.0,0.0,0.0,0.27117153084312967,0.27117813548224595,-0.009443044285146512,-0.009441843180237544
324.0,22.5,0.0,0.0,0.0,0.0,0.0,0.0,0.0,0.0,0.0,0.0,0.0,0.0,0.27100667424528796,0.2710131913302263,-0.00947308380580273,-0.009471894128690036
324.0,23.0,0.0,0.0,0.0,0.0,0.0,0.0,0.0,0.0,0.0,0.0,0.0,0.0,0.2708431033031685,0.2708495346182494,-0.00950300165459388,-0.009501823214387837
324.0,23.5,0.0,0.0,0.0,0.0,0.0,0.0,0.0,0.0,0.0,0.0,0.0,0.0,0.27068080000442496,0.27068714728626775,-0.009532798984381639,-0.009531631594545056
324.0,24.0,0.0,0.0,0.0,0.0,0.0,0.0,0.0,0.0,0.0,0.0,0.0,0.0,0.27051974669020684,0.2705260116292756,-0.00956247693221918,-0.009561320410445958
325.0,0.5,0.0,0.0,0.0,0.0,0.0,0.0,0.0,0.0,0.0,0.0,0.0,0.0,0.2703599260462013,0.27036611028829366,-0.009592036619649826,-0.009590890787747209
325.0,1.0,0.0,0.0,0.0,0.0,0.0,0.0,0.0,0.0,0.0,0.0,0.0,0.0,0.2702013210939698,0.2702074262416492,-0.00962147915299514,-0.00962034383677009
325.0,1.5,0.0,0.0,0.0,0.0,0.0,0.0,0.0,0.0,0.0,0.0,0.0,0.0,0.2700439151825643,0.27004994279653916,-0.009650805623633936,-0.009649680652782901
325.0,2.0,0.0,0.0,0.0,0.0,0.0,0.0,0.0,0.0,0.0,0.0,0.0,0.0,0.2698876919804123,0.2698936435808648,-0.009680017108272166,-0.009678902316274385
325.0,2.5,0.0,0.0,0.0,0.0,0.0,0.0,0.0,0.0,0.0,0.0,0.0,0.0,0.2697326354674584,0.26973851253532405,-0.009709114669204634,-0.009708009893218841
325.0,3.0,0.0,0.0,0.0,0.0,0.0,0.0,0.0,0.0,0.0,0.0,0.0,0.0,0.269578729927552,0.26958453390575216,-0.009738099354568975,-0.009737004435333289
325.0,3.5,0.0,0.0,0.0,0.0,0.0,0.0,0.0,0.0,0.0,0.0,0.0,0.0,0.26942595994107016,0.2694316922357,-0.009766972198592239,-0.009765886980327296
325.0,4.0,0.0,0.0,0.0,0.0,0.0,0.0,0.0,0.0,0.0,0.0,0.0,0.0,0.26927431037776683,0.26927997235924006,-0.009795734221830717,-0.009794658552145724
325.0,4.5,0.0,0.0,0.0,0.0,0.0,0.0,0.0,0.0,0.0,0.0,0.0,0.0,0.2691237663898384,0.26912935939399046,-0.009824386431403312,-0.009823320161205141
325.0,5.0,0.0,0.0,0.0,0.0,0.0,0.0,0.0,0.0,0.0,0.0,0.0,0.0,0.2689743134051979,0.26897983873435005,-0.00985292982121873,-0.00985187280462369
325.0,5.5,0.0,0.0,0.0,0.0,0.0,0.0,0.0,0.0,0.0,0.0,0.0,0.0,0.2688259371209492,0.26883139604493406,-0.009881365372196886,-0.009880317466445396
325.0,6.0,0.0,0.0,0.0,0.0,0.0,0.0,0.0,0.0,0.0,0.0,0.0,0.0,0.2686786234970532,0.26868401725420377,-0.009909694052485006,-0.009908655117858808
325.0,6.5,0.0,0.0,0.0,0.0,0.0,0.0,0.0,0.0,0.0,0.0,0.0,0.0,0.26853235875017933,0.26853768854828375,-0.009937916817668343,-0.009936886717410193
325.0,7.0,0.0,0.0,0.0,0.0,0.0,0.0,0.0,0.0,0.0,0.0,0.0,0.0,0.26838712934773573,0.2683923963649571,-0.009966034610976005,-0.009965013211212001
325.0,7.5,0.0,0.0,0.0,0.0,0.0,0.0,0.0,0.0,0.0,0.0,0.0,0.0,0.2682429220020697,0.26824812738783493,-0.009994048363482123,-0.009993035533146217
325.0,8.0,0.0,0.0,0.0,0.0,0.0,0.0,0.0,0.0,0.0,0.0,0.0,0.0,0.268099723664835,0.2681048685406916,-0.010021958994302395,-0.010020954605063357
325.0,8.5,0.0,0.0,0.0,0.0,0.0,0.0,0.0,0.0,0.0,0.0,0.0,0.0,0.26795752152151703,0.2679626069819608,-0.010049767410786512,-0.010048771336977
325.0,9.0,0.0,0.0,0.0,0.0,0.0,0.0,0.0,0.0,0.0,0.0,0.0,0.0,0.2678163029861134,0.26782133009938686,-0.010077474508706162,-0.010076486627253993
325.0,9.5,0.0,0.0,0.0,0.0,0.0,0.0,0.0,0.0,0.0,0.0,0.2043402362463662,0.2043402362463662,0.26767605569596103,0.26768102550482503,-0.010105081172439407,-0.010104101362800865
325.0,10.0,0.0,0.0,0.0,0.0,0.0,0.0,0.0,0.0,0.0,0.0,0.2987973254591735,0.2987973254591735,0.2675107278608741,0.26751564138335243,-0.010137740565738762,-0.01013676812101401
325.0,10.5,0.0,0.0,0.0,0.0,0.0,0.0,0.0,0.0,0.0,0.0,0.5011981824286963,0.5011981824286963,0.26733431026560894,0.26733916849570766,-0.01017272946769294,-0.010171764010226906
325.0,11.0,0.0,0.0,0.0,0.0,0.0,0.0,0.0,0.0,0.0,0.0,0.49938271515955845,0.49938271515955845,0.26713303561271495,0.26713783952111764,-0.010212824143549029,-0.010211864995827814
325.0,11.5,0.0,0.0,0.0,0.0,0.0,0.0,0.0,0.0,0.0,0.0,0.7442983215820433,0.7442983215820433,0.2669329162401688,0.2669376667749081,-0.010252875490769753,-0.01025192256553149
325.0,12.0,0.0,0.0,0.0,0.0,0.0,0.0,0.0,0.0,0.0,0.0,0.4990731183531676,0.4990731183531676,0.26670249920358,0.26670719729068837,-0.010299222554230842,-0.010298275071187971
325.0,12.5,0.0,0.0,0.0,0.0,0.0,0.0,0.0,0.0,0.0,0.0,0.7221518762238943,0.7221518762238943,0.2665042333950539,0.2665088799391926,-0.010339302503048327,-0.010338361067779533
325,13.0,1.0648456610938126,1.0516861436042375,0.059947633470013986,0.04937929782709547,15.440509572838453,14.869685041188133,True,True,0.02768367956076099,0.02301136947692381,1.0171098502417588,1.0171098502417588,0.26627843061384165,0.2662830264989105,-0.010385175693848767,-0.010384239597559596
325,13.5,1.0752878059559248,1.0486281940390514,0.06497895221574462,0.047689886808843014,15.29817060278438,14.315556563028402,True,True,0.026712391952875548,0.01988683214370942,1.2513998804248516,1.2513998804248516,0.2660082810685413,0.2660141739107352,-0.010440377209659025,-0.010439169360400149
325,14.0,1.0070620258086833,0.9813713155370122,0.06164724459087266,0.044836566351196365,15.256338141350344,14.20472328560863,True,True,0.0246948782708724,0.018120728453674566,0.7682293648012097,0.7682293648012097,0.265708503444641,0.2657165505294138,-0.010502042576729815,-0.010500381602853003
325.0,14.5,0.0,0.0,0.0,0.0,0.0,0.0,0.0,0.0,0.0,0.0,0.2975537831853254,0.2975537831853254,0.26547158111109376,0.2654817223013163,-0.010551085564608032,-0.010548980752918593
325.0,15.0,0.0,0.0,0.0,0.0,0.0,0.0,0.0,0.0,0.0,0.0,0.07643384484679751,0.07643384484679751,0.2653033429478447,0.26531343681847935,-0.010586076636420045,-0.010583973364307882
325.0,15.5,0.0,0.0,0.0,0.0,0.0,0.0,0.0,0.0,0.0,0.0,0.0,0.0,0.26516412151880064,0.26517416885831957,-0.0106151372397538,-0.010613036812916874
325.0,16.0,0.0,0.0,0.0,0.0,0.0,0.0,0.0,0.0,0.0,0.0,0.0,0.0,0.2650354692660398,0.26504547084526864,-0.010642076207032718,-0.010639979021845056
325.0,16.5,0.0,0.0,0.0,0.0,0.0,0.0,0.0,0.0,0.0,0.0,0.0,0.0,0.26490763638031967,0.264917592952857,-0.010668924321520765,-0.010666830295567017
325.0,17.0,0.0,0.0,0.0,0.0,0.0,0.0,0.0,0.0,0.0,0.0,0.0,0.0,0.2647806133998992,0.2647905257025285,-0.010695682310351479,-0.010693591362958148
325.0,17.5,0.0,0.0,0.0,0.0,0.0,0.0,0.0,0.0,0.0,0.0,0.0,0.0,0.2646543910279457,0.2646642597810375,-0.010722350889788661,-0.010720262941993679
325.0,18.0,0.0,0.0,0.0,0.0,0.0,0.0,0.0,0.0,0.0,0.0,0.0,0.0,0.26452896012803184,0.2645387860359388,-0.010748930765597912,-0.010746845740120104
325.0,18.5,0.0,0.0,0.0,0.0,0.0,0.0,0.0,0.0,0.0,0.0,0.0,0.0,0.2644043117198303,0.2644140954712719,-0.010775422633396236,-0.01077334045460504
325.0,19.0,0.0,0.0,0.0,0.0,0.0,0.0,0.0,0.0,0.0,0.0,0.0,0.0,0.264280436974992,0.2642901792434319,-0.010801827178981396,-0.010799747772866698
325.0,19.5,0.0,0.0,0.0,0.0,0.0,0.0,0.0,0.0,0.0,0.0,0.0,0.0,0.26415732721319757,0.2641670286572121,-0.010828145078642461,-0.010826068372784527
325.0,20.0,0.0,0.0,0.0,0.0,0.0,0.0,0.0,0.0,0.0,0.0,0.0,0.0,0.2640349738983728,0.264044635162011,-0.01085437699945262,-0.010852302922992352
325.0,20.5,0.0,0.0,0.0,0.0,0.0,0.0,0.0,0.0,0.0,0.0,0.0,0.0,0.26391336863505727,0.2639229903481928,-0.010880523599545708,-0.010878452083155079
325.0,21.0,0.0,0.0,0.0,0.0,0.0,0.0,0.0,0.0,0.0,0.0,0.0,0.0,0.26379250316491776,0.2638020859435929,-0.010906585528377397,-0.010904516504230136
325.0,21.5,0.0,0.0,0.0,0.0,0.0,0.0,0.0,0.0,0.0,0.0,0.0,0.0,0.26367236936339844,0.2636819138101596,-0.010932563426972262,-0.010930496828714914
325.0,22.0,0.0,0.0,0.0,0.0,0.0,0.0,0.0,0.0,0.0,0.0,0.0,0.0,0.2635529592365002,0.26356246594072574,-0.010958457928157467,-0.010956393690880663
325.0,22.5,0.0,0.0,0.0,0.0,0.0,0.0,0.0,0.0,0.0,0.0,0.0,0.0,0.26343426491768135,0.2634437344559019,-0.010984269656784099,-0.010982207716994223
325.0,23.0,0.0,0.0,0.0,0.0,0.0,0.0,0.0,0.0,0.0,0.0,0.0,0.0,0.26331627866487384,0.26332571160108426,-0.011009999229937064,-0.011007939525528226
325.0,23.5,0.0,0.0,0.0,0.0,0.0,0.0,0.0,0.0,0.0,0.0,0.0,0.0,0.26319899285760817,0.26320838974357297,-0.011035647257134013,-0.011033589727360366
325.0,24.0,0.0,0.0,0.0,0.0,0.0,0.0,0.0,0.0,0.0,0.0,0.0,0.0,0.26308239999424166,0.26309176136979207,-0.011061214340514384,-0.011059158925962898
326.0,0.5,0.0,0.0,0.0,0.0,0.0,0.0,0.0,0.0,0.0,0.0,0.0,0.0,0.26296649268928435,0.26297581908260875,-0.011086701075018926,-0.01108464771758243
326.0,1.0,0.0,0.0,0.0,0.0,0.0,0.0,0.0,0.0,0.0,0.0,0.0,0.0,0.2628512636708175,0.2628605555987447,-0.011112108048560531,-0.011110056691411187
326.0,1.5,0.0,0.0,0.0,0.0,0.0,0.0,0.0,0.0,0.0,0.0,0.0,0.0,0.2680453147294878,0.26805456292303587,-0.010032588120970234,-0.010030780481235499
326.0,2.0,0.0,0.0,0.0,0.0,0.0,0.0,0.0,0.0,0.0,0.0,0.0,0.0,0.26789620314293106,0.2679054085798407,-0.010061786922408588,-0.010059981398018
326.0,2.5,0.0,0.0,0.0,0.0,0.0,0.0,0.0,0.0,0.0,0.0,0.0,0.0,0.26774850476815165,0.2677576683872323,-0.010090808861682794,-0.010089005360069578
326.0,3.0,0.0,0.0,0.0,0.0,0.0,0.0,0.0,0.0,0.0,0.0,0.0,0.0,0.2676021846935483,0.2676113073967252,-0.01011965837183521,-0.010117856804477986
326.0,3.5,0.0,0.0,0.0,0.0,0.0,0.0,0.0,0.0,0.0,0.0,0.0,0.0,0.2674572095040457,0.2674662921582706,-0.010148339689040343,-0.010146539971258105
326.0,4.0,0.0,0.0,0.0,0.0,0.0,0.0,0.0,0.0,0.0,0.0,0.0,0.0,0.2673135471938226,0.267322590632859,-0.010176856864088002,-0.010175058914848477
326.0,4.5,0.0,0.0,0.0,0.0,0.0,0.0,0.0,0.0,0.0,0.0,0.0,0.0,0.2671711670852804,0.26718017211137396,-0.010205213773056894,-0.010203417514797029
326.0,5.0,0.0,0.0,0.0,0.0,0.0,0.0,0.0,0.0,0.0,0.0,0.0,0.0,0.2670300397537306,0.2670390071391734,-0.010233414127245103,-0.010231619485702788
326.0,5.5,0.0,0.0,0.0,0.0,0.0,0.0,0.0,0.0,0.0,0.0,0.0,0.0,0.26689013695732544,0.26689906744592246,-0.010261461482418468,-0.010259668386474654
326.0,6.0,0.0,0.0,0.0,0.0,0.0,0.0,0.0,0.0,0.0,0.0,0.0,0.0,0.2694036247530253,0.2694125142303235,-0.009771201990259135,-0.009769518258041142
326.0,6.5,0.0,0.0,0.0,0.0,0.0,0.0,0.0,0.0,0.0,0.0,0.0,0.0,0.269246495124301,0.2692553445518538,-0.009801020639966263,-0.009799338396543853
326.0,7.0,0.0,0.0,0.0,0.0,0.0,0.0,0.0,0.0,0.0,0.0,0.0,0.0,0.2690910057176285,0.26909981601323996,-0.00983063481265556,-0.009828953976240822
326.0,7.5,0.0,0.0,0.0,0.0,0.0,0.0,0.0,0.0,0.0,0.0,0.0,0.0,0.26893711034621426,0.268945882386495,-0.009860050427581448,-0.009858370920758761
326.0,8.0,0.0,0.0,0.0,0.0,0.0,0.0,0.0,0.0,0.0,0.0,0.0,0.0,0.2740826314619379,0.27409135556715963,-0.008930834939446955,-0.008929350422159399
326.0,8.5,0.0,0.0,0.0,0.0,0.0,0.0,0.0,0.0,0.0,0.0,0.0,0.0,0.28180931747480564,0.28181797484595933,-0.0077238494938574155,-0.007722610355481163
326.0,9.0,0.0,0.0,0.0,0.0,0.0,0.0,0.0,0.0,0.0,0.0,0.0,0.0,0.2867886775714529,0.2867972547291724,-0.0070486569561007085,-0.0070475560654478945
326.0,9.5,0.0,0.0,0.0,0.0,0.0,0.0,0.0,0.0,0.0,0.0,0.0,0.0,0.28906056978132844,0.2890690627851657,-0.006764082213477554,-0.006763044354206442
326.0,10.0,0.0,0.0,0.0,0.0,0.0,0.0,0.0,0.0,0.0,0.0,0.2380031684412856,0.2380031684412856,0.28867513110654336,0.2886835460310067,-0.0068113838280426005,-0.006810346935759736
326.0,10.5,0.0,0.0,0.0,0.0,0.0,0.0,0.0,0.0,0.0,0.0,0.260352813593303,0.260352813593303,0.28827284546588716,0.28828118748058695,-0.006861173884473033,-0.006860137016722961
326.0,11.0,0.0,0.0,0.0,0.0,0.0,0.0,0.0,0.0,0.0,0.0,0.25431303715631676,0.25431303715631676,0.2878799120236804,0.28788818555879275,-0.0069102256318135215,-0.006909188509509401
326.0,11.5,0.0,0.0,0.0,0.0,0.0,0.0,0.0,0.0,0.0,0.0,0.2133710271810445,0.2133710271810445,0.2901241362710054,0.29013233711561065,-0.0066355756620026735,-0.006634596145043562
326.0,12.0,0.0,0.0,0.0,0.0,0.0,0.0,0.0,0.0,0.0,0.0,0.5141687900412766,0.5141687900412766,0.289714859518038,0.2897229920940047,-0.006684679692334212,-0.006683699758266204
326.0,12.5,0.0,0.0,0.0,0.0,0.0,0.0,0.0,0.0,0.0,0.0,0.5808532667499231,0.5808532667499231,0.2892795244584775,0.2892875925321709,-0.006737386089686127,-0.0067364047875648906
326,13.0,1.0151659789155685,1.0172203463817022,0.03809113403577332,0.03892856094448642,16.282363136750853,16.385190784472442,False,False,0.036411022473040344,0.03820372268403976,1.2156092107001935,1.2156092107001935,0.2888468287921903,0.288854835589412,-0.0067902643118776815,-0.006789281348638769
326,13.5,1.012621783950283,1.0032305322194803,0.04716589458205158,0.039247681096892605,15.875682285726226,15.4615062373801,False,True,0.03069142851542392,0.026087371408685868,1.2202309386826435,1.2202309386826435,0.2883385392246894,0.2883463808056433,-0.006853013553821015,-0.00685204026304815
326,14.0,0.9483439120772698,0.93136051552102,0.05041442332423832,0.03823736167027673,15.584680651157182,14.796449196136786,False,False,0.02587414278445436,0.019844020656537485,0.8044194193620566,0.8044194193620566,0.28783778807664434,0.2878465825951386,-0.006915508922382847,-0.006914405494521548
326,14.5,0.8531784181121266,0.8308985091867767,0.048196259953489404,0.033928648325821216,15.449392432865487,14.353397511164115,False,False,0.02224537641002572,0.015798204761375813,0.647210013449198,0.647210013449198,0.28739813334769027,0.287408425599283,-0.0069709397736964175,-0.006969636108058228
326.0,15.0,0.0,0.0,0.0,0.0,0.0,0.0,0.0,0.0,0.0,0.0,0.13363224830216286,0.13363224830216286,0.2869866436961859,0.2869987018920917,-0.007023299838586402,-0.0070217588411598565
326.0,15.5,0.0,0.0,0.0,0.0,0.0,0.0,0.0,0.0,0.0,0.0,0.0,0.0,0.2866539927161344,0.286666000251774,-0.007065970852126618,-0.007064425213519468
326.0,16.0,0.0,0.0,0.0,0.0,0.0,0.0,0.0,0.0,0.0,0.0,0.0,0.0,0.28634508805930803,0.2863570462601696,-0.007105872662384955,-0.007104323011298309
326.0,16.5,0.0,0.0,0.0,0.0,0.0,0.0,0.0,0.0,0.0,0.0,0.0,0.0,0.2860424247508567,0.2860543347253924,-0.007145228922563317,-0.0071436753301353925
326.0,17.0,0.0,0.0,0.0,0.0,0.0,0.0,0.0,0.0,0.0,0.0,0.0,0.0,0.2857455768443665,0.2857574395003535,-0.0071840815188332924,-0.007182524067793797
326.0,17.5,0.0,0.0,0.0,0.0,0.0,0.0,0.0,0.0,0.0,0.0,0.0,0.0,0.2854541620380496,0.28546597809959134,-0.0072224680995488285,-0.007220906883914137
326.0,18.0,0.0,0.0,0.0,0.0,0.0,0.0,0.0,0.0,0.0,0.0,0.0,0.0,0.2851678363451875,0.2851796063697171,-0.007260422569493448,-0.007258857694025139
326.0,18.5,0.0,0.0,0.0,0.0,0.0,0.0,0.0,0.0,0.0,0.0,0.0,0.0,0.2848862895298619,0.28489801392473435,-0.00729797551567574,-0.007296407095182797
326.0,19.0,0.0,0.0,0.0,0.0,0.0,0.0,0.0,0.0,0.0,0.0,0.0,0.0,0.2846092411799371,0.2846209202183453,-0.007335154575848095,-0.007333582734391524
326.0,19.5,0.0,0.0,0.0,0.0,0.0,0.0,0.0,0.0,0.0,0.0,0.0,0.0,0.284336437313612,0.2843480711496679,-0.007371984758840507,-0.00737040962888272
326.0,20.0,0.0,0.0,0.0,0.0,0.0,0.0,0.0,0.0,0.0,0.0,0.0,0.0,0.28406764743508084,0.28407923611797153,-0.007408488724147638,-0.007406910445677713
326.0,20.5,0.0,0.0,0.0,0.0,0.0,0.0,0.0,0.0,0.0,0.0,0.0,0.0,0.2838026619701005,0.28381420545728026,-0.007444687026889033,-0.007443105746546162
326.0,21.0,0.0,0.0,0.0,0.0,0.0,0.0,0.0,0.0,0.0,0.0,0.0,0.0,0.2835412900244537,0.2835527881938641,-0.007480598333204089,-0.007479014203415392
326.0,21.5,0.0,0.0,0.0,0.0,0.0,0.0,0.0,0.0,0.0,0.0,0.0,0.0,0.2832833574180921,0.2832948100794257,-0.007516239610289417,-0.007514652788433611
326.0,22.0,0.0,0.0,0.0,0.0,0.0,0.0,0.0,0.0,0.0,0.0,0.0,0.0,0.28302870495565613,0.28304011186069394,-0.007551626294594142,-0.007550036942199026
326.0,22.5,0.0,0.0,0.0,0.0,0.0,0.0,0.0,0.0,0.0,0.0,0.0,0.0,0.28277718690050085,0.2827885477525622,-0.007586772441123527,-0.0075851807231026355
326.0,23.0,0.0,0.0,0.0,0.0,0.0,0.0,0.0,0.0,0.0,0.0,0.0,0.0,0.28252866962460377,0.28253998408715436,-0.007621690856338777,-0.007620096940270558
326.0,23.5,0.0,0.0,0.0,0.0,0.0,0.0,0.0,0.0,0.0,0.0,0.0,0.0,0.2822830304110397,0.28229429811550527,-0.007656393216760221,-0.0076547972722117675
326.0,24.0,0.0,0.0,0.0,0.0,0.0,0.0,0.0,0.0,0.0,0.0,0.0,0.0,0.2820401563892612,0.2820513769420955,-0.00769089017506546,-0.007689292372961581
327.0,0.5,0.0,0.0,0.0,0.0,0.0,0.0,0.0,0.0,0.0,0.0,0.0,0.0,0.28179994358636085,0.2818111165754187,-0.007725191455213041,-0.007723591967250474
327.0,1.0,0.0,0.0,0.0,0.0,0.0,0.0,0.0,0.0,0.0,0.0,0.0,0.0,0.2815622960799438,0.2815734210802051,-0.007759305937903246,-0.0077577049360097955
327.0,1.5,0.0,0.0,0.0,0.0,0.0,0.0,0.0,0.0,0.0,0.0,0.0,0.0,0.2813271252402811,0.28133820181897445,-0.007793241737505094,-0.007791639393342139
327.0,2.0,0.0,0.0,0.0,0.0,0.0,0.0,0.0,0.0,0.0,0.0,0.0,0.0,0.28109434905112873,0.2811053767722988,-0.007827006271424722,-0.007825402755932007
327.0,2.5,0.0,0.0,0.0,0.0,0.0,0.0,0.0,0.0,0.0,0.0,0.0,0.0,0.28086389150004626,0.2808748699286068,-0.007860606322760274,-0.007859001805741258
327.0,3.0,0.0,0.0,0.0,0.0,0.0,0.0,0.0,0.0,0.0,0.0,0.0,0.0,0.2806356820302636,0.280646610735578,-0.007894048096978792,-0.007892442746724718
327.0,3.5,0.0,0.0,0.0,0.0,0.0,0.0,0.0,0.0,0.0,0.0,0.0,0.0,0.280409655047189,0.2804205336062156,-0.007927337273256414,-0.007925731256207246
327.0,4.0,0.0,0.0,0.0,0.0,0.0,0.0,0.0,0.0,0.0,0.0,0.0,0.0,0.28018574947352576,0.2801965774735646,-0.007960479051043872,-0.007958872531484093
327.0,4.5,0.0,0.0,0.0,0.0,0.0,0.0,0.0,0.0,0.0,0.0,0.0,0.0,0.27996390834772783,0.27997468538880177,-0.007993478192350344,-0.007991871332137683
327.0,5.0,0.0,0.0,0.0,0.0,0.0,0.0,0.0,0.0,0.0,0.0,0.0,0.0,0.2797440784611639,0.27975480415806636,-0.008026339060180342,-0.00802473201850545
327.0,5.5,0.0,0.0,0.0,0.0,0.0,0.0,0.0,0.0,0.0,0.0,0.0,0.0,0.2795262100299221,0.27953688401396076,-0.008059065653507173,-0.008057458586682276
327.0,6.0,0.0,0.0,0.0,0.0,0.0,0.0,0.0,0.0,0.0,0.0,0.0,0.0,0.2793102563976647,0.2793208783181279,-0.008091661639123024,-0.008090054700397715
327.0,6.5,0.0,0.0,0.0,0.0,0.0,0.0,0.0,0.0,0.0,0.0,0.0,0.0,0.2790961737663587,0.27910674329173124,-0.008124130380667397,-0.008122523720069596
327.0,7.0,0.0,0.0,0.0,0.0,0.0,0.0,0.0,0.0,0.0,0.0,0.0,0.0,0.2788839209520702,0.2788944377710212,-0.008156474965102653,-0.008154868729303082
327.0,7.5,0.0,0.0,0.0,0.0,0.0,0.0,0.0,0.0,0.0,0.0,0.0,0.0,0.27867345916332487,0.27868392298549033,-0.008188698226876297,-0.008187092559074653
327.0,8.0,0.0,0.0,0.0,0.0,0.0,0.0,0.0,0.0,0.0,0.0,0.0,0.0,0.2784647517998109,0.27847516235639086,-0.008220802769984527,-0.008219197809815743
327.0,8.5,0.0,0.0,0.0,0.0,0.0,0.0,0.0,0.0,0.0,0.0,0.0,0.0,0.2861757778079756,0.2861861115467711,-0.007127856683475756,-0.007126512583412935
327.0,9.0,0.0,0.0,0.0,0.0,0.0,0.0,0.0,0.0,0.0,0.0,0.0,0.0,0.2858753536939107,0.2858856113153234,-0.007167064936822083,-0.007165721987471195
327.0,9.5,0.0,0.0,0.0,0.0,0.0,0.0,0.0,0.0,0.0,0.0,0.0,0.0,0.2855800826657146,0.2855902647736048,-0.007205851310151035,-0.007204509646276578
327.0,10.0,0.0,0.0,0.0,0.0,0.0,0.0,0.0,0.0,0.0,0.0,0.45056479702235996,0.45056479702235996,0.28528967804771344,0.2852997851626924,-0.007244242625463931,-0.007242902383872837
327.0,10.5,0.0,0.0,0.0,0.0,0.0,0.0,0.0,0.0,0.0,0.0,0.07412430243362554,0.07412430243362554,0.2849464620110002,0.2849564945826291,-0.00728993025267908,-0.007288589892164832
327.0,11.0,0.0,0.0,0.0,0.0,0.0,0.0,0.0,0.0,0.0,0.0,0.7378207218719802,0.7378207218719802,0.2872892994463875,0.2872992484982823,-0.006984742989428107,-0.006983479816791453
327.0,11.5,0.0,0.0,0.0,0.0,0.0,0.0,0.0,0.0,0.0,0.0,0.48156821185580045,0.48156821185580045,0.28688120622845215,0.28689107259886987,-0.007036791577071387,-0.00703552777122033
327.0,12.0,0.0,0.0,0.0,0.0,0.0,0.0,0.0,0.0,0.0,0.0,0.5611235373401484,0.5611235373401484,0.2865113555514763,0.2865211399607198,-0.007084362304489869,-0.007083098894764425
327.0,12.5,0.0,0.0,0.0,0.0,0.0,0.0,0.0,0.0,0.0,0.0,0.5795676441699948,0.5795676441699948,0.2861366248916256,0.28614632796058126,-0.007132952008838617,-0.007131688855786969
327,13.0,0.8986733536475311,0.8127362295062179,0.07455042693965999,0.03864752773123752,14.52883873287929,11.69114972253458,False,True,0.017999920016631015,0.009387220164253921,1.307555019614546,1.307555019614546,0.28576450358656785,0.28577412585376233,-0.007181596813274843,-0.007180333993196018
327.0,13.5,0.0,0.0,0.0,0.0,0.0,0.0,0.0,0.0,0.0,0.0,0.8538576153046016,0.8538576153046016,0.2852948021390226,0.28530891928242275,-0.007243563114692566,-0.007241691419256286
327.0,14.0,0.0,0.0,0.0,0.0,0.0,0.0,0.0,0.0,0.0,0.0,0.40360906033122296,0.40360906033122296,0.2848968610373412,0.28491089826843013,-0.007296561303862835,-0.007294683966721329
327.0,14.5,0.0,0.0,0.0,0.0,0.0,0.0,0.0,0.0,0.0,0.0,0.40327188682879134,0.40327188682879134,0.28456051777386704,0.2845744754692129,-0.007341716422832426,-0.007339835949285847
327.0,15.0,0.0,0.0,0.0,0.0,0.0,0.0,0.0,0.0,0.0,0.0,0.00805298633415802,0.00805298633415802,0.2842282362715706,0.28424211476979805,-0.007386653557556797,-0.007384770108690278
327.0,15.5,0.0,0.0,0.0,0.0,0.0,0.0,0.0,0.0,0.0,0.0,0.0,0.0,0.2839501529417409,0.28396395254807116,-0.007424513105834344,-0.0074226289200249335
327.0,16.0,0.0,0.0,0.0,0.0,0.0,0.0,0.0,0.0,0.0,0.0,0.0,0.0,0.28367676190224406,0.28369048289327764,-0.0074619594168688266,-0.007460074700190972
327.0,16.5,0.0,0.0,0.0,0.0,0.0,0.0,0.0,0.0,0.0,0.0,0.0,0.0,0.2860420604023942,0.2860556931007174,-0.007145276456215643,-0.007143498162916153
327.0,17.0,0.0,0.0,0.0,0.0,0.0,0.0,0.0,0.0,0.0,0.0,0.0,0.0,0.28837111475385224,0.28838464888186355,-0.006848971383978094,-0.006847292822369081
327.0,17.5,0.0,0.0,0.0,0.0,0.0,0.0,0.0,0.0,0.0,0.0,0.0,0.0,0.28803458653308844,0.2880480233988596,-0.006890867173686577,-0.006889188520379822
327.0,18.0,0.0,0.0,0.0,0.0,0.0,0.0,0.0,0.0,0.0,0.0,0.0,0.0,0.2877043495734803,0.287717690303726,-0.0069322769119926604,-0.006930598327334767
327.0,18.5,0.0,0.0,0.0,0.0,0.0,0.0,0.0,0.0,0.0,0.0,0.0,0.0,0.28738001673457075,0.2873932622970256,-0.006973235216133941,-0.006971556865478539
327.0,19.0,0.0,0.0,0.0,0.0,0.0,0.0,0.0,0.0,0.0,0.0,0.0,0.0,0.2870612404121388,0.2870743916365243,-0.00701377308557044,-0.007012095138468488
327.0,19.5,0.0,0.0,0.0,0.0,0.0,0.0,0.0,0.0,0.0,0.0,0.0,0.0,0.2867477076906587,0.28676076528806566,-0.0070539183274937346,-0.007052240956828603
327.0,20.0,0.0,0.0,0.0,0.0,0.0,0.0,0.0,0.0,0.0,0.0,0.0,0.0,0.2864391361801938,0.28645210076081395,-0.007093695924765331,-0.0070920193058742805
327.0,20.5,0.0,0.0,0.0,0.0,0.0,0.0,0.0,0.0,0.0,0.0,0.0,0.0,0.2861352704263631,0.2861481425155744,-0.007133128355379743,-0.007131452665190681
327.0,21.0,0.0,0.0,0.0,0.0,0.0,0.0,0.0,0.0,0.0,0.0,0.0,0.0,0.285835878802662,0.2858486588555159,-0.007172235870895707,-0.007170561287098672
327.0,21.5,0.0,0.0,0.0,0.0,0.0,0.0,0.0,0.0,0.0,0.0,0.0,0.0,0.285540750810796,0.28555343922498366,-0.007211036739961834,-0.007209363440228051
327.0,22.0,0.0,0.0,0.0,0.0,0.0,0.0,0.0,0.0,0.0,0.0,0.0,0.0,0.2852496947277541,0.2852622918551436,-0.007249547462008446,-0.007247875623264801
327.0,22.5,0.0,0.0,0.0,0.0,0.0,0.0,0.0,0.0,0.0,0.0,0.0,0.0,0.2849625355488472,0.2849750417056917,-0.007287782955325752,-0.007286112753089223
327.0,23.0,0.0,0.0,0.0,0.0,0.0,0.0,0.0,0.0,0.0,0.0,0.0,0.0,0.28467911318441536,0.28469152866033576,-0.00732575672305935,-0.0073240883308329854
327.0,23.5,0.0,0.0,0.0,0.0,0.0,0.0,0.0,0.0,0.0,0.0,0.0,0.0,0.28439928087479516,0.2844116059406387,-0.007363481000091048,-0.007361814588821857
327.0,24.0,0.0,0.0,0.0,0.0,0.0,0.0,0.0,0.0,0.0,0.0,0.0,0.0,0.2841229037937651,0.28413513870843965,-0.007400966883312728,-0.007399302620909873
328.0,0.5,0.0,0.0,0.0,0.0,0.0,0.0,0.0,0.0,0.0,0.0,0.0,0.0,0.2838498578153058,0.2838620028316842,-0.007438224447420748,-0.007436562498332051
328.0,1.0,0.0,0.0,0.0,0.0,0.0,0.0,0.0,0.0,0.0,0.0,0.0,0.0,0.28358002842232255,0.2835920837923062,-0.007475262848044517,-0.007473603372888484
328.0,1.5,0.0,0.0,0.0,0.0,0.0,0.0,0.0,0.0,0.0,0.0,0.0,0.0,0.2833133097391375,0.2833252757179632,-0.007512090413761549,-0.007510433569011634
328.0,2.0,0.0,0.0,0.0,0.0,0.0,0.0,0.0,0.0,0.0,0.0,0.0,0.0,0.2856855637956669,0.28569742933047193,-0.007191966816536119,-0.007190406950135875
328.0,2.5,0.0,0.0,0.0,0.0,0.0,0.0,0.0,0.0,0.0,0.0,0.0,0.0,0.2932698905011061,0.29328161435541455,-0.006272163680593556,-0.006270854308353079
328.0,3.0,0.0,0.0,0.0,0.0,0.0,0.0,0.0,0.0,0.0,0.0,0.0,0.0,0.29284928410167727,0.2928608703267837,-0.006319355088174524,-0.0063180494768081226
328.0,3.5,0.0,0.0,0.0,0.0,0.0,0.0,0.0,0.0,0.0,0.0,0.0,0.0,0.30286772074875495,0.3028790951446392,-0.005301209345576082,-0.0053001696734840745
328.0,4.0,0.0,0.0,0.0,0.0,0.0,0.0,0.0,0.0,0.0,0.0,0.0,0.0,0.32590605723313165,0.3259191994682981,-0.003614817925987341,-0.0036140567140890527
328.0,4.5,0.0,0.0,0.0,0.0,0.0,0.0,0.0,0.0,0.0,0.0,0.0,0.0,0.32634762912525184,0.326358655607046,-0.003589345896921542,-0.003588712577236125
328.0,5.0,0.0,0.0,0.0,0.0,0.0,0.0,0.0,0.0,0.0,0.0,0.0,0.0,0.3250681965232128,0.32507884671164544,-0.00366374442544109,-0.0036631175799052866
328.0,5.5,0.0,0.0,0.0,0.0,0.0,0.0,0.0,0.0,0.0,0.0,0.0,0.0,0.32390672452819447,0.32391703103208186,-0.003732879592097371,-0.003732259310037855
328.0,6.0,0.0,0.0,0.0,0.0,0.0,0.0,0.0,0.0,0.0,0.0,0.0,0.0,0.32789489931270643,0.3279048011886145,-0.0035017634410696432,-0.00350121120388703
328.0,6.5,0.0,0.0,0.0,0.0,0.0,0.0,0.0,0.0,0.0,0.0,0.0,0.0,0.3291749660915356,0.32918444573287925,-0.0034312253079086708,-0.003430709281109
328.0,7.0,0.0,0.0,0.0,0.0,0.0,0.0,0.0,0.0,0.0,0.0,0.0,0.0,0.3304106303488818,0.3304196625356972,-0.0033647341984075502,-0.003364253857525184
328.0,7.5,0.0,0.0,0.0,0.0,0.0,0.0,0.0,0.0,0.0,0.0,0.0,0.0,0.32908213322959506,0.32909073343627215,-0.003436283579786186,-0.0034358145989519867
328.0,8.0,0.0,0.0,0.0,0.0,0.0,0.0,0.0,0.0,0.0,0.0,0.0,0.0,0.33285170531446623,0.33285977390913407,-0.003237836385272826,-0.0032374264964428836
328.0,8.5,0.0,0.0,0.0,0.0,0.0,0.0,0.0,0.0,0.0,0.0,0.0,0.0,0.33881388827850384,0.3388212455485953,-0.002951110954328132,-0.002950776290697321
328.0,9.0,0.0,0.0,0.0,0.0,0.0,0.0,0.0,0.0,0.0,0.0,0.0,0.0,0.3394131584878771,0.3394197771796625,-0.0029239992103384576,-0.0029237014332972777
328.0,9.5,0.0,0.0,0.0,0.0,0.0,0.0,0.0,0.0,0.0,0.0,0.0,0.0,0.33995560575709866,0.339961430696502,-0.0028997137514266687,-0.0028994542749413007
328.0,10.0,0.0,0.0,0.0,0.0,0.0,0.0,0.0,0.0,0.0,0.0,0.0,0.0,0.3428224975936065,0.34282736025479876,-0.0027752831726110543,-0.002775077588446703
328.0,10.5,0.0,0.0,0.0,0.0,0.0,0.0,0.0,0.0,0.0,0.0,0.0,0.0,0.34531790621685104,0.34532163079574696,-0.002672125536388381,-0.002671975015355939
328.0,11.0,0.0,0.0,0.0,0.0,0.0,0.0,0.0,0.0,0.0,0.0,0.0,0.0,0.342700630385078,0.34270327256921695,-0.002780441419997012,-0.0027803294637489396
328.0,11.5,0.0,0.0,0.0,0.0,0.0,0.0,0.0,0.0,0.0,0.0,0.0,0.0,0.34018730019603527,0.3401888471485237,-0.0028894140423253558,-0.002889345420962424
328.0,12.0,0.0,0.0,0.0,0.0,0.0,0.0,0.0,0.0,0.0,0.0,0.09521213410124191,0.09521213410124191,0.3377188679011898,0.3377192971987825,-0.0030014288582693753,-0.0030014089319865206
328.0,12.5,0.0,0.0,0.0,0.0,0.0,0.0,0.0,0.0,0.0,0.0,0.0,0.0,0.3352557730882156,0.33525507468995713,-0.003118396939004171,-0.003118430866977592
328.0,13.0,0.0,0.0,0.0,0.0,0.0,0.0,0.0,0.0,0.0,0.0,0.0,0.0,0.3328119168844738,0.33281010216809526,-0.0032398585628180825,-0.0032399508284872655
328.0,13.5,0.0,0.0,0.0,0.0,0.0,0.0,0.0,0.0,0.0,0.0,0.0,0.0,0.3304023004912583,0.3303997157998193,-0.003365177261140357,-0.003365314754265853
328.0,14.0,0.0,0.0,0.0,0.0,0.0,0.0,0.0,0.0,0.0,0.0,0.0,0.0,0.3280806462782344,0.32807763597165734,-0.0034914214154832647,-0.0034915887330776428
328.0,14.5,0.0,0.0,0.0,0.0,0.0,0.0,0.0,0.0,0.0,0.0,0.0,0.0,0.32588119908077434,0.3258780084071441,-0.003616258258414844,-0.003616443182113934
328.0,15.0,0.0,0.0,0.0,0.0,0.0,0.0,0.0,0.0,0.0,0.0,0.0,0.0,0.33102690837758303,0.33102367837721125,-0.0033321464817990566,-0.0033323162957515024
328.0,15.5,0.0,0.0,0.0,0.0,0.0,0.0,0.0,0.0,0.0,0.0,0.0,0.0,0.33325229570762394,0.3332491850856548,-0.0032175606367692284,-0.003217717496066241
328.0,16.0,0.0,0.0,0.0,0.0,0.0,0.0,0.0,0.0,0.0,0.0,0.0,0.0,0.3329571301678379,0.3329542254310414,-0.0032324856178184602,-0.003232632904569625
328.0,16.5,0.0,0.0,0.0,0.0,0.0,0.0,0.0,0.0,0.0,0.0,0.0,0.0,0.3303804992545488,0.33037781771047753,-0.0033663371917394434,-0.0033664798956725217
328.0,17.0,0.0,0.0,0.0,0.0,0.0,0.0,0.0,0.0,0.0,0.0,0.0,0.0,0.32806173381290354,0.3280592744268108,-0.0034924727587274424,-0.0034926095036219677
328.0,17.5,0.0,0.0,0.0,0.0,0.0,0.0,0.0,0.0,0.0,0.0,0.0,0.0,0.32593702670623764,0.3259347783937428,-0.0036130244471971164,-0.0036131546139352637
328.0,18.0,0.0,0.0,0.0,0.0,0.0,0.0,0.0,0.0,0.0,0.0,0.0,0.0,0.3239705567236214,0.32396850316712245,-0.0037290399178581705,-0.0037291633713952854
328.0,18.5,0.0,0.0,0.0,0.0,0.0,0.0,0.0,0.0,0.0,0.0,0.0,0.0,0.3221391787983189,0.3221373016992669,-0.003841097623520538,-0.003841214520607342
328.0,19.0,0.0,0.0,0.0,0.0,0.0,0.0,0.0,0.0,0.0,0.0,0.0,0.0,0.32042613067159875,0.3204244117397558,-0.003949564326799435,-0.0039496749851004745
328.0,19.5,0.0,0.0,0.0,0.0,0.0,0.0,0.0,0.0,0.0,0.0,0.0,0.0,0.3188182553205665,0.3188166773470809,-0.004054707246086785,-0.0040548120601454065
328.0,20.0,0.0,0.0,0.0,0.0,0.0,0.0,0.0,0.0,0.0,0.0,0.0,0.0,0.31730468920297245,0.31730323654532644,-0.004156743741321306,-0.004156843131403119
328.0,20.5,0.0,0.0,0.0,0.0,0.0,0.0,0.0,0.0,0.0,0.0,0.0,0.0,0.3158761908511927,0.3158748495744209,-0.004255863452491423,-0.004255957835053124
328.0,21.0,0.0,0.0,0.0,0.0,0.0,0.0,0.0,0.0,0.0,0.0,0.0,0.0,0.3170332629167848,0.31703203182212775,-0.0041753638498406385,-0.004175448530263131
328.0,21.5,0.0,0.0,0.0,0.0,0.0,0.0,0.0,0.0,0.0,0.0,0.0,0.0,0.31811813347391427,0.3181170084933744,-0.004101530292235716,-0.00410160604598157
328.0,22.0,0.0,0.0,0.0,0.0,0.0,0.0,0.0,0.0,0.0,0.0,0.0,0.0,0.3166479471235055,0.3166469124208803,-0.004201967860464407,-0.004202039572630746
328.0,22.5,0.0,0.0,0.0,0.0,0.0,0.0,0.0,0.0,0.0,0.0,0.0,0.0,0.315274019750437,0.31527306339694555,-0.004298488774191382,-0.004298556874171592
328.0,23.0,0.0,0.0,0.0,0.0,0.0,0.0,0.0,0.0,0.0,0.0,0.0,0.0,0.31398156630701457,0.3139806788637895,-0.0043917064217566535,-0.0043917712509134
328.0,23.5,0.0,0.0,0.0,0.0,0.0,0.0,0.0,0.0,0.0,0.0,0.0,0.0,0.3127596622836255,0.3127588360240654,-0.004482058704077265,-0.004482120546101757
328.0,24.0,0.0,0.0,0.0,0.0,0.0,0.0,0.0,0.0,0.0,0.0,0.0,0.0,0.3115999132882095,0.3115991417360433,-0.0045698707489283865,-0.004569929846829338
329.0,0.5,0.0,0.0,0.0,0.0,0.0,0.0,0.0,0.0,0.0,0.0,0.0,0.0,0.31049565692271913,0.3104949345579982,-0.004655392465566781,-0.004655449031800954
329.0,1.0,0.0,0.0,0.0,0.0,0.0,0.0,0.0,0.0,0.0,0.0,0.0,0.0,0.3094414619394886,0.30944078399982694,-0.0047388219577217585,-0.0047388761806187165
329.0,1.5,0.0,0.0,0.0,0.0,0.0,0.0,0.0,0.0,0.0,0.0,0.0,0.0,0.30843280175822724,0.3084321640972893,-0.00482032060461659,-0.004820372652706855
329.0,2.0,0.0,0.0,0.0,0.0,0.0,0.0,0.0,0.0,0.0,0.0,0.0,0.0,0.30746583442635567,0.3074652334086502,-0.00490002304676353,-0.004900073071866636
329.0,2.5,0.0,0.0,0.0,0.0,0.0,0.0,0.0,0.0,0.0,0.0,0.0,0.0,0.3065372498017633,0.3065366822216368,-0.004978043960020843,-0.0049780920995656525
329.0,3.0,0.0,0.0,0.0,0.0,0.0,0.0,0.0,0.0,0.0,0.0,0.0,0.0,0.30564416046666854,0.3056436234841775,-0.005054482753057729,-0.005054529131904092
329.0,3.5,0.0,0.0,0.0,0.0,0.0,0.0,0.0,0.0,0.0,0.0,0.0,0.0,0.30478402185942083,0.30478351294845474,-0.005129426892395306,-0.005129471624315404
329.0,4.0,0.0,0.0,0.0,0.0,0.0,0.0,0.0,0.0,0.0,0.0,0.0,0.0,0.3039545724120764,0.30395408931768597,-0.005202954302572266,-0.0052029974914877975
329.0,4.5,0.0,0.0,0.0,0.0,0.0,0.0,0.0,0.0,0.0,0.0,0.0,0.0,0.30315378770324636,0.303153328406084,-0.005275135131877332,-0.005275176872913553
329.0,5.0,0.0,0.0,0.0,0.0,0.0,0.0,0.0,0.0,0.0,0.0,0.0,0.0,0.3023798446436513,0.30237940733003743,-0.005346033075617646,-0.005346073456014212
329.0,5.5,0.0,0.0,0.0,0.0,0.0,0.0,0.0,0.0,0.0,0.0,0.0,0.0,0.3016310929916975,0.3016306760282193,-0.005415706385906075,-0.005415745485812146
329.0,6.0,0.0,0.0,0.0,0.0,0.0,0.0,0.0,0.0,0.0,0.0,0.0,0.0,0.30090603232899626,0.30090563424081074,-0.005484208655941408,-0.0054842465491149114
329.0,6.5,0.0,0.0,0.0,0.0,0.0,0.0,0.0,0.0,0.0,0.0,0.0,0.0,0.30020329317768274,0.3002029126298838,-0.005551589439630342,-0.005551626194056148
329.0,7.0,0.0,0.0,0.0,0.0,0.0,0.0,0.0,0.0,0.0,0.0,0.0,0.0,0.29952162131379795,0.2995212570953414,-0.005617894749199471,-0.005617930427638034
329.0,7.5,0.0,0.0,0.0,0.0,0.0,0.0,0.0,0.0,0.0,0.0,0.0,0.0,0.2988598645865227,0.2988595155963015,-0.0056831674610717696,-0.005683202121547567
329.0,8.0,0.0,0.0,0.0,0.0,0.0,0.0,0.0,0.0,0.0,0.0,0.0,0.0,0.2982169617312228,0.29821662696596274,-0.00574744765176647,-0.005747481348003882
329.0,8.5,0.0,0.0,0.0,0.0,0.0,0.0,0.0,0.0,0.0,0.0,0.0,0.0,0.29759193279044904,0.2975916113341526,-0.005810772879651787,-0.005810805661464859
329.0,9.0,0.0,0.0,0.0,0.0,0.0,0.0,0.0,0.0,0.0,0.0,0.002324960949375128,0.002324960949375128,0.2969838708477484,0.29698356186246183,-0.0058731784242065255,-0.005873210337848075
329.0,9.5,0.0,0.0,0.0,0.0,0.0,0.0,0.0,0.0,0.0,0.0,0.1975678539809219,0.1975678539809219,0.29639163856907014,0.29639134128678507,-0.005934728474744593,-0.005934759563412831
329.0,10.0,0.0,0.0,0.0,0.0,0.0,0.0,0.0,0.0,0.0,0.0,0.4064076477151468,0.4064076477151468,0.2957898704070011,0.2957895841225331,-0.005998058425076529,-0.005998088744665911
329.0,10.5,0.0,0.0,0.0,0.0,0.0,0.0,0.0,0.0,0.0,0.0,0.4443080346904103,0.4443080346904103,0.2951761062551919,0.2951758303199028,-0.006063482040768814,-0.006063511644484942
329.0,11.0,0.0,0.0,0.0,0.0,0.0,0.0,0.0,0.0,0.0,0.0,0.46547820240728166,0.46547820240728166,0.2945714511746517,0.2945711849909018,-0.006128767766385318,-0.006128796690634696
329.0,11.5,0.0,0.0,0.0,0.0,0.0,0.0,0.0,0.0,0.0,0.0,0.5616289412095383,0.5616289412095383,0.2939774039292084,0.29397714694543836,-0.006193725371250434,-0.0061937536487951675
329.0,12.0,0.0,0.0,0.0,0.0,0.0,0.0,0.0,0.0,0.0,0.0,0.7632387615312866,0.7632387615312866,0.293383817676752,0.2933835693831103,-0.0062594535704079005,-0.006259481237520331
329,12.5,0.36670577765086326,0.37253736519065356,0.009979743877376265,0.01985720945288843,16.829904230019793,17.682593476392036,True,True,0.017464759462890427,0.03696595747888451,1.7353757713923879,1.7353757713923879,0.2927766996271583,0.29277645955161,-0.00632754169892374,-0.006327568797368635
329.0,13.0,0.0,0.0,0.0,0.0,0.0,0.0,0.0,0.0,0.0,0.0,1.3106352665125025,1.3106352665125025,0.2920560687161313,0.2920545777080213,-0.006409509091469505,-0.006409679991548435
329,13.5,0.40346946846662296,0.40875737824083996,0.015244613523017335,0.021191050247050362,16.261474036271164,16.906387742482725,True,True,0.014336223548498547,0.020439164408407928,1.389997141663615,1.389997141663615,0.2914019897370027,0.29140050610286333,-0.006485003978907656,-0.006485176422975158
329.0,14.0,0.0,0.0,0.0,0.0,0.0,0.0,0.0,0.0,0.0,0.0,0.9311823816503817,0.9311823816503817,0.29074655214623385,0.29074431773710335,-0.006561720877836743,-0.00656198425195052
329.0,14.5,0.0,0.0,0.0,0.0,0.0,0.0,0.0,0.0,0.0,0.0,0.6897667674465283,0.6897667674465283,0.29016179339869025,0.290159565636482,-0.006631079277996002,-0.006631345179030136
329.0,15.0,0.0,0.0,0.0,0.0,0.0,0.0,0.0,0.0,0.0,0.0,0.2785355344236518,0.2785355344236518,0.2896176634701029,0.28961544203390815,-0.006696404580841551,-0.0066966728419246835
329.0,15.5,0.0,0.0,0.0,0.0,0.0,0.0,0.0,0.0,0.0,0.0,0.0,0.0,0.2891354225463373,0.28913320714327484,-0.006754941610067941,-0.00675521193134448
329.0,16.0,0.0,0.0,0.0,0.0,0.0,0.0,0.0,0.0,0.0,0.0,0.0,0.0,0.2886978027455998,0.28869559310983756,-0.00680859064361825,-0.006808862814464633
329.0,16.5,0.0,0.0,0.0,0.0,0.0,0.0,0.0,0.0,0.0,0.0,0.0,0.0,0.2882689714548274,0.28826676734613627,-0.006861655466790905,-0.006861929479795123
329.0,17.0,0.0,0.0,0.0,0.0,0.0,0.0,0.0,0.0,0.0,0.0,0.0,0.0,0.28784860904870924,0.2878464102508127,-0.006914151269824408,-0.006914427116149616
329.0,17.5,0.0,0.0,0.0,0.0,0.0,0.0,0.0,0.0,0.0,0.0,0.0,0.0,0.2874364128654114,0.28743421918427803,-0.006966092576205511,-0.006966370245653195
329.0,18.0,0.0,0.0,0.0,0.0,0.0,0.0,0.0,0.0,0.0,0.0,0.0,0.0,0.2870320959150957,0.28702990717722987,-0.007017493298050025,-0.007017772779138401
329.0,18.5,0.0,0.0,0.0,0.0,0.0,0.0,0.0,0.0,0.0,0.0,0.0,0.0,0.28663538573340436,0.2866332017841746,-0.007068366783324757,-0.007068648063376524
329.0,19.0,0.0,0.0,0.0,0.0,0.0,0.0,0.0,0.0,0.0,0.0,0.0,0.0,0.2862460233572036,0.28624384405923375,-0.007118725856480238,-0.007119008921715511
329.0,19.5,0.0,0.0,0.0,0.0,0.0,0.0,0.0,0.0,0.0,0.0,0.0,0.0,0.2858637624042697,0.28586158763591063,-0.007168582853732169,-0.007168867689363225
329.0,20.0,0.0,0.0,0.0,0.0,0.0,0.0,0.0,0.0,0.0,0.0,0.0,0.0,0.28548836824204127,0.28548619789593216,-0.007217949653970283,-0.0072182362442960194
329.0,20.5,0.0,0.0,0.0,0.0,0.0,0.0,0.0,0.0,0.0,0.0,0.0,0.0,0.28511961723326756,0.2851174512149921,-0.00726683770607196,-0.007267126034570128
329.0,21.0,0.0,0.0,0.0,0.0,0.0,0.0,0.0,0.0,0.0,0.0,0.0,0.0,0.28475729604852207,0.2847551342753609,-0.007315258053239625,-0.007315548102655851
329.0,21.5,0.0,0.0,0.0,0.0,0.0,0.0,0.0,0.0,0.0,0.0,0.0,0.0,0.28440120103725763,0.2843990434370362,-0.007363221354857047,-0.007363513107289734
329.0,22.0,0.0,0.0,0.0,0.0,0.0,0.0,0.0,0.0,0.0,0.0,0.0,0.0,0.28405113765044265,0.2840489841604703,-0.007410737906261923,-0.007411031343242622
329.0,22.5,0.0,0.0,0.0,0.0,0.0,0.0,0.0,0.0,0.0,0.0,0.0,0.0,0.2837069199089161,0.2837047704750145,-0.007457817656755113,-0.007458112759323939
329.0,23.0,0.0,0.0,0.0,0.0,0.0,0.0,0.0,0.0,0.0,0.0,0.0,0.0,0.2833683699124913,0.2833662244881052,-0.007504470226105678,-0.007504766974881862
329.0,23.5,0.0,0.0,0.0,0.0,0.0,0.0,0.0,0.0,0.0,0.0,0.0,0.0,0.28303531738556276,0.2830331759309496,-0.007550704919762567,-0.007551003295009908
329.0,24.0,0.0,0.0,0.0,0.0,0.0,0.0,0.0,0.0,0.0,0.0,0.0,0.0,0.2827075992555659,0.28270546173705796,-0.007596530742945162,-0.007596830724632691
330.0,0.5,0.0,0.0,0.0,0.0,0.0,0.0,0.0,0.0,0.0,0.0,0.0,0.0,0.2823850592611309,0.28238292565046547,-0.007641956413754124,-0.007642257981611955
330.0,1.0,0.0,0.0,0.0,0.0,0.0,0.0,0.0,0.0,0.0,0.0,0.0,0.0,0.2820675475871813,0.28206541786089256,-0.007686990375419255,-0.007687293508989947
330.0,1.5,0.0,0.0,0.0,0.0,0.0,0.0,0.0,0.0,0.0,0.0,0.0,0.0,0.2817549205245665,0.28175279466343556,-0.007731640807781433,-0.007731945486467038
330.0,2.0,0.0,0.0,0.0,0.0,0.0,0.0,0.0,0.0,0.0,0.0,0.0,0.0,0.28144704015210775,0.2814449181406647,-0.007775915638089682,-0.007776221841194671
330.0,2.5,0.0,0.0,0.0,0.0,0.0,0.0,0.0,0.0,0.0,0.0,0.0,0.0,0.2811437740391775,0.2811416558652522,-0.007819822551181447,-0.007820130257951826
330.0,3.0,0.0,0.0,0.0,0.0,0.0,0.0,0.0,0.0,0.0,0.0,0.0,0.0,0.2834765246664209,0.28347441080200425,-0.00748952868008699,-0.007489820370005446
330.0,3.5,0.0,0.0,0.0,0.0,0.0,0.0,0.0,0.0,0.0,0.0,0.0,0.0,0.28314328455219495,0.28314117496587216,-0.007535679724765442,-0.007535972962841531
330.0,4.0,0.0,0.0,0.0,0.0,0.0,0.0,0.0,0.0,0.0,0.0,0.0,0.0,0.2828160897652591,0.2828139844322484,-0.007581323586476422,-0.007581618346515575
330.0,4.5,0.0,0.0,0.0,0.0,0.0,0.0,0.0,0.0,0.0,0.0,0.0,0.0,0.28249469009024725,0.2824925889916554,-0.0076264800851280935,-0.00762677634113142
330.0,5.0,0.0,0.0,0.0,0.0,0.0,0.0,0.0,0.0,0.0,0.0,0.0,0.0,0.2821788531322451,0.28217675625438904,-0.007671167558216147,-0.007671465284382847
330.0,5.5,0.0,0.0,0.0,0.0,0.0,0.0,0.0,0.0,0.0,0.0,0.0,0.0,0.28186836251259323,0.281866269846384,-0.007715403016518261,-0.00771570218725026
330.0,6.0,0.0,0.0,0.0,0.0,0.0,0.0,0.0,0.0,0.0,0.0,0.0,0.0,0.281563016294084,0.28156092783446707,-0.007759202279768136,-0.007759502869676463
330.0,6.5,0.0,0.0,0.0,0.0,0.0,0.0,0.0,0.0,0.0,0.0,0.0,0.0,0.2812626256012942,0.28126054134674155,-0.007802580095290004,-0.007802882079202292
330.0,7.0,0.0,0.0,0.0,0.0,0.0,0.0,0.0,0.0,0.0,0.0,0.0,0.0,0.2809670134075988,0.28096493335964906,-0.007845550242073967,-0.007845853595042512
330.0,7.5,0.0,0.0,0.0,0.0,0.0,0.0,0.0,0.0,0.0,0.0,0.0,0.0,0.28067601346511745,0.2806739376279599,-0.007888125622365178,-0.007888430319675375
330.0,8.0,0.0,0.0,0.0,0.0,0.0,0.0,0.0,0.0,0.0,0.0,0.0,0.0,0.2803894693576948,0.28038739773779303,-0.00793031834250688,-0.007930624359685657
330.0,8.5,0.0,0.0,0.0,0.0,0.0,0.0,0.0,0.0,0.0,0.0,0.06494895423730293,0.06494895423730293,0.280107233660161,0.2801051662659134,-0.007972139784503647,-0.007972447097327747
330.0,9.0,0.0,0.0,0.0,0.0,0.0,0.0,0.0,0.0,0.0,0.0,0.0,0.0,0.2798208905634579,0.2798188274048917,-0.008014838681548574,-0.008015147322854382
330.0,9.5,0.0,0.0,0.0,0.0,0.0,0.0,0.0,0.0,0.0,0.0,0.0,0.0,0.27954686171119325,0.279544802799689,-0.008055956697530453,-0.008056266587101462
330.0,10.0,0.0,0.0,0.0,0.0,0.0,0.0,0.0,0.0,0.0,0.0,0.02556525692451861,0.02556525692451861,0.2792767458434796,0.2792746911915232,-0.008096733781090219,-0.008097044895493892
330.0,10.5,0.0,0.0,0.0,0.0,0.0,0.0,0.0,0.0,0.0,0.0,0.33525848990117896,0.33525848990117896,0.27900716691496275,0.2790051165359218,-0.008137675234133931,-0.00813798757291037
330.0,11.0,0.0,0.0,0.0,0.0,0.0,0.0,0.0,0.0,0.0,0.0,0.30572359906477303,0.30572359906477303,0.27870180546827666,0.2786997593761992,-0.008184349370108125,-0.008184663186986641
330.0,11.5,0.0,0.0,0.0,0.0,0.0,0.0,0.0,0.0,0.0,0.0,1.0618958812669381,1.0618958812669381,0.27840378357026063,0.2784017417796961,-0.008230209535359596,-0.008230524784337973
330.0,12.0,0.0,0.0,0.0,0.0,0.0,0.0,0.0,0.0,0.0,0.0,1.0107565119187818,1.0107565119187818,0.27801287477214487,0.2780108372979839,-0.008290828372065628,-0.008291145717208313
330.0,12.5,0.0,0.0,0.0,0.0,0.0,0.0,0.0,0.0,0.0,0.0,0.8253668656508465,0.8253668656508465,0.27763186023005787,0.2776298270873813,-0.008350425513870826,-0.008350744898404658
330.0,13.0,0.0,0.0,0.0,0.0,0.0,0.0,0.0,0.0,0.0,0.0,0.6025547125629886,0.6025547125629886,0.2772777554699645,0.2772757266739037,-0.00840627166056677,-0.008406592903436611
330.0,13.5,0.0,0.0,0.0,0.0,0.0,0.0,0.0,0.0,0.0,0.0,0.42277473471230553,0.42277473471230553,0.27695524116821324,0.27695321673380574,-0.00845752326318249,-0.008457846145324868
330.0,14.0,0.0,0.0,0.0,0.0,0.0,0.0,0.0,0.0,0.0,0.0,0.23070816739973793,0.23070816739973793,0.27665874936291823,0.27665672930496715,-0.008504968325149201,-0.008505292663879593
330.0,14.5,0.0,0.0,0.0,0.0,0.0,0.0,0.0,0.0,0.0,0.0,0.07457143077341567,0.07457143077341567,0.2763897651999021,0.27638774953284273,-0.008548286153888439,-0.008548611752522329
330.0,15.0,0.0,0.0,0.0,0.0,0.0,0.0,0.0,0.0,0.0,0.0,0.0,0.0,0.2761436329267259,0.27614162166450734,-0.008588154362091061,-0.008588481055348417
330.0,15.5,0.0,0.0,0.0,0.0,0.0,0.0,0.0,0.0,0.0,0.0,0.0,0.0,0.2759098845758046,0.2759078777317866,-0.00862622190183739,-0.008626549599722994
330.0,16.0,0.0,0.0,0.0,0.0,0.0,0.0,0.0,0.0,0.0,0.0,0.0,0.0,0.2756789464694899,0.27567694405635573,-0.008664029370495274,-0.008664358053040867
330.0,16.5,0.0,0.0,0.0,0.0,0.0,0.0,0.0,0.0,0.0,0.0,0.0,0.0,0.2754507506306529,0.2754487526603397,-0.0087015819832567,-0.00870191163085398
330.0,17.0,0.0,0.0,0.0,0.0,0.0,0.0,0.0,0.0,0.0,0.0,0.0,0.0,0.27522523176589975,0.2752232382495435,-0.008738884748986975,-0.008739215342389726
330.0,17.5,0.0,0.0,0.0,0.0,0.0,0.0,0.0,0.0,0.0,0.0,0.0,0.0,0.27500232710795325,0.27500033805584706,-0.008775942483424925,-0.008776274003749798
330.0,18.0,0.0,0.0,0.0,0.0,0.0,0.0,0.0,0.0,0.0,0.0,0.0,0.0,0.2747819762705481,0.2747799916921114,-0.008812759821253074,-0.00881309224997914
330.0,18.5,0.0,0.0,0.0,0.0,0.0,0.0,0.0,0.0,0.0,0.0,0.0,0.0,0.2772059446472509,0.27720396512864115,-0.00841765121216973,-0.0084179651578066
330.0,19.0,0.0,0.0,0.0,0.0,0.0,0.0,0.0,0.0,0.0,0.0,0.0,0.0,0.2795995224405984,0.27959754861479397,-0.008048035484503608,-0.008048332219415113
330.0,19.5,0.0,0.0,0.0,0.0,0.0,0.0,0.0,0.0,0.0,0.0,0.0,0.0,0.28196034512119483,0.28195837766546844,-0.007702266688029323,-0.007702547387595596
330.0,20.0,0.0,0.0,0.0,0.0,0.0,0.0,0.0,0.0,0.0,0.0,0.0,0.0,0.286911703643477,0.28690974415685727,-0.007032885967628826,-0.007033136828928826
330.0,20.5,0.0,0.0,0.0,0.0,0.0,0.0,0.0,0.0,0.0,0.0,0.0,0.0,0.28915131047625986,0.28914935973534384,-0.006753003358282324,-0.0067532413036949426
330.0,21.0,0.0,0.0,0.0,0.0,0.0,0.0,0.0,0.0,0.0,0.0,0.0,0.0,0.2939598086216761,0.29395786858972617,-0.006195661849228014,-0.006195875406506115
330.0,21.5,0.0,0.0,0.0,0.0,0.0,0.0,0.0,0.0,0.0,0.0,0.0,0.0,0.30123831717801725,0.3012363915639299,-0.005452687677664682,-0.005452869721144337
330.0,22.0,0.0,0.0,0.0,0.0,0.0,0.0,0.0,0.0,0.0,0.0,0.0,0.0,0.30826838221605135,0.3082664753604982,-0.004833763297513282,-0.00483391946095688
330.0,22.5,0.0,0.0,0.0,0.0,0.0,0.0,0.0,0.0,0.0,0.0,0.0,0.0,0.3099299919350999,0.30992810411793165,-0.004699939873516503,-0.00470008939158748
330.0,23.0,0.0,0.0,0.0,0.0,0.0,0.0,0.0,0.0,0.0,0.0,0.0,0.0,0.3141097189207747,0.31410785314696327,-0.00438235662609731,-0.004382492579533207
330.0,23.5,0.0,0.0,0.0,0.0,0.0,0.0,0.0,0.0,0.0,0.0,0.0,0.0,0.31306094269716583,0.31305909758593164,-0.004459576755735852,-0.004459714030939877
330.0,24.0,0.0,0.0,0.0,0.0,0.0,0.0,0.0,0.0,0.0,0.0,0.0,0.0,0.3120981621962806,0.3120963374371639,-0.004531896248974306,-0.004532034637160202
331.0,0.5,0.0,0.0,0.0,0.0,0.0,0.0,0.0,0.0,0.0,0.0,0.0,0.0,0.3112013596801243,0.3111995555998187,-0.0046005200351576245,-0.004600659327090781
331.0,1.0,0.0,0.0,0.0,0.0,0.0,0.0,0.0,0.0,0.0,0.0,0.0,0.0,0.31035652440935485,0.31035474174407973,-0.004666302646391592,-0.00466644263297554
331.0,1.5,0.0,0.0,0.0,0.0,0.0,0.0,0.0,0.0,0.0,0.0,0.0,0.0,0.3095534585478841,0.30955169831108637,-0.004729874396527896,-0.00473001486845909
331.0,2.0,0.0,0.0,0.0,0.0,0.0,0.0,0.0,0.0,0.0,0.0,0.0,0.0,0.3113593964668757,0.3113576626242365,-0.00458833758751759,-0.0045884710340879965
331.0,2.5,0.0,0.0,0.0,0.0,0.0,0.0,0.0,0.0,0.0,0.0,0.0,0.0,0.3105324687812653,0.31053076229695475,-0.004652510922234002,-0.004652644454720766
331.0,3.0,0.0,0.0,0.0,0.0,0.0,0.0,0.0,0.0,0.0,0.0,0.0,0.0,0.3097377086378205,0.309736030421557,-0.00471519816309212,-0.004715331594460903
331.0,3.5,0.0,0.0,0.0,0.0,0.0,0.0,0.0,0.0,0.0,0.0,0.0,0.0,0.30896951936676637,0.3089678702850396,-0.004776748338025033,-0.0047768814946999106
331.0,4.0,0.0,0.0,0.0,0.0,0.0,0.0,0.0,0.0,0.0,0.0,0.0,0.0,0.30822351843849427,0.30822189931818034,-0.004837439045594971,-0.004837571764496374
331.0,4.5,0.0,0.0,0.0,0.0,0.0,0.0,0.0,0.0,0.0,0.0,0.0,0.0,0.30749639546638047,0.3074948073593193,-0.0048974801313354825,-0.004897612235416811
331.0,5.0,0.0,0.0,0.0,0.0,0.0,0.0,0.0,0.0,0.0,0.0,0.0,0.0,0.30678570076068795,0.3067841447725602,-0.004957024646239468,-0.0049571559556717115
331.0,5.5,0.0,0.0,0.0,0.0,0.0,0.0,0.0,0.0,0.0,0.0,0.0,0.0,0.3060896359997442,0.30608811317295276,-0.0050161813835621965,-0.005016311723846773
331.0,6.0,0.0,0.0,0.0,0.0,0.0,0.0,0.0,0.0,0.0,0.0,0.0,0.0,0.3054068923443344,0.30540540358220386,-0.00507502493103623,-0.005075154138640061
331.0,6.5,0.0,0.0,0.0,0.0,0.0,0.0,0.0,0.0,0.0,0.0,0.0,0.0,0.3047365255748241,0.3047350715969103,-0.005133603692719449,-0.0051337316187457975
331.0,7.0,0.0,0.0,0.0,0.0,0.0,0.0,0.0,0.0,0.0,0.0,0.0,0.0,0.3040778599989948,0.3040764413193994,-0.0051919462722599,-0.005192072784586427
331.0,7.5,0.0,0.0,0.0,0.0,0.0,0.0,0.0,0.0,0.0,0.0,0.0,0.0,0.30343041476195953,0.3034290316842345,-0.00525006653512528,-0.0052501915193696675
331.0,8.0,0.0,0.0,0.0,0.0,0.0,0.0,0.0,0.0,0.0,0.0,0.0,0.0,0.3027938476456047,0.3027925002692001,-0.005307967603907089,-0.005308090963518785
331.0,8.5,0.0,0.0,0.0,0.0,0.0,0.0,0.0,0.0,0.0,0.0,0.0,0.0,0.3021679125382544,0.30216660077258284,-0.005365644990908497,-0.005365766646631538
331.0,9.0,0.0,0.0,0.0,0.0,0.0,0.0,0.0,0.0,0.0,0.0,0.0,0.0,0.3015524275782758,0.30155115116138664,-0.005423089033571216,-0.005423208922476153
331.0,9.5,0.0,0.0,0.0,0.0,0.0,0.0,0.0,0.0,0.0,0.0,0.061851066382242394,0.061851066382242394,0.3009472516045522,0.30094601012416483,-0.005480286768013023,-0.005480404842255114
331.0,10.0,0.0,0.0,0.0,0.0,0.0,0.0,0.0,0.0,0.0,0.0,0.15481008923699513,0.15481008923699513,0.3003443851829522,0.3003431780982157,-0.0055379823167967905,-0.005538098561202776
331.0,10.5,0.0,0.0,0.0,0.0,0.0,0.0,0.0,0.0,0.0,0.0,0.6274310359036116,0.6274310359036116,0.29973975796095,0.2997385846237847,-0.005596574739401282,-0.0055966891596529065
331.0,11.0,0.0,0.0,0.0,0.0,0.0,0.0,0.0,0.0,0.0,0.0,0.38523326453180123,0.38523326453180123,0.29908488536591776,0.29908374504118235,-0.0056608715324300805,-0.005660984257199678
331.0,11.5,0.0,0.0,0.0,0.0,0.0,0.0,0.0,0.0,0.0,0.0,0.44118057402868516,0.44118057402868516,0.29847075306665183,0.29846964495064954,-0.005721969543245448,-0.005722080494145593
331.0,12.0,0.0,0.0,0.0,0.0,0.0,0.0,0.0,0.0,0.0,0.0,0.5015916556065289,0.5015916556065289,0.29785925618801934,0.2978581794250889,-0.005783587608808151,-0.0057836968051337215
331.0,12.5,0.0,0.0,0.0,0.0,0.0,0.0,0.0,0.0,0.0,0.0,0.6121225182059515,0.6121225182059515,0.2972497075929243,0.29724866128993843,-0.005845797786447542,-0.005845905255000118
331.0,13.0,0.0,0.0,0.0,0.0,0.0,0.0,0.0,0.0,0.0,0.0,0.8447778148486994,0.8447778148486994,0.2966355942925839,0.29663457753153555,-0.0059092817828390425,-0.005909387569715878
331.0,13.5,0.0,0.0,0.0,0.0,0.0,0.0,0.0,0.0,0.0,0.0,0.43532579934210036,0.43532579934210036,0.296001219599393,0.2960002314481671,-0.005975724765006393,-0.0059758289539984626
331.0,14.0,0.0,0.0,0.0,0.0,0.0,0.0,0.0,0.0,0.0,0.0,0.5304644794353028,0.5304644794353028,0.2954282673898251,0.2954273069112938,-0.0060365007714180945,-0.006036603271000082
331.0,14.5,0.0,0.0,0.0,0.0,0.0,0.0,0.0,0.0,0.0,0.0,0.404231177640894,0.404231177640894,0.2948522876873875,0.2948513539469818,-0.006098341706764637,-0.006098442570375486
331.0,15.0,0.0,0.0,0.0,0.0,0.0,0.0,0.0,0.0,0.0,0.0,0.10532988164426878,0.10532988164426878,0.2943013360090853,0.29430042808099494,-0.006158203057536202,-0.0061583022809624036
331.0,15.5,0.0,0.0,0.0,0.0,0.0,0.0,0.0,0.0,0.0,0.0,0.0,0.0,0.29379725611448604,0.2937963730867111,-0.006213585967766044,-0.006213683504863524
331.0,16.0,0.0,0.0,0.0,0.0,0.0,0.0,0.0,0.0,0.0,0.0,0.0,0.0,0.29331521643079644,0.29331435740918094,-0.006267103282997804,-0.006267199142933669
331.0,16.5,0.0,0.0,0.0,0.0,0.0,0.0,0.0,0.0,0.0,0.0,0.0,0.0,0.29284162663342395,0.292840790744818,-0.006320218158047892,-0.006320312379186343
331.0,17.0,0.0,0.0,0.0,0.0,0.0,0.0,0.0,0.0,0.0,0.0,0.0,0.0,0.29237631595610847,0.29237550235079773,-0.006372927679901425,-0.006373020301263156
331.0,17.5,0.0,0.0,0.0,0.0,0.0,0.0,0.0,0.0,0.0,0.0,0.0,0.0,0.2919191114126584,0.29191831926616446,-0.006425229885044234,-0.006425320945986442
331.0,18.0,0.0,0.0,0.0,0.0,0.0,0.0,0.0,0.0,0.0,0.0,0.0,0.0,0.2914698385239348,0.2914690670382773,-0.006477123690878332,-0.00647721323082467
331.0,18.5,0.0,0.0,0.0,0.0,0.0,0.0,0.0,0.0,0.0,0.0,0.0,0.0,0.29102832203184664,0.29102757043635075,-0.006528608822910403,-0.006528696881125257
331.0,19.0,0.0,0.0,0.0,0.0,0.0,0.0,0.0,0.0,0.0,0.0,0.0,0.0,0.29059438657576486,0.2905936541274877,-0.006579685740849741,-0.006579772356251558
331.0,19.5,0.0,0.0,0.0,0.0,0.0,0.0,0.0,0.0,0.0,0.0,0.0,0.0,0.2901678573163686,0.290167143300213,-0.006630355565822297,-0.006630440776830891
331.0,20.0,0.0,0.0,0.0,0.0,0.0,0.0,0.0,0.0,0.0,0.0,0.0,0.0,0.2897485604988055,0.2897478642273779,-0.00668062001020606,-0.006680703854619349
331.0,20.5,0.0,0.0,0.0,0.0,0.0,0.0,0.0,0.0,0.0,0.0,0.0,0.0,0.28933632395187014,0.28933564476513435,-0.00673048131106828,-0.006730563825964385
331.0,21.0,0.0,0.0,0.0,0.0,0.0,0.0,0.0,0.0,0.0,0.0,0.0,0.0,0.28893097752321595,0.28893031478798414,-0.006779942167796558,-0.006780023389457626
331.0,21.5,0.0,0.0,0.0,0.0,0.0,0.0,0.0,0.0,0.0,0.0,0.0,0.0,0.288532353452813,0.2885317065621126,-0.006829005684230985,-0.006829085648085379
331.0,22.0,0.0,0.0,0.0,0.0,0.0,0.0,0.0,0.0,0.0,0.0,0.0,0.0,0.2881402866882512,0.28813965506059674,-0.006877675315399711,-0.006877754055979876
331.0,22.5,0.0,0.0,0.0,0.0,0.0,0.0,0.0,0.0,0.0,0.0,0.0,0.0,0.28775461514629475,0.2877539982248911,-0.006925954818815385,-0.0069260323697288365
331.0,23.0,0.0,0.0,0.0,0.0,0.0,0.0,0.0,0.0,0.0,0.0,0.0,0.0,0.28737517992548295,0.28737457717738096,-0.0069738482101907116,-0.006973924604102024
331.0,23.5,0.0,0.0,0.0,0.0,0.0,0.0,0.0,0.0,0.0,0.0,0.0,0.0,0.2870018254746814,0.28700123638990366,-0.007021359723365604,-0.007021434991987555
331.0,24.0,0.0,0.0,0.0,0.0,0.0,0.0,0.0,0.0,0.0,0.0,0.0,0.0,0.2866343997223953,0.2866338238130458,-0.007068493774198656,-0.0070685679482909115
332.0,0.5,0.0,0.0,0.0,0.0,0.0,0.0,0.0,0.0,0.0,0.0,0.0,0.0,0.2862727541714446,0.2862721909708143,-0.007115254928153216,-0.007115328037527221
332.0,1.0,0.0,0.0,0.0,0.0,0.0,0.0,0.0,0.0,0.0,0.0,0.0,0.0,0.2859167439633079,0.285916193024985,-0.0071616478713002266,-0.007161719944829135
332.0,1.5,0.0,0.0,0.0,0.0,0.0,0.0,0.0,0.0,0.0,0.0,0.0,0.0,0.28556622791610764,0.28556568881309974,-0.007207677384460828,-0.0072077484500934754
332.0,2.0,0.0,0.0,0.0,0.0,0.0,0.0,0.0,0.0,0.0,0.0,0.0,0.0,0.2852210685398588,0.2852205408637329,-0.007253348320218982,-0.007253418404997092
332.0,2.5,0.0,0.0,0.0,0.0,0.0,0.0,0.0,0.0,0.0,0.0,0.0,0.0,0.2875075143083944,0.2875069990418705,-0.006957099909057083,-0.006957165028430955
332.0,3.0,0.0,0.0,0.0,0.0,0.0,0.0,0.0,0.0,0.0,0.0,0.0,0.0,0.28712911323760953,0.2871286098548555,-0.007005118416141976,-0.007005182557149735
332.0,3.5,0.0,0.0,0.0,0.0,0.0,0.0,0.0,0.0,0.0,0.0,0.0,0.0,0.2867578441663975,0.28675735217707304,-0.007052616160992247,-0.007052679357017661
332.0,4.0,0.0,0.0,0.0,0.0,0.0,0.0,0.0,0.0,0.0,0.0,0.0,0.0,0.2863934051434162,0.2863929240891202,-0.007099613773327639,-0.007099676055665128
332.0,4.5,0.0,0.0,0.0,0.0,0.0,0.0,0.0,0.0,0.0,0.0,0.0,0.0,0.28603551676540334,0.2860350462165973,-0.007146130216751989,-0.007146191614817538
332.0,5.0,0.0,0.0,0.0,0.0,0.0,0.0,0.0,0.0,0.0,0.0,0.0,0.0,0.2856839197343707,0.2856834592877011,-0.007192182979848969,-0.007192243521362232
332.0,5.5,0.0,0.0,0.0,0.0,0.0,0.0,0.0,0.0,0.0,0.0,0.0,0.0,0.28533837274811924,0.28533792202407443,-0.0072377882407389715,-0.007237847951881359
332.0,6.0,0.0,0.0,0.0,0.0,0.0,0.0,0.0,0.0,0.0,0.0,0.0,0.0,0.2849986506709093,0.28499820931176095,-0.00728296100931745,-0.007283019914869817
332.0,6.5,0.0,0.0,0.0,0.0,0.0,0.0,0.0,0.0,0.0,0.0,0.0,0.0,0.2846645429406904,0.28466411060867575,-0.007327715250642692,-0.0073277733741059815
332.0,7.0,0.0,0.0,0.0,0.0,0.0,0.0,0.0,0.0,0.0,0.0,0.0,0.0,0.2843358521769474,0.2843354285526573,-0.007372063992338585,-0.007372121356039945
332.0,7.5,0.0,0.0,0.0,0.0,0.0,0.0,0.0,0.0,0.0,0.0,0.0,0.0,0.2840123929593945,0.28401197774033876,-0.007416019418389711,-0.007416076043576231
332.0,8.0,0.0,0.0,0.0,0.0,0.0,0.0,0.0,0.0,0.0,0.0,0.0,0.0,0.2836939907527411,0.2836935836520662,-0.007459592951311053,-0.007459648858232851
332.0,8.5,0.0,0.0,0.0,0.0,0.0,0.0,0.0,0.0,0.0,0.0,0.01928644929899817,0.01928644929899817,0.28338048095682533,0.28338008170216417,-0.007502795324350918,-0.007502850532335255
332.0,9.0,0.0,0.0,0.0,0.0,0.0,0.0,0.0,0.0,0.0,0.0,0.30743744399765205,0.30743744399765205,0.28306925033874736,0.2830688586711843,-0.007545978814737914,-0.007546033345201338
332.0,9.5,0.0,0.0,0.0,0.0,0.0,0.0,0.0,0.0,0.0,0.0,0.5810378725363489,0.5810378725363489,0.2827258895779265,0.2827255052510621,-0.007593964436075422,-0.0075940183501786
332.0,10.0,0.0,0.0,0.0,0.0,0.0,0.0,0.0,0.0,0.0,0.0,1.2346391737466733,1.2346391737466733,0.2823521134085184,0.282351736187623,-0.007646614613255167,-0.007646667967936798
332.0,10.5,0.0,0.0,0.0,0.0,0.0,0.0,0.0,0.0,0.0,0.0,1.1239766689766881,1.1239766689766881,0.2818993648566786,0.28189899451792266,-0.007710972493121459,-0.007711025400083084
332.0,11.0,0.0,0.0,0.0,0.0,0.0,0.0,0.0,0.0,0.0,0.0,1.3228230587920262,1.3228230587920262,0.2814649103536734,0.28146454668342485,-0.007773337564318688,-0.0077733900196474475
332.0,11.5,0.0,0.0,0.0,0.0,0.0,0.0,0.0,0.0,0.0,0.0,1.4808234522349095,1.4808234522349095,0.2810091886014886,0.28100883139566984,-0.007839402449855521,-0.007839454494914862
332.0,12.0,0.0,0.0,0.0,0.0,0.0,0.0,0.0,0.0,0.0,0.0,1.5892685798823047,1.5892685798823047,0.2805372907446424,0.28053693980813704,-0.007908518620076504,-0.007908570289260945
332.0,12.5,0.0,0.0,0.0,0.0,0.0,0.0,0.0,0.0,0.0,0.0,1.7180661099538959,1.7180661099538959,0.28005542315135074,0.2800550782974583,-0.007979845540257385,-0.007979896859958759
332.0,13.0,0.0,0.0,0.0,0.0,0.0,0.0,0.0,0.0,0.0,0.0,1.671292933868125,1.671292933868125,0.27956088870251916,0.2795605497524518,-0.00805384585392437,-0.008053896852857373
332.0,13.5,0.0,0.0,0.0,0.0,0.0,0.0,0.0,0.0,0.0,0.0,1.522823390354742,1.522823390354742,0.27907596203627394,0.27907562881869186,-0.008127203795475395,-0.00812725447646285
332.0,14.0,0.0,0.0,0.0,0.0,0.0,0.0,0.0,0.0,0.0,0.0,1.6304916905314328,1.6304916905314328,0.2786135082141186,0.27861318056470114,-0.008197904903616183,-0.008197955254665172
332.0,14.5,0.0,0.0,0.0,0.0,0.0,0.0,0.0,0.0,0.0,0.0,1.360281882816551,1.360281882816551,0.27814079664835234,0.27814047440940054,-0.008270932949920116,-0.008270982995558538
332.0,15.0,0.0,0.0,0.0,0.0,0.0,0.0,0.0,0.0,0.0,0.0,0.7192734493370709,0.7192734493370709,0.27770589507184346,0.27770557809191315,-0.008338805355869713,-0.00833885506645447
332.0,15.5,0.0,0.0,0.0,0.0,0.0,0.0,0.0,0.0,0.0,0.0,0.0,0.0,0.27735597271255263,0.2773556608461141,-0.0083938977595575,-0.008393947053452852
332.0,16.0,0.0,0.0,0.0,0.0,0.0,0.0,0.0,0.0,0.0,0.0,0.0,0.0,0.27710092384972485,0.2771006169568476,-0.008434326472280361,-0.008434375258544794
332.0,16.5,0.0,0.0,0.0,0.0,0.0,0.0,0.0,0.0,0.0,0.0,0.0,0.0,0.2768490134213929,0.27684871136745326,-0.008474485645849556,-0.008474533935401216
332.0,17.0,0.0,0.0,0.0,0.0,0.0,0.0,0.0,0.0,0.0,0.0,0.0,0.0,0.2766001683876987,0.2765998710431081,-0.008514380021029194,-0.008514427824442844
332.0,17.5,0.0,0.0,0.0,0.0,0.0,0.0,0.0,0.0,0.0,0.0,0.0,0.0,0.2763543185147654,0.27635402575471846,-0.008554014151964997,-0.008554061479487939
332.0,18.0,0.0,0.0,0.0,0.0,0.0,0.0,0.0,0.0,0.0,0.0,0.0,0.0,0.27611139619754776,0.2761111079017875,-0.00859339242082135,-0.008593439282388178
332.0,18.5,0.0,0.0,0.0,0.0,0.0,0.0,0.0,0.0,0.0,0.0,0.0,0.0,0.27587133629909816,0.27587105235169734,-0.008632519050843194,-0.008632565456089435
332.0,19.0,0.0,0.0,0.0,0.0,0.0,0.0,0.0,0.0,0.0,0.0,0.0,0.0,0.2756340760043524,0.27563379629350887,-0.00867139811803375,-0.00867144407630869
332.0,19.5,0.0,0.0,0.0,0.0,0.0,0.0,0.0,0.0,0.0,0.0,0.0,0.0,0.2753995546867865,0.2753992791046315,-0.008710033561614572,-0.00871007908199313
332.0,20.0,0.0,0.0,0.0,0.0,0.0,0.0,0.0,0.0,0.0,0.0,0.0,0.0,0.27516771378650795,0.27516744222892703,-0.008748429193412573,-0.00874847428470637
332.0,20.5,0.0,0.0,0.0,0.0,0.0,0.0,0.0,0.0,0.0,0.0,0.0,0.0,0.27493849669852805,0.27493822906499155,-0.008786588706300402,-0.008786633377068349
332.0,21.0,0.0,0.0,0.0,0.0,0.0,0.0,0.0,0.0,0.0,0.0,0.0,0.0,0.2747118486701178,0.2747115848635226,-0.008824515681800718,-0.008824559940358757
332.0,21.5,0.0,0.0,0.0,0.0,0.0,0.0,0.0,0.0,0.0,0.0,0.0,0.0,0.27448771670628785,0.27448745663280744,-0.008862213596950698,-0.008862257451381111
332.0,22.0,0.0,0.0,0.0,0.0,0.0,0.0,0.0,0.0,0.0,0.0,0.0,0.0,0.2742660494825483,0.2742657930514918,-0.008899685830511456,-0.008899729288671608
332.0,22.5,0.0,0.0,0.0,0.0,0.0,0.0,0.0,0.0,0.0,0.0,0.0,0.0,0.27404679726420705,0.2740465443878857,-0.008936935668596461,-0.008936978738127106
332.0,23.0,0.0,0.0,0.0,0.0,0.0,0.0,0.0,0.0,0.0,0.0,0.0,0.0,0.27382991183155464,0.2738296624251557,-0.00897396630978394,-0.008974008998117062
332.0,23.5,0.0,0.0,0.0,0.0,0.0,0.0,0.0,0.0,0.0,0.0,0.0,0.0,0.2736153464103573,0.27361510039182474,-0.009010780869770599,-0.009010823184136877
332.0,24.0,0.0,0.0,0.0,0.0,0.0,0.0,0.0,0.0,0.0,0.0,0.0,0.0,0.2734030556071508,0.2734028128970718,-0.009047382385616818,-0.00904742433305275
333.0,0.5,0.0,0.0,0.0,0.0,0.0,0.0,0.0,0.0,0.0,0.0,0.0,0.0,0.27583582486126396,0.2758355858004183,-0.008638324956946917,-0.008638364057717429
333.0,1.0,0.0,0.0,0.0,0.0,0.0,0.0,0.0,0.0,0.0,0.0,0.0,0.0,0.2755994928836261,0.27559925736680624,-0.008677082546179856,-0.008677121273301917
333.0,1.5,0.0,0.0,0.0,0.0,0.0,0.0,0.0,0.0,0.0,0.0,0.0,0.0,0.27536626647791923,0.27536603440488355,-0.008715534125259074,-0.008715572487672352
333.0,2.0,0.0,0.0,0.0,0.0,0.0,0.0,0.0,0.0,0.0,0.0,0.0,0.0,0.27513605175316935,0.2751358230282899,-0.008753688442369404,-0.008753726448612458
333.0,2.5,0.0,0.0,0.0,0.0,0.0,0.0,0.0,0.0,0.0,0.0,0.0,0.0,0.27490875986676755,0.2749085343987118,-0.008791553742599868,-0.008791591400839169
333.0,3.0,0.0,0.0,0.0,0.0,0.0,0.0,0.0,0.0,0.0,0.0,0.0,0.0,0.27468430663143223,0.27468408433287395,-0.008829137808891052,-0.00882917512694718
333.0,3.5,0.0,0.0,0.0,0.0,0.0,0.0,0.0,0.0,0.0,0.0,0.0,0.0,0.2744626121606454,0.2744623929480018,-0.008866447998936515,-0.00886648498430789
333.0,4.0,0.0,0.0,0.0,0.0,0.0,0.0,0.0,0.0,0.0,0.0,0.0,0.0,0.274243600548151,0.2742433843413439,-0.00890349127849863,-0.00890352793838296
333.0,4.5,0.0,0.0,0.0,0.0,0.0,0.0,0.0,0.0,0.0,0.0,0.0,0.0,0.27402719957768096,0.2740269862999175,-0.008940274251539496,-0.008940310592853377
333.0,5.0,0.0,0.0,0.0,0.0,0.0,0.0,0.0,0.0,0.0,0.0,0.0,0.0,0.27381334045955824,0.27381313003713187,-0.008976803187517824,-0.008976839216914414
333.0,5.5,0.0,0.0,0.0,0.0,0.0,0.0,0.0,0.0,0.0,0.0,0.0,0.0,0.273601957591253,0.2736017499533591,-0.00901308404615866,-0.009013119770044044
333.0,6.0,0.0,0.0,0.0,0.0,0.0,0.0,0.0,0.0,0.0,0.0,0.0,0.0,0.27339298833932296,0.2733927834178911,-0.009049122499965818,-0.009049157924513707
333.0,6.5,0.0,0.0,0.0,0.0,0.0,0.0,0.0,0.0,0.0,0.0,0.0,0.0,0.2731863728404868,0.273186170570025,-0.009084923954714006,-0.009084959085879446
333.0,7.0,0.0,0.0,0.0,0.0,0.0,0.0,0.0,0.0,0.0,0.0,0.0,0.0,0.2729820538198442,0.27298185413729614,-0.009120493568130265,-0.009120528411662034
333.0,7.5,0.0,0.0,0.0,0.0,0.0,0.0,0.0,0.0,0.0,0.0,0.0,0.0,0.27277997642449325,0.2727797792691063,-0.009155836266949177,-0.00915587082840127
333.0,8.0,0.0,0.0,0.0,0.0,0.0,0.0,0.0,0.0,0.0,0.0,0.0,0.0,0.2725800880709982,0.27257989338420047,-0.00919095676250564,-0.009190991047247878
333.0,8.5,0.0,0.0,0.0,0.0,0.0,0.0,0.0,0.0,0.0,0.0,0.0,0.0,0.27238233830533504,0.27238214603062233,-0.009225859565010461,-0.009225893578238198
333.0,9.0,0.0,0.0,0.0,0.0,0.0,0.0,0.0,0.0,0.0,0.0,0.0,0.0,0.27218667867410073,0.27218648875693097,-0.009260548996637473,-0.00926058274338065
333.0,9.5,0.0,0.0,0.0,0.0,0.0,0.0,0.0,0.0,0.0,0.0,0.0,0.0,0.271993062605904,0.27199287499359953,-0.00929502920353701,-0.00929506268866842
333.0,10.0,0.0,0.0,0.0,0.0,0.0,0.0,0.0,0.0,0.0,0.0,0.10623097943746924,0.10623097943746924,0.2718014453019751,0.27180125994363075,-0.009329304166878018,-0.009329337395121212
333.0,10.5,0.0,0.0,0.0,0.0,0.0,0.0,0.0,0.0,0.0,0.0,0.17111016579090935,0.17111016579090935,0.2715982463253426,0.27159806317174096,-0.009365815414255189,-0.009365848400420686
333.0,11.0,0.0,0.0,0.0,0.0,0.0,0.0,0.0,0.0,0.0,0.0,0.34079811715737357,0.34079811715737357,0.2713886937012263,0.27138851270475806,-0.00940364676151313,-0.00940367951611949
333.0,11.5,0.0,0.0,0.0,0.0,0.0,0.0,0.0,0.0,0.0,0.0,0.31242900192497647,0.31242900192497647,0.2711593912991747,0.271159212413764,-0.009445252430334717,-0.009445284973632416
333.0,12.0,0.0,0.0,0.0,0.0,0.0,0.0,0.0,0.0,0.0,0.0,0.46775369542937034,0.46775369542937034,0.2709355394377727,0.2709353626188075,-0.009486080866260715,-0.009486113199364689
333.0,12.5,0.0,0.0,0.0,0.0,0.0,0.0,0.0,0.0,0.0,0.0,1.0092463059951835,1.0092463059951835,0.270693692195868,0.2706935174001343,-0.009530428035445716,-0.009530460176698303
333.0,13.0,0.0,0.0,0.0,0.0,0.0,0.0,0.0,0.0,0.0,0.0,1.1737302314841729,1.1737302314841729,0.27038460308292267,0.2703844302685435,-0.009587465369183834,-0.009587497372826772
333.0,13.5,0.0,0.0,0.0,0.0,0.0,0.0,0.0,0.0,0.0,0.0,0.8754095734360676,0.8754095734360676,0.27005628053704006,0.27005610966341687,-0.009648497969606101,-0.009648529853997924
333.0,14.0,0.0,0.0,0.0,0.0,0.0,0.0,0.0,0.0,0.0,0.0,0.5699052230726265,0.5699052230726265,0.2697676673553215,0.26976749838308,-0.009702531560488066,-0.00970256330058182
333.0,14.5,0.0,0.0,0.0,0.0,0.0,0.0,0.0,0.0,0.0,0.0,0.38992584897309235,0.38992584897309235,0.2695196463905761,0.26951947928151454,-0.009749253802960331,-0.00974928537325335
333.0,15.0,0.0,0.0,0.0,0.0,0.0,0.0,0.0,0.0,0.0,0.0,0.2928423636095469,0.2928423636095469,0.26929619010638894,0.26929602482342974,-0.00979157826487168,-0.00979160965175738
333.0,15.5,0.0,0.0,0.0,0.0,0.0,0.0,0.0,0.0,0.0,0.0,0.0,0.0,0.2690867043080816,0.26908654081522476,-0.009831455563999022,-0.00983148676165833
333.0,16.0,0.0,0.0,0.0,0.0,0.0,0.0,0.0,0.0,0.0,0.0,0.0,0.0,0.2689161055066572,0.2689159437689371,-0.009864073428580174,-0.009864104413361762
333.0,16.5,0.0,0.0,0.0,0.0,0.0,0.0,0.0,0.0,0.0,0.0,0.0,0.0,0.268747047303162,0.2687468872866064,-0.009896524011028768,-0.00989655478627455
333.0,17.0,0.0,0.0,0.0,0.0,0.0,0.0,0.0,0.0,0.0,0.0,0.0,0.0,0.2685795018837985,0.2685793435553892,-0.009928809786636907,-0.009928840355606356
333.0,17.5,0.0,0.0,0.0,0.0,0.0,0.0,0.0,0.0,0.0,0.0,0.0,0.0,0.2684134422616029,0.26841328558923916,-0.009960933156565203,-0.009960963522438445
333.0,18.0,0.0,0.0,0.0,0.0,0.0,0.0,0.0,0.0,0.0,0.0,0.0,0.0,0.2682488422392056,0.268248687191669,-0.00999289645153527,-0.009992926617415935
333.0,18.5,0.0,0.0,0.0,0.0,0.0,0.0,0.0,0.0,0.0,0.0,0.0,0.0,0.26808567637388586,0.26808552292080723,-0.010024701935275078,-0.010024731904193087
333.0,19.0,0.0,0.0,0.0,0.0,0.0,0.0,0.0,0.0,0.0,0.0,0.0,0.0,0.2679239199447484,0.26792376805657636,-0.010056351807736645,-0.010056381582650743
333.0,19.5,0.0,0.0,0.0,0.0,0.0,0.0,0.0,0.0,0.0,0.0,0.0,0.0,0.26776354892186016,0.2677633985698311,-0.010087848208103949,-0.01008787779190421
333.0,20.0,0.0,0.0,0.0,0.0,0.0,0.0,0.0,0.0,0.0,0.0,0.0,0.0,0.26760453993720174,0.2676043910933115,-0.010119193217607413,-0.010119222613117559
333.0,20.5,0.0,0.0,0.0,0.0,0.0,0.0,0.0,0.0,0.0,0.0,0.0,0.0,0.2674468702573011,0.267446722894278,-0.010150388862159786,-0.010150418072139365
333.0,21.0,0.0,0.0,0.0,0.0,0.0,0.0,0.0,0.0,0.0,0.0,0.0,0.0,0.2672905177574274,0.2672903718487059,-0.010181437114826764,-0.010181466141973395
333.0,21.5,0.0,0.0,0.0,0.0,0.0,0.0,0.0,0.0,0.0,0.0,0.0,0.0,0.26713546089723167,0.2671353164169282,-0.01021233989814549,-0.010212368745096765
333.0,22.0,0.0,0.0,0.0,0.0,0.0,0.0,0.0,0.0,0.0,0.0,0.0,0.0,0.2669816786977353,0.266981535620625,-0.010243099086301284,-0.010243127755636664
333.0,22.5,0.0,0.0,0.0,0.0,0.0,0.0,0.0,0.0,0.0,0.0,0.0,0.0,0.26682915071957014,0.2668290090210639,-0.01027371650717377,-0.010273745001416505
333.0,23.0,0.0,0.0,0.0,0.0,0.0,0.0,0.0,0.0,0.0,0.0,0.0,0.0,0.2666778570423845,0.26667771669850787,-0.01030419394426171,-0.010304222265880554
333.0,23.5,0.0,0.0,0.0,0.0,0.0,0.0,0.0,0.0,0.0,0.0,0.0,0.0,0.26652777824533663,0.2665276392327095,-0.01033453313849522,-0.010334561289906076
333.0,24.0,0.0,0.0,0.0,0.0,0.0,0.0,0.0,0.0,0.0,0.0,0.0,0.0,0.26637889538860304,0.26637875768441976,-0.010364735789943402,-0.010364763773510949
334.0,0.5,0.0,0.0,0.0,0.0,0.0,0.0,0.0,0.0,0.0,0.0,0.0,0.0,0.2662311899958325,0.26623105357784355,-0.010394803559424985,-0.01039483137746418
334.0,1.0,0.0,0.0,0.0,0.0,0.0,0.0,0.0,0.0,0.0,0.0,0.0,0.0,0.2660846440374875,0.26608450888398094,-0.010424738070028408,-0.010424765724806027
334.0,1.5,0.0,0.0,0.0,0.0,0.0,0.0,0.0,0.0,0.0,0.0,0.0,0.0,0.26593923991501195,0.265939106004797,-0.010454540908548039,-0.010454568402283962
334.0,2.0,0.0,0.0,0.0,0.0,0.0,0.0,0.0,0.0,0.0,0.0,0.0,0.0,0.27374069389479977,0.27374056175674727,-0.008989252277179073,-0.008989274939771337
334.0,2.5,0.0,0.0,0.0,0.0,0.0,0.0,0.0,0.0,0.0,0.0,0.0,0.0,0.2735285271399971,0.27352839671864887,-0.009025728206079112,-0.009025750682428812
334.0,3.0,0.0,0.0,0.0,0.0,0.0,0.0,0.0,0.0,0.0,0.0,0.0,0.0,0.27331952363209,0.27331939487528223,-0.00906183286012119,-0.00906185515540762
334.0,3.5,0.0,0.0,0.0,0.0,0.0,0.0,0.0,0.0,0.0,0.0,0.0,0.0,0.2731135578386622,0.2731134306972389,-0.009097581229192462,-0.009097603348279944
334.0,4.0,0.0,0.0,0.0,0.0,0.0,0.0,0.0,0.0,0.0,0.0,0.0,0.0,0.2729105124527936,0.27291038688035185,-0.00913298730947011,-0.009133009256935675
334.0,4.5,0.0,0.0,0.0,0.0,0.0,0.0,0.0,0.0,0.0,0.0,0.0,0.0,0.2727102776797367,0.27271015363239853,-0.009168064188644012,-0.009168085968802222
334.0,5.0,0.0,0.0,0.0,0.0,0.0,0.0,0.0,0.0,0.0,0.0,0.0,0.0,0.2725127505988574,0.2725126280350653,-0.009202824122296392,-0.009202845739221513
334.0,5.5,0.0,0.0,0.0,0.0,0.0,0.0,0.0,0.0,0.0,0.0,0.0,0.0,0.27231783459154874,0.2723177134718828,-0.009237278602512678,-0.009237300060058516
334.0,6.0,0.0,0.0,0.0,0.0,0.0,0.0,0.0,0.0,0.0,0.0,0.0,0.0,0.27212543882713514,0.2721253191141477,-0.00927143841964922,-0.00927145972146699
334.0,6.5,0.0,0.0,0.0,0.0,0.0,0.0,0.0,0.0,0.0,0.0,0.0,0.0,0.2719354777998858,0.2719353594579529,-0.009305313718057259,-0.00930533486761164
334.0,7.0,0.0,0.0,0.0,0.0,0.0,0.0,0.0,0.0,0.0,0.0,0.0,0.0,0.27174787091119057,0.2717477539063771,-0.009338914046455328,-0.009338935047038968
334.0,7.5,0.0,0.0,0.0,0.0,0.0,0.0,0.0,0.0,0.0,0.0,0.0,0.0,0.27156254209173963,0.271562426391678,-0.00937224840355197,-0.009372269258298586
334.0,8.0,0.0,0.0,0.0,0.0,0.0,0.0,0.0,0.0,0.0,0.0,0.0,0.0,0.2766687025839601,0.276668588510369,-0.008503370459888802,-0.008503388770952074
334.0,8.5,0.0,0.0,0.0,0.0,0.0,0.0,0.0,0.0,0.0,0.0,0.0,0.0,0.27907419548141554,0.27907408317907034,-0.00812747248530495,-0.008127489566648287
334.0,9.0,0.0,0.0,0.0,0.0,0.0,0.0,0.0,0.0,0.0,0.0,0.0,0.0,0.2788129281319029,0.2788128175294272,-0.008167327578573804,-0.008167344499700519
334.0,9.5,0.0,0.0,0.0,0.0,0.0,0.0,0.0,0.0,0.0,0.0,0.0,0.0,0.2785568906864543,0.2785567817182722,-0.008206610991989884,-0.00820662775866704
334.0,10.0,0.0,0.0,0.0,0.0,0.0,0.0,0.0,0.0,0.0,0.0,0.0,0.0,0.27830579492836227,0.2783056875340336,-0.00824535505083972,-0.008245371668344303
334.0,10.5,0.0,0.0,0.0,0.0,0.0,0.0,0.0,0.0,0.0,0.0,0.0,0.0,0.28069753803813713,0.28069743235552685,-0.007884967010428887,-0.007884982515085192
334.0,11.0,0.0,0.0,0.0,0.0,0.0,0.0,0.0,0.0,0.0,0.0,0.0,0.0,0.28042308611122846,0.28042298206981725,-0.007925354482436737,-0.007925369839511328
334.0,11.5,0.0,0.0,0.0,0.0,0.0,0.0,0.0,0.0,0.0,0.0,0.0,0.0,0.2827897010242065,0.2827895987593759,-0.007585019165632163,-0.007585033491360514
334.0,12.0,0.0,0.0,0.0,0.0,0.0,0.0,0.0,0.0,0.0,0.0,0.0,0.0,0.2824914130059029,0.2824913124374191,-0.007626942161724188,-0.007626956342644351
334.0,12.5,0.0,0.0,0.0,0.0,0.0,0.0,0.0,0.0,0.0,0.0,0.0,0.0,0.28220002819861195,0.28219992925388476,-0.00766816177802121,-0.007668175819866036
334.0,13.0,0.0,0.0,0.0,0.0,0.0,0.0,0.0,0.0,0.0,0.0,0.0,0.0,0.28191509704774115,0.2819149996608159,-0.007708725376105563,-0.007708739284025683
334.0,13.5,0.0,0.0,0.0,0.0,0.0,0.0,0.0,0.0,0.0,0.0,0.016188035523688464,0.016188035523688464,0.2816362140192474,0.2816361181299566,-0.0077486757633868555,-0.007748689542027827
334.0,14.0,0.0,0.0,0.0,0.0,0.0,0.0,0.0,0.0,0.0,0.0,0.0,0.0,0.2813609492498272,0.28136085480307255,-0.007788349967723854,-0.007788363621914329
334.0,14.5,0.0,0.0,0.0,0.0,0.0,0.0,0.0,0.0,0.0,0.0,0.0,0.0,0.2810930954481947,0.2810930023933359,-0.007827188579715458,-0.00782720211264895
334.0,15.0,0.0,0.0,0.0,0.0,0.0,0.0,0.0,0.0,0.0,0.0,0.0,0.0,0.28083028660687837,0.2808301948972109,-0.007865520164597808,-0.007865533579758898
334.0,15.5,0.0,0.0,0.0,0.0,0.0,0.0,0.0,0.0,0.0,0.0,0.0,0.0,0.28057224614142373,0.28057215573373,-0.007903374071696086,-0.007903387372273073
334.0,16.0,0.0,0.0,0.0,0.0,0.0,0.0,0.0,0.0,0.0,0.0,0.0,0.0,0.2803187210626633,0.28031863191682604,-0.007940777163958994,-0.00794079035287888
334.0,16.5,0.0,0.0,0.0,0.0,0.0,0.0,0.0,0.0,0.0,0.0,0.0,0.0,0.2800694794283907,0.2800693915070578,-0.007977754079043489,-0.00797776715900224
334.0,17.0,0.0,0.0,0.0,0.0,0.0,0.0,0.0,0.0,0.0,0.0,0.0,0.0,0.27982430812651043,0.2798242213948036,-0.008014327457223717,-0.008014340430712565
334.0,17.5,0.0,0.0,0.0,0.0,0.0,0.0,0.0,0.0,0.0,0.0,0.0,0.0,0.27958301093917826,0.2795829253644394,-0.008050518141093069,-0.008050531010421297
334.0,18.0,0.0,0.0,0.0,0.0,0.0,0.0,0.0,0.0,0.0,0.0,0.0,0.0,0.2793454068462228,0.2793453223977915,-0.008086345351175578,-0.008086358118490521
334.0,18.5,0.0,0.0,0.0,0.0,0.0,0.0,0.0,0.0,0.0,0.0,0.0,0.0,0.2791113285332099,0.27911124518222885,-0.00812182684087411,-0.008121839508178536
334.0,19.0,0.0,0.0,0.0,0.0,0.0,0.0,0.0,0.0,0.0,0.0,0.0,0.0,0.2788806210752424,0.27888053879448493,-0.008156979033623253,-0.008156991602790797
334.0,19.5,0.0,0.0,0.0,0.0,0.0,0.0,0.0,0.0,0.0,0.0,0.0,0.0,0.27865314077225567,0.27865305953597486,-0.008191817144657542,-0.008191829617446076
334.0,20.0,0.0,0.0,0.0,0.0,0.0,0.0,0.0,0.0,0.0,0.0,0.0,0.0,0.27842875411539825,0.2784286738991925,-0.008226355289430134,-0.00822636766749373
334.0,20.5,0.0,0.0,0.0,0.0,0.0,0.0,0.0,0.0,0.0,0.0,0.0,0.0,0.2782073368672313,0.2782072576479255,-0.008260606580407675,-0.008260618865307049
334.0,21.0,0.0,0.0,0.0,0.0,0.0,0.0,0.0,0.0,0.0,0.0,0.0,0.0,0.27798877324108723,0.27798869499662665,-0.008294583213709947,-0.008294595406921781
334.0,21.5,0.0,0.0,0.0,0.0,0.0,0.0,0.0,0.0,0.0,0.0,0.0,0.0,0.2777729551670897,0.2777728778764459,-0.008328296546849436,-0.008328308649774624
334.0,22.0,0.0,0.0,0.0,0.0,0.0,0.0,0.0,0.0,0.0,0.0,0.0,0.0,0.27755978163414435,0.2775597052772307,-0.008361757168646908,-0.008361769182617875
334.0,22.5,0.0,0.0,0.0,0.0,0.0,0.0,0.0,0.0,0.0,0.0,0.0,0.0,0.27734915809871796,0.27734908265631436,-0.00839497496224937,-0.00839498688853658
334.0,23.0,0.0,0.0,0.0,0.0,0.0,0.0,0.0,0.0,0.0,0.0,0.0,0.0,0.27714099595250014,0.2771409214061854,-0.0084279591620499,-0.008427971001867655
334.0,23.5,0.0,0.0,0.0,0.0,0.0,0.0,0.0,0.0,0.0,0.0,0.0,0.0,0.27693521204211075,0.2769351383742016,-0.0084607184052022,-0.008460730159713858
334.0,24.0,0.0,0.0,0.0,0.0,0.0,0.0,0.0,0.0,0.0,0.0,0.0,0.0,0.2767317282349289,0.2767316554284255,-0.00849326077833173,-0.008493272448654287
335.0,0.5,0.0,0.0,0.0,0.0,0.0,0.0,0.0,0.0,0.0,0.0,0.0,0.0,0.27653047102589245,0.2765303990644289,-0.008525593859967776,-0.008525605447176019
335.0,1.0,0.0,0.0,0.0,0.0,0.0,0.0,0.0,0.0,0.0,0.0,0.0,0.0,0.27897562020199174,0.2789755491774198,-0.008142482395848274,-0.008142493222554973
335.0,1.5,0.0,0.0,0.0,0.0,0.0,0.0,0.0,0.0,0.0,0.0,0.0,0.0,0.2840295357992041,0.28402946593841816,-0.007413682026116146,-0.007413691549714622
335.0,2.0,0.0,0.0,0.0,0.0,0.0,0.0,0.0,0.0,0.0,0.0,0.0,0.0,0.28637794025503366,0.28637787165798473,-0.007101616346045483,-0.0071016252302843735
335.0,2.5,0.0,0.0,0.0,0.0,0.0,0.0,0.0,0.0,0.0,0.0,0.0,0.0,0.2913149098003907,0.29131484273477604,-0.0064951346114204426,-0.006495142420907147
335.0,3.0,0.0,0.0,0.0,0.0,0.0,0.0,0.0,0.0,0.0,0.0,0.0,0.0,0.2987591658557846,0.2987591008282495,-0.005693178959982473,-0.005693185431826019
335.0,3.5,0.0,0.0,0.0,0.0,0.0,0.0,0.0,0.0,0.0,0.0,0.0,0.0,0.3059928680625684,0.30599280563803366,-0.005024471873912937,-0.005024477227335582
335.0,4.0,0.0,0.0,0.0,0.0,0.0,0.0,0.0,0.0,0.0,0.0,0.0,0.0,0.310413693353416,0.31041363377189474,-0.004661816017446009,-0.004661820690738158
335.0,4.5,0.0,0.0,0.0,0.0,0.0,0.0,0.0,0.0,0.0,0.0,0.0,0.0,0.31722543989258645,0.31722538370091286,-0.004162170076741701,-0.004162173927274678
335.0,5.0,0.0,0.0,0.0,0.0,0.0,0.0,0.0,0.0,0.0,0.0,0.0,0.0,0.3212142857006038,0.3212142329783769,-0.0038992127563634757,-0.003899216098874699
335.0,5.5,0.0,0.0,0.0,0.0,0.0,0.0,0.0,0.0,0.0,0.0,0.0,0.0,0.330012962058388,0.33001291370593244,-0.0033859638326497726,-0.0033859664236465642
335.0,6.0,0.0,0.0,0.0,0.0,0.0,0.0,0.0,0.0,0.0,0.0,0.0,0.0,0.3333661177326727,0.3333660735488901,-0.0032118271958485514,-0.0032118294191103855
335.0,6.5,0.0,0.0,0.0,0.0,0.0,0.0,0.0,0.0,0.0,0.0,0.0,0.0,0.33167907603250696,0.3316790352565294,-0.0032980696515060733,-0.0032980717691021406
335.0,7.0,0.0,0.0,0.0,0.0,0.0,0.0,0.0,0.0,0.0,0.0,0.0,0.0,0.33017528081643216,0.33017524315461655,-0.0033772791787827815,-0.0033772811907487946
335.0,7.5,0.0,0.0,0.0,0.0,0.0,0.0,0.0,0.0,0.0,0.0,0.0,0.0,0.3287916948150132,0.3287916601599047,-0.0034521664521294424,-0.003452168352486118
335.0,8.0,0.0,0.0,0.0,0.0,0.0,0.0,0.0,0.0,0.0,0.0,0.0,0.0,0.32749081596509966,0.3274907843001095,-0.0035243883526385493,-0.0035243901323965174
335.0,8.5,0.0,0.0,0.0,0.0,0.0,0.0,0.0,0.0,0.0,0.0,0.0,0.0,0.3262483626938053,0.3262483340471155,-0.003595053387545478,-0.0035950550361952
335.0,9.0,0.0,0.0,0.0,0.0,0.0,0.0,0.0,0.0,0.0,0.0,0.0,0.0,0.32504790527702665,0.3250478796992256,-0.003664939075163386,-0.003664940581352571
335.0,9.5,0.0,0.0,0.0,0.0,0.0,0.0,0.0,0.0,0.0,0.0,0.041125545208808956,0.041125545208808956,0.3238779282115343,0.3238779057625622,-0.003734613307961802,-0.0037346146599025825
335.0,10.0,0.0,0.0,0.0,0.0,0.0,0.0,0.0,0.0,0.0,0.0,0.05721483927155666,0.05721483927155666,0.3227249329165419,0.32272491365735057,-0.0038048256848991825,-0.0038048268707695054
335.0,10.5,0.0,0.0,0.0,0.0,0.0,0.0,0.0,0.0,0.0,0.0,0.11669961350454622,0.11669961350454622,0.3215861162223202,0.32158610020917683,-0.0038757239303559665,-0.0038757249382828504
335.0,11.0,0.0,0.0,0.0,0.0,0.0,0.0,0.0,0.0,0.0,0.0,0.28872632135888,0.28872632135888,0.32045159020638164,0.3204515774868198,-0.003947925771135086,-0.003947926589553852
335.0,11.5,0.0,0.0,0.0,0.0,0.0,0.0,0.0,0.0,0.0,0.0,0.7935961278717739,0.7935961278717739,0.3193038743689389,0.3193038649788508,-0.004022603675960155,-0.004022604293791005
335.0,12.0,0.0,0.0,0.0,0.0,0.0,0.0,0.0,0.0,0.0,0.0,0.3762004615214444,0.3762004615214444,0.31809834497518313,0.3180983389367835,-0.004102863050026885,-0.004102863456792576
335.0,12.5,0.0,0.0,0.0,0.0,0.0,0.0,0.0,0.0,0.0,0.0,0.6889957151052714,0.6889957151052714,0.31695104281738246,0.3169510401378857,-0.004181023829008965,-0.00418102401361272
335.0,13.0,0.0,0.0,0.0,0.0,0.0,0.0,0.0,0.0,0.0,0.0,0.641180836649238,0.641180836649238,0.3157688073779635,0.3157688078463614,-0.004263427679630029,-0.004263427646600571
335.0,13.5,0.0,0.0,0.0,0.0,0.0,0.0,0.0,0.0,0.0,0.0,0.9854409544182859,0.9854409544182859,0.31460045163682154,0.314600454920478,-0.004346772202270336,-0.004346771965317416
335.0,14.0,0.0,0.0,0.0,0.0,0.0,0.0,0.0,0.0,0.0,0.0,0.6810656313799918,0.6810656313799918,0.31340001713393967,0.3134000228474809,-0.004434435066629288,-0.0044344346444067095
335.0,14.5,0.0,0.0,0.0,0.0,0.0,0.0,0.0,0.0,0.0,0.0,0.2092953040262815,0.2092953040262815,0.3122542513358467,0.3122542590875433,-0.0045200771940367476,-0.004520076607991637
335.0,15.0,0.0,0.0,0.0,0.0,0.0,0.0,0.0,0.0,0.0,0.0,0.0,0.0,0.3111880979058344,0.3111881073260251,-0.004601544085917362,-0.004601543358410512
335.0,15.5,0.0,0.0,0.0,0.0,0.0,0.0,0.0,0.0,0.0,0.0,0.0,0.0,0.31017100569640094,0.3101710164525816,-0.004680897666738498,-0.004680896818959184
335.0,16.0,0.0,0.0,0.0,0.0,0.0,0.0,0.0,0.0,0.0,0.0,0.0,0.0,0.30917843415665275,0.3091784459594425,-0.00475991502516941,-0.004759914076157964
335.0,16.5,0.0,0.0,0.0,0.0,0.0,0.0,0.0,0.0,0.0,0.0,0.0,0.0,0.3082117984124497,0.30821181101584905,-0.004838399831265234,-0.004838398797940173
335.0,17.0,0.0,0.0,0.0,0.0,0.0,0.0,0.0,0.0,0.0,0.0,0.0,0.0,0.30727189822196826,0.3072719114204182,-0.004916196760157218,-0.00491619565728268
335.0,17.5,0.0,0.0,0.0,0.0,0.0,0.0,0.0,0.0,0.0,0.0,0.0,0.0,0.30635903336485903,0.30635904698878785,-0.004993186754868409,-0.004993185595166823
335.0,18.0,0.0,0.0,0.0,0.0,0.0,0.0,0.0,0.0,0.0,0.0,0.0,0.0,0.3054731144807914,0.3054731283916953,-0.005069281565997274,-0.005069280360335374
335.0,18.5,0.0,0.0,0.0,0.0,0.0,0.0,0.0,0.0,0.0,0.0,0.0,0.0,0.30461376031929843,0.3046137744049501,-0.005144418397572848,-0.005144417155175625
335.0,19.0,0.0,0.0,0.0,0.0,0.0,0.0,0.0,0.0,0.0,0.0,0.0,0.0,0.3037803785578895,0.3037803927279729,-0.005218555062430771,-0.0052185537910965935
335.0,19.5,0.0,0.0,0.0,0.0,0.0,0.0,0.0,0.0,0.0,0.0,0.0,0.0,0.30297223056493,0.3029722447472217,-0.00529166580022888,-0.005291664506531317
335.0,20.0,0.0,0.0,0.0,0.0,0.0,0.0,0.0,0.0,0.0,0.0,0.0,0.0,0.3021884819354654,0.3021884960725779,-0.005363737774370794,-0.005363736463840365
335.0,20.5,0.0,0.0,0.0,0.0,0.0,0.0,0.0,0.0,0.0,0.0,0.0,0.0,0.30142824110051963,0.3014282551471735,-0.005434768196370274,-0.005434766873653901
335.0,21.0,0.0,0.0,0.0,0.0,0.0,0.0,0.0,0.0,0.0,0.0,0.0,0.0,0.30069058828423806,0.30069060220500093,-0.005504761998375212,-0.005504760667373816
335.0,21.5,0.0,0.0,0.0,0.0,0.0,0.0,0.0,0.0,0.0,0.0,0.0,0.0,0.2999745968347683,0.29997461060219727,-0.0055737299684593304,-0.00557372863244519
335.0,22.0,0.0,0.0,0.0,0.0,0.0,0.0,0.0,0.0,0.0,0.0,0.0,0.0,0.2992793486332051,0.2992793622263282,-0.005641687268029462,-0.0056416859297455
335.0,22.5,0.0,0.0,0.0,0.0,0.0,0.0,0.0,0.0,0.0,0.0,0.0,0.0,0.29860394496486337,0.2986039583679407,-0.005708652260102898,-0.005708650921846475
335.0,23.0,0.0,0.0,0.0,0.0,0.0,0.0,0.0,0.0,0.0,0.0,0.0,0.0,0.29794751395144004,0.29794752715295725,-0.005774645587939741,-0.00577464425163293
335.0,23.5,0.0,0.0,0.0,0.0,0.0,0.0,0.0,0.0,0.0,0.0,0.0,0.0,0.29730921540207356,0.29730922839392376,-0.005839689453883546,-0.005839688121132126
335.0,24.0,0.0,0.0,0.0,0.0,0.0,0.0,0.0,0.0,0.0,0.0,0.0,0.0,0.29668824374576985,0.2966882565225889,-0.0059038070575250165,-0.005903805729667948
336.0,0.5,0.0,0.0,0.0,0.0,0.0,0.0,0.0,0.0,0.0,0.0,0.0,0.0,0.29608382955231777,0.2960838421109447,-0.005967022160214316,-0.005967020838365187
336.0,1.0,0.0,0.0,0.0,0.0,0.0,0.0,0.0,0.0,0.0,0.0,0.0,0.0,0.2954952400272793,0.29549525236631785,-0.006029358749520828,-0.006029357434602653
336.0,1.5,0.0,0.0,0.0,0.0,0.0,0.0,0.0,0.0,0.0,0.0,0.0,0.0,0.2949217787725592,0.29492179089202125,-0.006090840782605787,-0.0060908394753802705
336.0,2.0,0.0,0.0,0.0,0.0,0.0,0.0,0.0,0.0,0.0,0.0,0.0,0.0,0.2943627850317903,0.29436279693280637,-0.006151491991801561,-0.0061514906928936165
336.0,2.5,0.0,0.0,0.0,0.0,0.0,0.0,0.0,0.0,0.0,0.0,0.0,0.0,0.29381763258455684,0.29381764426913987,-0.006211335739155516,-0.006211334449074033
336.0,3.0,0.0,0.0,0.0,0.0,0.0,0.0,0.0,0.0,0.0,0.0,0.0,0.0,0.2932857284114673,0.293285739882321,-0.006270394909455308,-0.006270393628610602
336.0,3.5,0.0,0.0,0.0,0.0,0.0,0.0,0.0,0.0,0.0,0.0,0.0,0.0,0.2927665112202382,0.2927665224806008,-0.006328691833440305,-0.006328690562158876
336.0,4.0,0.0,0.0,0.0,0.0,0.0,0.0,0.0,0.0,0.0,0.0,0.0,0.0,0.2922594498988582,0.2922594609523751,-0.006386248234637731,-0.006386246973174812
336.0,4.5,0.0,0.0,0.0,0.0,0.0,0.0,0.0,0.0,0.0,0.0,0.0,0.0,0.2917640419437357,0.29176405279435597,-0.006443085194633165,-0.006443083943183321
336.0,5.0,0.0,0.0,0.0,0.0,0.0,0.0,0.0,0.0,0.0,0.0,0.0,0.0,0.2912798118970699,0.29127982254896234,-0.006499223132669515,-0.0064992218913756455
336.0,5.5,0.0,0.0,0.0,0.0,0.0,0.0,0.0,0.0,0.0,0.0,0.0,0.0,0.2908063098174403,0.290806320274925,-0.006554681796326313,-0.006554680565287341
336.0,6.0,0.0,0.0,0.0,0.0,0.0,0.0,0.0,0.0,0.0,0.0,0.0,0.0,0.2903431097999557,0.2903431200674486,-0.006609480260709975,-0.006609479039987401
336.0,6.5,0.0,0.0,0.0,0.0,0.0,0.0,0.0,0.0,0.0,0.0,0.0,0.0,0.2898898085566151,0.28988981863858354,-0.006663636934123416,-0.006663635723746889
336.0,7.0,0.0,0.0,0.0,0.0,0.0,0.0,0.0,0.0,0.0,0.0,0.0,0.0,0.28944602406332953,0.28944603396425583,-0.006717169568608973,-0.006717168368581108
336.0,7.5,0.0,0.0,0.0,0.0,0.0,0.0,0.0,0.0,0.0,0.0,0.0,0.0,0.2890113942769686,0.2890114040013213,-0.00677009527409713,-0.006770094084397581
336.0,8.0,0.0,0.0,0.0,0.0,0.0,0.0,0.0,0.0,0.0,0.0,0.0,0.0,0.2885855759235636,0.2885855854757745,-0.006822430535161319,-0.0068224293557502804
336.0,8.5,0.0,0.0,0.0,0.0,0.0,0.0,0.0,0.0,0.0,0.0,0.0,0.0,0.288168243357197,0.2881682527416429,-0.006874191229592626,-0.006874190060413886
336.0,9.0,0.0,0.0,0.0,0.0,0.0,0.0,0.0,0.0,0.0,0.0,0.0,0.0,0.28775908748799056,0.2877590967089791,-0.006925392648177602,-0.0069253914891611035
336.0,9.5,0.0,0.0,0.0,0.0,0.0,0.0,0.0,0.0,0.0,0.0,0.0,0.0,0.28735781477684064,0.28735782383859887,-0.0069760495151972935,-0.006976048366261402
336.0,10.0,0.0,0.0,0.0,0.0,0.0,0.0,0.0,0.0,0.0,0.0,0.24464578246001067,0.24464578246001067,0.2869641462940552,0.2869641552007219,-0.007026176009272813,-0.007026174870326191
336.0,10.5,0.0,0.0,0.0,0.0,0.0,0.0,0.0,0.0,0.0,0.0,0.44946246012100266,0.44946246012100266,0.2865466409448228,0.2865466497004418,-0.007079807347109255,-0.007079806217287952
336.0,11.0,0.0,0.0,0.0,0.0,0.0,0.0,0.0,0.0,0.0,0.0,0.5172496159162909,0.5172496159162909,0.2861101219677536,0.28611013057626977,-0.0071364035386919,-0.0071364024172642405
336.0,11.5,0.0,0.0,0.0,0.0,0.0,0.0,0.0,0.0,0.0,0.0,0.3203521304246543,0.3203521304246543,0.2856718112581494,0.28567181972340566,-0.007193775256493851,-0.007193774143157539
336.0,12.0,0.0,0.0,0.0,0.0,0.0,0.0,0.0,0.0,0.0,0.0,0.5453859867912342,0.5453859867912342,0.28526520960587715,0.28526521793161264,-0.007247488456956634,-0.007247487352221621
336.0,12.5,0.0,0.0,0.0,0.0,0.0,0.0,0.0,0.0,0.0,0.0,1.0783946934376092,1.0783946934376092,0.2848363312277474,0.28483633941759723,-0.007304663147295394,-0.007304662050368874
336.0,13.0,0.0,0.0,0.0,0.0,0.0,0.0,0.0,0.0,0.0,0.0,1.7336279031203008,1.7336279031203008,0.28434572235192296,0.2843457304094183,-0.0073707276053267224,-0.0073707265144880825
336.0,13.5,0.0,0.0,0.0,0.0,0.0,0.0,0.0,0.0,0.0,0.0,1.800343067870794,1.800343067870794,0.2837776095216907,0.28377761745025903,-0.00744812020450301,-0.007448119117676772
336.0,14.0,0.0,0.0,0.0,0.0,0.0,0.0,0.0,0.0,0.0,0.0,1.2061148287186605,1.2061148287186605,0.2832068002802793,0.2832068080832466,-0.00752685723395125,-0.007526856150856186
336.0,14.5,0.0,0.0,0.0,0.0,0.0,0.0,0.0,0.0,0.0,0.0,1.010200781052784,1.010200781052784,0.28271734016115346,0.2827173478417455,-0.0075951638722878845,-0.0075951627946417135
336.0,15.0,0.0,0.0,0.0,0.0,0.0,0.0,0.0,0.0,0.0,0.0,0.3474755403551906,0.3474755403551906,0.2822582987517782,0.28225830631312265,-0.007659897570470281,-0.007659896498773182
336.0,15.5,0.0,0.0,0.0,0.0,0.0,0.0,0.0,0.0,0.0,0.0,0.0,0.0,0.2818889987563917,0.28188900620152035,-0.007712453567874855,-0.0077124525040174145
336.0,16.0,0.0,0.0,0.0,0.0,0.0,0.0,0.0,0.0,0.0,0.0,0.0,0.0,0.2815691100154212,0.28156911734727286,-0.007758325295833485,-0.007758324240733934
336.0,16.5,0.0,0.0,0.0,0.0,0.0,0.0,0.0,0.0,0.0,0.0,0.0,0.0,0.2812542026507633,0.2812542098721861,-0.007803800567097744,-0.007803799520627926
336.0,17.0,0.0,0.0,0.0,0.0,0.0,0.0,0.0,0.0,0.0,0.0,0.0,0.0,0.2809441330521178,0.2809441401658717,-0.007848887868398895,-0.007848886830431317
336.0,17.5,0.0,0.0,0.0,0.0,0.0,0.0,0.0,0.0,0.0,0.0,0.0,0.0,0.2832694656212698,0.28326947261685287,-0.007518164922080448,-0.007518163952390721
336.0,18.0,0.0,0.0,0.0,0.0,0.0,0.0,0.0,0.0,0.0,0.0,0.0,0.0,0.28292909405621447,0.2829291009374078,-0.007565522281702844,-0.007565521320706226
336.0,18.5,0.0,0.0,0.0,0.0,0.0,0.0,0.0,0.0,0.0,0.0,0.0,0.0,0.28259503580021106,0.2825950425705796,-0.007612347238271655,-0.0076123462857756435
336.0,19.0,0.0,0.0,0.0,0.0,0.0,0.0,0.0,0.0,0.0,0.0,0.0,0.0,0.282267024109825,0.2822670307727381,-0.007658661012284661,-0.007658660068107158
336.0,19.5,0.0,0.0,0.0,0.0,0.0,0.0,0.0,0.0,0.0,0.0,0.0,0.0,0.2819448118487426,0.28194481840739216,-0.007704483172783756,-0.007704482236751912
336.0,20.0,0.0,0.0,0.0,0.0,0.0,0.0,0.0,0.0,0.0,0.0,0.0,0.0,0.2816281694252607,0.2816281758826767,-0.007749831818516128,-0.007749830890465335
336.0,20.5,0.0,0.0,0.0,0.0,0.0,0.0,0.0,0.0,0.0,0.0,0.0,0.0,0.28131688300192065,0.2813168893609849,-0.0077947237349009005,-0.007794722814673966
336.0,21.0,0.0,0.0,0.0,0.0,0.0,0.0,0.0,0.0,0.0,0.0,0.0,0.0,0.28101075293527666,0.2810107591987349,-0.007839174530520458,-0.007839173617966868
336.0,21.5,0.0,0.0,0.0,0.0,0.0,0.0,0.0,0.0,0.0,0.0,0.0,0.0,0.28070959241111676,0.28070959858158917,-0.007883198756213263,-0.007883197851188553
336.0,22.0,0.0,0.0,0.0,0.0,0.0,0.0,0.0,0.0,0.0,0.0,0.0,0.0,0.28041322624636533,0.28041323232635584,-0.007926810009325703,-0.00792680911169096
336.0,22.5,0.0,0.0,0.0,0.0,0.0,0.0,0.0,0.0,0.0,0.0,0.0,0.0,0.2801214898336887,0.2801214958255934,-0.00797002102525842,-0.007970020134879768
336.0,23.0,0.0,0.0,0.0,0.0,0.0,0.0,0.0,0.0,0.0,0.0,0.0,0.0,0.2798342282087348,0.27983423411484937,-0.008012843758096999,-0.008012842874845261
336.0,23.5,0.0,0.0,0.0,0.0,0.0,0.0,0.0,0.0,0.0,0.0,0.0,0.0,0.27955129522313804,0.27955130104566445,-0.008055289451834311,-0.008055288575584558
336.0,24.0,0.0,0.0,0.0,0.0,0.0,0.0,0.0,0.0,0.0,0.0,0.0,0.0,0.2792725528090552,0.27927255855010763,-0.008097368703457078,-0.008097367834088438
337.0,0.5,0.0,0.0,0.0,0.0,0.0,0.0,0.0,0.0,0.0,0.0,0.0,0.0,0.27899787032317697,0.2789978759847875,-0.008139091518976682,-0.00813909065637196
337.0,1.0,0.0,0.0,0.0,0.0,0.0,0.0,0.0,0.0,0.0,0.0,0.0,0.0,0.2787271239599667,0.2787271295440896,-0.008180467363322112,-0.008180466507367666
337.0,1.5,0.0,0.0,0.0,0.0,0.0,0.0,0.0,0.0,0.0,0.0,0.0,0.0,0.27846019622538226,0.2784602017338995,-0.00822150520487969,-0.008221504355465089
337.0,2.0,0.0,0.0,0.0,0.0,0.0,0.0,0.0,0.0,0.0,0.0,0.0,0.0,0.27819697546360356,0.278196980898328,-0.008262213555350085,-0.008262212712368006
337.0,2.5,0.0,0.0,0.0,0.0,0.0,0.0,0.0,0.0,0.0,0.0,0.0,0.0,0.2779373554303366,0.2779373607930161,-0.008302600505499892,-0.008302599668845941
337.0,3.0,0.0,0.0,0.0,0.0,0.0,0.0,0.0,0.0,0.0,0.0,0.0,0.0,0.2776812349071673,0.27768124019948814,-0.008342673757303624,-0.008342672926876175
337.0,3.5,0.0,0.0,0.0,0.0,0.0,0.0,0.0,0.0,0.0,0.0,0.0,0.0,0.2774285173521823,0.2774285225757725,-0.008382440652905469,-0.0083824398286055
337.0,4.0,0.0,0.0,0.0,0.0,0.0,0.0,0.0,0.0,0.0,0.0,0.0,0.0,0.2771791105827204,0.2771791157391522,-0.008421908200771808,-0.008421907382502829
337.0,4.5,0.0,0.0,0.0,0.0,0.0,0.0,0.0,0.0,0.0,0.0,0.0,0.0,0.27693292648665757,0.27693293157745075,-0.008461083099356873,-0.008461082287024762
337.0,5.0,0.0,0.0,0.0,0.0,0.0,0.0,0.0,0.0,0.0,0.0,0.0,0.0,0.27668988075909495,0.27668988578571896,-0.008499971758562222,-0.008499970952075147
337.0,5.5,0.0,0.0,0.0,0.0,0.0,0.0,0.0,0.0,0.0,0.0,0.0,0.0,0.2764498926617148,0.2764498976255912,-0.00853858031923456,-0.008538579518502898
337.0,6.0,0.0,0.0,0.0,0.0,0.0,0.0,0.0,0.0,0.0,0.0,0.0,0.0,0.27621288480241146,0.27621288970491603,-0.008576914670915913,-0.008576913875852136
337.0,6.5,0.0,0.0,0.0,0.0,0.0,0.0,0.0,0.0,0.0,0.0,0.0,0.0,0.27597878293309547,0.27597878777556056,-0.008614980468033663,-0.008614979678552254
337.0,7.0,0.0,0.0,0.0,0.0,0.0,0.0,0.0,0.0,0.0,0.0,0.0,0.0,0.27574751576382567,0.2757475205475418,-0.008652783144694873,-0.008652782360712288
337.0,7.5,0.0,0.0,0.0,0.0,0.0,0.0,0.0,0.0,0.0,0.0,0.0,0.0,0.27551901479163743,0.2755190195178552,-0.008690327928230055,-0.008690327149664624
337.0,8.0,0.0,0.0,0.0,0.0,0.0,0.0,0.0,0.0,0.0,0.0,0.0,0.0,0.27529321414263,0.2752932188125619,-0.00872761985161376,-0.008727619078385599
337.0,8.5,0.0,0.0,0.0,0.0,0.0,0.0,0.0,0.0,0.0,0.0,0.0,0.0,0.2750700504260381,0.27507005504085974,-0.008764663764875003,-0.00876466299690602
337.0,9.0,0.0,0.0,0.0,0.0,0.0,0.0,0.0,0.0,0.0,0.0,0.0,0.0,0.2748494625991551,0.27484946716000724,-0.008801464345597447,-0.008801463582811227
337.0,9.5,0.0,0.0,0.0,0.0,0.0,0.0,0.0,0.0,0.0,0.0,0.037164711211905184,0.037164711211905184,0.27463139184210505,0.27463139635009454,-0.008838026108597683,-0.008838025350919468
337.0,10.0,0.0,0.0,0.0,0.0,0.0,0.0,0.0,0.0,0.0,0.0,0.40155559760649767,0.40155559760649767,0.274411045438831,0.2744110498950323,-0.008875153359123304,-0.008875152606399098
337.0,10.5,0.0,0.0,0.0,0.0,0.0,0.0,0.0,0.0,0.0,0.0,0.2414691460678805,0.2414691460678805,0.2741466693309009,0.27414667373635754,-0.008919944921474705,-0.008919944172845218
337.0,11.0,0.0,0.0,0.0,0.0,0.0,0.0,0.0,0.0,0.0,0.0,0.21190227995510993,0.21190227995510993,0.27390504631012835,0.2739050506658537,-0.008961117320179677,-0.008961116575928688
337.0,11.5,0.0,0.0,0.0,0.0,0.0,0.0,0.0,0.0,0.0,0.0,0.3013190924106029,0.3013190924106029,0.273669492889058,0.27366949719603695,-0.009001473613673313,-0.009001472873800995
337.0,12.0,0.0,0.0,0.0,0.0,0.0,0.0,0.0,0.0,0.0,0.0,0.31088255499028444,0.31088255499028444,0.27342479735376213,0.2734248016129517,-0.009043625712640417,-0.009043624976893495
337.0,12.5,0.0,0.0,0.0,0.0,0.0,0.0,0.0,0.0,0.0,0.0,0.1877911541950919,0.1877911541950919,0.27318108798741536,0.2731810921997459,-0.00908584190285986,-0.009085841171158618
337.0,13.0,0.0,0.0,0.0,0.0,0.0,0.0,0.0,0.0,0.0,0.0,0.15717473122381162,0.15717473122381162,0.2729552232817324,0.27295522744810863,-0.009125176774271125,-0.009125176046817734
337.0,13.5,0.0,0.0,0.0,0.0,0.0,0.0,0.0,0.0,0.0,0.0,0.10328585780255232,0.10328585780255232,0.2727353742992355,0.27273537842053747,-0.009163659006693095,-0.00916365828349264
337.0,14.0,0.0,0.0,0.0,0.0,0.0,0.0,0.0,0.0,0.0,0.0,0.0,0.0,0.2725244635472936,0.2725244676243774,-0.009200758555345035,-0.009200757836451492
337.0,14.5,0.0,0.0,0.0,0.0,0.0,0.0,0.0,0.0,0.0,0.0,0.0,0.0,0.2723287440191607,0.2723287480528595,-0.009235346133148624,-0.00923534541871816
337.0,15.0,0.0,0.0,0.0,0.0,0.0,0.0,0.0,0.0,0.0,0.0,0.0,0.0,0.2721350132113997,0.27213501720252453,-0.00926973493542776,-0.009269734225400521
337.0,15.5,0.0,0.0,0.0,0.0,0.0,0.0,0.0,0.0,0.0,0.0,0.0,0.0,0.271943231871575,0.27194323582091545,-0.009303928068978094,-0.009303927363295394
337.0,16.0,0.0,0.0,0.0,0.0,0.0,0.0,0.0,0.0,0.0,0.0,0.0,0.0,0.2717533619389524,0.27175336584727733,-0.009337928553803165,-0.009337927852407476
337.0,16.5,0.0,0.0,0.0,0.0,0.0,0.0,0.0,0.0,0.0,0.0,0.0,0.0,0.2715653664931575,0.2715653703612159,-0.009371739326970897,-0.009371738629805783
337.0,17.0,0.0,0.0,0.0,0.0,0.0,0.0,0.0,0.0,0.0,0.0,0.0,0.0,0.27137920970581386,0.2713792135343354,-0.009405363246226787,-0.009405362553236889
337.0,17.5,0.0,0.0,0.0,0.0,0.0,0.0,0.0,0.0,0.0,0.0,0.0,0.0,0.271194856794943,0.2711948605846387,-0.009438803093382865,-0.00943880240451389
337.0,18.0,0.0,0.0,0.0,0.0,0.0,0.0,0.0,0.0,0.0,0.0,0.0,0.0,0.2710122739819225,0.2710122777334854,-0.00947206157750068,-0.00947206089269935
337.0,18.5,0.0,0.0,0.0,0.0,0.0,0.0,0.0,0.0,0.0,0.0,0.0,0.0,0.2708314284508221,0.2708314321649277,-0.009505141337883601,-0.009505140657097661
337.0,19.0,0.0,0.0,0.0,0.0,0.0,0.0,0.0,0.0,0.0,0.0,0.0,0.0,0.2706522883099473,0.2706522919872545,-0.009538044946893661,-0.009538044270071796
337.0,19.5,0.0,0.0,0.0,0.0,0.0,0.0,0.0,0.0,0.0,0.0,0.0,0.0,0.27047482255544014,0.2704748261965912,-0.009570774912605674,-0.009570774239697571
337.0,20.0,0.0,0.0,0.0,0.0,0.0,0.0,0.0,0.0,0.0,0.0,0.0,0.0,0.2702990010367945,0.2702990046424161,-0.009603333681311029,-0.009603333012267257
337.0,20.5,0.0,0.0,0.0,0.0,0.0,0.0,0.0,0.0,0.0,0.0,0.0,0.0,0.2701247944241587,0.2701247979948622,-0.009635723639881981,-0.00963572297465403
337.0,21.0,0.0,0.0,0.0,0.0,0.0,0.0,0.0,0.0,0.0,0.0,0.0,0.0,0.26995217417730705,0.26995217771368896,-0.009667947118006514,-0.009667946456546794
337.0,21.5,0.0,0.0,0.0,0.0,0.0,0.0,0.0,0.0,0.0,0.0,0.0,0.0,0.2697811125161706,0.2697811160188131,-0.009700006390303103,-0.009700005732564843
337.0,22.0,0.0,0.0,0.0,0.0,0.0,0.0,0.0,0.0,0.0,0.0,0.0,0.0,0.26961158239282856,0.26961158586229983,-0.009731903678323503,-0.00973190302426084
337.0,22.5,0.0,0.0,0.0,0.0,0.0,0.0,0.0,0.0,0.0,0.0,0.0,0.0,0.2694435574648668,0.2694435609017217,-0.009763641152451628,-0.00976364050201945
337.0,23.0,0.0,0.0,0.0,0.0,0.0,0.0,0.0,0.0,0.0,0.0,0.0,0.0,0.2692770120700197,0.2692770154747998,-0.009795220933705082,-0.00979522028685918
337.0,23.5,0.0,0.0,0.0,0.0,0.0,0.0,0.0,0.0,0.0,0.0,0.0,0.0,0.269111921202014,0.26911192457524846,-0.00982664509544666,-0.009826644452143514
337.0,24.0,0.0,0.0,0.0,0.0,0.0,0.0,0.0,0.0,0.0,0.0,0.0,0.0,0.26894826048754616,0.2689482638297516,-0.00985791566501061,-0.00985791502520755
338.0,0.5,0.0,0.0,0.0,0.0,0.0,0.0,0.0,0.0,0.0,0.0,0.0,0.0,0.2687860061643214,0.2687860094760026,-0.009889034625250346,-0.009889033988905433
338.0,1.0,0.0,0.0,0.0,0.0,0.0,0.0,0.0,0.0,0.0,0.0,0.0,0.0,0.2686251350600945,0.26862513834174473,-0.0099200039160119,-0.009920003283083916
338.0,1.5,0.0,0.0,0.0,0.0,0.0,0.0,0.0,0.0,0.0,0.0,0.0,0.0,0.2684656245726539,0.26846562782475514,-0.009950825435537951,-0.009950824805986412
338.0,2.0,0.0,0.0,0.0,0.0,0.0,0.0,0.0,0.0,0.0,0.0,0.0,0.0,0.2683074526506949,0.26830745587371824,-0.00998150104180694,-0.009981500415592063
338.0,2.5,0.0,0.0,0.0,0.0,0.0,0.0,0.0,0.0,0.0,0.0,0.0,0.0,0.2681505977755318,0.2681506009699377,-0.010012032553810992,-0.010012031930893695
338.0,3.0,0.0,0.0,0.0,0.0,0.0,0.0,0.0,0.0,0.0,0.0,0.0,0.0,0.2679950389436027,0.2679950421098414,-0.01004242175277653,-0.010042421133118382
338.0,3.5,0.0,0.0,0.0,0.0,0.0,0.0,0.0,0.0,0.0,0.0,0.0,0.0,0.26784075564972326,0.2678407587882349,-0.010072670383330791,-0.010072669766894048
338.0,4.0,0.0,0.0,0.0,0.0,0.0,0.0,0.0,0.0,0.0,0.0,0.0,0.0,0.26768772787104855,0.2676877309822636,-0.01010278015461767,-0.010102779541365228
338.0,4.5,0.0,0.0,0.0,0.0,0.0,0.0,0.0,0.0,0.0,0.0,0.0,0.0,0.26753593605170584,0.2675359391360454,-0.010132752741365542,-0.01013275213126092
338.0,5.0,0.0,0.0,0.0,0.0,0.0,0.0,0.0,0.0,0.0,0.0,0.0,0.0,0.26738536108806216,0.2673853641459381,-0.010162589784910019,-0.010162589177917361
338.0,5.5,0.0,0.0,0.0,0.0,0.0,0.0,0.0,0.0,0.0,0.0,0.0,0.0,0.2672359843145944,0.2672359873464097,-0.010192292894173966,-0.010192292290257995
338.0,6.0,0.0,0.0,0.0,0.0,0.0,0.0,0.0,0.0,0.0,0.0,0.0,0.0,0.2670877874903299,0.2670877904964788,-0.010221863646607304,-0.010221863045733384
338.0,6.5,0.0,0.0,0.0,0.0,0.0,0.0,0.0,0.0,0.0,0.0,0.0,0.0,0.2669407527858292,0.2669407557666975,-0.01025130358908885,-0.010251302991222903
338.0,7.0,0.0,0.0,0.0,0.0,0.0,0.0,0.0,0.0,0.0,0.0,0.0,0.0,0.26679486277068376,0.26679486572664934,-0.010280614238791902,-0.010280613643900375
338.0,7.5,0.0,0.0,0.0,0.0,0.0,0.0,0.0,0.0,0.0,0.0,0.0,0.0,0.2666501004015031,0.2666501033329355,-0.010309797084015832,-0.010309796492065782
338.0,8.0,0.0,0.0,0.0,0.0,0.0,0.0,0.0,0.0,0.0,0.0,0.0,0.0,0.2665064490103662,0.2665064519176273,-0.010338853584985395,-0.010338852995944415
338.0,8.5,0.0,0.0,0.0,0.0,0.0,0.0,0.0,0.0,0.0,0.0,0.0,0.0,0.26636389229371676,0.26636389517716097,-0.010367785174619202,-0.01036778458845539
338.0,9.0,0.0,0.0,0.0,0.0,0.0,0.0,0.0,0.0,0.0,0.0,0.0,0.0,0.266222414301679,0.26622241716165324,-0.01039659325926932,-0.010396592675951328
338.0,9.5,0.0,0.0,0.0,0.0,0.0,0.0,0.0,0.0,0.0,0.0,0.0,0.0,0.26608199942777516,0.26608200226461953,-0.01042527921943298,-0.010425278638929907
338.0,10.0,0.0,0.0,0.0,0.0,0.0,0.0,0.0,0.0,0.0,0.0,0.0,0.0,0.2659426323990264,0.2659426352130736,-0.010453844410438114,-0.010453843832719628
338.0,10.5,0.0,0.0,0.0,0.0,0.0,0.0,0.0,0.0,0.0,0.0,0.0,0.0,0.26580429826641677,0.26580430105799296,-0.010482290163103957,-0.0104822895881402
338.0,11.0,0.0,0.0,0.0,0.0,0.0,0.0,0.0,0.0,0.0,0.0,0.0,0.0,0.2656669823957071,0.26566698516513176,-0.010510617784377823,-0.010510617212139382
338.0,11.5,0.0,0.0,0.0,0.0,0.0,0.0,0.0,0.0,0.0,0.0,0.0,0.0,0.26553067045858025,0.2655306732061664,-0.0105388285579491,-0.010538827988407072
338.0,12.0,0.0,0.0,0.0,0.0,0.0,0.0,0.0,0.0,0.0,0.0,0.0,0.0,0.26539534842410395,0.26539535115015844,-0.01056692374484185,-0.010566923177967756
338.0,12.5,0.0,0.0,0.0,0.0,0.0,0.0,0.0,0.0,0.0,0.0,0.0,0.0,0.26526100255049695,0.2652610052553204,-0.010594904583986667,-0.010594904019752495
338.0,13.0,0.0,0.0,0.0,0.0,0.0,0.0,0.0,0.0,0.0,0.0,0.0,0.0,0.2651276193771848,0.26512762206107204,-0.01062277229277299,-0.01062277173115117
338.0,13.5,0.0,0.0,0.0,0.0,0.0,0.0,0.0,0.0,0.0,0.0,0.0,0.0,0.26499518571713354,0.2649951883803734,-0.010650528067582548,-0.010650527508545938
338.0,14.0,0.0,0.0,0.0,0.0,0.0,0.0,0.0,0.0,0.0,0.0,0.0,0.0,0.26486368864944776,0.2648636912923234,-0.010678173084304991,-0.0106781725278269
338.0,14.5,0.0,0.0,0.0,0.0,0.0,0.0,0.0,0.0,0.0,0.0,0.0,0.0,0.26473311551222317,0.2647331181350124,-0.01070570849883637,-0.010705707944890477
338.0,15.0,0.0,0.0,0.0,0.0,0.0,0.0,0.0,0.0,0.0,0.0,0.0,0.0,0.26460345389564255,0.2646034564986177,-0.01073313544756112,-0.01073313489612153
338.0,15.5,0.0,0.0,0.0,0.0,0.0,0.0,0.0,0.0,0.0,0.0,0.0,0.0,0.2644746916353041,0.2644746942187324,-0.010760455047818529,-0.010760454498859751
338.0,16.0,0.0,0.0,0.0,0.0,0.0,0.0,0.0,0.0,0.0,0.0,0.0,0.0,0.26434681680577365,0.2643468193699169,-0.010787668398354065,-0.010787667851851009
338.0,16.5,0.0,0.0,0.0,0.0,0.0,0.0,0.0,0.0,0.0,0.0,0.0,0.0,0.2642198177143501,0.26421982025946544,-0.01081477657975647,-0.010814776035684384
338.0,17.0,0.0,0.0,0.0,0.0,0.0,0.0,0.0,0.0,0.0,0.0,0.0,0.0,0.26409368289503754,0.2640936854213771,-0.010841780654880858,-0.010841780113215401
338.0,17.5,0.0,0.0,0.0,0.0,0.0,0.0,0.0,0.0,0.0,0.0,0.0,0.0,0.2639684011027133,0.26396840361052454,-0.010868681669258798,-0.010868681129975976
338.0,18.0,0.0,0.0,0.0,0.0,0.0,0.0,0.0,0.0,0.0,0.0,0.0,0.0,0.26384396130748555,0.263843963797011,-0.010895480651495613,-0.010895480114571855
338.0,18.5,0.0,0.0,0.0,0.0,0.0,0.0,0.0,0.0,0.0,0.0,0.0,0.0,0.2637203526892321,0.2637203551607103,-0.010922178613655641,-0.010922178079067625
338.0,19.0,0.0,0.0,0.0,0.0,0.0,0.0,0.0,0.0,0.0,0.0,0.0,0.0,0.26359756463231504,0.26359756708597964,-0.010948776551635517,-0.010948776019360345
338.0,19.5,0.0,0.0,0.0,0.0,0.0,0.0,0.0,0.0,0.0,0.0,0.0,0.0,0.26347558672046084,0.26347558915654135,-0.010975275445526612,-0.010975274915541712
338.0,20.0,0.0,0.0,0.0,0.0,0.0,0.0,0.0,0.0,0.0,0.0,0.0,0.0,0.2633544087318035,0.2633544111505251,-0.011001676259966422,-0.01100167573224956
338.0,20.5,0.0,0.0,0.0,0.0,0.0,0.0,0.0,0.0,0.0,0.0,0.0,0.0,0.26323402063408124,0.2632340230356653,-0.011027979944479698,-0.011027979419008939
338.0,21.0,0.0,0.0,0.0,0.0,0.0,0.0,0.0,0.0,0.0,0.0,0.0,0.0,0.2631144125799836,0.26311441496464716,-0.011054187433809521,-0.011054186910563271
338.0,21.5,0.0,0.0,0.0,0.0,0.0,0.0,0.0,0.0,0.0,0.0,0.0,0.0,0.2629955749026404,0.26299557727059686,-0.011080299648238843,-0.011080299127195823
338.0,22.0,0.0,0.0,0.0,0.0,0.0,0.0,0.0,0.0,0.0,0.0,0.0,0.0,0.26287749811124994,0.2628775004627086,-0.01110631749390281,-0.011106316975042052
338.0,22.5,0.0,0.0,0.0,0.0,0.0,0.0,0.0,0.0,0.0,0.0,0.0,0.0,0.2627601728868391,0.2627601752220056,-0.011132241863092083,-0.011132241346392912
338.0,23.0,0.0,0.0,0.0,0.0,0.0,0.0,0.0,0.0,0.0,0.0,0.0,0.0,0.2626435900781523,0.2626435923972288,-0.011158073634547645,-0.01115807311998969
338.0,23.5,0.0,0.0,0.0,0.0,0.0,0.0,0.0,0.0,0.0,0.0,0.0,0.0,0.26252774069766266,0.2625277430008475,-0.011183813673747418,-0.011183813161310589
338.0,24.0,0.0,0.0,0.0,0.0,0.0,0.0,0.0,0.0,0.0,0.0,0.0,0.0,0.26241261591770276,0.2624126182051911,-0.011209462833184759,-0.011209462322849244
339.0,0.5,0.0,0.0,0.0,0.0,0.0,0.0,0.0,0.0,0.0,0.0,0.0,0.0,0.2622982070667096,0.2622982093386928,-0.011235021952639356,-0.011235021444385674
339.0,1.0,0.0,0.0,0.0,0.0,0.0,0.0,0.0,0.0,0.0,0.0,0.0,0.0,0.2621845056255793,0.2621845078822458,-0.011260491859440823,-0.011260491353249693
339.0,1.5,0.0,0.0,0.0,0.0,0.0,0.0,0.0,0.0,0.0,0.0,0.0,0.0,0.2620715032241296,0.26207150546566405,-0.01128587336872485,-0.011285872864577357
339.0,2.0,0.0,0.0,0.0,0.0,0.0,0.0,0.0,0.0,0.0,0.0,0.0,0.0,0.261959191637663,0.26195919386424743,-0.011311167283682796,-0.011311166781560196
339.0,2.5,0.0,0.0,0.0,0.0,0.0,0.0,0.0,0.0,0.0,0.0,0.0,0.0,0.2618475627836312,0.26184756499544415,-0.011336374395804297,-0.01133637389568817
339.0,3.0,0.0,0.0,0.0,0.0,0.0,0.0,0.0,0.0,0.0,0.0,0.0,0.0,0.2617366087183929,0.26173661091560996,-0.01136149548511374,-0.0113614949869859
339.0,3.5,0.0,0.0,0.0,0.0,0.0,0.0,0.0,0.0,0.0,0.0,0.0,0.0,0.26162632163406563,0.2616263238168595,-0.011386531320400179,-0.011386530824242678
339.0,4.0,0.0,0.0,0.0,0.0,0.0,0.0,0.0,0.0,0.0,0.0,0.0,0.0,0.2615166938554657,0.26151669602400607,-0.011411482659441516,-0.011411482165236684
339.0,4.5,0.0,0.0,0.0,0.0,0.0,0.0,0.0,0.0,0.0,0.0,0.0,0.0,0.2614077178371344,0.2614077199915881,-0.011436350249222717,-0.011436349756953117
339.0,5.0,0.0,0.0,0.0,0.0,0.0,0.0,0.0,0.0,0.0,0.0,0.0,0.0,0.26129938616044707,0.26129938830097826,-0.011461134826148472,-0.011461134335796853
339.0,5.5,0.0,0.0,0.0,0.0,0.0,0.0,0.0,0.0,0.0,0.0,0.0,0.0,0.2611916915308035,0.2611916936575734,-0.011485837116250255,-0.011485836627799692
339.0,6.0,0.0,0.0,0.0,0.0,0.0,0.0,0.0,0.0,0.0,0.0,0.0,0.0,0.2610846267748942,0.26108462888806144,-0.011510457835388423,-0.01151045734882217
339.0,6.5,0.0,0.0,0.0,0.0,0.0,0.0,0.0,0.0,0.0,0.0,0.0,0.0,0.26097818483804314,0.2609781869377639,-0.011534997689448894,-0.01153499720475041
339.0,7.0,0.0,0.0,0.0,0.0,0.0,0.0,0.0,0.0,0.0,0.0,0.0,0.0,0.2608723587816226,0.2608723608680504,-0.011559457374535094,-0.011559456891688075
339.0,7.5,0.0,0.0,0.0,0.0,0.0,0.0,0.0,0.0,0.0,0.0,0.0,0.0,0.2607671417805381,0.2607671438538238,-0.011583837577154964,-0.011583837096143343
339.0,8.0,0.0,0.0,0.0,0.0,0.0,0.0,0.0,0.0,0.0,0.0,0.0,0.0,0.260662527120781,0.26066252918107313,-0.011608138974403524,-0.011608138495211457
339.0,8.5,0.0,0.0,0.0,0.0,0.0,0.0,0.0,0.0,0.0,0.0,0.0,0.0,0.26055850819704673,0.26055851024449167,-0.011632362234140879,-0.011632361756752642
339.0,9.0,0.0,0.0,0.0,0.0,0.0,0.0,0.0,0.0,0.0,0.0,0.0,0.0,0.2604550785104177,0.2604550805451589,-0.011656508015165644,-0.011656507539565876
339.0,9.5,0.0,0.0,0.0,0.0,0.0,0.0,0.0,0.0,0.0,0.0,0.0,0.0,0.2603522316661056,0.2603522336882847,-0.011680576967384658,-0.011680576493558073
339.0,10.0,0.0,0.0,0.0,0.0,0.0,0.0,0.0,0.0,0.0,0.0,0.0,0.0,0.26024996137125506,0.26024996338101136,-0.01170456973197807,-0.011704569259909599
339.0,10.5,0.0,0.0,0.0,0.0,0.0,0.0,0.0,0.0,0.0,0.0,0.04978410259793495,0.04978410259793495,0.26014826143280423,0.26014826343027464,-0.011728486941560786,-0.01172848647123561
339.0,11.0,0.0,0.0,0.0,0.0,0.0,0.0,0.0,0.0,0.0,0.0,0.11587624624960409,0.11587624624960409,0.2600407816284508,0.26004078361377014,-0.011753826743500768,-0.011753826274833077
339.0,11.5,0.0,0.0,0.0,0.0,0.0,0.0,0.0,0.0,0.0,0.0,0.08846763736324277,0.08846763736324277,0.2599254377793983,0.2599254397526994,-0.011781093198303005,-0.0117810927311846
339.0,12.0,0.0,0.0,0.0,0.0,0.0,0.0,0.0,0.0,0.0,0.0,0.09775081921549755,0.09775081921549755,0.25981413904117584,0.25981414100258926,-0.011807474892544662,-0.011807474427001221
339.0,12.5,0.0,0.0,0.0,0.0,0.0,0.0,0.0,0.0,0.0,0.0,0.10510490778381912,0.10510490778381912,0.25970220386246834,0.25970220581212283,-0.011834078469973242,-0.011834078005978257
339.0,13.0,0.0,0.0,0.0,0.0,0.0,0.0,0.0,0.0,0.0,0.0,0.10585469417438385,0.10585469417438385,0.2595898723488698,0.2595898742868918,-0.011860848072933269,-0.01186084761046333
339.0,13.5,0.0,0.0,0.0,0.0,0.0,0.0,0.0,0.0,0.0,0.0,0.13646802545104258,0.13646802545104258,0.25947798046911025,0.2594779823956247,-0.011887584664431284,-0.01188758420347239
339.0,14.0,0.0,0.0,0.0,0.0,0.0,0.0,0.0,0.0,0.0,0.0,0.3386830751053742,0.3386830751053742,0.25936271707903097,0.25936271899416036,-0.011915202001271519,-0.011915201541768039
339.0,14.5,0.0,0.0,0.0,0.0,0.0,0.0,0.0,0.0,0.0,0.0,0.23369128690165586,0.23369128690165586,0.2592222090287925,0.25922221093265785,-0.011948971472692114,-0.011948971014348312
339.0,15.0,0.0,0.0,0.0,0.0,0.0,0.0,0.0,0.0,0.0,0.0,0.004455096433472199,0.004455096433472199,0.25909559916055447,0.25909560105327484,-0.011979498390237632,-0.01197949793318957
339.0,15.5,0.0,0.0,0.0,0.0,0.0,0.0,0.0,0.0,0.0,0.0,0.0,0.0,0.25899871498492866,0.2589987168666211,-0.012002920915025281,-0.012002920459581486
339.0,16.0,0.0,0.0,0.0,0.0,0.0,0.0,0.0,0.0,0.0,0.0,0.0,0.0,0.25890290680086436,0.2589029086716446,-0.012026136988936457,-0.012026136535090146
339.0,16.5,0.0,0.0,0.0,0.0,0.0,0.0,0.0,0.0,0.0,0.0,0.0,0.0,0.25880760174190187,0.2588076036018836,-0.012049284247654914,-0.012049283795393315
339.0,17.0,0.0,0.0,0.0,0.0,0.0,0.0,0.0,0.0,0.0,0.0,0.0,0.0,0.2587127947439808,0.25871279659327606,-0.012072363226480566,-0.012072362775791042
339.0,17.5,0.0,0.0,0.0,0.0,0.0,0.0,0.0,0.0,0.0,0.0,0.0,0.0,0.2586184808185344,0.2586184826572535,-0.01209537445389848,-0.012095374004768582
339.0,18.0,0.0,0.0,0.0,0.0,0.0,0.0,0.0,0.0,0.0,0.0,0.0,0.0,0.2585246550509796,0.2585246568792314,-0.012118318451704147,-0.012118318004121522
339.0,18.5,0.0,0.0,0.0,0.0,0.0,0.0,0.0,0.0,0.0,0.0,0.0,0.0,0.25843131259924534,0.2584313144171368,-0.01214119573512563,-0.012141195289078146
339.0,19.0,0.0,0.0,0.0,0.0,0.0,0.0,0.0,0.0,0.0,0.0,0.0,0.0,0.25833844869233835,0.2583384504999751,-0.012164006812942729,-0.01216400636841834
339.0,19.5,0.0,0.0,0.0,0.0,0.0,0.0,0.0,0.0,0.0,0.0,0.0,0.0,0.2582460586289456,0.2582460604264318,-0.012186752187603045,-0.012186751744589863
339.0,20.0,0.0,0.0,0.0,0.0,0.0,0.0,0.0,0.0,0.0,0.0,0.0,0.0,0.2581541377760715,0.2581541395635096,-0.012209432355335278,-0.012209431913821558
339.0,20.5,0.0,0.0,0.0,0.0,0.0,0.0,0.0,0.0,0.0,0.0,0.0,0.0,0.25806268156770945,0.25806268334520044,-0.012232047806259635,-0.012232047366233779
339.0,21.0,0.0,0.0,0.0,0.0,0.0,0.0,0.0,0.0,0.0,0.0,0.0,0.0,0.25797168550354593,0.2579716872711893,-0.012254599024495732,-0.012254598585946325
339.0,21.5,0.0,0.0,0.0,0.0,0.0,0.0,0.0,0.0,0.0,0.0,0.0,0.0,0.25788114514769667,0.2578811469055907,-0.012277086488267816,-0.01227708605118349
339.0,22.0,0.0,0.0,0.0,0.0,0.0,0.0,0.0,0.0,0.0,0.0,0.0,0.0,0.2577910561274744,0.25779105787571577,-0.012299510670007358,-0.012299510234376938
339.0,22.5,0.0,0.0,0.0,0.0,0.0,0.0,0.0,0.0,0.0,0.0,0.0,0.0,0.2577014141321857,0.2577014158708699,-0.012321872036453348,-0.01232187160226575
339.0,23.0,0.0,0.0,0.0,0.0,0.0,0.0,0.0,0.0,0.0,0.0,0.0,0.0,0.2576122149119576,0.2576122166411786,-0.012344171048750277,-0.012344170615994583
339.0,23.5,0.0,0.0,0.0,0.0,0.0,0.0,0.0,0.0,0.0,0.0,0.0,0.0,0.2575234542765923,0.25752345599644266,-0.01236640816254362,-0.012366407731209048
339.0,24.0,0.0,0.0,0.0,0.0,0.0,0.0,0.0,0.0,0.0,0.0,0.0,0.0,0.25743512809444885,0.25743512980502004,-0.012388583828073367,-0.01238858339814923
340.0,0.5,0.0,0.0,0.0,0.0,0.0,0.0,0.0,0.0,0.0,0.0,0.0,0.0,0.2573472322913523,0.2573472339927345,-0.012410698490265186,-0.01241069806174092
340.0,1.0,0.0,0.0,0.0,0.0,0.0,0.0,0.0,0.0,0.0,0.0,0.0,0.0,0.25725976284952834,0.25725976454181027,-0.012432752588819533,-0.012432752161684728
340.0,1.5,0.0,0.0,0.0,0.0,0.0,0.0,0.0,0.0,0.0,0.0,0.0,0.0,0.25717271580656187,0.2571727174898313,-0.012454746558299031,-0.012454746132543342
340.0,2.0,0.0,0.0,0.0,0.0,0.0,0.0,0.0,0.0,0.0,0.0,0.0,0.0,0.25708608725438203,0.25708608892872536,-0.012476680828213354,-0.0124766804038266
340.0,2.5,0.0,0.0,0.0,0.0,0.0,0.0,0.0,0.0,0.0,0.0,0.0,0.0,0.25699987333826924,0.2569998750037716,-0.012498555823102685,-0.012498555400074806
340.0,3.0,0.0,0.0,0.0,0.0,0.0,0.0,0.0,0.0,0.0,0.0,0.0,0.0,0.2569140702558854,0.256914071912631,-0.012520371962619159,-0.012520371540940153
340.0,3.5,0.0,0.0,0.0,0.0,0.0,0.0,0.0,0.0,0.0,0.0,0.0,0.0,0.25948811253793647,0.25948811418480466,-0.011885160649392879,-0.01188516025544093
340.0,4.0,0.0,0.0,0.0,0.0,0.0,0.0,0.0,0.0,0.0,0.0,0.0,0.0,0.25939045109334835,0.25939045273045885,-0.011908549898558371,-0.011908549506022176
340.0,4.5,0.0,0.0,0.0,0.0,0.0,0.0,0.0,0.0,0.0,0.0,0.0,0.0,0.26460706056660244,0.2646070621912587,-0.010732371407672534,-0.010732371063518742
340.0,5.0,0.0,0.0,0.0,0.0,0.0,0.0,0.0,0.0,0.0,0.0,0.0,0.0,0.2671340673362146,0.26713406894700326,-0.010212618140720026,-0.010212617819099906
340.0,5.5,0.0,0.0,0.0,0.0,0.0,0.0,0.0,0.0,0.0,0.0,0.0,0.0,0.26964197755936353,0.2696419791547872,-0.009726175608684474,-0.009726175308127059
340.0,6.0,0.0,0.0,0.0,0.0,0.0,0.0,0.0,0.0,0.0,0.0,0.0,0.0,0.272128919513691,0.2721289210921802,-0.009270819089197168,-0.009270818808342378
340.0,6.5,0.0,0.0,0.0,0.0,0.0,0.0,0.0,0.0,0.0,0.0,0.0,0.0,0.2719465451691842,0.27194654673125845,-0.009303336059172922,-0.009303335780076893
340.0,7.0,0.0,0.0,0.0,0.0,0.0,0.0,0.0,0.0,0.0,0.0,0.0,0.0,0.27176702939868447,0.27176703094483057,-0.009335476148230734,-0.009335475870843128
340.0,7.5,0.0,0.0,0.0,0.0,0.0,0.0,0.0,0.0,0.0,0.0,0.0,0.0,0.2715902495574241,0.2715902510880983,-0.009367255769895036,-0.009367255494168994
340.0,8.0,0.0,0.0,0.0,0.0,0.0,0.0,0.0,0.0,0.0,0.0,0.0,0.0,0.2714160909234537,0.2714160924390847,-0.009398690302539233,-0.009398690028431016
340.0,8.5,0.0,0.0,0.0,0.0,0.0,0.0,0.0,0.0,0.0,0.0,0.0,0.0,0.271244446038009,0.2712444475390002,-0.009429794173192632,-0.009429793900661376
340.0,9.0,0.0,0.0,0.0,0.0,0.0,0.0,0.0,0.0,0.0,0.0,0.0,0.0,0.2710752141130094,0.2710752155997408,-0.009460580933000517,-0.009460580662007983
340.0,9.5,0.0,0.0,0.0,0.0,0.0,0.0,0.0,0.0,0.0,0.0,0.028388087514329616,0.028388087514329616,0.27090830049763975,0.27090830197047006,-0.009491063325321177,-0.009491063055831526
340.0,10.0,0.0,0.0,0.0,0.0,0.0,0.0,0.0,0.0,0.0,0.0,0.03377544002429438,0.03377544002429438,0.27073999862395687,0.2707400000832251,-0.009521917806167627,-0.009521917538124952
340.0,10.5,0.0,0.0,0.0,0.0,0.0,0.0,0.0,0.0,0.0,0.0,0.4092978787972143,0.4092978787972143,0.2705731557657363,0.2705731572117632,-0.009552622840918186,-0.009552622574286896
340.0,11.0,0.0,0.0,0.0,0.0,0.0,0.0,0.0,0.0,0.0,0.0,0.770065157266159,0.770065157266159,0.27036052562991925,0.27036052706300884,-0.00959192552013317,-0.009591925254591502
340.0,11.5,0.0,0.0,0.0,0.0,0.0,0.0,0.0,0.0,0.0,0.0,0.936654013471516,0.936654013471516,0.27010391402956013,0.2701039154500009,-0.00963961462770075,-0.009639614362942963
340.0,12.0,0.0,0.0,0.0,0.0,0.0,0.0,0.0,0.0,0.0,0.0,1.0588506360902423,1.0588506360902423,0.26982799532834634,0.26982799673641233,-0.009691207332446489,-0.009691207068320768
340.0,12.5,0.0,0.0,0.0,0.0,0.0,0.0,0.0,0.0,0.0,0.0,0.5040050450667499,0.5040050450667499,0.26953836007255594,0.26953836146850796,-0.009745719179112716,-0.00974571891550348
340.0,13.0,0.0,0.0,0.0,0.0,0.0,0.0,0.0,0.0,0.0,0.0,1.1451922447770564,1.1451922447770564,0.26932122275217674,0.2693212241362632,-0.009786826001793958,-0.009786825739111344
340.0,13.5,0.0,0.0,0.0,0.0,0.0,0.0,0.0,0.0,0.0,0.0,1.284602152363592,1.284602152363592,0.26902411004429216,0.26902411141674976,-0.009843408410131975,-0.009843408147861114
340.0,14.0,0.0,0.0,0.0,0.0,0.0,0.0,0.0,0.0,0.0,0.0,1.0264390572715019,1.0264390572715019,0.2687109084337919,0.26871090979484685,-0.00990347732906632,-0.00990347706708225
340.0,14.5,0.0,0.0,0.0,0.0,0.0,0.0,0.0,0.0,0.0,0.0,0.7396723090339499,0.7396723090339499,0.2684322282912629,0.2684322296411313,-0.009957292891339523,-0.009957292629825566
340.0,15.0,0.0,0.0,0.0,0.0,0.0,0.0,0.0,0.0,0.0,0.0,0.38264240798686844,0.38264240798686844,0.2681916639378311,0.2681916652767196,-0.010004028361433721,-0.01000402810059571
340.0,15.5,0.0,0.0,0.0,0.0,0.0,0.0,0.0,0.0,0.0,0.0,0.0,0.0,0.2679981210525824,0.26799812238068926,-0.010041818581045716,-0.010041818321143217
340.0,16.0,0.0,0.0,0.0,0.0,0.0,0.0,0.0,0.0,0.0,0.0,0.0,0.0,0.26785481776879094,0.26785481908630604,-0.010069908886060405,-0.010069908627371083
340.0,16.5,0.0,0.0,0.0,0.0,0.0,0.0,0.0,0.0,0.0,0.0,0.0,0.0,0.2677129494168533,0.26771295072395906,-0.010097810185804154,-0.010097809928311193
340.0,17.0,0.0,0.0,0.0,0.0,0.0,0.0,0.0,0.0,0.0,0.0,0.0,0.0,0.2675724746319235,0.26757247592879513,-0.010125528216514775,-0.010125527960202118
340.0,17.5,0.0,0.0,0.0,0.0,0.0,0.0,0.0,0.0,0.0,0.0,0.0,0.0,0.2674333540313556,0.26743335531816176,-0.010153068435955053,-0.01015306818080733
340.0,18.0,0.0,0.0,0.0,0.0,0.0,0.0,0.0,0.0,0.0,0.0,0.0,0.0,0.26729555009096895,0.267295551367872,-0.010180436040472378,-0.010180435786474911
340.0,18.5,0.0,0.0,0.0,0.0,0.0,0.0,0.0,0.0,0.0,0.0,0.0,0.0,0.267159027030674,0.26715902829783034,-0.010207635980795934,-0.01020763572793465
340.0,19.0,0.0,0.0,0.0,0.0,0.0,0.0,0.0,0.0,0.0,0.0,0.0,0.0,0.26702375070862405,0.2670237519661848,-0.010234672976682062,-0.01023467272494343
340.0,19.5,0.0,0.0,0.0,0.0,0.0,0.0,0.0,0.0,0.0,0.0,0.0,0.0,0.26688968852314937,0.26688968977126004,-0.010261551530506311,-0.010261551279877403
340.0,20.0,0.0,0.0,0.0,0.0,0.0,0.0,0.0,0.0,0.0,0.0,0.0,0.0,0.26675680932179857,0.26675681056060013,-0.01028827593989199,-0.010288275690360336
340.0,20.5,0.0,0.0,0.0,0.0,0.0,0.0,0.0,0.0,0.0,0.0,0.0,0.0,0.2666250833168849,0.26662508454651357,-0.010314850309455274,-0.010314850061008858
340.0,21.0,0.0,0.0,0.0,0.0,0.0,0.0,0.0,0.0,0.0,0.0,0.0,0.0,0.2664944820069896,0.2664944832275773,-0.010341278561739877,-0.01034127831436715
340.0,21.5,0.0,0.0,0.0,0.0,0.0,0.0,0.0,0.0,0.0,0.0,0.0,0.0,0.26636497810392945,0.26636497931560393,-0.010367564447407326,-0.010367564201097117
340.0,22.0,0.0,0.0,0.0,0.0,0.0,0.0,0.0,0.0,0.0,0.0,0.0,0.0,0.26623654546474257,0.2662365466676276,-0.010393711554742058,-0.010393711309483638
340.0,22.5,0.0,0.0,0.0,0.0,0.0,0.0,0.0,0.0,0.0,0.0,0.0,0.0,0.26610915902828736,0.26610916022250314,-0.010419723318525989,-0.010419723074308931
340.0,23.0,0.0,0.0,0.0,0.0,0.0,0.0,0.0,0.0,0.0,0.0,0.0,0.0,0.26598279475608794,0.2659827959417512,-0.010445603028331502,-0.01044560278514573
340.0,23.5,0.0,0.0,0.0,0.0,0.0,0.0,0.0,0.0,0.0,0.0,0.0,0.0,0.2658574295770926,0.26585743075431656,-0.010471353836277678,-0.01047135359411347
340.0,24.0,0.0,0.0,0.0,0.0,0.0,0.0,0.0,0.0,0.0,0.0,0.0,0.0,0.26573304133604114,0.26573304250493607,-0.010496978764290782,-0.010496978523138682
341.0,0.5,0.0,0.0,0.0,0.0,0.0,0.0,0.0,0.0,0.0,0.0,0.0,0.0,0.26560960874516615,0.2656096099058392,-0.010522480710905984,-0.010522480470756825
341.0,1.0,0.0,0.0,0.0,0.0,0.0,0.0,0.0,0.0,0.0,0.0,0.0,0.0,0.2654871113389745,0.2654871124915302,-0.010547862457644505,-0.010547862218489348
341.0,1.5,0.0,0.0,0.0,0.0,0.0,0.0,0.0,0.0,0.0,0.0,0.0,0.0,0.2653655294318803,0.2653655305764201,-0.0105731266749972,-0.010573126436827425
341.0,2.0,0.0,0.0,0.0,0.0,0.0,0.0,0.0,0.0,0.0,0.0,0.0,0.0,0.26524484407847765,0.26524484521510067,-0.010598275928043202,-0.010598275690850385
341.0,2.5,0.0,0.0,0.0,0.0,0.0,0.0,0.0,0.0,0.0,0.0,0.0,0.0,0.2651250370362618,0.26512503816506466,-0.010623312681729459,-0.01062331244550538
341.0,3.0,0.0,0.0,0.0,0.0,0.0,0.0,0.0,0.0,0.0,0.0,0.0,0.0,0.2650060907306212,0.26500609185169816,-0.01064823930583543,-0.010648239070572125
341.0,3.5,0.0,0.0,0.0,0.0,0.0,0.0,0.0,0.0,0.0,0.0,0.0,0.0,0.26488798822193943,0.26488798933538255,-0.010673058079644705,-0.010673057845334361
341.0,4.0,0.0,0.0,0.0,0.0,0.0,0.0,0.0,0.0,0.0,0.0,0.0,0.0,0.2647707131746577,0.2647707142805568,-0.010697771196343875,-0.010697770962978899
341.0,4.5,0.0,0.0,0.0,0.0,0.0,0.0,0.0,0.0,0.0,0.0,0.0,0.0,0.2646542498281615,0.26465425092660455,-0.01072238076716734,-0.01072238053474026
341.0,5.0,0.0,0.0,0.0,0.0,0.0,0.0,0.0,0.0,0.0,0.0,0.0,0.0,0.26453858296936666,0.26453858406043934,-0.010746888825304906,-0.01074688859380851
341.0,5.5,0.0,0.0,0.0,0.0,0.0,0.0,0.0,0.0,0.0,0.0,0.0,0.0,0.26442369790688675,0.2644236989906732,-0.010771297329588604,-0.01077129709901575
341.0,6.0,0.0,0.0,0.0,0.0,0.0,0.0,0.0,0.0,0.0,0.0,0.0,0.0,0.26430958044667846,0.2643095815232608,-0.010795608167972506,-0.010795607938316252
341.0,6.5,0.0,0.0,0.0,0.0,0.0,0.0,0.0,0.0,0.0,0.0,0.0,0.0,0.2641962168690627,0.26419621793852144,-0.010819823160819865,-0.010819822932073387
341.0,7.0,0.0,0.0,0.0,0.0,0.0,0.0,0.0,0.0,0.0,0.0,0.0,0.0,0.26408359390703434,0.26408359496944817,-0.010843944064009365,-0.010843943836166011
341.0,7.5,0.0,0.0,0.0,0.0,0.0,0.0,0.0,0.0,0.0,0.0,0.0,0.0,0.2639716987257729,0.2639716997812191,-0.01086797257187262,-0.010867972344925808
341.0,8.0,0.0,0.0,0.0,0.0,0.0,0.0,0.0,0.0,0.0,0.0,0.0,0.0,0.2638605189032795,0.2638605199518338,-0.010891910319973101,-0.010891910093916391
341.0,8.5,0.0,0.0,0.0,0.0,0.0,0.0,0.0,0.0,0.0,0.0,0.0,0.0,0.263750042412066,0.2637500434538026,-0.010915758887736802,-0.010915758662563894
341.0,9.0,0.0,0.0,0.0,0.0,0.0,0.0,0.0,0.0,0.0,0.0,0.16306539688516347,0.16306539688516347,0.2636402576018307,0.2636402586368223,-0.010939519800943693,-0.010939519576648396
341.0,9.5,0.0,0.0,0.0,0.0,0.0,0.0,0.0,0.0,0.0,0.0,0.44782686939536004,0.44782686939536004,0.2635103733050436,0.26351037433336166,-0.01096771050913205,-0.010967710285598592
341.0,10.0,0.0,0.0,0.0,0.0,0.0,0.0,0.0,0.0,0.0,0.0,0.6958156284050997,0.6958156284050997,0.263344870507339,0.2633448715290536,-0.011003757545060944,-0.01100375732209293
341.0,10.5,0.0,0.0,0.0,0.0,0.0,0.0,0.0,0.0,0.0,0.0,0.8985521807248755,0.8985521807248755,0.26314842464436033,0.26314842565954033,-0.011046727459151086,-0.01104672723657795
341.0,11.0,0.0,0.0,0.0,0.0,0.0,0.0,0.0,0.0,0.0,0.0,1.0827041830065562,1.0827041830065562,0.2629267920341518,0.2629267930428647,-0.011095446893327811,-0.011095446671009953
341.0,11.5,0.0,0.0,0.0,0.0,0.0,0.0,0.0,0.0,0.0,0.0,1.2446204821582638,1.2446204821582638,0.26268233096559146,0.2626823319679038,-0.011149481728500887,-0.011149481506311286
341.0,12.0,0.0,0.0,0.0,0.0,0.0,0.0,0.0,0.0,0.0,0.0,1.348592568479278,1.348592568479278,0.2624178652975349,0.2624178662935118,-0.01120829177658748,-0.011208291554414045
341.0,12.5,0.0,0.0,0.0,0.0,0.0,0.0,0.0,0.0,0.0,0.0,1.389630863958595,1.389630863958595,0.2621407696065931,0.2621407705962988,-0.011270307346456211,-0.011270307124225496
341.0,13.0,0.0,0.0,0.0,0.0,0.0,0.0,0.0,0.0,0.0,0.0,1.3342104159050818,1.3342104159050818,0.261859054578122,0.26185905556161954,-0.011333776324768558,-0.011333776102449263
341.0,13.5,0.0,0.0,0.0,0.0,0.0,0.0,0.0,0.0,0.0,0.0,1.1880273714032523,1.1880273714032523,0.26158500333908036,0.2615850043164317,-0.011395927745521638,-0.01139592752314744
341.0,14.0,0.0,0.0,0.0,0.0,0.0,0.0,0.0,0.0,0.0,0.0,0.9777896918604922,0.9777896918604922,0.26133017339480485,0.2613301743660711,-0.011454084689363823,-0.011454084467029793
341.0,14.5,0.0,0.0,0.0,0.0,0.0,0.0,0.0,0.0,0.0,0.0,0.7147822133395375,0.7147822133395375,0.26110271902598975,0.2611027199912309,-0.011506292911210133,-0.011506292689054825
341.0,15.0,0.0,0.0,0.0,0.0,0.0,0.0,0.0,0.0,0.0,0.0,0.3993185025429672,0.3993185028603884,0.26090935669170257,0.26090935765097784,-0.011550898990196571,-0.01155089876839419
341.0,15.5,0.0,0.0,0.0,0.0,0.0,0.0,0.0,0.0,0.0,0.0,0.0,0.0,0.2607567631200834,0.2607567640734105,-0.011586245771348518,-0.011586245550117558
341.0,16.0,0.0,0.0,0.0,0.0,0.0,0.0,0.0,0.0,0.0,0.0,0.0,0.0,0.2606556164643523,0.26065561741182897,-0.011609746418769037,-0.01160974619836427
341.0,16.5,0.0,0.0,0.0,0.0,0.0,0.0,0.0,0.0,0.0,0.0,0.0,0.0,0.2605550229688163,0.2605550239104989,-0.01163317489395143,-0.01163317467436769
341.0,17.0,0.0,0.0,0.0,0.0,0.0,0.0,0.0,0.0,0.0,0.0,0.0,0.0,0.26045497534986506,0.2604549762858093,-0.01165653212791092,-0.011656531909143062
341.0,17.5,0.0,0.0,0.0,0.0,0.0,0.0,0.0,0.0,0.0,0.0,0.0,0.0,0.2603554665180416,0.2603554674483023,-0.011679819022833318,-0.011679818804876278
341.0,18.0,0.0,0.0,0.0,0.0,0.0,0.0,0.0,0.0,0.0,0.0,0.0,0.0,0.2602564895702598,0.26025649049489097,-0.01170303645329985,-0.0117030362361486
341.0,18.5,0.0,0.0,0.0,0.0,0.0,0.0,0.0,0.0,0.0,0.0,0.0,0.0,0.2601580377824057,0.2601580387014606,-0.011726185267451882,-0.011726185051101446
341.0,19.0,0.0,0.0,0.0,0.0,0.0,0.0,0.0,0.0,0.0,0.0,0.0,0.0,0.26006010460229756,0.26006010551582864,-0.011749266288099521,-0.01174926607254499
341.0,19.5,0.0,0.0,0.0,0.0,0.0,0.0,0.0,0.0,0.0,0.0,0.0,0.0,0.259962683642988,0.25996268455104715,-0.011772280313776575,-0.011772280099013044
341.0,20.0,0.0,0.0,0.0,0.0,0.0,0.0,0.0,0.0,0.0,0.0,0.0,0.0,0.2598657686763876,0.25986576957902585,-0.011795228119744875,-0.011795227905767513
341.0,20.5,0.0,0.0,0.0,0.0,0.0,0.0,0.0,0.0,0.0,0.0,0.0,0.0,0.2597693536271918,0.25976935452445943,-0.01181811045895102,-0.011818110245755067
341.0,21.0,0.0,0.0,0.0,0.0,0.0,0.0,0.0,0.0,0.0,0.0,0.0,0.0,0.25967343256709613,0.25967343345904303,-0.011840928062937644,-0.011840927850518311
341.0,21.5,0.0,0.0,0.0,0.0,0.0,0.0,0.0,0.0,0.0,0.0,0.0,0.0,0.25957799970928375,0.25957800059595876,-0.01186368164271168,-0.011863681431064308
341.0,22.0,0.0,0.0,0.0,0.0,0.0,0.0,0.0,0.0,0.0,0.0,0.0,0.0,0.2594830494031689,0.25948305028462054,-0.01188637188957228,-0.011886371678692166
341.0,22.5,0.0,0.0,0.0,0.0,0.0,0.0,0.0,0.0,0.0,0.0,0.0,0.0,0.25938857612938593,0.259388577005662,-0.011908999475899781,-0.011908999265782294
341.0,23.0,0.0,0.0,0.0,0.0,0.0,0.0,0.0,0.0,0.0,0.0,0.0,0.0,0.2592945744950073,0.2592945753661549,-0.011931565055908514,-0.011931564846549076
341.0,23.5,0.0,0.0,0.0,0.0,0.0,0.0,0.0,0.0,0.0,0.0,0.0,0.0,0.25920103922898147,0.25920104009504713,-0.011954069266364678,-0.011954069057758736
341.0,24.0,0.0,0.0,0.0,0.0,0.0,0.0,0.0,0.0,0.0,0.0,0.0,0.0,0.2591079651777768,0.25910796603880654,-0.01197651272727152,-0.011976512519414546
342.0,0.5,0.0,0.0,0.0,0.0,0.0,0.0,0.0,0.0,0.0,0.0,0.0,0.0,0.25901534730122283,0.2590153481572622,-0.011998896042523126,-0.011998895835410608
342.0,1.0,0.0,0.0,0.0,0.0,0.0,0.0,0.0,0.0,0.0,0.0,0.0,0.0,0.2589231806685374,0.258923181519631,-0.012021219800528645,-0.012021219594156177
342.0,1.5,0.0,0.0,0.0,0.0,0.0,0.0,0.0,0.0,0.0,0.0,0.0,0.0,0.2588314604545297,0.258831461300722,-0.012043484574808538,-0.012043484369171678
342.0,2.0,0.0,0.0,0.0,0.0,0.0,0.0,0.0,0.0,0.0,0.0,0.0,0.0,0.2587401819359724,0.258740182777307,-0.012065690924563732,-0.012065690719658108
342.0,2.5,0.0,0.0,0.0,0.0,0.0,0.0,0.0,0.0,0.0,0.0,0.0,0.0,0.2586493404881315,0.25864934132465167,-0.01208783939521971,-0.012087839191040959
342.0,3.0,0.0,0.0,0.0,0.0,0.0,0.0,0.0,0.0,0.0,0.0,0.0,0.0,0.2585589315814485,0.2585589324131969,-0.012109930518946169,-0.012109930315489988
342.0,3.5,0.0,0.0,0.0,0.0,0.0,0.0,0.0,0.0,0.0,0.0,0.0,0.0,0.25846895077836507,0.25846895160538386,-0.012131964815153976,-0.012131964612416073
342.0,4.0,0.0,0.0,0.0,0.0,0.0,0.0,0.0,0.0,0.0,0.0,0.0,0.0,0.2583793937302849,0.25837939455261594,-0.012153942790970079,-0.012153942588946151
342.0,4.5,0.0,0.0,0.0,0.0,0.0,0.0,0.0,0.0,0.0,0.0,0.0,0.0,0.25829025617466517,0.2582902569923495,-0.012175864941691606,-0.012175864740377466
342.0,5.0,0.0,0.0,0.0,0.0,0.0,0.0,0.0,0.0,0.0,0.0,0.0,0.0,0.2582015339322304,0.2582015347453087,-0.012197731751220506,-0.01219773155061195
342.0,5.5,0.0,0.0,0.0,0.0,0.0,0.0,0.0,0.0,0.0,0.0,0.0,0.0,0.2581132229043047,0.25811322371281736,-0.012219543692478955,-0.012219543492571783
342.0,6.0,0.0,0.0,0.0,0.0,0.0,0.0,0.0,0.0,0.0,0.0,0.0,0.0,0.2580253190702552,0.2580253198742419,-0.012241301227807077,-0.012241301028597175
342.0,6.5,0.0,0.0,0.0,0.0,0.0,0.0,0.0,0.0,0.0,0.0,0.0,0.0,0.257937818485041,0.25793781928454107,-0.012263004809343577,-0.012263004610826807
342.0,7.0,0.0,0.0,0.0,0.0,0.0,0.0,0.0,0.0,0.0,0.0,0.0,0.0,0.25785071727686404,0.2578507180719163,-0.012284654879390077,-0.012284654681562377
342.0,7.5,0.0,0.0,0.0,0.0,0.0,0.0,0.0,0.0,0.0,0.0,0.0,0.0,0.2577640116449156,0.2577640124355586,-0.012306251870759986,-0.012306251673617253
342.0,8.0,0.0,0.0,0.0,0.0,0.0,0.0,0.0,0.0,0.0,0.0,0.0,0.0,0.2576776978572149,0.2576776986434865,-0.012327796207112515,-0.012327796010650751
342.0,8.5,0.0,0.0,0.0,0.0,0.0,0.0,0.0,0.0,0.0,0.0,0.0,0.0,0.2575917722485345,0.2575917730304724,-0.012349288303272784,-0.012349288107487952
342.0,9.0,0.0,0.0,0.0,0.0,0.0,0.0,0.0,0.0,0.0,0.0,0.0,0.0,0.2575062312184095,0.25750623199605066,-0.012370728565538336,-0.012370728370426506
342.0,9.5,0.0,0.0,0.0,0.0,0.0,0.0,0.0,0.0,0.0,0.0,0.0,0.0,0.25742107122922514,0.25742107200260644,-0.012392117391973052,-0.012392117197530235
342.0,10.0,0.0,0.0,0.0,0.0,0.0,0.0,0.0,0.0,0.0,0.0,0.0,0.0,0.25733628880438136,0.2573362895735391,-0.012413455172688596,-0.012413454978910863
342.0,10.5,0.0,0.0,0.0,0.0,0.0,0.0,0.0,0.0,0.0,0.0,0.0,0.0,0.25725188052652814,0.2572518812914982,-0.012434742290114481,-0.012434742096997934
342.0,11.0,0.0,0.0,0.0,0.0,0.0,0.0,0.0,0.0,0.0,0.0,0.0,0.0,0.2571678430358706,0.2571678437966885,-0.012455979119256805,-0.012455978926797569
342.0,11.5,0.0,0.0,0.0,0.0,0.0,0.0,0.0,0.0,0.0,0.0,0.0,0.0,0.2570841730285391,0.25708417378523996,-0.012477166027946605,-0.012477165836140827
342.0,12.0,0.0,0.0,0.0,0.0,0.0,0.0,0.0,0.0,0.0,0.0,0.0,0.0,0.25700086725502275,0.25700086800764144,-0.012498303377077745,-0.01249830318592159
342.0,12.5,0.0,0.0,0.0,0.0,0.0,0.0,0.0,0.0,0.0,0.0,0.0,0.0,0.2569179225186621,0.25691792326723284,-0.012519391520835518,-0.012519391330325199
342.0,13.0,0.0,0.0,0.0,0.0,0.0,0.0,0.0,0.0,0.0,0.0,0.0,0.0,0.25683533567419914,0.256835336418756,-0.012540430806915753,-0.0125404306170475
342.0,13.5,0.0,0.0,0.0,0.0,0.0,0.0,0.0,0.0,0.0,0.0,0.0,0.0,0.2567531036263824,0.2567531043669589,-0.012561421576735142,-0.012561421387505198
342.0,14.0,0.0,0.0,0.0,0.0,0.0,0.0,0.0,0.0,0.0,0.0,0.0,0.0,0.2566712233286231,0.2566712240652526,-0.012582364165633256,-0.0125823639770379
342.0,14.5,0.0,0.0,0.0,0.0,0.0,0.0,0.0,0.0,0.0,0.0,0.0,0.0,0.2565896917817026,0.25658969251441804,-0.012603258903066308,-0.01260325871510182
342.0,15.0,0.0,0.0,0.0,0.0,0.0,0.0,0.0,0.0,0.0,0.0,0.0,0.0,0.2565085060325262,0.2565085067613601,-0.012624106112793422,-0.012624105925456115
342.0,15.5,0.0,0.0,0.0,0.0,0.0,0.0,0.0,0.0,0.0,0.0,0.0,0.0,0.2564276631729233,0.256427663897908,-0.012644906113055342,-0.01264490592634156
342.0,16.0,0.0,0.0,0.0,0.0,0.0,0.0,0.0,0.0,0.0,0.0,0.0,0.0,0.25634716033849103,0.2563471610596582,-0.012665659216746249,-0.012665659030652381
342.0,16.5,0.0,0.0,0.0,0.0,0.0,0.0,0.0,0.0,0.0,0.0,0.0,0.0,0.2562669947074789,0.2562669954248602,-0.01268636573157884,-0.01268636554610126
342.0,17.0,0.0,0.0,0.0,0.0,0.0,0.0,0.0,0.0,0.0,0.0,0.0,0.0,0.2561871634997145,0.25618716421334103,-0.012707025960242813,-0.012707025775377953
342.0,17.5,0.0,0.0,0.0,0.0,0.0,0.0,0.0,0.0,0.0,0.0,0.0,0.0,0.2561076639755663,0.256107664685469,-0.012727640200557427,-0.0127276400163017
342.0,18.0,0.0,0.0,0.0,0.0,0.0,0.0,0.0,0.0,0.0,0.0,0.0,0.0,0.25602849343494377,0.25602849414115314,-0.012748208745617905,-0.012748208561967803
342.0,18.5,0.0,0.0,0.0,0.0,0.0,0.0,0.0,0.0,0.0,0.0,0.0,0.0,0.25594964921633206,0.25594964991887836,-0.012768731883936447,-0.012768731700888433
342.0,19.0,0.0,0.0,0.0,0.0,0.0,0.0,0.0,0.0,0.0,0.0,0.0,0.0,0.2558711286958602,0.25587112939477336,-0.01278920989957769,-0.012789209717128276
342.0,19.5,0.0,0.0,0.0,0.0,0.0,0.0,0.0,0.0,0.0,0.0,0.0,0.0,0.25579292928640185,0.25579292998171144,-0.01280964307228901,-0.012809642890434736
342.0,20.0,0.0,0.0,0.0,0.0,0.0,0.0,0.0,0.0,0.0,0.0,0.0,0.0,0.25571504843670617,0.2557150491284414,-0.012830031677625977,-0.012830031496363387
342.0,20.5,0.0,0.0,0.0,0.0,0.0,0.0,0.0,0.0,0.0,0.0,0.0,0.0,0.2556374836305587,0.2556374843187487,-0.01285037598707291,-0.01285037580639857
342.0,21.0,0.0,0.0,0.0,0.0,0.0,0.0,0.0,0.0,0.0,0.0,0.0,0.0,0.25556023238597053,0.2555602330706439,-0.012870676268159034,-0.012870676088069547
342.0,21.5,0.0,0.0,0.0,0.0,0.0,0.0,0.0,0.0,0.0,0.0,0.0,0.0,0.255483292254394,0.2554832929355791,-0.012890932784570229,-0.012890932605062225
342.0,22.0,0.0,0.0,0.0,0.0,0.0,0.0,0.0,0.0,0.0,0.0,0.0,0.0,0.25540666081996494,0.25540666149768987,-0.012911145796256634,-0.01291114561732677
342.0,22.5,0.0,0.0,0.0,0.0,0.0,0.0,0.0,0.0,0.0,0.0,0.0,0.0,0.25533033569877006,0.25533033637306274,-0.012931315559536184,-0.012931315381181075
342.0,23.0,0.0,0.0,0.0,0.0,0.0,0.0,0.0,0.0,0.0,0.0,0.0,0.0,0.2552543145381375,0.2552543152090253,-0.012951442327194416,-0.012951442149410793
342.0,23.5,0.0,0.0,0.0,0.0,0.0,0.0,0.0,0.0,0.0,0.0,0.0,0.0,0.2551785950159507,0.255178595683461,-0.012971526348580679,-0.012971526171365207
342.0,24.0,0.0,0.0,0.0,0.0,0.0,0.0,0.0,0.0,0.0,0.0,0.0,0.0,0.2551031748399849,0.2551031755041446,-0.012991567869700496,-0.012991567693049934
343.0,0.5,0.0,0.0,0.0,0.0,0.0,0.0,0.0,0.0,0.0,0.0,0.0,0.0,0.25502805174726395,0.25502805240809967,-0.013011567133304962,-0.013011566957216062
343.0,1.0,0.0,0.0,0.0,0.0,0.0,0.0,0.0,0.0,0.0,0.0,0.0,0.0,0.2549532235034378,0.25495322416097604,-0.013031524378976702,-0.013031524203446217
343.0,1.5,0.0,0.0,0.0,0.0,0.0,0.0,0.0,0.0,0.0,0.0,0.0,0.0,0.2548786879021797,0.2548786885564466,-0.013051439843212706,-0.013051439668237446
343.0,2.0,0.0,0.0,0.0,0.0,0.0,0.0,0.0,0.0,0.0,0.0,0.0,0.0,0.254804442764602,0.25480444341562347,-0.013071313759504285,-0.013071313585081032
343.0,2.5,0.0,0.0,0.0,0.0,0.0,0.0,0.0,0.0,0.0,0.0,0.0,0.0,0.2547304859386899,0.25473048658649144,-0.013091146358414081,-0.013091146184539717
343.0,3.0,0.0,0.0,0.0,0.0,0.0,0.0,0.0,0.0,0.0,0.0,0.0,0.0,0.25465681529875267,0.2546568159433597,-0.013110937867650451,-0.013110937694321822
343.0,3.5,0.0,0.0,0.0,0.0,0.0,0.0,0.0,0.0,0.0,0.0,0.0,0.0,0.2545834287448916,0.2545834293863293,-0.013130688512139112,-0.013130688339353075
343.0,4.0,0.0,0.0,0.0,0.0,0.0,0.0,0.0,0.0,0.0,0.0,0.0,0.0,0.2545103242024838,0.25451032484077696,-0.01315039851409233,-0.013150398341845792
343.0,4.5,0.0,0.0,0.0,0.0,0.0,0.0,0.0,0.0,0.0,0.0,0.0,0.0,0.25443749962168155,0.25443750025685474,-0.0131700680930757,-0.013170067921365585
343.0,5.0,0.0,0.0,0.0,0.0,0.0,0.0,0.0,0.0,0.0,0.0,0.0,0.0,0.2543649529769265,0.2543649536090041,-0.013189697466072495,-0.01318969729489575
343.0,5.5,0.0,0.0,0.0,0.0,0.0,0.0,0.0,0.0,0.0,0.0,0.0,0.0,0.254292682266478,0.25429268289548407,-0.013209286847545961,-0.013209286676899544
343.0,6.0,0.0,0.0,0.0,0.0,0.0,0.0,0.0,0.0,0.0,0.0,0.0,0.0,0.2542206855119553,0.25422068613791377,-0.013228836449499303,-0.013228836279380197
343.0,6.5,0.0,0.0,0.0,0.0,0.0,0.0,0.0,0.0,0.0,0.0,0.0,0.0,0.254148960757893,0.2541489613808275,-0.01324834648153377,-0.013248346311938972
343.0,7.0,0.0,0.0,0.0,0.0,0.0,0.0,0.0,0.0,0.0,0.0,0.0,0.0,0.25407750607130924,0.2540775066912432,-0.013267817150904523,-0.013267816981831038
343.0,7.5,0.0,0.0,0.0,0.0,0.0,0.0,0.0,0.0,0.0,0.0,0.0,0.0,0.25400631954128605,0.25400632015824254,-0.013287248662574892,-0.013287248494019781
343.0,8.0,0.0,0.0,0.0,0.0,0.0,0.0,0.0,0.0,0.0,0.0,0.0,0.0,0.2539353992785614,0.2539353998925635,-0.013306641219268642,-0.013306641051228961
343.0,8.5,0.0,0.0,0.0,0.0,0.0,0.0,0.0,0.0,0.0,0.0,0.0,0.0,0.2538647434151333,0.2538647440262037,-0.013325995021520487,-0.013325994853993299
343.0,9.0,0.0,0.0,0.0,0.0,0.0,0.0,0.0,0.0,0.0,0.0,0.0,0.0,0.25379435010387413,0.25379435071203515,-0.013345310267724918,-0.013345310100707367
343.0,9.5,0.0,0.0,0.0,0.0,0.0,0.0,0.0,0.0,0.0,0.0,0.0,0.0,0.2537242175181556,0.25372421812342966,-0.013364587154183575,-0.013364586987672738
343.0,10.0,0.0,0.0,0.0,0.0,0.0,0.0,0.0,0.0,0.0,0.0,0.0,0.0,0.25365434385148466,0.25365434445389373,-0.013383825875150754,-0.01338382570914379
343.0,10.5,0.0,0.0,0.0,0.0,0.0,0.0,0.0,0.0,0.0,0.0,0.0,0.0,0.2535847273171482,0.25358472791671416,-0.013403026622877769,-0.013403026457371845
343.0,11.0,0.0,0.0,0.0,0.0,0.0,0.0,0.0,0.0,0.0,0.0,0.0,0.0,0.25351536614786846,0.25351536674461284,-0.013422189587655496,-0.01342218942264779
343.0,11.5,0.0,0.0,0.0,0.0,0.0,0.0,0.0,0.0,0.0,0.0,0.0,0.0,0.25344625859546616,0.2534462591894105,-0.013441314957855943,-0.013441314793343621
343.0,12.0,0.0,0.0,0.0,0.0,0.0,0.0,0.0,0.0,0.0,0.0,0.0,0.0,0.2533774029305339,0.25337740352169935,-0.013460402919972086,-0.013460402755952368
343.0,12.5,0.0,0.0,0.0,0.0,0.0,0.0,0.0,0.0,0.0,0.0,0.0,0.0,0.2533087974421171,0.2533087980305246,-0.013479453658656729,-0.013479453495126878
343.0,13.0,0.0,0.0,0.0,0.0,0.0,0.0,0.0,0.0,0.0,0.0,0.0,0.0,0.2532404404374035,0.25324044102307386,-0.013498467356759998,-0.013498467193717256
343.0,13.5,0.0,0.0,0.0,0.0,0.0,0.0,0.0,0.0,0.0,0.0,0.0,0.0,0.25317233024142094,0.2531723308243747,-0.013517444195365639,-0.013517444032807297
343.0,14.0,0.0,0.0,0.0,0.0,0.0,0.0,0.0,0.0,0.0,0.0,0.0,0.0,0.253104465196742,0.2531044657769995,-0.013536384353826255,-0.013536384191749606
343.0,14.5,0.0,0.0,0.0,0.0,0.0,0.0,0.0,0.0,0.0,0.0,0.0,0.0,0.25303684366319706,0.25303684424077866,-0.013555288009797332,-0.013555287848199643
343.0,15.0,0.0,0.0,0.0,0.0,0.0,0.0,0.0,0.0,0.0,0.0,0.0,0.0,0.25296946401759407,0.25296946459251957,-0.013574155339270259,-0.013574155178148901
343.0,15.5,0.0,0.0,0.0,0.0,0.0,0.0,0.0,0.0,0.0,0.0,0.0,0.0,0.2529023246534448,0.25290232522573397,-0.01359298651660439,-0.013592986355956727
343.0,16.0,0.0,0.0,0.0,0.0,0.0,0.0,0.0,0.0,0.0,0.0,0.0,0.0,0.2528354239806985,0.2528354245503711,-0.01361178171455812,-0.013611781554381475
343.0,16.5,0.0,0.0,0.0,0.0,0.0,0.0,0.0,0.0,0.0,0.0,0.0,0.0,0.2527687604254822,0.25276876099255763,-0.013630541104318775,-0.013630540944610529
343.0,17.0,0.0,0.0,0.0,0.0,0.0,0.0,0.0,0.0,0.0,0.0,0.0,0.0,0.2527023324298461,0.25270233299434347,-0.013649264855532002,-0.013649264696289585
343.0,17.5,0.0,0.0,0.0,0.0,0.0,0.0,0.0,0.0,0.0,0.0,0.0,0.0,0.25263613845151633,0.2526361390134547,-0.013667953136329932,-0.013667952977550761
343.0,18.0,0.0,0.0,0.0,0.0,0.0,0.0,0.0,0.0,0.0,0.0,0.0,0.0,0.25257017696365286,0.2525701775230513,-0.013686606113358726,-0.013686605955040204
343.0,18.5,0.0,0.0,0.0,0.0,0.0,0.0,0.0,0.0,0.0,0.0,0.0,0.0,0.25250444645461345,0.25250444701149044,-0.0137052239518051,-0.013705223793944702
343.0,19.0,0.0,0.0,0.0,0.0,0.0,0.0,0.0,0.0,0.0,0.0,0.0,0.0,0.25243894542772266,0.25243894598209676,-0.013723806815422292,-0.013723806658017482
343.0,19.5,0.0,0.0,0.0,0.0,0.0,0.0,0.0,0.0,0.0,0.0,0.0,0.0,0.25237367240104674,0.2523736729529363,-0.013742354866555095,-0.013742354709603373
343.0,20.0,0.0,0.0,0.0,0.0,0.0,0.0,0.0,0.0,0.0,0.0,0.0,0.0,0.25230862590717307,0.25230862645659624,-0.013760868266164301,-0.013760868109663144
343.0,20.5,0.0,0.0,0.0,0.0,0.0,0.0,0.0,0.0,0.0,0.0,0.0,0.0,0.2522438044929953,0.25224380503996996,-0.013779347173850239,-0.013779347017797235
343.0,21.0,0.0,0.0,0.0,0.0,0.0,0.0,0.0,0.0,0.0,0.0,0.0,0.0,0.25217920671950256,0.2521792072640466,-0.01379779174787598,-0.01379779159226862
343.0,21.5,0.0,0.0,0.0,0.0,0.0,0.0,0.0,0.0,0.0,0.0,0.0,0.0,0.25211483116157407,0.2521148317037051,-0.013816202145189442,-0.013816201990025308
343.0,22.0,0.0,0.0,0.0,0.0,0.0,0.0,0.0,0.0,0.0,0.0,0.0,0.0,0.25205067640777773,0.25205067694751315,-0.013834578521445274,-0.013834578366721946
343.0,22.5,0.0,0.0,0.0,0.0,0.0,0.0,0.0,0.0,0.0,0.0,0.0,0.0,0.25198674106017355,0.2519867415975307,-0.0138529210310259,-0.01385292087674096
343.0,23.0,0.0,0.0,0.0,0.0,0.0,0.0,0.0,0.0,0.0,0.0,0.0,0.0,0.251923023734121,0.2519230242691171,-0.013871229827062,-0.013871229673213038
343.0,23.5,0.0,0.0,0.0,0.0,0.0,0.0,0.0,0.0,0.0,0.0,0.0,0.0,0.2518595230580909,0.251859523590743,-0.01388950506145253,-0.013889504908037175
343.0,24.0,0.0,0.0,0.0,0.0,0.0,0.0,0.0,0.0,0.0,0.0,0.0,0.0,0.2517962376734808,0.2517962382038056,-0.013907746884884121,-0.013907746731900017
344.0,0.5,0.0,0.0,0.0,0.0,0.0,0.0,0.0,0.0,0.0,0.0,0.0,0.0,0.2517331662344348,0.25173316676244895,-0.013925955446849885,-0.013925955294294714
344.0,1.0,0.0,0.0,0.0,0.0,0.0,0.0,0.0,0.0,0.0,0.0,0.0,0.0,0.25167030740766677,0.25167030793338674,-0.013944130895667923,-0.013944130743539366
344.0,1.5,0.0,0.0,0.0,0.0,0.0,0.0,0.0,0.0,0.0,0.0,0.0,0.0,0.2516076598722875,0.2516076603957297,-0.013962273378499084,-0.01396227322679481
344.0,2.0,0.0,0.0,0.0,0.0,0.0,0.0,0.0,0.0,0.0,0.0,0.0,0.0,0.25154522231963516,0.2515452228408159,-0.01398038304136446,-0.013980382890082145
344.0,2.5,0.0,0.0,0.0,0.0,0.0,0.0,0.0,0.0,0.0,0.0,0.0,0.0,0.2514829934531099,0.251482993972045,-0.01399846002916218,-0.013998459878299617
344.0,3.0,0.0,0.0,0.0,0.0,0.0,0.0,0.0,0.0,0.0,0.0,0.0,0.0,0.2514209719880103,0.25142097250471585,-0.014016504485684245,-0.014016504335239106
344.0,3.5,0.0,0.0,0.0,0.0,0.0,0.0,0.0,0.0,0.0,0.0,0.0,0.0,0.25135915665137504,0.2513591571658667,-0.014034516553632264,-0.014034516403602336
344.0,4.0,0.0,0.0,0.0,0.0,0.0,0.0,0.0,0.0,0.0,0.0,0.0,0.0,0.2512975461818265,0.25129754669411997,-0.014052496374633279,-0.014052496225016305
344.0,4.5,0.0,0.0,0.0,0.0,0.0,0.0,0.0,0.0,0.0,0.0,0.0,0.0,0.2512361393294174,0.2512361398395281,-0.014070444089255098,-0.014070443940048883
344.0,5.0,0.0,0.0,0.0,0.0,0.0,0.0,0.0,0.0,0.0,0.0,0.0,0.0,0.25117493485548126,0.2511749353634245,-0.014088359837021093,-0.014088359688223424
344.0,5.5,0.0,0.0,0.0,0.0,0.0,0.0,0.0,0.0,0.0,0.0,0.0,0.0,0.2511139315324851,0.2511139320382761,-0.01410624375642471,-0.014106243608033394
344.0,6.0,0.0,0.0,0.0,0.0,0.0,0.0,0.0,0.0,0.0,0.0,0.0,0.0,0.2510531281438853,0.25105312864753904,-0.01412409598494366,-0.014124095836956535
344.0,6.5,0.0,0.0,0.0,0.0,0.0,0.0,0.0,0.0,0.0,0.0,0.0,0.0,0.25099252348398576,0.2509925239855172,-0.014141916659053774,-0.014141916511468691
344.0,7.0,0.0,0.0,0.0,0.0,0.0,0.0,0.0,0.0,0.0,0.0,0.0,0.0,0.2509321163577997,0.25093211685722355,-0.01415970591424237,-0.0141597057670572
344.0,7.5,0.0,0.0,0.0,0.0,0.0,0.0,0.0,0.0,0.0,0.0,0.0,0.0,0.2508719055809129,0.2508719060782438,-0.014177463885021521,-0.014177463738234116
344.0,8.0,0.0,0.0,0.0,0.0,0.0,0.0,0.0,0.0,0.0,0.0,0.0,0.0,0.2508118899793503,0.25081189047460273,-0.014195190704940798,-0.01419519055854907
344.0,8.5,0.0,0.0,0.0,0.0,0.0,0.0,0.0,0.0,0.0,0.0,0.0,0.0,0.25075206838944497,0.25075206888263324,-0.01421288650659983,-0.014212886360601688
344.0,9.0,0.0,0.0,0.0,0.0,0.0,0.0,0.0,0.0,0.0,0.0,0.0,0.0,0.25069243965770915,0.2506924401488476,-0.014230551421660558,-0.014230551276053886
344.0,9.5,0.0,0.0,0.0,0.0,0.0,0.0,0.0,0.0,0.0,0.0,0.2014901397961676,0.20149013991499598,0.25063300264070804,0.25063300312981074,-0.01424818558085913,-0.014248185435641889
344.0,10.0,0.0,0.0,0.0,0.0,0.0,0.0,0.0,0.0,0.0,0.0,0.4525670414587148,0.4525670417251142,0.2505480797548362,0.25054808024190195,-0.01427342624955191,-0.014273426104634156
344.0,10.5,0.0,0.0,0.0,0.0,0.0,0.0,0.0,0.0,0.0,0.0,0.6899312259987532,0.6899312264041453,0.2504313508971235,0.25043135138214734,-0.014308207244909577,-0.014308207100180279
344.0,11.0,0.0,0.0,0.0,0.0,0.0,0.0,0.0,0.0,0.0,0.0,0.8900898041489048,0.8900898046710262,0.2502845624033203,0.2502845628862983,-0.014352088373139374,-0.014352088228493777
344.0,11.5,0.0,0.0,0.0,0.0,0.0,0.0,0.0,0.0,0.0,0.0,1.0457170906152995,1.045717091227759,0.2501124543831236,0.2501124548640544,-0.01440374293717452,-0.014403742792524165
344.0,12.0,0.0,0.0,0.0,0.0,0.0,0.0,0.0,0.0,0.0,0.0,1.1298743610326552,1.1298743616934737,0.24992070048823875,0.2499207009671244,-0.014461554898374187,-0.014461554753649892
344.0,12.5,0.0,0.0,0.0,0.0,0.0,0.0,0.0,0.0,0.0,0.0,1.1472214781607812,1.147221478830897,0.24971840725655584,0.24971840773340345,-0.014522844307383658,-0.014522844162547307
344.0,13.0,0.0,0.0,0.0,0.0,0.0,0.0,0.0,0.0,0.0,0.0,1.0772428498281694,1.0772428504566955,0.2495140874160744,0.2495140878908961,-0.014585062136650595,-0.014585061991693127
344.0,13.5,0.0,0.0,0.0,0.0,0.0,0.0,0.0,0.0,0.0,0.0,0.9287129650365727,0.9287129655778823,0.2493188680632493,0.24931886853606341,-0.014644805659256953,-0.01464480551420762
344.0,14.0,0.0,0.0,0.0,0.0,0.0,0.0,0.0,0.0,0.0,0.0,0.7298774524337432,0.7298774528587609,0.24914275814626158,0.2491427586170923,-0.014698951381604902,-0.014698951236527522
344.0,14.5,0.0,0.0,0.0,0.0,0.0,0.0,0.0,0.0,0.0,0.0,0.492164194609417,0.4921641948957609,0.24899216720336792,0.24899216767224294,-0.01474544045902036,-0.014745440314001008
344.0,15.0,0.0,0.0,0.0,0.0,0.0,0.0,0.0,0.0,0.0,0.0,0.22383091870646085,0.22383091883657863,0.24887204849508554,0.24887204896203527,-0.014782648060938387,-0.014782647916080183
344.0,15.5,0.0,0.0,0.0,0.0,0.0,0.0,0.0,0.0,0.0,0.0,0.0,0.0,0.24878630298585525,0.24878630345091218,-0.014809276764050123,-0.014809276619469408
344.0,16.0,0.0,0.0,0.0,0.0,0.0,0.0,0.0,0.0,0.0,0.0,0.0,0.0,0.24872925859547468,0.24872925905866802,-0.014827023849545795,-0.014827023705338822
344.0,16.5,0.0,0.0,0.0,0.0,0.0,0.0,0.0,0.0,0.0,0.0,0.0,0.0,0.24867239091424387,0.24867239137558597,-0.014844741186996064,-0.014844741043160933
344.0,17.0,0.0,0.0,0.0,0.0,0.0,0.0,0.0,0.0,0.0,0.0,0.0,0.0,0.24861569893908592,0.24861569939858916,-0.014862428896207284,-0.014862428752742069
344.0,17.5,0.0,0.0,0.0,0.0,0.0,0.0,0.0,0.0,0.0,0.0,0.0,0.0,0.24855918167560495,0.24855918213328157,-0.014880087096079223,-0.014880086952982005
344.0,18.0,0.0,0.0,0.0,0.0,0.0,0.0,0.0,0.0,0.0,0.0,0.0,0.0,0.24850283813796933,0.24850283859383138,-0.014897715904619815,-0.014897715761888712
344.0,18.5,0.0,0.0,0.0,0.0,0.0,0.0,0.0,0.0,0.0,0.0,0.0,0.0,0.24844666734879764,0.2484466678028571,-0.014915315438959308,-0.014915315296592475
344.0,19.0,0.0,0.0,0.0,0.0,0.0,0.0,0.0,0.0,0.0,0.0,0.0,0.0,0.24839066833904677,0.24839066879131555,-0.01493288581536422,-0.014932885673359783
344.0,19.5,0.0,0.0,0.0,0.0,0.0,0.0,0.0,0.0,0.0,0.0,0.0,0.0,0.24833484014790258,0.24833484059839242,-0.014950427149250661,-0.0149504270076068
344.0,20.0,0.0,0.0,0.0,0.0,0.0,0.0,0.0,0.0,0.0,0.0,0.0,0.0,0.24827918182267242,0.2482791822713951,-0.014967939555197646,-0.014967939413912487
344.0,20.5,0.0,0.0,0.0,0.0,0.0,0.0,0.0,0.0,0.0,0.0,0.0,0.0,0.2482236924186803,0.24822369286564733,-0.014985423146959699,-0.014985423006031442
344.0,21.0,0.0,0.0,0.0,0.0,0.0,0.0,0.0,0.0,0.0,0.0,0.0,0.0,0.24816837099916358,0.24816837144438644,-0.015002878037479458,-0.01500287789690629
344.0,21.5,0.0,0.0,0.0,0.0,0.0,0.0,0.0,0.0,0.0,0.0,0.0,0.0,0.2481132166351723,0.24811321707866238,-0.015020304338899676,-0.015020304198679802
344.0,22.0,0.0,0.0,0.0,0.0,0.0,0.0,0.0,0.0,0.0,0.0,0.0,0.0,0.24805822840547012,0.24805822884723872,-0.015037702162575103,-0.015037702022706741
344.0,22.5,0.0,0.0,0.0,0.0,0.0,0.0,0.0,0.0,0.0,0.0,0.0,0.0,0.24800340539643728,0.24800340583649552,-0.015055071619083996,-0.015055071479565373
344.0,23.0,0.0,0.0,0.0,0.0,0.0,0.0,0.0,0.0,0.0,0.0,0.0,0.0,0.24794874670197542,0.24794874714033444,-0.015072412818239326,-0.01507241267906868
344.0,23.5,0.0,0.0,0.0,0.0,0.0,0.0,0.0,0.0,0.0,0.0,0.0,0.0,0.2478942514234145,0.24789425186008524,-0.015089725869099667,-0.015089725730275273
344.0,24.0,0.0,0.0,0.0,0.0,0.0,0.0,0.0,0.0,0.0,0.0,0.0,0.0,0.24783991866942104,0.24783991910441447,-0.015107010879979947,-0.015107010741500034
345.0,0.5,0.0,0.0,0.0,0.0,0.0,0.0,0.0,0.0,0.0,0.0,0.0,0.0,0.2477857475559086,0.2477857479892355,-0.015124267958461729,-0.01512426782032458
345.0,1.0,0.0,0.0,0.0,0.0,0.0,0.0,0.0,0.0,0.0,0.0,0.0,0.0,0.24773173720594938,0.2477317376376204,-0.015141497211403475,-0.015141497073607381
345.0,1.5,0.0,0.0,0.0,0.0,0.0,0.0,0.0,0.0,0.0,0.0,0.0,0.0,0.24767788674968802,0.24767788717971387,-0.01515869874495031,-0.015158698607493566
345.0,2.0,0.0,0.0,0.0,0.0,0.0,0.0,0.0,0.0,0.0,0.0,0.0,0.0,0.24762419532425678,0.2476241957526479,-0.015175872664543748,-0.015175872527424666
345.0,2.5,0.0,0.0,0.0,0.0,0.0,0.0,0.0,0.0,0.0,0.0,0.0,0.0,0.24757066207369202,0.24757066250045892,-0.015193019074931063,-0.015193018938147956
345.0,3.0,0.0,0.0,0.0,0.0,0.0,0.0,0.0,0.0,0.0,0.0,0.0,0.0,0.24751728614885266,0.24751728657400573,-0.015210138080174516,-0.015210137943725697
345.0,3.5,0.0,0.0,0.0,0.0,0.0,0.0,0.0,0.0,0.0,0.0,0.0,0.0,0.24746406670733995,0.24746406713088934,-0.015227229783660203,-0.015227229647544065
345.0,4.0,0.0,0.0,0.0,0.0,0.0,0.0,0.0,0.0,0.0,0.0,0.0,0.0,0.24741100291341842,0.2474110033353743,-0.015244294288106985,-0.015244294152321862
345.0,4.5,0.0,0.0,0.0,0.0,0.0,0.0,0.0,0.0,0.0,0.0,0.0,0.0,0.24735809393793845,0.24735809435831094,-0.015261331695574884,-0.015261331560119138
345.0,5.0,0.0,0.0,0.0,0.0,0.0,0.0,0.0,0.0,0.0,0.0,0.0,0.0,0.2473053389582605,0.24730533937705965,-0.015278342107473484,-0.01527834197234549
345.0,5.5,0.0,0.0,0.0,0.0,0.0,0.0,0.0,0.0,0.0,0.0,0.0,0.0,0.24725273715818014,0.24725273757541577,-0.01529532562457007,-0.015295325489768228
345.0,6.0,0.0,0.0,0.0,0.0,0.0,0.0,0.0,0.0,0.0,0.0,0.0,0.0,0.2472002877278546,0.24720028814353665,-0.015312282346997604,-0.015312282212520288
345.0,6.5,0.0,0.0,0.0,0.0,0.0,0.0,0.0,0.0,0.0,0.0,0.0,0.0,0.24714798986373085,0.24714799027786902,-0.01532921237426246,-0.015329212240108093
345.0,7.0,0.0,0.0,0.0,0.0,0.0,0.0,0.0,0.0,0.0,0.0,0.0,0.0,0.24709584276847435,0.24709584318107833,-0.015346115805252115,-0.015346115671419098
345.0,7.5,0.0,0.0,0.0,0.0,0.0,0.0,0.0,0.0,0.0,0.0,0.0,0.0,0.24704384565089965,0.24704384606197896,-0.015362992738242442,-0.015362992604729241
345.0,8.0,0.0,0.0,0.0,0.0,0.0,0.0,0.0,0.0,0.0,0.0,0.0,0.0,0.2469919977259017,0.24699199813546588,-0.015379843270905138,-0.015379843137710165
345.0,8.5,0.0,0.0,0.0,0.0,0.0,0.0,0.0,0.0,0.0,0.0,0.0,0.0,0.24694029821438843,0.24694029862244699,-0.015396667500314692,-0.015396667367436386
345.0,9.0,0.0,0.0,0.0,0.0,0.0,0.0,0.0,0.0,0.0,0.0,0.0,0.0,0.24688874634321464,0.24688874674977687,-0.015413465522955373,-0.015413465390392215
345.0,9.5,0.0,0.0,0.0,0.0,0.0,0.0,0.0,0.0,0.0,0.0,0.0,0.0,0.24683734134511676,0.24683734175019195,-0.015430237434728064,-0.015430237302478503
345.0,10.0,0.0,0.0,0.0,0.0,0.0,0.0,0.0,0.0,0.0,0.0,0.0,0.0,0.24678608245864872,0.24678608286224604,-0.015446983330956829,-0.015446983199019364
345.0,10.5,0.0,0.0,0.0,0.0,0.0,0.0,0.0,0.0,0.0,0.0,0.0,0.0,0.2467349689281189,0.24673496933024744,-0.015463703306395505,-0.01546370317476865
345.0,11.0,0.0,0.0,0.0,0.0,0.0,0.0,0.0,0.0,0.0,0.0,0.0,0.0,0.24668400000352808,0.246684000404197,-0.01548039745523404,-0.015480397323916241
345.0,11.5,0.0,0.0,0.0,0.0,0.0,0.0,0.0,0.0,0.0,0.0,0.0,0.0,0.2466331749405086,0.24663317533972676,-0.015497065871104629,-0.01549706574009443
345.0,12.0,0.0,0.0,0.0,0.0,0.0,0.0,0.0,0.0,0.0,0.0,0.0,0.0,0.2465824930002639,0.2465824933980403,-0.015513708647087987,-0.015513708516383883
345.0,12.5,0.0,0.0,0.0,0.0,0.0,0.0,0.0,0.0,0.0,0.0,0.0,0.0,0.24653195344950993,0.24653195384585327,-0.01553032587571914,-0.015530325745319705
345.0,13.0,0.0,0.0,0.0,0.0,0.0,0.0,0.0,0.0,0.0,0.0,0.0,0.0,0.24648155556041645,0.2464815559553355,-0.015546917648993405,-0.015546917518897165
345.0,13.5,0.0,0.0,0.0,0.0,0.0,0.0,0.0,0.0,0.0,0.0,0.0,0.0,0.24643129861055002,0.2464312990040535,-0.015563484058372079,-0.015563483928577563
345.0,14.0,0.0,0.0,0.0,0.0,0.0,0.0,0.0,0.0,0.0,0.0,0.0,0.0,0.24638118188281757,0.24638118227491407,-0.01558002519478803,-0.015580025065293795
345.0,14.5,0.0,0.0,0.0,0.0,0.0,0.0,0.0,0.0,0.0,0.0,0.0,0.0,0.24899565276636546,0.24899565315686112,-0.014744362448716672,-0.014744362327949956
345.0,15.0,0.0,0.0,0.0,0.0,0.0,0.0,0.0,0.0,0.0,0.0,0.0,0.0,0.24893802949831034,0.2489380298872177,-0.014762196159365557,-0.014762196038916688
345.0,15.5,0.0,0.0,0.0,0.0,0.0,0.0,0.0,0.0,0.0,0.0,0.0,0.0,0.25420610156606716,0.2542061019529179,-0.013232800691453203,-0.013232800586279765
345.0,16.0,0.0,0.0,0.0,0.0,0.0,0.0,0.0,0.0,0.0,0.0,0.0,0.0,0.26210717943550493,0.2621071798193576,-0.01127785276606697,-0.01127785267980708
345.0,16.5,0.0,0.0,0.0,0.0,0.0,0.0,0.0,0.0,0.0,0.0,0.0,0.0,0.27524406014561414,0.2752440605239961,-0.00873576309253686,-0.008735763029816277
345.0,17.0,0.0,0.0,0.0,0.0,0.0,0.0,0.0,0.0,0.0,0.0,0.0,0.0,0.28818908544277805,0.28818908581171987,-0.006871595163367688,-0.00687159511742306
345.0,17.5,0.0,0.0,0.0,0.0,0.0,0.0,0.0,0.0,0.0,0.0,0.0,0.0,0.29041232235470593,0.2904123227140341,-0.006601257541794046,-0.006601257499136119
345.0,18.0,0.0,0.0,0.0,0.0,0.0,0.0,0.0,0.0,0.0,0.0,0.0,0.0,0.2926024185541443,0.2926024189037402,-0.0063472500513896,-0.006347250011782697
345.0,18.5,0.0,0.0,0.0,0.0,0.0,0.0,0.0,0.0,0.0,0.0,0.0,0.0,0.2999606210727224,0.2999606214100285,-0.0055750863963995945,-0.005575086363657357
345.0,19.0,0.0,0.0,0.0,0.0,0.0,0.0,0.0,0.0,0.0,0.0,0.0,0.0,0.30194540555033444,0.3019454058757771,-0.0053863278089782,-0.005386327778657746
345.0,19.5,0.0,0.0,0.0,0.0,0.0,0.0,0.0,0.0,0.0,0.0,0.0,0.0,0.30648251887202727,0.30648251918465746,-0.004982688539712092,-0.004982688513166905
345.0,20.0,0.0,0.0,0.0,0.0,0.0,0.0,0.0,0.0,0.0,0.0,0.0,0.0,0.3134491033193921,0.31344910361691863,-0.0044308094341078096,-0.004430809412142436
345.0,20.5,0.0,0.0,0.0,0.0,0.0,0.0,0.0,0.0,0.0,0.0,0.0,0.0,0.31507392898782033,0.3150739292716633,-0.004312764872179487,-0.004312764851887792
345.0,21.0,0.0,0.0,0.0,0.0,0.0,0.0,0.0,0.0,0.0,0.0,0.0,0.0,0.31413976212214706,0.3141397623945958,-0.004380168158367059,-0.004380168138526703
345.0,21.5,0.0,0.0,0.0,0.0,0.0,0.0,0.0,0.0,0.0,0.0,0.0,0.0,0.3132903980783952,0.3132903983408987,-0.004442544582677077,-0.004442544563236163
345.0,22.0,0.0,0.0,0.0,0.0,0.0,0.0,0.0,0.0,0.0,0.0,0.0,0.0,0.3125067427244355,0.31250674297795544,-0.004501036226542575,-0.004501036207472077
345.0,22.5,0.0,0.0,0.0,0.0,0.0,0.0,0.0,0.0,0.0,0.0,0.0,0.0,0.3143546336527521,0.31435463389697166,-0.004364553953877259,-0.00436455393616813
345.0,23.0,0.0,0.0,0.0,0.0,0.0,0.0,0.0,0.0,0.0,0.0,0.0,0.0,0.31358604613953756,0.3135860463751051,-0.004420713139683649,-0.004420713122339701
345.0,23.5,0.0,0.0,0.0,0.0,0.0,0.0,0.0,0.0,0.0,0.0,0.0,0.0,0.31286237038882636,0.31286237061618244,-0.004474379349290233,-0.004474379332308466
345.0,24.0,0.0,0.0,0.0,0.0,0.0,0.0,0.0,0.0,0.0,0.0,0.0,0.0,0.3121754455034955,0.31217544572294076,-0.004526039767948442,-0.004526039751331821
346.0,0.5,0.0,0.0,0.0,0.0,0.0,0.0,0.0,0.0,0.0,0.0,0.0,0.0,0.3115190005305606,0.31151900074229666,-0.0045760733146140145,-0.004576073298369747
346.0,1.0,0.0,0.0,0.0,0.0,0.0,0.0,0.0,0.0,0.0,0.0,0.0,0.0,0.3108881043759599,0.3108881045801173,-0.0046247817800844,-0.0046247817642227195
346.0,1.5,0.0,0.0,0.0,0.0,0.0,0.0,0.0,0.0,0.0,0.0,0.0,0.0,0.3102788016988437,0.3102788018955007,-0.004672410593289145,-0.004672410577822534
346.0,2.0,0.0,0.0,0.0,0.0,0.0,0.0,0.0,0.0,0.0,0.0,0.0,0.0,0.30968787927702773,0.3096878794662245,-0.004719161905501978,-0.004719161890444533
346.0,2.5,0.0,0.0,0.0,0.0,0.0,0.0,0.0,0.0,0.0,0.0,0.0,0.0,0.3091126949916887,0.3091126951734364,-0.004765204327325333,-0.0047652043126924296
346.0,3.0,0.0,0.0,0.0,0.0,0.0,0.0,0.0,0.0,0.0,0.0,0.0,0.0,0.3085510530563033,0.3085510532305916,-0.004810680089989237,-0.004810680075797208
346.0,3.5,0.0,0.0,0.0,0.0,0.0,0.0,0.0,0.0,0.0,0.0,0.0,0.0,0.3080011116951869,0.3080011118619895,-0.004855710374528777,-0.004855710360794681
346.0,4.0,0.0,0.0,0.0,0.0,0.0,0.0,0.0,0.0,0.0,0.0,0.0,0.0,0.30746131376377894,0.3074613139230573,-0.004900399334483011,-0.004900399321224503
346.0,4.5,0.0,0.0,0.0,0.0,0.0,0.0,0.0,0.0,0.0,0.0,0.0,0.0,0.30693033382953616,0.30693033398124375,-0.004944837174897735,-0.004944837162132865
346.0,5.0,0.0,0.0,0.0,0.0,0.0,0.0,0.0,0.0,0.0,0.0,0.0,0.0,0.3064070372477059,0.30640703739178987,-0.004989102539718307,-0.004989102527465483
346.0,5.5,0.0,0.0,0.0,0.0,0.0,0.0,0.0,0.0,0.0,0.0,0.0,0.0,0.30589044810796057,0.30589044824436495,-0.005033264385109599,-0.005033264373387401
346.0,6.0,0.0,0.0,0.0,0.0,0.0,0.0,0.0,0.0,0.0,0.0,0.0,0.0,0.30537972383203194,0.30537972396069873,-0.005077383465595141,-0.005077383454422313
346.0,6.5,0.0,0.0,0.0,0.0,0.0,0.0,0.0,0.0,0.0,0.0,0.0,0.0,0.30487413482109255,0.30487413494196364,-0.0051215135250362006,-0.005121513514431537
346.0,7.0,0.0,0.0,0.0,0.0,0.0,0.0,0.0,0.0,0.0,0.0,0.0,0.0,0.3043730479815354,0.3043730480945538,-0.0051657022601059805,-0.005165702250088258
346.0,7.5,0.0,0.0,0.0,0.0,0.0,0.0,0.0,0.0,0.0,0.0,0.0,0.0,0.30387591326108154,0.3038759133661926,-0.005209992106642941,-0.005209992097230854
346.0,8.0,0.0,0.0,0.0,0.0,0.0,0.0,0.0,0.0,0.0,0.0,0.0,0.0,0.3033822525441635,0.3033822526413157,-0.005254420886853551,-0.0052544208780656715
346.0,8.5,0.0,0.0,0.0,0.0,0.0,0.0,0.0,0.0,0.0,0.0,0.0,0.0,0.30289165041290933,0.30289165050205513,-0.00529902234629541,-0.005299022338150126
346.0,9.0,0.0,0.0,0.0,0.0,0.0,0.0,0.0,0.0,0.0,0.0,0.09260332524446911,0.09260332524446911,0.30240374639560325,0.30240374647670004,-0.005343826602907536,-0.005343826595422983
346.0,9.5,0.0,0.0,0.0,0.0,0.0,0.0,0.0,0.0,0.0,0.0,0.19375048873403317,0.19375048873403317,0.30190642771049475,0.3019064277835052,-0.005389960708600828,-0.005389960701793216
346.0,10.0,0.0,0.0,0.0,0.0,0.0,0.0,0.0,0.0,0.0,0.0,0.3208405963978951,0.3208405963978951,0.3013983363113365,0.3013983363762291,-0.005437585078835,-0.005437585072720557
346.0,10.5,0.0,0.0,0.0,0.0,0.0,0.0,0.0,0.0,0.0,0.0,0.3733767613209553,0.3733767613209553,0.3008759349354671,0.3008759349922168,-0.005487074443252455,-0.005487074437847226
346.0,11.0,0.0,0.0,0.0,0.0,0.0,0.0,0.0,0.0,0.0,0.0,0.48903956787534575,0.48903956787534575,0.3029577463298936,0.3029577463774935,-0.005292987237571624,-0.0052929872332283055
346.0,11.5,0.0,0.0,0.0,0.0,0.0,0.0,0.0,0.0,0.0,0.0,0.5995414966911411,0.5995414966911411,0.30235681673656173,0.30235681677507514,-0.005348159906747052,-0.005348159903189154
346.0,12.0,0.0,0.0,0.0,0.0,0.0,0.0,0.0,0.0,0.0,0.0,0.5312064351658392,0.5312064351658392,0.3017456459205669,0.301745645950054,-0.005404977144452874,-0.005404977141694321
346.0,12.5,0.0,0.0,0.0,0.0,0.0,0.0,0.0,0.0,0.0,0.0,0.45423746507744783,0.45423746507744783,0.30114669799727567,0.3011466980179291,-0.005461357190965679,-0.005461357189009488
346.0,13.0,0.0,0.0,0.0,0.0,0.0,0.0,0.0,0.0,0.0,0.0,0.40919225178303714,0.40919225178303714,0.3005609555757815,0.3005609555878956,-0.005517173173170821,-0.005517173172009449
346.0,13.5,0.0,0.0,0.0,0.0,0.0,0.0,0.0,0.0,0.0,0.0,0.3777325388183382,0.3777325388183382,0.29998438411423295,0.2999843841181773,-0.005572780290900032,-0.005572780290517346
346.0,14.0,0.0,0.0,0.0,0.0,0.0,0.0,0.0,0.0,0.0,0.0,0.22477045292330997,0.22477045292330997,0.2994153919080737,0.2994153919042717,-0.0056283123181010645,-0.00562831231847433
346.0,14.5,0.0,0.0,0.0,0.0,0.0,0.0,0.0,0.0,0.0,0.0,0.08467207357367977,0.08467207357367977,0.2988696719143839,0.29886967190329417,-0.005682193534898443,-0.005682193535999604
346.0,15.0,0.0,0.0,0.0,0.0,0.0,0.0,0.0,0.0,0.0,0.0,0.0,0.0,0.29834583639641565,0.29834583637851725,-0.005734493071921255,-0.005734493073717998
346.0,15.5,0.0,0.0,0.0,0.0,0.0,0.0,0.0,0.0,0.0,0.0,0.0,0.0,0.29783709408021036,0.2978370940559905,-0.005785835600246079,-0.005785835602703364
346.0,16.0,0.0,0.0,0.0,0.0,0.0,0.0,0.0,0.0,0.0,0.0,0.0,0.0,0.29733293070448746,0.2973329306744317,-0.005837257254924464,-0.005837257258006166
346.0,16.5,0.0,0.0,0.0,0.0,0.0,0.0,0.0,0.0,0.0,0.0,0.0,0.0,0.2968336137329015,0.29683361369748634,-0.005888722186728782,-0.005888722190398173
346.0,17.0,0.0,0.0,0.0,0.0,0.0,0.0,0.0,0.0,0.0,0.0,0.0,0.0,0.2963393937581385,0.29633939371782547,-0.00594019502208825,-0.005940195026308652
346.0,17.5,0.0,0.0,0.0,0.0,0.0,0.0,0.0,0.0,0.0,0.0,0.0,0.0,0.29585049881748243,0.29585049877271397,-0.005991641551472291,-0.005991641556207538
346.0,18.0,0.0,0.0,0.0,0.0,0.0,0.0,0.0,0.0,0.0,0.0,0.0,0.0,0.2953671309668204,0.2953671309180173,-0.006043029216319133,-0.006043029221533918
346.0,18.5,0.0,0.0,0.0,0.0,0.0,0.0,0.0,0.0,0.0,0.0,0.0,0.0,0.2948894645752947,0.29488946452285375,-0.006094327435133189,-0.006094327440793416
346.0,19.0,0.0,0.0,0.0,0.0,0.0,0.0,0.0,0.0,0.0,0.0,0.0,0.0,0.2944176459031754,0.29441764584746877,-0.006145507802913308,-0.0061455078089862275
346.0,19.5,0.0,0.0,0.0,0.0,0.0,0.0,0.0,0.0,0.0,0.0,0.0,0.0,0.29395179361126145,0.2939517935526365,-0.006196544192363602,-0.006196544198817951
346.0,20.0,0.0,0.0,0.0,0.0,0.0,0.0,0.0,0.0,0.0,0.0,0.0,0.0,0.29349199992267966,0.29349199986145863,-0.006247412780333455,-0.006247412787139602
346.0,20.5,0.0,0.0,0.0,0.0,0.0,0.0,0.0,0.0,0.0,0.0,0.0,0.0,0.29565072744214393,0.29565072737834547,-0.006012816216594906,-0.0060128162233714175
346.0,21.0,0.0,0.0,0.0,0.0,0.0,0.0,0.0,0.0,0.0,0.0,0.0,0.0,0.2951467901731331,0.2951467901071072,-0.006066628179465188,-0.0060666281865531324
346.0,21.5,0.0,0.0,0.0,0.0,0.0,0.0,0.0,0.0,0.0,0.0,0.0,0.0,0.2972596205110747,0.2972596204429052,-0.005844779721141217,-0.005844779728141552
346.0,22.0,0.0,0.0,0.0,0.0,0.0,0.0,0.0,0.0,0.0,0.0,0.0,0.0,0.29931485385015955,0.2993148537799894,-0.00563819296177423,-0.005638192968677596
346.0,22.5,0.0,0.0,0.0,0.0,0.0,0.0,0.0,0.0,0.0,0.0,0.0,0.0,0.3013110281868272,0.3013110281148586,-0.005445819028757236,-0.005445819035550649
346.0,23.0,0.0,0.0,0.0,0.0,0.0,0.0,0.0,0.0,0.0,0.0,0.0,0.0,0.303247286190052,0.3032472861165431,-0.005266646154858338,-0.005266646161526004
346.0,23.5,0.0,0.0,0.0,0.0,0.0,0.0,0.0,0.0,0.0,0.0,0.0,0.0,0.3025410981601057,0.3025410980854944,-0.005331168087897467,-0.005331168094764032
346.0,24.0,0.0,0.0,0.0,0.0,0.0,0.0,0.0,0.0,0.0,0.0,0.0,0.0,0.3018612142453345,0.3018612141699813,-0.005394178452900272,-0.0053941784599328855
347.0,0.5,0.0,0.0,0.0,0.0,0.0,0.0,0.0,0.0,0.0,0.0,0.0,0.0,0.30120475027309,0.3012047501972948,-0.005455862059153426,-0.005455862066323774
347.0,1.0,0.0,0.0,0.0,0.0,0.0,0.0,0.0,0.0,0.0,0.0,0.0,0.0,0.30574088241493647,0.3057408823389026,-0.0050461372025876776,-0.005046137209141722
347.0,1.5,0.0,0.0,0.0,0.0,0.0,0.0,0.0,0.0,0.0,0.0,0.0,0.0,0.31519506684323695,0.3151950667673053,-0.004304115179643098,-0.004304115185058416
347.0,2.0,0.0,0.0,0.0,0.0,0.0,0.0,0.0,0.0,0.0,0.0,0.0,0.0,0.32409818448970473,0.32409818441465155,-0.003721376873476556,-0.0037213768779773898
347.0,2.5,0.0,0.0,0.0,0.0,0.0,0.0,0.0,0.0,0.0,0.0,0.0,0.0,0.33235975038688714,0.33235975031403675,-0.003262945182802991,-0.0032629451865383314
347.0,3.0,0.0,0.0,0.0,0.0,0.0,0.0,0.0,0.0,0.0,0.0,0.0,0.0,0.3422598748658663,0.34225987479757025,-0.002799192798863884,-0.0027991928017811036
347.0,3.5,0.0,0.0,0.0,0.0,0.0,0.0,0.0,0.0,0.0,0.0,0.0,0.0,0.3488763870036541,0.3488763869421338,-0.0025328111631277156,-0.0025328111654603484
347.0,4.0,0.0,0.0,0.0,0.0,0.0,0.0,0.0,0.0,0.0,0.0,0.0,0.0,0.35480346920829314,0.3548034691562747,-0.002319486848305012,-0.0023194868500810736
347.0,4.5,0.0,0.0,0.0,0.0,0.0,0.0,0.0,0.0,0.0,0.0,0.0,0.0,0.3606320405786069,0.3606320405265885,-0.002130264753955414,-0.0021302647555602227
347.0,5.0,0.0,0.0,0.0,0.0,0.0,0.0,0.0,0.0,0.0,0.0,0.0,0.0,0.36646061194892066,0.36646061189690216,-0.0019591505521959454,-0.0019591505536483743
347.0,5.5,0.0,0.0,0.0,0.0,0.0,0.0,0.0,0.0,0.0,0.0,0.0,0.0,0.37228918331923433,0.3722891832672159,-0.0018041635302545249,-0.0018041635315711117
347.0,6.0,0.0,0.0,0.0,0.0,0.0,0.0,0.0,0.0,0.0,0.0,0.0,0.0,0.37132542089691417,0.3713254209441449,-0.0018287540700718577,-0.0018287540688570092
347.0,6.5,0.0,0.0,0.0,0.0,0.0,0.0,0.0,0.0,0.0,0.0,0.0,0.0,0.36723306838037384,0.36723306837770303,-0.00193772321702875,-0.0019377232171023516
347.0,7.0,0.0,0.0,0.0,0.0,0.0,0.0,0.0,0.0,0.0,0.0,0.0,0.0,0.3644223860207722,0.36442238601829313,-0.0020170588710827046,-0.002017058871154369
347.0,7.5,0.0,0.0,0.0,0.0,0.0,0.0,0.0,0.0,0.0,0.0,0.0,0.0,0.3642295528037936,0.36422955280214864,-0.002022642384071885,-0.0020226423841195923
347.0,8.0,0.0,0.0,0.0,0.0,0.0,0.0,0.0,0.0,0.0,0.0,0.0,0.0,0.36106307591739106,0.36106307591631437,-0.0021170162884421593,-0.00211701628847513
347.0,8.5,0.0,0.0,0.0,0.0,0.0,0.0,0.0,0.0,0.0,0.0,0.0,0.0,0.3602108818386716,0.360210881837595,-0.0021433051722138862,-0.002143305172247344
347.0,9.0,0.0,0.0,0.0,0.0,0.0,0.0,0.0,0.0,0.0,0.0,0.0,0.0,0.35940133111577865,0.3594013311150763,-0.002168639578977589,-0.002168639578999724
347.0,9.5,0.0,0.0,0.0,0.0,0.0,0.0,0.0,0.0,0.0,0.0,0.0,0.0,0.35890247949843057,0.35890247949796567,-0.0021844285442490954,-0.0021844285442638735
347.0,10.0,0.0,0.0,0.0,0.0,0.0,0.0,0.0,0.0,0.0,0.0,0.0,0.0,0.3626169830498953,0.3626169830495851,-0.002070062688511187,-0.002070062688520436
347.0,10.5,0.0,0.0,0.0,0.0,0.0,0.0,0.0,0.0,0.0,0.0,0.0,0.0,0.3618671200056725,0.3618671200054786,-0.002092564285158103,-0.0020925642851639596
347.0,11.0,0.0,0.0,0.0,0.0,0.0,0.0,0.0,0.0,0.0,0.0,0.0,0.0,0.3629892130173232,0.36298921301725456,-0.002059000076997003,-0.0020590000769990357
347.0,11.5,0.0,0.0,0.0,0.0,0.0,0.0,0.0,0.0,0.0,0.0,0.0,0.0,0.3653702976649997,0.36537029766496415,-0.001989877509438846,-0.001989877509439857
347.0,12.0,0.0,0.0,0.0,0.0,0.0,0.0,0.0,0.0,0.0,0.0,0.0,0.0,0.37028720737606446,0.3702872073760507,-0.0018556924324191386,-0.0018556924324194992
347.0,12.5,0.0,0.0,0.0,0.0,0.0,0.0,0.0,0.0,0.0,0.0,0.0,0.0,0.37013372161442404,0.37013372161442043,-0.0018597148995506169,-0.001859714899550712
347.0,13.0,0.0,0.0,0.0,0.0,0.0,0.0,0.0,0.0,0.0,0.0,0.0,0.0,0.3698337136624682,0.369833713662468,-0.0018676073761771685,-0.0018676073761771746
347.0,13.5,0.0,0.0,0.0,0.0,0.0,0.0,0.0,0.0,0.0,0.0,0.0,0.0,0.367940457403588,0.367940457403588,-0.0019183453261234914,-0.0019183453261234914
347.0,14.0,0.0,0.0,0.0,0.0,0.0,0.0,0.0,0.0,0.0,0.0,0.0,0.0,0.3721305463509918,0.3721305463509918,-0.0018081839620679538,-0.0018081839620679538
347.0,14.5,0.0,0.0,0.0,0.0,0.0,0.0,0.0,0.0,0.0,0.0,0.0,0.0,0.37659504528495275,0.37659504528495275,-0.0016989972332281938,-0.0016989972332281938
347.0,15.0,0.0,0.0,0.0,0.0,0.0,0.0,0.0,0.0,0.0,0.0,0.0,0.0,0.3755252235221796,0.3755252235221796,-0.0017244288647694365,-0.0017244288647694365
347.0,15.5,0.0,0.0,0.0,0.0,0.0,0.0,0.0,0.0,0.0,0.0,0.0,0.0,0.3766316568123517,0.3766316568123517,-0.001698134847838789,-0.001698134847838789
347.0,16.0,0.0,0.0,0.0,0.0,0.0,0.0,0.0,0.0,0.0,0.0,0.0,0.0,0.36307188493536785,0.36307188493536785,-0.0020565526497392126,-0.0020565526497392126
347.0,16.5,0.0,0.0,0.0,0.0,0.0,0.0,0.0,0.0,0.0,0.0,0.0,0.0,0.36146487435806524,0.36146487435806524,-0.0021047547793595273,-0.0021047547793595273
347.0,17.0,0.0,0.0,0.0,0.0,0.0,0.0,0.0,0.0,0.0,0.0,0.0,0.0,0.35860845064463587,0.35860845064463587,-0.002193798896900591,-0.002193798896900591
347.0,17.5,0.0,0.0,0.0,0.0,0.0,0.0,0.0,0.0,0.0,0.0,0.0,0.0,0.35374779729649664,0.35374779729649664,-0.0023558666665204385,-0.0023558666665204385
347.0,18.0,0.0,0.0,0.0,0.0,0.0,0.0,0.0,0.0,0.0,0.0,0.0,0.0,0.35155945012797063,0.35155945012797063,-0.0024334687419907,-0.0024334687419907
347.0,18.5,0.0,0.0,0.0,0.0,0.0,0.0,0.0,0.0,0.0,0.0,0.0,0.0,0.34669879677983134,0.34669879677983134,-0.002617005601054922,-0.002617005601054922
347.0,19.0,0.0,0.0,0.0,0.0,0.0,0.0,0.0,0.0,0.0,0.0,0.0,0.0,0.34451044961130534,0.34451044961130534,-0.0027049970499354215,-0.0027049970499354215
347.0,19.5,0.0,0.0,0.0,0.0,0.0,0.0,0.0,0.0,0.0,0.0,0.0,0.0,0.33964979626316605,0.33964979626316605,-0.0029133752130759763,-0.0029133752130759763
347.0,20.0,0.0,0.0,0.0,0.0,0.0,0.0,0.0,0.0,0.0,0.0,0.0,0.0,0.33478914291502676,0.33478914291502676,-0.0031411640412201294,-0.0031411640412201294
347.0,20.5,0.0,0.0,0.0,0.0,0.0,0.0,0.0,0.0,0.0,0.0,0.0,0.0,0.32992848956688753,0.32992848956688753,-0.003390493949422979,-0.003390493949422979
347.0,21.0,0.0,0.0,0.0,0.0,0.0,0.0,0.0,0.0,0.0,0.0,0.0,0.0,0.33842936711681443,0.33842936711681443,-0.00296866496770591,-0.00296866496770591
347.0,21.5,0.0,0.0,0.0,0.0,0.0,0.0,0.0,0.0,0.0,0.0,0.0,0.0,0.33446702937578043,0.33446702937578043,-0.003156995692330621,-0.003156995692330621
347.0,22.0,0.0,0.0,0.0,0.0,0.0,0.0,0.0,0.0,0.0,0.0,0.0,0.0,0.3314904240967235,0.3314904240967235,-0.003307884164924747,-0.003307884164924747
347.0,22.5,0.0,0.0,0.0,0.0,0.0,0.0,0.0,0.0,0.0,0.0,0.0,0.0,0.32894762320044085,0.32894762320044085,-0.003443628527204808,-0.003443628527204808
347.0,23.0,0.0,0.0,0.0,0.0,0.0,0.0,0.0,0.0,0.0,0.0,0.0,0.0,0.3266760026225611,0.3266760026225611,-0.003570542283905972,-0.003570542283905972
347.0,23.5,0.0,0.0,0.0,0.0,0.0,0.0,0.0,0.0,0.0,0.0,0.0,0.0,0.3246037539069818,0.3246037539069818,-0.0036912051840220393,-0.0036912051840220393
347.0,24.0,0.0,0.0,0.0,0.0,0.0,0.0,0.0,0.0,0.0,0.0,0.0,0.0,0.3226915584841021,0.3226915584841021,-0.00380688135164982,-0.00380688135164982
348.0,0.5,0.0,0.0,0.0,0.0,0.0,0.0,0.0,0.0,0.0,0.0,0.0,0.0,0.32091428430433355,0.32091428430433355,-0.003918287785003991,-0.003918287785003991
348.0,1.0,0.0,0.0,0.0,0.0,0.0,0.0,0.0,0.0,0.0,0.0,0.0,0.0,0.3192539552142575,0.3192539552142575,-0.004025889757875338,-0.004025889757875338
348.0,1.5,0.0,0.0,0.0,0.0,0.0,0.0,0.0,0.0,0.0,0.0,0.0,0.0,0.3176966912183122,0.3176966912183122,-0.004130026334948883,-0.004130026334948883
348.0,2.0,0.0,0.0,0.0,0.0,0.0,0.0,0.0,0.0,0.0,0.0,0.0,0.0,0.31623123545782955,0.31623123545782955,-0.004230967245168857,-0.004230967245168857
348.0,2.5,0.0,0.0,0.0,0.0,0.0,0.0,0.0,0.0,0.0,0.0,0.0,0.0,0.3173531438076818,0.3173531438076818,-0.004153430124206246,-0.004153430124206246
348.0,3.0,0.0,0.0,0.0,0.0,0.0,0.0,0.0,0.0,0.0,0.0,0.0,0.0,0.32577557025304443,0.32577557025304443,-0.003622386241016769,-0.003622386241016769
348.0,3.5,0.0,0.0,0.0,0.0,0.0,0.0,0.0,0.0,0.0,0.0,0.0,0.0,0.33104523487830145,0.33104523487830145,-0.003331183180033242,-0.003331183180033242
348.0,4.0,0.0,0.0,0.0,0.0,0.0,0.0,0.0,0.0,0.0,0.0,0.0,0.0,0.32874476316423346,0.32874476316423346,-0.0034547411510190613,-0.0034547411510190613
348.0,4.5,0.0,0.0,0.0,0.0,0.0,0.0,0.0,0.0,0.0,0.0,0.0,0.0,0.3267034745930613,0.3267034745930613,-0.0035689744864333887,-0.0035689744864333887
348.0,5.0,0.0,0.0,0.0,0.0,0.0,0.0,0.0,0.0,0.0,0.0,0.0,0.0,0.3248349353305145,0.3248349353305145,-0.00367750574951745,-0.00367750574951745
348.0,5.5,0.0,0.0,0.0,0.0,0.0,0.0,0.0,0.0,0.0,0.0,0.0,0.0,0.32309434199077147,0.32309434199077147,-0.0037821603873354247,-0.0037821603873354247
348.0,6.0,0.0,0.0,0.0,0.0,0.0,0.0,0.0,0.0,0.0,0.0,0.0,0.0,0.3239336097086251,0.3239336097086251,-0.003731261803949173,-0.003731261803949173
348.0,6.5,0.0,0.0,0.0,0.0,0.0,0.0,0.0,0.0,0.0,0.0,0.0,0.0,0.32222717325819983,0.32222717325819983,-0.0038356224871857873,-0.0038356224871857873
348.0,7.0,0.0,0.0,0.0,0.0,0.0,0.0,0.0,0.0,0.0,0.0,0.0,0.0,0.3206242809939462,0.3206242809939462,-0.00393683288146473,-0.00393683288146473
348.0,7.5,0.0,0.0,0.0,0.0,0.0,0.0,0.0,0.0,0.0,0.0,0.0,0.0,0.3265191663244249,0.3265191663244249,-0.0035795085031163016,-0.0035795085031163016
348.0,8.0,0.0,0.0,0.0,0.0,0.0,0.0,0.0,0.0,0.0,0.0,0.0,0.0,0.34838157477241805,0.34838157477241805,-0.002551655778724532,-0.002551655778724532
348.0,8.5,0.0,0.0,0.0,0.0,0.0,0.0,0.0,0.0,0.0,0.0,0.0,0.0,0.3465373988333919,0.3465373988333919,-0.0026233776109439656,-0.0026233776109439656
348.0,9.0,0.0,0.0,0.0,0.0,0.0,0.0,0.0,0.0,0.0,0.0,0.0,0.0,0.3475232939216358,0.3475232939216358,-0.002584740625026196,-0.002584740625026196
348.0,9.5,0.0,0.0,0.0,0.0,0.0,0.0,0.0,0.0,0.0,0.0,0.08952506649041969,0.08952506649041969,0.3437922030546836,0.3437922030546836,-0.002734642422318088,-0.002734642422318088
348.0,10.0,0.0,0.0,0.0,0.0,0.0,0.0,0.0,0.0,0.0,0.0,0.19967521154139767,0.19967521154139767,0.34024969595483096,0.34024969595483096,-0.002886647764611595,-0.002886647764611595
348.0,10.5,0.0,0.0,0.0,0.0,0.0,0.0,0.0,0.0,0.0,0.0,0.5117848117031287,0.5117848117031287,0.33914703621827186,0.33914703621827186,-0.0029360021271242565,-0.0029360021271242565
348.0,11.0,0.0,0.0,0.0,0.0,0.0,0.0,0.0,0.0,0.0,0.0,0.8321706809386191,0.8321706809386191,0.33570428685108805,0.33570428685108805,-0.0030966988215212913,-0.0030966988215212913
348.0,11.5,0.0,0.0,0.0,0.0,0.0,0.0,0.0,0.0,0.0,0.0,0.2893232881604707,0.2893232881604707,0.33255620636360256,0.33255620636360256,-0.003252890575499271,-0.003252890575499271
348.0,12.0,0.0,0.0,0.0,0.0,0.0,0.0,0.0,0.0,0.0,0.0,1.0400829062922294,1.0400829062922294,0.3297738995008701,0.3297738995008701,-0.0033988030679046755,-0.0033988030679046755
348.0,12.5,0.0,0.0,0.0,0.0,0.0,0.0,0.0,0.0,0.0,0.0,0.5510804988110282,0.5510804988110282,0.3271531203805061,0.3271531203805061,-0.0035434298640644973,-0.0035434298640644973
348.0,13.0,0.0,0.0,0.0,0.0,0.0,0.0,0.0,0.0,0.0,0.0,0.9517874193556931,0.9517874193556931,0.32481598655608485,0.32481598655608485,-0.0036786263412367684,-0.0036786263412367684
348.0,13.5,0.0,0.0,0.0,0.0,0.0,0.0,0.0,0.0,0.0,0.0,0.8765777709476121,0.8765777709476121,0.32261810208368036,0.32261810208368036,-0.0038114104928333612,-0.0038114104928333612
348.0,14.0,0.0,0.0,0.0,0.0,0.0,0.0,0.0,0.0,0.0,0.0,0.29973143500556143,0.29973143500556143,0.3205940706002395,0.3205940706002395,-0.003938770780345241,-0.003938770780345241
348.0,14.5,0.0,0.0,0.0,0.0,0.0,0.0,0.0,0.0,0.0,0.0,0.6038229648599394,0.6038229648599394,0.3187861087739929,0.3187861087739929,-0.004056843159934918,-0.004056843159934918
348.0,15.0,0.0,0.0,0.0,0.0,0.0,0.0,0.0,0.0,0.0,0.0,0.0,0.0,0.317063895346985,0.317063895346985,-0.004173257467400816,-0.004173257467400816
348.0,15.5,0.0,0.0,0.0,0.0,0.0,0.0,0.0,0.0,0.0,0.0,0.0,0.0,0.3155280510890431,0.3155280510890431,-0.004280445152263707,-0.004280445152263707
348.0,16.0,0.0,0.0,0.0,0.0,0.0,0.0,0.0,0.0,0.0,0.0,0.0,0.0,0.31408896008202647,0.31408896008202647,-0.004383869544585303,-0.004383869544585303
348.0,16.5,0.0,0.0,0.0,0.0,0.0,0.0,0.0,0.0,0.0,0.0,0.0,0.0,0.32747274291006256,0.32747274291006256,-0.0035254043383575674,-0.0035254043383575674
348.0,17.0,0.0,0.0,0.0,0.0,0.0,0.0,0.0,0.0,0.0,0.0,0.0,0.0,0.3276736893879917,0.3276736893879917,-0.003514127631985492,-0.003514127631985492
348.0,17.5,0.0,0.0,0.0,0.0,0.0,0.0,0.0,0.0,0.0,0.0,0.0,0.0,0.325548882271271,0.325548882271271,-0.003635579204931331,-0.003635579204931331
348.0,18.0,0.0,0.0,0.0,0.0,0.0,0.0,0.0,0.0,0.0,0.0,0.0,0.0,0.3236457204515273,0.3236457204515273,-0.003748628763762614,-0.003748628763762614
348.0,18.5,0.0,0.0,0.0,0.0,0.0,0.0,0.0,0.0,0.0,0.0,0.0,0.0,0.3243662994678605,0.3243662994678605,-0.0037053396970338093,-0.0037053396970338093
348.0,19.0,0.0,0.0,0.0,0.0,0.0,0.0,0.0,0.0,0.0,0.0,0.0,0.0,0.3225845776247459,0.3225845776247459,-0.0038134796621152145,-0.0038134796621152145
348.0,19.5,0.0,0.0,0.0,0.0,0.0,0.0,0.0,0.0,0.0,0.0,0.0,0.0,0.33541363108642125,0.33541363108642125,-0.003110739517437948,-0.003110739517437948
348.0,20.0,0.0,0.0,0.0,0.0,0.0,0.0,0.0,0.0,0.0,0.0,0.0,0.0,0.33280823254162195,0.33280823254162195,-0.0032400458892259585,-0.0032400458892259585
348.0,20.5,0.0,0.0,0.0,0.0,0.0,0.0,0.0,0.0,0.0,0.0,0.0,0.0,0.3329165038301836,0.3329165038301836,-0.003234546331590073,-0.003234546331590073
348.0,21.0,0.0,0.0,0.0,0.0,0.0,0.0,0.0,0.0,0.0,0.0,0.0,0.0,0.3306185592965073,0.3306185592965073,-0.0033536970052677312,-0.0033536970052677312
348.0,21.5,0.0,0.0,0.0,0.0,0.0,0.0,0.0,0.0,0.0,0.0,0.0,0.0,0.3284930361003533,0.3284930361003533,-0.0034685901620387454,-0.0034685901620387454
348.0,22.0,0.0,0.0,0.0,0.0,0.0,0.0,0.0,0.0,0.0,0.0,0.0,0.0,0.3289360460656078,0.3289360460656078,-0.0034442615728412086,-0.0034442615728412086
348.0,22.5,0.0,0.0,0.0,0.0,0.0,0.0,0.0,0.0,0.0,0.0,0.0,0.0,0.32930061617586814,0.32930061617586814,-0.003424393015766973,-0.003424393015766973
348.0,23.0,0.0,0.0,0.0,0.0,0.0,0.0,0.0,0.0,0.0,0.0,0.0,0.0,0.32718381198766844,0.32718381198766844,-0.003541694212775336,-0.003541694212775336
348.0,23.5,0.0,0.0,0.0,0.0,0.0,0.0,0.0,0.0,0.0,0.0,0.0,0.0,0.325216496305112,0.325216496305112,-0.0036550273297603765,-0.0036550273297603765
348.0,24.0,0.0,0.0,0.0,0.0,0.0,0.0,0.0,0.0,0.0,0.0,0.0,0.0,0.32337488555423083,0.32337488555423083,-0.0037650549059388997,-0.0037650549059388997
349.0,0.5,0.0,0.0,0.0,0.0,0.0,0.0,0.0,0.0,0.0,0.0,0.0,0.0,0.32164363262121315,0.32164363262121315,-0.0038721056482842694,-0.0038721056482842694
349.0,1.0,0.0,0.0,0.0,0.0,0.0,0.0,0.0,0.0,0.0,0.0,0.0,0.0,0.32001154477627475,0.32001154477627475,-0.003976361122522172,-0.003976361122522172
349.0,1.5,0.0,0.0,0.0,0.0,0.0,0.0,0.0,0.0,0.0,0.0,0.0,0.0,0.3184696240880076,0.3184696240880076,-0.004077943088401754,-0.004077943088401754
349.0,2.0,0.0,0.0,0.0,0.0,0.0,0.0,0.0,0.0,0.0,0.0,0.0,0.0,0.3195066453601602,0.3195066453601602,-0.0040092884642660715,-0.0040092884642660715
349.0,2.5,0.0,0.0,0.0,0.0,0.0,0.0,0.0,0.0,0.0,0.0,0.0,0.0,0.3179791275469735,0.3179791275469735,-0.004110903285548478,-0.004110903285548478
349.0,3.0,0.0,0.0,0.0,0.0,0.0,0.0,0.0,0.0,0.0,0.0,0.0,0.0,0.3165437609962444,0.3165437609962444,-0.00420919601607781,-0.00420919601607781
349.0,3.5,0.0,0.0,0.0,0.0,0.0,0.0,0.0,0.0,0.0,0.0,0.0,0.0,0.32018693115667646,0.32018693115667646,-0.003964998655336644,-0.003964998655336644
349.0,4.0,0.0,0.0,0.0,0.0,0.0,0.0,0.0,0.0,0.0,0.0,0.0,0.0,0.3186238108732759,0.3186238108732759,-0.00406764721509117,-0.00406764721509117
349.0,4.5,0.0,0.0,0.0,0.0,0.0,0.0,0.0,0.0,0.0,0.0,0.0,0.0,0.31717024296270996,0.31717024296270996,-0.0041659544913782215,-0.0041659544913782215
349.0,5.0,0.0,0.0,0.0,0.0,0.0,0.0,0.0,0.0,0.0,0.0,0.0,0.0,0.3158070522192973,0.3158070522192973,-0.004260731829642695,-0.004260731829642695
349.0,5.5,0.0,0.0,0.0,0.0,0.0,0.0,0.0,0.0,0.0,0.0,0.0,0.0,0.31452074071617225,0.31452074071617225,-0.004352528783438946,-0.004352528783438946
349.0,6.0,0.0,0.0,0.0,0.0,0.0,0.0,0.0,0.0,0.0,0.0,0.0,0.0,0.313301359330447,0.313301359330447,-0.004441732884771151,-0.004441732884771151
349.0,6.5,0.0,0.0,0.0,0.0,0.0,0.0,0.0,0.0,0.0,0.0,0.0,0.0,0.3121412793623042,0.3121412793623042,-0.004528627744185702,-0.004528627744185702
349.0,7.0,0.0,0.0,0.0,0.0,0.0,0.0,0.0,0.0,0.0,0.0,0.0,0.0,0.31103445004524666,0.31103445004524666,-0.0046134283257114805,-0.0046134283257114805
349.0,7.5,0.0,0.0,0.0,0.0,0.0,0.0,0.0,0.0,0.0,0.0,0.0,0.0,0.3099759325340448,0.3099759325340448,-0.004696303052670927,-0.004696303052670927
349.0,8.0,0.0,0.0,0.0,0.0,0.0,0.0,0.0,0.0,0.0,0.0,0.0,0.0,0.3089615977915092,0.3089615977915092,-0.004777388013569703,-0.004777388013569703
349.0,8.5,0.0,0.0,0.0,0.0,0.0,0.0,0.0,0.0,0.0,0.0,0.0,0.0,0.3079879249145507,0.3079879249145507,-0.004856796284830445,-0.004856796284830445
349.0,9.0,0.0,0.0,0.0,0.0,0.0,0.0,0.0,0.0,0.0,0.0,0.0,0.0,0.30705186276263857,0.30705186276263857,-0.004934624162708563,-0.004934624162708563
349.0,9.5,0.0,0.0,0.0,0.0,0.0,0.0,0.0,0.0,0.0,0.0,0.24653988796931894,0.24653988796931894,0.30615073248445995,0.30615073248445995,-0.00501095540060402,-0.00501095540060402
349.0,10.0,0.0,0.0,0.0,0.0,0.0,0.0,0.0,0.0,0.0,0.0,0.261270784369955,0.261270784369955,0.3052507398122205,0.3052507398122205,-0.00508859857295405,-0.00508859857295405
349.0,10.5,0.0,0.0,0.0,0.0,0.0,0.0,0.0,0.0,0.0,0.0,0.6677165832965047,0.6677165832965047,0.3043792974764861,0.3043792974764861,-0.0051651483526878594,-0.0051651483526878594
349.0,11.0,0.0,0.0,0.0,0.0,0.0,0.0,0.0,0.0,0.0,0.0,1.1373317183464604,1.1373317183464604,0.30348457090296793,0.30348457090296793,-0.005245175406319741,-0.005245175406319741
349.0,11.5,0.0,0.0,0.0,0.0,0.0,0.0,0.0,0.0,0.0,0.0,1.0164059115348596,1.0164059115348596,0.3025567733299337,0.3025567733299337,-0.005329725716603483,-0.005329725716603483
349.0,12.0,0.0,0.0,0.0,0.0,0.0,0.0,0.0,0.0,0.0,0.0,0.7860924036106731,0.7860924036106731,0.3016695783816764,0.3016695783816764,-0.00541209894410804,-0.00541209894410804
349.0,12.5,0.0,0.0,0.0,0.0,0.0,0.0,0.0,0.0,0.0,0.0,0.5893567666480952,0.5893567666480952,0.30083548259390414,0.30083548259390414,-0.005490929010131744,-0.005490929010131744
349.0,13.0,0.0,0.0,0.0,0.0,0.0,0.0,0.0,0.0,0.0,0.0,0.43401015141385213,0.43401015141385213,0.30004888649856354,0.30004888649856354,-0.005566526326891844,-0.005566526326891844
349.0,13.5,0.0,0.0,0.0,0.0,0.0,0.0,0.0,0.0,0.0,0.0,0.5202676069624621,0.5202676069624621,0.2993033038318779,0.2993033038318779,-0.005639329393389343,-0.005639329393389343
349.0,14.0,0.0,0.0,0.0,0.0,0.0,0.0,0.0,0.0,0.0,0.0,0.23299726514012115,0.23299726514012115,0.2985668304878061,0.2985668304878061,-0.005712359461572699,-0.005712359461572699
349.0,14.5,0.0,0.0,0.0,0.0,0.0,0.0,0.0,0.0,0.0,0.0,0.183617121196784,0.183617121196784,0.297886035583523,0.297886035583523,-0.005780872655672362,-0.005780872655672362
349.0,15.0,0.0,0.0,0.0,0.0,0.0,0.0,0.0,0.0,0.0,0.0,0.0,0.0,0.2972296494752223,0.2972296494752223,-0.005847858418923728,-0.005847858418923728
349.0,15.5,0.0,0.0,0.0,0.0,0.0,0.0,0.0,0.0,0.0,0.0,0.0,0.0,0.2966138919002501,0.2966138919002501,-0.005911540254990926,-0.005911540254990926
349.0,16.0,0.0,0.0,0.0,0.0,0.0,0.0,0.0,0.0,0.0,0.0,0.0,0.0,0.2986094102802685,0.2986094102802685,-0.005708106596013901,-0.005708106596013901
349.0,16.5,0.0,0.0,0.0,0.0,0.0,0.0,0.0,0.0,0.0,0.0,0.0,0.0,0.29795501649492934,0.29795501649492934,-0.005773886211896139,-0.005773886211896139
349.0,17.0,0.0,0.0,0.0,0.0,0.0,0.0,0.0,0.0,0.0,0.0,0.0,0.0,0.29732133561553514,0.29732133561553514,-0.005838446275662427,-0.005838446275662427
349.0,17.5,0.0,0.0,0.0,0.0,0.0,0.0,0.0,0.0,0.0,0.0,0.0,0.0,0.2967069065470158,0.2967069065470158,-0.005901867866996043,-0.005901867866996043
349.0,18.0,0.0,0.0,0.0,0.0,0.0,0.0,0.0,0.0,0.0,0.0,0.0,0.0,0.29611044742088605,0.29611044742088605,-0.005964221298955332,-0.005964221298955332
349.0,18.5,0.0,0.0,0.0,0.0,0.0,0.0,0.0,0.0,0.0,0.0,0.0,0.0,0.2955308241260892,0.2955308241260892,-0.00602556812532284,-0.00602556812532284
349.0,19.0,0.0,0.0,0.0,0.0,0.0,0.0,0.0,0.0,0.0,0.0,0.0,0.0,0.29496702571304545,0.29496702571304545,-0.006085962699829187,-0.006085962699829187
349.0,19.5,0.0,0.0,0.0,0.0,0.0,0.0,0.0,0.0,0.0,0.0,0.0,0.0,0.29441814493863044,0.29441814493863044,-0.0061454534002856635,-0.0061454534002856635
349.0,20.0,0.0,0.0,0.0,0.0,0.0,0.0,0.0,0.0,0.0,0.0,0.0,0.0,0.29388336270559196,0.29388336270559196,-0.006204083599193071,-0.006204083599193071
349.0,20.5,0.0,0.0,0.0,0.0,0.0,0.0,0.0,0.0,0.0,0.0,0.0,0.0,0.29336193548697576,0.29336193548697576,-0.006261892440472911,-0.006261892440472911
349.0,21.0,0.0,0.0,0.0,0.0,0.0,0.0,0.0,0.0,0.0,0.0,0.0,0.0,0.2928531850635943,0.2928531850635943,-0.006318915466465687,-0.006318915466465687
349.0,21.5,0.0,0.0,0.0,0.0,0.0,0.0,0.0,0.0,0.0,0.0,0.0,0.0,0.29235649007220804,0.29235649007220804,-0.006375185128228475,-0.006375185128228475
349.0,22.0,0.0,0.0,0.0,0.0,0.0,0.0,0.0,0.0,0.0,0.0,0.0,0.0,0.2918712789848199,0.2918712789848199,-0.00643073120409948,-0.00643073120409948
349.0,22.5,0.0,0.0,0.0,0.0,0.0,0.0,0.0,0.0,0.0,0.0,0.0,0.0,0.2913970242293277,0.2913970242293277,-0.006485581145577339,-0.006485581145577339
349.0,23.0,0.0,0.0,0.0,0.0,0.0,0.0,0.0,0.0,0.0,0.0,0.0,0.0,0.29093323722825826,0.29093323722825826,-0.0065397603651731265,-0.0065397603651731265
349.0,23.5,0.0,0.0,0.0,0.0,0.0,0.0,0.0,0.0,0.0,0.0,0.0,0.0,0.29047946418200504,0.29047946418200504,-0.006593292477605227,-0.006593292477605227
349.0,24.0,0.0,0.0,0.0,0.0,0.0,0.0,0.0,0.0,0.0,0.0,0.0,0.0,0.290035282460482,0.290035282460482,-0.0066461995032243365,-0.0066461995032243365
350.0,0.5,0.0,0.0,0.0,0.0,0.0,0.0,0.0,0.0,0.0,0.0,0.0,0.0,0.289600297495656,0.289600297495656,-0.006698502040663681,-0.006698502040663681
350.0,1.0,0.0,0.0,0.0,0.0,0.0,0.0,0.0,0.0,0.0,0.0,0.0,0.0,0.28917414008932424,0.28917414008932424,-0.006750219414258145,-0.006750219414258145
350.0,1.5,0.0,0.0,0.0,0.0,0.0,0.0,0.0,0.0,0.0,0.0,0.0,0.0,0.2887564640674564,0.2887564640674564,-0.006801369800653161,-0.006801369800653161
350.0,2.0,0.0,0.0,0.0,0.0,0.0,0.0,0.0,0.0,0.0,0.0,0.0,0.0,0.2883469442256356,0.2883469442256356,-0.0068519703381502576,-0.0068519703381502576
350.0,2.5,0.0,0.0,0.0,0.0,0.0,0.0,0.0,0.0,0.0,0.0,0.0,0.0,0.2879452745204992,0.2879452745204992,-0.006902037221652077,-0.006902037221652077
350.0,3.0,0.0,0.0,0.0,0.0,0.0,0.0,0.0,0.0,0.0,0.0,0.0,0.0,0.287551166470285,0.287551166470285,-0.00695158578552958,-0.00695158578552958
350.0,3.5,0.0,0.0,0.0,0.0,0.0,0.0,0.0,0.0,0.0,0.0,0.0,0.0,0.287164347734106,0.287164347734106,-0.007000630576306911,-0.007000630576306911
350.0,4.0,0.0,0.0,0.0,0.0,0.0,0.0,0.0,0.0,0.0,0.0,0.0,0.0,0.286784560844801,0.286784560844801,-0.007049185416717846,-0.007049185416717846
350.0,4.5,0.0,0.0,0.0,0.0,0.0,0.0,0.0,0.0,0.0,0.0,0.0,0.0,0.28641156207441276,0.28641156207441276,-0.007097263462415192,-0.007097263462415192
350.0,5.0,0.0,0.0,0.0,0.0,0.0,0.0,0.0,0.0,0.0,0.0,0.0,0.0,0.2860451204147527,0.2860451204147527,-0.007144877252393721,-0.007144877252393721
350.0,5.5,0.0,0.0,0.0,0.0,0.0,0.0,0.0,0.0,0.0,0.0,0.0,0.0,0.28568501665828683,0.28568501665828683,-0.007192038754009509,-0.007192038754009509
350.0,6.0,0.0,0.0,0.0,0.0,0.0,0.0,0.0,0.0,0.0,0.0,0.0,0.0,0.28533104256684994,0.28533104256684994,-0.007238759403333574,-0.007238759403333574
350.0,6.5,0.0,0.0,0.0,0.0,0.0,0.0,0.0,0.0,0.0,0.0,0.0,0.0,0.2849830001175682,0.2849830001175682,-0.0072850501414593065,-0.0072850501414593065
350.0,7.0,0.0,0.0,0.0,0.0,0.0,0.0,0.0,0.0,0.0,0.0,0.0,0.0,0.28464070081691856,0.28464070081691856,-0.007330921447286068,-0.007330921447286068
350.0,7.5,0.0,0.0,0.0,0.0,0.0,0.0,0.0,0.0,0.0,0.0,0.0,0.0,0.2843039650751409,0.2843039650751409,-0.007376383367221467,-0.007376383367221467
350.0,8.0,0.0,0.0,0.0,0.0,0.0,0.0,0.0,0.0,0.0,0.0,0.0,0.0,0.2839726216342975,0.2839726216342975,-0.007421445542178345,-0.007421445542178345
350.0,8.5,0.0,0.0,0.0,0.0,0.0,0.0,0.0,0.0,0.0,0.0,0.0,0.0,0.2836465070441757,0.2836465070441757,-0.00746611723218774,-0.00746611723218774
350.0,9.0,0.0,0.0,0.0,0.0,0.0,0.0,0.0,0.0,0.0,0.0,0.0032832906949407975,0.0032832906949407975,0.2833254651809928,0.2833254651809928,-0.007510407338902998,-0.007510407338902998
350.0,9.5,0.0,0.0,0.0,0.0,0.0,0.0,0.0,0.0,0.0,0.0,0.3380014012738877,0.3380014012738877,0.28300892840562253,0.28300892840562253,-0.007554382755186767,-0.007554382755186767
350.0,10.0,0.0,0.0,0.0,0.0,0.0,0.0,0.0,0.0,0.0,0.0,0.5131652074534263,0.5131652074534263,0.2826545182901744,0.2826545182901744,-0.007603984362226048,-0.007603984362226048
350.0,10.5,0.0,0.0,0.0,0.0,0.0,0.0,0.0,0.0,0.0,0.0,0.9703333067771112,0.9703333067771112,0.28228243061739045,0.28228243061739045,-0.00765647818194753,-0.00765647818194753
350.0,11.0,0.0,0.0,0.0,0.0,0.0,0.0,0.0,0.0,0.0,0.0,0.4075292373095129,0.4075292373095129,0.2818565978765732,0.2818565978765732,-0.007717085086289007,-0.007717085086289007
350.0,11.5,0.0,0.0,0.0,0.0,0.0,0.0,0.0,0.0,0.0,0.0,0.45848361207880073,0.45848361207880073,0.2815068724940619,0.2815068724940619,-0.007767287830011472,-0.007767287830011472
350.0,12.0,0.0,0.0,0.0,0.0,0.0,0.0,0.0,0.0,0.0,0.0,0.5689826367296468,0.5689826367296468,0.28115492122296015,0.28115492122296015,-0.007818203439370178,-0.007818203439370178
350.0,12.5,0.0,0.0,0.0,0.0,0.0,0.0,0.0,0.0,0.0,0.0,0.6998208373502045,0.6998208373502045,0.28079304075729994,0.28079304075729994,-0.007870970678474995,-0.007870970678474995
350.0,13.0,0.0,0.0,0.0,0.0,0.0,0.0,0.0,0.0,0.0,0.0,0.5952508556495454,0.5952508556495454,0.2804185285237422,0.2804185285237422,-0.007926027240224122,-0.007926027240224122
350.0,13.5,0.0,0.0,0.0,0.0,0.0,0.0,0.0,0.0,0.0,0.0,0.6363549073152818,0.6363549073152818,0.28006127697262656,0.28006127697262656,-0.007978974459260645,-0.007978974459260645
350.0,14.0,0.0,0.0,0.0,0.0,0.0,0.0,0.0,0.0,0.0,0.0,0.39474300905318127,0.39474300905318127,0.2797026203839818,0.2797026203839818,-0.008032554371137746,-0.008032554371137746
350.0,14.5,0.0,0.0,0.0,0.0,0.0,0.0,0.0,0.0,0.0,0.0,0.11099122814888487,0.11099122814888487,0.2793784879560561,0.2793784879560561,-0.008081345838838771,-0.008081345838838771
350.0,15.0,0.0,0.0,0.0,0.0,0.0,0.0,0.0,0.0,0.0,0.0,0.17968521100211898,0.17968521100211898,0.2790941553936919,0.2790941553936919,-0.008124437234079254,-0.008124437234079254
350.0,15.5,0.0,0.0,0.0,0.0,0.0,0.0,0.0,0.0,0.0,0.0,0.0,0.0,0.2788046188475202,0.2788046188475202,-0.00816859893636186,-0.00816859893636186
350.0,16.0,0.0,0.0,0.0,0.0,0.0,0.0,0.0,0.0,0.0,0.0,0.0,0.0,0.2785414426747073,0.2785414426747073,-0.008208988348418121,-0.008208988348418121
350.0,16.5,0.0,0.0,0.0,0.0,0.0,0.0,0.0,0.0,0.0,0.0,0.0,0.0,0.278281645018051,0.278281645018051,-0.008249092856550466,-0.008249092856550466
350.0,17.0,0.0,0.0,0.0,0.0,0.0,0.0,0.0,0.0,0.0,0.0,0.0,0.0,0.2780251448666695,0.2780251448666695,-0.008288917559379204,-0.008288917559379204
350.0,17.5,0.0,0.0,0.0,0.0,0.0,0.0,0.0,0.0,0.0,0.0,0.0,0.0,0.27777186410959054,0.27777186410959054,-0.008328467397247128,-0.008328467397247128
350.0,18.0,0.0,0.0,0.0,0.0,0.0,0.0,0.0,0.0,0.0,0.0,0.0,0.0,0.27752172738825914,0.27752172738825914,-0.008367747160638707,-0.008367747160638707
350.0,18.5,0.0,0.0,0.0,0.0,0.0,0.0,0.0,0.0,0.0,0.0,0.0,0.0,0.27727466195957207,0.27727466195957207,-0.008406761497888828,-0.008406761497888828
350.0,19.0,0.0,0.0,0.0,0.0,0.0,0.0,0.0,0.0,0.0,0.0,0.0,0.0,0.27703059756843385,0.27703059756843385,-0.008445514922259818,-0.008445514922259818
350.0,19.5,0.0,0.0,0.0,0.0,0.0,0.0,0.0,0.0,0.0,0.0,0.0,0.0,0.2767894663289456,0.2767894663289456,-0.00848401181845633,-0.00848401181845633
350.0,20.0,0.0,0.0,0.0,0.0,0.0,0.0,0.0,0.0,0.0,0.0,0.0,0.0,0.2765512026134437,0.2765512026134437,-0.008522256448637749,-0.008522256448637749
350.0,20.5,0.0,0.0,0.0,0.0,0.0,0.0,0.0,0.0,0.0,0.0,0.0,0.0,0.2763157429486927,0.2763157429486927,-0.00856025295798108,-0.00856025295798108
350.0,21.0,0.0,0.0,0.0,0.0,0.0,0.0,0.0,0.0,0.0,0.0,0.0,0.0,0.27608302591861256,0.27608302591861256,-0.008598005379840465,-0.008598005379840465
350.0,21.5,0.0,0.0,0.0,0.0,0.0,0.0,0.0,0.0,0.0,0.0,0.0,0.0,0.27585299207299036,0.27585299207299036,-0.008635517640543773,-0.008635517640543773
350.0,22.0,0.0,0.0,0.0,0.0,0.0,0.0,0.0,0.0,0.0,0.0,0.0,0.0,0.2756255838416833,0.2756255838416833,-0.008672793563862096,-0.008672793563862096
350.0,22.5,0.0,0.0,0.0,0.0,0.0,0.0,0.0,0.0,0.0,0.0,0.0,0.0,0.27540074545387194,0.27540074545387194,-0.008709836875183438,-0.008709836875183438
350.0,23.0,0.0,0.0,0.0,0.0,0.0,0.0,0.0,0.0,0.0,0.0,0.0,0.0,0.2751784228619668,0.2751784228619668,-0.008746651205418579,-0.008746651205418579
350.0,23.5,0.0,0.0,0.0,0.0,0.0,0.0,0.0,0.0,0.0,0.0,0.0,0.0,0.2749585636698129,0.2749585636698129,-0.008783240094663426,-0.008783240094663426
350.0,24.0,0.0,0.0,0.0,0.0,0.0,0.0,0.0,0.0,0.0,0.0,0.0,0.0,0.27474111706486876,0.27474111706486876,-0.008819606995640054,-0.008819606995640054
351.0,0.5,0.0,0.0,0.0,0.0,0.0,0.0,0.0,0.0,0.0,0.0,0.0,0.0,0.2745260337540702,0.2745260337540702,-0.00885575527693543,-0.00885575527693543
351.0,1.0,0.0,0.0,0.0,0.0,0.0,0.0,0.0,0.0,0.0,0.0,0.0,0.0,0.27431326590311444,0.27431326590311444,-0.008891688226055327,-0.008891688226055327
351.0,1.5,0.0,0.0,0.0,0.0,0.0,0.0,0.0,0.0,0.0,0.0,0.0,0.0,0.27410276707892534,0.27410276707892534,-0.008927409052308675,-0.008927409052308675
351.0,2.0,0.0,0.0,0.0,0.0,0.0,0.0,0.0,0.0,0.0,0.0,0.0,0.0,0.2738944921950804,0.2738944921950804,-0.00896292088953633,-0.00896292088953633
351.0,2.5,0.0,0.0,0.0,0.0,0.0,0.0,0.0,0.0,0.0,0.0,0.0,0.0,0.2736883974600031,0.2736883974600031,-0.008998226798696189,-0.008998226798696189
351.0,3.0,0.0,0.0,0.0,0.0,0.0,0.0,0.0,0.0,0.0,0.0,0.0,0.0,0.27348444032773533,0.27348444032773533,-0.00903332977031628,-0.00903332977031628
351.0,3.5,0.0,0.0,0.0,0.0,0.0,0.0,0.0,0.0,0.0,0.0,0.0,0.0,0.2732825794511266,0.2732825794511266,-0.009068232726825179,-0.009068232726825179
351.0,4.0,0.0,0.0,0.0,0.0,0.0,0.0,0.0,0.0,0.0,0.0,0.0,0.0,0.2730827746372848,0.2730827746372848,-0.00910293852476924,-0.00910293852476924
351.0,4.5,0.0,0.0,0.0,0.0,0.0,0.0,0.0,0.0,0.0,0.0,0.0,0.0,0.2728849868051495,0.2728849868051495,-0.009137449956924353,-0.009137449956924353
351.0,5.0,0.0,0.0,0.0,0.0,0.0,0.0,0.0,0.0,0.0,0.0,0.0,0.0,0.27268917794505754,0.27268917794505754,-0.00917176975430984,-0.00917176975430984
351.0,5.5,0.0,0.0,0.0,0.0,0.0,0.0,0.0,0.0,0.0,0.0,0.0,0.0,0.2724953110801824,0.2724953110801824,-0.009205900588110905,-0.009205900588110905
351.0,6.0,0.0,0.0,0.0,0.0,0.0,0.0,0.0,0.0,0.0,0.0,0.0,0.0,0.2723033502297362,0.2723033502297362,-0.009239845071515896,-0.009239845071515896
351.0,6.5,0.0,0.0,0.0,0.0,0.0,0.0,0.0,0.0,0.0,0.0,0.0,0.0,0.272113260373833,0.272113260373833,-0.009273605761473711,-0.009273605761473711
351.0,7.0,0.0,0.0,0.0,0.0,0.0,0.0,0.0,0.0,0.0,0.0,0.0,0.0,0.27192500741991815,0.27192500741991815,-0.009307185160376517,-0.009307185160376517
351.0,7.5,0.0,0.0,0.0,0.0,0.0,0.0,0.0,0.0,0.0,0.0,0.0,0.0,0.27173855817067744,0.27173855817067744,-0.009340585717672076,-0.009340585717672076
351.0,8.0,0.0,0.0,0.0,0.0,0.0,0.0,0.0,0.0,0.0,0.0,0.0,0.0,0.2715538802933416,0.2715538802933416,-0.009373809831410356,-0.009373809831410356
351.0,8.5,0.0,0.0,0.0,0.0,0.0,0.0,0.0,0.0,0.0,0.0,0.0,0.0,0.2713709422903136,0.2713709422903136,-0.009406859849727793,-0.009406859849727793
351.0,9.0,0.0,0.0,0.0,0.0,0.0,0.0,0.0,0.0,0.0,0.0,0.0,0.0,0.27118971347104553,0.27118971347104553,-0.00943973807227302,-0.00943973807227302
351.0,9.5,0.0,0.0,0.0,0.0,0.0,0.0,0.0,0.0,0.0,0.0,0.0,0.0,0.2710101639250998,0.2710101639250998,-0.00947244675157734,-0.00947244675157734
351.0,10.0,0.0,0.0,0.0,0.0,0.0,0.0,0.0,0.0,0.0,0.0,0.11929388360150849,0.11929388360150849,0.2708322644963328,0.2708322644963328,-0.009504988094372857,-0.009504988094372857
351.0,10.5,0.0,0.0,0.0,0.0,0.0,0.0,0.0,0.0,0.0,0.0,0.5621182172131197,0.5621182172131197,0.2706407848060659,0.2706407848060659,-0.009540162489049264,-0.009540162489049264
351.0,11.0,0.0,0.0,0.0,0.0,0.0,0.0,0.0,0.0,0.0,0.0,1.1772102066441397,1.1772102066441397,0.27039446874652556,0.27039446874652556,-0.009585638549518646,-0.009585638549518646
351.0,11.5,0.0,0.0,0.0,0.0,0.0,0.0,0.0,0.0,0.0,0.0,1.2185638485945316,1.2185638485945316,0.270071336732418,0.270071336732418,-0.0096456890315326,-0.0096456890315326
351.0,12.0,0.0,0.0,0.0,0.0,0.0,0.0,0.0,0.0,0.0,0.0,1.3329123592744252,1.3329123592744252,0.2697444754645051,0.2697444754645051,-0.009706889130027643,-0.009706889130027643
351.0,12.5,0.0,0.0,0.0,0.0,0.0,0.0,0.0,0.0,0.0,0.0,1.3648102931800927,1.3648102931800927,0.26940455727092605,0.26940455727092605,-0.009771025348295966,-0.009771025348295966
351.0,13.0,0.0,0.0,0.0,0.0,0.0,0.0,0.0,0.0,0.0,0.0,1.3001350016951652,1.3001350016951652,0.2690620639547371,0.2690620639547371,-0.00983615876004834,-0.00983615876004834
351.0,13.5,0.0,0.0,0.0,0.0,0.0,0.0,0.0,0.0,0.0,0.0,1.1406468919956942,1.1406468919956942,0.26872927762042625,0.26872927762042625,-0.009899942268970873,-0.009899942268970873
351.0,14.0,0.0,0.0,0.0,0.0,0.0,0.0,0.0,0.0,0.0,0.0,0.9211614413043698,0.9211614413043698,0.26841825663619084,0.26841825663619084,-0.009960000099443178,-0.009960000099443178
351.0,14.5,0.0,0.0,0.0,0.0,0.0,0.0,0.0,0.0,0.0,0.0,0.6279926024542166,0.6279926024542166,0.2681366233182711,0.2681366233182711,-0.010014758050645146,-0.010014758050645146
351.0,15.0,0.0,0.0,0.0,0.0,0.0,0.0,0.0,0.0,0.0,0.0,0.29961267600552965,0.29961267600552965,0.2678937445990177,0.2678937445990177,-0.010062269198524421,-0.010062269198524421
351.0,15.5,0.0,0.0,0.0,0.0,0.0,0.0,0.0,0.0,0.0,0.0,0.0,0.0,0.2676940853265322,0.2676940853265322,-0.010101527127400967,-0.010101527127400967
351.0,16.0,0.0,0.0,0.0,0.0,0.0,0.0,0.0,0.0,0.0,0.0,0.0,0.0,0.2675339579422812,0.2675339579422812,-0.01013314403469896,-0.01013314403469896
351.0,16.5,0.0,0.0,0.0,0.0,0.0,0.0,0.0,0.0,0.0,0.0,0.0,0.0,0.2673751608145274,0.2673751608145274,-0.010164614793932658,-0.010164614793932658
351.0,17.0,0.0,0.0,0.0,0.0,0.0,0.0,0.0,0.0,0.0,0.0,0.0,0.0,0.2672176732871814,0.2672176732871814,-0.010195941097964926,-0.010195941097964926
351.0,17.5,0.0,0.0,0.0,0.0,0.0,0.0,0.0,0.0,0.0,0.0,0.0,0.0,0.26706147518467044,0.26706147518467044,-0.010227124605577047,-0.010227124605577047
351.0,18.0,0.0,0.0,0.0,0.0,0.0,0.0,0.0,0.0,0.0,0.0,0.0,0.0,0.26690654679597686,0.26690654679597686,-0.010258166942649343,-0.010258166942649343
351.0,18.5,0.0,0.0,0.0,0.0,0.0,0.0,0.0,0.0,0.0,0.0,0.0,0.0,0.2667528688594234,0.2667528688594234,-0.010289069703276614,-0.010289069703276614
351.0,19.0,0.0,0.0,0.0,0.0,0.0,0.0,0.0,0.0,0.0,0.0,0.0,0.0,0.26660042254815874,0.26660042254815874,-0.010319834450823498,-0.010319834450823498
351.0,19.5,0.0,0.0,0.0,0.0,0.0,0.0,0.0,0.0,0.0,0.0,0.0,0.0,0.26644918945630036,0.26644918945630036,-0.010350462718923743,-0.010350462718923743
351.0,20.0,0.0,0.0,0.0,0.0,0.0,0.0,0.0,0.0,0.0,0.0,0.0,0.0,0.26629915158569334,0.26629915158569334,-0.010380956012427778,-0.010380956012427778
351.0,20.5,0.0,0.0,0.0,0.0,0.0,0.0,0.0,0.0,0.0,0.0,0.0,0.0,0.2661502913332502,0.2661502913332502,-0.010411315808301742,-0.010411315808301742
351.0,21.0,0.0,0.0,0.0,0.0,0.0,0.0,0.0,0.0,0.0,0.0,0.0,0.0,0.26600259147883587,0.26600259147883587,-0.010441543556481678,-0.010441543556481678
351.0,21.5,0.0,0.0,0.0,0.0,0.0,0.0,0.0,0.0,0.0,0.0,0.0,0.0,0.2658560351736678,0.2658560351736678,-0.01047164068068569,-0.01047164068068569
351.0,22.0,0.0,0.0,0.0,0.0,0.0,0.0,0.0,0.0,0.0,0.0,0.0,0.0,0.26571060592919926,0.26571060592919926,-0.010501608579187265,-0.010501608579187265
351.0,22.5,0.0,0.0,0.0,0.0,0.0,0.0,0.0,0.0,0.0,0.0,0.0,0.0,0.2655662876064622,0.2655662876064622,-0.01053144862555178,-0.01053144862555178
351.0,23.0,0.0,0.0,0.0,0.0,0.0,0.0,0.0,0.0,0.0,0.0,0.0,0.0,0.2654230644058412,0.2654230644058412,-0.010561162169339161,-0.010561162169339161
351.0,23.5,0.0,0.0,0.0,0.0,0.0,0.0,0.0,0.0,0.0,0.0,0.0,0.0,0.2652809208572559,0.2652809208572559,-0.010590750536774569,-0.010590750536774569
351.0,24.0,0.0,0.0,0.0,0.0,0.0,0.0,0.0,0.0,0.0,0.0,0.0,0.0,0.26513984181073197,0.26513984181073197,-0.010620215031389128,-0.010620215031389128
352.0,0.5,0.0,0.0,0.0,0.0,0.0,0.0,0.0,0.0,0.0,0.0,0.0,0.0,0.26499981242733633,0.26499981242733633,-0.010649556934632817,-0.010649556934632817
352.0,1.0,0.0,0.0,0.0,0.0,0.0,0.0,0.0,0.0,0.0,0.0,0.0,0.0,0.26486081817046153,0.26486081817046153,-0.010678777506460964,-0.010678777506460964
352.0,1.5,0.0,0.0,0.0,0.0,0.0,0.0,0.0,0.0,0.0,0.0,0.0,0.0,0.26472284479743846,0.26472284479743846,-0.01070787798589617,-0.01070787798589617
352.0,2.0,0.0,0.0,0.0,0.0,0.0,0.0,0.0,0.0,0.0,0.0,0.0,0.0,0.2645858783514628,0.2645858783514628,-0.01073685959156701,-0.01073685959156701
352.0,2.5,0.0,0.0,0.0,0.0,0.0,0.0,0.0,0.0,0.0,0.0,0.0,0.0,0.2644499051538185,0.2644499051538185,-0.010765723522224917,-0.010765723522224917
352.0,3.0,0.0,0.0,0.0,0.0,0.0,0.0,0.0,0.0,0.0,0.0,0.0,0.0,0.26431491179638394,0.26431491179638394,-0.010794470957240596,-0.010794470957240596
352.0,3.5,0.0,0.0,0.0,0.0,0.0,0.0,0.0,0.0,0.0,0.0,0.0,0.0,0.26418088513440774,0.26418088513440774,-0.01082310305708097,-0.01082310305708097
352.0,4.0,0.0,0.0,0.0,0.0,0.0,0.0,0.0,0.0,0.0,0.0,0.0,0.0,0.2640478122795402,0.2640478122795402,-0.01085162096376798,-0.01085162096376798
352.0,4.5,0.0,0.0,0.0,0.0,0.0,0.0,0.0,0.0,0.0,0.0,0.0,0.0,0.2639156805931098,0.2639156805931098,-0.010880025801320059,-0.010880025801320059
352.0,5.0,0.0,0.0,0.0,0.0,0.0,0.0,0.0,0.0,0.0,0.0,0.0,0.0,0.26378447767963203,0.26378447767963203,-0.01090831867617735,-0.01090831867617735
352.0,5.5,0.0,0.0,0.0,0.0,0.0,0.0,0.0,0.0,0.0,0.0,0.0,0.0,0.26365419138054125,0.26365419138054125,-0.01093650067761139,-0.01093650067761139
352.0,6.0,0.0,0.0,0.0,0.0,0.0,0.0,0.0,0.0,0.0,0.0,0.0,0.0,0.263524809768134,0.263524809768134,-0.010964572878120438,-0.010964572878120438
352.0,6.5,0.0,0.0,0.0,0.0,0.0,0.0,0.0,0.0,0.0,0.0,0.0,0.0,0.26339632113971656,0.26339632113971656,-0.010992536333810612,-0.010992536333810612
352.0,7.0,0.0,0.0,0.0,0.0,0.0,0.0,0.0,0.0,0.0,0.0,0.0,0.0,0.26326871401194496,0.26326871401194496,-0.011020392084764217,-0.011020392084764217
352.0,7.5,0.0,0.0,0.0,0.0,0.0,0.0,0.0,0.0,0.0,0.0,0.0,0.0,0.26314197711535187,0.26314197711535187,-0.01104814115539542,-0.01104814115539542
352.0,8.0,0.0,0.0,0.0,0.0,0.0,0.0,0.0,0.0,0.0,0.0,0.0,0.0,0.26301609938905046,0.26301609938905046,-0.011075784554794167,-0.011075784554794167
352.0,8.5,0.0,0.0,0.0,0.0,0.0,0.0,0.0,0.0,0.0,0.0,0.0,0.0,0.26289106997560896,0.26289106997560896,-0.011103323277058721,-0.011103323277058721
352.0,9.0,0.0,0.0,0.0,0.0,0.0,0.0,0.0,0.0,0.0,0.0,0.0,0.0,0.26276687821608796,0.26276687821608796,-0.011130758301617602,-0.011130758301617602
352.0,9.5,0.0,0.0,0.0,0.0,0.0,0.0,0.0,0.0,0.0,0.0,0.22916751349876607,0.22916751349876607,0.26264351364523414,0.26264351364523414,-0.011158090593541297,-0.011158090593541297
352.0,10.0,0.0,0.0,0.0,0.0,0.0,0.0,0.0,0.0,0.0,0.0,0.5123732037163616,0.5123732037163616,0.2624917625318528,0.2624917625318528,-0.01119182188960112,-0.01119182188960112
352.0,10.5,0.0,0.0,0.0,0.0,0.0,0.0,0.0,0.0,0.0,0.0,0.7629989181960173,0.7629989181960173,0.26230472854876624,0.26230472854876624,-0.011233563178222961,-0.011233563178222961
352.0,11.0,0.0,0.0,0.0,0.0,0.0,0.0,0.0,0.0,0.0,0.0,0.9777455074323002,0.9777455074323002,0.262086553541527,0.262086553541527,-0.011282488979821596,-0.011282488979821596
352.0,11.5,0.0,0.0,0.0,0.0,0.0,0.0,0.0,0.0,0.0,0.0,1.1428664827012585,1.1428664827012585,0.26184179995157547,0.26184179995157547,-0.011337677527095597,-0.011337677527095597
352.0,12.0,0.0,0.0,0.0,0.0,0.0,0.0,0.0,0.0,0.0,0.0,1.241101942287432,1.241101942287432,0.26157678214602,0.26157678214602,-0.011397798474986228,-0.011397798474986228
352.0,12.5,0.0,0.0,0.0,0.0,0.0,0.0,0.0,0.0,0.0,0.0,1.284891073651865,1.284891073651865,0.26130001413809445,0.26130001413809445,-0.011460990970474415,-0.011460990970474415
352.0,13.0,0.0,0.0,0.0,0.0,0.0,0.0,0.0,0.0,0.0,0.0,1.2134820443775867,1.2134820443775867,0.26101842494604793,0.26101842494604793,-0.01152571313753519,-0.01152571313753519
352.0,13.5,0.0,0.0,0.0,0.0,0.0,0.0,0.0,0.0,0.0,0.0,1.0496446250139249,1.0496446250139249,0.26074668552548935,0.26074668552548935,-0.011588584679077297,-0.011588584679077297
352.0,14.0,0.0,0.0,0.0,0.0,0.0,0.0,0.0,0.0,0.0,0.0,0.8228904076068169,0.8228904076068169,0.26049656537545585,0.26049656537545585,-0.011646815692229051,-0.011646815692229051
352.0,14.5,0.0,0.0,0.0,0.0,0.0,0.0,0.0,0.0,0.0,0.0,0.5539741793710065,0.5539741793710065,0.26027607340604136,0.26027607340604136,-0.011698438231640018,-0.011698438231640018
352.0,15.0,0.0,0.0,0.0,0.0,0.0,0.0,0.0,0.0,0.0,0.0,0.2640400433793336,0.2640400433793336,0.2600905738391554,0.2600905738391554,-0.01174207946230704,-0.01174207946230704
352.0,15.5,0.0,0.0,0.0,0.0,0.0,0.0,0.0,0.0,0.0,0.0,0.0,0.0,0.25994273659360767,0.25994273659360767,-0.011776999083243705,-0.011776999083243705
352.0,16.0,0.0,0.0,0.0,0.0,0.0,0.0,0.0,0.0,0.0,0.0,0.0,0.0,0.2598292536068159,0.2598292536068159,-0.01180388808444195,-0.01180388808444195
352.0,16.5,0.0,0.0,0.0,0.0,0.0,0.0,0.0,0.0,0.0,0.0,0.0,0.0,0.2597164693561925,0.2597164693561925,-0.011830684029304202,-0.011830684029304202
352.0,17.0,0.0,0.0,0.0,0.0,0.0,0.0,0.0,0.0,0.0,0.0,0.0,0.0,0.25960437581675555,0.25960437581675555,-0.011857387713671157,-0.011857387713671157
352.0,17.5,0.0,0.0,0.0,0.0,0.0,0.0,0.0,0.0,0.0,0.0,0.0,0.0,0.2594929650992225,0.2594929650992225,-0.01188399992215446,-0.01188399992215446
352.0,18.0,0.0,0.0,0.0,0.0,0.0,0.0,0.0,0.0,0.0,0.0,0.0,0.0,0.25938222944685646,0.25938222944685646,-0.011910521428387428,-0.011910521428387428
352.0,18.5,0.0,0.0,0.0,0.0,0.0,0.0,0.0,0.0,0.0,0.0,0.0,0.0,0.2592721612324119,0.2592721612324119,-0.011936952995266962,-0.011936952995266962
352.0,19.0,0.0,0.0,0.0,0.0,0.0,0.0,0.0,0.0,0.0,0.0,0.0,0.0,0.25916275295517527,0.25916275295517527,-0.011963295375187024,-0.011963295375187024
352.0,19.5,0.0,0.0,0.0,0.0,0.0,0.0,0.0,0.0,0.0,0.0,0.0,0.0,0.25905399723809663,0.25905399723809663,-0.011989549310264372,-0.011989549310264372
352.0,20.0,0.0,0.0,0.0,0.0,0.0,0.0,0.0,0.0,0.0,0.0,0.0,0.0,0.25894588682500874,0.25894588682500874,-0.012015715532556617,-0.012015715532556617
352.0,20.5,0.0,0.0,0.0,0.0,0.0,0.0,0.0,0.0,0.0,0.0,0.0,0.0,0.2588384145779301,0.2588384145779301,-0.01204179476427317,-0.01204179476427317
352.0,21.0,0.0,0.0,0.0,0.0,0.0,0.0,0.0,0.0,0.0,0.0,0.0,0.0,0.25873157347444825,0.25873157347444825,-0.012067787717979329,-0.012067787717979329
352.0,21.5,0.0,0.0,0.0,0.0,0.0,0.0,0.0,0.0,0.0,0.0,0.0,0.0,0.25862535660518055,0.25862535660518055,-0.012093695096793793,-0.012093695096793793
352.0,22.0,0.0,0.0,0.0,0.0,0.0,0.0,0.0,0.0,0.0,0.0,0.0,0.0,0.25851975717130926,0.25851975717130926,-0.012119517594579996,-0.012119517594579996
352.0,22.5,0.0,0.0,0.0,0.0,0.0,0.0,0.0,0.0,0.0,0.0,0.0,0.0,0.2584147684821882,0.2584147684821882,-0.01214525589613143,-0.01214525589613143
352.0,23.0,0.0,0.0,0.0,0.0,0.0,0.0,0.0,0.0,0.0,0.0,0.0,0.0,0.25831038395301764,0.25831038395301764,-0.01217091067735141,-0.01217091067735141
352.0,23.5,0.0,0.0,0.0,0.0,0.0,0.0,0.0,0.0,0.0,0.0,0.0,0.0,0.2582065971025859,0.2582065971025859,-0.012196482605427184,-0.012196482605427184
352.0,24.0,0.0,0.0,0.0,0.0,0.0,0.0,0.0,0.0,0.0,0.0,0.0,0.0,0.25810340155107453,0.25810340155107453,-0.012221972338999005,-0.012221972338999005
353.0,0.5,0.0,0.0,0.0,0.0,0.0,0.0,0.0,0.0,0.0,0.0,0.0,0.0,0.25800079101792417,0.25800079101792417,-0.012247380528324211,-0.012247380528324211
353.0,1.0,0.0,0.0,0.0,0.0,0.0,0.0,0.0,0.0,0.0,0.0,0.0,0.0,0.25789875931976014,0.25789875931976014,-0.012272707815436538,-0.012272707815436538
353.0,1.5,0.0,0.0,0.0,0.0,0.0,0.0,0.0,0.0,0.0,0.0,0.0,0.0,0.2577973003683751,0.2577973003683751,-0.01229795483430069,-0.01229795483430069
353.0,2.0,0.0,0.0,0.0,0.0,0.0,0.0,0.0,0.0,0.0,0.0,0.0,0.0,0.25769640816876566,0.25769640816876566,-0.012323122210962866,-0.012323122210962866
353.0,2.5,0.0,0.0,0.0,0.0,0.0,0.0,0.0,0.0,0.0,0.0,0.0,0.0,0.2575960768172232,0.2575960768172232,-0.012348210563696699,-0.012348210563696699
353.0,3.0,0.0,0.0,0.0,0.0,0.0,0.0,0.0,0.0,0.0,0.0,0.0,0.0,0.2574963004994743,0.2574963004994743,-0.01237322050314559,-0.01237322050314559
353.0,3.5,0.0,0.0,0.0,0.0,0.0,0.0,0.0,0.0,0.0,0.0,0.0,0.0,0.2573970734888723,0.2573970734888723,-0.012398152632460713,-0.012398152632460713
353.0,4.0,0.0,0.0,0.0,0.0,0.0,0.0,0.0,0.0,0.0,0.0,0.0,0.0,0.2572983901446348,0.2572983901446348,-0.012423007547435666,-0.012423007547435666
353.0,4.5,0.0,0.0,0.0,0.0,0.0,0.0,0.0,0.0,0.0,0.0,0.0,0.0,0.2572002449101279,0.2572002449101279,-0.012447785836637464,-0.012447785836637464
353.0,5.0,0.0,0.0,0.0,0.0,0.0,0.0,0.0,0.0,0.0,0.0,0.0,0.0,0.2571026323111953,0.2571026323111953,-0.012472488081533848,-0.012472488081533848
353.0,5.5,0.0,0.0,0.0,0.0,0.0,0.0,0.0,0.0,0.0,0.0,0.0,0.0,0.2570055469545293,0.2570055469545293,-0.012497114856617765,-0.012497114856617765
353.0,6.0,0.0,0.0,0.0,0.0,0.0,0.0,0.0,0.0,0.0,0.0,0.0,0.0,0.25690898352608466,0.25690898352608466,-0.012521666729528121,-0.012521666729528121
353.0,6.5,0.0,0.0,0.0,0.0,0.0,0.0,0.0,0.0,0.0,0.0,0.0,0.0,0.2568129367895314,0.2568129367895314,-0.012546144261167933,-0.012546144261167933
353.0,7.0,0.0,0.0,0.0,0.0,0.0,0.0,0.0,0.0,0.0,0.0,0.0,0.0,0.25671740158474715,0.25671740158474715,-0.012570548005819254,-0.012570548005819254
353.0,7.5,0.0,0.0,0.0,0.0,0.0,0.0,0.0,0.0,0.0,0.0,0.0,0.0,0.25662237282634726,0.25662237282634726,-0.012594878511255353,-0.012594878511255353
353.0,8.0,0.0,0.0,0.0,0.0,0.0,0.0,0.0,0.0,0.0,0.0,0.0,0.0,0.2565278455022509,0.2565278455022509,-0.012619136318850073,-0.012619136318850073
353.0,8.5,0.0,0.0,0.0,0.0,0.0,0.0,0.0,0.0,0.0,0.0,0.0,0.0,0.25643381467228243,0.25643381467228243,-0.012643321963684766,-0.012643321963684766
353.0,9.0,0.0,0.0,0.0,0.0,0.0,0.0,0.0,0.0,0.0,0.0,0.0,0.0,0.2563402754668076,0.2563402754668076,-0.012667435974652301,-0.012667435974652301
353.0,9.5,0.0,0.0,0.0,0.0,0.0,0.0,0.0,0.0,0.0,0.0,0.0,0.0,0.2562472230854019,0.2562472230854019,-0.012691478874558995,-0.012691478874558995
353.0,10.0,0.0,0.0,0.0,0.0,0.0,0.0,0.0,0.0,0.0,0.0,0.0,0.0,0.25615465279555183,0.25615465279555183,-0.012715451180223812,-0.012715451180223812
353.0,10.5,0.0,0.0,0.0,0.0,0.0,0.0,0.0,0.0,0.0,0.0,0.0,0.0,0.25606255993138677,0.25606255993138677,-0.012739353402575601,-0.012739353402575601
353.0,11.0,0.0,0.0,0.0,0.0,0.0,0.0,0.0,0.0,0.0,0.0,0.0,0.0,0.25597093989244135,0.25597093989244135,-0.012763186046747742,-0.012763186046747742
353.0,11.5,0.0,0.0,0.0,0.0,0.0,0.0,0.0,0.0,0.0,0.0,0.0,0.0,0.2558797881424466,0.2558797881424466,-0.012786949612171,-0.012786949612171
353.0,12.0,0.0,0.0,0.0,0.0,0.0,0.0,0.0,0.0,0.0,0.0,0.019741222642816088,0.019741222642816088,0.2557891002081501,0.2557891002081501,-0.012810644592664013,-0.012810644592664013
353.0,12.5,0.0,0.0,0.0,0.0,0.0,0.0,0.0,0.0,0.0,0.0,0.013179327217288856,0.013179327217288856,0.25569635599914003,0.25569635599914003,-0.012834930965829718,-0.012834930965829718
353.0,13.0,0.0,0.0,0.0,0.0,0.0,0.0,0.0,0.0,0.0,0.0,0.10276925027002838,0.10276925027002838,0.255604903044412,0.255604903044412,-0.012858932942176663,-0.012858932942176663
353.0,13.5,0.0,0.0,0.0,0.0,0.0,0.0,0.0,0.0,0.0,0.0,0.1505714303972687,0.1505714303972687,0.25550248415873444,0.25550248415873444,-0.012885876456584426,-0.012885876456584426
353.0,14.0,0.0,0.0,0.0,0.0,0.0,0.0,0.0,0.0,0.0,0.0,0.12874949294446264,0.12874949294446264,0.25539442023821024,0.25539442023821024,-0.012914377981280166,-0.012914377981280166
353.0,14.5,0.0,0.0,0.0,0.0,0.0,0.0,0.0,0.0,0.0,0.0,0.09473262310369507,0.09473262310369507,0.25528957950326603,0.25528957950326603,-0.012942101213282969,-0.012942101213282969
353.0,15.0,0.0,0.0,0.0,0.0,0.0,0.0,0.0,0.0,0.0,0.0,0.10048995423401053,0.10048995423401053,0.2551895118696963,0.2551895118696963,-0.012968628448862393,-0.012968628448862393
353.0,15.5,0.0,0.0,0.0,0.0,0.0,0.0,0.0,0.0,0.0,0.0,0.0,0.0,0.25508914473729927,0.25508914473729927,-0.012995300179609271,-0.012995300179609271
353.0,16.0,0.0,0.0,0.0,0.0,0.0,0.0,0.0,0.0,0.0,0.0,0.0,0.0,0.25500201348540547,0.25500201348540547,-0.01301850759631417,-0.01301850759631417
353.0,16.5,0.0,0.0,0.0,0.0,0.0,0.0,0.0,0.0,0.0,0.0,0.0,0.0,0.25491530844428584,0.25491530844428584,-0.013041650526545486,-0.013041650526545486
353.0,17.0,0.0,0.0,0.0,0.0,0.0,0.0,0.0,0.0,0.0,0.0,0.0,0.0,0.25482902571182064,0.25482902571182064,-0.013064729413210782,-0.013064729413210782
353.0,17.5,0.0,0.0,0.0,0.0,0.0,0.0,0.0,0.0,0.0,0.0,0.0,0.0,0.2547431614376288,0.2547431614376288,-0.013087744694460675,-0.013087744694460675
353.0,18.0,0.0,0.0,0.0,0.0,0.0,0.0,0.0,0.0,0.0,0.0,0.0,0.0,0.25465771182216695,0.25465771182216695,-0.013110696803759937,-0.013110696803759937
353.0,18.5,0.0,0.0,0.0,0.0,0.0,0.0,0.0,0.0,0.0,0.0,0.0,0.0,0.25457267311584775,0.25457267311584775,-0.01313358616995725,-0.01313358616995725
353.0,19.0,0.0,0.0,0.0,0.0,0.0,0.0,0.0,0.0,0.0,0.0,0.0,0.0,0.25448804161817806,0.25448804161817806,-0.01315641321735334,-0.01315641321735334
353.0,19.5,0.0,0.0,0.0,0.0,0.0,0.0,0.0,0.0,0.0,0.0,0.0,0.0,0.2544038136769155,0.2544038136769155,-0.01317917836576793,-0.01317917836576793
353.0,20.0,0.0,0.0,0.0,0.0,0.0,0.0,0.0,0.0,0.0,0.0,0.0,0.0,0.25431998568724323,0.25431998568724323,-0.013201882030605183,-0.013201882030605183
353.0,20.5,0.0,0.0,0.0,0.0,0.0,0.0,0.0,0.0,0.0,0.0,0.0,0.0,0.2542365540909627,0.2542365540909627,-0.013224524622918008,-0.013224524622918008
353.0,21.0,0.0,0.0,0.0,0.0,0.0,0.0,0.0,0.0,0.0,0.0,0.0,0.0,0.25415351537570335,0.25415351537570335,-0.013247106549470903,-0.013247106549470903
353.0,21.5,0.0,0.0,0.0,0.0,0.0,0.0,0.0,0.0,0.0,0.0,0.0,0.0,0.25407086607414936,0.25407086607414936,-0.013269628212801799,-0.013269628212801799
353.0,22.0,0.0,0.0,0.0,0.0,0.0,0.0,0.0,0.0,0.0,0.0,0.0,0.0,0.25398860276328233,0.25398860276328233,-0.013292090011282596,-0.013292090011282596
353.0,22.5,0.0,0.0,0.0,0.0,0.0,0.0,0.0,0.0,0.0,0.0,0.0,0.0,0.2539067220636408,0.2539067220636408,-0.013314492339178386,-0.013314492339178386
353.0,23.0,0.0,0.0,0.0,0.0,0.0,0.0,0.0,0.0,0.0,0.0,0.0,0.0,0.2538252206385941,0.2538252206385941,-0.01333683558670584,-0.01333683558670584
353.0,23.5,0.0,0.0,0.0,0.0,0.0,0.0,0.0,0.0,0.0,0.0,0.0,0.0,0.2537440951936324,0.2537440951936324,-0.013359120140090226,-0.013359120140090226
353.0,24.0,0.0,0.0,0.0,0.0,0.0,0.0,0.0,0.0,0.0,0.0,0.0,0.0,0.2536633424756707,0.2536633424756707,-0.013381346381621518,-0.013381346381621518
354.0,0.5,0.0,0.0,0.0,0.0,0.0,0.0,0.0,0.0,0.0,0.0,0.0,0.0,0.2535829592723675,0.2535829592723675,-0.013403514689709404,-0.013403514689709404
354.0,1.0,0.0,0.0,0.0,0.0,0.0,0.0,0.0,0.0,0.0,0.0,0.0,0.0,0.25350294241145777,0.25350294241145777,-0.013425625438937178,-0.013425625438937178
354.0,1.5,0.0,0.0,0.0,0.0,0.0,0.0,0.0,0.0,0.0,0.0,0.0,0.0,0.2534232887600988,0.2534232887600988,-0.013447679000114813,-0.013447679000114813
354.0,2.0,0.0,0.0,0.0,0.0,0.0,0.0,0.0,0.0,0.0,0.0,0.0,0.0,0.2533439952242302,0.2533439952242302,-0.013469675740330872,-0.013469675740330872
354.0,2.5,0.0,0.0,0.0,0.0,0.0,0.0,0.0,0.0,0.0,0.0,0.0,0.0,0.25326505874794614,0.25326505874794614,-0.013491616023003665,-0.013491616023003665
354.0,3.0,0.0,0.0,0.0,0.0,0.0,0.0,0.0,0.0,0.0,0.0,0.0,0.0,0.25318647631288077,0.25318647631288077,-0.013513500207931321,-0.013513500207931321
354.0,3.5,0.0,0.0,0.0,0.0,0.0,0.0,0.0,0.0,0.0,0.0,0.0,0.0,0.2531082449376058,0.2531082449376058,-0.013535328651340953,-0.013535328651340953
354.0,4.0,0.0,0.0,0.0,0.0,0.0,0.0,0.0,0.0,0.0,0.0,0.0,0.0,0.2530303616770398,0.2530303616770398,-0.013557101705937191,-0.013557101705937191
354.0,4.5,0.0,0.0,0.0,0.0,0.0,0.0,0.0,0.0,0.0,0.0,0.0,0.0,0.2529528236218697,0.2529528236218697,-0.013578819720949467,-0.013578819720949467
354.0,5.0,0.0,0.0,0.0,0.0,0.0,0.0,0.0,0.0,0.0,0.0,0.0,0.0,0.25287562789798373,0.25287562789798373,-0.013600483042178792,-0.013600483042178792
354.0,5.5,0.0,0.0,0.0,0.0,0.0,0.0,0.0,0.0,0.0,0.0,0.0,0.0,0.25279877166591513,0.25279877166591513,-0.013622092012043485,-0.013622092012043485
354.0,6.0,0.0,0.0,0.0,0.0,0.0,0.0,0.0,0.0,0.0,0.0,0.0,0.0,0.252722252120297,0.252722252120297,-0.013643646969624328,-0.013643646969624328
354.0,6.5,0.0,0.0,0.0,0.0,0.0,0.0,0.0,0.0,0.0,0.0,0.0,0.0,0.25264606648932797,0.25264606648932797,-0.013665148250708666,-0.013665148250708666
354.0,7.0,0.0,0.0,0.0,0.0,0.0,0.0,0.0,0.0,0.0,0.0,0.0,0.0,0.2525702120342483,0.2525702120342483,-0.013686596187833938,-0.013686596187833938
354.0,7.5,0.0,0.0,0.0,0.0,0.0,0.0,0.0,0.0,0.0,0.0,0.0,0.0,0.2524946860488253,0.2524946860488253,-0.013707991110330496,-0.013707991110330496
354.0,8.0,0.0,0.0,0.0,0.0,0.0,0.0,0.0,0.0,0.0,0.0,0.0,0.0,0.25241948585885005,0.25241948585885005,-0.013729333344363466,-0.013729333344363466
354.0,8.5,0.0,0.0,0.0,0.0,0.0,0.0,0.0,0.0,0.0,0.0,0.0,0.0,0.2523446088216427,0.2523446088216427,-0.013750623212974065,-0.013750623212974065
354.0,9.0,0.0,0.0,0.0,0.0,0.0,0.0,0.0,0.0,0.0,0.0,0.0,0.0,0.25227005232556765,0.25227005232556765,-0.013771861036120284,-0.013771861036120284
354.0,9.5,0.0,0.0,0.0,0.0,0.0,0.0,0.0,0.0,0.0,0.0,0.0,0.0,0.25219581378955797,0.25219581378955797,-0.013793047130716636,-0.013793047130716636
354.0,10.0,0.0,0.0,0.0,0.0,0.0,0.0,0.0,0.0,0.0,0.0,0.0,0.0,0.25212189066264856,0.25212189066264856,-0.013814181810673563,-0.013814181810673563
354.0,10.5,0.0,0.0,0.0,0.0,0.0,0.0,0.0,0.0,0.0,0.0,0.0,0.0,0.25204828042351884,0.25204828042351884,-0.013835265386935863,-0.013835265386935863
354.0,11.0,0.0,0.0,0.0,0.0,0.0,0.0,0.0,0.0,0.0,0.0,0.0,0.0,0.25197498058004325,0.25197498058004325,-0.01385629816752069,-0.01385629816752069
354.0,11.5,0.0,0.0,0.0,0.0,0.0,0.0,0.0,0.0,0.0,0.0,0.12916346966392483,0.12916346966392483,0.25190198866885033,0.25190198866885033,-0.013877280457554922,-0.013877280457554922
354.0,12.0,0.0,0.0,0.0,0.0,0.0,0.0,0.0,0.0,0.0,0.0,0.0,0.0,0.25181284259395226,0.25181284259395226,-0.013902957805196391,-0.013902957805196391
354.0,12.5,0.0,0.0,0.0,0.0,0.0,0.0,0.0,0.0,0.0,0.0,0.0,0.0,0.25174045927007377,0.25174045927007377,-0.01392384851456082,-0.01392384851456082
354.0,13.0,0.0,0.0,0.0,0.0,0.0,0.0,0.0,0.0,0.0,0.0,0.0,0.0,0.2516683766566049,0.2516683766566049,-0.013944689614032446,-0.013944689614032446
354.0,13.5,0.0,0.0,0.0,0.0,0.0,0.0,0.0,0.0,0.0,0.0,0.0,0.0,0.2515965924009535,0.2515965924009535,-0.013965481397635194,-0.013965481397635194
354.0,14.0,0.0,0.0,0.0,0.0,0.0,0.0,0.0,0.0,0.0,0.0,0.0,0.0,0.25152510417720475,0.25152510417720475,-0.013986224156677322,-0.013986224156677322
354.0,14.5,0.0,0.0,0.0,0.0,0.0,0.0,0.0,0.0,0.0,0.0,0.0,0.0,0.2567752312683927,0.2567752312683927,-0.012555769102300097,-0.012555769102300097
354.0,15.0,0.0,0.0,0.0,0.0,0.0,0.0,0.0,0.0,0.0,0.0,0.0,0.0,0.26730194387297035,0.26730194387297035,-0.010179164304428044,-0.010179164304428044
354.0,15.5,0.0,0.0,0.0,0.0,0.0,0.0,0.0,0.0,0.0,0.0,0.0,0.0,0.27771968897117233,0.27771968897117233,-0.008336642460547966,-0.008336642460547966
354.0,16.0,0.0,0.0,0.0,0.0,0.0,0.0,0.0,0.0,0.0,0.0,0.0,0.0,0.2774558714231098,0.2774558714231098,-0.008378125412838996,-0.008378125412838996
354.0,16.5,0.0,0.0,0.0,0.0,0.0,0.0,0.0,0.0,0.0,0.0,0.0,0.0,0.28246837810694425,0.28246837810694425,-0.00763019107808247,-0.00763019107808247
354.0,17.0,0.0,0.0,0.0,0.0,0.0,0.0,0.0,0.0,0.0,0.0,0.0,0.0,0.2874001478317354,0.2874001478317354,-0.0069706845866798406,-0.0069706845866798406
354.0,17.5,0.0,0.0,0.0,0.0,0.0,0.0,0.0,0.0,0.0,0.0,0.0,0.0,0.2948445525257904,0.2948445525257904,-0.006099177326946461,-0.006099177326946461
354.0,18.0,0.0,0.0,0.0,0.0,0.0,0.0,0.0,0.0,0.0,0.0,0.0,0.0,0.29950465458798115,0.29950465458798115,-0.0056195570776392334,-0.0056195570776392334
354.0,18.5,0.0,0.0,0.0,0.0,0.0,0.0,0.0,0.0,0.0,0.0,0.0,0.0,0.29887145626377587,0.29887145626377587,-0.005682016359739531,-0.005682016359739531
354.0,19.0,0.0,0.0,0.0,0.0,0.0,0.0,0.0,0.0,0.0,0.0,0.0,0.0,0.3034631596427214,0.3034631596427214,-0.005247108521780344,-0.005247108521780344
354.0,19.5,0.0,0.0,0.0,0.0,0.0,0.0,0.0,0.0,0.0,0.0,0.0,0.0,0.3079263909914237,0.3079263909914237,-0.004861867331936413,-0.004861867331936413
354.0,20.0,0.0,0.0,0.0,0.0,0.0,0.0,0.0,0.0,0.0,0.0,0.0,0.0,0.30969563785940407,0.30969563785940407,-0.00471854447793035,-0.00471854447793035
354.0,20.5,0.0,0.0,0.0,0.0,0.0,0.0,0.0,0.0,0.0,0.0,0.0,0.0,0.3265530787284582,0.3265530787284582,-0.003577567484079048,-0.003577567484079048
354.0,21.0,0.0,0.0,0.0,0.0,0.0,0.0,0.0,0.0,0.0,0.0,0.0,0.0,0.3300063106853061,0.3300063106853061,-0.0033863202728558915,-0.0033863202728558915
354.0,21.5,0.0,0.0,0.0,0.0,0.0,0.0,0.0,0.0,0.0,0.0,0.0,0.0,0.3284453297445932,0.3284453297445932,-0.00347122222426564,-0.00347122222426564
354.0,22.0,0.0,0.0,0.0,0.0,0.0,0.0,0.0,0.0,0.0,0.0,0.0,0.0,0.32708468591072043,0.32708468591072043,-0.0035473035750368605,-0.0035473035750368605
354.0,22.5,0.0,0.0,0.0,0.0,0.0,0.0,0.0,0.0,0.0,0.0,0.0,0.0,0.3258577190688779,0.3258577190688779,-0.0036176193665700945,-0.0036176193665700945
354.0,23.0,0.0,0.0,0.0,0.0,0.0,0.0,0.0,0.0,0.0,0.0,0.0,0.0,0.32472527193785233,0.32472527193785233,-0.0036839966573448887,-0.0036839966573448887
354.0,23.5,0.0,0.0,0.0,0.0,0.0,0.0,0.0,0.0,0.0,0.0,0.0,0.0,0.32366219099007504,0.32366219099007504,-0.003747632582364616,-0.003747632582364616
354.0,24.0,0.0,0.0,0.0,0.0,0.0,0.0,0.0,0.0,0.0,0.0,0.0,0.0,0.3226512188651197,0.3226512188651197,-0.003809367799140656,-0.003809367799140656
355.0,0.5,0.0,0.0,0.0,0.0,0.0,0.0,0.0,0.0,0.0,0.0,0.0,0.0,0.3216800410882448,0.3216800410882448,-0.0038698173189917477,-0.0038698173189917477
355.0,1.0,0.0,0.0,0.0,0.0,0.0,0.0,0.0,0.0,0.0,0.0,0.0,0.0,0.3207396025835134,0.3207396025835134,-0.003929445812528808,-0.003929445812528808
355.0,1.5,0.0,0.0,0.0,0.0,0.0,0.0,0.0,0.0,0.0,0.0,0.0,0.0,0.31982308336201337,0.31982308336201337,-0.003988613930328789,-0.003988613930328789
355.0,2.0,0.0,0.0,0.0,0.0,0.0,0.0,0.0,0.0,0.0,0.0,0.0,0.0,0.3189252532929337,0.3189252532929337,-0.0040476076222847514,-0.0040476076222847514
355.0,2.5,0.0,0.0,0.0,0.0,0.0,0.0,0.0,0.0,0.0,0.0,0.0,0.0,0.31804204966453553,0.31804204966453553,-0.00410665736893368,-0.00410665736893368
355.0,3.0,0.0,0.0,0.0,0.0,0.0,0.0,0.0,0.0,0.0,0.0,0.0,0.0,0.3171702908777995,0.3171702908777995,-0.004165951204444001,-0.004165951204444001
355.0,3.5,0.0,0.0,0.0,0.0,0.0,0.0,0.0,0.0,0.0,0.0,0.0,0.0,0.3163074763289187,0.3163074763289187,-0.00422564378674889,-0.00422564378674889
355.0,4.0,0.0,0.0,0.0,0.0,0.0,0.0,0.0,0.0,0.0,0.0,0.0,0.0,0.3180164293118666,0.3180164293118666,-0.004108385571776506,-0.004108385571776506
355.0,4.5,0.0,0.0,0.0,0.0,0.0,0.0,0.0,0.0,0.0,0.0,0.0,0.0,0.31706670900016326,0.31706670900016326,-0.004173064055235476,-0.004173064055235476
355.0,5.0,0.0,0.0,0.0,0.0,0.0,0.0,0.0,0.0,0.0,0.0,0.0,0.0,0.31612773256302396,0.31612773256302396,-0.004238207045841225,-0.004238207045841225
355.0,5.5,0.0,0.0,0.0,0.0,0.0,0.0,0.0,0.0,0.0,0.0,0.0,0.0,0.31519729354123055,0.31519729354123055,-0.0043039563787022235,-0.0043039563787022235
355.0,6.0,0.0,0.0,0.0,0.0,0.0,0.0,0.0,0.0,0.0,0.0,0.0,0.0,0.3142737228286553,0.3142737228286553,-0.00437042575477207,-0.00437042575477207
355.0,6.5,0.0,0.0,0.0,0.0,0.0,0.0,0.0,0.0,0.0,0.0,0.0,0.0,0.3133557802695844,0.3133557802695844,-0.0044377055443797836,-0.0044377055443797836
355.0,7.0,0.0,0.0,0.0,0.0,0.0,0.0,0.0,0.0,0.0,0.0,0.0,0.0,0.3124431444334285,0.3124431444334285,-0.004505823303706968,-0.004505823303706968
355.0,7.5,0.0,0.0,0.0,0.0,0.0,0.0,0.0,0.0,0.0,0.0,0.0,0.0,0.3166418488832865,0.3166418488832865,-0.004202390532414347,-0.004202390532414347
355.0,8.0,0.0,0.0,0.0,0.0,0.0,0.0,0.0,0.0,0.0,0.0,0.0,0.0,0.33047080243264954,0.33047080243264954,-0.0033615357261586034,-0.0033615357261586034
355.0,8.5,0.0,0.0,0.0,0.0,0.0,0.0,0.0,0.0,0.0,0.0,0.0,0.0,0.3427403172428397,0.3427403172428397,-0.0027787603495249952,-0.0027787603495249952
355.0,9.0,0.0,0.0,0.0,0.0,0.0,0.0,0.0,0.0,0.0,0.0,0.0,0.0,0.35124119479276666,0.35124119479276666,-0.002445006560372732,-0.002445006560372732
355.0,9.5,0.0,0.0,0.0,0.0,0.0,0.0,0.0,0.0,0.0,0.0,0.0,0.0,0.3543974599834671,0.3543974599834671,-0.0023333986876421632,-0.0023333986876421632
355.0,10.0,0.0,0.0,0.0,0.0,0.0,0.0,0.0,0.0,0.0,0.0,0.0,0.0,0.35488141899455433,0.35488141899455433,-0.0023168272319166656,-0.0023168272319166656
355.0,10.5,0.0,0.0,0.0,0.0,0.0,0.0,0.0,0.0,0.0,0.0,0.10056851261615474,0.10056851261615474,0.35002076564641504,0.35002076564641504,-0.0024898597139516115,-0.0024898597139516115
355.0,11.0,0.0,0.0,0.0,0.0,0.0,0.0,0.0,0.0,0.0,0.0,0.2771922046458317,0.2771922046458317,0.34514729657241267,0.34514729657241267,-0.002679031209998407,-0.002679031209998407
355.0,11.5,0.0,0.0,0.0,0.0,0.0,0.0,0.0,0.0,0.0,0.0,0.6367970072880669,0.6367970072880669,0.340590245086958,0.340590245086958,-0.002871605217921104,-0.002871605217921104
355.0,12.0,0.0,0.0,0.0,0.0,0.0,0.0,0.0,0.0,0.0,0.0,0.6427871490828411,0.6427871490828411,0.3365629075164809,0.3365629075164809,-0.0030556602989796765,-0.0030556602989796765
355.0,12.5,0.0,0.0,0.0,0.0,0.0,0.0,0.0,0.0,0.0,0.0,0.28608934699885774,0.28608934699885774,0.33305500913809527,0.33305500913809527,-0.0032275272655881973,-0.0032275272655881973
355.0,13.0,0.0,0.0,0.0,0.0,0.0,0.0,0.0,0.0,0.0,0.0,0.036174017251000626,0.036174017251000626,0.332345016929956,0.332345016929956,-0.003263700731986518,-0.003263700731986518
355.0,13.5,0.0,0.0,0.0,0.0,0.0,0.0,0.0,0.0,0.0,0.0,0.0,0.0,0.33179850289941487,0.33179850289941487,-0.003291874467320402,-0.003291874467320402
355.0,14.0,0.0,0.0,0.0,0.0,0.0,0.0,0.0,0.0,0.0,0.0,0.09383563608775825,0.09383563608775825,0.32903322621331005,0.32903322621331005,-0.0034389519957511725,-0.0034389519957511725
355.0,14.5,0.0,0.0,0.0,0.0,0.0,0.0,0.0,0.0,0.0,0.0,0.021846542869724962,0.021846542869724962,0.3265694619555289,0.3265694619555289,-0.003576630218777147,-0.003576630218777147
355.0,15.0,0.0,0.0,0.0,0.0,0.0,0.0,0.0,0.0,0.0,0.0,0.0,0.0,0.3243558955927321,0.3243558955927321,-0.003705960462576207,-0.003705960462576207
355.0,15.5,0.0,0.0,0.0,0.0,0.0,0.0,0.0,0.0,0.0,0.0,0.0,0.0,0.3223399506041663,0.3223399506041663,-0.003828618915076227,-0.003828618915076227
355.0,16.0,0.0,0.0,0.0,0.0,0.0,0.0,0.0,0.0,0.0,0.0,0.0,0.0,0.320486332858082,0.320486332858082,-0.0039456910679369775,-0.0039456910679369775
355.0,16.5,0.0,0.0,0.0,0.0,0.0,0.0,0.0,0.0,0.0,0.0,0.0,0.0,0.3187707209730687,0.3187707209730687,-0.004057866046423591,-0.004057866046423591
355.0,17.0,0.0,0.0,0.0,0.0,0.0,0.0,0.0,0.0,0.0,0.0,0.0,0.0,0.31717418163583144,0.31717418163583144,-0.004165684312078126,-0.004165684312078126
355.0,17.5,0.0,0.0,0.0,0.0,0.0,0.0,0.0,0.0,0.0,0.0,0.0,0.0,0.315681563891134,0.315681563891134,-0.0042695850168182545,-0.0042695850168182545
355.0,18.0,0.0,0.0,0.0,0.0,0.0,0.0,0.0,0.0,0.0,0.0,0.0,0.0,0.3142804949776923,0.3142804949776923,-0.004369933930573181,-0.004369933930573181
355.0,18.5,0.0,0.0,0.0,0.0,0.0,0.0,0.0,0.0,0.0,0.0,0.0,0.0,0.312960710837511,0.312960710837511,-0.004467041245242197,-0.004467041245242197
355.0,19.0,0.0,0.0,0.0,0.0,0.0,0.0,0.0,0.0,0.0,0.0,0.0,0.0,0.31171358799247095,0.31171358799247095,-0.004561173649138093,-0.004561173649138093
355.0,19.5,0.0,0.0,0.0,0.0,0.0,0.0,0.0,0.0,0.0,0.0,0.0,0.0,0.31053180421784765,0.31053180421784765,-0.004652562923813397,-0.004652562923813397
355.0,20.0,0.0,0.0,0.0,0.0,0.0,0.0,0.0,0.0,0.0,0.0,0.0,0.0,0.30940908562382186,0.30940908562382186,-0.00474141230224951,-0.00474141230224951
355.0,20.5,0.0,0.0,0.0,0.0,0.0,0.0,0.0,0.0,0.0,0.0,0.0,0.0,0.3083400139237474,0.3083400139237474,-0.004827901313856426,-0.004827901313856426
355.0,21.0,0.0,0.0,0.0,0.0,0.0,0.0,0.0,0.0,0.0,0.0,0.0,0.0,0.32478223560316466,0.32478223560316466,-0.003680623311342125,-0.003680623311342125
355.0,21.5,0.0,0.0,0.0,0.0,0.0,0.0,0.0,0.0,0.0,0.0,0.0,0.0,0.33248960411606376,0.33248960411606376,-0.0032562951337833947,-0.0032562951337833947
355.0,22.0,0.0,0.0,0.0,0.0,0.0,0.0,0.0,0.0,0.0,0.0,0.0,0.0,0.33487233112279097,0.33487233112279097,-0.003137090780963263,-0.003137090780963263
355.0,22.5,0.0,0.0,0.0,0.0,0.0,0.0,0.0,0.0,0.0,0.0,0.0,0.0,0.34405594148478286,0.34405594148478286,-0.002723711952189368,-0.002723711952189368
355.0,23.0,0.0,0.0,0.0,0.0,0.0,0.0,0.0,0.0,0.0,0.0,0.0,0.0,0.3477238757831896,0.3477238757831896,-0.0025769630893888993,-0.0025769630893888993
355.0,23.5,0.0,0.0,0.0,0.0,0.0,0.0,0.0,0.0,0.0,0.0,0.0,0.0,0.3465068589018051,0.3465068589018051,-0.002624585409970954,-0.002624585409970954
355.0,24.0,0.0,0.0,0.0,0.0,0.0,0.0,0.0,0.0,0.0,0.0,0.0,0.0,0.34754775911168007,0.34754775911168007,-0.0025837904943316367,-0.0025837904943316367
356.0,0.5,0.0,0.0,0.0,0.0,0.0,0.0,0.0,0.0,0.0,0.0,0.0,0.0,0.34589452161172124,0.34589452161172124,-0.002648942639814948,-0.002648942639814948
356.0,1.0,0.0,0.0,0.0,0.0,0.0,0.0,0.0,0.0,0.0,0.0,0.0,0.0,0.34405999385415886,0.34405999385415886,-0.0027235444108240016,-0.0027235444108240016
356.0,1.5,0.0,0.0,0.0,0.0,0.0,0.0,0.0,0.0,0.0,0.0,0.0,0.0,0.3400466215619827,0.3400466215619827,-0.002895662540300438,-0.002895662540300438
356.0,2.0,0.0,0.0,0.0,0.0,0.0,0.0,0.0,0.0,0.0,0.0,0.0,0.0,0.3387431618428434,0.3387431618428434,-0.0029543304292852,-0.0029543304292852
356.0,2.5,0.0,0.0,0.0,0.0,0.0,0.0,0.0,0.0,0.0,0.0,0.0,0.0,0.33759745594840435,0.33759745594840435,-0.003007070648439693,-0.003007070648439693
356.0,3.0,0.0,0.0,0.0,0.0,0.0,0.0,0.0,0.0,0.0,0.0,0.0,0.0,0.33432776333471775,0.33432776333471775,-0.0031638699462039374,-0.0031638699462039374
356.0,3.5,0.0,0.0,0.0,0.0,0.0,0.0,0.0,0.0,0.0,0.0,0.0,0.0,0.3314373851168083,0.3314373851168083,-0.003310649753203544,-0.003310649753203544
356.0,4.0,0.0,0.0,0.0,0.0,0.0,0.0,0.0,0.0,0.0,0.0,0.0,0.0,0.32884198140442866,0.32884198140442866,-0.0034494102360686676,-0.0034494102360686676
356.0,4.5,0.0,0.0,0.0,0.0,0.0,0.0,0.0,0.0,0.0,0.0,0.0,0.0,0.32648791913166025,0.32648791913166025,-0.0035812980862346354,-0.0035812980862346354
356.0,5.0,0.0,0.0,0.0,0.0,0.0,0.0,0.0,0.0,0.0,0.0,0.0,0.0,0.32433642062110973,0.32433642062110973,-0.0037071228041749772,-0.0037071228041749772
356.0,5.5,0.0,0.0,0.0,0.0,0.0,0.0,0.0,0.0,0.0,0.0,0.0,0.0,0.3247971112224772,0.3247971112224772,-0.0036797429943186957,-0.0036797429943186957
356.0,6.0,0.0,0.0,0.0,0.0,0.0,0.0,0.0,0.0,0.0,0.0,0.0,0.0,0.32522864231416243,0.32522864231416243,-0.003654314479972631,-0.003654314479972631
356.0,6.5,0.0,0.0,0.0,0.0,0.0,0.0,0.0,0.0,0.0,0.0,0.0,0.0,0.3232136733774801,0.3232136733774801,-0.0037748731453485203,-0.0037748731453485203
356.0,7.0,0.0,0.0,0.0,0.0,0.0,0.0,0.0,0.0,0.0,0.0,0.0,0.0,0.3213715119245168,0.3213715119245168,-0.003889260013910908,-0.003889260013910908
356.0,7.5,0.0,0.0,0.0,0.0,0.0,0.0,0.0,0.0,0.0,0.0,0.0,0.0,0.31966909889544515,0.31966909889544515,-0.003998658626004036,-0.003998658626004036
356.0,8.0,0.0,0.0,0.0,0.0,0.0,0.0,0.0,0.0,0.0,0.0,0.0,0.0,0.31808386471111205,0.31808386471111205,-0.004103838624510046,-0.004103838624510046
356.0,8.5,0.0,0.0,0.0,0.0,0.0,0.0,0.0,0.0,0.0,0.0,0.0,0.0,0.3165993417458126,0.3165993417458126,-0.004205338130049618,-0.004205338130049618
356.0,9.0,0.0,0.0,0.0,0.0,0.0,0.0,0.0,0.0,0.0,0.0,0.0,0.0,0.31520290249106614,0.31520290249106614,-0.004303556397373958,-0.004303556397373958
356.0,9.5,0.0,0.0,0.0,0.0,0.0,0.0,0.0,0.0,0.0,0.0,0.15028379028115071,0.15028379028115071,0.31388449635089694,0.31388449635089694,-0.0043988043019977325,-0.0043988043019977325
356.0,10.0,0.0,0.0,0.0,0.0,0.0,0.0,0.0,0.0,0.0,0.0,0.1636969682637794,0.1636969682637794,0.315136768196,0.315136768196,-0.004308275336860592,-0.004308275336860592
356.0,10.5,0.0,0.0,0.0,0.0,0.0,0.0,0.0,0.0,0.0,0.0,0.06033618272235057,0.06033618272235057,0.3138033686819714,0.3138033686819714,-0.004404746948873782,-0.004404746948873782
356.0,11.0,0.0,0.0,0.0,0.0,0.0,0.0,0.0,0.0,0.0,0.0,0.5912310099551136,0.5912310099551136,0.3125587860696887,0.3125587860696887,-0.004497123404028127,-0.004497123404028127
356.0,11.5,0.0,0.0,0.0,0.0,0.0,0.0,0.0,0.0,0.0,0.0,0.5641748837851641,0.5641748837851641,0.31131257066586765,0.31131257066586765,-0.004591943196860482,-0.004591943196860482
356.0,12.0,0.0,0.0,0.0,0.0,0.0,0.0,0.0,0.0,0.0,0.0,0.298388181587327,0.298388181587327,0.3126636787069219,0.3126636787069219,-0.004489249473389759,-0.004489249473389759
356.0,12.5,0.0,0.0,0.0,0.0,0.0,0.0,0.0,0.0,0.0,0.0,0.2700764271523966,0.2700764271523966,0.3114497232551283,0.3114497232551283,-0.0045813919058419654,-0.0045813919058419654
356.0,13.0,0.0,0.0,0.0,0.0,0.0,0.0,0.0,0.0,0.0,0.0,0.9617274601243041,0.9617274601243041,0.31030245334580725,0.31030245334580725,-0.004670550888054114,-0.004670550888054114
356.0,13.5,0.0,0.0,0.0,0.0,0.0,0.0,0.0,0.0,0.0,0.0,1.301313608122355,1.301313608122355,0.31166389796859567,0.31166389796859567,-0.004564972938176653,-0.004564972938176653
356.0,14.0,0.0,0.0,0.0,0.0,0.0,0.0,0.0,0.0,0.0,0.0,0.7907831902843514,0.7907831902843514,0.31037824391790336,0.31037824391790336,-0.004664597489731749,-0.004664597489731749
356.0,14.5,0.0,0.0,0.0,0.0,0.0,0.0,0.0,0.0,0.0,0.0,0.3877162626776234,0.3877162626776234,0.3092163519841291,0.3092163519841291,-0.004756867378759525,-0.004756867378759525
356.0,15.0,0.0,0.0,0.0,0.0,0.0,0.0,0.0,0.0,0.0,0.0,0.4560302308809456,0.4560302308809456,0.3107041801208671,0.3107041801208671,-0.004639097816212114,-0.004639097816212114
356.0,15.5,0.0,0.0,0.0,0.0,0.0,0.0,0.0,0.0,0.0,0.0,0.0,0.0,0.30957445373780706,0.30957445373780706,-0.004728199303467225,-0.004728199303467225
356.0,16.0,0.0,0.0,0.0,0.0,0.0,0.0,0.0,0.0,0.0,0.0,0.0,0.0,0.30855733028177085,0.30855733028177085,-0.004810168977481334,-0.004810168977481334
356.0,16.5,0.0,0.0,0.0,0.0,0.0,0.0,0.0,0.0,0.0,0.0,0.0,0.0,0.30758787101981866,0.30758787101981866,-0.004889878047551164,-0.004889878047551164
356.0,17.0,0.0,0.0,0.0,0.0,0.0,0.0,0.0,0.0,0.0,0.0,0.0,0.0,0.30666073530180044,0.30666073530180044,-0.004967583660697984,-0.004967583660697984
356.0,17.5,0.0,0.0,0.0,0.0,0.0,0.0,0.0,0.0,0.0,0.0,0.0,0.0,0.3057716391360262,0.3057716391360262,-0.005043486832750279,-0.005043486832750279
356.0,18.0,0.0,0.0,0.0,0.0,0.0,0.0,0.0,0.0,0.0,0.0,0.0,0.0,0.30491707124105516,0.30491707124105516,-0.005117748133675471,-0.005117748133675471
356.0,18.5,0.0,0.0,0.0,0.0,0.0,0.0,0.0,0.0,0.0,0.0,0.0,0.0,0.30409409921965563,0.30409409921965563,-0.005190498383358816,-0.005190498383358816
356.0,19.0,0.0,0.0,0.0,0.0,0.0,0.0,0.0,0.0,0.0,0.0,0.0,0.0,0.30330023388782656,0.30330023388782656,-0.005261846110735276,-0.005261846110735276
356.0,19.5,0.0,0.0,0.0,0.0,0.0,0.0,0.0,0.0,0.0,0.0,0.0,0.0,0.3025333321789708,0.3025333321789708,-0.005331882857114387,-0.005331882857114387
356.0,20.0,0.0,0.0,0.0,0.0,0.0,0.0,0.0,0.0,0.0,0.0,0.0,0.0,0.30179152625151573,0.30179152625151573,-0.005400687011138938,-0.005400687011138938
356.0,20.5,0.0,0.0,0.0,0.0,0.0,0.0,0.0,0.0,0.0,0.0,0.0,0.0,0.301073170772075,0.301073170772075,-0.005468326624244813,-0.005468326624244813
356.0,21.0,0.0,0.0,0.0,0.0,0.0,0.0,0.0,0.0,0.0,0.0,0.0,0.0,0.30037680304347264,0.30037680304347264,-0.005534861506367658,-0.005534861506367658
356.0,21.5,0.0,0.0,0.0,0.0,0.0,0.0,0.0,0.0,0.0,0.0,0.0,0.0,0.299701112365639,0.299701112365639,-0.005600344805978402,-0.005600344805978402
356.0,22.0,0.0,0.0,0.0,0.0,0.0,0.0,0.0,0.0,0.0,0.0,0.0,0.0,0.2990449161375434,0.2990449161375434,-0.00566482421576349,-0.00566482421576349
356.0,22.5,0.0,0.0,0.0,0.0,0.0,0.0,0.0,0.0,0.0,0.0,0.0,0.0,0.29840714095301485,0.29840714095301485,-0.005728342903269727,-0.005728342903269727
356.0,23.0,0.0,0.0,0.0,0.0,0.0,0.0,0.0,0.0,0.0,0.0,0.0,0.0,0.2977868074472024,0.2977868074472024,-0.005790940237247244,-0.005790940237247244
356.0,23.5,0.0,0.0,0.0,0.0,0.0,0.0,0.0,0.0,0.0,0.0,0.0,0.0,0.2971830179968348,0.2971830179968348,-0.005852652360668282,-0.005852652360668282
356.0,24.0,0.0,0.0,0.0,0.0,0.0,0.0,0.0,0.0,0.0,0.0,0.0,0.0,0.29659494661902874,0.29659494661902874,-0.005913512647560672,-0.005913512647560672
357.0,0.5,0.0,0.0,0.0,0.0,0.0,0.0,0.0,0.0,0.0,0.0,0.0,0.0,0.29602183058412174,0.29602183058412174,-0.005973552070982421,-0.005973552070982421
357.0,1.0,0.0,0.0,0.0,0.0,0.0,0.0,0.0,0.0,0.0,0.0,0.0,0.0,0.29546296338012995,0.29546296338012995,-0.006032799502429777,-0.006032799502429777
357.0,1.5,0.0,0.0,0.0,0.0,0.0,0.0,0.0,0.0,0.0,0.0,0.0,0.0,0.2949176887547938,0.2949176887547938,-0.006091281957878227,-0.006091281957878227
357.0,2.0,0.0,0.0,0.0,0.0,0.0,0.0,0.0,0.0,0.0,0.0,0.0,0.0,0.29438539562579946,0.29438539562579946,-0.0061490248019339475,-0.0061490248019339475
357.0,2.5,0.0,0.0,0.0,0.0,0.0,0.0,0.0,0.0,0.0,0.0,0.0,0.0,0.2938655136975109,0.2938655136975109,-0.00620605191883055,-0.00620605191883055
357.0,3.0,0.0,0.0,0.0,0.0,0.0,0.0,0.0,0.0,0.0,0.0,0.0,0.0,0.293357509658173,0.293357509658173,-0.006262385856968307,-0.006262385856968307
357.0,3.5,0.0,0.0,0.0,0.0,0.0,0.0,0.0,0.0,0.0,0.0,0.0,0.0,0.2928608838583768,0.2928608838583768,-0.006318047952167925,-0.006318047952167925
357.0,4.0,0.0,0.0,0.0,0.0,0.0,0.0,0.0,0.0,0.0,0.0,0.0,0.0,0.2923751673919716,0.2923751673919716,-0.006373058433661495,-0.006373058433661495
357.0,4.5,0.0,0.0,0.0,0.0,0.0,0.0,0.0,0.0,0.0,0.0,0.0,0.0,0.29189991951624317,0.29189991951624317,-0.0064274365159709594,-0.0064274365159709594
357.0,5.0,0.0,0.0,0.0,0.0,0.0,0.0,0.0,0.0,0.0,0.0,0.0,0.0,0.2914347253602715,0.2914347253602715,-0.006481200479157862,-0.006481200479157862
357.0,5.5,0.0,0.0,0.0,0.0,0.0,0.0,0.0,0.0,0.0,0.0,0.0,0.0,0.2909791938798132,0.2909791938798132,-0.006534367739416411,-0.006534367739416411
357.0,6.0,0.0,0.0,0.0,0.0,0.0,0.0,0.0,0.0,0.0,0.0,0.0,0.0,0.2905329560244683,0.2905329560244683,-0.006586954911585413,-0.006586954911585413
357.0,6.5,0.0,0.0,0.0,0.0,0.0,0.0,0.0,0.0,0.0,0.0,0.0,0.0,0.290095663088771,0.290095663088771,-0.006638977864846855,-0.006638977864846855
357.0,7.0,0.0,0.0,0.0,0.0,0.0,0.0,0.0,0.0,0.0,0.0,0.0,0.0,0.28966698522353745,0.28966698522353745,-0.006690451772637595,-0.006690451772637595
357.0,7.5,0.0,0.0,0.0,0.0,0.0,0.0,0.0,0.0,0.0,0.0,0.0,0.0,0.28924661008758495,0.28924661008758495,-0.006741391157611202,-0.006741391157611202
357.0,8.0,0.0,0.0,0.0,0.0,0.0,0.0,0.0,0.0,0.0,0.0,0.0,0.0,0.28883424162300025,0.28883424162300025,-0.006791809932336363,-0.006791809932336363
357.0,8.5,0.0,0.0,0.0,0.0,0.0,0.0,0.0,0.0,0.0,0.0,0.0,0.0,0.28842959893963754,0.28842959893963754,-0.006841721436299322,-0.006841721436299322
357.0,9.0,0.0,0.0,0.0,0.0,0.0,0.0,0.0,0.0,0.0,0.0,0.0,0.0,0.2880324152965857,0.2880324152965857,-0.006891138469681594,-0.006891138469681594
357.0,9.5,0.0,0.0,0.0,0.0,0.0,0.0,0.0,0.0,0.0,0.0,0.0,0.0,0.2876424371700481,0.2876424371700481,-0.006940073324307498,-0.006940073324307498
357.0,10.0,0.0,0.0,0.0,0.0,0.0,0.0,0.0,0.0,0.0,0.0,0.0,0.0,0.2872594233984965,0.2872594233984965,-0.006988537812093748,-0.006988537812093748
357.0,10.5,0.0,0.0,0.0,0.0,0.0,0.0,0.0,0.0,0.0,0.0,0.0,0.0,0.2868831443971533,0.2868831443971533,-0.007036543291282341,-0.007036543291282341
357.0,11.0,0.0,0.0,0.0,0.0,0.0,0.0,0.0,0.0,0.0,0.0,0.0,0.0,0.2891360642549237,0.2891360642549237,-0.0067548633118322985,-0.0067548633118322985
357.0,11.5,0.0,0.0,0.0,0.0,0.0,0.0,0.0,0.0,0.0,0.0,0.0,0.0,0.28872581099701755,0.28872581099701755,-0.006805141863658996,-0.006805141863658996
357.0,12.0,0.0,0.0,0.0,0.0,0.0,0.0,0.0,0.0,0.0,0.0,0.0,0.0,0.2909429871873164,0.2909429871873164,-0.006538615846635934,-0.006538615846635934
357.0,12.5,0.0,0.0,0.0,0.0,0.0,0.0,0.0,0.0,0.0,0.0,0.0,0.0,0.2957197286483492,0.2957197286483492,-0.006005492404634112,-0.006005492404634112
357.0,13.0,0.0,0.0,0.0,0.0,0.0,0.0,0.0,0.0,0.0,0.0,0.0,0.0,0.2977739788216886,0.2977739788216886,-0.005792243340404094,-0.005792243340404094
357.0,13.5,0.0,0.0,0.0,0.0,0.0,0.0,0.0,0.0,0.0,0.0,0.0,0.0,0.30236397265074805,0.30236397265074805,-0.005347498886761659,-0.005347498886761659
357.0,14.0,0.0,0.0,0.0,0.0,0.0,0.0,0.0,0.0,0.0,0.0,0.0,0.0,0.30423205403765047,0.30423205403765047,-0.005178217715137416,-0.005178217715137416
357.0,14.5,0.0,0.0,0.0,0.0,0.0,0.0,0.0,0.0,0.0,0.0,0.0,0.0,0.3034747224897532,0.3034747224897532,-0.005246064464820509,-0.005246064464820509
357.0,15.0,0.0,0.0,0.0,0.0,0.0,0.0,0.0,0.0,0.0,0.0,0.0,0.0,0.3053375464671554,0.3053375464671554,-0.0050810475265010025,-0.0050810475265010025
357.0,15.5,0.0,0.0,0.0,0.0,0.0,0.0,0.0,0.0,0.0,0.0,0.0,0.0,0.30714846114588623,0.30714846114588623,-0.004926524180950048,-0.004926524180950048
357.0,16.0,0.0,0.0,0.0,0.0,0.0,0.0,0.0,0.0,0.0,0.0,0.0,0.0,0.30890772817397544,0.30890772817397544,-0.004781740749956149,-0.004781740749956149
357.0,16.5,0.0,0.0,0.0,0.0,0.0,0.0,0.0,0.0,0.0,0.0,0.0,0.0,0.3131677561315905,0.3131677561315905,-0.004451638473027711,-0.004451638473027711
357.0,17.0,0.0,0.0,0.0,0.0,0.0,0.0,0.0,0.0,0.0,0.0,0.0,0.0,0.3172462030860713,0.3172462030860713,-0.0041607475699320644,-0.0041607475699320644
357.0,17.5,0.0,0.0,0.0,0.0,0.0,0.0,0.0,0.0,0.0,0.0,0.0,0.0,0.3186216723988183,0.3186216723988183,-0.004067789800476869,-0.004067789800476869
357.0,18.0,0.0,0.0,0.0,0.0,0.0,0.0,0.0,0.0,0.0,0.0,0.0,0.0,0.3199602011050799,0.3199602011050799,-0.003979694778234489,-0.003979694778234489
357.0,18.5,0.0,0.0,0.0,0.0,0.0,0.0,0.0,0.0,0.0,0.0,0.0,0.0,0.321255201295991,0.321255201295991,-0.0038966197971708277,-0.0038966197971708277
357.0,19.0,0.0,0.0,0.0,0.0,0.0,0.0,0.0,0.0,0.0,0.0,0.0,0.0,0.32250005297407497,0.32250005297407497,-0.003818702567782838,-0.003818702567782838
357.0,19.5,0.0,0.0,0.0,0.0,0.0,0.0,0.0,0.0,0.0,0.0,0.0,0.0,0.3236879914026146,0.3236879914026146,-0.0037460727396569937,-0.0037460727396569937
357.0,20.0,0.0,0.0,0.0,0.0,0.0,0.0,0.0,0.0,0.0,0.0,0.0,0.0,0.32481200031116764,0.32481200031116764,-0.003678862131391965,-0.003678862131391965
357.0,20.5,0.0,0.0,0.0,0.0,0.0,0.0,0.0,0.0,0.0,0.0,0.0,0.0,0.32586481750611196,0.32586481750611196,-0.0036172078143064724,-0.0036172078143064724
357.0,21.0,0.0,0.0,0.0,0.0,0.0,0.0,0.0,0.0,0.0,0.0,0.0,0.0,0.32683895095814036,0.32683895095814036,-0.0035612549731456,-0.0035612549731456
357.0,21.5,0.0,0.0,0.0,0.0,0.0,0.0,0.0,0.0,0.0,0.0,0.0,0.0,0.32772671775431395,0.32772671775431395,-0.0035111589588125735,-0.0035111589588125735
357.0,22.0,0.0,0.0,0.0,0.0,0.0,0.0,0.0,0.0,0.0,0.0,0.0,0.0,0.3285203152069349,0.3285203152069349,-0.003467086183684382,-0.003467086183684382
357.0,22.5,0.0,0.0,0.0,0.0,0.0,0.0,0.0,0.0,0.0,0.0,0.0,0.0,0.3292128006308756,0.3292128006308756,-0.00342916632652431,-0.00342916632652431
357.0,23.0,0.0,0.0,0.0,0.0,0.0,0.0,0.0,0.0,0.0,0.0,0.0,0.0,0.32735115895980016,0.32735115895980016,-0.0035322483178885137,-0.0035322483178885137
357.0,23.5,0.0,0.0,0.0,0.0,0.0,0.0,0.0,0.0,0.0,0.0,0.0,0.0,0.32803923677832664,0.32803923677832664,-0.0034937238592962386,-0.0034937238592962386
357.0,24.0,0.0,0.0,0.0,0.0,0.0,0.0,0.0,0.0,0.0,0.0,0.0,0.0,0.3261692359366335,0.3261692359366335,-0.003599610659963099,-0.003599610659963099
358.0,0.5,0.0,0.0,0.0,0.0,0.0,0.0,0.0,0.0,0.0,0.0,0.0,0.0,0.3243937504772471,0.3243937504772471,-0.003703702378792482,-0.003703702378792482
358.0,1.0,0.0,0.0,0.0,0.0,0.0,0.0,0.0,0.0,0.0,0.0,0.0,0.0,0.3227027925292666,0.3227027925292666,-0.0038061892534997648,-0.0038061892534997648
358.0,1.5,0.0,0.0,0.0,0.0,0.0,0.0,0.0,0.0,0.0,0.0,0.0,0.0,0.32109073136411503,0.32109073136411503,-0.003907055297838596,-0.003907055297838596
358.0,2.0,0.0,0.0,0.0,0.0,0.0,0.0,0.0,0.0,0.0,0.0,0.0,0.0,0.32204143722496853,0.32204143722496853,-0.0038471901586650315,-0.0038471901586650315
358.0,2.5,0.0,0.0,0.0,0.0,0.0,0.0,0.0,0.0,0.0,0.0,0.0,0.0,0.32042437029888204,0.32042437029888204,-0.0039496776529520765,-0.0039496776529520765
358.0,3.0,0.0,0.0,0.0,0.0,0.0,0.0,0.0,0.0,0.0,0.0,0.0,0.0,0.3188983804458996,0.3188983804458996,-0.004049389319361129,-0.004049389319361129
358.0,3.5,0.0,0.0,0.0,0.0,0.0,0.0,0.0,0.0,0.0,0.0,0.0,0.0,0.3174535502232156,0.3174535502232156,-0.0041465737424401655,-0.0041465737424401655
358.0,4.0,0.0,0.0,0.0,0.0,0.0,0.0,0.0,0.0,0.0,0.0,0.0,0.0,0.3160820982722505,0.3160820982722505,-0.004241403752503627,-0.004241403752503627
358.0,4.5,0.0,0.0,0.0,0.0,0.0,0.0,0.0,0.0,0.0,0.0,0.0,0.0,0.3147776103050909,0.3147776103050909,-0.004334010570191092,-0.004334010570191092
358.0,5.0,0.0,0.0,0.0,0.0,0.0,0.0,0.0,0.0,0.0,0.0,0.0,0.0,0.31353460744782724,0.31353460744782724,-0.0044245023091287455,-0.0044245023091287455
358.0,5.5,0.0,0.0,0.0,0.0,0.0,0.0,0.0,0.0,0.0,0.0,0.0,0.0,0.31234829593189783,0.31234829593189783,-0.0045129738753433785,-0.0045129738753433785
358.0,6.0,0.0,0.0,0.0,0.0,0.0,0.0,0.0,0.0,0.0,0.0,0.0,0.0,0.3112144153636876,0.3112144153636876,-0.004599512163584914,-0.004599512163584914
358.0,6.5,0.0,0.0,0.0,0.0,0.0,0.0,0.0,0.0,0.0,0.0,0.0,0.0,0.31012914137107805,0.31012914137107805,-0.004684198710429673,-0.004684198710429673
358.0,7.0,0.0,0.0,0.0,0.0,0.0,0.0,0.0,0.0,0.0,0.0,0.0,0.0,0.30908901888460144,0.30908901888460144,-0.004767110996352255,-0.004767110996352255
358.0,7.5,0.0,0.0,0.0,0.0,0.0,0.0,0.0,0.0,0.0,0.0,0.0,0.0,0.3080909132206251,0.3080909132206251,-0.004848323050375321,-0.004848323050375321
358.0,8.0,0.0,0.0,0.0,0.0,0.0,0.0,0.0,0.0,0.0,0.0,0.0,0.0,0.3071319719742257,0.3071319719742257,-0.004927905711474963,-0.004927905711474963
358.0,8.5,0.0,0.0,0.0,0.0,0.0,0.0,0.0,0.0,0.0,0.0,0.0,0.0,0.3062095938653602,0.3062095938653602,-0.005005926735016644,-0.005005926735016644
358.0,9.0,0.0,0.0,0.0,0.0,0.0,0.0,0.0,0.0,0.0,0.0,0.0,0.0,0.30532140237042776,0.30532140237042776,-0.005082450841188004,-0.005082450841188004
358.0,9.5,0.0,0.0,0.0,0.0,0.0,0.0,0.0,0.0,0.0,0.0,0.0,0.0,0.3044652228833509,0.3044652228833509,-0.005157539752711553,-0.005157539752711553
358.0,10.0,0.0,0.0,0.0,0.0,0.0,0.0,0.0,0.0,0.0,0.0,0.0,0.0,0.3036390626453287,0.3036390626453287,-0.005231252242592876,-0.005231252242592876
358.0,10.5,0.0,0.0,0.0,0.0,0.0,0.0,0.0,0.0,0.0,0.0,0.0,0.0,0.30284109295346173,0.30284109295346173,-0.005303644198934519,-0.005303644198934519
358.0,11.0,0.0,0.0,0.0,0.0,0.0,0.0,0.0,0.0,0.0,0.0,0.0,0.0,0.30206963330926434,0.30206963330926434,-0.00537476870712151,-0.00537476870712151
358.0,11.5,0.0,0.0,0.0,0.0,0.0,0.0,0.0,0.0,0.0,0.0,0.0,0.0,0.30132313725443444,0.30132313725443444,-0.005444676146722638,-0.005444676146722638
358.0,12.0,0.0,0.0,0.0,0.0,0.0,0.0,0.0,0.0,0.0,0.0,0.0,0.0,0.3031804481871723,0.3031804481871723,-0.0052727128949530844,-0.0052727128949530844
358.0,12.5,0.0,0.0,0.0,0.0,0.0,0.0,0.0,0.0,0.0,0.0,0.0,0.0,0.30239714920239236,0.30239714920239236,-0.005344435509532453,-0.005344435509532453
358.0,13.0,0.0,0.0,0.0,0.0,0.0,0.0,0.0,0.0,0.0,0.0,0.0,0.0,0.3016427423551896,0.3016427423551896,-0.005414614126380375,-0.005414614126380375
358.0,13.5,0.0,0.0,0.0,0.0,0.0,0.0,0.0,0.0,0.0,0.0,0.0,0.0,0.3009148476314772,0.3009148476314772,-0.005483369625851897,-0.005483369625851897
358.0,14.0,0.0,0.0,0.0,0.0,0.0,0.0,0.0,0.0,0.0,0.0,0.0,0.0,0.3002114202886556,0.3002114202886556,-0.005550804568554065,-0.005550804568554065
358.0,14.5,0.0,0.0,0.0,0.0,0.0,0.0,0.0,0.0,0.0,0.0,0.0,0.0,0.29953068469731675,0.29953068469731675,-0.005617006997080839,-0.005617006997080839
358.0,15.0,0.0,0.0,0.0,0.0,0.0,0.0,0.0,0.0,0.0,0.0,0.0,0.0,0.3014588111374105,0.3014588111374105,-0.005431890447798314,-0.005431890447798314
358.0,15.5,0.0,0.0,0.0,0.0,0.0,0.0,0.0,0.0,0.0,0.0,0.0,0.0,0.3007426225236558,0.3007426225236558,-0.0054997895423443315,-0.0054997895423443315
358.0,16.0,0.0,0.0,0.0,0.0,0.0,0.0,0.0,0.0,0.0,0.0,0.0,0.0,0.30005186319616145,0.30005186319616145,-0.005566237916844357,-0.005566237916844357
358.0,16.5,0.0,0.0,0.0,0.0,0.0,0.0,0.0,0.0,0.0,0.0,0.0,0.0,0.29938437018571323,0.29938437018571323,-0.005631358857586433,-0.005631358857586433
358.0,17.0,0.0,0.0,0.0,0.0,0.0,0.0,0.0,0.0,0.0,0.0,0.0,0.0,0.2987382962327179,0.2987382962327179,-0.0056952564522929905,-0.0056952564522929905
358.0,17.5,0.0,0.0,0.0,0.0,0.0,0.0,0.0,0.0,0.0,0.0,0.0,0.0,0.29811204736104197,0.29811204736104197,-0.005758019477747326,-0.005758019477747326
358.0,18.0,0.0,0.0,0.0,0.0,0.0,0.0,0.0,0.0,0.0,0.0,0.0,0.0,0.29750423529318387,0.29750423529318387,-0.005819724364318999,-0.005819724364318999
358.0,18.5,0.0,0.0,0.0,0.0,0.0,0.0,0.0,0.0,0.0,0.0,0.0,0.0,0.29691364067695075,0.29691364067695075,-0.005880437485887466,-0.005880437485887466
358.0,19.0,0.0,0.0,0.0,0.0,0.0,0.0,0.0,0.0,0.0,0.0,0.0,0.0,0.2963391843123336,0.2963391843123336,-0.005940216949166319,-0.005940216949166319
358.0,19.5,0.0,0.0,0.0,0.0,0.0,0.0,0.0,0.0,0.0,0.0,0.0,0.0,0.2957799043820763,0.2957799043820763,-0.005999114006451232,-0.005999114006451232
358.0,20.0,0.0,0.0,0.0,0.0,0.0,0.0,0.0,0.0,0.0,0.0,0.0,0.0,0.2952349382452503,0.2952349382452503,-0.006057174181606138,-0.006057174181606138
358.0,20.5,0.0,0.0,0.0,0.0,0.0,0.0,0.0,0.0,0.0,0.0,0.0,0.0,0.29470350773914245,0.29470350773914245,-0.006114438175264305,-0.006114438175264305
358.0,21.0,0.0,0.0,0.0,0.0,0.0,0.0,0.0,0.0,0.0,0.0,0.0,0.0,0.29418490720720597,0.29418490720720597,-0.006170942598337107,-0.006170942598337107
358.0,21.5,0.0,0.0,0.0,0.0,0.0,0.0,0.0,0.0,0.0,0.0,0.0,0.0,0.29367849366595694,0.29367849366595694,-0.006226720570788609,-0.006226720570788609
358.0,22.0,0.0,0.0,0.0,0.0,0.0,0.0,0.0,0.0,0.0,0.0,0.0,0.0,0.29318367866533546,0.29318367866533546,-0.00628180221379491,-0.00628180221379491
358.0,22.5,0.0,0.0,0.0,0.0,0.0,0.0,0.0,0.0,0.0,0.0,0.0,0.0,0.2926999215011282,0.2926999215011282,-0.006336215056889822,-0.006336215056889822
358.0,23.0,0.0,0.0,0.0,0.0,0.0,0.0,0.0,0.0,0.0,0.0,0.0,0.0,0.29222672351538176,0.29222672351538176,-0.006389984376839267,-0.006389984376839267
358.0,23.5,0.0,0.0,0.0,0.0,0.0,0.0,0.0,0.0,0.0,0.0,0.0,0.0,0.2917636232787936,0.2917636232787936,-0.006443133481326721,-0.006443133481326721
358.0,24.0,0.0,0.0,0.0,0.0,0.0,0.0,0.0,0.0,0.0,0.0,0.0,0.0,0.2913101924930739,0.2913101924930739,-0.00649568394774937,-0.00649568394774937
359.0,0.5,0.0,0.0,0.0,0.0,0.0,0.0,0.0,0.0,0.0,0.0,0.0,0.0,0.29086603248491805,0.29086603248491805,-0.006547655825290405,-0.006547655825290405
359.0,1.0,0.0,0.0,0.0,0.0,0.0,0.0,0.0,0.0,0.0,0.0,0.0,0.0,0.2904307711891785,0.2904307711891785,-0.006599067806782609,-0.006599067806782609
359.0,1.5,0.0,0.0,0.0,0.0,0.0,0.0,0.0,0.0,0.0,0.0,0.0,0.0,0.2900040605389701,0.2900040605389701,-0.006649937375594373,-0.006649937375594373
359.0,2.0,0.0,0.0,0.0,0.0,0.0,0.0,0.0,0.0,0.0,0.0,0.0,0.0,0.28958557419622716,0.28958557419622716,-0.006700280931760505,-0.006700280931760505
359.0,2.5,0.0,0.0,0.0,0.0,0.0,0.0,0.0,0.0,0.0,0.0,0.0,0.0,0.2891750055686469,0.2891750055686469,-0.006750113900785798,-0.006750113900785798
359.0,3.0,0.0,0.0,0.0,0.0,0.0,0.0,0.0,0.0,0.0,0.0,0.0,0.0,0.2887720660688131,0.2887720660688131,-0.006799450827917344,-0.006799450827917344
359.0,3.5,0.0,0.0,0.0,0.0,0.0,0.0,0.0,0.0,0.0,0.0,0.0,0.0,0.28837648357915086,0.28837648357915086,-0.006848305460177579,-0.006848305460177579
359.0,4.0,0.0,0.0,0.0,0.0,0.0,0.0,0.0,0.0,0.0,0.0,0.0,0.0,0.2879880010926693,0.2879880010926693,-0.006896690818045256,-0.006896690818045256
359.0,4.5,0.0,0.0,0.0,0.0,0.0,0.0,0.0,0.0,0.0,0.0,0.0,0.0,0.28760637550453744,0.28760637550453744,-0.006944619258344985,-0.006944619258344985
359.0,5.0,0.0,0.0,0.0,0.0,0.0,0.0,0.0,0.0,0.0,0.0,0.0,0.0,0.28723137653366204,0.28723137653366204,-0.006992102529641411,-0.006992102529641411
359.0,5.5,0.0,0.0,0.0,0.0,0.0,0.0,0.0,0.0,0.0,0.0,0.0,0.0,0.2868627857568003,0.2868627857568003,-0.007039151821218398,-0.007039151821218398
359.0,6.0,0.0,0.0,0.0,0.0,0.0,0.0,0.0,0.0,0.0,0.0,0.0,0.0,0.2865003957404916,0.2865003957404916,-0.007085777806547693,-0.007085777806547693
359.0,6.5,0.0,0.0,0.0,0.0,0.0,0.0,0.0,0.0,0.0,0.0,0.0,0.0,0.28614400925836,0.28614400925836,-0.007131990682006494,-0.007131990682006494
359.0,7.0,0.0,0.0,0.0,0.0,0.0,0.0,0.0,0.0,0.0,0.0,0.0,0.0,0.28579343858320966,0.28579343858320966,-0.007177800201484489,-0.007177800201484489
359.0,7.5,0.0,0.0,0.0,0.0,0.0,0.0,0.0,0.0,0.0,0.0,0.0,0.0,0.28544850484489026,0.28544850484489026,-0.0072232157074219126,-0.0072232157074219126
359.0,8.0,0.0,0.0,0.0,0.0,0.0,0.0,0.0,0.0,0.0,0.0,0.0,0.0,0.28510903744620386,0.28510903744620386,-0.007268246158738598,-0.007268246158738598
359.0,8.5,0.0,0.0,0.0,0.0,0.0,0.0,0.0,0.0,0.0,0.0,0.0,0.0,0.28477487353020836,0.28477487353020836,-0.007312900156045619,-0.007312900156045619
359.0,9.0,0.0,0.0,0.0,0.0,0.0,0.0,0.0,0.0,0.0,0.0,0.0,0.0,0.28444585749318557,0.28444585749318557,-0.007357185964473792,-0.007357185964473792
359.0,9.5,0.0,0.0,0.0,0.0,0.0,0.0,0.0,0.0,0.0,0.0,0.0,0.0,0.2841218405383046,0.2841218405383046,-0.007401111534406218,-0.007401111534406218
359.0,10.0,0.0,0.0,0.0,0.0,0.0,0.0,0.0,0.0,0.0,0.0,0.0,0.0,0.2838026802656679,0.2838026802656679,-0.007444684520360795,-0.007444684520360795
359.0,10.5,0.0,0.0,0.0,0.0,0.0,0.0,0.0,0.0,0.0,0.0,0.0,0.0,0.2834882402949739,0.2834882402949739,-0.007487912298235664,-0.007487912298235664
359.0,11.0,0.0,0.0,0.0,0.0,0.0,0.0,0.0,0.0,0.0,0.0,0.0,0.0,0.2831783899175037,0.2831783899175037,-0.007530801981100982,-0.007530801981100982
359.0,11.5,0.0,0.0,0.0,0.0,0.0,0.0,0.0,0.0,0.0,0.0,0.0,0.0,0.2828730037745421,0.2828730037745421,-0.007573360433696666,-0.007573360433696666
359.0,12.0,0.0,0.0,0.0,0.0,0.0,0.0,0.0,0.0,0.0,0.0,0.0,0.0,0.28257196155968717,0.28257196155968717,-0.007615594285774531,-0.007615594285774531
359.0,12.5,0.0,0.0,0.0,0.0,0.0,0.0,0.0,0.0,0.0,0.0,0.0,0.0,0.2822751477428023,0.2822751477428023,-0.007657509944405685,-0.007657509944405685
359.0,13.0,0.0,0.0,0.0,0.0,0.0,0.0,0.0,0.0,0.0,0.0,0.06656048020451785,0.06656048020451785,0.2819824513136199,0.2819824513136199,-0.007699113605359153,-0.007699113605359153
359.0,13.5,0.0,0.0,0.0,0.0,0.0,0.0,0.0,0.0,0.0,0.0,0.04839246668873271,0.04839246668873271,0.28168528355572314,0.28168528355572314,-0.007741628631817943,-0.007741628631817943
359.0,14.0,0.0,0.0,0.0,0.0,0.0,0.0,0.0,0.0,0.0,0.0,0.05930500111617134,0.05930500111617134,0.2813943389874666,0.2813943389874666,-0.007783524592041343,-0.007783524592041343
359.0,14.5,0.0,0.0,0.0,0.0,0.0,0.0,0.0,0.0,0.0,0.0,0.0,0.0,0.28110581297568593,0.28110581297568593,-0.00782533933665167,-0.00782533933665167
359.0,15.0,0.0,0.0,0.0,0.0,0.0,0.0,0.0,0.0,0.0,0.0,0.0,0.0,0.2808285583808941,0.2808285583808941,-0.007865772971646135,-0.007865772971646135
359.0,15.5,0.0,0.0,0.0,0.0,0.0,0.0,0.0,0.0,0.0,0.0,0.0,0.0,0.2805549261285225,0.2805549261285225,-0.00790592264004119,-0.00790592264004119
359.0,16.0,0.0,0.0,0.0,0.0,0.0,0.0,0.0,0.0,0.0,0.0,0.0,0.0,0.28028482786043973,0.28028482786043973,-0.007945793466601578,-0.007945793466601578
359.0,16.5,0.0,0.0,0.0,0.0,0.0,0.0,0.0,0.0,0.0,0.0,0.0,0.0,0.2800181783724592,0.2800181783724592,-0.007985390424044848,-0.007985390424044848
359.0,17.0,0.0,0.0,0.0,0.0,0.0,0.0,0.0,0.0,0.0,0.0,0.0,0.0,0.27975489546353616,0.27975489546353616,-0.008024718339763214,-0.008024718339763214
359.0,17.5,0.0,0.0,0.0,0.0,0.0,0.0,0.0,0.0,0.0,0.0,0.0,0.0,0.2794948997942656,0.2794948997942656,-0.00806378190211778,-0.00806378190211778
359.0,18.0,0.0,0.0,0.0,0.0,0.0,0.0,0.0,0.0,0.0,0.0,0.0,0.0,0.2792381147539576,0.2792381147539576,-0.008102585666342045,-0.008102585666342045
359.0,18.5,0.0,0.0,0.0,0.0,0.0,0.0,0.0,0.0,0.0,0.0,0.0,0.0,0.278984466335636,0.278984466335636,-0.00814113406008763,-0.00814113406008763
359.0,19.0,0.0,0.0,0.0,0.0,0.0,0.0,0.0,0.0,0.0,0.0,0.0,0.0,0.2787338830183672,0.2787338830183672,-0.008179431388641675,-0.008179431388641675
359.0,19.5,0.0,0.0,0.0,0.0,0.0,0.0,0.0,0.0,0.0,0.0,0.0,0.0,0.27848629565637956,0.27848629565637956,-0.008217481839842477,-0.008217481839842477
359.0,20.0,0.0,0.0,0.0,0.0,0.0,0.0,0.0,0.0,0.0,0.0,0.0,0.0,0.27824163737448465,0.27824163737448465,-0.008255289488716911,-0.008255289488716911
359.0,20.5,0.0,0.0,0.0,0.0,0.0,0.0,0.0,0.0,0.0,0.0,0.0,0.0,0.27799984346935286,0.27799984346935286,-0.008292858301861158,-0.008292858301861158
359.0,21.0,0.0,0.0,0.0,0.0,0.0,0.0,0.0,0.0,0.0,0.0,0.0,0.0,0.27776085131623524,0.27776085131623524,-0.00833019214158394,-0.00833019214158394
359.0,21.5,0.0,0.0,0.0,0.0,0.0,0.0,0.0,0.0,0.0,0.0,0.0,0.0,0.27752460028075937,0.27752460028075937,-0.00836729476982972,-0.00836729476982972
359.0,22.0,0.0,0.0,0.0,0.0,0.0,0.0,0.0,0.0,0.0,0.0,0.0,0.0,0.277291031635456,0.277291031635456,-0.008404169851897703,-0.008404169851897703
359.0,22.5,0.0,0.0,0.0,0.0,0.0,0.0,0.0,0.0,0.0,0.0,0.0,0.0,0.2770600884807036,0.2770600884807036,-0.008440820959970893,-0.008440820959970893
359.0,23.0,0.0,0.0,0.0,0.0,0.0,0.0,0.0,0.0,0.0,0.0,0.0,0.0,0.27683171566980175,0.27683171566980175,-0.008477251576468387,-0.008477251576468387
359.0,23.5,0.0,0.0,0.0,0.0,0.0,0.0,0.0,0.0,0.0,0.0,0.0,0.0,0.2766058597379075,0.2766058597379075,-0.008513465097232777,-0.008513465097232777
359.0,24.0,0.0,0.0,0.0,0.0,0.0,0.0,0.0,0.0,0.0,0.0,0.0,0.0,0.27638246883459117,0.27638246883459117,-0.008549464834563359,-0.008549464834563359
360.0,0.5,0.0,0.0,0.0,0.0,0.0,0.0,0.0,0.0,0.0,0.0,0.0,0.0,0.27616149265978335,0.27616149265978335,-0.008585254020105385,-0.008585254020105385
360.0,1.0,0.0,0.0,0.0,0.0,0.0,0.0,0.0,0.0,0.0,0.0,0.0,0.0,0.275942882402906,0.275942882402906,-0.008620835807604295,-0.008620835807604295
360.0,1.5,0.0,0.0,0.0,0.0,0.0,0.0,0.0,0.0,0.0,0.0,0.0,0.0,0.2757265906849931,0.2757265906849931,-0.008656213275533313,-0.008656213275533313
360.0,2.0,0.0,0.0,0.0,0.0,0.0,0.0,0.0,0.0,0.0,0.0,0.0,0.0,0.27551257150362196,0.27551257150362196,-0.008691389429602228,-0.008691389429602228
360.0,2.5,0.0,0.0,0.0,0.0,0.0,0.0,0.0,0.0,0.0,0.0,0.0,0.0,0.27530078018048887,0.27530078018048887,-0.008726367205154293,-0.008726367205154293
360.0,3.0,0.0,0.0,0.0,0.0,0.0,0.0,0.0,0.0,0.0,0.0,0.0,0.0,0.27509117331147415,0.27509117331147415,-0.008761149469457993,-0.008761149469457993
360.0,3.5,0.0,0.0,0.0,0.0,0.0,0.0,0.0,0.0,0.0,0.0,0.0,0.0,0.27488370871905377,0.27488370871905377,-0.00879573902389957,-0.00879573902389957
360.0,4.0,0.0,0.0,0.0,0.0,0.0,0.0,0.0,0.0,0.0,0.0,0.0,0.0,0.2746783454069224,0.2746783454069224,-0.00883013860608213,-0.00883013860608213
360.0,4.5,0.0,0.0,0.0,0.0,0.0,0.0,0.0,0.0,0.0,0.0,0.0,0.0,0.2744750435167053,0.2744750435167053,-0.008864350891836126,-0.008864350891836126
360.0,5.0,0.0,0.0,0.0,0.0,0.0,0.0,0.0,0.0,0.0,0.0,0.0,0.0,0.2742737642866402,0.2742737642866402,-0.008898378497146756,-0.008898378497146756
360.0,5.5,0.0,0.0,0.0,0.0,0.0,0.0,0.0,0.0,0.0,0.0,0.0,0.0,0.2740744700121229,0.2740744700121229,-0.008932223980001937,-0.008932223980001937
360.0,6.0,0.0,0.0,0.0,0.0,0.0,0.0,0.0,0.0,0.0,0.0,0.0,0.0,0.2738771240080143,0.2738771240080143,-0.008965889842165724,-0.008965889842165724
360.0,6.5,0.0,0.0,0.0,0.0,0.0,0.0,0.0,0.0,0.0,0.0,0.0,0.0,0.2736816905726136,0.2736816905726136,-0.00899937853088069,-0.00899937853088069
360.0,7.0,0.0,0.0,0.0,0.0,0.0,0.0,0.0,0.0,0.0,0.0,0.0,0.0,0.2734881349532094,0.2734881349532094,-0.009032692440503089,-0.009032692440503089
360.0,7.5,0.0,0.0,0.0,0.0,0.0,0.0,0.0,0.0,0.0,0.0,0.0,0.0,0.2732964233131257,0.2732964233131257,-0.00906583391407409,-0.00906583391407409
360.0,8.0,0.0,0.0,0.0,0.0,0.0,0.0,0.0,0.0,0.0,0.0,0.0,0.0,0.27310652270018393,0.27310652270018393,-0.009098805244830413,-0.009098805244830413
360.0,8.5,0.0,0.0,0.0,0.0,0.0,0.0,0.0,0.0,0.0,0.0,0.0,0.0,0.2729184010165088,0.2729184010165088,-0.009131608677657227,-0.009131608677657227
360.0,9.0,0.0,0.0,0.0,0.0,0.0,0.0,0.0,0.0,0.0,0.0,0.0,0.0,0.27273202698960936,0.27273202698960936,-0.009164246410486097,-0.009164246410486097
360.0,9.5,0.0,0.0,0.0,0.0,0.0,0.0,0.0,0.0,0.0,0.0,0.0,0.0,0.27254737014466907,0.27254737014466907,-0.009196720595640811,-0.009196720595640811
360.0,10.0,0.0,0.0,0.0,0.0,0.0,0.0,0.0,0.0,0.0,0.0,0.0,0.0,0.27236440077798607,0.27236440077798607,-0.009229033341133336,-0.009229033341133336
360.0,10.5,0.0,0.0,0.0,0.0,0.0,0.0,0.0,0.0,0.0,0.0,0.0,0.0,0.27218308993150625,0.27218308993150625,-0.009261186711912214,-0.009261186711912214
360.0,11.0,0.0,0.0,0.0,0.0,0.0,0.0,0.0,0.0,0.0,0.0,0.0,0.0,0.2720034093683939,0.2720034093683939,-0.009293182731065911,-0.009293182731065911
360.0,11.5,0.0,0.0,0.0,0.0,0.0,0.0,0.0,0.0,0.0,0.0,0.0,0.0,0.27182533154959065,0.27182533154959065,-0.009325023380982754,-0.009325023380982754
360.0,12.0,0.0,0.0,0.0,0.0,0.0,0.0,0.0,0.0,0.0,0.0,0.01949145208195667,0.01949145208195667,0.2716488296113151,0.2716488296113151,-0.009356710604469682,-0.009356710604469682
360.0,12.5,0.0,0.0,0.0,0.0,0.0,0.0,0.0,0.0,0.0,0.0,0.19870065077325386,0.19870065077325386,0.27147139349339205,0.27147139349339205,-0.009388694938603849,-0.009388694938603849
360.0,13.0,0.0,0.0,0.0,0.0,0.0,0.0,0.0,0.0,0.0,0.0,0.08141651157651417,0.08141651157651417,0.2712726443410197,0.2712726443410197,-0.009424675932605105,-0.009424675932605105
360.0,13.5,0.0,0.0,0.0,0.0,0.0,0.0,0.0,0.0,0.0,0.0,0.11141945937190385,0.11141945937190385,0.27109034016240346,0.27109034016240346,-0.009457824325457885,-0.009457824325457885
360.0,14.0,0.0,0.0,0.0,0.0,0.0,0.0,0.0,0.0,0.0,0.0,0.03843810033544679,0.03843810033544679,0.27090568738329307,0.27090568738329307,-0.009491541471658933,-0.009491541471658933
360.0,14.5,0.0,0.0,0.0,0.0,0.0,0.0,0.0,0.0,0.0,0.0,0.0,0.0,0.27073178578780677,0.27073178578780677,-0.009523426506484451,-0.009523426506484451
360.0,15.0,0.0,0.0,0.0,0.0,0.0,0.0,0.0,0.0,0.0,0.0,0.0,0.0,0.2705642101988222,0.2705642101988222,-0.009554272473761739,-0.009554272473761739
360.0,15.5,0.0,0.0,0.0,0.0,0.0,0.0,0.0,0.0,0.0,0.0,0.0,0.0,0.2703980396518809,0.2703980396518809,-0.009584977429105917,-0.009584977429105917
360.0,16.0,0.0,0.0,0.0,0.0,0.0,0.0,0.0,0.0,0.0,0.0,0.0,0.0,0.27023325198342707,0.27023325198342707,-0.009615543034646365,-0.009615543034646365
360.0,16.5,0.0,0.0,0.0,0.0,0.0,0.0,0.0,0.0,0.0,0.0,0.0,0.0,0.27006982554035225,0.27006982554035225,-0.009645970920977576,-0.009645970920977576
360.0,17.0,0.0,0.0,0.0,0.0,0.0,0.0,0.0,0.0,0.0,0.0,0.0,0.0,0.2699077391644302,0.2699077391644302,-0.009676262688012211,-0.009676262688012211
360.0,17.5,0.0,0.0,0.0,0.0,0.0,0.0,0.0,0.0,0.0,0.0,0.0,0.0,0.2697469721773537,0.2697469721773537,-0.009706419905802205,-0.009706419905802205
360.0,18.0,0.0,0.0,0.0,0.0,0.0,0.0,0.0,0.0,0.0,0.0,0.0,0.0,0.2695875043663435,0.2695875043663435,-0.009736444115329588,-0.009736444115329588
360.0,18.5,0.0,0.0,0.0,0.0,0.0,0.0,0.0,0.0,0.0,0.0,0.0,0.0,0.2694293159703025,0.2694293159703025,-0.009766336829268703,-0.009766336829268703
360.0,19.0,0.0,0.0,0.0,0.0,0.0,0.0,0.0,0.0,0.0,0.0,0.0,0.0,0.2692723876664903,0.2692723876664903,-0.009796099532720952,-0.009796099532720952
360.0,19.5,0.0,0.0,0.0,0.0,0.0,0.0,0.0,0.0,0.0,0.0,0.0,0.0,0.26911670055769266,0.26911670055769266,-0.009825733683923634,-0.009825733683923634
360.0,20.0,0.0,0.0,0.0,0.0,0.0,0.0,0.0,0.0,0.0,0.0,0.0,0.0,0.2689622361598641,0.2689622361598641,-0.009855240714934026,-0.009855240714934026
360.0,20.5,0.0,0.0,0.0,0.0,0.0,0.0,0.0,0.0,0.0,0.0,0.0,0.0,0.26880897639022233,0.26880897639022233,-0.009884622032289741,-0.009884622032289741
360.0,21.0,0.0,0.0,0.0,0.0,0.0,0.0,0.0,0.0,0.0,0.0,0.0,0.0,0.2686569035557732,0.2686569035557732,-0.009913879017646742,-0.009913879017646742
360.0,21.5,0.0,0.0,0.0,0.0,0.0,0.0,0.0,0.0,0.0,0.0,0.0,0.0,0.26850600034224786,0.26850600034224786,-0.00994301302839572,-0.00994301302839572
360.0,22.0,0.0,0.0,0.0,0.0,0.0,0.0,0.0,0.0,0.0,0.0,0.0,0.0,0.26835624980343403,0.26835624980343403,-0.009972025398258014,-0.009972025398258014
360.0,22.5,0.0,0.0,0.0,0.0,0.0,0.0,0.0,0.0,0.0,0.0,0.0,0.0,0.26820763535088343,0.26820763535088343,-0.010000917437861901,-0.010000917437861901
360.0,23.0,0.0,0.0,0.0,0.0,0.0,0.0,0.0,0.0,0.0,0.0,0.0,0.0,0.26806014074397955,0.26806014074397955,-0.010029690435300187,-0.010029690435300187
360.0,23.5,0.0,0.0,0.0,0.0,0.0,0.0,0.0,0.0,0.0,0.0,0.0,0.0,0.2679137500803512,0.2679137500803512,-0.010058345656669633,-0.010058345656669633
360.0,24.0,0.0,0.0,0.0,0.0,0.0,0.0,0.0,0.0,0.0,0.0,0.0,0.0,0.2677684477866152,0.2677684477866152,-0.010086884346593503,-0.010086884346593503
361.0,0.5,0.0,0.0,0.0,0.0,0.0,0.0,0.0,0.0,0.0,0.0,0.0,0.0,0.2676242186094364,0.2676242186094364,-0.010115307728727325,-0.010115307728727325
361.0,1.0,0.0,0.0,0.0,0.0,0.0,0.0,0.0,0.0,0.0,0.0,0.0,0.0,0.2674810476068906,0.2674810476068906,-0.010143617006249144,-0.010143617006249144
361.0,1.5,0.0,0.0,0.0,0.0,0.0,0.0,0.0,0.0,0.0,0.0,0.0,0.0,0.2673389201401183,0.2673389201401183,-0.010171813362334359,-0.010171813362334359
361.0,2.0,0.0,0.0,0.0,0.0,0.0,0.0,0.0,0.0,0.0,0.0,0.0,0.0,0.26719782186525726,0.26719782186525726,-0.010199897960616251,-0.010199897960616251
361.0,2.5,0.0,0.0,0.0,0.0,0.0,0.0,0.0,0.0,0.0,0.0,0.0,0.0,0.2670577387256428,0.2670577387256428,-0.0102278719456324,-0.0102278719456324
361.0,3.0,0.0,0.0,0.0,0.0,0.0,0.0,0.0,0.0,0.0,0.0,0.0,0.0,0.2722202655519342,0.2722202655519342,-0.00925458318403821,-0.00925458318403821
361.0,3.5,0.0,0.0,0.0,0.0,0.0,0.0,0.0,0.0,0.0,0.0,0.0,0.0,0.2746870396111406,0.2746870396111406,-0.00882867902914468,-0.00882867902914468
361.0,4.0,0.0,0.0,0.0,0.0,0.0,0.0,0.0,0.0,0.0,0.0,0.0,0.0,0.2771282139346608,0.2771282139346608,-0.00842998955556707,-0.00842998955556707
361.0,4.5,0.0,0.0,0.0,0.0,0.0,0.0,0.0,0.0,0.0,0.0,0.0,0.0,0.2769010010845812,0.2769010010845812,-0.008466179227700623,-0.008466179227700623
361.0,5.0,0.0,0.0,0.0,0.0,0.0,0.0,0.0,0.0,0.0,0.0,0.0,0.0,0.27667752387913547,0.27667752387913547,-0.008501954610148665,-0.008501954610148665
361.0,5.5,0.0,0.0,0.0,0.0,0.0,0.0,0.0,0.0,0.0,0.0,0.0,0.0,0.276457612366107,0.276457612366107,-0.008537335148206765,-0.008537335148206765
361.0,6.0,0.0,0.0,0.0,0.0,0.0,0.0,0.0,0.0,0.0,0.0,0.0,0.0,0.2762411087367762,0.2762411087367762,-0.0085723389084174,-0.0085723389084174
361.0,6.5,0.0,0.0,0.0,0.0,0.0,0.0,0.0,0.0,0.0,0.0,0.0,0.0,0.27602786620554604,0.27602786620554604,-0.00860698270276935,-0.00860698270276935
361.0,7.0,0.0,0.0,0.0,0.0,0.0,0.0,0.0,0.0,0.0,0.0,0.0,0.0,0.27581774801526027,0.27581774801526027,-0.008641282199248783,-0.008641282199248783
361.0,7.5,0.0,0.0,0.0,0.0,0.0,0.0,0.0,0.0,0.0,0.0,0.0,0.0,0.275610626551642,0.275610626551642,-0.008675252020513282,-0.008675252020513282
361.0,8.0,0.0,0.0,0.0,0.0,0.0,0.0,0.0,0.0,0.0,0.0,0.0,0.0,0.2754063825527774,0.2754063825527774,-0.008708905832196722,-0.008708905832196722
361.0,8.5,0.0,0.0,0.0,0.0,0.0,0.0,0.0,0.0,0.0,0.0,0.0,0.0,0.2752049044016509,0.2752049044016509,-0.008742256422132581,-0.008742256422132581
361.0,9.0,0.0,0.0,0.0,0.0,0.0,0.0,0.0,0.0,0.0,0.0,0.0,0.0,0.27500608749146854,0.27500608749146854,-0.008775315771600152,-0.008775315771600152
361.0,9.5,0.0,0.0,0.0,0.0,0.0,0.0,0.0,0.0,0.0,0.0,0.0,0.0,0.2748098336549631,0.2748098336549631,-0.008808095119542829,-0.008808095119542829
361.0,10.0,0.0,0.0,0.0,0.0,0.0,0.0,0.0,0.0,0.0,0.0,0.038756575085337065,0.038756575085337065,0.274616050650093,0.274616050650093,-0.008840605020578622,-0.008840605020578622
361.0,10.5,0.0,0.0,0.0,0.0,0.0,0.0,0.0,0.0,0.0,0.0,0.8483978562689564,0.8483978562689564,0.27441971283719674,0.27441971283719674,-0.008873689439665348,-0.008873689439665348
361.0,11.0,0.0,0.0,0.0,0.0,0.0,0.0,0.0,0.0,0.0,0.0,1.065895908749122,1.065895908749122,0.2741225024887825,0.2741225024887825,-0.008924052776000802,-0.008924052776000802
361.0,11.5,0.0,0.0,0.0,0.0,0.0,0.0,0.0,0.0,0.0,0.0,1.326171353015462,1.326171353015462,0.2737998009854456,0.2737998009854456,-0.008979121823341141,-0.008979121823341141
361.0,12.0,0.0,0.0,0.0,0.0,0.0,0.0,0.0,0.0,0.0,0.0,1.5527957481275398,1.5527957481275398,0.27344608431775363,0.27344608431775363,-0.009039949420285676,-0.009039949420285676
361.0,12.5,0.0,0.0,0.0,0.0,0.0,0.0,0.0,0.0,0.0,0.0,1.8749253150991894,1.8749253150991894,0.2730655719858167,0.2730655719858167,-0.009105933992497603,-0.009105933992497603
361.0,13.0,0.0,0.0,0.0,0.0,0.0,0.0,0.0,0.0,0.0,0.0,1.0277809773889754,1.0277809773889754,0.27264602850540737,0.27264602850540737,-0.00917935327844423,-0.00917935327844423
361.0,13.5,0.0,0.0,0.0,0.0,0.0,0.0,0.0,0.0,0.0,0.0,1.211656531560464,1.211656531560464,0.2723363962240892,0.2723363962240892,-0.009233990927683613,-0.009233990927683613
361.0,14.0,0.0,0.0,0.0,0.0,0.0,0.0,0.0,0.0,0.0,0.0,1.0650000618766584,1.0650000618766584,0.272005231202538,0.272005231202538,-0.009292857653692406,-0.009292857653692406
361.0,14.5,0.0,0.0,0.0,0.0,0.0,0.0,0.0,0.0,0.0,0.0,0.5730980993333171,0.5730980993333171,0.2716945989341169,0.2716945989341169,-0.009348481377569388,-0.009348481377569388
361.0,15.0,0.0,0.0,0.0,0.0,0.0,0.0,0.0,0.0,0.0,0.0,0.1256743905213395,0.1256743905213395,0.2714484427624035,0.2714484427624035,-0.009392841506203418,-0.009392841506203418
361.0,15.5,0.0,0.0,0.0,0.0,0.0,0.0,0.0,0.0,0.0,0.0,0.0,0.0,0.2712610451313524,0.2712610451313524,-0.009426780890579274,-0.009426780890579274
361.0,16.0,0.0,0.0,0.0,0.0,0.0,0.0,0.0,0.0,0.0,0.0,0.0,0.0,0.27109135756778535,0.27109135756778535,-0.009457638945411668,-0.009457638945411668
361.0,16.5,0.0,0.0,0.0,0.0,0.0,0.0,0.0,0.0,0.0,0.0,0.0,0.0,0.27092332031308775,0.27092332031308775,-0.009488315563600329,-0.009488315563600329
361.0,17.0,0.0,0.0,0.0,0.0,0.0,0.0,0.0,0.0,0.0,0.0,0.0,0.0,0.2707568908287175,0.2707568908287175,-0.009518815598507866,-0.009518815598507866
361.0,17.5,0.0,0.0,0.0,0.0,0.0,0.0,0.0,0.0,0.0,0.0,0.0,0.0,0.270592028612355,0.270592028612355,-0.00954914365277096,-0.00954914365277096
361.0,18.0,0.0,0.0,0.0,0.0,0.0,0.0,0.0,0.0,0.0,0.0,0.0,0.0,0.27042869506369527,0.27042869506369527,-0.009579304095018216,-0.009579304095018216
361.0,18.5,0.0,0.0,0.0,0.0,0.0,0.0,0.0,0.0,0.0,0.0,0.0,0.0,0.27026685336092465,0.27026685336092465,-0.009609301075278569,-0.009609301075278569
361.0,19.0,0.0,0.0,0.0,0.0,0.0,0.0,0.0,0.0,0.0,0.0,0.0,0.0,0.270106468346896,0.270106468346896,-0.009639138539198374,-0.009639138539198374
361.0,19.5,0.0,0.0,0.0,0.0,0.0,0.0,0.0,0.0,0.0,0.0,0.0,0.0,0.26994750642412313,0.26994750642412313,-0.00966882024117316,-0.00966882024117316
361.0,20.0,0.0,0.0,0.0,0.0,0.0,0.0,0.0,0.0,0.0,0.0,0.0,0.0,0.2697899354578041,0.2697899354578041,-0.009698349756489278,-0.009698349756489278
361.0,20.5,0.0,0.0,0.0,0.0,0.0,0.0,0.0,0.0,0.0,0.0,0.0,0.0,0.2696337246861629,0.2696337246861629,-0.009727730492561213,-0.009727730492561213
361.0,21.0,0.0,0.0,0.0,0.0,0.0,0.0,0.0,0.0,0.0,0.0,0.0,0.0,0.2694788446374726,0.2694788446374726,-0.009756965699341709,-0.009756965699341709
361.0,21.5,0.0,0.0,0.0,0.0,0.0,0.0,0.0,0.0,0.0,0.0,0.0,0.0,0.26932526705318305,0.26932526705318305,-0.00978605847897465,-0.00978605847897465
361.0,22.0,0.0,0.0,0.0,0.0,0.0,0.0,0.0,0.0,0.0,0.0,0.0,0.0,0.26917296481663566,0.26917296481663566,-0.009815011794753643,-0.009815011794753643
361.0,22.5,0.0,0.0,0.0,0.0,0.0,0.0,0.0,0.0,0.0,0.0,0.0,0.0,0.2690219118868952,0.2690219118868952,-0.009843828479443421,-0.009843828479443421
361.0,23.0,0.0,0.0,0.0,0.0,0.0,0.0,0.0,0.0,0.0,0.0,0.0,0.0,0.26887208323727463,0.26887208323727463,-0.009872511243015926,-0.009872511243015926
361.0,23.5,0.0,0.0,0.0,0.0,0.0,0.0,0.0,0.0,0.0,0.0,0.0,0.0,0.2687234547981681,0.2687234547981681,-0.00990106267984806,-0.00990106267984806
361.0,24.0,0.0,0.0,0.0,0.0,0.0,0.0,0.0,0.0,0.0,0.0,0.0,0.0,0.2685760034038434,0.2685760034038434,-0.009929485275423857,-0.009929485275423857
362.0,0.5,0.0,0.0,0.0,0.0,0.0,0.0,0.0,0.0,0.0,0.0,0.0,0.0,0.2684297067428776,0.2684297067428776,-0.009957781412579794,-0.009957781412579794
362.0,1.0,0.0,0.0,0.0,0.0,0.0,0.0,0.0,0.0,0.0,0.0,0.0,0.0,0.2682845433119458,0.2682845433119458,-0.00998595337732908,-0.00998595337732908
362.0,1.5,0.0,0.0,0.0,0.0,0.0,0.0,0.0,0.0,0.0,0.0,0.0,0.0,0.28136681090496657,0.28136681090496657,-0.007787502602615027,-0.007787502602615027
362.0,2.0,0.0,0.0,0.0,0.0,0.0,0.0,0.0,0.0,0.0,0.0,0.0,0.0,0.3045832965296118,0.3045832965296118,-0.005147106232954205,-0.005147106232954205
362.0,2.5,0.0,0.0,0.0,0.0,0.0,0.0,0.0,0.0,0.0,0.0,0.0,0.0,0.32403479323761547,0.32403479323761547,-0.0037251806723933765,-0.0037251806723933765
362.0,3.0,0.0,0.0,0.0,0.0,0.0,0.0,0.0,0.0,0.0,0.0,0.0,0.0,0.3314219504113677,0.3314219504113677,-0.0033114550757241787,-0.0033114550757241787
362.0,3.5,0.0,0.0,0.0,0.0,0.0,0.0,0.0,0.0,0.0,0.0,0.0,0.0,0.3393814738352219,0.3393814738352219,-0.0029254252135487387,-0.0029254252135487387
362.0,4.0,0.0,0.0,0.0,0.0,0.0,0.0,0.0,0.0,0.0,0.0,0.0,0.0,0.34521352389472587,0.34521352389472587,-0.002676348040658168,-0.002676348040658168
362.0,4.5,0.0,0.0,0.0,0.0,0.0,0.0,0.0,0.0,0.0,0.0,0.0,0.0,0.3487983789381964,0.3487983789381964,-0.0025357710135431055,-0.0025357710135431055
362.0,5.0,0.0,0.0,0.0,0.0,0.0,0.0,0.0,0.0,0.0,0.0,0.0,0.0,0.365316175026963,0.365316175026963,-0.001991417680908209,-0.001991417680908209
362.0,5.5,0.0,0.0,0.0,0.0,0.0,0.0,0.0,0.0,0.0,0.0,0.0,0.0,0.36820628966082714,0.36820628966082714,-0.0019111229834248306,-0.0019111229834248306
362.0,6.0,0.0,0.0,0.0,0.0,0.0,0.0,0.0,0.0,0.0,0.0,0.0,0.0,0.3742704988557885,0.3742704988557885,-0.0017548362569077042,-0.0017548362569077042
362.0,6.5,0.0,0.0,0.0,0.0,0.0,0.0,0.0,0.0,0.0,0.0,0.0,0.0,0.38143522331590884,0.38143522331590884,-0.001589375271432883,-0.001589375271432883
362.0,7.0,0.0,0.0,0.0,0.0,0.0,0.0,0.0,0.0,0.0,0.0,0.0,0.0,0.3809909164980311,0.3809909164980311,-0.001599079499508092,-0.001599079499508092
362.0,7.5,0.0,0.0,0.0,0.0,0.0,0.0,0.0,0.0,0.0,0.0,0.0,0.0,0.3760804123101619,0.3760804123101619,-0.0017111748188944073,-0.0017111748188944073
362.0,8.0,0.0,0.0,0.0,0.0,0.0,0.0,0.0,0.0,0.0,0.0,0.0,0.0,0.3712882197665378,0.3712882197665378,-0.0018297112398378108,-0.0018297112398378108
362.0,8.5,0.0,0.0,0.0,0.0,0.0,0.0,0.0,0.0,0.0,0.0,0.0,0.0,0.36445468321606256,0.36445468321606256,-0.002016125497690323,-0.002016125497690323
362.0,9.0,0.0,0.0,0.0,0.0,0.0,0.0,0.0,0.0,0.0,0.0,0.0,0.0,0.35896454137959705,0.35896454137959705,-0.002182456804820937,-0.002182456804820937
362.0,9.5,0.0,0.0,0.0,0.0,0.0,0.0,0.0,0.0,0.0,0.0,0.0,0.0,0.35410388803145776,0.35410388803145776,-0.002343519837543417,-0.002343519837543417
362.0,10.0,0.0,0.0,0.0,0.0,0.0,0.0,0.0,0.0,0.0,0.0,0.0,0.0,0.34924323468331847,0.34924323468331847,-0.0025189469809017468,-0.0025189469809017468
362.0,10.5,0.0,0.0,0.0,0.0,0.0,0.0,0.0,0.0,0.0,0.0,0.0,0.0,0.3443825813351792,0.3443825813351792,-0.0027102466439683213,-0.0027102466439683213
362.0,11.0,0.0,0.0,0.0,0.0,0.0,0.0,0.0,0.0,0.0,0.0,0.0,0.0,0.3421942341666531,0.3421942341666531,-0.0028019982715354413,-0.0028019982715354413
362.0,11.5,0.0,0.0,0.0,0.0,0.0,0.0,0.0,0.0,0.0,0.0,0.0,0.0,0.3373335808185139,0.3373335808185139,-0.0030193760736916646,-0.0030193760736916646
362.0,12.0,0.0,0.0,0.0,0.0,0.0,0.0,0.0,0.0,0.0,0.0,0.0,0.0,0.33514523364998783,0.33514523364998783,-0.0031237723894615896,-0.0031237723894615896
362.0,12.5,0.0,0.0,0.0,0.0,0.0,0.0,0.0,0.0,0.0,0.0,0.0,0.0,0.33028458030184854,0.33028458030184854,-0.003371446203088555,-0.003371446203088555
362.0,13.0,0.0,0.0,0.0,0.0,0.0,0.0,0.0,0.0,0.0,0.0,0.0,0.0,0.32677384630628714,0.32677384630628714,-0.003564962184230929,-0.003564962184230929
362.0,13.5,0.0,0.0,0.0,0.0,0.0,0.0,0.0,0.0,0.0,0.0,0.0,0.0,0.32415020700909175,0.32415020700909175,-0.003718258713464005,-0.003718258713464005
362.0,14.0,0.0,0.0,0.0,0.0,0.0,0.0,0.0,0.0,0.0,0.0,0.0,0.0,0.32675026882086583,0.32675026882086583,-0.0035663058753604695,-0.0035663058753604695
362.0,14.5,0.0,0.0,0.0,0.0,0.0,0.0,0.0,0.0,0.0,0.0,0.0,0.0,0.3315837367599972,0.3315837367599972,-0.0033030252819421404,-0.0033030252819421404
362.0,15.0,0.0,0.0,0.0,0.0,0.0,0.0,0.0,0.0,0.0,0.0,0.0,0.0,0.33372815118142235,0.33372815118142235,-0.0031936716149644786,-0.0031936716149644786
362.0,15.5,0.0,0.0,0.0,0.0,0.0,0.0,0.0,0.0,0.0,0.0,0.0,0.0,0.3310972242878126,0.3310972242878126,-0.0033284522491721477,-0.0033284522491721477
362.0,16.0,0.0,0.0,0.0,0.0,0.0,0.0,0.0,0.0,0.0,0.0,0.0,0.0,0.3287787224898942,0.3287787224898942,-0.0034528778930716366,-0.0034528778930716366
362.0,16.5,0.0,0.0,0.0,0.0,0.0,0.0,0.0,0.0,0.0,0.0,0.0,0.0,0.326667378516318,0.326667378516318,-0.003571034622119347,-0.003571034622119347
362.0,17.0,0.0,0.0,0.0,0.0,0.0,0.0,0.0,0.0,0.0,0.0,0.0,0.0,0.3247128288415876,0.3247128288415876,-0.0036847340184162063,-0.0036847340184162063
362.0,17.5,0.0,0.0,0.0,0.0,0.0,0.0,0.0,0.0,0.0,0.0,0.0,0.0,0.322887496707338,0.322887496707338,-0.0037948316116449094,-0.0037948316116449094
362.0,18.0,0.0,0.0,0.0,0.0,0.0,0.0,0.0,0.0,0.0,0.0,0.0,0.0,0.3211741022018975,0.3211741022018975,-0.003901761321346201,-0.003901761321346201
362.0,18.5,0.0,0.0,0.0,0.0,0.0,0.0,0.0,0.0,0.0,0.0,0.0,0.0,0.3195603633356216,0.3195603633356216,-0.004005769808980841,-0.004005769808980841
362.0,19.0,0.0,0.0,0.0,0.0,0.0,0.0,0.0,0.0,0.0,0.0,0.0,0.0,0.3180366432320344,0.3180366432320344,-0.004107021983914151,-0.004107021983914151
362.0,19.5,0.0,0.0,0.0,0.0,0.0,0.0,0.0,0.0,0.0,0.0,0.0,0.0,0.3165948719699662,0.3165948719699662,-0.004205648223477044,-0.004205648223477044
362.0,20.0,0.0,0.0,0.0,0.0,0.0,0.0,0.0,0.0,0.0,0.0,0.0,0.0,0.31522803388209075,0.31522803388209075,-0.0043017647896926026,-0.0043017647896926026
362.0,20.5,0.0,0.0,0.0,0.0,0.0,0.0,0.0,0.0,0.0,0.0,0.0,0.0,0.31392990855038644,0.31392990855038644,-0.004395482003364617,-0.004395482003364617
362.0,21.0,0.0,0.0,0.0,0.0,0.0,0.0,0.0,0.0,0.0,0.0,0.0,0.0,0.3126949264808848,0.3126949264808848,-0.004486906986414144,-0.004486906986414144
362.0,21.5,0.0,0.0,0.0,0.0,0.0,0.0,0.0,0.0,0.0,0.0,0.0,0.0,0.3115180773312034,0.3115180773312034,-0.004576144142577898,-0.004576144142577898
362.0,22.0,0.0,0.0,0.0,0.0,0.0,0.0,0.0,0.0,0.0,0.0,0.0,0.0,0.31039484308648074,0.31039484308648074,-0.00466329482155901,-0.00466329482155901
362.0,22.5,0.0,0.0,0.0,0.0,0.0,0.0,0.0,0.0,0.0,0.0,0.0,0.0,0.3093211440579728,0.3093211440579728,-0.00474845679668488,-0.00474845679668488
362.0,23.0,0.0,0.0,0.0,0.0,0.0,0.0,0.0,0.0,0.0,0.0,0.0,0.0,0.30829329244854986,0.30829329244854986,-0.004831723806381661,-0.004831723806381661
362.0,23.5,0.0,0.0,0.0,0.0,0.0,0.0,0.0,0.0,0.0,0.0,0.0,0.0,0.3073079512165222,0.3073079512165222,-0.004913185238069857,-0.004913185238069857
362.0,24.0,0.0,0.0,0.0,0.0,0.0,0.0,0.0,0.0,0.0,0.0,0.0,0.0,0.3063620972233906,0.3063620972233906,-0.004992925959940578,-0.004992925959940578
363.0,0.5,0.0,0.0,0.0,0.0,0.0,0.0,0.0,0.0,0.0,0.0,0.0,0.0,0.3054529881482612,0.3054529881482612,-0.0050710262787055016,-0.0050710262787055016
363.0,1.0,0.0,0.0,0.0,0.0,0.0,0.0,0.0,0.0,0.0,0.0,0.0,0.0,0.3045781328308585,0.3045781328308585,-0.005147561994502407,-0.005147561994502407
363.0,1.5,0.0,0.0,0.0,0.0,0.0,0.0,0.0,0.0,0.0,0.0,0.0,0.0,0.30373526476008006,0.30373526476008006,-0.005222604525685901,-0.005222604525685901
363.0,2.0,0.0,0.0,0.0,0.0,0.0,0.0,0.0,0.0,0.0,0.0,0.0,0.0,0.30292231843835166,0.30292231843835166,-0.0052962210806996,-0.0052962210806996
363.0,2.5,0.0,0.0,0.0,0.0,0.0,0.0,0.0,0.0,0.0,0.0,0.0,0.0,0.3021374083564487,0.3021374083564487,-0.005368474859174638,-0.005368474859174638
363.0,3.0,0.0,0.0,0.0,0.0,0.0,0.0,0.0,0.0,0.0,0.0,0.0,0.0,0.30137881032027264,0.30137881032027264,-0.005439425268858352,-0.005439425268858352
363.0,3.5,0.0,0.0,0.0,0.0,0.0,0.0,0.0,0.0,0.0,0.0,0.0,0.0,0.30064494488277227,0.30064494488277227,-0.005509128148650686,-0.005509128148650686
363.0,4.0,0.0,0.0,0.0,0.0,0.0,0.0,0.0,0.0,0.0,0.0,0.0,0.0,0.302516083807086,0.302516083807086,-0.005333470779768035,-0.005333470779768035
363.0,4.5,0.0,0.0,0.0,0.0,0.0,0.0,0.0,0.0,0.0,0.0,0.0,0.0,0.3017461331304713,0.3017461331304713,-0.005404931565577757,-0.005404931565577757
363.0,5.0,0.0,0.0,0.0,0.0,0.0,0.0,0.0,0.0,0.0,0.0,0.0,0.0,0.301004632402853,0.301004632402853,-0.005474832722992071,-0.005474832722992071
363.0,5.5,0.0,0.0,0.0,0.0,0.0,0.0,0.0,0.0,0.0,0.0,0.0,0.0,0.30028923079672054,0.30028923079672054,-0.0055432967518929165,-0.0055432967518929165
363.0,6.0,0.0,0.0,0.0,0.0,0.0,0.0,0.0,0.0,0.0,0.0,0.0,0.0,0.2995979069935524,0.2995979069935524,-0.0056104278344916644,-0.0056104278344916644
363.0,6.5,0.0,0.0,0.0,0.0,0.0,0.0,0.0,0.0,0.0,0.0,0.0,0.0,0.2989289047526244,0.2989289047526244,-0.0056763155862659355,-0.0056763155862659355
363.0,7.0,0.0,0.0,0.0,0.0,0.0,0.0,0.0,0.0,0.0,0.0,0.0,0.0,0.29828068398677915,0.29828068398677915,-0.005741037888780562,-0.005741037888780562
363.0,7.5,0.0,0.0,0.0,0.0,0.0,0.0,0.0,0.0,0.0,0.0,0.0,0.0,0.2976518830436386,0.2976518830436386,-0.005804663059435591,-0.005804663059435591
363.0,8.0,0.0,0.0,0.0,0.0,0.0,0.0,0.0,0.0,0.0,0.0,0.0,0.0,0.2970412892202531,0.2970412892202531,-0.005867251534696258,-0.005867251534696258
363.0,8.5,0.0,0.0,0.0,0.0,0.0,0.0,0.0,0.0,0.0,0.0,0.0,0.0,0.29644781541965654,0.29644781541965654,-0.005928857191233043,-0.005928857191233043
363.0,9.0,0.0,0.0,0.0,0.0,0.0,0.0,0.0,0.0,0.0,0.0,0.0,0.0,0.29587048145280487,0.29587048145280487,-0.005989528394082056,-0.005989528394082056
363.0,9.5,0.0,0.0,0.0,0.0,0.0,0.0,0.0,0.0,0.0,0.0,0.0,0.0,0.295308398898878,0.295308398898878,-0.006049308836571225,-0.006049308836571225
363.0,10.0,0.0,0.0,0.0,0.0,0.0,0.0,0.0,0.0,0.0,0.0,0.1057623888212475,0.1057623888212475,0.29476075872341684,0.29476075872341684,-0.006108238219677667,-0.006108238219677667
363.0,10.5,0.0,0.0,0.0,0.0,0.0,0.0,0.0,0.0,0.0,0.0,0.701990172091119,0.701990172091119,0.2942133434612747,0.2942133434612747,-0.0061678282317709264,-0.0061678282317709264
363.0,11.0,0.0,0.0,0.0,0.0,0.0,0.0,0.0,0.0,0.0,0.0,0.7789828704820521,0.7789828704820521,0.2936029725255783,0.2936029725255783,-0.006235090083157713,-0.006235090083157713
363.0,11.5,0.0,0.0,0.0,0.0,0.0,0.0,0.0,0.0,0.0,0.0,0.39907720050809287,0.39907720050809287,0.29299518778605954,0.29299518778605954,-0.006302937145164135,-0.006302937145164135
363.0,12.0,0.0,0.0,0.0,0.0,0.0,0.0,0.0,0.0,0.0,0.0,0.45623422442221806,0.45623422442221806,0.2924476348990979,0.2924476348990979,-0.0063648149132303124,-0.0063648149132303124
363.0,12.5,0.0,0.0,0.0,0.0,0.0,0.0,0.0,0.0,0.0,0.0,0.881825880626345,0.881825880626345,0.29190408228120207,0.29190408228120207,-0.006426957816147702,-0.006426957816147702
363.0,13.0,0.0,0.0,0.0,0.0,0.0,0.0,0.0,0.0,0.0,0.0,0.8758154097879776,0.8758154097879776,0.2913170822910782,0.2913170822910782,-0.006494881640782327,-0.006494881640782327
363.0,13.5,0.0,0.0,0.0,0.0,0.0,0.0,0.0,0.0,0.0,0.0,0.09801539247950249,0.09801539247950249,0.2907411727800445,0.2907411727800445,-0.006562354975445522,-0.006562354975445522
363.0,14.0,0.0,0.0,0.0,0.0,0.0,0.0,0.0,0.0,0.0,0.0,0.2176479718247518,0.2176479718247518,0.2902742738315568,0.2902742738315568,-0.0066176703467356835,-0.0066176703467356835
363.0,14.5,0.0,0.0,0.0,0.0,0.0,0.0,0.0,0.0,0.0,0.0,0.24177029487641272,0.24177029487641272,0.2898016202630903,0.2898016202630903,-0.006674234285097275,-0.006674234285097275
363.0,15.0,0.0,0.0,0.0,0.0,0.0,0.0,0.0,0.0,0.0,0.0,0.0,0.0,0.2893350061838959,0.2893350061838959,-0.006730641408768131,-0.006730641408768131
363.0,15.5,0.0,0.0,0.0,0.0,0.0,0.0,0.0,0.0,0.0,0.0,0.0,0.0,0.2889079613654058,0.2889079613654058,-0.006782763597164832,-0.006782763597164832
363.0,16.0,0.0,0.0,0.0,0.0,0.0,0.0,0.0,0.0,0.0,0.0,0.0,0.0,0.28848934393625364,0.28848934393625364,-0.006834324632786197,-0.006834324632786197
363.0,16.5,0.0,0.0,0.0,0.0,0.0,0.0,0.0,0.0,0.0,0.0,0.0,0.0,0.28807884090184255,0.28807884090184255,-0.006885340362429929,-0.006885340362429929
363.0,17.0,0.0,0.0,0.0,0.0,0.0,0.0,0.0,0.0,0.0,0.0,0.0,0.0,0.28767615701359806,0.28767615701359806,-0.006935825807678995,-0.006935825807678995
363.0,17.5,0.0,0.0,0.0,0.0,0.0,0.0,0.0,0.0,0.0,0.0,0.0,0.0,0.2872810133027017,0.2872810133027017,-0.0069857952401699884,-0.0069857952401699884
363.0,18.0,0.0,0.0,0.0,0.0,0.0,0.0,0.0,0.0,0.0,0.0,0.0,0.0,0.2868931457841485,0.2868931457841485,-0.007035262246582303,-0.007035262246582303
363.0,18.5,0.0,0.0,0.0,0.0,0.0,0.0,0.0,0.0,0.0,0.0,0.0,0.0,0.2865123043053674,0.2865123043053674,-0.007084239785094208,-0.007084239785094208
363.0,19.0,0.0,0.0,0.0,0.0,0.0,0.0,0.0,0.0,0.0,0.0,0.0,0.0,0.2861382515182969,0.2861382515182969,-0.007132740234718666,-0.007132740234718666
363.0,19.5,0.0,0.0,0.0,0.0,0.0,0.0,0.0,0.0,0.0,0.0,0.0,0.0,0.28577076195751383,0.28577076195751383,-0.0071807754386671325,-0.0071807754386671325
363.0,20.0,0.0,0.0,0.0,0.0,0.0,0.0,0.0,0.0,0.0,0.0,0.0,0.0,0.28540962120998864,0.28540962120998864,-0.007228356742678572,-0.007228356742678572
363.0,20.5,0.0,0.0,0.0,0.0,0.0,0.0,0.0,0.0,0.0,0.0,0.0,0.0,0.28505462516443547,0.28505462516443547,-0.0072754950290819685,-0.0072754950290819685
363.0,21.0,0.0,0.0,0.0,0.0,0.0,0.0,0.0,0.0,0.0,0.0,0.0,0.0,0.2847055793301672,0.2847055793301672,-0.007322200747224707,-0.007322200747224707
363.0,21.5,0.0,0.0,0.0,0.0,0.0,0.0,0.0,0.0,0.0,0.0,0.0,0.0,0.2843622982169453,0.2843622982169453,-0.007368483940789859,-0.007368483940789859
363.0,22.0,0.0,0.0,0.0,0.0,0.0,0.0,0.0,0.0,0.0,0.0,0.0,0.0,0.28402460476861235,0.28402460476861235,-0.007414354272436247,-0.007414354272436247
363.0,22.5,0.0,0.0,0.0,0.0,0.0,0.0,0.0,0.0,0.0,0.0,0.0,0.0,0.28631966643953227,0.28631966643953227,-0.007109168362600105,-0.007109168362600105
363.0,23.0,0.0,0.0,0.0,0.0,0.0,0.0,0.0,0.0,0.0,0.0,0.0,0.0,0.28595002774487943,0.28595002774487943,-0.007157295303152353,-0.007157295303152353
363.0,23.5,0.0,0.0,0.0,0.0,0.0,0.0,0.0,0.0,0.0,0.0,0.0,0.0,0.28558763815837024,0.28558763815837024,-0.007204855718498203,-0.007204855718498203
363.0,24.0,0.0,0.0,0.0,0.0,0.0,0.0,0.0,0.0,0.0,0.0,0.0,0.0,0.2852321698906512,0.2852321698906512,-0.007251874050341197,-0.007251874050341197
364.0,0.5,0.0,0.0,0.0,0.0,0.0,0.0,0.0,0.0,0.0,0.0,0.0,0.0,0.28488332076975237,0.28488332076975237,-0.007298372722651123,-0.007298372722651123
364.0,1.0,0.0,0.0,0.0,0.0,0.0,0.0,0.0,0.0,0.0,0.0,0.0,0.0,0.28454081141005777,0.28454081141005777,-0.007344372372666379,-0.007344372372666379
364.0,1.5,0.0,0.0,0.0,0.0,0.0,0.0,0.0,0.0,0.0,0.0,0.0,0.0,0.28420438277180865,0.28420438277180865,-0.007389892049745201,-0.007389892049745201
364.0,2.0,0.0,0.0,0.0,0.0,0.0,0.0,0.0,0.0,0.0,0.0,0.0,0.0,0.2838737940480914,0.2838737940480914,-0.007434949387234106,-0.007434949387234106
364.0,2.5,0.0,0.0,0.0,0.0,0.0,0.0,0.0,0.0,0.0,0.0,0.0,0.0,0.2835488208277834,0.2835488208277834,-0.007479560751585399,-0.007479560751585399
364.0,3.0,0.0,0.0,0.0,0.0,0.0,0.0,0.0,0.0,0.0,0.0,0.0,0.0,0.28322925349211514,0.28322925349211514,-0.007523741372207892,-0.007523741372207892
364.0,3.5,0.0,0.0,0.0,0.0,0.0,0.0,0.0,0.0,0.0,0.0,0.0,0.0,0.2829148958098735,0.2829148958098735,-0.007567505454933184,-0.007567505454933184
364.0,4.0,0.0,0.0,0.0,0.0,0.0,0.0,0.0,0.0,0.0,0.0,0.0,0.0,0.2826055637022139,0.2826055637022139,-0.007610866281493961,-0.007610866281493961
364.0,4.5,0.0,0.0,0.0,0.0,0.0,0.0,0.0,0.0,0.0,0.0,0.0,0.0,0.2823010841528695,0.2823010841528695,-0.007653836297015419,-0.007653836297015419
364.0,5.0,0.0,0.0,0.0,0.0,0.0,0.0,0.0,0.0,0.0,0.0,0.0,0.0,0.2820012942434764,0.2820012942434764,-0.007696427187198056,-0.007696427187198056
364.0,5.5,0.0,0.0,0.0,0.0,0.0,0.0,0.0,0.0,0.0,0.0,0.0,0.0,0.28170604029695423,0.28170604029695423,-0.007738649946605133,-0.007738649946605133
364.0,6.0,0.0,0.0,0.0,0.0,0.0,0.0,0.0,0.0,0.0,0.0,0.0,0.0,0.28141517711453257,0.28141517711453257,-0.007780514939249201,-0.007780514939249201
364.0,6.5,0.0,0.0,0.0,0.0,0.0,0.0,0.0,0.0,0.0,0.0,0.0,0.0,0.2811285672942088,0.2811285672942088,-0.007822031952491197,-0.007822031952491197
364.0,7.0,0.0,0.0,0.0,0.0,0.0,0.0,0.0,0.0,0.0,0.0,0.0,0.0,0.28084608062023914,0.28084608062023914,-0.007863210245115096,-0.007863210245115096
364.0,7.5,0.0,0.0,0.0,0.0,0.0,0.0,0.0,0.0,0.0,0.0,0.0,0.0,0.28056759351478777,0.28056759351478777,-0.007904058590314896,-0.007904058590314896
364.0,8.0,0.0,0.0,0.0,0.0,0.0,0.0,0.0,0.0,0.0,0.0,0.0,0.0,0.28029298854412715,0.28029298854412715,-0.007944585314225793,-0.007944585314225793
364.0,8.5,0.0,0.0,0.0,0.0,0.0,0.0,0.0,0.0,0.0,0.0,0.0,0.0,0.280022153972851,0.280022153972851,-0.007984798330542267,-0.007984798330542267
364.0,9.0,0.0,0.0,0.0,0.0,0.0,0.0,0.0,0.0,0.0,0.0,0.0,0.0,0.2797549833604624,0.2797549833604624,-0.008024705171691212,-0.008024705171691212
364.0,9.5,0.0,0.0,0.0,0.0,0.0,0.0,0.0,0.0,0.0,0.0,0.0,0.0,0.27949137519546013,0.27949137519546013,-0.008064313016964659,-0.008064313016964659
364.0,10.0,0.0,0.0,0.0,0.0,0.0,0.0,0.0,0.0,0.0,0.0,0.25565805089666893,0.25565805089666893,0.2792312325626948,0.2792312325626948,-0.008103628717962887,-0.008103628717962887
364.0,10.5,0.0,0.0,0.0,0.0,0.0,0.0,0.0,0.0,0.0,0.0,0.8887328054255146,0.8887328054255146,0.27894188362232886,0.27894188362232886,-0.008147626998962671,-0.008147626998962671
364.0,11.0,0.0,0.0,0.0,0.0,0.0,0.0,0.0,0.0,0.0,0.0,0.8871870255227056,0.8871870255227056,0.27857514450667137,0.27857514450667137,-0.008203802895708738,-0.008203802895708738
364.0,11.5,0.0,0.0,0.0,0.0,0.0,0.0,0.0,0.0,0.0,0.0,0.6589261485325205,0.6589261485325205,0.27821180183751515,0.27821180183751515,-0.008259914212271017,-0.008259914212271017
364.0,12.0,0.0,0.0,0.0,0.0,0.0,0.0,0.0,0.0,0.0,0.0,0.4568956786949183,0.4568956786949183,0.2778806652503072,0.2778806652503072,-0.00831145059252766,-0.00831145059252766
364.0,12.5,0.0,0.0,0.0,0.0,0.0,0.0,0.0,0.0,0.0,0.0,0.27974550211315113,0.27974550211315113,0.2775783141835672,0.2775783141835672,-0.00835884187175083,-0.00835884187175083
364.0,13.0,0.0,0.0,0.0,0.0,0.0,0.0,0.0,0.0,0.0,0.0,0.21840420240231168,0.21840420240231168,0.2773015032998025,0.2773015032998025,-0.0084025124779423,-0.0084025124779423
364.0,13.5,0.0,0.0,0.0,0.0,0.0,0.0,0.0,0.0,0.0,0.0,0.27832624489576324,0.27832624489576324,0.2770354029784667,0.2770354029784667,-0.008444749850391483,-0.008444749850391483
364.0,14.0,0.0,0.0,0.0,0.0,0.0,0.0,0.0,0.0,0.0,0.0,0.2087664545912441,0.2087664545912441,0.2767644913518412,0.2767644913518412,-0.00848801104093833,-0.00848801104093833
364.0,14.5,0.0,0.0,0.0,0.0,0.0,0.0,0.0,0.0,0.0,0.0,0.0,0.0,0.2765052023779673,0.2765052023779673,-0.008529663762046202,-0.008529663762046202
364.0,15.0,0.0,0.0,0.0,0.0,0.0,0.0,0.0,0.0,0.0,0.0,0.0,0.0,0.27627521179589254,0.27627521179589254,-0.008566813881616404,-0.008566813881616404
364.0,15.5,0.0,0.0,0.0,0.0,0.0,0.0,0.0,0.0,0.0,0.0,0.0,0.0,0.27604785454061964,0.27604785454061964,-0.008603728282726214,-0.008603728282726214
364.0,16.0,0.0,0.0,0.0,0.0,0.0,0.0,0.0,0.0,0.0,0.0,0.0,0.0,0.2758230714890432,0.2758230714890432,-0.008640411191845852,-0.008640411191845852
364.0,16.5,0.0,0.0,0.0,0.0,0.0,0.0,0.0,0.0,0.0,0.0,0.0,0.0,0.2756008056449704,0.2756008056449704,-0.00867686668652182,-0.00867686668652182
364.0,17.0,0.0,0.0,0.0,0.0,0.0,0.0,0.0,0.0,0.0,0.0,0.0,0.0,0.2753810020247213,0.2753810020247213,-0.008713098704248157,-0.008713098704248157
364.0,17.5,0.0,0.0,0.0,0.0,0.0,0.0,0.0,0.0,0.0,0.0,0.0,0.0,0.2751636075512399,0.2751636075512399,-0.008749111050603725,-0.008749111050603725
364.0,18.0,0.0,0.0,0.0,0.0,0.0,0.0,0.0,0.0,0.0,0.0,0.0,0.0,0.27494857095591585,0.27494857095591585,-0.008784907406729043,-0.008784907406729043
364.0,18.5,0.0,0.0,0.0,0.0,0.0,0.0,0.0,0.0,0.0,0.0,0.0,0.0,0.27473584268740886,0.27473584268740886,-0.008820491336207187,-0.008820491336207187
364.0,19.0,0.0,0.0,0.0,0.0,0.0,0.0,0.0,0.0,0.0,0.0,0.0,0.0,0.2745253748268406,0.2745253748268406,-0.008855866291406824,-0.008855866291406824
364.0,19.5,0.0,0.0,0.0,0.0,0.0,0.0,0.0,0.0,0.0,0.0,0.0,0.0,0.2743171210087899,0.2743171210087899,-0.008891035619338303,-0.008891035619338303
364.0,20.0,0.0,0.0,0.0,0.0,0.0,0.0,0.0,0.0,0.0,0.0,0.0,0.0,0.27411103634758355,0.27411103634758355,-0.008926002567069071,-0.008926002567069071
364.0,20.5,0.0,0.0,0.0,0.0,0.0,0.0,0.0,0.0,0.0,0.0,0.0,0.0,0.2739070773684287,0.2739070773684287,-0.008960770286739127,-0.008960770286739127
364.0,21.0,0.0,0.0,0.0,0.0,0.0,0.0,0.0,0.0,0.0,0.0,0.0,0.0,0.2737052019429801,0.2737052019429801,-0.008995341840213018,-0.008995341840213018
364.0,21.5,0.0,0.0,0.0,0.0,0.0,0.0,0.0,0.0,0.0,0.0,0.0,0.0,0.27350536922897395,0.27350536922897395,-0.00902972020340138,-0.00902972020340138
364.0,22.0,0.0,0.0,0.0,0.0,0.0,0.0,0.0,0.0,0.0,0.0,0.0,0.0,0.27330753961359827,0.27330753961359827,-0.009063908270281279,-0.009063908270281279
364.0,22.5,0.0,0.0,0.0,0.0,0.0,0.0,0.0,0.0,0.0,0.0,0.0,0.0,0.2731116746603016,0.2731116746603016,-0.009097908856641747,-0.009097908856641747
364.0,23.0,0.0,0.0,0.0,0.0,0.0,0.0,0.0,0.0,0.0,0.0,0.0,0.0,0.27291773705877,0.27291773705877,-0.009131724703578314,-0.009131724703578314
364.0,23.5,0.0,0.0,0.0,0.0,0.0,0.0,0.0,0.0,0.0,0.0,0.0,0.0,0.2727256905778277,0.2727256905778277,-0.00916535848075784,-0.00916535848075784
364.0,24.0,0.0,0.0,0.0,0.0,0.0,0.0,0.0,0.0,0.0,0.0,0.0,0.0,0.27253550002104093,0.27253550002104093,-0.009198812789473005,-0.009198812789473005
365.0,0.5,0.0,0.0,0.0,0.0,0.0,0.0,0.0,0.0,0.0,0.0,0.0,0.0,0.2723471311848226,0.2723471311848226,-0.009232090165503718,-0.009232090165503718
365.0,1.0,0.0,0.0,0.0,0.0,0.0,0.0,0.0,0.0,0.0,0.0,0.0,0.0,0.27216055081885543,0.27216055081885543,-0.009265193081801256,-0.009265193081801256
365.0,1.5,0.0,0.0,0.0,0.0,0.0,0.0,0.0,0.0,0.0,0.0,0.0,0.0,0.27197572658866653,0.27197572658866653,-0.009298123951009365,-0.009298123951009365
365.0,2.0,0.0,0.0,0.0,0.0,0.0,0.0,0.0,0.0,0.0,0.0,0.0,0.0,0.2717926270402022,0.2717926270402022,-0.00933088512783511,-0.00933088512783511
365.0,2.5,0.0,0.0,0.0,0.0,0.0,0.0,0.0,0.0,0.0,0.0,0.0,0.0,0.2716112215662623,0.2716112215662623,-0.009363478911281248,-0.009363478911281248
365.0,3.0,0.0,0.0,0.0,0.0,0.0,0.0,0.0,0.0,0.0,0.0,0.0,0.0,0.2714314803746691,0.2714314803746691,-0.009395907546750739,-0.009395907546750739
365.0,3.5,0.0,0.0,0.0,0.0,0.0,0.0,0.0,0.0,0.0,0.0,0.0,0.0,0.2712533744580526,0.2712533744580526,-0.009428173228032959,-0.009428173228032959
365.0,4.0,0.0,0.0,0.0,0.0,0.0,0.0,0.0,0.0,0.0,0.0,0.0,0.0,0.2710768755651462,0.2710768755651462,-0.009460278099180526,-0.009460278099180526
365.0,4.5,0.0,0.0,0.0,0.0,0.0,0.0,0.0,0.0,0.0,0.0,0.0,0.0,0.2709019561734947,0.2709019561734947,-0.00949222425628462,-0.00949222425628462
365.0,5.0,0.0,0.0,0.0,0.0,0.0,0.0,0.0,0.0,0.0,0.0,0.0,0.0,0.27072858946348355,0.27072858946348355,-0.009524013749156261,-0.009524013749156261
365.0,5.5,0.0,0.0,0.0,0.0,0.0,0.0,0.0,0.0,0.0,0.0,0.0,0.0,0.27055674929360785,0.27055674929360785,-0.009555648582919905,-0.009555648582919905
365.0,6.0,0.0,0.0,0.0,0.0,0.0,0.0,0.0,0.0,0.0,0.0,0.0,0.0,0.2703864101769018,0.2703864101769018,-0.009587130719526039,-0.009587130719526039
365.0,6.5,0.0,0.0,0.0,0.0,0.0,0.0,0.0,0.0,0.0,0.0,0.0,0.0,0.2702175472584611,0.2702175472584611,-0.009618462079187628,-0.009618462079187628
365.0,7.0,0.0,0.0,0.0,0.0,0.0,0.0,0.0,0.0,0.0,0.0,0.0,0.0,0.27005013629399033,0.27005013629399033,-0.009649644541746081,-0.009649644541746081
365.0,7.5,0.0,0.0,0.0,0.0,0.0,0.0,0.0,0.0,0.0,0.0,0.0,0.0,0.26988415362931517,0.26988415362931517,-0.009680679947971354,-0.009680679947971354
365.0,8.0,0.0,0.0,0.0,0.0,0.0,0.0,0.0,0.0,0.0,0.0,0.0,0.0,0.2697195761808046,0.2697195761808046,-0.009711570100800246,-0.009711570100800246
365.0,8.5,0.0,0.0,0.0,0.0,0.0,0.0,0.0,0.0,0.0,0.0,0.0,0.0,0.2695563814166498,0.2695563814166498,-0.009742316766517128,-0.009742316766517128
365.0,9.0,0.0,0.0,0.0,0.0,0.0,0.0,0.0,0.0,0.0,0.0,0.0,0.0,0.26939454733895146,0.26939454733895146,-0.00977292167588064,-0.00977292167588064
365.0,9.5,0.0,0.0,0.0,0.0,0.0,0.0,0.0,0.0,0.0,0.0,0.0,0.0,0.26923405246657145,0.26923405246657145,-0.009803386525199752,-0.009803386525199752
365.0,10.0,0.0,0.0,0.0,0.0,0.0,0.0,0.0,0.0,0.0,0.0,0.0,0.0,0.26907487581870576,0.26907487581870576,-0.00983371297736234,-0.00983371297736234
365.0,10.5,0.0,0.0,0.0,0.0,0.0,0.0,0.0,0.0,0.0,0.0,0.0,0.0,0.2689169968991408,0.2689169968991408,-0.009863902662818991,-0.009863902662818991
365.0,11.0,0.0,0.0,0.0,0.0,0.0,0.0,0.0,0.0,0.0,0.0,0.0,0.0,0.26876039568115573,0.26876039568115573,-0.009893957180524974,-0.009893957180524974
365.0,11.5,0.0,0.0,0.0,0.0,0.0,0.0,0.0,0.0,0.0,0.0,0.03572707418363312,0.03572707418363312,0.26860505259303824,0.26860505259303824,-0.009923878098842475,-0.009923878098842475
365.0,12.0,0.0,0.0,0.0,0.0,0.0,0.0,0.0,0.0,0.0,0.0,0.025346894373584013,0.025346894373584013,0.2684463957035397,0.2684463957035397,-0.009954548647673154,-0.009954548647673154
365.0,12.5,0.0,0.0,0.0,0.0,0.0,0.0,0.0,0.0,0.0,0.0,0.047079125233004136,0.047079125233004136,0.2682902818856877,0.2682902818856877,-0.009984837887095458,-0.009984837887095458
365.0,13.0,0.0,0.0,0.0,0.0,0.0,0.0,0.0,0.0,0.0,0.0,0.11051402317768354,0.11051402317768354,0.268132600677553,0.268132600677553,-0.010015542766936622,-0.010015542766936622
365.0,13.5,0.0,0.0,0.0,0.0,0.0,0.0,0.0,0.0,0.0,0.0,0.0,0.0,0.2679680199068357,0.2679680199068357,-0.010047711252926807,-0.010047711252926807
365.0,14.0,0.0,0.0,0.0,0.0,0.0,0.0,0.0,0.0,0.0,0.0,0.05156387199178248,0.05156387199178248,0.2678186888751313,0.2678186888751313,-0.0100770056416444,-0.0100770056416444
365.0,14.5,0.0,0.0,0.0,0.0,0.0,0.0,0.0,0.0,0.0,0.0,0.15864820381670283,0.15864820381670283,0.2676639364299684,0.2676639364299684,-0.010107470989225147,-0.010107470989225147
365.0,15.0,0.0,0.0,0.0,0.0,0.0,0.0,0.0,0.0,0.0,0.0,0.050602015263171964,0.050602015263171964,0.26749667069892,0.26749667069892,-0.010140523259749077,-0.010140523259749077
365.0,15.5,0.0,0.0,0.0,0.0,0.0,0.0,0.0,0.0,0.0,0.0,0.0,0.0,0.26734428997671045,0.26734428997671045,-0.010170746356120261,-0.010170746356120261
365.0,16.0,0.0,0.0,0.0,0.0,0.0,0.0,0.0,0.0,0.0,0.0,0.0,0.0,0.26719945795343997,0.26719945795343997,-0.010199571779981305,-0.010199571779981305
365.0,16.5,0.0,0.0,0.0,0.0,0.0,0.0,0.0,0.0,0.0,0.0,0.0,0.0,0.26705571057338817,0.26705571057338817,-0.010228277629518324,-0.010228277629518324
365.0,17.0,0.0,0.0,0.0,0.0,0.0,0.0,0.0,0.0,0.0,0.0,0.0,0.0,0.26691303246612974,0.26691303246612974,-0.01025686518725464,-0.01025686518725464
365.0,17.5,0.0,0.0,0.0,0.0,0.0,0.0,0.0,0.0,0.0,0.0,0.0,0.0,0.2667714085814081,0.2667714085814081,-0.010285335713315602,-0.010285335713315602
365.0,18.0,0.0,0.0,0.0,0.0,0.0,0.0,0.0,0.0,0.0,0.0,0.0,0.0,0.2666308241801885,0.2666308241801885,-0.010313690446002933,-0.010313690446002933
365.0,18.5,0.0,0.0,0.0,0.0,0.0,0.0,0.0,0.0,0.0,0.0,0.0,0.0,0.2664912648260343,0.2664912648260343,-0.010341930602348212,-0.010341930602348212
365.0,19.0,0.0,0.0,0.0,0.0,0.0,0.0,0.0,0.0,0.0,0.0,0.0,0.0,0.26635271637679225,0.26635271637679225,-0.01037005737864598,-0.01037005737864598
365.0,19.5,0.0,0.0,0.0,0.0,0.0,0.0,0.0,0.0,0.0,0.0,0.0,0.0,0.26621516497657255,0.26621516497657255,-0.01039807195096796,-0.01039807195096796
365.0,20.0,0.0,0.0,0.0,0.0,0.0,0.0,0.0,0.0,0.0,0.0,0.0,0.0,0.2660785970480094,0.2660785970480094,-0.01042597547565924,-0.01042597547565924
365.0,20.5,0.0,0.0,0.0,0.0,0.0,0.0,0.0,0.0,0.0,0.0,0.0,0.0,0.265942999284791,0.265942999284791,-0.010453769089817105,-0.010453769089817105
365.0,21.0,0.0,0.0,0.0,0.0,0.0,0.0,0.0,0.0,0.0,0.0,0.0,0.0,0.2658083586444465,0.2658083586444465,-0.010481453911753485,-0.010481453911753485
365.0,21.5,0.0,0.0,0.0,0.0,0.0,0.0,0.0,0.0,0.0,0.0,0.0,0.0,0.2656746623413788,0.2656746623413788,-0.010509031041441864,-0.010509031041441864
365.0,22.0,0.0,0.0,0.0,0.0,0.0,0.0,0.0,0.0,0.0,0.0,0.0,0.0,0.26554189784013266,0.26554189784013266,-0.010536501560949142,-0.010536501560949142
365.0,22.5,0.0,0.0,0.0,0.0,0.0,0.0,0.0,0.0,0.0,0.0,0.0,0.0,0.2654100528488879,0.2654100528488879,-0.010563866534853398,-0.010563866534853398
365.0,23.0,0.0,0.0,0.0,0.0,0.0,0.0,0.0,0.0,0.0,0.0,0.0,0.0,0.26527911531316967,0.26527911531316967,-0.010591127010647891,-0.010591127010647891
365.0,23.5,0.0,0.0,0.0,0.0,0.0,0.0,0.0,0.0,0.0,0.0,0.0,0.0,0.2651490734097637,0.2651490734097637,-0.010618284019132333,-0.010618284019132333
